# 0.3669921166466698, 0, 13.65549478331334
(0.607388, -0.170987, 13.432331), (0.611264, -0.033352, 13.586284), (0.763862, -0.145698, 13.431945)
(0.607388, -0.170987, 13.432331), (0.763862, -0.145698, 13.431945), (0.760929, -0.283943, 13.278111)
(0.450831, -0.195789, 13.432651), (0.455213, -0.061539, 13.586704), (0.607388, -0.170987, 13.432331)
(0.450831, -0.195789, 13.432651), (0.607388, -0.170987, 13.432331), (0.604014, -0.301753, 13.278248)
(0.294242, -0.218214, 13.43284), (0.299049, -0.089189, 13.587037), (0.450831, -0.195789, 13.432651)
(0.294242, -0.218214, 13.43284), (0.450831, -0.195789, 13.432651), (0.447118, -0.316829, 13.278266)
(0.137665, -0.23737, 13.432859), (0.142814, -0.114941, 13.587221), (0.294242, -0.218214, 13.43284)
(0.137665, -0.23737, 13.432859), (0.294242, -0.218214, 13.43284), (0.290283, -0.329038, 13.278154)
(0.611264, -0.033352, 13.586284), (0.767191, -0.00577, 13.585814), (0.763862, -0.145698, 13.431945)
(0.611264, -0.033352, 13.586284), (0.615268, 0.094392, 13.740506), (0.767191, -0.00577, 13.585814)
(0.455213, -0.061539, 13.586704), (0.611264, -0.033352, 13.586284), (0.607388, -0.170987, 13.432331)
(0.455213, -0.061539, 13.586704), (0.45977, 0.066448, 13.74091), (0.611264, -0.033352, 13.586284)
(0.299049, -0.089189, 13.587037), (0.455213, -0.061539, 13.586704), (0.450831, -0.195789, 13.432651)
(0.299049, -0.089189, 13.587037), (0.304126, 0.037526, 13.741246), (0.455213, -0.061539, 13.586704)
(0.142814, -0.114941, 13.587221), (0.299049, -0.089189, 13.587037), (0.294242, -0.218214, 13.43284)
(0.142814, -0.114941, 13.587221), (0.148362, 0.009547, 13.741459), (0.299049, -0.089189, 13.587037)
(0.615268, 0.094392, 13.740506), (0.619141, 0.206267, 13.895122), (0.770636, 0.121075, 13.740065)
(0.615268, 0.094392, 13.740506), (0.770636, 0.121075, 13.740065), (0.767191, -0.00577, 13.585814)
(0.45977, 0.066448, 13.74091), (0.46417, 0.179948, 13.895452), (0.615268, 0.094392, 13.740506)
(0.45977, 0.066448, 13.74091), (0.615268, 0.094392, 13.740506), (0.611264, -0.033352, 13.586284)
(0.304126, 0.037526, 13.741246), (0.45977, 0.066448, 13.74091), (0.455213, -0.061539, 13.586704)
(0.304126, 0.037526, 13.741246), (0.309056, 0.152339, 13.895723), (0.45977, 0.066448, 13.74091)
(0.148362, 0.009547, 13.741459), (0.153797, 0.124694, 13.895888), (0.304126, 0.037526, 13.741246)
(0.148362, 0.009547, 13.741459), (0.304126, 0.037526, 13.741246), (0.299049, -0.089189, 13.587037)
(0.619141, 0.206267, 13.895122), (0.773967, 0.229518, 13.894781), (0.770636, 0.121075, 13.740065)
(0.619141, 0.206267, 13.895122), (0.622693, 0.2999, 14.050184), (0.773967, 0.229518, 13.894781)
(0.46417, 0.179948, 13.895452), (0.619141, 0.206267, 13.895122), (0.615268, 0.094392, 13.740506)
(0.46417, 0.179948, 13.895452), (0.46822, 0.276982, 14.050409), (0.619141, 0.206267, 13.895122)
(0.309056, 0.152339, 13.895723), (0.46417, 0.179948, 13.895452), (0.45977, 0.066448, 13.74091)
(0.309056, 0.152339, 13.895723), (0.313603, 0.251981, 14.050588), (0.46417, 0.179948, 13.895452)
(0.153797, 0.124694, 13.895888), (0.309056, 0.152339, 13.895723), (0.304126, 0.037526, 13.741246)
(0.153797, 0.124694, 13.895888), (0.158833, 0.226309, 14.05068), (0.309056, 0.152339, 13.895723)
# 1.0347623499800032, 0, 13.65549478331334
(1.232667, -0.076424, 13.430683), (1.234313, 0.063777, 13.584455), (1.388777, -0.058224, 13.430305)
(1.232667, -0.076424, 13.430683), (1.388777, -0.058224, 13.430305), (1.388013, -0.211414, 13.277059)
(1.07649, -0.097662, 13.431096), (1.078693, 0.043282, 13.584883), (1.232667, -0.076424, 13.430683)
(1.07649, -0.097662, 13.431096), (1.232667, -0.076424, 13.430683), (1.231341, -0.228274, 13.27736)
(0.920227, -0.121008, 13.431524), (0.922993, 0.020148, 13.585337), (1.07649, -0.097662, 13.431096)
(0.920227, -0.121008, 13.431524), (1.07649, -0.097662, 13.431096), (1.074602, -0.246679, 13.277651)
(0.763862, -0.145698, 13.431945), (0.767191, -0.00577, 13.585814), (0.920227, -0.121008, 13.431524)
(0.763862, -0.145698, 13.431945), (0.920227, -0.121008, 13.431524), (0.917796, -0.265533, 13.27791)
(1.234313, 0.063777, 13.584455), (1.389885, 0.081085, 13.58406), (1.388777, -0.058224, 13.430305)
(1.234313, 0.063777, 13.584455), (1.236163, 0.185375, 13.738802), (1.389885, 0.081085, 13.58406)
(1.078693, 0.043282, 13.584883), (1.234313, 0.063777, 13.584455), (1.232667, -0.076424, 13.430683)
(1.078693, 0.043282, 13.584883), (1.081052, 0.167225, 13.739191), (1.234313, 0.063777, 13.584455)
(0.922993, 0.020148, 13.585337), (1.078693, 0.043282, 13.584883), (1.07649, -0.097662, 13.431096)
(0.922993, 0.020148, 13.585337), (0.925887, 0.145415, 13.739623), (1.078693, 0.043282, 13.584883)
(0.767191, -0.00577, 13.585814), (0.922993, 0.020148, 13.585337), (0.920227, -0.121008, 13.431524)
(0.767191, -0.00577, 13.585814), (0.770636, 0.121075, 13.740065), (0.922993, 0.020148, 13.585337)
(1.236163, 0.185375, 13.738802), (1.238088, 0.287537, 13.893688), (1.39125, 0.200654, 13.738436)
(1.236163, 0.185375, 13.738802), (1.39125, 0.200654, 13.738436), (1.389885, 0.081085, 13.58406)
(1.081052, 0.167225, 13.739191), (1.083424, 0.271334, 13.894033), (1.236163, 0.185375, 13.738802)
(1.081052, 0.167225, 13.739191), (1.236163, 0.185375, 13.738802), (1.234313, 0.063777, 13.584455)
(0.925887, 0.145415, 13.739623), (1.081052, 0.167225, 13.739191), (1.078693, 0.043282, 13.584883)
(0.925887, 0.145415, 13.739623), (0.928727, 0.251811, 13.894404), (1.081052, 0.167225, 13.739191)
(0.770636, 0.121075, 13.740065), (0.773967, 0.229518, 13.894781), (0.925887, 0.145415, 13.739623)
(0.770636, 0.121075, 13.740065), (0.925887, 0.145415, 13.739623), (0.922993, 0.020148, 13.585337)
(1.238088, 0.287537, 13.893688), (1.392754, 0.299458, 13.893385), (1.39125, 0.200654, 13.738436)
(1.238088, 0.287537, 13.893688), (1.239981, 0.370485, 14.049064), (1.392754, 0.299458, 13.893385)
(1.083424, 0.271334, 13.894033), (1.238088, 0.287537, 13.893688), (1.236163, 0.185375, 13.738802)
(1.083424, 0.271334, 13.894033), (1.085698, 0.357266, 14.049337), (1.238088, 0.287537, 13.893688)
(0.928727, 0.251811, 13.894404), (1.083424, 0.271334, 13.894033), (1.081052, 0.167225, 13.739191)
(0.928727, 0.251811, 13.894404), (0.931405, 0.34041, 14.049633), (1.083424, 0.271334, 13.894033)
(0.773967, 0.229518, 13.894781), (0.928727, 0.251811, 13.894404), (0.925887, 0.145415, 13.739623)
(0.773967, 0.229518, 13.894781), (0.77707, 0.320716, 14.049931), (0.928727, 0.251811, 13.894404)
# 1.7025325833133367, 0, 13.65549478331334
(2.013194, -0.01776, 13.428978), (2.01238, 0.114917, 13.582765), (2.169457, -0.014839, 13.42861)
(2.013194, -0.01776, 13.428978), (2.169457, -0.014839, 13.42861), (2.171222, -0.160212, 13.275297)
(1.857023, -0.02303, 13.429304), (1.856663, 0.111302, 13.583084), (2.013194, -0.01776, 13.428978)
(1.857023, -0.02303, 13.429304), (2.013194, -0.01776, 13.428978), (2.014506, -0.166235, 13.275721)
(1.700917, -0.03136, 13.429621), (1.701028, 0.104664, 13.583391), (1.857023, -0.02303, 13.429304)
(1.700917, -0.03136, 13.429621), (1.857023, -0.02303, 13.429304), (1.857855, -0.174165, 13.276091)
(1.544847, -0.043046, 13.429949), (1.545442, 0.094932, 13.583704), (1.700917, -0.03136, 13.429621)
(1.544847, -0.043046, 13.429949), (1.700917, -0.03136, 13.429621), (1.701245, -0.184453, 13.276436)
(1.388777, -0.058224, 13.430305), (1.389885, 0.081085, 13.58406), (1.544847, -0.043046, 13.429949)
(1.388777, -0.058224, 13.430305), (1.544847, -0.043046, 13.429949), (1.544638, -0.196815, 13.276754)
(2.01238, 0.114917, 13.582765), (2.168214, 0.115817, 13.582419), (2.169457, -0.014839, 13.42861)
(2.01238, 0.114917, 13.582765), (2.012024, 0.227613, 13.737172), (2.168214, 0.115817, 13.582419)
(1.856663, 0.111302, 13.583084), (2.01238, 0.114917, 13.582765), (2.013194, -0.01776, 13.428978)
(1.856663, 0.111302, 13.583084), (1.856707, 0.225506, 13.737489), (2.01238, 0.114917, 13.582765)
(1.701028, 0.104664, 13.583391), (1.856663, 0.111302, 13.583084), (1.857023, -0.02303, 13.429304)
(1.701028, 0.104664, 13.583391), (1.701486, 0.220842, 13.737782), (1.856663, 0.111302, 13.583084)
(1.545442, 0.094932, 13.583704), (1.701028, 0.104664, 13.583391), (1.700917, -0.03136, 13.429621)
(1.545442, 0.094932, 13.583704), (1.546347, 0.212387, 13.738098), (1.701028, 0.104664, 13.583391)
(1.389885, 0.081085, 13.58406), (1.545442, 0.094932, 13.583704), (1.544847, -0.043046, 13.429949)
(1.389885, 0.081085, 13.58406), (1.39125, 0.200654, 13.738436), (1.545442, 0.094932, 13.583704)
(2.012024, 0.227613, 13.737172), (2.012048, 0.320121, 13.892168), (2.167478, 0.226933, 13.736834)
(2.012024, 0.227613, 13.737172), (2.167478, 0.226933, 13.736834), (2.168214, 0.115817, 13.582419)
(1.856707, 0.225506, 13.737489), (1.857059, 0.320305, 13.892459), (2.012024, 0.227613, 13.737172)
(1.856707, 0.225506, 13.737489), (2.012024, 0.227613, 13.737172), (2.01238, 0.114917, 13.582765)
(1.701486, 0.220842, 13.737782), (1.702208, 0.316647, 13.892759), (1.856707, 0.225506, 13.737489)
(1.701486, 0.220842, 13.737782), (1.856707, 0.225506, 13.737489), (1.856663, 0.111302, 13.583084)
(1.546347, 0.212387, 13.738098), (1.701486, 0.220842, 13.737782), (1.701028, 0.104664, 13.583391)
(1.546347, 0.212387, 13.738098), (1.54745, 0.309657, 13.893065), (1.701486, 0.220842, 13.737782)
(1.39125, 0.200654, 13.738436), (1.392754, 0.299458, 13.893385), (1.546347, 0.212387, 13.738098)
(1.39125, 0.200654, 13.738436), (1.546347, 0.212387, 13.738098), (1.545442, 0.094932, 13.583704)
(2.012048, 0.320121, 13.892168), (2.167158, 0.318836, 13.891817), (2.167478, 0.226933, 13.736834)
(2.012048, 0.320121, 13.892168), (2.012321, 0.396033, 14.04763), (2.167158, 0.318836, 13.891817)
(1.857059, 0.320305, 13.892459), (2.012048, 0.320121, 13.892168), (2.012024, 0.227613, 13.737172)
(1.857059, 0.320305, 13.892459), (1.857637, 0.396743, 14.04793), (2.012048, 0.320121, 13.892168)
(1.702208, 0.316647, 13.892759), (1.857059, 0.320305, 13.892459), (1.856707, 0.225506, 13.737489)
(1.702208, 0.316647, 13.892759), (1.703087, 0.394853, 14.048212), (1.857059, 0.320305, 13.892459)
(1.54745, 0.309657, 13.893065), (1.702208, 0.316647, 13.892759), (1.701486, 0.220842, 13.737782)
(1.54745, 0.309657, 13.893065), (1.548651, 0.389445, 14.048498), (1.702208, 0.316647, 13.892759)
(1.392754, 0.299458, 13.893385), (1.54745, 0.309657, 13.893065), (1.546347, 0.212387, 13.738098)
(1.392754, 0.299458, 13.893385), (1.394291, 0.380923, 14.04879), (1.54745, 0.309657, 13.893065)
# 2.37030281664667, 0, 13.65549478331334
(2.639204, -0.015323, 13.427153), (2.636847, 0.106255, 13.581102), (2.796166, -0.015423, 13.426502)
(2.639204, -0.015323, 13.427153), (2.796166, -0.015423, 13.426502), (2.799141, -0.137318, 13.272783)
(2.48243, -0.014387, 13.427708), (2.480402, 0.111047, 13.581593), (2.639204, -0.015323, 13.427153)
(2.48243, -0.014387, 13.427708), (2.639204, -0.015323, 13.427153), (2.641982, -0.144533, 13.273556)
(2.325858, -0.014022, 13.428191), (2.324219, 0.11404, 13.582039), (2.48243, -0.014387, 13.427708)
(2.325858, -0.014022, 13.428191), (2.48243, -0.014387, 13.427708), (2.484942, -0.150276, 13.274225)
(2.169457, -0.014839, 13.42861), (2.168214, 0.115817, 13.582419), (2.325858, -0.014022, 13.428191)
(2.169457, -0.014839, 13.42861), (2.325858, -0.014022, 13.428191), (2.328029, -0.155243, 13.274807)
(2.636847, 0.106255, 13.581102), (2.793509, 0.101991, 13.580518), (2.796166, -0.015423, 13.426502)
(2.636847, 0.106255, 13.581102), (2.635037, 0.212573, 13.735559), (2.793509, 0.101991, 13.580518)
(2.480402, 0.111047, 13.581593), (2.636847, 0.106255, 13.581102), (2.639204, -0.015323, 13.427153)
(2.480402, 0.111047, 13.581593), (2.478944, 0.218985, 13.736034), (2.636847, 0.106255, 13.581102)
(2.324219, 0.11404, 13.582039), (2.480402, 0.111047, 13.581593), (2.48243, -0.014387, 13.427708)
(2.324219, 0.11404, 13.582039), (2.3231, 0.22408, 13.736454), (2.480402, 0.111047, 13.581593)
(2.168214, 0.115817, 13.582419), (2.324219, 0.11404, 13.582039), (2.325858, -0.014022, 13.428191)
(2.168214, 0.115817, 13.582419), (2.167478, 0.226933, 13.736834), (2.324219, 0.11404, 13.582039)
(2.635037, 0.212573, 13.735559), (2.633757, 0.301896, 13.890556), (2.791381, 0.206046, 13.73501)
(2.635037, 0.212573, 13.735559), (2.791381, 0.206046, 13.73501), (2.793509, 0.101991, 13.580518)
(2.478944, 0.218985, 13.736034), (2.477959, 0.309734, 13.891009), (2.635037, 0.212573, 13.735559)
(2.478944, 0.218985, 13.736034), (2.635037, 0.212573, 13.735559), (2.636847, 0.106255, 13.581102)
(2.3231, 0.22408, 13.736454), (2.322448, 0.315321, 13.891431), (2.478944, 0.218985, 13.736034)
(2.3231, 0.22408, 13.736454), (2.478944, 0.218985, 13.736034), (2.480402, 0.111047, 13.581593)
(2.167478, 0.226933, 13.736834), (2.3231, 0.22408, 13.736454), (2.324219, 0.11404, 13.582039)
(2.167478, 0.226933, 13.736834), (2.167158, 0.318836, 13.891817), (2.3231, 0.22408, 13.736454)
(2.633757, 0.301896, 13.890556), (2.789781, 0.29457, 13.890018), (2.791381, 0.206046, 13.73501)
(2.633757, 0.301896, 13.890556), (2.632892, 0.376004, 14.046021), (2.789781, 0.29457, 13.890018)
(2.477959, 0.309734, 13.891009), (2.633757, 0.301896, 13.890556), (2.635037, 0.212573, 13.735559)
(2.477959, 0.309734, 13.891009), (2.477397, 0.383597, 14.046477), (2.633757, 0.301896, 13.890556)
(2.322448, 0.315321, 13.891431), (2.477959, 0.309734, 13.891009), (2.478944, 0.218985, 13.736034)
(2.322448, 0.315321, 13.891431), (2.32215, 0.390046, 14.046889), (2.477959, 0.309734, 13.891009)
(2.167158, 0.318836, 13.891817), (2.322448, 0.315321, 13.891431), (2.3231, 0.22408, 13.736454)
(2.167158, 0.318836, 13.891817), (2.167142, 0.394144, 14.047276), (2.322448, 0.315321, 13.891431)
# 3.038073049980004, 0, 13.65549478331334
(3.268194, -0.002383, 13.423963), (3.265032, 0.097032, 13.578263), (3.425796, 0.008434, 13.422879)
(3.268194, -0.002383, 13.423963), (3.425796, 0.008434, 13.422879), (3.42871, -0.078253, 13.268595)
(3.110691, -0.00978, 13.424921), (3.107628, 0.096444, 13.579113), (3.268194, -0.002383, 13.423963)
(3.110691, -0.00978, 13.424921), (3.268194, -0.002383, 13.423963), (3.271221, -0.097806, 13.269816)
(2.953336, -0.01396, 13.425761), (2.950447, 0.098306, 13.579864), (3.110691, -0.00978, 13.424921)
(2.953336, -0.01396, 13.425761), (3.110691, -0.00978, 13.424921), (3.113786, -0.114549, 13.270926)
(2.796166, -0.015423, 13.426502), (2.793509, 0.101991, 13.580518), (2.953336, -0.01396, 13.425761)
(2.796166, -0.015423, 13.426502), (2.953336, -0.01396, 13.425761), (2.956415, -0.12756, 13.271909)
(3.265032, 0.097032, 13.578263), (3.422602, 0.100686, 13.577297), (3.425796, 0.008434, 13.422879)
(3.265032, 0.097032, 13.578263), (3.262143, 0.190565, 13.732931), (3.422602, 0.100686, 13.577297)
(3.107628, 0.096444, 13.579113), (3.265032, 0.097032, 13.578263), (3.268194, -0.002383, 13.423963)
(3.107628, 0.096444, 13.579113), (3.104949, 0.194204, 13.73371), (3.265032, 0.097032, 13.578263)
(2.950447, 0.098306, 13.579864), (3.107628, 0.096444, 13.579113), (3.110691, -0.00978, 13.424921)
(2.950447, 0.098306, 13.579864), (2.948009, 0.199787, 13.734394), (3.107628, 0.096444, 13.579113)
(2.793509, 0.101991, 13.580518), (2.950447, 0.098306, 13.579864), (2.953336, -0.01396, 13.425761)
(2.793509, 0.101991, 13.580518), (2.791381, 0.206046, 13.73501), (2.950447, 0.098306, 13.579864)
(3.262143, 0.190565, 13.732931), (3.259715, 0.273348, 13.888064), (3.419559, 0.189382, 13.732047)
(3.262143, 0.190565, 13.732931), (3.419559, 0.189382, 13.732047), (3.422602, 0.100686, 13.577297)
(3.104949, 0.194204, 13.73371), (3.102743, 0.279882, 13.888771), (3.262143, 0.190565, 13.732931)
(3.104949, 0.194204, 13.73371), (3.262143, 0.190565, 13.732931), (3.265032, 0.097032, 13.578263)
(2.948009, 0.199787, 13.734394), (2.946104, 0.287058, 13.889425), (3.104949, 0.194204, 13.73371)
(2.948009, 0.199787, 13.734394), (3.104949, 0.194204, 13.73371), (3.107628, 0.096444, 13.579113)
(2.791381, 0.206046, 13.73501), (2.948009, 0.199787, 13.734394), (2.950447, 0.098306, 13.579864)
(2.791381, 0.206046, 13.73501), (2.789781, 0.29457, 13.890018), (2.948009, 0.199787, 13.734394)
(3.259715, 0.273348, 13.888064), (3.416882, 0.269561, 13.887239), (3.419559, 0.189382, 13.732047)
(3.259715, 0.273348, 13.888064), (3.257736, 0.344551, 14.04364), (3.416882, 0.269561, 13.887239)
(3.102743, 0.279882, 13.888771), (3.259715, 0.273348, 13.888064), (3.262143, 0.190565, 13.732931)
(3.102743, 0.279882, 13.888771), (3.101054, 0.351948, 14.044315), (3.259715, 0.273348, 13.888064)
(2.946104, 0.287058, 13.889425), (3.102743, 0.279882, 13.888771), (3.104949, 0.194204, 13.73371)
(2.946104, 0.287058, 13.889425), (2.944673, 0.360283, 14.044922), (3.102743, 0.279882, 13.888771)
(2.789781, 0.29457, 13.890018), (2.946104, 0.287058, 13.889425), (2.948009, 0.199787, 13.734394)
(2.789781, 0.29457, 13.890018), (2.78863, 0.368382, 14.045495), (2.946104, 0.287058, 13.889425)
# 3.705843283313337, 0, 13.65549478331334
(3.898285, 0.064149, 13.41857), (3.895303, 0.135873, 13.573343), (4.055418, 0.08911, 13.416714)
(3.898285, 0.064149, 13.41857), (4.055418, 0.08911, 13.416714), (4.05781, 0.026571, 13.262034)
(3.740929, 0.041977, 13.420208), (3.737841, 0.120007, 13.574867), (3.898285, 0.064149, 13.41857)
(3.740929, 0.041977, 13.420208), (3.898285, 0.064149, 13.41857), (3.90079, -0.002758, 13.263964)
(3.583409, 0.023197, 13.421637), (3.580242, 0.108257, 13.576179), (3.740929, 0.041977, 13.420208)
(3.583409, 0.023197, 13.421637), (3.740929, 0.041977, 13.420208), (3.743571, -0.030433, 13.265692)
(3.425796, 0.008434, 13.422879), (3.422602, 0.100686, 13.577297), (3.583409, 0.023197, 13.421637)
(3.425796, 0.008434, 13.422879), (3.583409, 0.023197, 13.421637), (3.586184, -0.055693, 13.267229)
(3.895303, 0.135873, 13.573343), (4.052543, 0.155544, 13.57159), (4.055418, 0.08911, 13.416714)
(3.895303, 0.135873, 13.573343), (3.892133, 0.208302, 13.728426), (4.052543, 0.155544, 13.57159)
(3.737841, 0.120007, 13.574867), (3.895303, 0.135873, 13.573343), (3.898285, 0.064149, 13.41857)
(3.737841, 0.120007, 13.574867), (3.73466, 0.197866, 13.729826), (3.895303, 0.135873, 13.573343)
(3.580242, 0.108257, 13.576179), (3.737841, 0.120007, 13.574867), (3.740929, 0.041977, 13.420208)
(3.580242, 0.108257, 13.576179), (3.577098, 0.191655, 13.731024), (3.737841, 0.120007, 13.574867)
(3.422602, 0.100686, 13.577297), (3.580242, 0.108257, 13.576179), (3.583409, 0.023197, 13.421637)
(3.422602, 0.100686, 13.577297), (3.419559, 0.189382, 13.732047), (3.580242, 0.108257, 13.576179)
(3.892133, 0.208302, 13.728426), (3.889042, 0.277327, 13.88391), (4.04942, 0.222942, 13.726798)
(3.892133, 0.208302, 13.728426), (4.04942, 0.222942, 13.726798), (4.052543, 0.155544, 13.57159)
(3.73466, 0.197866, 13.729826), (3.731641, 0.271062, 13.885184), (3.892133, 0.208302, 13.728426)
(3.73466, 0.197866, 13.729826), (3.892133, 0.208302, 13.728426), (3.895303, 0.135873, 13.573343)
(3.577098, 0.191655, 13.731024), (3.574223, 0.268583, 13.886286), (3.73466, 0.197866, 13.729826)
(3.577098, 0.191655, 13.731024), (3.73466, 0.197866, 13.729826), (3.737841, 0.120007, 13.574867)
(3.419559, 0.189382, 13.732047), (3.577098, 0.191655, 13.731024), (3.580242, 0.108257, 13.576179)
(3.419559, 0.189382, 13.732047), (3.416882, 0.269561, 13.887239), (3.577098, 0.191655, 13.731024)
(3.889042, 0.277327, 13.88391), (4.046298, 0.287907, 13.882419), (4.04942, 0.222942, 13.726798)
(3.889042, 0.277327, 13.88391), (3.886222, 0.340063, 14.039818), (4.046298, 0.287907, 13.882419)
(3.731641, 0.271062, 13.885184), (3.889042, 0.277327, 13.88391), (3.892133, 0.208302, 13.728426)
(3.731641, 0.271062, 13.885184), (3.728974, 0.336474, 14.040981), (3.889042, 0.277327, 13.88391)
(3.574223, 0.268583, 13.886286), (3.731641, 0.271062, 13.885184), (3.73466, 0.197866, 13.729826)
(3.574223, 0.268583, 13.886286), (3.571739, 0.336527, 14.041985), (3.731641, 0.271062, 13.885184)
(3.416882, 0.269561, 13.887239), (3.574223, 0.268583, 13.886286), (3.577098, 0.191655, 13.731024)
(3.416882, 0.269561, 13.887239), (3.414635, 0.339412, 14.042865), (3.574223, 0.268583, 13.886286)
# 4.373613516646671, 0, 13.65549478331334
(4.680904, 0.208376, 13.407522), (4.678432, 0.261382, 13.562747), (4.83664, 0.239951, 13.405146)
(4.680904, 0.208376, 13.407522), (4.83664, 0.239951, 13.405146), (4.838663, 0.190319, 13.25034)
(4.524959, 0.176879, 13.409964), (4.522394, 0.232388, 13.565116), (4.680904, 0.208376, 13.407522)
(4.524959, 0.176879, 13.409964), (4.680904, 0.208376, 13.407522), (4.682988, 0.156736, 13.252727)
(4.368761, 0.146065, 13.412362), (4.366089, 0.204559, 13.567432), (4.524959, 0.176879, 13.409964)
(4.368761, 0.146065, 13.412362), (4.524959, 0.176879, 13.409964), (4.527109, 0.12307, 13.255177)
(4.212255, 0.116591, 13.414632), (4.209475, 0.178707, 13.569613), (4.368761, 0.146065, 13.412362)
(4.212255, 0.116591, 13.414632), (4.368761, 0.146065, 13.412362), (4.370993, 0.089771, 13.257593)
(4.055418, 0.08911, 13.416714), (4.052543, 0.155544, 13.57159), (4.212255, 0.116591, 13.414632)
(4.055418, 0.08911, 13.416714), (4.212255, 0.116591, 13.414632), (4.214556, 0.057502, 13.259902)
(4.678432, 0.261382, 13.562747), (4.83426, 0.290684, 13.560452), (4.83664, 0.239951, 13.405146)
(4.678432, 0.261382, 13.562747), (4.675719, 0.314139, 13.718508), (4.83426, 0.290684, 13.560452)
(4.522394, 0.232388, 13.565116), (4.678432, 0.261382, 13.562747), (4.680904, 0.208376, 13.407522)
(4.522394, 0.232388, 13.565116), (4.519563, 0.288037, 13.720734), (4.678432, 0.261382, 13.562747)
(4.366089, 0.204559, 13.567432), (4.522394, 0.232388, 13.565116), (4.524959, 0.176879, 13.409964)
(4.366089, 0.204559, 13.567432), (4.363146, 0.263552, 13.722908), (4.522394, 0.232388, 13.565116)
(4.209475, 0.178707, 13.569613), (4.366089, 0.204559, 13.567432), (4.368761, 0.146065, 13.412362)
(4.209475, 0.178707, 13.569613), (4.206439, 0.241559, 13.724947), (4.366089, 0.204559, 13.567432)
(4.052543, 0.155544, 13.57159), (4.209475, 0.178707, 13.569613), (4.212255, 0.116591, 13.414632)
(4.052543, 0.155544, 13.57159), (4.04942, 0.222942, 13.726798), (4.209475, 0.178707, 13.569613)
(4.675719, 0.314139, 13.718508), (4.83168, 0.340885, 13.716335), (4.83426, 0.290684, 13.560452)
(4.675719, 0.314139, 13.718508), (4.672923, 0.364804, 13.874845), (4.83168, 0.340885, 13.716335)
(4.519563, 0.288037, 13.720734), (4.516634, 0.341785, 13.876884), (4.675719, 0.314139, 13.718508)
(4.519563, 0.288037, 13.720734), (4.675719, 0.314139, 13.718508), (4.678432, 0.261382, 13.562747)
(4.363146, 0.263552, 13.722908), (4.36012, 0.320793, 13.878857), (4.519563, 0.288037, 13.720734)
(4.363146, 0.263552, 13.722908), (4.519563, 0.288037, 13.720734), (4.522394, 0.232388, 13.565116)
(4.206439, 0.241559, 13.724947), (4.20334, 0.302544, 13.880725), (4.363146, 0.263552, 13.722908)
(4.206439, 0.241559, 13.724947), (4.363146, 0.263552, 13.722908), (4.366089, 0.204559, 13.567432)
(4.04942, 0.222942, 13.726798), (4.206439, 0.241559, 13.724947), (4.209475, 0.178707, 13.569613)
(4.04942, 0.222942, 13.726798), (4.046298, 0.287907, 13.882419), (4.206439, 0.241559, 13.724947)
(4.672923, 0.364804, 13.874845), (4.829036, 0.388728, 13.872852), (4.83168, 0.340885, 13.716335)
(4.672923, 0.364804, 13.874845), (4.67022, 0.411665, 14.031697), (4.829036, 0.388728, 13.872852)
(4.516634, 0.341785, 13.876884), (4.672923, 0.364804, 13.874845), (4.675719, 0.314139, 13.718508)
(4.516634, 0.341785, 13.876884), (4.513813, 0.391688, 14.033519), (4.672923, 0.364804, 13.874845)
(4.36012, 0.320793, 13.878857), (4.516634, 0.341785, 13.876884), (4.519563, 0.288037, 13.720734)
(4.36012, 0.320793, 13.878857), (4.35721, 0.373945, 14.035283), (4.516634, 0.341785, 13.876884)
(4.20334, 0.302544, 13.880725), (4.36012, 0.320793, 13.878857), (4.363146, 0.263552, 13.722908)
(4.20334, 0.302544, 13.880725), (4.200397, 0.359063, 14.036945), (4.36012, 0.320793, 13.878857)
(4.046298, 0.287907, 13.882419), (4.20334, 0.302544, 13.880725), (4.206439, 0.241559, 13.724947)
(4.046298, 0.287907, 13.882419), (4.043383, 0.347664, 14.038466), (4.20334, 0.302544, 13.880725)
# 5.041383749980003, 0, 13.65549478331334
(5.303488, 0.327007, 13.399545), (5.301487, 0.370806, 13.555075), (5.459272, 0.350933, 13.398418)
(5.303488, 0.327007, 13.399545), (5.459272, 0.350933, 13.398418), (5.460889, 0.310129, 13.243397)
(5.147832, 0.300065, 13.401087), (5.145692, 0.346257, 13.556536), (5.303488, 0.327007, 13.399545)
(5.147832, 0.300065, 13.401087), (5.303488, 0.327007, 13.399545), (5.305242, 0.283759, 13.244618)
(4.992248, 0.270815, 13.402964), (4.989983, 0.31934, 13.558331), (5.147832, 0.300065, 13.401087)
(4.992248, 0.270815, 13.402964), (5.147832, 0.300065, 13.401087), (5.149696, 0.254561, 13.24622)
(4.83664, 0.239951, 13.405146), (4.83426, 0.290684, 13.560452), (4.992248, 0.270815, 13.402964)
(4.83664, 0.239951, 13.405146), (4.992248, 0.270815, 13.402964), (4.994205, 0.223178, 13.248134)
(5.301487, 0.370806, 13.555075), (5.45743, 0.39215, 13.554052), (5.459272, 0.350933, 13.398418)
(5.301487, 0.370806, 13.555075), (5.299356, 0.413836, 13.711295), (5.45743, 0.39215, 13.554052)
(5.145692, 0.346257, 13.556536), (5.301487, 0.370806, 13.555075), (5.303488, 0.327007, 13.399545)
(5.145692, 0.346257, 13.556536), (5.1434, 0.391667, 13.712655), (5.301487, 0.370806, 13.555075)
(4.989983, 0.31934, 13.558331), (5.145692, 0.346257, 13.556536), (5.147832, 0.300065, 13.401087)
(4.989983, 0.31934, 13.558331), (4.987537, 0.367088, 13.714353), (5.145692, 0.346257, 13.556536)
(4.83426, 0.290684, 13.560452), (4.989983, 0.31934, 13.558331), (4.992248, 0.270815, 13.402964)
(4.83426, 0.290684, 13.560452), (4.83168, 0.340885, 13.716335), (4.989983, 0.31934, 13.558331)
(5.299356, 0.413836, 13.711295), (5.455468, 0.432843, 13.710342), (5.45743, 0.39215, 13.554052)
(5.299356, 0.413836, 13.711295), (5.297218, 0.454329, 13.868237), (5.455468, 0.432843, 13.710342)
(5.1434, 0.391667, 13.712655), (5.141096, 0.434349, 13.869495), (5.299356, 0.413836, 13.711295)
(5.1434, 0.391667, 13.712655), (5.299356, 0.413836, 13.711295), (5.301487, 0.370806, 13.555075)
(4.987537, 0.367088, 13.714353), (4.985057, 0.412396, 13.871023), (5.1434, 0.391667, 13.712655)
(4.987537, 0.367088, 13.714353), (5.1434, 0.391667, 13.712655), (5.145692, 0.346257, 13.556536)
(4.83168, 0.340885, 13.716335), (4.829036, 0.388728, 13.872852), (4.987537, 0.367088, 13.714353)
(4.83168, 0.340885, 13.716335), (4.987537, 0.367088, 13.714353), (4.989983, 0.31934, 13.558331)
(5.297218, 0.454329, 13.868237), (5.453505, 0.471169, 13.867368), (5.455468, 0.432843, 13.710342)
(5.297218, 0.454329, 13.868237), (5.295191, 0.490994, 14.025785), (5.453505, 0.471169, 13.867368)
(5.141096, 0.434349, 13.869495), (5.297218, 0.454329, 13.868237), (5.299356, 0.413836, 13.711295)
(5.141096, 0.434349, 13.869495), (5.138897, 0.473143, 14.026918), (5.297218, 0.454329, 13.868237)
(4.985057, 0.412396, 13.871023), (5.141096, 0.434349, 13.869495), (5.1434, 0.391667, 13.712655)
(4.985057, 0.412396, 13.871023), (4.982683, 0.453489, 14.02831), (5.141096, 0.434349, 13.869495)
(4.829036, 0.388728, 13.872852), (4.985057, 0.412396, 13.871023), (4.987537, 0.367088, 13.714353)
(4.829036, 0.388728, 13.872852), (4.826486, 0.432685, 14.029923), (4.985057, 0.412396, 13.871023)
# 5.709153983313337, 0, 13.65549478331334
(5.92765, 0.400704, 13.397377), (5.926411, 0.433475, 13.553357), (6.084064, 0.410023, 13.39757)
(5.92765, 0.400704, 13.397377), (6.084064, 0.410023, 13.39757), (6.084896, 0.380774, 13.241893)
(5.771355, 0.38786, 13.397406), (5.769898, 0.423593, 13.553246), (5.92765, 0.400704, 13.397377)
(5.771355, 0.38786, 13.397406), (5.92765, 0.400704, 13.397377), (5.9287, 0.368331, 13.241892)
(5.615223, 0.371294, 13.397722), (5.613565, 0.409831, 13.553453), (5.771355, 0.38786, 13.397406)
(5.615223, 0.371294, 13.397722), (5.771355, 0.38786, 13.397406), (5.772615, 0.352488, 13.242094)
(5.459272, 0.350933, 13.398418), (5.45743, 0.39215, 13.554052), (5.615223, 0.371294, 13.397722)
(5.459272, 0.350933, 13.398418), (5.615223, 0.371294, 13.397722), (5.616675, 0.333157, 13.242559)
(5.769898, 0.423593, 13.553246), (5.926411, 0.433475, 13.553357), (5.92765, 0.400704, 13.397377)
(5.769898, 0.423593, 13.553246), (5.768316, 0.459214, 13.709709), (5.926411, 0.433475, 13.553357)
(5.926411, 0.433475, 13.553357), (6.083045, 0.439816, 13.553704), (6.084064, 0.410023, 13.39757)
(5.926411, 0.433475, 13.553357), (5.925035, 0.466515, 13.709912), (6.083045, 0.439816, 13.553704)
(5.613565, 0.409831, 13.553453), (5.769898, 0.423593, 13.553246), (5.771355, 0.38786, 13.397406)
(5.613565, 0.409831, 13.553453), (5.611787, 0.447979, 13.709841), (5.769898, 0.423593, 13.553246)
(5.45743, 0.39215, 13.554052), (5.613565, 0.409831, 13.553453), (5.615223, 0.371294, 13.397722)
(5.45743, 0.39215, 13.554052), (5.455468, 0.432843, 13.710342), (5.613565, 0.409831, 13.553453)
(5.768316, 0.459214, 13.709709), (5.766716, 0.493147, 13.866865), (5.925035, 0.466515, 13.709912)
(5.768316, 0.459214, 13.709709), (5.925035, 0.466515, 13.709912), (5.926411, 0.433475, 13.553357)
(5.611787, 0.447979, 13.709841), (5.609994, 0.484309, 13.866907), (5.768316, 0.459214, 13.709709)
(5.611787, 0.447979, 13.709841), (5.768316, 0.459214, 13.709709), (5.769898, 0.423593, 13.553246)
(5.925035, 0.466515, 13.709912), (6.081884, 0.470424, 13.710335), (6.083045, 0.439816, 13.553704)
(5.925035, 0.466515, 13.709912), (5.923608, 0.498689, 13.867072), (6.081884, 0.470424, 13.710335)
(5.455468, 0.432843, 13.710342), (5.453505, 0.471169, 13.867368), (5.611787, 0.447979, 13.709841)
(5.455468, 0.432843, 13.710342), (5.611787, 0.447979, 13.709841), (5.613565, 0.409831, 13.553453)
(5.766716, 0.493147, 13.866865), (5.923608, 0.498689, 13.867072), (5.925035, 0.466515, 13.709912)
(5.766716, 0.493147, 13.866865), (5.765177, 0.524459, 14.024553), (5.923608, 0.498689, 13.867072)
(5.609994, 0.484309, 13.866907), (5.766716, 0.493147, 13.866865), (5.768316, 0.459214, 13.709709)
(5.609994, 0.484309, 13.866907), (5.608309, 0.51698, 14.024615), (5.766716, 0.493147, 13.866865)
(5.923608, 0.498689, 13.867072), (6.080636, 0.500924, 13.867501), (6.081884, 0.470424, 13.710335)
(5.923608, 0.498689, 13.867072), (5.922209, 0.52886, 14.02473), (6.080636, 0.500924, 13.867501)
(5.453505, 0.471169, 13.867368), (5.609994, 0.484309, 13.866907), (5.611787, 0.447979, 13.709841)
(5.453505, 0.471169, 13.867368), (5.451645, 0.505862, 14.025002), (5.609994, 0.484309, 13.866907)
# 6.376924216646669, 0, 13.65549478331334
(6.084064, 0.410023, 13.39757), (6.083045, 0.439816, 13.553704), (6.240535, 0.41642, 13.397879)
(6.084064, 0.410023, 13.39757), (6.240535, 0.41642, 13.397879), (6.241158, 0.390325, 13.242006)
(6.240535, 0.41642, 13.397879), (6.239739, 0.443402, 13.554152), (6.397019, 0.420877, 13.3982)
(6.240535, 0.41642, 13.397879), (6.397019, 0.420877, 13.3982), (6.397443, 0.397768, 13.242161)
(6.397019, 0.420877, 13.3982), (6.396435, 0.44519, 13.554606), (6.553489, 0.42438, 13.398477)
(6.397019, 0.420877, 13.3982), (6.553489, 0.42438, 13.398477), (6.553739, 0.404079, 13.242291)
(6.553489, 0.42438, 13.398477), (6.553093, 0.44629, 13.55501), (6.709933, 0.427906, 13.398714)
(6.553489, 0.42438, 13.398477), (6.709933, 0.427906, 13.398714), (6.710039, 0.409992, 13.242407)
(6.709933, 0.427906, 13.398714), (6.709702, 0.44791, 13.555366), (6.866383, 0.432366, 13.398964)
(6.709933, 0.427906, 13.398714), (6.866383, 0.432366, 13.398964), (6.866367, 0.416261, 13.242545)
(6.083045, 0.439816, 13.553704), (6.239739, 0.443402, 13.554152), (6.240535, 0.41642, 13.397879)
(6.083045, 0.439816, 13.553704), (6.081884, 0.470424, 13.710335), (6.239739, 0.443402, 13.554152)
(6.239739, 0.443402, 13.554152), (6.396435, 0.44519, 13.554606), (6.397019, 0.420877, 13.3982)
(6.239739, 0.443402, 13.554152), (6.238792, 0.471681, 13.710876), (6.396435, 0.44519, 13.554606)
(6.396435, 0.44519, 13.554606), (6.553093, 0.44629, 13.55501), (6.553489, 0.42438, 13.398477)
(6.396435, 0.44519, 13.554606), (6.395696, 0.471383, 13.711414), (6.553093, 0.44629, 13.55501)
(6.553093, 0.44629, 13.55501), (6.709702, 0.44791, 13.555366), (6.709933, 0.427906, 13.398714)
(6.553093, 0.44629, 13.55501), (6.552548, 0.470679, 13.711905), (6.709702, 0.44791, 13.555366)
(6.709702, 0.44791, 13.555366), (6.866297, 0.450851, 13.555712), (6.866383, 0.432366, 13.398964)
(6.709702, 0.44791, 13.555366), (6.709337, 0.470723, 13.712334), (6.866297, 0.450851, 13.555712)
(6.081884, 0.470424, 13.710335), (6.080636, 0.500924, 13.867501), (6.238792, 0.471681, 13.710876)
(6.081884, 0.470424, 13.710335), (6.238792, 0.471681, 13.710876), (6.239739, 0.443402, 13.554152)
(6.238792, 0.471681, 13.710876), (6.237731, 0.500692, 13.868048), (6.395696, 0.471383, 13.711414)
(6.238792, 0.471681, 13.710876), (6.395696, 0.471383, 13.711414), (6.396435, 0.44519, 13.554606)
(6.395696, 0.471383, 13.711414), (6.394816, 0.499034, 13.868623), (6.552548, 0.470679, 13.711905)
(6.395696, 0.471383, 13.711414), (6.552548, 0.470679, 13.711905), (6.553093, 0.44629, 13.55501)
(6.552548, 0.470679, 13.711905), (6.709337, 0.470723, 13.712334), (6.709702, 0.44791, 13.555366)
(6.552548, 0.470679, 13.711905), (6.551852, 0.497221, 13.869132), (6.709337, 0.470723, 13.712334)
(6.709337, 0.470723, 13.712334), (6.708811, 0.496329, 13.869583), (6.866078, 0.472586, 13.71275)
(6.709337, 0.470723, 13.712334), (6.866078, 0.472586, 13.71275), (6.866297, 0.450851, 13.555712)
(6.080636, 0.500924, 13.867501), (6.237731, 0.500692, 13.868048), (6.238792, 0.471681, 13.710876)
(6.080636, 0.500924, 13.867501), (6.079381, 0.530119, 14.025114), (6.237731, 0.500692, 13.868048)
(6.237731, 0.500692, 13.868048), (6.394816, 0.499034, 13.868623), (6.395696, 0.471383, 13.711414)
(6.237731, 0.500692, 13.868048), (6.236621, 0.529018, 14.02562), (6.394816, 0.499034, 13.868623)
(6.394816, 0.499034, 13.868623), (6.551852, 0.497221, 13.869132), (6.552548, 0.470679, 13.711905)
(6.394816, 0.499034, 13.868623), (6.393859, 0.526839, 14.026136), (6.551852, 0.497221, 13.869132)
(6.551852, 0.497221, 13.869132), (6.708811, 0.496329, 13.869583), (6.709337, 0.470723, 13.712334)
(6.551852, 0.497221, 13.869132), (6.551046, 0.524618, 14.026609), (6.708811, 0.496329, 13.869583)
(6.708811, 0.496329, 13.869583), (6.865699, 0.497339, 13.870011), (6.866078, 0.472586, 13.71275)
(6.708811, 0.496329, 13.869583), (6.708149, 0.523334, 14.027034), (6.865699, 0.497339, 13.870011)
# 7.044694449980003, 0, 13.65549478331334
(6.866383, 0.432366, 13.398964), (6.866297, 0.450851, 13.555712), (7.022898, 0.438396, 13.399306)
(6.866383, 0.432366, 13.398964), (7.022898, 0.438396, 13.399306), (7.022779, 0.423626, 13.242797)
(7.022898, 0.438396, 13.399306), (7.022929, 0.455773, 13.556132), (7.179539, 0.446283, 13.399824)
(7.022898, 0.438396, 13.399306), (7.179539, 0.446283, 13.399824), (7.179327, 0.432349, 13.243218)
(7.179539, 0.446283, 13.399824), (7.179654, 0.46302, 13.556717), (7.336341, 0.456282, 13.400603)
(7.179539, 0.446283, 13.399824), (7.336341, 0.456282, 13.400603), (7.336058, 0.442717, 13.243909)
(7.336341, 0.456282, 13.400603), (7.336496, 0.472768, 13.557539), (7.493305, 0.468379, 13.40169)
(7.336341, 0.456282, 13.400603), (7.493305, 0.468379, 13.40169), (7.492979, 0.454845, 13.244916)
(6.866297, 0.450851, 13.555712), (7.022929, 0.455773, 13.556132), (7.022898, 0.438396, 13.399306)
(6.866297, 0.450851, 13.555712), (6.866078, 0.472586, 13.71275), (7.022929, 0.455773, 13.556132)
(7.022929, 0.455773, 13.556132), (7.179654, 0.46302, 13.556717), (7.179539, 0.446283, 13.399824)
(7.022929, 0.455773, 13.556132), (7.022824, 0.476641, 13.713213), (7.179654, 0.46302, 13.556717)
(7.179654, 0.46302, 13.556717), (7.336496, 0.472768, 13.557539), (7.336341, 0.456282, 13.400603)
(7.179654, 0.46302, 13.556717), (7.179614, 0.483354, 13.713817), (7.336496, 0.472768, 13.557539)
(7.336496, 0.472768, 13.557539), (7.493459, 0.484618, 13.558612), (7.493305, 0.468379, 13.40169)
(7.336496, 0.472768, 13.557539), (7.336478, 0.492602, 13.714611), (7.493459, 0.484618, 13.558612)
(6.866078, 0.472586, 13.71275), (6.865699, 0.497339, 13.870011), (7.022824, 0.476641, 13.713213)
(6.866078, 0.472586, 13.71275), (7.022824, 0.476641, 13.713213), (7.022929, 0.455773, 13.556132)
(7.022824, 0.476641, 13.713213), (7.022542, 0.500979, 13.870486), (7.179614, 0.483354, 13.713817)
(7.022824, 0.476641, 13.713213), (7.179614, 0.483354, 13.713817), (7.179654, 0.46302, 13.556717)
(7.179614, 0.483354, 13.713817), (7.336478, 0.492602, 13.714611), (7.336496, 0.472768, 13.557539)
(7.179614, 0.483354, 13.713817), (7.179396, 0.506972, 13.871051), (7.336478, 0.492602, 13.714611)
(7.336478, 0.492602, 13.714611), (7.336277, 0.515602, 13.87178), (7.493417, 0.504298, 13.715634)
(7.336478, 0.492602, 13.714611), (7.493417, 0.504298, 13.715634), (7.493459, 0.484618, 13.558612)
(6.865699, 0.497339, 13.870011), (7.022542, 0.500979, 13.870486), (7.022824, 0.476641, 13.713213)
(6.865699, 0.497339, 13.870011), (6.865159, 0.524002, 14.027435), (7.022542, 0.500979, 13.870486)
(7.022542, 0.500979, 13.870486), (7.179396, 0.506972, 13.871051), (7.179614, 0.483354, 13.713817)
(7.022542, 0.500979, 13.870486), (7.022104, 0.527019, 14.027863), (7.179396, 0.506972, 13.871051)
(7.179396, 0.506972, 13.871051), (7.336277, 0.515602, 13.87178), (7.336478, 0.492602, 13.714611)
(7.179396, 0.506972, 13.871051), (7.179019, 0.532414, 14.028367), (7.336277, 0.515602, 13.87178)
(7.336277, 0.515602, 13.87178), (7.493191, 0.526604, 13.872704), (7.493417, 0.504298, 13.715634)
(7.336277, 0.515602, 13.87178), (7.335918, 0.540339, 14.029012), (7.493191, 0.526604, 13.872704)
(7.359066, 1.19627, 13.91775), (7.385983, 0.392427, 13.985689), (7.287019, 0.390282, 13.999756)
(7.359066, 1.19627, 13.91775), (7.457304, 1.198402, 13.903822), (7.385983, 0.392427, 13.985689)
(7.260835, 1.194138, 13.931679), (7.287019, 0.390282, 13.999756), (7.188054, 0.388138, 14.013822)
(7.260835, 1.194138, 13.931679), (7.359066, 1.19627, 13.91775), (7.287019, 0.390282, 13.999756)
(7.162604, 1.192005, 13.945609), (7.188054, 0.388138, 14.013822), (7.089, 0.386222, 14.027298)
(7.162604, 1.192005, 13.945609), (7.260835, 1.194138, 13.931679), (7.188054, 0.388138, 14.013822)
(7.06425, 1.190101, 13.95896), (7.089, 0.386222, 14.027298), (6.98988, 0.384451, 14.0404)
(7.06425, 1.190101, 13.95896), (7.162604, 1.192005, 13.945609), (7.089, 0.386222, 14.027298)
(6.96581, 1.188341, 13.971945), (6.98988, 0.384451, 14.0404), (6.890767, 0.382681, 14.053501)
(6.96581, 1.188341, 13.971945), (7.06425, 1.190101, 13.95896), (6.98988, 0.384451, 14.0404)
(7.367285, 1.19627, 13.97574), (7.359066, 1.19627, 13.91775), (7.260835, 1.194138, 13.931679)
(7.367285, 1.19627, 13.97574), (7.465638, 1.198402, 13.961796), (7.359066, 1.19627, 13.91775)
(6.867377, 1.186581, 13.984929), (6.890767, 0.382681, 14.053501), (6.791656, 0.380911, 14.066603)
(6.867377, 1.186581, 13.984929), (6.96581, 1.188341, 13.971945), (6.890767, 0.382681, 14.053501)
# 7.712464683313336, 0, 13.65549478331334
(7.493305, 0.468379, 13.40169), (7.493459, 0.484618, 13.558612), (7.650394, 0.482346, 13.403059)
(7.493305, 0.468379, 13.40169), (7.650394, 0.482346, 13.403059), (7.650066, 0.468733, 13.246251)
(7.650394, 0.482346, 13.403059), (7.650506, 0.498629, 13.559944), (7.807557, 0.497761, 13.404665)
(7.650394, 0.482346, 13.403059), (7.807557, 0.497761, 13.404665), (7.807255, 0.484025, 13.247864)
(7.807557, 0.497761, 13.404665), (7.807605, 0.514032, 13.56148), (7.964743, 0.514379, 13.406464)
(7.807557, 0.497761, 13.404665), (7.964743, 0.514379, 13.406464), (7.964489, 0.500491, 13.249699)
(7.964743, 0.514379, 13.406464), (7.964706, 0.530707, 13.56319), (8.1219, 0.531904, 13.408409)
(7.964743, 0.514379, 13.406464), (8.1219, 0.531904, 13.408409), (8.121709, 0.517833, 13.251701)
(7.493459, 0.484618, 13.558612), (7.650506, 0.498629, 13.559944), (7.650394, 0.482346, 13.403059)
(7.493459, 0.484618, 13.558612), (7.493417, 0.504298, 13.715634), (7.650506, 0.498629, 13.559944)
(7.650506, 0.498629, 13.559944), (7.807605, 0.514032, 13.56148), (7.807557, 0.497761, 13.404665)
(7.650506, 0.498629, 13.559944), (7.650407, 0.517913, 13.71687), (7.807605, 0.514032, 13.56148)
(7.807605, 0.514032, 13.56148), (7.964706, 0.530707, 13.56319), (7.964743, 0.514379, 13.406464)
(7.807605, 0.514032, 13.56148), (7.807429, 0.533015, 13.718296), (7.964706, 0.530707, 13.56319)
(7.964706, 0.530707, 13.56319), (8.121778, 0.548215, 13.56503), (8.1219, 0.531904, 13.408409)
(7.964706, 0.530707, 13.56319), (7.964448, 0.549329, 13.719882), (8.121778, 0.548215, 13.56503)
(7.493417, 0.504298, 13.715634), (7.493191, 0.526604, 13.872704), (7.650407, 0.517913, 13.71687)
(7.493417, 0.504298, 13.715634), (7.650407, 0.517913, 13.71687), (7.650506, 0.498629, 13.559944)
(7.650407, 0.517913, 13.71687), (7.650127, 0.539684, 13.873835), (7.807429, 0.533015, 13.718296)
(7.650407, 0.517913, 13.71687), (7.807429, 0.533015, 13.718296), (7.807605, 0.514032, 13.56148)
(7.807429, 0.533015, 13.718296), (7.964448, 0.549329, 13.719882), (7.964706, 0.530707, 13.56319)
(7.807429, 0.533015, 13.718296), (7.807079, 0.554084, 13.875131), (7.964448, 0.549329, 13.719882)
(7.964448, 0.549329, 13.719882), (7.964022, 0.569701, 13.876582), (8.121428, 0.566564, 13.7216)
(7.964448, 0.549329, 13.719882), (8.121428, 0.566564, 13.7216), (8.121778, 0.548215, 13.56503)
(8.045773, 1.212865, 13.815984), (8.078049, 0.409129, 13.882844), (7.979245, 0.406598, 13.897911)
(8.045773, 1.212865, 13.815984), (8.143659, 1.215611, 13.800487), (8.078049, 0.409129, 13.882844)
(7.947752, 1.210352, 13.830885), (7.979245, 0.406598, 13.897911), (7.880433, 0.404068, 13.912979)
(7.947752, 1.210352, 13.830885), (8.045773, 1.212865, 13.815984), (7.979245, 0.406598, 13.897911)
(7.849725, 1.207838, 13.845789), (7.880433, 0.404068, 13.912979), (7.781629, 0.401538, 13.928046)
(7.849725, 1.207838, 13.845789), (7.947752, 1.210352, 13.830885), (7.880433, 0.404068, 13.912979)
(7.751706, 1.205324, 13.860695), (7.781629, 0.401538, 13.928046), (7.682824, 0.399007, 13.943113)
(7.751706, 1.205324, 13.860695), (7.849725, 1.207838, 13.845789), (7.781629, 0.401538, 13.928046)
(7.493191, 0.526604, 13.872704), (7.650127, 0.539684, 13.873835), (7.650407, 0.517913, 13.71687)
(7.493191, 0.526604, 13.872704), (7.492816, 0.550589, 14.029836), (7.650127, 0.539684, 13.873835)
(7.650127, 0.539684, 13.873835), (7.807079, 0.554084, 13.875131), (7.807429, 0.533015, 13.718296)
(7.650127, 0.539684, 13.873835), (7.649715, 0.562633, 14.030836), (7.807079, 0.554084, 13.875131)
(7.807079, 0.554084, 13.875131), (7.964022, 0.569701, 13.876582), (7.964448, 0.549329, 13.719882)
(7.807079, 0.554084, 13.875131), (7.806616, 0.576093, 14.032001), (7.964022, 0.569701, 13.876582)
(7.653687, 1.202809, 13.875601), (7.682824, 0.399007, 13.943113), (7.58392, 0.396717, 13.957557)
(7.653687, 1.202809, 13.875601), (7.751706, 1.205324, 13.860695), (7.682824, 0.399007, 13.943113)
(7.964022, 0.569701, 13.876582), (8.120931, 0.586228, 13.878165), (8.121428, 0.566564, 13.7216)
(7.964022, 0.569701, 13.876582), (7.963497, 0.59074, 14.033329), (8.120931, 0.586228, 13.878165)
(7.956686, 1.210352, 13.88877), (7.947752, 1.210352, 13.830885), (7.849725, 1.207838, 13.845789)
(7.956686, 1.210352, 13.88877), (8.05483, 1.212865, 13.873849), (7.947752, 1.210352, 13.830885)
(7.555535, 1.200533, 13.889896), (7.58392, 0.396717, 13.957557), (7.484956, 0.394572, 13.971622)
(7.555535, 1.200533, 13.889896), (7.653687, 1.202809, 13.875601), (7.58392, 0.396717, 13.957557)
(7.858537, 1.207838, 13.903693), (7.849725, 1.207838, 13.845789), (7.751706, 1.205324, 13.860695)
(7.858537, 1.207838, 13.903693), (7.956686, 1.210352, 13.88877), (7.849725, 1.207838, 13.845789)
(7.457304, 1.198402, 13.903822), (7.484956, 0.394572, 13.971622), (7.385983, 0.392427, 13.985689)
(7.457304, 1.198402, 13.903822), (7.555535, 1.200533, 13.889896), (7.484956, 0.394572, 13.971622)
(7.960538, 1.200814, 13.912096), (7.956686, 1.210352, 13.88877), (7.858537, 1.207838, 13.903693)
(7.960538, 1.200814, 13.912096), (8.058739, 1.203328, 13.897166), (7.956686, 1.210352, 13.88877)
(7.760395, 1.205324, 13.918617), (7.751706, 1.205324, 13.860695), (7.653687, 1.202809, 13.875601)
(7.760395, 1.205324, 13.918617), (7.858537, 1.207838, 13.903693), (7.751706, 1.205324, 13.860695)
(7.862331, 1.1983, 13.927029), (7.858537, 1.207838, 13.903693), (7.760395, 1.205324, 13.918617)
(7.862331, 1.1983, 13.927029), (7.960538, 1.200814, 13.912096), (7.858537, 1.207838, 13.903693)
(7.662252, 1.202809, 13.933541), (7.653687, 1.202809, 13.875601), (7.555535, 1.200533, 13.889896)
(7.662252, 1.202809, 13.933541), (7.760395, 1.205324, 13.918617), (7.653687, 1.202809, 13.875601)
(7.764132, 1.195786, 13.941961), (7.760395, 1.205324, 13.918617), (7.662252, 1.202809, 13.933541)
(7.764132, 1.195786, 13.941961), (7.862331, 1.1983, 13.927029), (7.760395, 1.205324, 13.918617)
(7.563982, 1.200533, 13.947854), (7.555535, 1.200533, 13.889896), (7.457304, 1.198402, 13.903822)
(7.563982, 1.200533, 13.947854), (7.662252, 1.202809, 13.933541), (7.555535, 1.200533, 13.889896)
(7.665932, 1.193271, 13.956896), (7.662252, 1.202809, 13.933541), (7.563982, 1.200533, 13.947854)
(7.665932, 1.193271, 13.956896), (7.764132, 1.195786, 13.941961), (7.662252, 1.202809, 13.933541)
(7.465638, 1.198402, 13.961796), (7.457304, 1.198402, 13.903822), (7.359066, 1.19627, 13.91775)
(7.465638, 1.198402, 13.961796), (7.563982, 1.200533, 13.947854), (7.457304, 1.198402, 13.903822)
(7.567608, 1.190995, 13.971216), (7.563982, 1.200533, 13.947854), (7.465638, 1.198402, 13.961796)
(7.567608, 1.190995, 13.971216), (7.665932, 1.193271, 13.956896), (7.563982, 1.200533, 13.947854)
(7.46921, 1.188864, 13.985167), (7.465638, 1.198402, 13.961796), (7.367285, 1.19627, 13.97574)
(7.46921, 1.188864, 13.985167), (7.567608, 1.190995, 13.971216), (7.465638, 1.198402, 13.961796)
# 8.380234916646671, 0, 13.65549478331334
(8.1219, 0.531904, 13.408409), (8.121778, 0.548215, 13.56503), (8.278994, 0.550038, 13.410454)
(8.1219, 0.531904, 13.408409), (8.278994, 0.550038, 13.410454), (8.278867, 0.53582, 13.253827)
(8.278994, 0.550038, 13.410454), (8.278793, 0.566317, 13.566963), (8.436015, 0.56852, 13.412558)
(8.278994, 0.550038, 13.410454), (8.436015, 0.56852, 13.412558), (8.435956, 0.554149, 13.256023)
(8.436015, 0.56852, 13.412558), (8.435734, 0.584796, 13.568958), (8.592937, 0.58721, 13.414694)
(8.436015, 0.56852, 13.412558), (8.592937, 0.58721, 13.414694), (8.592951, 0.572651, 13.258259)
(8.592937, 0.58721, 13.414694), (8.592573, 0.603501, 13.570981), (8.749747, 0.605932, 13.416832)
(8.592937, 0.58721, 13.414694), (8.749747, 0.605932, 13.416832), (8.749845, 0.591155, 13.260507)
(8.121778, 0.548215, 13.56503), (8.278793, 0.566317, 13.566963), (8.278994, 0.550038, 13.410454)
(8.121778, 0.548215, 13.56503), (8.121428, 0.566564, 13.7216), (8.278793, 0.566317, 13.566963)
(8.278793, 0.566317, 13.566963), (8.435734, 0.584796, 13.568958), (8.436015, 0.56852, 13.412558)
(8.278793, 0.566317, 13.566963), (8.278364, 0.584335, 13.72341), (8.435734, 0.584796, 13.568958)
(8.435734, 0.584796, 13.568958), (8.592573, 0.603501, 13.570981), (8.592937, 0.58721, 13.414694)
(8.435734, 0.584796, 13.568958), (8.435228, 0.602494, 13.725285), (8.592573, 0.603501, 13.570981)
(8.592573, 0.603501, 13.570981), (8.749326, 0.622176, 13.573013), (8.749747, 0.605932, 13.416832)
(8.592573, 0.603501, 13.570981), (8.592013, 0.620861, 13.727198), (8.749326, 0.622176, 13.573013)
(8.632404, 1.230546, 13.719947), (8.66975, 0.426933, 13.785648), (8.571286, 0.423616, 13.802746)
(8.632404, 1.230546, 13.719947), (8.729969, 1.233839, 13.70307), (8.66975, 0.426933, 13.785648)
(8.121428, 0.566564, 13.7216), (8.120931, 0.586228, 13.878165), (8.278364, 0.584335, 13.72341)
(8.121428, 0.566564, 13.7216), (8.278364, 0.584335, 13.72341), (8.278793, 0.566317, 13.566963)
(8.278364, 0.584335, 13.72341), (8.277788, 0.603366, 13.879856), (8.435228, 0.602494, 13.725285)
(8.278364, 0.584335, 13.72341), (8.435228, 0.602494, 13.725285), (8.435734, 0.584796, 13.568958)
(8.435228, 0.602494, 13.725285), (8.592013, 0.620861, 13.727198), (8.592573, 0.603501, 13.570981)
(8.435228, 0.602494, 13.725285), (8.434594, 0.620853, 13.881613), (8.592013, 0.620861, 13.727198)
(8.592013, 0.620861, 13.727198), (8.591333, 0.638561, 13.88342), (8.748712, 0.639231, 13.729129)
(8.592013, 0.620861, 13.727198), (8.748712, 0.639231, 13.729129), (8.749326, 0.622176, 13.573013)
(8.53484, 1.227252, 13.736827), (8.571286, 0.423616, 13.802746), (8.472666, 0.42066, 13.818916)
(8.53484, 1.227252, 13.736827), (8.632404, 1.230546, 13.719947), (8.571286, 0.423616, 13.802746)
(8.437061, 1.224317, 13.752803), (8.472666, 0.42066, 13.818916), (8.374023, 0.417737, 13.835001)
(8.437061, 1.224317, 13.752803), (8.53484, 1.227252, 13.736827), (8.472666, 0.42066, 13.818916)
(8.339254, 1.221416, 13.768696), (8.374023, 0.417737, 13.835001), (8.275387, 0.414815, 13.851085)
(8.339254, 1.221416, 13.768696), (8.437061, 1.224317, 13.752803), (8.374023, 0.417737, 13.835001)
(8.642254, 1.230546, 13.777683), (8.632404, 1.230546, 13.719947), (8.53484, 1.227252, 13.736827)
(8.642254, 1.230546, 13.777683), (8.739956, 1.233839, 13.760782), (8.632404, 1.230546, 13.719947)
(8.241457, 1.218514, 13.784591), (8.275387, 0.414815, 13.851085), (8.176751, 0.411893, 13.867168)
(8.241457, 1.218514, 13.784591), (8.339254, 1.221416, 13.768696), (8.275387, 0.414815, 13.851085)
(8.54455, 1.227252, 13.794587), (8.53484, 1.227252, 13.736827), (8.437061, 1.224317, 13.752803)
(8.54455, 1.227252, 13.794587), (8.642254, 1.230546, 13.777683), (8.53484, 1.227252, 13.736827)
(8.143659, 1.215611, 13.800487), (8.176751, 0.411893, 13.867168), (8.078049, 0.409129, 13.882844)
(8.143659, 1.215611, 13.800487), (8.241457, 1.218514, 13.784591), (8.176751, 0.411893, 13.867168)
(8.64653, 1.22101, 13.800937), (8.642254, 1.230546, 13.777683), (8.54455, 1.227252, 13.794587)
(8.64653, 1.22101, 13.800937), (8.744297, 1.224303, 13.784023), (8.642254, 1.230546, 13.777683)
(8.44664, 1.224317, 13.810585), (8.437061, 1.224317, 13.752803), (8.339254, 1.221416, 13.768696)
(8.44664, 1.224317, 13.810585), (8.54455, 1.227252, 13.794587), (8.437061, 1.224317, 13.752803)
(8.548761, 1.217716, 13.817852), (8.54455, 1.227252, 13.794587), (8.44664, 1.224317, 13.810585)
(8.548761, 1.217716, 13.817852), (8.64653, 1.22101, 13.800937), (8.54455, 1.227252, 13.794587)
(8.348702, 1.221416, 13.8265), (8.339254, 1.221416, 13.768696), (8.241457, 1.218514, 13.784591)
(8.348702, 1.221416, 13.8265), (8.44664, 1.224317, 13.810585), (8.339254, 1.221416, 13.768696)
(8.45079, 1.214781, 13.83386), (8.44664, 1.224317, 13.810585), (8.348702, 1.221416, 13.8265)
(8.45079, 1.214781, 13.83386), (8.548761, 1.217716, 13.817852), (8.44664, 1.224317, 13.810585)
(8.250774, 1.218513, 13.842415), (8.241457, 1.218514, 13.784591), (8.143659, 1.215611, 13.800487)
(8.250774, 1.218513, 13.842415), (8.348702, 1.221416, 13.8265), (8.241457, 1.218514, 13.784591)
(8.352793, 1.211879, 13.849786), (8.348702, 1.221416, 13.8265), (8.250774, 1.218513, 13.842415)
(8.352793, 1.211879, 13.849786), (8.45079, 1.214781, 13.83386), (8.348702, 1.221416, 13.8265)
(8.152844, 1.215611, 13.858332), (8.143659, 1.215611, 13.800487), (8.045773, 1.212865, 13.815984)
(8.152844, 1.215611, 13.858332), (8.250774, 1.218513, 13.842415), (8.143659, 1.215611, 13.800487)
(8.254803, 1.208977, 13.865711), (8.250774, 1.218513, 13.842415), (8.152844, 1.215611, 13.858332)
(8.254803, 1.208977, 13.865711), (8.352793, 1.211879, 13.849786), (8.250774, 1.218513, 13.842415)
(8.05483, 1.212865, 13.873849), (8.045773, 1.212865, 13.815984), (7.947752, 1.210352, 13.830885)
(8.05483, 1.212865, 13.873849), (8.152844, 1.215611, 13.858332), (8.045773, 1.212865, 13.815984)
(8.120931, 0.586228, 13.878165), (8.277788, 0.603366, 13.879856), (8.278364, 0.584335, 13.72341)
(8.120931, 0.586228, 13.878165), (8.120344, 0.606291, 14.03479), (8.277788, 0.603366, 13.879856)
(8.277788, 0.603366, 13.879856), (8.434594, 0.620853, 13.881613), (8.435228, 0.602494, 13.725285)
(8.277788, 0.603366, 13.879856), (8.277151, 0.622432, 14.03636), (8.434594, 0.620853, 13.881613)
(8.434594, 0.620853, 13.881613), (8.591333, 0.638561, 13.88342), (8.592013, 0.620861, 13.727198)
(8.434594, 0.620853, 13.881613), (8.433913, 0.638991, 14.038), (8.591333, 0.638561, 13.88342)
(8.156813, 1.206074, 13.881639), (8.152844, 1.215611, 13.858332), (8.05483, 1.212865, 13.873849)
(8.156813, 1.206074, 13.881639), (8.254803, 1.208977, 13.865711), (8.152844, 1.215611, 13.858332)
(8.591333, 0.638561, 13.88342), (8.747997, 0.656296, 13.88525), (8.748712, 0.639231, 13.729129)
(8.591333, 0.638561, 13.88342), (8.590618, 0.655767, 14.039703), (8.747997, 0.656296, 13.88525)
(8.058739, 1.203328, 13.897166), (8.05483, 1.212865, 13.873849), (7.956686, 1.210352, 13.88877)
(8.058739, 1.203328, 13.897166), (8.156813, 1.206074, 13.881639), (8.05483, 1.212865, 13.873849)
(8.672344, 1.221009, 13.952277), (8.64653, 1.22101, 13.800937), (8.548761, 1.217716, 13.817852)
(8.672344, 1.221009, 13.952277), (8.770474, 1.224303, 13.935302), (8.64653, 1.22101, 13.800937)
(8.574213, 1.217716, 13.969254), (8.548761, 1.217716, 13.817852), (8.45079, 1.214781, 13.83386)
(8.574213, 1.217716, 13.969254), (8.672344, 1.221009, 13.952277), (8.548761, 1.217716, 13.817852)
(8.676115, 1.230545, 13.9762), (8.577935, 1.227252, 13.993184), (8.684522, 1.230545, 14.025488)
(8.676115, 1.230545, 13.9762), (8.672344, 1.221009, 13.952277), (8.574213, 1.217716, 13.969254)
(8.676115, 1.230545, 13.9762), (8.684522, 1.230545, 14.025488), (8.78282, 1.233837, 14.008485)
(8.676115, 1.230545, 13.9762), (8.774294, 1.233838, 13.959217), (8.672344, 1.221009, 13.952277)
(8.475899, 1.21478, 13.98532), (8.45079, 1.214781, 13.83386), (8.352793, 1.211879, 13.849786)
(8.475899, 1.21478, 13.98532), (8.574213, 1.217716, 13.969254), (8.45079, 1.214781, 13.83386)
# 9.048005149980003, 0, 13.65549478331334
(8.749747, 0.605932, 13.416832), (8.749326, 0.622176, 13.573013), (8.906455, 0.624485, 13.41896)
(8.749747, 0.605932, 13.416832), (8.906455, 0.624485, 13.41896), (8.906615, 0.609559, 13.262738)
(8.906455, 0.624485, 13.41896), (8.905985, 0.640673, 13.575037), (9.063074, 0.64268, 13.421053)
(8.906455, 0.624485, 13.41896), (9.063074, 0.64268, 13.421053), (9.063298, 0.627611, 13.264943)
(9.063074, 0.64268, 13.421053), (9.062558, 0.658808, 13.577034), (9.219592, 0.66039, 13.423091)
(9.063074, 0.64268, 13.421053), (9.219592, 0.66039, 13.423091), (9.219876, 0.645182, 13.267092)
(9.219592, 0.66039, 13.423091), (9.219042, 0.676411, 13.578978), (9.376014, 0.677434, 13.425053)
(9.219592, 0.66039, 13.423091), (9.376014, 0.677434, 13.425053), (9.376349, 0.662115, 13.269156)
(9.376014, 0.677434, 13.425053), (9.375458, 0.693279, 13.580865), (9.532372, 0.693596, 13.426928)
(9.376014, 0.677434, 13.425053), (9.532372, 0.693596, 13.426928), (9.532721, 0.678237, 13.271113)
(8.749326, 0.622176, 13.573013), (8.905985, 0.640673, 13.575037), (8.906455, 0.624485, 13.41896)
(8.749326, 0.622176, 13.573013), (8.748712, 0.639231, 13.729129), (8.905985, 0.640673, 13.575037)
(8.905985, 0.640673, 13.575037), (9.062558, 0.658808, 13.577034), (9.063074, 0.64268, 13.421053)
(8.905985, 0.640673, 13.575037), (8.905333, 0.657391, 13.73106), (9.062558, 0.658808, 13.577034)
(9.062558, 0.658808, 13.577034), (9.219042, 0.676411, 13.578978), (9.219592, 0.66039, 13.423091)
(9.062558, 0.658808, 13.577034), (9.061881, 0.675171, 13.732971), (9.219042, 0.676411, 13.578978)
(9.219042, 0.676411, 13.578978), (9.375458, 0.693279, 13.580865), (9.376014, 0.677434, 13.425053)
(9.219042, 0.676411, 13.578978), (9.218358, 0.692418, 13.734844), (9.375458, 0.693279, 13.580865)
(9.375458, 0.693279, 13.580865), (9.531827, 0.709211, 13.582676), (9.532372, 0.693596, 13.426928)
(9.375458, 0.693279, 13.580865), (9.37478, 0.708845, 13.736668), (9.531827, 0.709211, 13.582676)
(9.3144, 1.255129, 13.598079), (9.358341, 0.451715, 13.662096), (9.26005, 0.447988, 13.68021)
(9.3144, 1.255129, 13.598079), (9.411464, 1.259214, 13.57933), (9.358341, 0.451715, 13.662096)
(9.217088, 1.251435, 13.615932), (9.26005, 0.447988, 13.68021), (9.161755, 0.444271, 13.698299)
(9.217088, 1.251435, 13.615932), (9.3144, 1.255129, 13.598079), (9.26005, 0.447988, 13.68021)
(9.11977, 1.247749, 13.633764), (9.161755, 0.444271, 13.698299), (9.063459, 0.440555, 13.716388)
(9.11977, 1.247749, 13.633764), (9.217088, 1.251435, 13.615932), (9.161755, 0.444271, 13.698299)
(9.022453, 1.244063, 13.651599), (9.063459, 0.440555, 13.716388), (8.965143, 0.436886, 13.734359)
(9.022453, 1.244063, 13.651599), (9.11977, 1.247749, 13.633764), (9.063459, 0.440555, 13.716388)
(9.325247, 1.255129, 13.655636), (9.3144, 1.255129, 13.598079), (9.217088, 1.251435, 13.615932)
(9.325247, 1.255129, 13.655636), (9.422464, 1.259214, 13.636858), (9.3144, 1.255129, 13.598079)
(8.925106, 1.240423, 13.66932), (8.965143, 0.436886, 13.734359), (8.866674, 0.433569, 13.751456)
(8.925106, 1.240423, 13.66932), (9.022453, 1.244063, 13.651599), (8.965143, 0.436886, 13.734359)
(9.227789, 1.251434, 13.673516), (9.217088, 1.251435, 13.615932), (9.11977, 1.247749, 13.633764)
(9.227789, 1.251434, 13.673516), (9.325247, 1.255129, 13.655636), (9.217088, 1.251435, 13.615932)
(9.32999, 1.245596, 13.678799), (9.325247, 1.255129, 13.655636), (9.227789, 1.251434, 13.673516)
(9.32999, 1.245596, 13.678799), (9.427281, 1.249681, 13.660007), (9.325247, 1.255129, 13.655636)
(8.827534, 1.237131, 13.686194), (8.866674, 0.433569, 13.751456), (8.768211, 0.430251, 13.768553)
(8.827534, 1.237131, 13.686194), (8.925106, 1.240423, 13.66932), (8.866674, 0.433569, 13.751456)
(9.130325, 1.247749, 13.691376), (9.11977, 1.247749, 13.633764), (9.022453, 1.244063, 13.651599)
(9.130325, 1.247749, 13.691376), (9.227789, 1.251434, 13.673516), (9.11977, 1.247749, 13.633764)
(9.232464, 1.241901, 13.696693), (9.227789, 1.251434, 13.673516), (9.130325, 1.247749, 13.691376)
(9.232464, 1.241901, 13.696693), (9.32999, 1.245596, 13.678799), (9.227789, 1.251434, 13.673516)
(8.729969, 1.233839, 13.70307), (8.768211, 0.430251, 13.768553), (8.66975, 0.426933, 13.785648)
(8.729969, 1.233839, 13.70307), (8.827534, 1.237131, 13.686194), (8.768211, 0.430251, 13.768553)
(9.032862, 1.244063, 13.709237), (9.022453, 1.244063, 13.651599), (8.925106, 1.240423, 13.66932)
(9.032862, 1.244063, 13.709237), (9.130325, 1.247749, 13.691376), (9.022453, 1.244063, 13.651599)
(9.134932, 1.238215, 13.714565), (9.130325, 1.247749, 13.691376), (9.032862, 1.244063, 13.709237)
(9.134932, 1.238215, 13.714565), (9.232464, 1.241901, 13.696693), (9.130325, 1.247749, 13.691376)
(8.935369, 1.240423, 13.726984), (8.925106, 1.240423, 13.66932), (8.827534, 1.237131, 13.686194)
(8.935369, 1.240423, 13.726984), (9.032862, 1.244063, 13.709237), (8.925106, 1.240423, 13.66932)
(8.748712, 0.639231, 13.729129), (8.747997, 0.656296, 13.88525), (8.905333, 0.657391, 13.73106)
(8.748712, 0.639231, 13.729129), (8.905333, 0.657391, 13.73106), (8.905985, 0.640673, 13.575037)
(8.905333, 0.657391, 13.73106), (8.904592, 0.673757, 13.887098), (9.061881, 0.675171, 13.732971)
(8.905333, 0.657391, 13.73106), (9.061881, 0.675171, 13.732971), (9.062558, 0.658808, 13.577034)
(9.037399, 1.234528, 13.732441), (9.032862, 1.244063, 13.709237), (8.935369, 1.240423, 13.726984)
(9.037399, 1.234528, 13.732441), (9.134932, 1.238215, 13.714565), (9.032862, 1.244063, 13.709237)
(9.061881, 0.675171, 13.732971), (9.218358, 0.692418, 13.734844), (9.219042, 0.676411, 13.578978)
(9.061881, 0.675171, 13.732971), (9.061131, 0.690938, 13.888931), (9.218358, 0.692418, 13.734844)
(9.218358, 0.692418, 13.734844), (9.217613, 0.707549, 13.890742), (9.37478, 0.708845, 13.736668)
(9.218358, 0.692418, 13.734844), (9.37478, 0.708845, 13.736668), (9.375458, 0.693279, 13.580865)
(9.37478, 0.708845, 13.736668), (9.374056, 0.723334, 13.892517), (9.531171, 0.724294, 13.738432)
(9.37478, 0.708845, 13.736668), (9.531171, 0.724294, 13.738432), (9.531827, 0.709211, 13.582676)
(8.837659, 1.237131, 13.743883), (8.827534, 1.237131, 13.686194), (8.729969, 1.233839, 13.70307)
(8.837659, 1.237131, 13.743883), (8.935369, 1.240423, 13.726984), (8.827534, 1.237131, 13.686194)
(8.93984, 1.230888, 13.750201), (8.935369, 1.240423, 13.726984), (8.837659, 1.237131, 13.743883)
(8.93984, 1.230888, 13.750201), (9.037399, 1.234528, 13.732441), (8.935369, 1.240423, 13.726984)
(8.739956, 1.233839, 13.760782), (8.729969, 1.233839, 13.70307), (8.632404, 1.230546, 13.719947)
(8.739956, 1.233839, 13.760782), (8.837659, 1.237131, 13.743883), (8.729969, 1.233839, 13.70307)
(8.842064, 1.227596, 13.767112), (8.837659, 1.237131, 13.743883), (8.739956, 1.233839, 13.760782)
(8.842064, 1.227596, 13.767112), (8.93984, 1.230888, 13.750201), (8.837659, 1.237131, 13.743883)
(8.744297, 1.224303, 13.784023), (8.739956, 1.233839, 13.760782), (8.642254, 1.230546, 13.777683)
(8.744297, 1.224303, 13.784023), (8.842064, 1.227596, 13.767112), (8.739956, 1.233839, 13.760782)
(9.358423, 1.245596, 13.829669), (9.32999, 1.245596, 13.678799), (9.232464, 1.241901, 13.696693)
(9.358423, 1.245596, 13.829669), (9.456118, 1.24968, 13.810801), (9.32999, 1.245596, 13.678799)
(9.260514, 1.2419, 13.847635), (9.232464, 1.241901, 13.696693), (9.134932, 1.238215, 13.714565)
(9.260514, 1.2419, 13.847635), (9.358423, 1.245596, 13.829669), (9.232464, 1.241901, 13.696693)
(9.362543, 1.255129, 13.853536), (9.264583, 1.251434, 13.871511), (9.371803, 1.255129, 13.902671)
(9.362543, 1.255129, 13.853536), (9.358423, 1.245596, 13.829669), (9.260514, 1.2419, 13.847635)
(9.362543, 1.255129, 13.853536), (9.371803, 1.255129, 13.902671), (9.469683, 1.259213, 13.883768)
(9.362543, 1.255129, 13.853536), (9.460291, 1.259213, 13.834658), (9.358423, 1.245596, 13.829669)
(9.1626, 1.238214, 13.865579), (9.134932, 1.238215, 13.714565), (9.037399, 1.234528, 13.732441)
(9.1626, 1.238214, 13.865579), (9.260514, 1.2419, 13.847635), (9.134932, 1.238215, 13.714565)
(9.264583, 1.251434, 13.871511), (9.166616, 1.247748, 13.889462), (9.273718, 1.251433, 13.920669)
(9.264583, 1.251434, 13.871511), (9.260514, 1.2419, 13.847635), (9.1626, 1.238214, 13.865579)
(9.264583, 1.251434, 13.871511), (9.273718, 1.251433, 13.920669), (9.371803, 1.255129, 13.902671)
(9.264583, 1.251434, 13.871511), (9.362543, 1.255129, 13.853536), (9.260514, 1.2419, 13.847635)
(9.064684, 1.234528, 13.883523), (9.037399, 1.234528, 13.732441), (8.93984, 1.230888, 13.750201)
(9.064684, 1.234528, 13.883523), (9.1626, 1.238214, 13.865579), (9.037399, 1.234528, 13.732441)
(8.747997, 0.656296, 13.88525), (8.904592, 0.673757, 13.887098), (8.905333, 0.657391, 13.73106)
(8.747997, 0.656296, 13.88525), (8.747261, 0.672539, 14.041449), (8.904592, 0.673757, 13.887098)
(8.904592, 0.673757, 13.887098), (9.061131, 0.690938, 13.888931), (9.061881, 0.675171, 13.732971)
(8.904592, 0.673757, 13.887098), (8.903847, 0.689143, 14.043212), (9.061131, 0.690938, 13.888931)
(9.061131, 0.690938, 13.888931), (9.217613, 0.707549, 13.890742), (9.218358, 0.692418, 13.734844)
(9.061131, 0.690938, 13.888931), (9.060385, 0.705481, 14.044976), (9.217613, 0.707549, 13.890742)
(9.166616, 1.247748, 13.889462), (9.068651, 1.244062, 13.907414), (9.175628, 1.247748, 13.938643)
(9.166616, 1.247748, 13.889462), (9.1626, 1.238214, 13.865579), (9.064684, 1.234528, 13.883523)
(9.166616, 1.247748, 13.889462), (9.175628, 1.247748, 13.938643), (9.273718, 1.251433, 13.920669)
(9.166616, 1.247748, 13.889462), (9.264583, 1.251434, 13.871511), (9.1626, 1.238214, 13.865579)
(9.217613, 0.707549, 13.890742), (9.374056, 0.723334, 13.892517), (9.37478, 0.708845, 13.736668)
(9.217613, 0.707549, 13.890742), (9.216882, 0.721192, 14.046732), (9.374056, 0.723334, 13.892517)
(9.374056, 0.723334, 13.892517), (9.530477, 0.73789, 13.894248), (9.531171, 0.724294, 13.738432)
(9.374056, 0.723334, 13.892517), (9.373348, 0.735964, 14.04847), (9.530477, 0.73789, 13.894248)
(8.966743, 1.230888, 13.901352), (8.93984, 1.230888, 13.750201), (8.842064, 1.227596, 13.767112)
(8.966743, 1.230888, 13.901352), (9.064684, 1.234528, 13.883523), (8.93984, 1.230888, 13.750201)
(9.371803, 1.255129, 13.902671), (9.381063, 1.255129, 13.951805), (9.469683, 1.259213, 13.883768)
(9.068651, 1.244062, 13.907414), (8.970659, 1.240423, 13.925252), (9.077537, 1.244062, 13.956619)
(9.068651, 1.244062, 13.907414), (9.064684, 1.234528, 13.883523), (8.966743, 1.230888, 13.901352)
(9.068651, 1.244062, 13.907414), (9.077537, 1.244062, 13.956619), (9.175628, 1.247748, 13.938643)
(9.068651, 1.244062, 13.907414), (9.166616, 1.247748, 13.889462), (9.064684, 1.234528, 13.883523)
(8.868605, 1.227595, 13.918327), (8.842064, 1.227596, 13.767112), (8.744297, 1.224303, 13.784023)
(8.868605, 1.227595, 13.918327), (8.966743, 1.230888, 13.901352), (8.842064, 1.227596, 13.767112)
(9.273718, 1.251433, 13.920669), (9.282854, 1.251433, 13.969828), (9.371803, 1.255129, 13.902671)
(8.970659, 1.240423, 13.925252), (8.872473, 1.23713, 13.942235), (8.979422, 1.240423, 13.974478)
(8.970659, 1.240423, 13.925252), (8.966743, 1.230888, 13.901352), (8.868605, 1.227595, 13.918327)
(8.970659, 1.240423, 13.925252), (8.979422, 1.240423, 13.974478), (9.077537, 1.244062, 13.956619)
(8.970659, 1.240423, 13.925252), (9.068651, 1.244062, 13.907414), (8.966743, 1.230888, 13.901352)
(8.770474, 1.224303, 13.935302), (8.744297, 1.224303, 13.784023), (8.64653, 1.22101, 13.800937)
(8.770474, 1.224303, 13.935302), (8.868605, 1.227595, 13.918327), (8.744297, 1.224303, 13.784023)
(9.175628, 1.247748, 13.938643), (9.184638, 1.247748, 13.987824), (9.273718, 1.251433, 13.920669)
(8.872473, 1.23713, 13.942235), (8.774294, 1.233838, 13.959217), (8.881117, 1.23713, 13.991482)
(8.872473, 1.23713, 13.942235), (8.868605, 1.227595, 13.918327), (8.770474, 1.224303, 13.935302)
(8.872473, 1.23713, 13.942235), (8.881117, 1.23713, 13.991482), (8.979422, 1.240423, 13.974478)
(8.872473, 1.23713, 13.942235), (8.970659, 1.240423, 13.925252), (8.868605, 1.227595, 13.918327)
(9.381063, 1.255129, 13.951805), (9.282854, 1.251433, 13.969828), (9.287634, 1.2419, 13.993569)
(9.381063, 1.255129, 13.951805), (9.479074, 1.259212, 13.932878), (9.469683, 1.259213, 13.883768)
(9.077537, 1.244062, 13.956619), (9.086422, 1.244062, 14.005823), (9.175628, 1.247748, 13.938643)
(8.774294, 1.233838, 13.959217), (8.676115, 1.230545, 13.9762), (8.78282, 1.233837, 14.008485)
(8.774294, 1.233838, 13.959217), (8.770474, 1.224303, 13.935302), (8.672344, 1.221009, 13.952277)
(8.774294, 1.233838, 13.959217), (8.78282, 1.233837, 14.008485), (8.881117, 1.23713, 13.991482)
(8.774294, 1.233838, 13.959217), (8.872473, 1.23713, 13.942235), (8.770474, 1.224303, 13.935302)
(9.282854, 1.251433, 13.969828), (9.184638, 1.247748, 13.987824), (9.189348, 1.238213, 14.011581)
(9.282854, 1.251433, 13.969828), (9.381063, 1.255129, 13.951805), (9.371803, 1.255129, 13.902671)
(8.979422, 1.240423, 13.974478), (8.988184, 1.240423, 14.023705), (9.077537, 1.244062, 13.956619)
(9.184638, 1.247748, 13.987824), (9.086422, 1.244062, 14.005823), (9.091063, 1.234527, 14.029593)
(9.184638, 1.247748, 13.987824), (9.282854, 1.251433, 13.969828), (9.273718, 1.251433, 13.920669)
# 9.71577538331334, 0, 13.65549478331334
(9.532372, 0.693596, 13.426928), (9.531827, 0.709211, 13.582676), (9.688699, 0.708696, 13.428713)
(9.532372, 0.693596, 13.426928), (9.688699, 0.708696, 13.428713), (9.689052, 0.693334, 13.272977)
(9.688699, 0.708696, 13.428713), (9.688169, 0.723996, 13.584405), (9.845, 0.722542, 13.430391)
(9.688699, 0.708696, 13.428713), (9.845, 0.722542, 13.430391), (9.845342, 0.707262, 13.274717)
(9.845, 0.722542, 13.430391), (9.844505, 0.737409, 13.586043), (10.001301, 0.734915, 13.431954)
(9.845, 0.722542, 13.430391), (10.001301, 0.734915, 13.431954), (10.001614, 0.719878, 13.276328)
(10.001301, 0.734915, 13.431954), (10.000856, 0.749348, 13.587587), (10.157633, 0.745623, 13.433411)
(10.001301, 0.734915, 13.431954), (10.157633, 0.745623, 13.433411), (10.157906, 0.730944, 13.277815)
(9.992701, 1.285423, 13.463444), (10.045273, 0.48234, 13.525064), (9.947099, 0.477527, 13.5455)
(9.992701, 1.285423, 13.463444), (10.089233, 1.290347, 13.443134), (10.045273, 0.48234, 13.525064)
(9.896063, 1.280677, 13.483454), (9.947099, 0.477527, 13.5455), (9.849007, 0.472985, 13.565449)
(9.896063, 1.280677, 13.483454), (9.992701, 1.285423, 13.463444), (9.947099, 0.477527, 13.5455)
(9.799268, 1.276187, 13.503035), (9.849007, 0.472985, 13.565449), (9.750923, 0.468443, 13.585396)
(9.799268, 1.276187, 13.503035), (9.896063, 1.280677, 13.483454), (9.849007, 0.472985, 13.565449)
(10.004642, 1.285423, 13.520783), (9.992701, 1.285423, 13.463444), (9.896063, 1.280677, 13.483454)
(10.004642, 1.285423, 13.520783), (10.101331, 1.290347, 13.500442), (9.992701, 1.285423, 13.463444)
(9.70248, 1.271696, 13.522618), (9.750923, 0.468443, 13.585396), (9.652809, 0.464079, 13.604959)
(9.70248, 1.271696, 13.522618), (9.799268, 1.276187, 13.503035), (9.750923, 0.468443, 13.585396)
(9.907848, 1.280677, 13.540826), (9.896063, 1.280677, 13.483454), (9.799268, 1.276187, 13.503035)
(9.907848, 1.280677, 13.540826), (10.004642, 1.285423, 13.520783), (9.896063, 1.280677, 13.483454)
(9.605579, 1.267379, 13.541844), (9.652809, 0.464079, 13.604959), (9.554657, 0.459958, 13.624005)
(9.605579, 1.267379, 13.541844), (9.70248, 1.271696, 13.522618), (9.652809, 0.464079, 13.604959)
(10.009915, 1.275893, 13.543834), (10.004642, 1.285423, 13.520783), (9.907848, 1.280677, 13.540826)
(10.009915, 1.275893, 13.543834), (10.106684, 1.280819, 13.523474), (10.004642, 1.285423, 13.520783)
(9.810894, 1.276187, 13.56044), (9.799268, 1.276187, 13.503035), (9.70248, 1.271696, 13.522618)
(9.810894, 1.276187, 13.56044), (9.907848, 1.280677, 13.540826), (9.799268, 1.276187, 13.503035)
(9.508521, 1.263297, 13.560586), (9.554657, 0.459958, 13.624005), (9.456503, 0.455836, 13.64305)
(9.508521, 1.263297, 13.560586), (9.605579, 1.267379, 13.541844), (9.554657, 0.459958, 13.624005)
(9.913042, 1.271147, 13.563893), (9.907848, 1.280677, 13.540826), (9.810894, 1.276187, 13.56044)
(9.913042, 1.271147, 13.563893), (10.009915, 1.275893, 13.543834), (9.907848, 1.280677, 13.540826)
(9.411464, 1.259214, 13.57933), (9.456503, 0.455836, 13.64305), (9.358341, 0.451715, 13.662096)
(9.411464, 1.259214, 13.57933), (9.508521, 1.263297, 13.560586), (9.456503, 0.455836, 13.64305)
(9.713946, 1.271696, 13.580055), (9.70248, 1.271696, 13.522618), (9.605579, 1.267379, 13.541844)
(9.713946, 1.271696, 13.580055), (9.810894, 1.276187, 13.56044), (9.70248, 1.271696, 13.522618)
(9.531827, 0.709211, 13.582676), (9.688169, 0.723996, 13.584405), (9.688699, 0.708696, 13.428713)
(9.531827, 0.709211, 13.582676), (9.531171, 0.724294, 13.738432), (9.688169, 0.723996, 13.584405)
(9.81601, 1.266656, 13.583525), (9.810894, 1.276187, 13.56044), (9.713946, 1.271696, 13.580055)
(9.81601, 1.266656, 13.583525), (9.913042, 1.271147, 13.563893), (9.810894, 1.276187, 13.56044)
(9.688169, 0.723996, 13.584405), (9.844505, 0.737409, 13.586043), (9.845, 0.722542, 13.430391)
(9.688169, 0.723996, 13.584405), (9.687548, 0.738504, 13.740128), (9.844505, 0.737409, 13.586043)
(9.844505, 0.737409, 13.586043), (10.000856, 0.749348, 13.587587), (10.001301, 0.734915, 13.431954)
(9.844505, 0.737409, 13.586043), (9.843927, 0.751301, 13.741743), (10.000856, 0.749348, 13.587587)
(10.000856, 0.749348, 13.587587), (10.157247, 0.759563, 13.589039), (10.157633, 0.745623, 13.433411)
(10.000856, 0.749348, 13.587587), (10.000328, 0.762345, 13.743276), (10.157247, 0.759563, 13.589039)
(9.616888, 1.267379, 13.599313), (9.605579, 1.267379, 13.541844), (9.508521, 1.263297, 13.560586)
(9.616888, 1.267379, 13.599313), (9.713946, 1.271696, 13.580055), (9.605579, 1.267379, 13.541844)
(9.718985, 1.262165, 13.603157), (9.713946, 1.271696, 13.580055), (9.616888, 1.267379, 13.599313)
(9.718985, 1.262165, 13.603157), (9.81601, 1.266656, 13.583525), (9.713946, 1.271696, 13.580055)
(9.519676, 1.263297, 13.618084), (9.508521, 1.263297, 13.560586), (9.411464, 1.259214, 13.57933)
(9.519676, 1.263297, 13.618084), (9.616888, 1.267379, 13.599313), (9.508521, 1.263297, 13.560586)
(9.621849, 1.257847, 13.622431), (9.616888, 1.267379, 13.599313), (9.519676, 1.263297, 13.618084)
(9.621849, 1.257847, 13.622431), (9.718985, 1.262165, 13.603157), (9.616888, 1.267379, 13.599313)
(9.422464, 1.259214, 13.636858), (9.411464, 1.259214, 13.57933), (9.3144, 1.255129, 13.598079)
(9.422464, 1.259214, 13.636858), (9.519676, 1.263297, 13.618084), (9.411464, 1.259214, 13.57933)
(9.524565, 1.253764, 13.641217), (9.519676, 1.263297, 13.618084), (9.422464, 1.259214, 13.636858)
(9.524565, 1.253764, 13.641217), (9.621849, 1.257847, 13.622431), (9.519676, 1.263297, 13.618084)
(9.427281, 1.249681, 13.660007), (9.422464, 1.259214, 13.636858), (9.325247, 1.255129, 13.655636)
(9.427281, 1.249681, 13.660007), (9.524565, 1.253764, 13.641217), (9.422464, 1.259214, 13.636858)
(10.04122, 1.275893, 13.694135), (10.009915, 1.275893, 13.543834), (9.913042, 1.271147, 13.563893)
(10.04122, 1.275893, 13.694135), (10.138394, 1.280818, 13.67369), (10.009915, 1.275893, 13.543834)
(9.943935, 1.271146, 13.71428), (9.913042, 1.271147, 13.563893), (9.81601, 1.266656, 13.583525)
(9.943935, 1.271146, 13.71428), (10.04122, 1.275893, 13.694135), (9.913042, 1.271147, 13.563893)
(10.045706, 1.285422, 13.717937), (9.948372, 1.280676, 13.738091), (10.055901, 1.285422, 13.766886)
(10.045706, 1.285422, 13.717937), (10.04122, 1.275893, 13.694135), (9.943935, 1.271146, 13.71428)
(10.045706, 1.285422, 13.717937), (10.055901, 1.285422, 13.766886), (10.153254, 1.290346, 13.746405)
(10.045706, 1.285422, 13.717937), (10.142926, 1.290346, 13.697483), (10.04122, 1.275893, 13.694135)
(9.846483, 1.266655, 13.733996), (9.81601, 1.266656, 13.583525), (9.718985, 1.262165, 13.603157)
(9.846483, 1.266655, 13.733996), (9.943935, 1.271146, 13.71428), (9.81601, 1.266656, 13.583525)
(9.948372, 1.280676, 13.738091), (9.850866, 1.276186, 13.757816), (9.958433, 1.280676, 13.787067)
(9.948372, 1.280676, 13.738091), (9.943935, 1.271146, 13.71428), (9.846483, 1.266655, 13.733996)
(9.948372, 1.280676, 13.738091), (9.958433, 1.280676, 13.787067), (10.055901, 1.285422, 13.766886)
(9.948372, 1.280676, 13.738091), (10.045706, 1.285422, 13.717937), (9.943935, 1.271146, 13.71428)
(9.531171, 0.724294, 13.738432), (9.530477, 0.73789, 13.894248), (9.687548, 0.738504, 13.740128)
(9.531171, 0.724294, 13.738432), (9.687548, 0.738504, 13.740128), (9.688169, 0.723996, 13.584405)
(9.687548, 0.738504, 13.740128), (9.843927, 0.751301, 13.741743), (9.844505, 0.737409, 13.586043)
(9.687548, 0.738504, 13.740128), (9.68689, 0.751397, 13.895918), (9.843927, 0.751301, 13.741743)
(9.843927, 0.751301, 13.741743), (9.843313, 0.763396, 13.897524), (10.000328, 0.762345, 13.743276)
(9.843927, 0.751301, 13.741743), (10.000328, 0.762345, 13.743276), (10.000856, 0.749348, 13.587587)
(10.000328, 0.762345, 13.743276), (9.999761, 0.773594, 13.899058), (10.15677, 0.771567, 13.744732)
(10.000328, 0.762345, 13.743276), (10.15677, 0.771567, 13.744732), (10.157247, 0.759563, 13.589039)
(9.749039, 1.262165, 13.753713), (9.718985, 1.262165, 13.603157), (9.621849, 1.257847, 13.622431)
(9.749039, 1.262165, 13.753713), (9.846483, 1.266655, 13.733996), (9.718985, 1.262165, 13.603157)
(9.850866, 1.276186, 13.757816), (9.75337, 1.271696, 13.777542), (9.860792, 1.276186, 13.806822)
(9.850866, 1.276186, 13.757816), (9.846483, 1.266655, 13.733996), (9.749039, 1.262165, 13.753713)
(9.850866, 1.276186, 13.757816), (9.860792, 1.276186, 13.806822), (9.958433, 1.280676, 13.787067)
(9.850866, 1.276186, 13.757816), (9.948372, 1.280676, 13.738091), (9.846483, 1.266655, 13.733996)
(9.651492, 1.257846, 13.773068), (9.621849, 1.257847, 13.622431), (9.524565, 1.253764, 13.641217)
(9.651492, 1.257846, 13.773068), (9.749039, 1.262165, 13.753713), (9.621849, 1.257847, 13.622431)
(9.75337, 1.271696, 13.777542), (9.65577, 1.267378, 13.796907), (9.763159, 1.271696, 13.826575)
(9.75337, 1.271696, 13.777542), (9.749039, 1.262165, 13.753713), (9.651492, 1.257846, 13.773068)
(9.75337, 1.271696, 13.777542), (9.763159, 1.271696, 13.826575), (9.860792, 1.276186, 13.806822)
(9.75337, 1.271696, 13.777542), (9.850866, 1.276186, 13.757816), (9.749039, 1.262165, 13.753713)
(9.958433, 1.280676, 13.787067), (9.968493, 1.280676, 13.836045), (10.055901, 1.285422, 13.766886)
(9.553804, 1.253764, 13.791934), (9.524565, 1.253764, 13.641217), (9.427281, 1.249681, 13.660007)
(9.553804, 1.253764, 13.791934), (9.651492, 1.257846, 13.773068), (9.524565, 1.253764, 13.641217)
(9.65577, 1.267378, 13.796907), (9.55803, 1.263296, 13.815783), (9.665424, 1.267378, 13.845966)
(9.65577, 1.267378, 13.796907), (9.651492, 1.257846, 13.773068), (9.553804, 1.253764, 13.791934)
(9.65577, 1.267378, 13.796907), (9.665424, 1.267378, 13.845966), (9.763159, 1.271696, 13.826575)
(9.65577, 1.267378, 13.796907), (9.75337, 1.271696, 13.777542), (9.651492, 1.257846, 13.773068)
(9.860792, 1.276186, 13.806822), (9.870716, 1.276186, 13.855826), (9.958433, 1.280676, 13.787067)
(9.456118, 1.24968, 13.810801), (9.427281, 1.249681, 13.660007), (9.32999, 1.245596, 13.678799)
(9.456118, 1.24968, 13.810801), (9.553804, 1.253764, 13.791934), (9.427281, 1.249681, 13.660007)
(9.55803, 1.263296, 13.815783), (9.460291, 1.259213, 13.834658), (9.567553, 1.263296, 13.864867)
(9.55803, 1.263296, 13.815783), (9.553804, 1.253764, 13.791934), (9.456118, 1.24968, 13.810801)
(9.55803, 1.263296, 13.815783), (9.567553, 1.263296, 13.864867), (9.665424, 1.267378, 13.845966)
(9.55803, 1.263296, 13.815783), (9.65577, 1.267378, 13.796907), (9.553804, 1.253764, 13.791934)
(9.763159, 1.271696, 13.826575), (9.772946, 1.271695, 13.875607), (9.860792, 1.276186, 13.806822)
(9.460291, 1.259213, 13.834658), (9.362543, 1.255129, 13.853536), (9.469683, 1.259213, 13.883768)
(9.460291, 1.259213, 13.834658), (9.456118, 1.24968, 13.810801), (9.358423, 1.245596, 13.829669)
(9.460291, 1.259213, 13.834658), (9.469683, 1.259213, 13.883768), (9.567553, 1.263296, 13.864867)
(9.460291, 1.259213, 13.834658), (9.55803, 1.263296, 13.815783), (9.456118, 1.24968, 13.810801)
(9.968493, 1.280676, 13.836045), (9.870716, 1.276186, 13.855826), (9.875946, 1.266655, 13.879476)
(9.968493, 1.280676, 13.836045), (10.066095, 1.285422, 13.815835), (10.055901, 1.285422, 13.766886)
(9.665424, 1.267378, 13.845966), (9.675077, 1.267378, 13.895025), (9.763159, 1.271696, 13.826575)
(9.870716, 1.276186, 13.855826), (9.772946, 1.271695, 13.875607), (9.778097, 1.262164, 13.899274)
(9.870716, 1.276186, 13.855826), (9.968493, 1.280676, 13.836045), (9.958433, 1.280676, 13.787067)
(9.973803, 1.271146, 13.859676), (9.968493, 1.280676, 13.836045), (9.875946, 1.266655, 13.879476)
(9.973803, 1.271146, 13.859676), (9.875946, 1.266655, 13.879476), (9.90642, 1.266654, 14.029947)
(9.567553, 1.263296, 13.864867), (9.577076, 1.263295, 13.913952), (9.665424, 1.267378, 13.845966)
(9.772946, 1.271695, 13.875607), (9.675077, 1.267378, 13.895025), (9.680151, 1.257846, 13.918708)
(9.772946, 1.271695, 13.875607), (9.870716, 1.276186, 13.855826), (9.860792, 1.276186, 13.806822)
(9.875946, 1.266655, 13.879476), (9.870716, 1.276186, 13.855826), (9.778097, 1.262164, 13.899274)
(9.875946, 1.266655, 13.879476), (9.778097, 1.262164, 13.899274), (9.808151, 1.262164, 14.049829)
(9.469683, 1.259213, 13.883768), (9.479074, 1.259212, 13.932878), (9.567553, 1.263296, 13.864867)
(9.530477, 0.73789, 13.894248), (9.68689, 0.751397, 13.895918), (9.687548, 0.738504, 13.740128)
(9.530477, 0.73789, 13.894248), (9.529799, 0.749646, 14.05017), (9.68689, 0.751397, 13.895918)
(9.675077, 1.267378, 13.895025), (9.577076, 1.263295, 13.913952), (9.582075, 1.253763, 13.93765)
(9.675077, 1.267378, 13.895025), (9.772946, 1.271695, 13.875607), (9.763159, 1.271696, 13.826575)
(9.68689, 0.751397, 13.895918), (9.843313, 0.763396, 13.897524), (9.843927, 0.751301, 13.741743)
(9.68689, 0.751397, 13.895918), (9.686248, 0.762234, 14.051824), (9.843313, 0.763396, 13.897524)
(9.843313, 0.763396, 13.897524), (9.999761, 0.773594, 13.899058), (10.000328, 0.762345, 13.743276)
(9.843313, 0.763396, 13.897524), (9.84271, 0.773187, 14.053422), (9.999761, 0.773594, 13.899058)
(9.999761, 0.773594, 13.899058), (10.156251, 0.781655, 13.900527), (10.15677, 0.771567, 13.744732)
(9.999761, 0.773594, 13.899058), (9.999199, 0.782156, 14.054965), (10.156251, 0.781655, 13.900527)
(9.778097, 1.262164, 13.899274), (9.772946, 1.271695, 13.875607), (9.680151, 1.257846, 13.918708)
(9.778097, 1.262164, 13.899274), (9.680151, 1.257846, 13.918708), (9.709794, 1.257846, 14.069345)
(9.577076, 1.263295, 13.913952), (9.479074, 1.259212, 13.932878), (9.483998, 1.24968, 13.956591)
(9.577076, 1.263295, 13.913952), (9.675077, 1.267378, 13.895025), (9.665424, 1.267378, 13.845966)
(9.680151, 1.257846, 13.918708), (9.675077, 1.267378, 13.895025), (9.582075, 1.253763, 13.93765)
(9.680151, 1.257846, 13.918708), (9.582075, 1.253763, 13.93765), (9.611315, 1.253762, 14.088366)
(9.479074, 1.259212, 13.932878), (9.381063, 1.255129, 13.951805), (9.385914, 1.245596, 13.975534)
(9.479074, 1.259212, 13.932878), (9.577076, 1.263295, 13.913952), (9.567553, 1.263296, 13.864867)
(9.582075, 1.253763, 13.93765), (9.577076, 1.263295, 13.913952), (9.483998, 1.24968, 13.956591)
(9.582075, 1.253763, 13.93765), (9.483998, 1.24968, 13.956591), (9.512835, 1.249679, 14.107386)
(9.483998, 1.24968, 13.956591), (9.479074, 1.259212, 13.932878), (9.385914, 1.245596, 13.975534)
(9.483998, 1.24968, 13.956591), (9.385914, 1.245596, 13.975534), (9.414347, 1.245596, 14.126405)
(9.385914, 1.245596, 13.975534), (9.381063, 1.255129, 13.951805), (9.287634, 1.2419, 13.993569)
(9.385914, 1.245596, 13.975534), (9.287634, 1.2419, 13.993569), (9.315683, 1.241899, 14.144512)
