# 10.383545616646671, 0, 16.326575716646676
(10.149869, 0.766756, 16.086058), (10.306407, 0.763024, 16.087189), (10.307064, 0.771347, 15.931662)
(10.149869, 0.766756, 16.086058), (10.14915, 0.75558, 16.241482), (10.306407, 0.763024, 16.087189)
(10.306407, 0.763024, 16.087189), (10.462969, 0.758082, 16.088284), (10.463587, 0.767112, 15.932769)
(10.306407, 0.763024, 16.087189), (10.305721, 0.750961, 16.242584), (10.462969, 0.758082, 16.088284)
(10.462969, 0.758082, 16.088284), (10.619559, 0.75212, 16.089342), (10.620136, 0.761864, 15.933834)
(10.462969, 0.758082, 16.088284), (10.462323, 0.745207, 16.243673), (10.619559, 0.75212, 16.089342)
(10.619559, 0.75212, 16.089342), (10.776187, 0.745344, 16.090357), (10.776716, 0.755681, 15.93484)
(10.619559, 0.75212, 16.089342), (10.618959, 0.738368, 16.244736), (10.776187, 0.745344, 16.090357)
(10.14915, 0.75558, 16.241482), (10.148429, 0.740339, 16.396801), (10.305721, 0.750961, 16.242584)
(10.14915, 0.75558, 16.241482), (10.305721, 0.750961, 16.242584), (10.306407, 0.763024, 16.087189)
(10.305721, 0.750961, 16.242584), (10.462323, 0.745207, 16.243673), (10.462969, 0.758082, 16.088284)
(10.305721, 0.750961, 16.242584), (10.305035, 0.73458, 16.397894), (10.462323, 0.745207, 16.243673)
(10.462323, 0.745207, 16.243673), (10.461676, 0.727801, 16.398985), (10.618959, 0.738368, 16.244736)
(10.462323, 0.745207, 16.243673), (10.618959, 0.738368, 16.244736), (10.619559, 0.75212, 16.089342)
(10.618959, 0.738368, 16.244736), (10.618358, 0.719921, 16.400053), (10.775637, 0.730522, 16.245764)
(10.618959, 0.738368, 16.244736), (10.775637, 0.730522, 16.245764), (10.776187, 0.745344, 16.090357)
(10.148429, 0.740339, 16.396801), (10.305035, 0.73458, 16.397894), (10.305721, 0.750961, 16.242584)
(10.148429, 0.740339, 16.396801), (10.147728, 0.719531, 16.55201), (10.305035, 0.73458, 16.397894)
(10.305035, 0.73458, 16.397894), (10.461676, 0.727801, 16.398985), (10.462323, 0.745207, 16.243673)
(10.305035, 0.73458, 16.397894), (10.304371, 0.712625, 16.553112), (10.461676, 0.727801, 16.398985)
(10.461676, 0.727801, 16.398985), (10.618358, 0.719921, 16.400053), (10.618959, 0.738368, 16.244736)
(10.461676, 0.727801, 16.398985), (10.461055, 0.704425, 16.554211), (10.618358, 0.719921, 16.400053)
(10.618358, 0.719921, 16.400053), (10.775081, 0.711087, 16.4011), (10.775637, 0.730522, 16.245764)
(10.618358, 0.719921, 16.400053), (10.617779, 0.695433, 16.555294), (10.775081, 0.711087, 16.4011)
(10.147728, 0.719531, 16.55201), (10.147043, 0.691382, 16.706964), (10.304371, 0.712625, 16.553112)
(10.147728, 0.719531, 16.55201), (10.304371, 0.712625, 16.553112), (10.305035, 0.73458, 16.397894)
(10.304371, 0.712625, 16.553112), (10.303722, 0.683043, 16.708082), (10.461055, 0.704425, 16.554211)
(10.304371, 0.712625, 16.553112), (10.461055, 0.704425, 16.554211), (10.461676, 0.727801, 16.398985)
(10.461055, 0.704425, 16.554211), (10.460443, 0.673553, 16.709211), (10.617779, 0.695433, 16.555294)
(10.461055, 0.704425, 16.554211), (10.617779, 0.695433, 16.555294), (10.618358, 0.719921, 16.400053)
(10.617779, 0.695433, 16.555294), (10.617207, 0.66321, 16.710339), (10.774545, 0.685432, 16.556366)
(10.617779, 0.695433, 16.555294), (10.774545, 0.685432, 16.556366), (10.775081, 0.711087, 16.4011)
# 11.051315849980007, 0, 16.326575716646676
(10.776187, 0.745344, 16.090357), (10.932851, 0.737742, 16.091324), (10.933334, 0.748666, 15.935791)
(10.776187, 0.745344, 16.090357), (10.775637, 0.730522, 16.245764), (10.932851, 0.737742, 16.091324)
(10.932851, 0.737742, 16.091324), (11.089552, 0.729413, 16.092236), (11.089993, 0.740878, 15.936679)
(10.932851, 0.737742, 16.091324), (10.932345, 0.722183, 16.246754), (11.089552, 0.729413, 16.092236)
(11.089552, 0.729413, 16.092236), (11.246283, 0.720533, 16.093111), (11.246686, 0.732543, 15.937519)
(11.089552, 0.729413, 16.092236), (11.08909, 0.713369, 16.247704), (11.246283, 0.720533, 16.093111)
(11.246283, 0.720533, 16.093111), (11.403046, 0.711177, 16.093941), (11.403413, 0.723587, 15.938316)
(11.246283, 0.720533, 16.093111), (11.245863, 0.703862, 16.248615), (11.403046, 0.711177, 16.093941)
(10.775637, 0.730522, 16.245764), (10.775081, 0.711087, 16.4011), (10.932345, 0.722183, 16.246754)
(10.775637, 0.730522, 16.245764), (10.932345, 0.722183, 16.246754), (10.932851, 0.737742, 16.091324)
(10.932345, 0.722183, 16.246754), (11.08909, 0.713369, 16.247704), (11.089552, 0.729413, 16.092236)
(10.932345, 0.722183, 16.246754), (10.931835, 0.701812, 16.402119), (11.08909, 0.713369, 16.247704)
(11.08909, 0.713369, 16.247704), (11.088625, 0.692248, 16.403114), (11.245863, 0.703862, 16.248615)
(11.08909, 0.713369, 16.247704), (11.245863, 0.703862, 16.248615), (11.246283, 0.720533, 16.093111)
(11.245863, 0.703862, 16.248615), (11.24544, 0.681947, 16.404072), (11.402665, 0.693437, 16.249483)
(11.245863, 0.703862, 16.248615), (11.402665, 0.693437, 16.249483), (11.403046, 0.711177, 16.093941)
(10.775081, 0.711087, 16.4011), (10.931835, 0.701812, 16.402119), (10.932345, 0.722183, 16.246754)
(10.775081, 0.711087, 16.4011), (10.774545, 0.685432, 16.556366), (10.931835, 0.701812, 16.402119)
(10.931835, 0.701812, 16.402119), (11.088625, 0.692248, 16.403114), (11.08909, 0.713369, 16.247704)
(10.931835, 0.701812, 16.402119), (10.931343, 0.675219, 16.557421), (11.088625, 0.692248, 16.403114)
(11.088625, 0.692248, 16.403114), (11.24544, 0.681947, 16.404072), (11.245863, 0.703862, 16.248615)
(11.088625, 0.692248, 16.403114), (11.088175, 0.664445, 16.558455), (11.24544, 0.681947, 16.404072)
(11.24544, 0.681947, 16.404072), (11.402283, 0.670975, 16.404993), (11.402665, 0.693437, 16.249483)
(11.24544, 0.681947, 16.404072), (11.245033, 0.653389, 16.559462), (11.402283, 0.670975, 16.404993)
(10.774545, 0.685432, 16.556366), (10.774012, 0.652024, 16.711449), (10.931343, 0.675219, 16.557421)
(10.774545, 0.685432, 16.556366), (10.931343, 0.675219, 16.557421), (10.931835, 0.701812, 16.402119)
(10.931343, 0.675219, 16.557421), (10.930848, 0.640514, 16.712534), (11.088175, 0.664445, 16.558455)
(10.931343, 0.675219, 16.557421), (11.088175, 0.664445, 16.558455), (11.088625, 0.692248, 16.403114)
(11.088175, 0.664445, 16.558455), (11.087721, 0.628782, 16.713604), (11.245033, 0.653389, 16.559462)
(11.088175, 0.664445, 16.558455), (11.245033, 0.653389, 16.559462), (11.24544, 0.681947, 16.404072)
(11.245033, 0.653389, 16.559462), (11.244622, 0.616861, 16.71467), (11.401912, 0.6418, 16.56044)
(11.245033, 0.653389, 16.559462), (11.401912, 0.6418, 16.56044), (11.402283, 0.670975, 16.404993)
# 11.71908608331334, 0, 16.326575716646676
(11.403046, 0.711177, 16.093941), (11.559832, 0.700743, 16.094736), (11.560168, 0.713721, 15.939078)
(11.403046, 0.711177, 16.093941), (11.402665, 0.693437, 16.249483), (11.559832, 0.700743, 16.094736)
(11.559832, 0.700743, 16.094736), (11.716637, 0.689179, 16.095499), (11.716946, 0.702693, 15.939807)
(11.559832, 0.700743, 16.094736), (11.559486, 0.682486, 16.250328), (11.716637, 0.689179, 16.095499)
(11.716637, 0.689179, 16.095499), (11.873455, 0.676611, 16.096247), (11.873736, 0.690723, 15.940512)
(11.716637, 0.689179, 16.095499), (11.716323, 0.670701, 16.251144), (11.873455, 0.676611, 16.096247)
(11.873455, 0.676611, 16.096247), (12.030278, 0.663083, 16.096975), (12.030535, 0.677591, 15.941202)
(11.873455, 0.676611, 16.096247), (11.873169, 0.657671, 16.25194), (12.030278, 0.663083, 16.096975)
(12.030278, 0.663083, 16.096975), (12.187096, 0.647906, 16.097689), (12.18733, 0.662982, 15.941877)
(12.030278, 0.663083, 16.096975), (12.03002, 0.643079, 16.252707), (12.187096, 0.647906, 16.097689)
(11.402665, 0.693437, 16.249483), (11.402283, 0.670975, 16.404993), (11.559486, 0.682486, 16.250328)
(11.402665, 0.693437, 16.249483), (11.559486, 0.682486, 16.250328), (11.559832, 0.700743, 16.094736)
(11.559486, 0.682486, 16.250328), (11.716323, 0.670701, 16.251144), (11.716637, 0.689179, 16.095499)
(11.559486, 0.682486, 16.250328), (11.559142, 0.659331, 16.405888), (11.716323, 0.670701, 16.251144)
(11.716323, 0.670701, 16.251144), (11.716013, 0.647017, 16.406754), (11.873169, 0.657671, 16.25194)
(11.716323, 0.670701, 16.251144), (11.873169, 0.657671, 16.25194), (11.873455, 0.676611, 16.096247)
(11.873169, 0.657671, 16.25194), (11.872891, 0.633353, 16.407597), (12.03002, 0.643079, 16.252707)
(11.873169, 0.657671, 16.25194), (12.03002, 0.643079, 16.252707), (12.030278, 0.663083, 16.096975)
(12.03002, 0.643079, 16.252707), (12.029767, 0.618317, 16.408409), (12.186862, 0.62753, 16.25346)
(12.03002, 0.643079, 16.252707), (12.186862, 0.62753, 16.25346), (12.187096, 0.647906, 16.097689)
(11.402283, 0.670975, 16.404993), (11.559142, 0.659331, 16.405888), (11.559486, 0.682486, 16.250328)
(11.402283, 0.670975, 16.404993), (11.401912, 0.6418, 16.56044), (11.559142, 0.659331, 16.405888)
(11.559142, 0.659331, 16.405888), (11.716013, 0.647017, 16.406754), (11.716323, 0.670701, 16.251144)
(11.559142, 0.659331, 16.405888), (11.558808, 0.629477, 16.561382), (11.716013, 0.647017, 16.406754)
(11.716013, 0.647017, 16.406754), (11.872891, 0.633353, 16.407597), (11.873169, 0.657671, 16.25194)
(11.716013, 0.647017, 16.406754), (11.715715, 0.616166, 16.562296), (11.872891, 0.633353, 16.407597)
(11.872891, 0.633353, 16.407597), (12.029767, 0.618317, 16.408409), (12.03002, 0.643079, 16.252707)
(11.872891, 0.633353, 16.407597), (11.872621, 0.602031, 16.563183), (12.029767, 0.618317, 16.408409)
(12.029767, 0.618317, 16.408409), (12.186634, 0.602298, 16.409203), (12.186862, 0.62753, 16.25346)
(12.029767, 0.618317, 16.408409), (12.029523, 0.586516, 16.564041), (12.186634, 0.602298, 16.409203)
(11.401912, 0.6418, 16.56044), (11.401543, 0.604558, 16.715714), (11.558808, 0.629477, 16.561382)
(11.401912, 0.6418, 16.56044), (11.558808, 0.629477, 16.561382), (11.559142, 0.659331, 16.405888)
(11.558808, 0.629477, 16.561382), (11.558476, 0.591397, 16.716721), (11.715715, 0.616166, 16.562296)
(11.558808, 0.629477, 16.561382), (11.715715, 0.616166, 16.562296), (11.716013, 0.647017, 16.406754)
(11.715715, 0.616166, 16.562296), (11.71542, 0.577459, 16.717697), (11.872621, 0.602031, 16.563183)
(11.715715, 0.616166, 16.562296), (11.872621, 0.602031, 16.563183), (11.872891, 0.633353, 16.407597)
(11.872621, 0.602031, 16.563183), (11.872357, 0.562674, 16.718636), (12.029523, 0.586516, 16.564041)
(11.872621, 0.602031, 16.563183), (12.029523, 0.586516, 16.564041), (12.029767, 0.618317, 16.408409)
(12.029523, 0.586516, 16.564041), (12.029284, 0.546782, 16.719534), (12.186413, 0.570315, 16.564877)
(12.029523, 0.586516, 16.564041), (12.186413, 0.570315, 16.564877), (12.186634, 0.602298, 16.409203)
# 12.386856316646675, 0, 16.326575716646676
(12.187096, 0.647906, 16.097689), (12.343901, 0.631173, 16.098381), (12.344116, 0.646712, 15.942539)
(12.187096, 0.647906, 16.097689), (12.186862, 0.62753, 16.25346), (12.343901, 0.631173, 16.098381)
(12.343901, 0.631173, 16.098381), (12.500683, 0.613129, 16.099054), (12.500882, 0.629207, 15.943183)
(12.343901, 0.631173, 16.098381), (12.343688, 0.610745, 16.254194), (12.500683, 0.613129, 16.099054)
(12.500683, 0.613129, 16.099054), (12.657434, 0.593577, 16.099703), (12.657618, 0.609981, 15.943798)
(12.500683, 0.613129, 16.099054), (12.500491, 0.592395, 16.2549), (12.657434, 0.593577, 16.099703)
(12.657434, 0.593577, 16.099703), (12.81415, 0.572655, 16.100315), (12.814317, 0.589507, 15.944386)
(12.657434, 0.593577, 16.099703), (12.657257, 0.572279, 16.255571), (12.81415, 0.572655, 16.100315)
(12.186862, 0.62753, 16.25346), (12.343688, 0.610745, 16.254194), (12.343901, 0.631173, 16.098381)
(12.186862, 0.62753, 16.25346), (12.186634, 0.602298, 16.409203), (12.343688, 0.610745, 16.254194)
(12.343688, 0.610745, 16.254194), (12.343483, 0.585292, 16.409973), (12.500491, 0.592395, 16.2549)
(12.343688, 0.610745, 16.254194), (12.500491, 0.592395, 16.2549), (12.500683, 0.613129, 16.099054)
(12.500491, 0.592395, 16.2549), (12.500304, 0.566683, 16.410711), (12.657257, 0.572279, 16.255571)
(12.500491, 0.592395, 16.2549), (12.657257, 0.572279, 16.255571), (12.657434, 0.593577, 16.099703)
(12.657257, 0.572279, 16.255571), (12.657088, 0.54672, 16.411411), (12.813987, 0.551227, 16.25621)
(12.657257, 0.572279, 16.255571), (12.813987, 0.551227, 16.25621), (12.81415, 0.572655, 16.100315)
(12.186634, 0.602298, 16.409203), (12.343483, 0.585292, 16.409973), (12.343688, 0.610745, 16.254194)
(12.186634, 0.602298, 16.409203), (12.186413, 0.570315, 16.564877), (12.343483, 0.585292, 16.409973)
(12.343483, 0.585292, 16.409973), (12.500304, 0.566683, 16.410711), (12.500491, 0.592395, 16.2549)
(12.343483, 0.585292, 16.409973), (12.343281, 0.552901, 16.565681), (12.500304, 0.566683, 16.410711)
(12.500304, 0.566683, 16.410711), (12.657088, 0.54672, 16.411411), (12.657257, 0.572279, 16.255571)
(12.500304, 0.566683, 16.410711), (12.500115, 0.534548, 16.566452), (12.657088, 0.54672, 16.411411)
(12.657088, 0.54672, 16.411411), (12.813829, 0.525677, 16.412069), (12.813987, 0.551227, 16.25621)
(12.657088, 0.54672, 16.411411), (12.656914, 0.51507, 16.567177), (12.813829, 0.525677, 16.412069)
(12.186413, 0.570315, 16.564877), (12.18619, 0.530346, 16.720402), (12.343281, 0.552901, 16.565681)
(12.186413, 0.570315, 16.564877), (12.343281, 0.552901, 16.565681), (12.343483, 0.585292, 16.409973)
(12.343281, 0.552901, 16.565681), (12.343077, 0.513189, 16.721247), (12.500115, 0.534548, 16.566452)
(12.343281, 0.552901, 16.565681), (12.500115, 0.534548, 16.566452), (12.500304, 0.566683, 16.410711)
(12.500115, 0.534548, 16.566452), (12.499926, 0.495349, 16.722054), (12.656914, 0.51507, 16.567177)
(12.500115, 0.534548, 16.566452), (12.656914, 0.51507, 16.567177), (12.657088, 0.54672, 16.411411)
(12.656914, 0.51507, 16.567177), (12.656734, 0.476854, 16.72282), (12.813665, 0.494506, 16.567856)
(12.656914, 0.51507, 16.567177), (12.813665, 0.494506, 16.567856), (12.813829, 0.525677, 16.412069)
# 13.054626549980007, 0, 16.326575716646676
(12.81415, 0.572655, 16.100315), (12.970819, 0.550214, 16.100885), (12.97097, 0.567342, 15.944938)
(12.81415, 0.572655, 16.100315), (12.813987, 0.551227, 16.25621), (12.970819, 0.550214, 16.100885)
(12.970819, 0.550214, 16.100885), (13.127436, 0.526549, 16.101406), (13.127577, 0.543946, 15.945443)
(12.970819, 0.550214, 16.100885), (12.970668, 0.529018, 16.256802), (13.127436, 0.526549, 16.101406)
(13.127436, 0.526549, 16.101406), (13.283998, 0.50185, 16.101877), (13.284132, 0.519221, 15.945896)
(13.127436, 0.526549, 16.101406), (13.127298, 0.505474, 16.257338), (13.283998, 0.50185, 16.101877)
(13.283998, 0.50185, 16.101877), (13.440505, 0.475776, 16.102274), (13.440629, 0.49313, 15.946289)
(13.283998, 0.50185, 16.101877), (13.283864, 0.480605, 16.257809), (13.440505, 0.475776, 16.102274)
(12.813987, 0.551227, 16.25621), (12.970668, 0.529018, 16.256802), (12.970819, 0.550214, 16.100885)
(12.813987, 0.551227, 16.25621), (12.813829, 0.525677, 16.412069), (12.970668, 0.529018, 16.256802)
(12.970668, 0.529018, 16.256802), (12.970522, 0.503725, 16.41268), (13.127298, 0.505474, 16.257338)
(12.970668, 0.529018, 16.256802), (13.127298, 0.505474, 16.257338), (13.127436, 0.526549, 16.101406)
(13.127298, 0.505474, 16.257338), (13.127155, 0.480483, 16.413227), (13.283864, 0.480605, 16.257809)
(13.127298, 0.505474, 16.257338), (13.283864, 0.480605, 16.257809), (13.283998, 0.50185, 16.101877)
(13.283864, 0.480605, 16.257809), (13.28373, 0.456197, 16.413706), (13.440374, 0.455009, 16.258219)
(13.283864, 0.480605, 16.257809), (13.440374, 0.455009, 16.258219), (13.440505, 0.475776, 16.102274)
(12.813829, 0.525677, 16.412069), (12.970522, 0.503725, 16.41268), (12.970668, 0.529018, 16.256802)
(12.813829, 0.525677, 16.412069), (12.813665, 0.494506, 16.567856), (12.970522, 0.503725, 16.41268)
(12.970522, 0.503725, 16.41268), (13.127155, 0.480483, 16.413227), (13.127298, 0.505474, 16.257338)
(12.970522, 0.503725, 16.41268), (12.970361, 0.472952, 16.568478), (13.127155, 0.480483, 16.413227)
(13.127155, 0.480483, 16.413227), (13.28373, 0.456197, 16.413706), (13.283864, 0.480605, 16.257809)
(13.127155, 0.480483, 16.413227), (13.127001, 0.450762, 16.56904), (13.28373, 0.456197, 16.413706)
(13.28373, 0.456197, 16.413706), (13.440243, 0.43126, 16.414116), (13.440374, 0.455009, 16.258219)
(13.28373, 0.456197, 16.413706), (13.283578, 0.427633, 16.569527), (13.440243, 0.43126, 16.414116)
(12.813665, 0.494506, 16.567856), (12.813492, 0.457243, 16.723532), (12.970361, 0.472952, 16.568478)
(12.813665, 0.494506, 16.567856), (12.970361, 0.472952, 16.568478), (12.970522, 0.503725, 16.41268)
(12.970361, 0.472952, 16.568478), (12.970195, 0.436728, 16.724178), (13.127001, 0.450762, 16.56904)
(12.970361, 0.472952, 16.568478), (13.127001, 0.450762, 16.56904), (13.127155, 0.480483, 16.413227)
(13.127001, 0.450762, 16.56904), (13.126833, 0.415427, 16.724751), (13.283578, 0.427633, 16.569527)
(13.127001, 0.450762, 16.56904), (13.283578, 0.427633, 16.569527), (13.28373, 0.456197, 16.413706)
(13.283578, 0.427633, 16.569527), (13.283411, 0.393344, 16.725243), (13.440096, 0.404056, 16.56995)
(13.283578, 0.427633, 16.569527), (13.440096, 0.404056, 16.56995), (13.440243, 0.43126, 16.414116)
# 13.722396783313343, 0, 16.326575716646676
(13.440505, 0.475776, 16.102274), (13.596952, 0.448609, 16.102602), (13.597073, 0.465724, 15.946612)
(13.440505, 0.475776, 16.102274), (13.440374, 0.455009, 16.258219), (13.596952, 0.448609, 16.102602)
(13.596952, 0.448609, 16.102602), (13.753345, 0.420611, 16.102848), (13.753464, 0.43738, 15.946859)
(13.596952, 0.448609, 16.102602), (13.59683, 0.428597, 16.258549), (13.753345, 0.420611, 16.102848)
(13.753345, 0.420611, 16.102848), (13.909691, 0.391931, 16.103012), (13.909805, 0.408095, 15.947027)
(13.753345, 0.420611, 16.102848), (13.753225, 0.401344, 16.258801), (13.909691, 0.391931, 16.103012)
(13.909691, 0.391931, 16.103012), (14.065981, 0.362474, 16.103081), (14.066099, 0.377976, 15.947102)
(13.909691, 0.391931, 16.103012), (13.909568, 0.373333, 16.258951), (14.065981, 0.362474, 16.103081)
(13.440374, 0.455009, 16.258219), (13.59683, 0.428597, 16.258549), (13.596952, 0.448609, 16.102602)
(13.440374, 0.455009, 16.258219), (13.440243, 0.43126, 16.414116), (13.59683, 0.428597, 16.258549)
(13.59683, 0.428597, 16.258549), (13.596699, 0.40575, 16.414454), (13.753225, 0.401344, 16.258801)
(13.59683, 0.428597, 16.258549), (13.753225, 0.401344, 16.258801), (13.753345, 0.420611, 16.102848)
(13.753225, 0.401344, 16.258801), (13.753098, 0.379474, 16.414698), (13.909568, 0.373333, 16.258951)
(13.753225, 0.401344, 16.258801), (13.909568, 0.373333, 16.258951), (13.909691, 0.391931, 16.103012)
(13.909568, 0.373333, 16.258951), (13.90944, 0.352677, 16.414852), (14.065862, 0.344929, 16.259018)
(13.909568, 0.373333, 16.258951), (14.065862, 0.344929, 16.259018), (14.065981, 0.362474, 16.103081)
(13.440243, 0.43126, 16.414116), (13.596699, 0.40575, 16.414454), (13.59683, 0.428597, 16.258549)
(13.440243, 0.43126, 16.414116), (13.440096, 0.404056, 16.56995), (13.596699, 0.40575, 16.414454)
(13.596699, 0.40575, 16.414454), (13.753098, 0.379474, 16.414698), (13.753225, 0.401344, 16.258801)
(13.596699, 0.40575, 16.414454), (13.596552, 0.379767, 16.570282), (13.753098, 0.379474, 16.414698)
(13.753098, 0.379474, 16.414698), (13.90944, 0.352677, 16.414852), (13.909568, 0.373333, 16.258951)
(13.753098, 0.379474, 16.414698), (13.752953, 0.354716, 16.570528), (13.90944, 0.352677, 16.414852)
(13.90944, 0.352677, 16.414852), (14.065733, 0.325401, 16.414911), (14.065862, 0.344929, 16.259018)
(13.90944, 0.352677, 16.414852), (13.909291, 0.32866, 16.570681), (14.065733, 0.325401, 16.414911)
(13.440096, 0.404056, 16.56995), (13.439931, 0.370726, 16.725664), (13.596552, 0.379767, 16.570282)
(13.440096, 0.404056, 16.56995), (13.596552, 0.379767, 16.570282), (13.596699, 0.40575, 16.414454)
(13.596552, 0.379767, 16.570282), (13.596382, 0.347148, 16.726), (13.752953, 0.354716, 16.570528)
(13.596552, 0.379767, 16.570282), (13.752953, 0.354716, 16.570528), (13.753098, 0.379474, 16.414698)
(13.752953, 0.354716, 16.570528), (13.752776, 0.32271, 16.72625), (13.909291, 0.32866, 16.570681)
(13.752953, 0.354716, 16.570528), (13.909291, 0.32866, 16.570681), (13.90944, 0.352677, 16.414852)
(13.909291, 0.32866, 16.570681), (13.909119, 0.297649, 16.72641), (14.06558, 0.301942, 16.570736)
(13.909291, 0.32866, 16.570681), (14.06558, 0.301942, 16.570736), (14.065733, 0.325401, 16.414911)
# 14.390167016646675, 0, 16.326575716646676
(14.690685, 0.241838, 16.102266), (14.846746, 0.211363, 16.101765), (14.846867, 0.222685, 15.945814)
(14.690685, 0.241838, 16.102266), (14.69056, 0.228326, 16.258188), (14.846746, 0.211363, 16.101765)
(14.534578, 0.272014, 16.102646), (14.690685, 0.241838, 16.102266), (14.690804, 0.253547, 15.946312)
(14.534578, 0.272014, 16.102646), (14.534453, 0.257949, 16.258568), (14.690685, 0.241838, 16.102266)
(14.378424, 0.302291, 16.1029), (14.534578, 0.272014, 16.102646), (14.534697, 0.284764, 15.946685)
(14.378424, 0.302291, 16.1029), (14.378305, 0.287138, 16.258835), (14.534578, 0.272014, 16.102646)
(14.222227, 0.332514, 16.103043), (14.378424, 0.302291, 16.1029), (14.378543, 0.31606, 15.946936)
(14.222227, 0.332514, 16.103043), (14.222105, 0.316163, 16.258982), (14.378424, 0.302291, 16.1029)
(14.065981, 0.362474, 16.103081), (14.222227, 0.332514, 16.103043), (14.222343, 0.34719, 15.94707)
(14.065981, 0.362474, 16.103081), (14.065862, 0.344929, 16.259018), (14.222227, 0.332514, 16.103043)
(14.69056, 0.228326, 16.258188), (14.846622, 0.197558, 16.257692), (14.846746, 0.211363, 16.101765)
(14.69056, 0.228326, 16.258188), (14.690422, 0.210635, 16.414066), (14.846622, 0.197558, 16.257692)
(14.534453, 0.257949, 16.258568), (14.53432, 0.240891, 16.414446), (14.69056, 0.228326, 16.258188)
(14.534453, 0.257949, 16.258568), (14.69056, 0.228326, 16.258188), (14.690685, 0.241838, 16.102266)
(14.378305, 0.287138, 16.258835), (14.37817, 0.269451, 16.414717), (14.534453, 0.257949, 16.258568)
(14.378305, 0.287138, 16.258835), (14.534453, 0.257949, 16.258568), (14.534578, 0.272014, 16.102646)
(14.222105, 0.316163, 16.258982), (14.221977, 0.297622, 16.414871), (14.378305, 0.287138, 16.258835)
(14.222105, 0.316163, 16.258982), (14.378305, 0.287138, 16.258835), (14.378424, 0.302291, 16.1029)
(14.065862, 0.344929, 16.259018), (14.222105, 0.316163, 16.258982), (14.222227, 0.332514, 16.103043)
(14.065862, 0.344929, 16.259018), (14.065733, 0.325401, 16.414911), (14.222105, 0.316163, 16.258982)
(14.690422, 0.210635, 16.414066), (14.846483, 0.178534, 16.413572), (14.846622, 0.197558, 16.257692)
(14.690422, 0.210635, 16.414066), (14.690258, 0.186143, 16.569878), (14.846483, 0.178534, 16.413572)
(14.53432, 0.240891, 16.414446), (14.690422, 0.210635, 16.414066), (14.69056, 0.228326, 16.258188)
(14.53432, 0.240891, 16.414446), (14.534159, 0.217933, 16.570253), (14.690422, 0.210635, 16.414066)
(14.37817, 0.269451, 16.414717), (14.53432, 0.240891, 16.414446), (14.534453, 0.257949, 16.258568)
(14.37817, 0.269451, 16.414717), (14.37801, 0.247439, 16.570524), (14.53432, 0.240891, 16.414446)
(14.221977, 0.297622, 16.414871), (14.37817, 0.269451, 16.414717), (14.378305, 0.287138, 16.258835)
(14.221977, 0.297622, 16.414871), (14.22182, 0.274793, 16.570683), (14.37817, 0.269451, 16.414717)
(14.065733, 0.325401, 16.414911), (14.221977, 0.297622, 16.414871), (14.222105, 0.316163, 16.258982)
(14.065733, 0.325401, 16.414911), (14.06558, 0.301942, 16.570736), (14.221977, 0.297622, 16.414871)
(14.690258, 0.186143, 16.569878), (14.690071, 0.154218, 16.72562), (14.846321, 0.152778, 16.569389)
(14.690258, 0.186143, 16.569878), (14.846321, 0.152778, 16.569389), (14.846483, 0.178534, 16.413572)
(14.534159, 0.217933, 16.570253), (14.533968, 0.187052, 16.725986), (14.690258, 0.186143, 16.569878)
(14.534159, 0.217933, 16.570253), (14.690258, 0.186143, 16.569878), (14.690422, 0.210635, 16.414066)
(14.37801, 0.247439, 16.570524), (14.377824, 0.217831, 16.726254), (14.534159, 0.217933, 16.570253)
(14.37801, 0.247439, 16.570524), (14.534159, 0.217933, 16.570253), (14.53432, 0.240891, 16.414446)
(14.22182, 0.274793, 16.570683), (14.221636, 0.245822, 16.726408), (14.37801, 0.247439, 16.570524)
(14.22182, 0.274793, 16.570683), (14.37801, 0.247439, 16.570524), (14.37817, 0.269451, 16.414717)
(14.06558, 0.301942, 16.570736), (14.065399, 0.271996, 16.726461), (14.22182, 0.274793, 16.570683)
(14.06558, 0.301942, 16.570736), (14.22182, 0.274793, 16.570683), (14.221977, 0.297622, 16.414871)
# 15.05793724998001, 0, 16.326575716646676
(15.310259, 0.09676, 16.096794), (15.461411, 0.042222, 16.092861), (15.460424, 0.052174, 15.93609)
(15.310259, 0.09676, 16.096794), (15.311036, 0.082601, 16.253305), (15.461411, 0.042222, 16.092861)
(15.157436, 0.143197, 16.0996), (15.310259, 0.09676, 16.096794), (15.309649, 0.106842, 15.940327)
(15.157436, 0.143197, 16.0996), (15.157787, 0.129152, 16.255831), (15.310259, 0.09676, 16.096794)
(15.002701, 0.180172, 16.101105), (15.157436, 0.143197, 16.0996), (15.157161, 0.153344, 15.943385)
(15.002701, 0.180172, 16.101105), (15.002632, 0.165719, 16.257069), (15.157436, 0.143197, 16.0996)
(14.846746, 0.211363, 16.101765), (15.002701, 0.180172, 16.101105), (15.00272, 0.191067, 15.945093)
(14.846746, 0.211363, 16.101765), (14.846622, 0.197558, 16.257692), (15.002701, 0.180172, 16.101105)
(15.311036, 0.082601, 16.253305), (15.462608, 0.027962, 16.249659), (15.461411, 0.042222, 16.092861)
(15.311036, 0.082601, 16.253305), (15.311972, 0.062905, 16.409906), (15.462608, 0.027962, 16.249659)
(15.157787, 0.129152, 16.255831), (15.1581, 0.108518, 16.412014), (15.311036, 0.082601, 16.253305)
(15.157787, 0.129152, 16.255831), (15.311036, 0.082601, 16.253305), (15.310259, 0.09676, 16.096794)
(15.002632, 0.165719, 16.257069), (15.002503, 0.145205, 16.412964), (15.157787, 0.129152, 16.255831)
(15.002632, 0.165719, 16.257069), (15.157787, 0.129152, 16.255831), (15.157436, 0.143197, 16.0996)
(14.846622, 0.197558, 16.257692), (14.846483, 0.178534, 16.413572), (15.002632, 0.165719, 16.257069)
(14.846622, 0.197558, 16.257692), (15.002632, 0.165719, 16.257069), (15.002701, 0.180172, 16.101105)
(15.311972, 0.062905, 16.409906), (15.464167, 0.009372, 16.406673), (15.462608, 0.027962, 16.249659)
(15.311972, 0.062905, 16.409906), (15.312886, 0.03754, 16.566469), (15.464167, 0.009372, 16.406673)
(15.1581, 0.108518, 16.412014), (15.311972, 0.062905, 16.409906), (15.311036, 0.082601, 16.253305)
(15.1581, 0.108518, 16.412014), (15.158216, 0.080888, 16.568045), (15.311972, 0.062905, 16.409906)
(15.002503, 0.145205, 16.412964), (15.1581, 0.108518, 16.412014), (15.157787, 0.129152, 16.255831)
(15.002503, 0.145205, 16.412964), (15.002346, 0.117955, 16.5688), (15.1581, 0.108518, 16.412014)
(14.846483, 0.178534, 16.413572), (15.002503, 0.145205, 16.412964), (15.002632, 0.165719, 16.257069)
(14.846483, 0.178534, 16.413572), (14.846321, 0.152778, 16.569389), (15.002503, 0.145205, 16.412964)
(15.312886, 0.03754, 16.566469), (15.313534, 0.004692, 16.722816), (15.465885, -0.013515, 16.563768)
(15.312886, 0.03754, 16.566469), (15.465885, -0.013515, 16.563768), (15.464167, 0.009372, 16.406673)
(15.158216, 0.080888, 16.568045), (15.158159, 0.045787, 16.723921), (15.312886, 0.03754, 16.566469)
(15.158216, 0.080888, 16.568045), (15.312886, 0.03754, 16.566469), (15.311972, 0.062905, 16.409906)
(15.002346, 0.117955, 16.5688), (15.002164, 0.083575, 16.724583), (15.158216, 0.080888, 16.568045)
(15.002346, 0.117955, 16.5688), (15.158216, 0.080888, 16.568045), (15.1581, 0.108518, 16.412014)
(14.846321, 0.152778, 16.569389), (14.846136, 0.1199, 16.725153), (15.002346, 0.117955, 16.5688)
(14.846321, 0.152778, 16.569389), (15.002346, 0.117955, 16.5688), (15.002503, 0.145205, 16.412964)
# 15.725707483313343, 0, 16.326575716646676
(16.05496, -0.225296, 16.067846), (16.202677, -0.29185, 16.060749), (16.200291, -0.281405, 15.902892)
(16.05496, -0.225296, 16.067846), (16.058304, -0.234354, 16.226284), (16.202677, -0.29185, 16.060749)
(15.907547, -0.15524, 16.075058), (16.05496, -0.225296, 16.067846), (16.052752, -0.215102, 15.910116)
(15.907547, -0.15524, 16.075058), (15.910291, -0.166206, 16.233027), (16.05496, -0.225296, 16.067846)
(15.759726, -0.085807, 16.08182), (15.907547, -0.15524, 16.075058), (15.905603, -0.145086, 15.917525)
(15.759726, -0.085807, 16.08182), (15.761877, -0.098529, 16.239325), (15.907547, -0.15524, 16.075058)
(15.611153, -0.019033, 16.087864), (15.759726, -0.085807, 16.08182), (15.75812, -0.075433, 15.924551)
(15.611153, -0.019033, 16.087864), (15.612821, -0.032788, 16.245005), (15.759726, -0.085807, 16.08182)
(15.461411, 0.042222, 16.092861), (15.611153, -0.019033, 16.087864), (15.609825, -0.009049, 15.930817)
(15.461411, 0.042222, 16.092861), (15.462608, 0.027962, 16.249659), (15.611153, -0.019033, 16.087864)
(16.058304, -0.234354, 16.226284), (16.062912, -0.24218, 16.385645), (16.206573, -0.299113, 16.219631)
(16.058304, -0.234354, 16.226284), (16.206573, -0.299113, 16.219631), (16.202677, -0.29185, 16.060749)
(15.910291, -0.166206, 16.233027), (16.058304, -0.234354, 16.226284), (16.05496, -0.225296, 16.067846)
(15.910291, -0.166206, 16.233027), (15.914019, -0.177854, 16.39168), (16.058304, -0.234354, 16.226284)
(15.761877, -0.098529, 16.239325), (15.764827, -0.11311, 16.397375), (15.910291, -0.166206, 16.233027)
(15.761877, -0.098529, 16.239325), (15.910291, -0.166206, 16.233027), (15.907547, -0.15524, 16.075058)
(15.612821, -0.032788, 16.245005), (15.615065, -0.049545, 16.402519), (15.761877, -0.098529, 16.239325)
(15.612821, -0.032788, 16.245005), (15.761877, -0.098529, 16.239325), (15.759726, -0.085807, 16.08182)
(15.462608, 0.027962, 16.249659), (15.464167, 0.009372, 16.406673), (15.612821, -0.032788, 16.245005)
(15.462608, 0.027962, 16.249659), (15.612821, -0.032788, 16.245005), (15.611153, -0.019033, 16.087864)
(15.914019, -0.177854, 16.39168), (16.062912, -0.24218, 16.385645), (16.058304, -0.234354, 16.226284)
(15.914019, -0.177854, 16.39168), (15.918427, -0.190716, 16.550817), (16.062912, -0.24218, 16.385645)
(15.764827, -0.11311, 16.397375), (15.914019, -0.177854, 16.39168), (15.910291, -0.166206, 16.233027)
(15.764827, -0.11311, 16.397375), (15.768341, -0.129534, 16.555813), (15.914019, -0.177854, 16.39168)
(15.615065, -0.049545, 16.402519), (15.764827, -0.11311, 16.397375), (15.761877, -0.098529, 16.239325)
(15.615065, -0.049545, 16.402519), (15.617656, -0.069491, 16.560247), (15.764827, -0.11311, 16.397375)
(15.464167, 0.009372, 16.406673), (15.615065, -0.049545, 16.402519), (15.612821, -0.032788, 16.245005)
(15.464167, 0.009372, 16.406673), (15.465885, -0.013515, 16.563768), (15.615065, -0.049545, 16.402519)
(15.918427, -0.190716, 16.550817), (15.92318, -0.20598, 16.71019), (16.06839, -0.250519, 16.545641)
(15.918427, -0.190716, 16.550817), (16.06839, -0.250519, 16.545641), (16.062912, -0.24218, 16.385645)
(15.768341, -0.129534, 16.555813), (15.772046, -0.149382, 16.714365), (15.918427, -0.190716, 16.550817)
(15.768341, -0.129534, 16.555813), (15.918427, -0.190716, 16.550817), (15.914019, -0.177854, 16.39168)
(15.617656, -0.069491, 16.560247), (15.620255, -0.094457, 16.717939), (15.768341, -0.129534, 16.555813)
(15.617656, -0.069491, 16.560247), (15.768341, -0.129534, 16.555813), (15.764827, -0.11311, 16.397375)
(15.465885, -0.013515, 16.563768), (15.467497, -0.042645, 16.72077), (15.617656, -0.069491, 16.560247)
(15.465885, -0.013515, 16.563768), (15.617656, -0.069491, 16.560247), (15.615065, -0.049545, 16.402519)
# 16.39347771664668, 0, 16.326575716646676
(16.65337, -0.441344, 16.044861), (16.80722, -0.469247, 16.042429), (16.803612, -0.458729, 15.883974)
(16.65337, -0.441344, 16.044861), (16.658857, -0.445133, 16.204941), (16.80722, -0.469247, 16.042429)
(16.501532, -0.401466, 16.048904), (16.65337, -0.441344, 16.044861), (16.650141, -0.430366, 15.886607)
(16.501532, -0.401466, 16.048904), (16.506384, -0.407007, 16.208576), (16.65337, -0.441344, 16.044861)
(16.351345, -0.351407, 16.054277), (16.501532, -0.401466, 16.048904), (16.498713, -0.39012, 15.890848)
(16.351345, -0.351407, 16.054277), (16.355747, -0.357628, 16.213583), (16.501532, -0.401466, 16.048904)
(16.202677, -0.29185, 16.060749), (16.351345, -0.351407, 16.054277), (16.348864, -0.34019, 15.896369)
(16.202677, -0.29185, 16.060749), (16.206573, -0.299113, 16.219631), (16.351345, -0.351407, 16.054277)
(16.658857, -0.445133, 16.204941), (16.666054, -0.443797, 16.366467), (16.813213, -0.471611, 16.20282)
(16.658857, -0.445133, 16.204941), (16.813213, -0.471611, 16.20282), (16.80722, -0.469247, 16.042429)
(16.506384, -0.407007, 16.208576), (16.658857, -0.445133, 16.204941), (16.65337, -0.441344, 16.044861)
(16.506384, -0.407007, 16.208576), (16.513096, -0.407213, 16.36969), (16.658857, -0.445133, 16.204941)
(16.355747, -0.357628, 16.213583), (16.361881, -0.359889, 16.374197), (16.506384, -0.407007, 16.208576)
(16.355747, -0.357628, 16.213583), (16.506384, -0.407007, 16.208576), (16.501532, -0.401466, 16.048904)
(16.206573, -0.299113, 16.219631), (16.211996, -0.30393, 16.379654), (16.355747, -0.357628, 16.213583)
(16.206573, -0.299113, 16.219631), (16.355747, -0.357628, 16.213583), (16.351345, -0.351407, 16.054277)
(16.666054, -0.443797, 16.366467), (16.820976, -0.468588, 16.364735), (16.813213, -0.471611, 16.20282)
(16.666054, -0.443797, 16.366467), (16.674583, -0.439456, 16.529078), (16.820976, -0.468588, 16.364735)
(16.513096, -0.407213, 16.36969), (16.666054, -0.443797, 16.366467), (16.658857, -0.445133, 16.204941)
(16.513096, -0.407213, 16.36969), (16.521147, -0.405057, 16.531849), (16.666054, -0.443797, 16.366467)
(16.361881, -0.359889, 16.374197), (16.513096, -0.407213, 16.36969), (16.506384, -0.407007, 16.208576)
(16.361881, -0.359889, 16.374197), (16.369234, -0.360722, 16.535744), (16.513096, -0.407213, 16.36969)
(16.211996, -0.30393, 16.379654), (16.361881, -0.359889, 16.374197), (16.355747, -0.357628, 16.213583)
(16.211996, -0.30393, 16.379654), (16.218479, -0.308308, 16.540474), (16.361881, -0.359889, 16.374197)
(16.062912, -0.24218, 16.385645), (16.211996, -0.30393, 16.379654), (16.206573, -0.299113, 16.219631)
(16.062912, -0.24218, 16.385645), (16.06839, -0.250519, 16.545641), (16.211996, -0.30393, 16.379654)
(16.674583, -0.439456, 16.529078), (16.683825, -0.435461, 16.692265), (16.829784, -0.463722, 16.527632)
(16.674583, -0.439456, 16.529078), (16.829784, -0.463722, 16.527632), (16.820976, -0.468588, 16.364735)
(16.521147, -0.405057, 16.531849), (16.529861, -0.40318, 16.694536), (16.674583, -0.439456, 16.529078)
(16.521147, -0.405057, 16.531849), (16.674583, -0.439456, 16.529078), (16.666054, -0.443797, 16.366467)
(16.369234, -0.360722, 16.535744), (16.37718, -0.362464, 16.697754), (16.521147, -0.405057, 16.531849)
(16.369234, -0.360722, 16.535744), (16.521147, -0.405057, 16.531849), (16.513096, -0.407213, 16.36969)
(16.218479, -0.308308, 16.540474), (16.225437, -0.314463, 16.701649), (16.369234, -0.360722, 16.535744)
(16.218479, -0.308308, 16.540474), (16.369234, -0.360722, 16.535744), (16.361881, -0.359889, 16.374197)
(16.06839, -0.250519, 16.545641), (16.0742, -0.261753, 16.705866), (16.218479, -0.308308, 16.540474)
(16.06839, -0.250519, 16.545641), (16.218479, -0.308308, 16.540474), (16.211996, -0.30393, 16.379654)
# 17.061247949980007, 0, 16.326575716646676
(17.282373, -0.488665, 16.041496), (17.445171, -0.483761, 16.040632), (17.440422, -0.464776, 15.884)
(17.282373, -0.488665, 16.041496), (17.289053, -0.495733, 16.200945), (17.445171, -0.483761, 16.040632)
(17.121691, -0.489699, 16.041658), (17.282373, -0.488665, 16.041496), (17.277786, -0.473256, 15.884075)
(17.121691, -0.489699, 16.041658), (17.128298, -0.494023, 16.201672), (17.282373, -0.488665, 16.041496)
(16.963308, -0.484285, 16.041674), (17.121691, -0.489699, 16.041658), (17.117386, -0.477399, 15.883561)
(16.963308, -0.484285, 16.041674), (16.969666, -0.486749, 16.202061), (17.121691, -0.489699, 16.041658)
(16.80722, -0.469247, 16.042429), (16.963308, -0.484285, 16.041674), (16.959345, -0.47396, 15.883136)
(16.80722, -0.469247, 16.042429), (16.813213, -0.471611, 16.20282), (16.963308, -0.484285, 16.041674)
(17.289053, -0.495733, 16.200945), (17.297228, -0.497309, 16.362198), (17.451742, -0.494288, 16.199406)
(17.289053, -0.495733, 16.200945), (17.451742, -0.494288, 16.199406), (17.445171, -0.483761, 16.040632)
(17.128298, -0.494023, 16.201672), (17.289053, -0.495733, 16.200945), (17.282373, -0.488665, 16.041496)
(17.128298, -0.494023, 16.201672), (17.136578, -0.49312, 16.363338), (17.289053, -0.495733, 16.200945)
(16.969666, -0.486749, 16.202061), (16.977804, -0.484211, 16.363977), (17.128298, -0.494023, 16.201672)
(16.969666, -0.486749, 16.202061), (17.128298, -0.494023, 16.201672), (17.121691, -0.489699, 16.041658)
(16.813213, -0.471611, 16.20282), (16.820976, -0.468588, 16.364735), (16.969666, -0.486749, 16.202061)
(16.813213, -0.471611, 16.20282), (16.969666, -0.486749, 16.202061), (16.963308, -0.484285, 16.041674)
(17.297228, -0.497309, 16.362198), (17.459578, -0.499377, 16.36018), (17.451742, -0.494288, 16.199406)
(17.297228, -0.497309, 16.362198), (17.306152, -0.496833, 16.524834), (17.459578, -0.499377, 16.36018)
(17.136578, -0.49312, 16.363338), (17.297228, -0.497309, 16.362198), (17.289053, -0.495733, 16.200945)
(17.136578, -0.49312, 16.363338), (17.145718, -0.48978, 16.526207), (17.297228, -0.497309, 16.362198)
(16.977804, -0.484211, 16.363977), (17.136578, -0.49312, 16.363338), (17.128298, -0.494023, 16.201672)
(16.977804, -0.484211, 16.363977), (16.986879, -0.479643, 16.52693), (17.136578, -0.49312, 16.363338)
(16.820976, -0.468588, 16.364735), (16.977804, -0.484211, 16.363977), (16.969666, -0.486749, 16.202061)
(16.820976, -0.468588, 16.364735), (16.829784, -0.463722, 16.527632), (16.977804, -0.484211, 16.363977)
(17.306152, -0.496833, 16.524834), (17.314955, -0.497865, 16.688269), (17.467968, -0.502291, 16.522587)
(17.306152, -0.496833, 16.524834), (17.467968, -0.502291, 16.522587), (17.459578, -0.499377, 16.36018)
(17.145718, -0.48978, 16.526207), (17.154924, -0.487886, 16.689728), (17.306152, -0.496833, 16.524834)
(17.145718, -0.48978, 16.526207), (17.306152, -0.496833, 16.524834), (17.297228, -0.497309, 16.362198)
(16.986879, -0.479643, 16.52693), (16.996323, -0.475835, 16.690462), (17.145718, -0.48978, 16.526207)
(16.986879, -0.479643, 16.52693), (17.145718, -0.48978, 16.526207), (17.136578, -0.49312, 16.363338)
(16.829784, -0.463722, 16.527632), (16.839279, -0.45917, 16.691111), (16.986879, -0.479643, 16.52693)
(16.829784, -0.463722, 16.527632), (16.986879, -0.479643, 16.52693), (16.977804, -0.484211, 16.363977)
# 17.729018183313343, 0, 16.326575716646676
(17.941685, -0.468356, 16.032215), (18.1073, -0.471406, 16.027407), (18.102747, -0.442448, 15.873137)
(17.941685, -0.468356, 16.032215), (17.946741, -0.491284, 16.189072), (18.1073, -0.471406, 16.027407)
(17.775455, -0.471018, 16.03603), (17.941685, -0.468356, 16.032215), (17.937054, -0.440516, 15.87759)
(17.775455, -0.471018, 16.03603), (17.781212, -0.490111, 16.193478), (17.941685, -0.468356, 16.032215)
(17.609718, -0.477177, 16.038834), (17.775455, -0.471018, 16.03603), (17.770855, -0.445129, 15.880948)
(17.609718, -0.477177, 16.038834), (17.615971, -0.491606, 16.19696), (17.775455, -0.471018, 16.03603)
(17.445171, -0.483761, 16.040632), (17.609718, -0.477177, 16.038834), (17.604979, -0.454605, 15.882994)
(17.445171, -0.483761, 16.040632), (17.451742, -0.494288, 16.199406), (17.609718, -0.477177, 16.038834)
(17.946741, -0.491284, 16.189072), (17.95212, -0.508774, 16.348364), (18.111731, -0.497253, 16.183811)
(17.946741, -0.491284, 16.189072), (18.111731, -0.497253, 16.183811), (18.1073, -0.471406, 16.027407)
(17.781212, -0.490111, 16.193478), (17.946741, -0.491284, 16.189072), (17.941685, -0.468356, 16.032215)
(17.781212, -0.490111, 16.193478), (17.787636, -0.503445, 16.353249), (17.946741, -0.491284, 16.189072)
(17.615971, -0.491606, 16.19696), (17.623213, -0.500603, 16.357254), (17.781212, -0.490111, 16.193478)
(17.615971, -0.491606, 16.19696), (17.781212, -0.490111, 16.193478), (17.775455, -0.471018, 16.03603)
(17.451742, -0.494288, 16.199406), (17.459578, -0.499377, 16.36018), (17.615971, -0.491606, 16.19696)
(17.451742, -0.494288, 16.199406), (17.615971, -0.491606, 16.19696), (17.609718, -0.477177, 16.038834)
(17.95212, -0.508774, 16.348364), (18.115891, -0.518854, 16.342617), (18.111731, -0.497253, 16.183811)
(17.95212, -0.508774, 16.348364), (17.957279, -0.524033, 16.509764), (18.115891, -0.518854, 16.342617)
(17.787636, -0.503445, 16.353249), (17.95212, -0.508774, 16.348364), (17.946741, -0.491284, 16.189072)
(17.787636, -0.503445, 16.353249), (17.794111, -0.514113, 16.515036), (17.95212, -0.508774, 16.348364)
(17.623213, -0.500603, 16.357254), (17.787636, -0.503445, 16.353249), (17.781212, -0.490111, 16.193478)
(17.623213, -0.500603, 16.357254), (17.630791, -0.507475, 16.51932), (17.787636, -0.503445, 16.353249)
(17.459578, -0.499377, 16.36018), (17.623213, -0.500603, 16.357254), (17.615971, -0.491606, 16.19696)
(17.459578, -0.499377, 16.36018), (17.467968, -0.502291, 16.522587), (17.623213, -0.500603, 16.357254)
(17.957279, -0.524033, 16.509764), (17.961632, -0.54094, 16.672834), (18.11969, -0.537466, 16.503832)
(17.957279, -0.524033, 16.509764), (18.11969, -0.537466, 16.503832), (18.115891, -0.518854, 16.342617)
(17.794111, -0.514113, 16.515036), (17.799934, -0.526753, 16.678217), (17.957279, -0.524033, 16.509764)
(17.794111, -0.514113, 16.515036), (17.957279, -0.524033, 16.509764), (17.95212, -0.508774, 16.348364)
(17.630791, -0.507475, 16.51932), (17.637924, -0.51582, 16.682587), (17.794111, -0.514113, 16.515036)
(17.630791, -0.507475, 16.51932), (17.794111, -0.514113, 16.515036), (17.787636, -0.503445, 16.353249)
(17.467968, -0.502291, 16.522587), (17.476086, -0.50632, 16.686005), (17.630791, -0.507475, 16.51932)
(17.467968, -0.502291, 16.522587), (17.630791, -0.507475, 16.51932), (17.623213, -0.500603, 16.357254)
# 18.39678841664667, 0, 16.326575716646676
(18.594961, -0.51665, 16.011034), (18.755013, -0.531369, 16.007771), (18.75136, -0.509661, 15.853666)
(18.594961, -0.51665, 16.011034), (18.598013, -0.5401, 16.167315), (18.755013, -0.531369, 16.007771)
(18.433853, -0.4992, 16.015966), (18.594961, -0.51665, 16.011034), (18.590992, -0.491772, 15.857109)
(18.433853, -0.4992, 16.015966), (18.437359, -0.524412, 16.172186), (18.594961, -0.51665, 16.011034)
(18.27142, -0.482534, 16.021755), (18.433853, -0.4992, 16.015966), (18.429686, -0.471061, 15.862104)
(18.27142, -0.482534, 16.021755), (18.275318, -0.508713, 16.17798), (18.433853, -0.4992, 16.015966)
(18.1073, -0.471406, 16.027407), (18.27142, -0.482534, 16.021755), (18.267109, -0.453118, 15.867791)
(18.1073, -0.471406, 16.027407), (18.111731, -0.497253, 16.183811), (18.27142, -0.482534, 16.021755)
(18.598013, -0.5401, 16.167315), (18.599777, -0.562647, 16.326023), (18.75749, -0.551765, 16.164186)
(18.598013, -0.5401, 16.167315), (18.75749, -0.551765, 16.164186), (18.755013, -0.531369, 16.007771)
(18.437359, -0.524412, 16.172186), (18.598013, -0.5401, 16.167315), (18.594961, -0.51665, 16.011034)
(18.437359, -0.524412, 16.172186), (18.439791, -0.547956, 16.330759), (18.598013, -0.5401, 16.167315)
(18.275318, -0.508713, 16.17798), (18.278486, -0.532681, 16.336514), (18.437359, -0.524412, 16.172186)
(18.275318, -0.508713, 16.17798), (18.437359, -0.524412, 16.172186), (18.433853, -0.4992, 16.015966)
(18.111731, -0.497253, 16.183811), (18.115891, -0.518854, 16.342617), (18.275318, -0.508713, 16.17798)
(18.111731, -0.497253, 16.183811), (18.275318, -0.508713, 16.17798), (18.27142, -0.482534, 16.021755)
(18.599777, -0.562647, 16.326023), (18.758568, -0.572897, 16.323076), (18.75749, -0.551765, 16.164186)
(18.599777, -0.562647, 16.326023), (18.600361, -0.584812, 16.487293), (18.758568, -0.572897, 16.323076)
(18.439791, -0.547956, 16.330759), (18.599777, -0.562647, 16.326023), (18.598013, -0.5401, 16.167315)
(18.439791, -0.547956, 16.330759), (18.441376, -0.570506, 16.491917), (18.599777, -0.562647, 16.326023)
(18.278486, -0.532681, 16.336514), (18.439791, -0.547956, 16.330759), (18.437359, -0.524412, 16.172186)
(18.278486, -0.532681, 16.336514), (18.28109, -0.554032, 16.497639), (18.439791, -0.547956, 16.330759)
(18.115891, -0.518854, 16.342617), (18.278486, -0.532681, 16.336514), (18.275318, -0.508713, 16.17798)
(18.115891, -0.518854, 16.342617), (18.11969, -0.537466, 16.503832), (18.278486, -0.532681, 16.336514)
(18.600361, -0.584812, 16.487293), (18.600042, -0.606802, 16.651001), (18.758221, -0.594349, 16.484478)
(18.600361, -0.584812, 16.487293), (18.758221, -0.594349, 16.484478), (18.758568, -0.572897, 16.323076)
(18.441376, -0.570506, 16.491917), (18.441975, -0.592344, 16.655411), (18.600361, -0.584812, 16.487293)
(18.441376, -0.570506, 16.491917), (18.600361, -0.584812, 16.487293), (18.599777, -0.562647, 16.326023)
(18.28109, -0.554032, 16.497639), (18.28285, -0.574688, 16.660954), (18.441376, -0.570506, 16.491917)
(18.28109, -0.554032, 16.497639), (18.441376, -0.570506, 16.491917), (18.439791, -0.547956, 16.330759)
(18.11969, -0.537466, 16.503832), (18.122725, -0.557101, 16.666935), (18.28109, -0.554032, 16.497639)
(18.11969, -0.537466, 16.503832), (18.28109, -0.554032, 16.497639), (18.278486, -0.532681, 16.336514)
(18.600042, -0.606802, 16.651001), (18.757196, -0.614791, 16.648373), (18.758221, -0.594349, 16.484478)
(18.600042, -0.606802, 16.651001), (18.599194, -0.627468, 16.81658), (18.757196, -0.614791, 16.648373)
(18.441975, -0.592344, 16.655411), (18.600042, -0.606802, 16.651001), (18.600361, -0.584812, 16.487293)
(18.441975, -0.592344, 16.655411), (18.44186, -0.614208, 16.82061), (18.600042, -0.606802, 16.651001)
# 19.064558649980007, 0, 16.326575716646676
(18.91382, -0.541068, 16.006561), (19.071476, -0.541803, 16.007961), (19.068834, -0.526431, 15.853229)
(18.91382, -0.541068, 16.006561), (18.915653, -0.558362, 16.1632), (19.071476, -0.541803, 16.007961)
(18.755013, -0.531369, 16.007771), (18.91382, -0.541068, 16.006561), (18.910603, -0.522265, 15.852171)
(18.755013, -0.531369, 16.007771), (18.75749, -0.551765, 16.164186), (18.91382, -0.541068, 16.006561)
(19.071476, -0.541803, 16.007961), (19.228113, -0.531203, 16.012157), (19.226068, -0.519925, 15.857014)
(19.071476, -0.541803, 16.007961), (19.072632, -0.556623, 16.164871), (19.228113, -0.531203, 16.012157)
(19.228113, -0.531203, 16.012157), (19.384157, -0.507219, 16.019112), (19.382582, -0.500187, 15.863538)
(19.228113, -0.531203, 16.012157), (19.228809, -0.542854, 16.169426), (19.384157, -0.507219, 16.019112)
(19.384157, -0.507219, 16.019112), (19.539909, -0.469556, 16.028366), (19.538715, -0.466386, 15.872393)
(19.384157, -0.507219, 16.019112), (19.38463, -0.51489, 16.176723), (19.539909, -0.469556, 16.028366)
(18.915653, -0.558362, 16.1632), (18.916, -0.576977, 16.322298), (19.072632, -0.556623, 16.164871)
(18.915653, -0.558362, 16.1632), (19.072632, -0.556623, 16.164871), (19.071476, -0.541803, 16.007961)
(18.75749, -0.551765, 16.164186), (18.758568, -0.572897, 16.323076), (18.915653, -0.558362, 16.1632)
(18.75749, -0.551765, 16.164186), (18.915653, -0.558362, 16.1632), (18.91382, -0.541068, 16.006561)
(19.072632, -0.556623, 16.164871), (19.228809, -0.542854, 16.169426), (19.228113, -0.531203, 16.012157)
(19.072632, -0.556623, 16.164871), (19.072422, -0.57164, 16.324223), (19.228809, -0.542854, 16.169426)
(19.228809, -0.542854, 16.169426), (19.228422, -0.553653, 16.329063), (19.38463, -0.51489, 16.176723)
(19.228809, -0.542854, 16.169426), (19.38463, -0.51489, 16.176723), (19.384157, -0.507219, 16.019112)
(19.38463, -0.51489, 16.176723), (19.38406, -0.522804, 16.336462), (19.540119, -0.474079, 16.186186)
(19.38463, -0.51489, 16.176723), (19.540119, -0.474079, 16.186186), (19.539909, -0.469556, 16.028366)
(18.916, -0.576977, 16.322298), (19.072422, -0.57164, 16.324223), (19.072632, -0.556623, 16.164871)
(18.916, -0.576977, 16.322298), (18.915016, -0.596657, 16.483877), (19.072422, -0.57164, 16.324223)
(18.758568, -0.572897, 16.323076), (18.916, -0.576977, 16.322298), (18.915653, -0.558362, 16.1632)
(18.758568, -0.572897, 16.323076), (18.758221, -0.594349, 16.484478), (18.916, -0.576977, 16.322298)
(19.072422, -0.57164, 16.324223), (19.228422, -0.553653, 16.329063), (19.228809, -0.542854, 16.169426)
(19.072422, -0.57164, 16.324223), (19.07132, -0.587108, 16.486097), (19.228422, -0.553653, 16.329063)
(19.228422, -0.553653, 16.329063), (19.38406, -0.522804, 16.336462), (19.38463, -0.51489, 16.176723)
(19.228422, -0.553653, 16.329063), (19.227285, -0.56486, 16.491077), (19.38406, -0.522804, 16.336462)
(19.38406, -0.522804, 16.336462), (19.539383, -0.480012, 16.345881), (19.540119, -0.474079, 16.186186)
(19.38406, -0.522804, 16.336462), (19.382931, -0.530875, 16.498436), (19.539383, -0.480012, 16.345881)
(18.915016, -0.596657, 16.483877), (18.913734, -0.613345, 16.648109), (19.07132, -0.587108, 16.486097)
(18.915016, -0.596657, 16.483877), (19.07132, -0.587108, 16.486097), (19.072422, -0.57164, 16.324223)
(18.758221, -0.594349, 16.484478), (18.757196, -0.614791, 16.648373), (18.915016, -0.596657, 16.483877)
(18.758221, -0.594349, 16.484478), (18.915016, -0.596657, 16.483877), (18.916, -0.576977, 16.322298)
(19.07132, -0.587108, 16.486097), (19.069988, -0.600058, 16.650515), (19.227285, -0.56486, 16.491077)
(19.07132, -0.587108, 16.486097), (19.227285, -0.56486, 16.491077), (19.228422, -0.553653, 16.329063)
(19.227285, -0.56486, 16.491077), (19.225943, -0.575059, 16.655411), (19.382931, -0.530875, 16.498436)
(19.227285, -0.56486, 16.491077), (19.382931, -0.530875, 16.498436), (19.38406, -0.522804, 16.336462)
(19.382931, -0.530875, 16.498436), (19.38162, -0.53924, 16.662455), (19.538292, -0.486337, 16.507648)
(19.382931, -0.530875, 16.498436), (19.538292, -0.486337, 16.507648), (19.539383, -0.480012, 16.345881)
(18.913734, -0.613345, 16.648109), (19.069988, -0.600058, 16.650515), (19.07132, -0.587108, 16.486097)
(18.913734, -0.613345, 16.648109), (18.91235, -0.629051, 16.814289), (19.069988, -0.600058, 16.650515)
(18.757196, -0.614791, 16.648373), (18.913734, -0.613345, 16.648109), (18.915016, -0.596657, 16.483877)
(18.757196, -0.614791, 16.648373), (18.755892, -0.633834, 16.81424), (18.913734, -0.613345, 16.648109)
(19.069988, -0.600058, 16.650515), (19.225943, -0.575059, 16.655411), (19.227285, -0.56486, 16.491077)
(19.069988, -0.600058, 16.650515), (19.068556, -0.612783, 16.816729), (19.225943, -0.575059, 16.655411)
(19.225943, -0.575059, 16.655411), (19.38162, -0.53924, 16.662455), (19.382931, -0.530875, 16.498436)
(19.225943, -0.575059, 16.655411), (19.224512, -0.585565, 16.821381), (19.38162, -0.53924, 16.662455)
# 19.732328883313336, 0, 16.326575716646676
(19.539909, -0.469556, 16.028366), (19.69537, -0.420385, 16.039165), (19.69459, -0.420104, 15.882849)
(19.539909, -0.469556, 16.028366), (19.540119, -0.474079, 16.186186), (19.69537, -0.420385, 16.039165)
(19.69537, -0.420385, 16.039165), (19.850536, -0.363052, 16.050613), (19.850155, -0.364809, 15.893965)
(19.69537, -0.420385, 16.039165), (19.695265, -0.422862, 16.197063), (19.850536, -0.363052, 16.050613)
(19.850536, -0.363052, 16.050613), (20.0054, -0.301854, 16.061703), (20.005457, -0.303936, 15.904768)
(19.850536, -0.363052, 16.050613), (19.850124, -0.364498, 16.208525), (20.0054, -0.301854, 16.061703)
(19.540119, -0.474079, 16.186186), (19.539383, -0.480012, 16.345881), (19.695265, -0.422862, 16.197063)
(19.540119, -0.474079, 16.186186), (19.695265, -0.422862, 16.197063), (19.69537, -0.420385, 16.039165)
(19.695265, -0.422862, 16.197063), (19.850124, -0.364498, 16.208525), (19.850536, -0.363052, 16.050613)
(19.695265, -0.422862, 16.197063), (19.69446, -0.42739, 16.356657), (19.850124, -0.364498, 16.208525)
(19.850124, -0.364498, 16.208525), (19.849373, -0.367977, 16.368), (20.004902, -0.302596, 16.219738)
(19.850124, -0.364498, 16.208525), (20.004902, -0.302596, 16.219738), (20.0054, -0.301854, 16.061703)
(19.539383, -0.480012, 16.345881), (19.69446, -0.42739, 16.356657), (19.695265, -0.422862, 16.197063)
(19.539383, -0.480012, 16.345881), (19.538292, -0.486337, 16.507648), (19.69446, -0.42739, 16.356657)
(19.69446, -0.42739, 16.356657), (19.849373, -0.367977, 16.368), (19.850124, -0.364498, 16.208525)
(19.69446, -0.42739, 16.356657), (19.693439, -0.433033, 16.518063), (19.849373, -0.367977, 16.368)
(19.849373, -0.367977, 16.368), (20.004225, -0.305715, 16.37903), (20.004902, -0.302596, 16.219738)
(19.849373, -0.367977, 16.368), (19.848448, -0.373933, 16.528927), (20.004225, -0.305715, 16.37903)
(19.538292, -0.486337, 16.507648), (19.53705, -0.494215, 16.67116), (19.693439, -0.433033, 16.518063)
(19.538292, -0.486337, 16.507648), (19.693439, -0.433033, 16.518063), (19.69446, -0.42739, 16.356657)
(19.693439, -0.433033, 16.518063), (19.692299, -0.44161, 16.680897), (19.848448, -0.373933, 16.528927)
(19.693439, -0.433033, 16.518063), (19.848448, -0.373933, 16.528927), (19.849373, -0.367977, 16.368)
(19.848448, -0.373933, 16.528927), (19.847439, -0.384113, 16.690933), (20.003422, -0.312864, 16.539379)
(19.848448, -0.373933, 16.528927), (20.003422, -0.312864, 16.539379), (20.004225, -0.305715, 16.37903)
