# -19.66611488335333, 0, -13.723084783353336
(-19.829084, -0.433093, -14.056496), (-19.827484, -0.432275, -13.899914), (-19.672426, -0.485969, -14.055878)
(-19.829084, -0.433093, -14.056496), (-19.672426, -0.485969, -14.055878), (-19.673788, -0.4888, -14.212454)
(-19.369165, -0.51863, -14.056096), (-19.366049, -0.517875, -13.899423), (-19.223362, -0.493396, -14.057017)
(-19.369165, -0.51863, -14.056096), (-19.223362, -0.493396, -14.057017), (-19.226027, -0.495381, -14.21363)
(-19.672426, -0.485969, -14.055878), (-19.670603, -0.484563, -13.899278), (-19.518988, -0.515481, -14.055725)
(-19.672426, -0.485969, -14.055878), (-19.518988, -0.515481, -14.055725), (-19.520491, -0.518823, -14.212303)
(-19.518988, -0.515481, -14.055725), (-19.516546, -0.514291, -13.899088), (-19.369165, -0.51863, -14.056096)
(-19.518988, -0.515481, -14.055725), (-19.369165, -0.51863, -14.056096), (-19.371082, -0.521723, -14.212686)
(-19.98638, -0.36262, -13.900892), (-19.827484, -0.432275, -13.899914), (-19.829084, -0.433093, -14.056496)
(-19.98638, -0.36262, -13.900892), (-19.984903, -0.363685, -13.74435), (-19.827484, -0.432275, -13.899914)
(-19.827484, -0.432275, -13.899914), (-19.670603, -0.484563, -13.899278), (-19.672426, -0.485969, -14.055878)
(-19.827484, -0.432275, -13.899914), (-19.825768, -0.432094, -13.743358), (-19.670603, -0.484563, -13.899278)
(-19.366049, -0.517875, -13.899423), (-19.218828, -0.49473, -13.900275), (-19.223362, -0.493396, -14.057017)
(-19.366049, -0.517875, -13.899423), (-19.3619, -0.51853, -13.742714), (-19.218828, -0.49473, -13.900275)
(-19.670603, -0.484563, -13.899278), (-19.516546, -0.514291, -13.899088), (-19.518988, -0.515481, -14.055725)
(-19.670603, -0.484563, -13.899278), (-19.668404, -0.483878, -13.742682), (-19.516546, -0.514291, -13.899088)
(-19.516546, -0.514291, -13.899088), (-19.366049, -0.517875, -13.899423), (-19.369165, -0.51863, -14.056096)
(-19.516546, -0.514291, -13.899088), (-19.513519, -0.513954, -13.742441), (-19.366049, -0.517875, -13.899423)
(-19.984903, -0.363685, -13.74435), (-19.983366, -0.365646, -13.587841), (-19.825768, -0.432094, -13.743358)
(-19.984903, -0.363685, -13.74435), (-19.825768, -0.432094, -13.743358), (-19.827484, -0.432275, -13.899914)
(-19.825768, -0.432094, -13.743358), (-19.824005, -0.433077, -13.586834), (-19.668404, -0.483878, -13.742682)
(-19.825768, -0.432094, -13.743358), (-19.668404, -0.483878, -13.742682), (-19.670603, -0.484563, -13.899278)
(-19.3619, -0.51853, -13.742714), (-19.357195, -0.520564, -13.586025), (-19.213112, -0.497276, -13.7435)
(-19.3619, -0.51853, -13.742714), (-19.213112, -0.497276, -13.7435), (-19.218828, -0.49473, -13.900275)
(-19.668404, -0.483878, -13.742682), (-19.513519, -0.513954, -13.742441), (-19.516546, -0.514291, -13.899088)
(-19.668404, -0.483878, -13.742682), (-19.665928, -0.484671, -13.586113), (-19.513519, -0.513954, -13.742441)
(-19.513519, -0.513954, -13.742441), (-19.510303, -0.514654, -13.585835), (-19.3619, -0.51853, -13.742714)
(-19.513519, -0.513954, -13.742441), (-19.3619, -0.51853, -13.742714), (-19.366049, -0.517875, -13.899423)
(-19.983366, -0.365646, -13.587841), (-19.824005, -0.433077, -13.586834), (-19.825768, -0.432094, -13.743358)
(-19.983366, -0.365646, -13.587841), (-19.981771, -0.36861, -13.431376), (-19.824005, -0.433077, -13.586834)
(-19.824005, -0.433077, -13.586834), (-19.665928, -0.484671, -13.586113), (-19.668404, -0.483878, -13.742682)
(-19.824005, -0.433077, -13.586834), (-19.822233, -0.434412, -13.430378), (-19.665928, -0.484671, -13.586113)
(-19.665928, -0.484671, -13.586113), (-19.510303, -0.514654, -13.585835), (-19.513519, -0.513954, -13.742441)
(-19.665928, -0.484671, -13.586113), (-19.663528, -0.485327, -13.429636), (-19.510303, -0.514654, -13.585835)
(-19.357195, -0.520564, -13.586025), (-19.206375, -0.501989, -13.586711), (-19.213112, -0.497276, -13.7435)
(-19.357195, -0.520564, -13.586025), (-19.352762, -0.521482, -13.42944), (-19.206375, -0.501989, -13.586711)
(-19.510303, -0.514654, -13.585835), (-19.357195, -0.520564, -13.586025), (-19.3619, -0.51853, -13.742714)
(-19.510303, -0.514654, -13.585835), (-19.507032, -0.515065, -13.429314), (-19.357195, -0.520564, -13.586025)
(-19.981771, -0.36861, -13.431376), (-19.980116, -0.372316, -13.274975), (-19.822233, -0.434412, -13.430378)
(-19.981771, -0.36861, -13.431376), (-19.822233, -0.434412, -13.430378), (-19.824005, -0.433077, -13.586834)
(-19.822233, -0.434412, -13.430378), (-19.820396, -0.43637, -13.274003), (-19.663528, -0.485327, -13.429636)
(-19.822233, -0.434412, -13.430378), (-19.663528, -0.485327, -13.429636), (-19.665928, -0.484671, -13.586113)
(-19.663528, -0.485327, -13.429636), (-19.661476, -0.485579, -13.273277), (-19.507032, -0.515065, -13.429314)
(-19.663528, -0.485327, -13.429636), (-19.507032, -0.515065, -13.429314), (-19.510303, -0.514654, -13.585835)
(-19.352762, -0.521482, -13.42944), (-19.348631, -0.521762, -13.272973), (-19.19906, -0.506832, -13.429927)
(-19.352762, -0.521482, -13.42944), (-19.19906, -0.506832, -13.429927), (-19.206375, -0.501989, -13.586711)
(-19.507032, -0.515065, -13.429314), (-19.503977, -0.515232, -13.272906), (-19.352762, -0.521482, -13.42944)
(-19.507032, -0.515065, -13.429314), (-19.352762, -0.521482, -13.42944), (-19.357195, -0.520564, -13.586025)
# -18.99834465002, 0, -13.723084783353336
(-18.776367, -0.32836, -13.906889), (-18.616215, -0.287714, -13.908609), (-18.639944, -0.246324, -14.067531)
(-18.776367, -0.32836, -13.906889), (-18.756016, -0.359471, -13.748552), (-18.616215, -0.287714, -13.908609)
(-18.927223, -0.388393, -13.903981), (-18.776367, -0.32836, -13.906889), (-18.792852, -0.302192, -14.06424)
(-18.927223, -0.388393, -13.903981), (-18.913433, -0.406362, -13.746833), (-18.776367, -0.32836, -13.906889)
(-19.073851, -0.447508, -13.901719), (-18.927223, -0.388393, -13.903981), (-18.938145, -0.373772, -14.060783)
(-19.073851, -0.447508, -13.901719), (-19.064564, -0.456789, -13.744832), (-18.927223, -0.388393, -13.903981)
(-19.218828, -0.49473, -13.900275), (-19.073851, -0.447508, -13.901719), (-19.080734, -0.441618, -14.058468)
(-19.218828, -0.49473, -13.900275), (-19.213112, -0.497276, -13.7435), (-19.073851, -0.447508, -13.901719)
(-18.756016, -0.359471, -13.748552), (-18.73418, -0.38996, -13.589115), (-18.588369, -0.331833, -13.748102)
(-18.756016, -0.359471, -13.748552), (-18.588369, -0.331833, -13.748102), (-18.616215, -0.287714, -13.908609)
(-18.913433, -0.406362, -13.746833), (-18.898073, -0.42564, -13.589294), (-18.756016, -0.359471, -13.748552)
(-18.913433, -0.406362, -13.746833), (-18.756016, -0.359471, -13.748552), (-18.776367, -0.32836, -13.906889)
(-19.064564, -0.456789, -13.744832), (-18.913433, -0.406362, -13.746833), (-18.927223, -0.388393, -13.903981)
(-19.064564, -0.456789, -13.744832), (-19.053905, -0.468056, -13.587791), (-18.913433, -0.406362, -13.746833)
(-19.213112, -0.497276, -13.7435), (-19.206375, -0.501989, -13.586711), (-19.064564, -0.456789, -13.744832)
(-19.213112, -0.497276, -13.7435), (-19.064564, -0.456789, -13.744832), (-19.073851, -0.447508, -13.901719)
(-18.898073, -0.42564, -13.589294), (-18.73418, -0.38996, -13.589115), (-18.756016, -0.359471, -13.748552)
(-18.898073, -0.42564, -13.589294), (-18.88302, -0.4425, -13.431169), (-18.73418, -0.38996, -13.589115)
(-18.73418, -0.38996, -13.589115), (-18.559826, -0.372768, -13.586201), (-18.588369, -0.331833, -13.748102)
(-18.73418, -0.38996, -13.589115), (-18.712687, -0.41732, -13.428656), (-18.559826, -0.372768, -13.586201)
(-19.053905, -0.468056, -13.587791), (-18.898073, -0.42564, -13.589294), (-18.913433, -0.406362, -13.746833)
(-19.053905, -0.468056, -13.587791), (-19.043404, -0.477619, -13.430738), (-18.898073, -0.42564, -13.589294)
(-19.206375, -0.501989, -13.586711), (-19.053905, -0.468056, -13.587791), (-19.064564, -0.456789, -13.744832)
(-19.206375, -0.501989, -13.586711), (-19.19906, -0.506832, -13.429927), (-19.053905, -0.468056, -13.587791)
(-18.88302, -0.4425, -13.431169), (-18.868893, -0.456538, -13.272347), (-18.712687, -0.41732, -13.428656)
(-18.88302, -0.4425, -13.431169), (-18.712687, -0.41732, -13.428656), (-18.73418, -0.38996, -13.589115)
(-19.043404, -0.477619, -13.430738), (-19.034008, -0.484478, -13.273741), (-18.88302, -0.4425, -13.431169)
(-19.043404, -0.477619, -13.430738), (-18.88302, -0.4425, -13.431169), (-18.898073, -0.42564, -13.589294)
(-19.19906, -0.506832, -13.429927), (-19.19256, -0.509898, -13.273258), (-19.043404, -0.477619, -13.430738)
(-19.19906, -0.506832, -13.429927), (-19.043404, -0.477619, -13.430738), (-19.053905, -0.468056, -13.587791)
(-18.712687, -0.41732, -13.428656), (-18.693628, -0.43815, -13.267613), (-18.532761, -0.407442, -13.423343)
(-18.712687, -0.41732, -13.428656), (-18.532761, -0.407442, -13.423343), (-18.559826, -0.372768, -13.586201)
# -18.330574416686666, 0, -13.723084783353336
(-18.616215, -0.287714, -13.908609), (-18.445421, -0.275644, -13.908344), (-18.476526, -0.220796, -14.069518)
(-18.616215, -0.287714, -13.908609), (-18.588369, -0.331833, -13.748102), (-18.445421, -0.275644, -13.908344)
(-18.445421, -0.275644, -13.908344), (-18.267279, -0.28745, -13.906718), (-18.303974, -0.224149, -14.070058)
(-18.445421, -0.275644, -13.908344), (-18.411213, -0.328792, -13.745465), (-18.267279, -0.28745, -13.906718)
(-18.267279, -0.28745, -13.906718), (-18.086521, -0.311647, -13.90435), (-18.126284, -0.248933, -14.069572)
(-18.267279, -0.28745, -13.906718), (-18.228794, -0.343553, -13.741656), (-18.086521, -0.311647, -13.90435)
(-18.086521, -0.311647, -13.90435), (-17.908234, -0.336042, -13.901957), (-17.947966, -0.280932, -14.06837)
(-18.086521, -0.311647, -13.90435), (-18.046675, -0.363189, -13.737754), (-17.908234, -0.336042, -13.901957)
(-18.588369, -0.331833, -13.748102), (-18.559826, -0.372768, -13.586201), (-18.411213, -0.328792, -13.745465)
(-18.588369, -0.331833, -13.748102), (-18.411213, -0.328792, -13.745465), (-18.445421, -0.275644, -13.908344)
(-18.411213, -0.328792, -13.745465), (-18.228794, -0.343553, -13.741656), (-18.267279, -0.28745, -13.906718)
(-18.411213, -0.328792, -13.745465), (-18.37746, -0.375039, -13.5813), (-18.228794, -0.343553, -13.741656)
(-18.228794, -0.343553, -13.741656), (-18.192307, -0.387607, -13.57562), (-18.046675, -0.363189, -13.737754)
(-18.228794, -0.343553, -13.741656), (-18.046675, -0.363189, -13.737754), (-18.086521, -0.311647, -13.90435)
(-18.046675, -0.363189, -13.737754), (-18.010366, -0.398402, -13.570523), (-17.869755, -0.37536, -13.734423)
(-18.046675, -0.363189, -13.737754), (-17.869755, -0.37536, -13.734423), (-17.908234, -0.336042, -13.901957)
(-18.559826, -0.372768, -13.586201), (-18.37746, -0.375039, -13.5813), (-18.411213, -0.328792, -13.745465)
(-18.559826, -0.372768, -13.586201), (-18.532761, -0.407442, -13.423343), (-18.37746, -0.375039, -13.5813)
(-18.37746, -0.375039, -13.5813), (-18.192307, -0.387607, -13.57562), (-18.228794, -0.343553, -13.741656)
(-18.37746, -0.375039, -13.5813), (-18.346931, -0.409402, -13.416339), (-18.192307, -0.387607, -13.57562)
(-18.192307, -0.387607, -13.57562), (-18.010366, -0.398402, -13.570523), (-18.046675, -0.363189, -13.737754)
(-18.192307, -0.387607, -13.57562), (-18.160908, -0.416003, -13.40929), (-18.010366, -0.398402, -13.570523)
(-18.010366, -0.398402, -13.570523), (-17.836376, -0.396732, -13.566823), (-17.869755, -0.37536, -13.734423)
(-18.010366, -0.398402, -13.570523), (-17.980534, -0.415293, -13.40343), (-17.836376, -0.396732, -13.566823)
(-18.532761, -0.407442, -13.423343), (-18.509727, -0.431382, -13.260153), (-18.346931, -0.409402, -13.416339)
(-18.532761, -0.407442, -13.423343), (-18.346931, -0.409402, -13.416339), (-18.37746, -0.375039, -13.5813)
(-18.346931, -0.409402, -13.416339), (-18.321749, -0.43179, -13.251511), (-18.160908, -0.416003, -13.40929)
(-18.346931, -0.409402, -13.416339), (-18.160908, -0.416003, -13.40929), (-18.192307, -0.387607, -13.57562)
(-18.160908, -0.416003, -13.40929), (-18.136026, -0.428902, -13.243353), (-17.980534, -0.415293, -13.40343)
(-18.160908, -0.416003, -13.40929), (-17.980534, -0.415293, -13.40343), (-18.010366, -0.398402, -13.570523)
# -17.662804183353337, 0, -13.723084783353336
(-17.908234, -0.336042, -13.901957), (-17.735874, -0.348589, -13.899767), (-17.773031, -0.308385, -14.066761)
(-17.908234, -0.336042, -13.901957), (-17.869755, -0.37536, -13.734423), (-17.735874, -0.348589, -13.899767)
(-17.735874, -0.348589, -13.899767), (-17.571238, -0.343119, -13.898008), (-17.603706, -0.320916, -14.064851)
(-17.735874, -0.348589, -13.899767), (-17.701307, -0.37217, -13.732132), (-17.571238, -0.343119, -13.898008)
(-17.571238, -0.343119, -13.898008), (-17.41474, -0.315871, -13.896988), (-17.441017, -0.311621, -14.062923)
(-17.571238, -0.343119, -13.898008), (-17.542383, -0.349609, -13.731068), (-17.41474, -0.315871, -13.896988)
(-17.41474, -0.315871, -13.896988), (-17.266359, -0.259453, -13.897085), (-17.285975, -0.271392, -14.061656)
(-17.41474, -0.315871, -13.896988), (-17.392782, -0.305342, -13.731412), (-17.266359, -0.259453, -13.897085)
(-17.869755, -0.37536, -13.734423), (-17.836376, -0.396732, -13.566823), (-17.701307, -0.37217, -13.732132)
(-17.869755, -0.37536, -13.734423), (-17.701307, -0.37217, -13.732132), (-17.735874, -0.348589, -13.899767)
(-17.701307, -0.37217, -13.732132), (-17.542383, -0.349609, -13.731068), (-17.571238, -0.343119, -13.898008)
(-17.701307, -0.37217, -13.732132), (-17.67275, -0.377332, -13.564826), (-17.542383, -0.349609, -13.731068)
(-17.392782, -0.305342, -13.731412), (-17.376879, -0.279686, -13.566547), (-17.251944, -0.23318, -13.733278)
(-17.392782, -0.305342, -13.731412), (-17.251944, -0.23318, -13.733278), (-17.266359, -0.259453, -13.897085)
(-17.542383, -0.349609, -13.731068), (-17.519882, -0.338494, -13.564737), (-17.392782, -0.305342, -13.731412)
(-17.542383, -0.349609, -13.731068), (-17.392782, -0.305342, -13.731412), (-17.41474, -0.315871, -13.896988)
(-17.836376, -0.396732, -13.566823), (-17.67275, -0.377332, -13.564826), (-17.701307, -0.37217, -13.732132)
(-17.836376, -0.396732, -13.566823), (-17.810188, -0.398985, -13.39959), (-17.67275, -0.377332, -13.564826)
(-17.376879, -0.279686, -13.566547), (-17.242386, -0.195676, -13.57023), (-17.251944, -0.23318, -13.733278)
(-17.376879, -0.279686, -13.566547), (-17.368, -0.240984, -13.403097), (-17.242386, -0.195676, -13.57023)
(-17.67275, -0.377332, -13.564826), (-17.519882, -0.338494, -13.564737), (-17.542383, -0.349609, -13.731068)
(-17.67275, -0.377332, -13.564826), (-17.65173, -0.364446, -13.398248), (-17.519882, -0.338494, -13.564737)
(-17.519882, -0.338494, -13.564737), (-17.376879, -0.279686, -13.566547), (-17.392782, -0.305342, -13.731412)
(-17.519882, -0.338494, -13.564737), (-17.504885, -0.311747, -13.399485), (-17.376879, -0.279686, -13.566547)
(-17.980534, -0.415293, -13.40343), (-17.958454, -0.415231, -13.237162), (-17.810188, -0.398985, -13.39959)
(-17.980534, -0.415293, -13.40343), (-17.810188, -0.398985, -13.39959), (-17.836376, -0.396732, -13.566823)
(-17.368, -0.240984, -13.403097), (-17.364866, -0.193979, -13.241015), (-17.237942, -0.14939, -13.408657)
(-17.368, -0.240984, -13.403097), (-17.237942, -0.14939, -13.408657), (-17.242386, -0.195676, -13.57023)
(-17.810188, -0.398985, -13.39959), (-17.792664, -0.384157, -13.233705), (-17.65173, -0.364446, -13.398248)
(-17.810188, -0.398985, -13.39959), (-17.65173, -0.364446, -13.398248), (-17.67275, -0.377332, -13.564826)
(-17.504885, -0.311747, -13.399485), (-17.497883, -0.271573, -13.235974), (-17.368, -0.240984, -13.403097)
(-17.504885, -0.311747, -13.399485), (-17.368, -0.240984, -13.403097), (-17.376879, -0.279686, -13.566547)
(-17.65173, -0.364446, -13.398248), (-17.639511, -0.335613, -13.233337), (-17.504885, -0.311747, -13.399485)
(-17.65173, -0.364446, -13.398248), (-17.504885, -0.311747, -13.399485), (-17.519882, -0.338494, -13.564737)
# -16.99503395002, 0, -13.723084783353336
(-16.705734, 0.130328, -13.906217), (-16.559885, 0.206065, -13.909141), (-16.560295, 0.175352, -14.066088)
(-16.705734, 0.130328, -13.906217), (-16.705446, 0.16652, -13.748859), (-16.559885, 0.206065, -13.909141)
(-16.847885, 0.034449, -13.903341), (-16.705734, 0.130328, -13.906217), (-16.707983, 0.095006, -14.064479)
(-16.847885, 0.034449, -13.903341), (-16.845667, 0.07454, -13.74462), (-16.705734, 0.130328, -13.906217)
(-16.987331, -0.070881, -13.900746), (-16.847885, 0.034449, -13.903341), (-16.8528, -0.00215, -14.063078)
(-16.987331, -0.070881, -13.900746), (-16.982075, -0.030918, -13.740269), (-16.847885, 0.034449, -13.903341)
(-17.125452, -0.173667, -13.898483), (-16.987331, -0.070881, -13.900746), (-16.995335, -0.105234, -14.061953)
(-17.125452, -0.173667, -13.898483), (-17.116625, -0.137498, -13.736368), (-16.987331, -0.070881, -13.900746)
(-17.266359, -0.259453, -13.897085), (-17.125452, -0.173667, -13.898483), (-17.138294, -0.19972, -14.061384)
(-17.266359, -0.259453, -13.897085), (-17.251944, -0.23318, -13.733278), (-17.125452, -0.173667, -13.898483)
(-16.705446, 0.16652, -13.748859), (-16.707006, 0.203353, -13.592489), (-16.560783, 0.236412, -13.75298)
(-16.705446, 0.16652, -13.748859), (-16.560783, 0.236412, -13.75298), (-16.559885, 0.206065, -13.909141)
(-16.845667, 0.07454, -13.74462), (-16.845943, 0.116936, -13.586863), (-16.705446, 0.16652, -13.748859)
(-16.845667, 0.07454, -13.74462), (-16.705446, 0.16652, -13.748859), (-16.705734, 0.130328, -13.906217)
(-16.982075, -0.030918, -13.740269), (-16.98027, 0.014555, -13.581022), (-16.845667, 0.07454, -13.74462)
(-16.982075, -0.030918, -13.740269), (-16.845667, 0.07454, -13.74462), (-16.847885, 0.034449, -13.903341)
(-17.116625, -0.137498, -13.736368), (-16.982075, -0.030918, -13.740269), (-16.987331, -0.070881, -13.900746)
(-17.116625, -0.137498, -13.736368), (-17.111605, -0.093487, -13.575306), (-16.982075, -0.030918, -13.740269)
(-17.251944, -0.23318, -13.733278), (-17.242386, -0.195676, -13.57023), (-17.116625, -0.137498, -13.736368)
(-17.251944, -0.23318, -13.733278), (-17.116625, -0.137498, -13.736368), (-17.125452, -0.173667, -13.898483)
(-16.707006, 0.203353, -13.592489), (-16.562494, 0.266861, -13.597347), (-16.560783, 0.236412, -13.75298)
(-16.707006, 0.203353, -13.592489), (-16.709389, 0.239224, -13.436592), (-16.562494, 0.266861, -13.597347)
(-16.845943, 0.116936, -13.586863), (-16.707006, 0.203353, -13.592489), (-16.705446, 0.16652, -13.748859)
(-16.845943, 0.116936, -13.586863), (-16.848242, 0.159805, -13.429999), (-16.707006, 0.203353, -13.592489)
(-16.98027, 0.014555, -13.581022), (-16.845943, 0.116936, -13.586863), (-16.845667, 0.07454, -13.74462)
(-16.98027, 0.014555, -13.581022), (-16.981375, 0.062396, -13.422805), (-16.845943, 0.116936, -13.586863)
(-17.111605, -0.093487, -13.575306), (-16.98027, 0.014555, -13.581022), (-16.982075, -0.030918, -13.740269)
(-17.111605, -0.093487, -13.575306), (-17.110157, -0.044807, -13.415412), (-16.98027, 0.014555, -13.581022)
(-17.242386, -0.195676, -13.57023), (-17.111605, -0.093487, -13.575306), (-17.116625, -0.137498, -13.736368)
(-17.242386, -0.195676, -13.57023), (-17.237942, -0.14939, -13.408657), (-17.111605, -0.093487, -13.575306)
(-16.709389, 0.239224, -13.436592), (-16.711304, 0.270789, -13.280501), (-16.56472, 0.298077, -13.441942)
(-16.709389, 0.239224, -13.436592), (-16.56472, 0.298077, -13.441942), (-16.562494, 0.266861, -13.597347)
(-16.848242, 0.159805, -13.429999), (-16.850939, 0.198894, -13.273291), (-16.709389, 0.239224, -13.436592)
(-16.848242, 0.159805, -13.429999), (-16.709389, 0.239224, -13.436592), (-16.707006, 0.203353, -13.592489)
(-16.981375, 0.062396, -13.422805), (-16.983803, 0.107663, -13.264981), (-16.848242, 0.159805, -13.429999)
(-16.981375, 0.062396, -13.422805), (-16.848242, 0.159805, -13.429999), (-16.845943, 0.116936, -13.586863)
(-17.110157, -0.044807, -13.415412), (-17.111437, 0.004259, -13.256344), (-16.981375, 0.062396, -13.422805)
(-17.110157, -0.044807, -13.415412), (-16.981375, 0.062396, -13.422805), (-16.98027, 0.014555, -13.581022)
(-17.237942, -0.14939, -13.408657), (-17.237133, -0.099998, -13.248033), (-17.110157, -0.044807, -13.415412)
(-17.237942, -0.14939, -13.408657), (-17.110157, -0.044807, -13.415412), (-17.111605, -0.093487, -13.575306)
# -16.32726371668667, 0, -13.723084783353336
(-16.257936, 0.290443, -13.913383), (-16.102047, 0.306555, -13.912448), (-16.101305, 0.281791, -14.068526)
(-16.257936, 0.290443, -13.913383), (-16.259048, 0.316994, -13.757586), (-16.102047, 0.306555, -13.912448)
(-16.102047, 0.306555, -13.912448), (-15.94451, 0.311102, -13.909596), (-15.943716, 0.284868, -14.065596)
(-16.102047, 0.306555, -13.912448), (-16.102976, 0.333078, -13.756633), (-15.94451, 0.311102, -13.909596)
(-16.410629, 0.25771, -13.912048), (-16.257936, 0.290443, -13.913383), (-16.257061, 0.265396, -14.069328)
(-16.410629, 0.25771, -13.912048), (-16.411837, 0.284718, -13.756318), (-16.257936, 0.290443, -13.913383)
(-16.559885, 0.206065, -13.909141), (-16.410629, 0.25771, -13.912048), (-16.409914, 0.232122, -14.06801)
(-16.559885, 0.206065, -13.909141), (-16.560783, 0.236412, -13.75298), (-16.410629, 0.25771, -13.912048)
(-16.259048, 0.316994, -13.757586), (-16.260248, 0.344008, -13.601855), (-16.102976, 0.333078, -13.756633)
(-16.259048, 0.316994, -13.757586), (-16.102976, 0.333078, -13.756633), (-16.102047, 0.306555, -13.912448)
(-16.102976, 0.333078, -13.756633), (-16.104057, 0.360962, -13.601028), (-15.945631, 0.340195, -13.754086)
(-16.102976, 0.333078, -13.756633), (-15.945631, 0.340195, -13.754086), (-15.94451, 0.311102, -13.909596)
(-16.411837, 0.284718, -13.756318), (-16.41346, 0.313307, -13.600721), (-16.259048, 0.316994, -13.757586)
(-16.411837, 0.284718, -13.756318), (-16.259048, 0.316994, -13.757586), (-16.257936, 0.290443, -13.913383)
(-16.560783, 0.236412, -13.75298), (-16.411837, 0.284718, -13.756318), (-16.410629, 0.25771, -13.912048)
(-16.560783, 0.236412, -13.75298), (-16.562494, 0.266861, -13.597347), (-16.411837, 0.284718, -13.756318)
(-16.260248, 0.344008, -13.601855), (-16.104057, 0.360962, -13.601028), (-16.102976, 0.333078, -13.756633)
(-16.260248, 0.344008, -13.601855), (-16.261353, 0.370508, -13.446054), (-16.104057, 0.360962, -13.601028)
(-16.104057, 0.360962, -13.601028), (-15.946998, 0.371273, -13.598915), (-15.945631, 0.340195, -13.754086)
(-16.104057, 0.360962, -13.601028), (-16.105196, 0.389215, -13.445436), (-15.946998, 0.371273, -13.598915)
(-16.41346, 0.313307, -13.600721), (-16.260248, 0.344008, -13.601855), (-16.259048, 0.316994, -13.757586)
(-16.41346, 0.313307, -13.600721), (-16.415277, 0.34198, -13.445128), (-16.260248, 0.344008, -13.601855)
(-16.562494, 0.266861, -13.597347), (-16.41346, 0.313307, -13.600721), (-16.411837, 0.284718, -13.756318)
(-16.562494, 0.266861, -13.597347), (-16.56472, 0.298077, -13.441942), (-16.41346, 0.313307, -13.600721)
(-16.261353, 0.370508, -13.446054), (-16.262058, 0.395528, -13.289966), (-16.105196, 0.389215, -13.445436)
(-16.261353, 0.370508, -13.446054), (-16.105196, 0.389215, -13.445436), (-16.104057, 0.360962, -13.601028)
(-16.105196, 0.389215, -13.445436), (-16.10634, 0.417455, -13.289809), (-15.948521, 0.403575, -13.443949)
(-16.105196, 0.389215, -13.445436), (-15.948521, 0.403575, -13.443949), (-15.946998, 0.371273, -13.598915)
(-16.415277, 0.34198, -13.445128), (-16.416233, 0.367041, -13.288973), (-16.261353, 0.370508, -13.446054)
(-16.415277, 0.34198, -13.445128), (-16.261353, 0.370508, -13.446054), (-16.260248, 0.344008, -13.601855)
(-16.56472, 0.298077, -13.441942), (-16.566259, 0.326038, -13.285999), (-16.415277, 0.34198, -13.445128)
(-16.56472, 0.298077, -13.441942), (-16.415277, 0.34198, -13.445128), (-16.41346, 0.313307, -13.600721)
# -15.659493483353337, 0, -13.723084783353336
(-15.625774, 0.264948, -14.054279), (-15.626999, 0.297195, -13.899096), (-15.465914, 0.245705, -14.046651)
(-15.625774, 0.264948, -14.054279), (-15.465914, 0.245705, -14.046651), (-15.465226, 0.216825, -14.202637)
(-15.465914, 0.245705, -14.046651), (-15.467487, 0.282365, -13.892193), (-15.305912, 0.224061, -14.038515)
(-15.465914, 0.245705, -14.046651), (-15.305912, 0.224061, -14.038515), (-15.304951, 0.191277, -14.193873)
(-15.94451, 0.311102, -13.909596), (-15.786096, 0.307503, -13.905048), (-15.785162, 0.279033, -14.060808)
(-15.94451, 0.311102, -13.909596), (-15.945631, 0.340195, -13.754086), (-15.786096, 0.307503, -13.905048)
(-15.786096, 0.307503, -13.905048), (-15.626999, 0.297195, -13.899096), (-15.625774, 0.264948, -14.054279)
(-15.786096, 0.307503, -13.905048), (-15.787531, 0.340283, -13.750087), (-15.626999, 0.297195, -13.899096)
(-15.626999, 0.297195, -13.899096), (-15.467487, 0.282365, -13.892193), (-15.465914, 0.245705, -14.046651)
(-15.626999, 0.297195, -13.899096), (-15.628868, 0.334945, -13.74497), (-15.467487, 0.282365, -13.892193)
(-15.467487, 0.282365, -13.892193), (-15.307957, 0.26648, -13.885079), (-15.305912, 0.224061, -14.038515)
(-15.467487, 0.282365, -13.892193), (-15.469851, 0.325652, -13.739041), (-15.307957, 0.26648, -13.885079)
(-15.945631, 0.340195, -13.754086), (-15.787531, 0.340283, -13.750087), (-15.786096, 0.307503, -13.905048)
(-15.945631, 0.340195, -13.754086), (-15.946998, 0.371273, -13.598915), (-15.787531, 0.340283, -13.750087)
(-15.787531, 0.340283, -13.750087), (-15.789346, 0.376252, -13.595722), (-15.628868, 0.334945, -13.74497)
(-15.787531, 0.340283, -13.750087), (-15.628868, 0.334945, -13.74497), (-15.626999, 0.297195, -13.899096)
(-15.628868, 0.334945, -13.74497), (-15.631171, 0.376092, -13.591486), (-15.469851, 0.325652, -13.739041)
(-15.628868, 0.334945, -13.74497), (-15.469851, 0.325652, -13.739041), (-15.467487, 0.282365, -13.892193)
(-15.469851, 0.325652, -13.739041), (-15.472797, 0.37366, -13.586807), (-15.310905, 0.316324, -13.733128)
(-15.469851, 0.325652, -13.739041), (-15.310905, 0.316324, -13.733128), (-15.307957, 0.26648, -13.885079)
(-15.946998, 0.371273, -13.598915), (-15.789346, 0.376252, -13.595722), (-15.787531, 0.340283, -13.750087)
(-15.946998, 0.371273, -13.598915), (-15.948521, 0.403575, -13.443949), (-15.789346, 0.376252, -13.595722)
(-15.789346, 0.376252, -13.595722), (-15.631171, 0.376092, -13.591486), (-15.628868, 0.334945, -13.74497)
(-15.789346, 0.376252, -13.595722), (-15.791316, 0.413146, -13.44151), (-15.631171, 0.376092, -13.591486)
(-15.631171, 0.376092, -13.591486), (-15.472797, 0.37366, -13.586807), (-15.469851, 0.325652, -13.739041)
(-15.631171, 0.376092, -13.591486), (-15.633738, 0.419092, -13.438356), (-15.472797, 0.37366, -13.586807)
(-15.472797, 0.37366, -13.586807), (-15.314468, 0.370904, -13.582097), (-15.310905, 0.316324, -13.733128)
(-15.472797, 0.37366, -13.586807), (-15.475949, 0.422639, -13.434754), (-15.314468, 0.370904, -13.582097)
(-15.948521, 0.403575, -13.443949), (-15.950036, 0.435609, -13.288907), (-15.791316, 0.413146, -13.44151)
(-15.948521, 0.403575, -13.443949), (-15.791316, 0.413146, -13.44151), (-15.789346, 0.376252, -13.595722)
(-15.791316, 0.413146, -13.44151), (-15.793297, 0.449823, -13.287237), (-15.633738, 0.419092, -13.438356)
(-15.791316, 0.413146, -13.44151), (-15.633738, 0.419092, -13.438356), (-15.631171, 0.376092, -13.591486)
(-15.633738, 0.419092, -13.438356), (-15.636268, 0.461237, -13.285042), (-15.475949, 0.422639, -13.434754)
(-15.633738, 0.419092, -13.438356), (-15.475949, 0.422639, -13.434754), (-15.472797, 0.37366, -13.586807)
(-15.475949, 0.422639, -13.434754), (-15.479103, 0.471046, -13.282571), (-15.318298, 0.426942, -13.431358)
(-15.475949, 0.422639, -13.434754), (-15.318298, 0.426942, -13.431358), (-15.314468, 0.370904, -13.582097)
# -14.991723250020002, 0, -13.723084783353336
(-15.305912, 0.224061, -14.038515), (-15.307957, 0.26648, -13.885079), (-15.146301, 0.20509, -14.030948)
(-15.305912, 0.224061, -14.038515), (-15.146301, 0.20509, -14.030948), (-15.144888, 0.166559, -14.18529)
(-15.146301, 0.20509, -14.030948), (-15.14884, 0.253404, -13.878574), (-14.987511, 0.192729, -14.024797)
(-15.146301, 0.20509, -14.030948), (-14.987511, 0.192729, -14.024797), (-14.985603, 0.148189, -14.178061)
(-14.987511, 0.192729, -14.024797), (-14.990668, 0.248238, -13.873764), (-14.82999, 0.191541, -14.021067)
(-14.987511, 0.192729, -14.024797), (-14.82999, 0.191541, -14.021067), (-14.827471, 0.139936, -14.173035)
(-14.82999, 0.191541, -14.021067), (-14.833707, 0.253496, -13.871222), (-14.673953, 0.203875, -14.020281)
(-14.82999, 0.191541, -14.021067), (-14.673953, 0.203875, -14.020281), (-14.670788, 0.145024, -14.170925)
(-14.673953, 0.203875, -14.020281), (-14.678112, 0.271014, -13.871378), (-14.519341, 0.229506, -14.022482)
(-14.673953, 0.203875, -14.020281), (-14.519341, 0.229506, -14.022482), (-14.51568, 0.165236, -14.172139)
(-15.307957, 0.26648, -13.885079), (-15.14884, 0.253404, -13.878574), (-15.146301, 0.20509, -14.030948)
(-15.307957, 0.26648, -13.885079), (-15.310905, 0.316324, -13.733128), (-15.14884, 0.253404, -13.878574)
(-15.14884, 0.253404, -13.878574), (-14.990668, 0.248238, -13.873764), (-14.987511, 0.192729, -14.024797)
(-15.14884, 0.253404, -13.878574), (-15.152418, 0.310338, -13.727941), (-14.990668, 0.248238, -13.873764)
(-14.990668, 0.248238, -13.873764), (-14.833707, 0.253496, -13.871222), (-14.82999, 0.191541, -14.021067)
(-14.990668, 0.248238, -13.873764), (-14.994782, 0.311289, -13.724262), (-14.833707, 0.253496, -13.871222)
(-14.678112, 0.271014, -13.871378), (-14.52385, 0.300804, -13.874293), (-14.519341, 0.229506, -14.022482)
(-14.678112, 0.271014, -13.871378), (-14.683036, 0.343809, -13.723655), (-14.52385, 0.300804, -13.874293)
(-14.833707, 0.253496, -13.871222), (-14.678112, 0.271014, -13.871378), (-14.673953, 0.203875, -14.020281)
(-14.833707, 0.253496, -13.871222), (-14.8383, 0.322163, -13.722768), (-14.678112, 0.271014, -13.871378)
(-15.310905, 0.316324, -13.733128), (-15.152418, 0.310338, -13.727941), (-15.14884, 0.253404, -13.878574)
(-15.310905, 0.316324, -13.733128), (-15.314468, 0.370904, -13.582097), (-15.152418, 0.310338, -13.727941)
(-15.152418, 0.310338, -13.727941), (-15.156602, 0.371674, -13.578166), (-14.994782, 0.311289, -13.724262)
(-15.152418, 0.310338, -13.727941), (-14.994782, 0.311289, -13.724262), (-14.990668, 0.248238, -13.873764)
(-14.994782, 0.311289, -13.724262), (-14.999514, 0.378814, -13.575645), (-14.8383, 0.322163, -13.722768)
(-14.994782, 0.311289, -13.724262), (-14.8383, 0.322163, -13.722768), (-14.833707, 0.253496, -13.871222)
(-14.683036, 0.343809, -13.723655), (-14.528889, 0.375523, -13.726835), (-14.52385, 0.300804, -13.874293)
(-14.683036, 0.343809, -13.723655), (-14.68824, 0.417617, -13.576097), (-14.528889, 0.375523, -13.726835)
(-14.8383, 0.322163, -13.722768), (-14.843369, 0.393803, -13.574875), (-14.683036, 0.343809, -13.723655)
(-14.8383, 0.322163, -13.722768), (-14.683036, 0.343809, -13.723655), (-14.678112, 0.271014, -13.871378)
(-15.314468, 0.370904, -13.582097), (-15.156602, 0.371674, -13.578166), (-15.152418, 0.310338, -13.727941)
(-15.314468, 0.370904, -13.582097), (-15.318298, 0.426942, -13.431358), (-15.156602, 0.371674, -13.578166)
(-15.156602, 0.371674, -13.578166), (-14.999514, 0.378814, -13.575645), (-14.994782, 0.311289, -13.724262)
(-15.156602, 0.371674, -13.578166), (-15.160995, 0.433652, -13.428534), (-14.999514, 0.378814, -13.575645)
(-14.68824, 0.417617, -13.576097), (-14.534056, 0.449741, -13.579244), (-14.528889, 0.375523, -13.726835)
(-14.68824, 0.417617, -13.576097), (-14.693375, 0.489028, -13.42804), (-14.534056, 0.449741, -13.579244)
(-14.999514, 0.378814, -13.575645), (-14.843369, 0.393803, -13.574875), (-14.8383, 0.322163, -13.722768)
(-14.999514, 0.378814, -13.575645), (-15.004319, 0.445383, -13.426834), (-14.843369, 0.393803, -13.574875)
(-14.843369, 0.393803, -13.574875), (-14.68824, 0.417617, -13.576097), (-14.683036, 0.343809, -13.723655)
(-14.843369, 0.393803, -13.574875), (-14.848438, 0.463769, -13.426641), (-14.68824, 0.417617, -13.576097)
(-15.318298, 0.426942, -13.431358), (-15.321987, 0.480784, -13.280148), (-15.160995, 0.433652, -13.428534)
(-15.318298, 0.426942, -13.431358), (-15.160995, 0.433652, -13.428534), (-15.156602, 0.371674, -13.578166)
(-15.160995, 0.433652, -13.428534), (-15.165188, 0.492828, -13.278285), (-15.004319, 0.445383, -13.426834)
(-15.160995, 0.433652, -13.428534), (-15.004319, 0.445383, -13.426834), (-14.999514, 0.378814, -13.575645)
(-14.693375, 0.489028, -13.42804), (-14.698008, 0.554365, -13.278677), (-14.539005, 0.519997, -13.430847)
(-14.693375, 0.489028, -13.42804), (-14.539005, 0.519997, -13.430847), (-14.534056, 0.449741, -13.579244)
(-15.004319, 0.445383, -13.426834), (-15.008888, 0.508763, -13.277328), (-14.848438, 0.463769, -13.426641)
(-15.004319, 0.445383, -13.426834), (-14.848438, 0.463769, -13.426641), (-14.843369, 0.393803, -13.574875)
(-14.848438, 0.463769, -13.426641), (-14.853154, 0.529252, -13.277436), (-14.693375, 0.489028, -13.42804)
(-14.848438, 0.463769, -13.426641), (-14.693375, 0.489028, -13.42804), (-14.68824, 0.417617, -13.576097)
# -14.32395301668667, 0, -13.723084783353336
(-14.062062, 0.370792, -14.044022), (-14.066448, 0.441278, -13.895349), (-13.910433, 0.426119, -14.053556)
(-14.062062, 0.370792, -14.044022), (-13.910433, 0.426119, -14.053556), (-13.906303, 0.357858, -14.202825)
(-14.213744, 0.316186, -14.034985), (-14.218387, 0.389442, -13.886962), (-14.062062, 0.370792, -14.044022)
(-14.213744, 0.316186, -14.034985), (-14.062062, 0.370792, -14.044022), (-14.057747, 0.299912, -14.19272)
(-14.366028, 0.267754, -14.027542), (-14.370712, 0.341228, -13.879679), (-14.213744, 0.316186, -14.034985)
(-14.366028, 0.267754, -14.027542), (-14.213744, 0.316186, -14.034985), (-14.209472, 0.245435, -14.183597)
(-14.519341, 0.229506, -14.022482), (-14.52385, 0.300804, -13.874293), (-14.366028, 0.267754, -14.027542)
(-14.519341, 0.229506, -14.022482), (-14.366028, 0.267754, -14.027542), (-14.361992, 0.199423, -14.176507)
(-14.066448, 0.441278, -13.895349), (-13.91436, 0.491569, -13.90378), (-13.910433, 0.426119, -14.053556)
(-14.066448, 0.441278, -13.895349), (-14.070637, 0.508275, -13.745998), (-13.91436, 0.491569, -13.90378)
(-14.218387, 0.389442, -13.886962), (-14.066448, 0.441278, -13.895349), (-14.062062, 0.370792, -14.044022)
(-14.218387, 0.389442, -13.886962), (-14.223059, 0.461172, -13.738693), (-14.066448, 0.441278, -13.895349)
(-14.370712, 0.341228, -13.879679), (-14.218387, 0.389442, -13.886962), (-14.213744, 0.316186, -14.034985)
(-14.370712, 0.341228, -13.879679), (-14.375669, 0.415647, -13.73204), (-14.218387, 0.389442, -13.886962)
(-14.52385, 0.300804, -13.874293), (-14.370712, 0.341228, -13.879679), (-14.366028, 0.267754, -14.027542)
(-14.52385, 0.300804, -13.874293), (-14.528889, 0.375523, -13.726835), (-14.370712, 0.341228, -13.879679)
(-14.070637, 0.508275, -13.745998), (-13.917884, 0.551802, -13.752926), (-13.91436, 0.491569, -13.90378)
(-14.070637, 0.508275, -13.745998), (-14.07443, 0.569999, -13.595485), (-13.917884, 0.551802, -13.752926)
(-14.223059, 0.461172, -13.738693), (-14.227518, 0.529358, -13.589624), (-14.070637, 0.508275, -13.745998)
(-14.223059, 0.461172, -13.738693), (-14.070637, 0.508275, -13.745998), (-14.066448, 0.441278, -13.895349)
(-14.375669, 0.415647, -13.73204), (-14.380593, 0.488011, -13.58395), (-14.223059, 0.461172, -13.738693)
(-14.375669, 0.415647, -13.73204), (-14.223059, 0.461172, -13.738693), (-14.218387, 0.389442, -13.886962)
(-14.528889, 0.375523, -13.726835), (-14.534056, 0.449741, -13.579244), (-14.375669, 0.415647, -13.73204)
(-14.528889, 0.375523, -13.726835), (-14.375669, 0.415647, -13.73204), (-14.370712, 0.341228, -13.879679)
(-14.07443, 0.569999, -13.595485), (-13.920851, 0.605325, -13.600601), (-13.917884, 0.551802, -13.752926)
(-14.07443, 0.569999, -13.595485), (-14.077586, 0.624194, -13.443365), (-13.920851, 0.605325, -13.600601)
(-14.227518, 0.529358, -13.589624), (-14.07443, 0.569999, -13.595485), (-14.070637, 0.508275, -13.745998)
(-14.227518, 0.529358, -13.589624), (-14.231453, 0.590824, -13.439146), (-14.07443, 0.569999, -13.595485)
(-14.380593, 0.488011, -13.58395), (-14.227518, 0.529358, -13.589624), (-14.223059, 0.461172, -13.738693)
(-14.380593, 0.488011, -13.58395), (-14.385138, 0.554958, -13.434738), (-14.227518, 0.529358, -13.589624)
(-14.534056, 0.449741, -13.579244), (-14.380593, 0.488011, -13.58395), (-14.375669, 0.415647, -13.73204)
(-14.534056, 0.449741, -13.579244), (-14.539005, 0.519997, -13.430847), (-14.380593, 0.488011, -13.58395)
(-14.077586, 0.624194, -13.443365), (-14.079942, 0.669931, -13.289381), (-13.923083, 0.650625, -13.44653)
(-14.077586, 0.624194, -13.443365), (-13.923083, 0.650625, -13.44653), (-13.920851, 0.605325, -13.600601)
(-14.231453, 0.590824, -13.439146), (-14.234631, 0.644009, -13.28685), (-14.077586, 0.624194, -13.443365)
(-14.231453, 0.590824, -13.439146), (-14.077586, 0.624194, -13.443365), (-14.07443, 0.569999, -13.595485)
(-14.385138, 0.554958, -13.434738), (-14.388989, 0.614074, -13.283816), (-14.231453, 0.590824, -13.439146)
(-14.385138, 0.554958, -13.434738), (-14.231453, 0.590824, -13.439146), (-14.227518, 0.529358, -13.589624)
(-14.539005, 0.519997, -13.430847), (-14.543353, 0.583261, -13.28092), (-14.385138, 0.554958, -13.434738)
(-14.539005, 0.519997, -13.430847), (-14.385138, 0.554958, -13.434738), (-14.380593, 0.488011, -13.58395)
# -13.656182783353334, 0, -13.723084783353336
(-13.910433, 0.426119, -14.053556), (-13.91436, 0.491569, -13.90378), (-13.758217, 0.475839, -14.062267)
(-13.910433, 0.426119, -14.053556), (-13.758217, 0.475839, -14.062267), (-13.754499, 0.412632, -14.212571)
(-13.4523, 0.581806, -13.918699), (-13.296175, 0.587635, -13.919335), (-13.295113, 0.554547, -14.07578)
(-13.4523, 0.581806, -13.918699), (-13.453411, 0.616031, -13.762308), (-13.296175, 0.587635, -13.919335)
(-13.607508, 0.564818, -13.916081), (-13.4523, 0.581806, -13.918699), (-13.450659, 0.541956, -14.073774)
(-13.607508, 0.564818, -13.916081), (-13.609339, 0.606895, -13.761366), (-13.4523, 0.581806, -13.918699)
(-13.761509, 0.534167, -13.910989), (-13.607508, 0.564818, -13.916081), (-13.60503, 0.515487, -14.069221)
(-13.761509, 0.534167, -13.910989), (-13.764211, 0.585804, -13.75828), (-13.607508, 0.564818, -13.916081)
(-13.91436, 0.491569, -13.90378), (-13.761509, 0.534167, -13.910989), (-13.758217, 0.475839, -14.062267)
(-13.91436, 0.491569, -13.90378), (-13.917884, 0.551802, -13.752926), (-13.761509, 0.534167, -13.910989)
(-13.453411, 0.616031, -13.762308), (-13.297153, 0.620282, -13.762606), (-13.296175, 0.587635, -13.919335)
(-13.453411, 0.616031, -13.762308), (-13.454351, 0.648817, -13.605434), (-13.297153, 0.620282, -13.762606)
(-13.609339, 0.606895, -13.761366), (-13.610567, 0.642759, -13.605184), (-13.453411, 0.616031, -13.762308)
(-13.609339, 0.606895, -13.761366), (-13.453411, 0.616031, -13.762308), (-13.4523, 0.581806, -13.918699)
(-13.764211, 0.585804, -13.75828), (-13.766254, 0.630022, -13.603934), (-13.609339, 0.606895, -13.761366)
(-13.764211, 0.585804, -13.75828), (-13.609339, 0.606895, -13.761366), (-13.607508, 0.564818, -13.916081)
(-13.917884, 0.551802, -13.752926), (-13.920851, 0.605325, -13.600601), (-13.764211, 0.585804, -13.75828)
(-13.917884, 0.551802, -13.752926), (-13.764211, 0.585804, -13.75828), (-13.761509, 0.534167, -13.910989)
(-13.454351, 0.648817, -13.605434), (-13.298098, 0.653058, -13.605709), (-13.297153, 0.620282, -13.762606)
(-13.454351, 0.648817, -13.605434), (-13.455244, 0.681385, -13.448387), (-13.298098, 0.653058, -13.605709)
(-13.610567, 0.642759, -13.605184), (-13.454351, 0.648817, -13.605434), (-13.453411, 0.616031, -13.762308)
(-13.610567, 0.642759, -13.605184), (-13.611459, 0.675163, -13.448189), (-13.454351, 0.648817, -13.605434)
(-13.766254, 0.630022, -13.603934), (-13.610567, 0.642759, -13.605184), (-13.609339, 0.606895, -13.761366)
(-13.766254, 0.630022, -13.603934), (-13.767597, 0.666717, -13.447951), (-13.610567, 0.642759, -13.605184)
(-13.920851, 0.605325, -13.600601), (-13.766254, 0.630022, -13.603934), (-13.764211, 0.585804, -13.75828)
(-13.920851, 0.605325, -13.600601), (-13.923083, 0.650625, -13.44653), (-13.766254, 0.630022, -13.603934)
(-13.455244, 0.681385, -13.448387), (-13.456104, 0.714084, -13.291196), (-13.298988, 0.685593, -13.448616)
(-13.455244, 0.681385, -13.448387), (-13.298988, 0.685593, -13.448616), (-13.298098, 0.653058, -13.605709)
(-13.611459, 0.675163, -13.448189), (-13.612318, 0.707636, -13.291052), (-13.455244, 0.681385, -13.448387)
(-13.611459, 0.675163, -13.448189), (-13.455244, 0.681385, -13.448387), (-13.454351, 0.648817, -13.605434)
(-13.767597, 0.666717, -13.447951), (-13.768488, 0.699188, -13.290944), (-13.611459, 0.675163, -13.448189)
(-13.767597, 0.666717, -13.447951), (-13.611459, 0.675163, -13.448189), (-13.610567, 0.642759, -13.605184)
(-13.923083, 0.650625, -13.44653), (-13.924555, 0.688338, -13.290741), (-13.767597, 0.666717, -13.447951)
(-13.923083, 0.650625, -13.44653), (-13.767597, 0.666717, -13.447951), (-13.766254, 0.630022, -13.603934)
# -12.988412550020001, 0, -13.723084783353336
(-12.670703, 0.588204, -13.920541), (-12.514235, 0.584761, -13.920812), (-12.513224, 0.554709, -14.07732)
(-12.670703, 0.588204, -13.920541), (-12.67169, 0.619465, -13.763824), (-12.514235, 0.584761, -13.920812)
(-12.827133, 0.590408, -13.920259), (-12.670703, 0.588204, -13.920541), (-12.669689, 0.557518, -14.077074)
(-12.827133, 0.590408, -13.920259), (-12.828113, 0.622036, -13.763509), (-12.670703, 0.588204, -13.920541)
(-12.983522, 0.591141, -13.919962), (-12.827133, 0.590408, -13.920259), (-12.82612, 0.559166, -14.076813)
(-12.983522, 0.591141, -13.919962), (-12.984497, 0.623116, -13.763201), (-12.827133, 0.590408, -13.920259)
(-13.139868, 0.590192, -13.919643), (-12.983522, 0.591141, -13.919962), (-12.982511, 0.559385, -14.076523)
(-13.139868, 0.590192, -13.919643), (-13.140851, 0.62264, -13.762905), (-12.983522, 0.591141, -13.919962)
(-13.296175, 0.587635, -13.919335), (-13.139868, 0.590192, -13.919643), (-13.138856, 0.558046, -14.076213)
(-13.296175, 0.587635, -13.919335), (-13.297153, 0.620282, -13.762606), (-13.139868, 0.590192, -13.919643)
(-12.67169, 0.619465, -13.763824), (-12.672649, 0.651285, -13.606924), (-12.515224, 0.615504, -13.764122)
(-12.67169, 0.619465, -13.763824), (-12.515224, 0.615504, -13.764122), (-12.514235, 0.584761, -13.920812)
(-12.828113, 0.622036, -13.763509), (-12.67169, 0.619465, -13.763824), (-12.670703, 0.588204, -13.920541)
(-12.828113, 0.622036, -13.763509), (-12.829067, 0.654194, -13.606591), (-12.67169, 0.619465, -13.763824)
(-12.984497, 0.623116, -13.763201), (-12.98545, 0.655564, -13.60628), (-12.828113, 0.622036, -13.763509)
(-12.984497, 0.623116, -13.763201), (-12.828113, 0.622036, -13.763509), (-12.827133, 0.590408, -13.920259)
(-13.140851, 0.62264, -13.762905), (-13.141798, 0.655273, -13.60599), (-12.984497, 0.623116, -13.763201)
(-13.140851, 0.62264, -13.762905), (-12.984497, 0.623116, -13.763201), (-12.983522, 0.591141, -13.919962)
(-13.297153, 0.620282, -13.762606), (-13.298098, 0.653058, -13.605709), (-13.140851, 0.62264, -13.762905)
(-13.297153, 0.620282, -13.762606), (-13.140851, 0.62264, -13.762905), (-13.139868, 0.590192, -13.919643)
(-12.672649, 0.651285, -13.606924), (-12.516189, 0.646864, -13.607244), (-12.515224, 0.615504, -13.764122)
(-12.672649, 0.651285, -13.606924), (-12.673561, 0.68352, -13.449798), (-12.516189, 0.646864, -13.607244)
(-12.829067, 0.654194, -13.606591), (-12.672649, 0.651285, -13.606924), (-12.67169, 0.619465, -13.763824)
(-12.829067, 0.654194, -13.606591), (-12.829979, 0.686711, -13.449469), (-12.672649, 0.651285, -13.606924)
(-12.98545, 0.655564, -13.60628), (-12.829067, 0.654194, -13.606591), (-12.828113, 0.622036, -13.763509)
(-12.98545, 0.655564, -13.60628), (-12.986353, 0.68816, -13.449155), (-12.829067, 0.654194, -13.606591)
(-13.141798, 0.655273, -13.60599), (-12.98545, 0.655564, -13.60628), (-12.984497, 0.623116, -13.763201)
(-13.141798, 0.655273, -13.60599), (-13.142695, 0.6879, -13.448876), (-12.98545, 0.655564, -13.60628)
(-13.298098, 0.653058, -13.605709), (-13.141798, 0.655273, -13.60599), (-13.140851, 0.62264, -13.762905)
(-13.298098, 0.653058, -13.605709), (-13.298988, 0.685593, -13.448616), (-13.141798, 0.655273, -13.60599)
(-12.673561, 0.68352, -13.449798), (-12.674451, 0.716528, -13.292511), (-12.517109, 0.678802, -13.450146)
(-12.673561, 0.68352, -13.449798), (-12.517109, 0.678802, -13.450146), (-12.516189, 0.646864, -13.607244)
(-12.829979, 0.686711, -13.449469), (-12.830859, 0.719841, -13.292173), (-12.673561, 0.68352, -13.449798)
(-12.829979, 0.686711, -13.449469), (-12.673561, 0.68352, -13.449798), (-12.672649, 0.651285, -13.606924)
(-12.986353, 0.68816, -13.449155), (-12.987225, 0.721332, -13.29187), (-12.829979, 0.686711, -13.449469)
(-12.986353, 0.68816, -13.449155), (-12.829979, 0.686711, -13.449469), (-12.829067, 0.654194, -13.606591)
(-13.142695, 0.6879, -13.448876), (-13.14356, 0.720973, -13.291607), (-12.986353, 0.68816, -13.449155)
(-13.142695, 0.6879, -13.448876), (-12.986353, 0.68816, -13.449155), (-12.98545, 0.655564, -13.60628)
(-13.298988, 0.685593, -13.448616), (-13.299852, 0.718536, -13.29138), (-13.142695, 0.6879, -13.448876)
(-13.298988, 0.685593, -13.448616), (-13.142695, 0.6879, -13.448876), (-13.141798, 0.655273, -13.60599)
# -12.320642316686666, 0, -13.723084783353336
(-12.044632, 0.568848, -13.921482), (-11.888046, 0.562347, -13.921669), (-11.887054, 0.535477, -14.078028)
(-12.044632, 0.568848, -13.921482), (-12.045624, 0.597448, -13.764917), (-11.888046, 0.562347, -13.921669)
(-12.201196, 0.574874, -13.921281), (-12.044632, 0.568848, -13.921482), (-12.043633, 0.541098, -14.077879)
(-12.201196, 0.574874, -13.921281), (-12.202186, 0.604274, -13.764657), (-12.044632, 0.568848, -13.921482)
(-12.35773, 0.580246, -13.921057), (-12.201196, 0.574874, -13.921281), (-12.20019, 0.546289, -14.077721)
(-12.35773, 0.580246, -13.921057), (-12.358718, 0.610347, -13.764389), (-12.201196, 0.574874, -13.921281)
(-12.514235, 0.584761, -13.920812), (-12.35773, 0.580246, -13.921057), (-12.356721, 0.550893, -14.077528)
(-12.514235, 0.584761, -13.920812), (-12.515224, 0.615504, -13.764122), (-12.35773, 0.580246, -13.921057)
(-12.045624, 0.597448, -13.764917), (-12.046597, 0.626857, -13.608183), (-11.889032, 0.590079, -13.765156)
(-12.045624, 0.597448, -13.764917), (-11.889032, 0.590079, -13.765156), (-11.888046, 0.562347, -13.921669)
(-12.202186, 0.604274, -13.764657), (-12.045624, 0.597448, -13.764917), (-12.044632, 0.568848, -13.921482)
(-12.202186, 0.604274, -13.764657), (-12.203158, 0.634438, -13.607868), (-12.045624, 0.597448, -13.764917)
(-12.358718, 0.610347, -13.764389), (-12.35969, 0.641171, -13.607557), (-12.202186, 0.604274, -13.764657)
(-12.358718, 0.610347, -13.764389), (-12.202186, 0.604274, -13.764657), (-12.201196, 0.574874, -13.921281)
(-12.515224, 0.615504, -13.764122), (-12.516189, 0.646864, -13.607244), (-12.358718, 0.610347, -13.764389)
(-12.515224, 0.615504, -13.764122), (-12.358718, 0.610347, -13.764389), (-12.35773, 0.580246, -13.921057)
(-12.046597, 0.626857, -13.608183), (-11.890005, 0.618659, -13.608471), (-11.889032, 0.590079, -13.765156)
(-12.046597, 0.626857, -13.608183), (-12.047539, 0.657162, -13.451221), (-11.890005, 0.618659, -13.608471)
(-12.203158, 0.634438, -13.607868), (-12.046597, 0.626857, -13.608183), (-12.045624, 0.597448, -13.764917)
(-12.203158, 0.634438, -13.607868), (-12.204099, 0.665407, -13.450869), (-12.046597, 0.626857, -13.608183)
(-12.35969, 0.641171, -13.607557), (-12.203158, 0.634438, -13.607868), (-12.202186, 0.604274, -13.764657)
(-12.35969, 0.641171, -13.607557), (-12.360621, 0.672699, -13.450504), (-12.203158, 0.634438, -13.607868)
(-12.516189, 0.646864, -13.607244), (-12.35969, 0.641171, -13.607557), (-12.358718, 0.610347, -13.764389)
(-12.516189, 0.646864, -13.607244), (-12.517109, 0.678802, -13.450146), (-12.35969, 0.641171, -13.607557)
(-12.047539, 0.657162, -13.451221), (-12.048455, 0.688352, -13.294092), (-11.890949, 0.648189, -13.451576)
(-12.047539, 0.657162, -13.451221), (-11.890949, 0.648189, -13.451576), (-11.890005, 0.618659, -13.608471)
(-12.204099, 0.665407, -13.450869), (-12.20501, 0.697241, -13.29368), (-12.047539, 0.657162, -13.451221)
(-12.204099, 0.665407, -13.450869), (-12.047539, 0.657162, -13.451221), (-12.046597, 0.626857, -13.608183)
(-12.360621, 0.672699, -13.450504), (-12.361527, 0.705056, -13.293276), (-12.204099, 0.665407, -13.450869)
(-12.360621, 0.672699, -13.450504), (-12.204099, 0.665407, -13.450869), (-12.203158, 0.634438, -13.607868)
(-12.517109, 0.678802, -13.450146), (-12.518004, 0.711539, -13.292876), (-12.360621, 0.672699, -13.450504)
(-12.517109, 0.678802, -13.450146), (-12.360621, 0.672699, -13.450504), (-12.35969, 0.641171, -13.607557)
# -11.652872083353333, 0, -13.723084783353336
(-11.418179, 0.541542, -13.922136), (-11.261528, 0.534581, -13.922279), (-11.260596, 0.511564, -14.078464)
(-11.418179, 0.541542, -13.922136), (-11.419132, 0.566421, -13.765776), (-11.261528, 0.534581, -13.922279)
(-11.574817, 0.548528, -13.921997), (-11.418179, 0.541542, -13.922136), (-11.417227, 0.51756, -14.078363)
(-11.574817, 0.548528, -13.921997), (-11.575783, 0.574459, -13.76557), (-11.418179, 0.541542, -13.922136)
(-11.73144, 0.555498, -13.921846), (-11.574817, 0.548528, -13.921997), (-11.57385, 0.523563, -14.07827)
(-11.73144, 0.555498, -13.921846), (-11.732415, 0.582391, -13.765365), (-11.574817, 0.548528, -13.921997)
(-11.888046, 0.562347, -13.921669), (-11.73144, 0.555498, -13.921846), (-11.73046, 0.529584, -14.078158)
(-11.888046, 0.562347, -13.921669), (-11.889032, 0.590079, -13.765156), (-11.73144, 0.555498, -13.921846)
(-11.419132, 0.566421, -13.765776), (-11.420078, 0.592151, -13.609274), (-11.262464, 0.558445, -13.765982)
(-11.419132, 0.566421, -13.765776), (-11.262464, 0.558445, -13.765982), (-11.261528, 0.534581, -13.922279)
(-11.575783, 0.574459, -13.76557), (-11.419132, 0.566421, -13.765776), (-11.418179, 0.541542, -13.922136)
(-11.575783, 0.574459, -13.76557), (-11.576742, 0.601193, -13.609001), (-11.419132, 0.566421, -13.765776)
(-11.732415, 0.582391, -13.765365), (-11.733385, 0.610065, -13.608736), (-11.575783, 0.574459, -13.76557)
(-11.732415, 0.582391, -13.765365), (-11.575783, 0.574459, -13.76557), (-11.574817, 0.548528, -13.921997)
(-11.889032, 0.590079, -13.765156), (-11.890005, 0.618659, -13.608471), (-11.732415, 0.582391, -13.765365)
(-11.889032, 0.590079, -13.765156), (-11.732415, 0.582391, -13.765365), (-11.73144, 0.555498, -13.921846)
(-11.420078, 0.592151, -13.609274), (-11.263395, 0.583182, -13.609543), (-11.262464, 0.558445, -13.765982)
(-11.420078, 0.592151, -13.609274), (-11.421007, 0.618959, -13.452583), (-11.263395, 0.583182, -13.609543)
(-11.576742, 0.601193, -13.609001), (-11.420078, 0.592151, -13.609274), (-11.419132, 0.566421, -13.765776)
(-11.576742, 0.601193, -13.609001), (-11.577681, 0.628913, -13.452249), (-11.420078, 0.592151, -13.609274)
(-11.733385, 0.610065, -13.608736), (-11.576742, 0.601193, -13.609001), (-11.575783, 0.574459, -13.76557)
(-11.733385, 0.610065, -13.608736), (-11.734327, 0.638737, -13.451908), (-11.576742, 0.601193, -13.609001)
(-11.890005, 0.618659, -13.608471), (-11.733385, 0.610065, -13.608736), (-11.732415, 0.582391, -13.765365)
(-11.890005, 0.618659, -13.608471), (-11.890949, 0.648189, -13.451576), (-11.733385, 0.610065, -13.608736)
(-11.421007, 0.618959, -13.452583), (-11.421921, 0.646566, -13.295751), (-11.264313, 0.608968, -13.452935)
(-11.421007, 0.618959, -13.452583), (-11.264313, 0.608968, -13.452935), (-11.263395, 0.583182, -13.609543)
(-11.577681, 0.628913, -13.452249), (-11.578599, 0.657538, -13.295331), (-11.421007, 0.618959, -13.452583)
(-11.577681, 0.628913, -13.452249), (-11.421007, 0.618959, -13.452583), (-11.420078, 0.592151, -13.609274)
(-11.734327, 0.638737, -13.451908), (-11.73525, 0.668296, -13.294915), (-11.577681, 0.628913, -13.452249)
(-11.734327, 0.638737, -13.451908), (-11.577681, 0.628913, -13.452249), (-11.576742, 0.601193, -13.609001)
(-11.890949, 0.648189, -13.451576), (-11.891871, 0.678621, -13.29451), (-11.734327, 0.638737, -13.451908)
(-11.890949, 0.648189, -13.451576), (-11.734327, 0.638737, -13.451908), (-11.733385, 0.610065, -13.608736)
# -10.985101850019998, 0, -13.723084783353336
(-10.791529, 0.514702, -13.922835), (-10.634851, 0.508669, -13.923111), (-10.63404, 0.489277, -14.07906)
(-10.791529, 0.514702, -13.922835), (-10.792387, 0.535712, -13.766728), (-10.634851, 0.508669, -13.923111)
(-10.948201, 0.52104, -13.922619), (-10.791529, 0.514702, -13.922835), (-10.790683, 0.494499, -14.078854)
(-10.948201, 0.52104, -13.922619), (-10.949089, 0.543061, -13.766436), (-10.791529, 0.514702, -13.922835)
(-11.104869, 0.527677, -13.922441), (-10.948201, 0.52104, -13.922619), (-10.947324, 0.499941, -14.078697)
(-11.104869, 0.527677, -13.922441), (-11.105782, 0.550675, -13.766191), (-10.948201, 0.52104, -13.922619)
(-11.261528, 0.534581, -13.922279), (-11.104869, 0.527677, -13.922441), (-11.103963, 0.505661, -14.07857)
(-11.261528, 0.534581, -13.922279), (-11.262464, 0.558445, -13.765982), (-11.104869, 0.527677, -13.922441)
(-10.792387, 0.535712, -13.766728), (-10.793246, 0.55746, -13.610518), (-10.635674, 0.528796, -13.767085)
(-10.792387, 0.535712, -13.766728), (-10.635674, 0.528796, -13.767085), (-10.634851, 0.508669, -13.923111)
(-10.949089, 0.543061, -13.766436), (-10.792387, 0.535712, -13.766728), (-10.791529, 0.514702, -13.922835)
(-10.949089, 0.543061, -13.766436), (-10.949979, 0.565783, -13.610144), (-10.792387, 0.535712, -13.766728)
(-11.105782, 0.550675, -13.766191), (-11.106695, 0.574373, -13.609824), (-10.949089, 0.543061, -13.766436)
(-11.105782, 0.550675, -13.766191), (-10.949089, 0.543061, -13.766436), (-10.948201, 0.52104, -13.922619)
(-11.262464, 0.558445, -13.765982), (-11.263395, 0.583182, -13.609543), (-11.105782, 0.550675, -13.766191)
(-11.262464, 0.558445, -13.765982), (-11.105782, 0.550675, -13.766191), (-11.104869, 0.527677, -13.922441)
(-10.793246, 0.55746, -13.610518), (-10.636497, 0.549669, -13.610964), (-10.635674, 0.528796, -13.767085)
(-10.793246, 0.55746, -13.610518), (-10.794095, 0.580232, -13.45418), (-10.636497, 0.549669, -13.610964)
(-10.949979, 0.565783, -13.610144), (-10.793246, 0.55746, -13.610518), (-10.792387, 0.535712, -13.766728)
(-10.949979, 0.565783, -13.610144), (-10.950856, 0.589447, -13.453716), (-10.793246, 0.55746, -13.610518)
(-11.106695, 0.574373, -13.609824), (-10.949979, 0.565783, -13.610144), (-10.949089, 0.543061, -13.766436)
(-11.106695, 0.574373, -13.609824), (-11.107596, 0.599086, -13.453304), (-10.949979, 0.565783, -13.610144)
(-11.263395, 0.583182, -13.609543), (-11.106695, 0.574373, -13.609824), (-11.105782, 0.550675, -13.766191)
(-11.263395, 0.583182, -13.609543), (-11.264313, 0.608968, -13.452935), (-11.106695, 0.574373, -13.609824)
(-10.794095, 0.580232, -13.45418), (-10.794935, 0.603642, -13.29772), (-10.637316, 0.571479, -13.454735)
(-10.794095, 0.580232, -13.45418), (-10.637316, 0.571479, -13.454735), (-10.636497, 0.549669, -13.610964)
(-10.950856, 0.589447, -13.453716), (-10.95172, 0.61391, -13.297152), (-10.794095, 0.580232, -13.45418)
(-10.950856, 0.589447, -13.453716), (-10.794095, 0.580232, -13.45418), (-10.793246, 0.55746, -13.610518)
(-11.107596, 0.599086, -13.453304), (-11.108483, 0.624584, -13.296648), (-10.950856, 0.589447, -13.453716)
(-11.107596, 0.599086, -13.453304), (-10.950856, 0.589447, -13.453716), (-10.949979, 0.565783, -13.610144)
(-11.264313, 0.608968, -13.452935), (-11.265216, 0.635548, -13.296185), (-11.107596, 0.599086, -13.453304)
(-11.264313, 0.608968, -13.452935), (-11.107596, 0.599086, -13.453304), (-11.106695, 0.574373, -13.609824)
# -10.317331616686666, 0, -13.723084783353336
(-10.008135, 0.489933, -13.925224), (-9.851477, 0.487417, -13.92612), (-9.850886, 0.470716, -14.081506)
(-10.008135, 0.489933, -13.925224), (-10.00878, 0.507453, -13.769654), (-9.851477, 0.487417, -13.92612)
(-10.164808, 0.493501, -13.924499), (-10.008135, 0.489933, -13.925224), (-10.007498, 0.472961, -14.080761)
(-10.164808, 0.493501, -13.924499), (-10.165502, 0.511573, -13.768789), (-10.008135, 0.489933, -13.925224)
(-10.321487, 0.497879, -13.923917), (-10.164808, 0.493501, -13.924499), (-10.164122, 0.476129, -14.080166)
(-10.321487, 0.497879, -13.923917), (-10.322228, 0.51667, -13.768095), (-10.164808, 0.493501, -13.924499)
(-10.478168, 0.50297, -13.923463), (-10.321487, 0.497879, -13.923917), (-10.320757, 0.479935, -14.079695)
(-10.478168, 0.50297, -13.923463), (-10.478954, 0.522473, -13.767532), (-10.321487, 0.497879, -13.923917)
(-10.634851, 0.508669, -13.923111), (-10.478168, 0.50297, -13.923463), (-10.477398, 0.484378, -14.079333)
(-10.634851, 0.508669, -13.923111), (-10.635674, 0.528796, -13.767085), (-10.478168, 0.50297, -13.923463)
(-10.00878, 0.507453, -13.769654), (-10.00942, 0.52563, -13.614044), (-9.852065, 0.504555, -13.770706)
(-10.00878, 0.507453, -13.769654), (-9.852065, 0.504555, -13.770706), (-9.851477, 0.487417, -13.92612)
(-10.165502, 0.511573, -13.768789), (-10.166197, 0.530237, -13.613023), (-10.00878, 0.507453, -13.769654)
(-10.165502, 0.511573, -13.768789), (-10.00878, 0.507453, -13.769654), (-10.008135, 0.489933, -13.925224)
(-10.322228, 0.51667, -13.768095), (-10.165502, 0.511573, -13.768789), (-10.164808, 0.493501, -13.924499)
(-10.322228, 0.51667, -13.768095), (-10.322971, 0.536, -13.612194), (-10.165502, 0.511573, -13.768789)
(-10.478954, 0.522473, -13.767532), (-10.47974, 0.542518, -13.611512), (-10.322228, 0.51667, -13.768095)
(-10.478954, 0.522473, -13.767532), (-10.322228, 0.51667, -13.768095), (-10.321487, 0.497879, -13.923917)
(-10.635674, 0.528796, -13.767085), (-10.636497, 0.549669, -13.610964), (-10.478954, 0.522473, -13.767532)
(-10.635674, 0.528796, -13.767085), (-10.478954, 0.522473, -13.767532), (-10.478168, 0.50297, -13.923463)
(-10.00942, 0.52563, -13.614044), (-9.852644, 0.522348, -13.615274), (-9.852065, 0.504555, -13.770706)
(-10.00942, 0.52563, -13.614044), (-10.010042, 0.54452, -13.458386), (-9.852644, 0.522348, -13.615274)
(-10.166197, 0.530237, -13.613023), (-10.00942, 0.52563, -13.614044), (-10.00878, 0.507453, -13.769654)
(-10.166197, 0.530237, -13.613023), (-10.166875, 0.549795, -13.457203), (-10.00942, 0.52563, -13.614044)
(-10.322971, 0.536, -13.612194), (-10.166197, 0.530237, -13.613023), (-10.165502, 0.511573, -13.768789)
(-10.322971, 0.536, -13.612194), (-10.323702, 0.556134, -13.456215), (-10.166197, 0.530237, -13.613023)
(-10.47974, 0.542518, -13.611512), (-10.322971, 0.536, -13.612194), (-10.322228, 0.51667, -13.768095)
(-10.47974, 0.542518, -13.611512), (-10.480517, 0.563477, -13.455402), (-10.322971, 0.536, -13.612194)
(-10.636497, 0.549669, -13.610964), (-10.47974, 0.542518, -13.611512), (-10.478954, 0.522473, -13.767532)
(-10.636497, 0.549669, -13.610964), (-10.637316, 0.571479, -13.454735), (-10.47974, 0.542518, -13.611512)
(-10.010042, 0.54452, -13.458386), (-10.010639, 0.563935, -13.302656), (-9.853202, 0.540632, -13.459795)
(-10.010042, 0.54452, -13.458386), (-9.853202, 0.540632, -13.459795), (-9.852644, 0.522348, -13.615274)
(-10.166875, 0.549795, -13.457203), (-10.16754, 0.569745, -13.301285), (-10.010042, 0.54452, -13.458386)
(-10.166875, 0.549795, -13.457203), (-10.010042, 0.54452, -13.458386), (-10.00942, 0.52563, -13.614044)
(-10.323702, 0.556134, -13.456215), (-10.324421, 0.576832, -13.300135), (-10.166875, 0.549795, -13.457203)
(-10.323702, 0.556134, -13.456215), (-10.166875, 0.549795, -13.457203), (-10.166197, 0.530237, -13.613023)
(-10.480517, 0.563477, -13.455402), (-10.481281, 0.584981, -13.299181), (-10.323702, 0.556134, -13.456215)
(-10.480517, 0.563477, -13.455402), (-10.323702, 0.556134, -13.456215), (-10.322971, 0.536, -13.612194)
(-10.637316, 0.571479, -13.454735), (-10.638123, 0.593923, -13.298387), (-10.480517, 0.563477, -13.455402)
(-10.637316, 0.571479, -13.454735), (-10.480517, 0.563477, -13.455402), (-10.47974, 0.542518, -13.611512)
