# -9.64956138335333, 0, 5.642251983313336
(-9.354043, 0.512334, 5.352271), (-9.355895, 0.491798, 5.508008), (-9.196089, 0.519914, 5.350659)
(-9.354043, 0.512334, 5.352271), (-9.196089, 0.519914, 5.350659), (-9.19412, 0.539014, 5.19429)
(-9.512031, 0.501723, 5.35352), (-9.513796, 0.48117, 5.509045), (-9.354043, 0.512334, 5.352271)
(-9.512031, 0.501723, 5.35352), (-9.354043, 0.512334, 5.352271), (-9.352146, 0.531654, 5.19614)
(-9.670019, 0.488663, 5.354457), (-9.671686, 0.468019, 5.509759), (-9.512031, 0.501723, 5.35352)
(-9.670019, 0.488663, 5.354457), (-9.512031, 0.501723, 5.35352), (-9.510219, 0.521345, 5.197645)
(-9.827973, 0.473297, 5.35505), (-9.829535, 0.452607, 5.510144), (-9.670019, 0.488663, 5.354457)
(-9.827973, 0.473297, 5.35505), (-9.670019, 0.488663, 5.354457), (-9.668297, 0.508282, 5.198778)
(-9.355895, 0.491798, 5.508008), (-9.198016, 0.49952, 5.506626), (-9.196089, 0.519914, 5.350659)
(-9.355895, 0.491798, 5.508008), (-9.357706, 0.469923, 5.663274), (-9.198016, 0.49952, 5.506626)
(-9.513796, 0.48117, 5.509045), (-9.355895, 0.491798, 5.508008), (-9.354043, 0.512334, 5.352271)
(-9.513796, 0.48117, 5.509045), (-9.515511, 0.459365, 5.664107), (-9.355895, 0.491798, 5.508008)
(-9.671686, 0.468019, 5.509759), (-9.513796, 0.48117, 5.509045), (-9.512031, 0.501723, 5.35352)
(-9.671686, 0.468019, 5.509759), (-9.673296, 0.446251, 5.664611), (-9.513796, 0.48117, 5.509045)
(-9.829535, 0.452607, 5.510144), (-9.671686, 0.468019, 5.509759), (-9.670019, 0.488663, 5.354457)
(-9.829535, 0.452607, 5.510144), (-9.831032, 0.430921, 5.664802), (-9.671686, 0.468019, 5.509759)
(-9.357706, 0.469923, 5.663274), (-9.199913, 0.47749, 5.662084), (-9.198016, 0.49952, 5.506626)
(-9.357706, 0.469923, 5.663274), (-9.359472, 0.44675, 5.817997), (-9.199913, 0.47749, 5.662084)
(-9.515511, 0.459365, 5.664107), (-9.517176, 0.436515, 5.818666), (-9.357706, 0.469923, 5.663274)
(-9.515511, 0.459365, 5.664107), (-9.357706, 0.469923, 5.663274), (-9.355895, 0.491798, 5.508008)
(-9.673296, 0.446251, 5.664611), (-9.515511, 0.459365, 5.664107), (-9.513796, 0.48117, 5.509045)
(-9.673296, 0.446251, 5.664611), (-9.674849, 0.423639, 5.818995), (-9.515511, 0.459365, 5.664107)
(-9.831032, 0.430921, 5.664802), (-9.832474, 0.408656, 5.819053), (-9.673296, 0.446251, 5.664611)
(-9.831032, 0.430921, 5.664802), (-9.673296, 0.446251, 5.664611), (-9.671686, 0.468019, 5.509759)
(-9.359472, 0.44675, 5.817997), (-9.201774, 0.454174, 5.817017), (-9.199913, 0.47749, 5.662084)
(-9.359472, 0.44675, 5.817997), (-9.361204, 0.422505, 5.97214), (-9.201774, 0.454174, 5.817017)
(-9.517176, 0.436515, 5.818666), (-9.359472, 0.44675, 5.817997), (-9.357706, 0.469923, 5.663274)
(-9.517176, 0.436515, 5.818666), (-9.518796, 0.41268, 5.972646), (-9.359472, 0.44675, 5.817997)
(-9.674849, 0.423639, 5.818995), (-9.517176, 0.436515, 5.818666), (-9.515511, 0.459365, 5.664107)
(-9.674849, 0.423639, 5.818995), (-9.676359, 0.400425, 5.972886), (-9.517176, 0.436515, 5.818666)
(-9.832474, 0.408656, 5.819053), (-9.674849, 0.423639, 5.818995), (-9.673296, 0.446251, 5.664611)
(-9.832474, 0.408656, 5.819053), (-9.833864, 0.385889, 5.97282), (-9.674849, 0.423639, 5.818995)
(-9.361204, 0.422505, 5.97214), (-9.362917, 0.398446, 6.125907), (-9.203608, 0.429647, 5.971357)
(-9.361204, 0.422505, 5.97214), (-9.203608, 0.429647, 5.971357), (-9.201774, 0.454174, 5.817017)
(-9.518796, 0.41268, 5.972646), (-9.520404, 0.389168, 6.126291), (-9.361204, 0.422505, 5.97214)
(-9.518796, 0.41268, 5.972646), (-9.361204, 0.422505, 5.97214), (-9.359472, 0.44675, 5.817997)
(-9.833864, 0.385889, 5.97282), (-9.835244, 0.363475, 6.126269), (-9.676359, 0.400425, 5.972886)
(-9.833864, 0.385889, 5.97282), (-9.676359, 0.400425, 5.972886), (-9.674849, 0.423639, 5.818995)
(-9.676359, 0.400425, 5.972886), (-9.677855, 0.377447, 6.126419), (-9.518796, 0.41268, 5.972646)
(-9.676359, 0.400425, 5.972886), (-9.518796, 0.41268, 5.972646), (-9.517176, 0.436515, 5.818666)
# -8.981791150019998, 0, 5.642251983313336
(-8.722793, 0.525671, 5.344353), (-8.724882, 0.505378, 5.500959), (-8.565349, 0.521364, 5.34183)
(-8.722793, 0.525671, 5.344353), (-8.565349, 0.521364, 5.34183), (-8.563236, 0.539442, 5.184544)
(-8.880425, 0.526788, 5.346684), (-8.882473, 0.50648, 5.503087), (-8.722793, 0.525671, 5.344353)
(-8.880425, 0.526788, 5.346684), (-8.722793, 0.525671, 5.344353), (-8.720687, 0.544233, 5.187306)
(-9.038202, 0.524907, 5.348809), (-9.040197, 0.504513, 5.504988), (-8.880425, 0.526788, 5.346684)
(-9.038202, 0.524907, 5.348809), (-8.880425, 0.526788, 5.346684), (-8.878347, 0.54567, 5.189876)
(-9.196089, 0.519914, 5.350659), (-9.198016, 0.49952, 5.506626), (-9.038202, 0.524907, 5.348809)
(-9.196089, 0.519914, 5.350659), (-9.038202, 0.524907, 5.348809), (-9.036178, 0.54369, 5.19219)
(-8.724882, 0.505378, 5.500959), (-8.567455, 0.501295, 5.498657), (-8.565349, 0.521364, 5.34183)
(-8.724882, 0.505378, 5.500959), (-8.726961, 0.483308, 5.65707), (-8.567455, 0.501295, 5.498657)
(-8.882473, 0.50648, 5.503087), (-8.724882, 0.505378, 5.500959), (-8.722793, 0.525671, 5.344353)
(-8.882473, 0.50648, 5.503087), (-8.884504, 0.484412, 5.658984), (-8.724882, 0.505378, 5.500959)
(-9.040197, 0.504513, 5.504988), (-8.882473, 0.50648, 5.503087), (-8.880425, 0.526788, 5.346684)
(-9.040197, 0.504513, 5.504988), (-9.042168, 0.482418, 5.660659), (-8.882473, 0.50648, 5.503087)
(-9.198016, 0.49952, 5.506626), (-9.040197, 0.504513, 5.504988), (-9.038202, 0.524907, 5.348809)
(-9.198016, 0.49952, 5.506626), (-9.199913, 0.47749, 5.662084), (-9.040197, 0.504513, 5.504988)
(-8.726961, 0.483308, 5.65707), (-8.569582, 0.478913, 5.654927), (-8.567455, 0.501295, 5.498657)
(-8.726961, 0.483308, 5.65707), (-8.729042, 0.459284, 5.812582), (-8.569582, 0.478913, 5.654927)
(-8.884504, 0.484412, 5.658984), (-8.886522, 0.460653, 5.81431), (-8.726961, 0.483308, 5.65707)
(-8.884504, 0.484412, 5.658984), (-8.726961, 0.483308, 5.65707), (-8.724882, 0.505378, 5.500959)
(-9.042168, 0.482418, 5.660659), (-8.884504, 0.484412, 5.658984), (-8.882473, 0.50648, 5.503087)
(-9.042168, 0.482418, 5.660659), (-9.044114, 0.458807, 5.815775), (-8.884504, 0.484412, 5.658984)
(-9.199913, 0.47749, 5.662084), (-9.201774, 0.454174, 5.817017), (-9.042168, 0.482418, 5.660659)
(-9.199913, 0.47749, 5.662084), (-9.042168, 0.482418, 5.660659), (-9.040197, 0.504513, 5.504988)
(-8.729042, 0.459284, 5.812582), (-8.57171, 0.454778, 5.810647), (-8.569582, 0.478913, 5.654927)
(-8.729042, 0.459284, 5.812582), (-8.731128, 0.433637, 5.967472), (-8.57171, 0.454778, 5.810647)
(-8.886522, 0.460653, 5.81431), (-8.729042, 0.459284, 5.812582), (-8.726961, 0.483308, 5.65707)
(-8.886522, 0.460653, 5.81431), (-8.888536, 0.435247, 5.968988), (-8.729042, 0.459284, 5.812582)
(-9.044114, 0.458807, 5.815775), (-8.886522, 0.460653, 5.81431), (-8.884504, 0.484412, 5.658984)
(-9.044114, 0.458807, 5.815775), (-9.046039, 0.433959, 5.970308), (-8.886522, 0.460653, 5.81431)
(-9.201774, 0.454174, 5.817017), (-9.044114, 0.458807, 5.815775), (-9.042168, 0.482418, 5.660659)
(-9.201774, 0.454174, 5.817017), (-9.203608, 0.429647, 5.971357), (-9.044114, 0.458807, 5.815775)
(-8.731128, 0.433637, 5.967472), (-8.733183, 0.407879, 6.121935), (-8.573851, 0.429026, 5.965763)
(-8.731128, 0.433637, 5.967472), (-8.573851, 0.429026, 5.965763), (-8.57171, 0.454778, 5.810647)
(-8.888536, 0.435247, 5.968988), (-8.89052, 0.409878, 6.123267), (-8.731128, 0.433637, 5.967472)
(-8.888536, 0.435247, 5.968988), (-8.731128, 0.433637, 5.967472), (-8.729042, 0.459284, 5.812582)
(-9.046039, 0.433959, 5.970308), (-9.047941, 0.408992, 6.124402), (-8.888536, 0.435247, 5.968988)
(-9.046039, 0.433959, 5.970308), (-8.888536, 0.435247, 5.968988), (-8.886522, 0.460653, 5.81431)
(-9.203608, 0.429647, 5.971357), (-9.205419, 0.405169, 6.125294), (-9.046039, 0.433959, 5.970308)
(-9.203608, 0.429647, 5.971357), (-9.046039, 0.433959, 5.970308), (-9.044114, 0.458807, 5.815775)
# -8.314020916686664, 0, 5.642251983313336
(-8.094522, 0.489261, 5.33355), (-8.096608, 0.469551, 5.4909), (-7.938216, 0.472295, 5.330724)
(-8.094522, 0.489261, 5.33355), (-7.938216, 0.472295, 5.330724), (-7.936223, 0.489414, 5.172789)
(-8.251178, 0.503016, 5.336367), (-8.253285, 0.483201, 5.493564), (-8.094522, 0.489261, 5.33355)
(-8.251178, 0.503016, 5.336367), (-8.094522, 0.489261, 5.33355), (-8.092471, 0.506643, 5.17574)
(-8.408126, 0.513847, 5.339157), (-8.410245, 0.493839, 5.496168), (-8.251178, 0.503016, 5.336367)
(-8.408126, 0.513847, 5.339157), (-8.251178, 0.503016, 5.336367), (-8.249082, 0.52079, 5.178724)
(-8.565349, 0.521364, 5.34183), (-8.567455, 0.501295, 5.498657), (-8.408126, 0.513847, 5.339157)
(-8.565349, 0.521364, 5.34183), (-8.408126, 0.513847, 5.339157), (-8.406027, 0.531564, 5.181661)
(-8.096608, 0.469551, 5.4909), (-7.940255, 0.452869, 5.488214), (-7.938216, 0.472295, 5.330724)
(-8.096608, 0.469551, 5.4909), (-8.098743, 0.447578, 5.647748), (-7.940255, 0.452869, 5.488214)
(-8.253285, 0.483201, 5.493564), (-8.096608, 0.469551, 5.4909), (-8.094522, 0.489261, 5.33355)
(-8.253285, 0.483201, 5.493564), (-8.255433, 0.461083, 5.650239), (-8.096608, 0.469551, 5.4909)
(-8.410245, 0.493839, 5.496168), (-8.253285, 0.483201, 5.493564), (-8.251178, 0.503016, 5.336367)
(-8.410245, 0.493839, 5.496168), (-8.412393, 0.471537, 5.652643), (-8.253285, 0.483201, 5.493564)
(-8.567455, 0.501295, 5.498657), (-8.410245, 0.493839, 5.496168), (-8.408126, 0.513847, 5.339157)
(-8.567455, 0.501295, 5.498657), (-8.569582, 0.478913, 5.654927), (-8.410245, 0.493839, 5.496168)
(-8.098743, 0.447578, 5.647748), (-7.942366, 0.430995, 5.645199), (-7.940255, 0.452869, 5.488214)
(-8.098743, 0.447578, 5.647748), (-8.100931, 0.423393, 5.80403), (-7.942366, 0.430995, 5.645199)
(-8.255433, 0.461083, 5.650239), (-8.257615, 0.436874, 5.80635), (-8.098743, 0.447578, 5.647748)
(-8.255433, 0.461083, 5.650239), (-8.098743, 0.447578, 5.647748), (-8.096608, 0.469551, 5.4909)
(-8.412393, 0.471537, 5.652643), (-8.255433, 0.461083, 5.650239), (-8.253285, 0.483201, 5.493564)
(-8.412393, 0.471537, 5.652643), (-8.414558, 0.447252, 5.808551), (-8.255433, 0.461083, 5.650239)
(-8.569582, 0.478913, 5.654927), (-8.57171, 0.454778, 5.810647), (-8.412393, 0.471537, 5.652643)
(-8.569582, 0.478913, 5.654927), (-8.412393, 0.471537, 5.652643), (-8.410245, 0.493839, 5.496168)
(-8.100931, 0.423393, 5.80403), (-7.944528, 0.40711, 5.801663), (-7.942366, 0.430995, 5.645199)
(-8.100931, 0.423393, 5.80403), (-8.103167, 0.39748, 5.95974), (-7.944528, 0.40711, 5.801663)
(-8.257615, 0.436874, 5.80635), (-8.100931, 0.423393, 5.80403), (-8.098743, 0.447578, 5.647748)
(-8.257615, 0.436874, 5.80635), (-8.259841, 0.410797, 5.961848), (-8.100931, 0.423393, 5.80403)
(-8.414558, 0.447252, 5.808551), (-8.257615, 0.436874, 5.80635), (-8.255433, 0.461083, 5.650239)
(-8.414558, 0.447252, 5.808551), (-8.416741, 0.421416, 5.963882), (-8.257615, 0.436874, 5.80635)
(-8.57171, 0.454778, 5.810647), (-8.414558, 0.447252, 5.808551), (-8.412393, 0.471537, 5.652643)
(-8.57171, 0.454778, 5.810647), (-8.573851, 0.429026, 5.965763), (-8.414558, 0.447252, 5.808551)
(-8.103167, 0.39748, 5.95974), (-8.105369, 0.371287, 6.115029), (-7.946746, 0.381551, 5.957582)
(-8.103167, 0.39748, 5.95974), (-7.946746, 0.381551, 5.957582), (-7.944528, 0.40711, 5.801663)
(-8.259841, 0.410797, 5.961848), (-8.262028, 0.384566, 6.116938), (-8.103167, 0.39748, 5.95974)
(-8.259841, 0.410797, 5.961848), (-8.103167, 0.39748, 5.95974), (-8.100931, 0.423393, 5.80403)
(-8.416741, 0.421416, 5.963882), (-8.418899, 0.395236, 6.118761), (-8.259841, 0.410797, 5.961848)
(-8.416741, 0.421416, 5.963882), (-8.259841, 0.410797, 5.961848), (-8.257615, 0.436874, 5.80635)
(-8.573851, 0.429026, 5.965763), (-8.57596, 0.403065, 6.120445), (-8.416741, 0.421416, 5.963882)
(-8.573851, 0.429026, 5.965763), (-8.416741, 0.421416, 5.963882), (-8.414558, 0.447252, 5.808551)
# -7.64625068335333, 0, 5.642251983313336
(-7.316492, 0.382396, 5.320878), (-7.318192, 0.363896, 5.478611), (-7.161975, 0.355765, 5.319005)
(-7.316492, 0.382396, 5.320878), (-7.161975, 0.355765, 5.319005), (-7.16054, 0.371561, 5.160916)
(-7.47137, 0.407751, 5.323028), (-7.47319, 0.388902, 5.480748), (-7.316492, 0.382396, 5.320878)
(-7.47137, 0.407751, 5.323028), (-7.316492, 0.382396, 5.320878), (-7.314906, 0.398443, 5.162744)
(-7.626619, 0.431379, 5.325415), (-7.628528, 0.412337, 5.483094), (-7.47137, 0.407751, 5.323028)
(-7.626619, 0.431379, 5.325415), (-7.47137, 0.407751, 5.323028), (-7.469635, 0.424201, 5.16489)
(-7.782231, 0.45306, 5.328005), (-7.784217, 0.433774, 5.4856), (-7.626619, 0.431379, 5.325415)
(-7.782231, 0.45306, 5.328005), (-7.626619, 0.431379, 5.325415), (-7.624767, 0.448181, 5.167318)
(-7.938216, 0.472295, 5.330724), (-7.940255, 0.452869, 5.488214), (-7.782231, 0.45306, 5.328005)
(-7.938216, 0.472295, 5.330724), (-7.782231, 0.45306, 5.328005), (-7.780319, 0.469826, 5.169963)
(-7.318192, 0.363896, 5.478611), (-7.163546, 0.337512, 5.476714), (-7.161975, 0.355765, 5.319005)
(-7.318192, 0.363896, 5.478611), (-7.32002, 0.343118, 5.635922), (-7.163546, 0.337512, 5.476714)
(-7.47319, 0.388902, 5.480748), (-7.318192, 0.363896, 5.478611), (-7.316492, 0.382396, 5.320878)
(-7.47319, 0.388902, 5.480748), (-7.475097, 0.367935, 5.638036), (-7.318192, 0.363896, 5.478611)
(-7.628528, 0.412337, 5.483094), (-7.47319, 0.388902, 5.480748), (-7.47137, 0.407751, 5.323028)
(-7.628528, 0.412337, 5.483094), (-7.63052, 0.391043, 5.640314), (-7.47319, 0.388902, 5.480748)
(-7.784217, 0.433774, 5.4856), (-7.628528, 0.412337, 5.483094), (-7.626619, 0.431379, 5.325415)
(-7.784217, 0.433774, 5.4856), (-7.786281, 0.412142, 5.642715), (-7.628528, 0.412337, 5.483094)
(-7.940255, 0.452869, 5.488214), (-7.784217, 0.433774, 5.4856), (-7.782231, 0.45306, 5.328005)
(-7.940255, 0.452869, 5.488214), (-7.942366, 0.430995, 5.645199), (-7.784217, 0.433774, 5.4856)
(-7.32002, 0.343118, 5.635922), (-7.321935, 0.320661, 5.792804), (-7.165244, 0.317216, 5.634031)
(-7.32002, 0.343118, 5.635922), (-7.165244, 0.317216, 5.634031), (-7.163546, 0.337512, 5.476714)
(-7.475097, 0.367935, 5.638036), (-7.32002, 0.343118, 5.635922), (-7.318192, 0.363896, 5.478611)
(-7.475097, 0.367935, 5.638036), (-7.477105, 0.344979, 5.794854), (-7.32002, 0.343118, 5.635922)
(-7.63052, 0.391043, 5.640314), (-7.632594, 0.367735, 5.797044), (-7.475097, 0.367935, 5.638036)
(-7.63052, 0.391043, 5.640314), (-7.475097, 0.367935, 5.638036), (-7.47319, 0.388902, 5.480748)
(-7.786281, 0.412142, 5.642715), (-7.63052, 0.391043, 5.640314), (-7.628528, 0.412337, 5.483094)
(-7.786281, 0.412142, 5.642715), (-7.788414, 0.388453, 5.799317), (-7.63052, 0.391043, 5.640314)
(-7.942366, 0.430995, 5.645199), (-7.944528, 0.40711, 5.801663), (-7.786281, 0.412142, 5.642715)
(-7.942366, 0.430995, 5.645199), (-7.786281, 0.412142, 5.642715), (-7.784217, 0.433774, 5.4856)
(-7.321935, 0.320661, 5.792804), (-7.167049, 0.295321, 5.790947), (-7.165244, 0.317216, 5.634031)
(-7.321935, 0.320661, 5.792804), (-7.323933, 0.297033, 5.949263), (-7.167049, 0.295321, 5.790947)
(-7.477105, 0.344979, 5.794854), (-7.321935, 0.320661, 5.792804), (-7.32002, 0.343118, 5.635922)
(-7.477105, 0.344979, 5.794854), (-7.479192, 0.320674, 5.951214), (-7.321935, 0.320661, 5.792804)
(-7.632594, 0.367735, 5.797044), (-7.477105, 0.344979, 5.794854), (-7.475097, 0.367935, 5.638036)
(-7.632594, 0.367735, 5.797044), (-7.634754, 0.342824, 5.953269), (-7.477105, 0.344979, 5.794854)
(-7.788414, 0.388453, 5.799317), (-7.632594, 0.367735, 5.797044), (-7.63052, 0.391043, 5.640314)
(-7.788414, 0.388453, 5.799317), (-7.790601, 0.363257, 5.955413), (-7.632594, 0.367735, 5.797044)
(-7.944528, 0.40711, 5.801663), (-7.788414, 0.388453, 5.799317), (-7.786281, 0.412142, 5.642715)
(-7.944528, 0.40711, 5.801663), (-7.946746, 0.381551, 5.957582), (-7.788414, 0.388453, 5.799317)
(-7.323933, 0.297033, 5.949263), (-7.325916, 0.273192, 6.105379), (-7.168931, 0.272485, 5.947481)
(-7.323933, 0.297033, 5.949263), (-7.168931, 0.272485, 5.947481), (-7.167049, 0.295321, 5.790947)
(-7.479192, 0.320674, 5.951214), (-7.481264, 0.296085, 6.107201), (-7.323933, 0.297033, 5.949263)
(-7.479192, 0.320674, 5.951214), (-7.323933, 0.297033, 5.949263), (-7.321935, 0.320661, 5.792804)
(-7.634754, 0.342824, 5.953269), (-7.636884, 0.317667, 6.109113), (-7.479192, 0.320674, 5.951214)
(-7.634754, 0.342824, 5.953269), (-7.479192, 0.320674, 5.951214), (-7.477105, 0.344979, 5.794854)
(-7.790601, 0.363257, 5.955413), (-7.792775, 0.337633, 6.11109), (-7.634754, 0.342824, 5.953269)
(-7.790601, 0.363257, 5.955413), (-7.634754, 0.342824, 5.953269), (-7.632594, 0.367735, 5.797044)
(-7.946746, 0.381551, 5.957582), (-7.948938, 0.355626, 6.11308), (-7.790601, 0.363257, 5.955413)
(-7.946746, 0.381551, 5.957582), (-7.790601, 0.363257, 5.955413), (-7.788414, 0.388453, 5.799317)
# -6.9784804500199975, 0, 5.642251983313336
(-6.700225, 0.273648, 5.315341), (-6.701278, 0.256234, 5.472763), (-6.546691, 0.247625, 5.314791)
(-6.700225, 0.273648, 5.315341), (-6.546691, 0.247625, 5.314791), (-6.546004, 0.263141, 5.15727)
(-6.853888, 0.300807, 5.31622), (-6.855137, 0.283112, 5.473775), (-6.700225, 0.273648, 5.315341)
(-6.853888, 0.300807, 5.31622), (-6.700225, 0.273648, 5.315341), (-6.699321, 0.28915, 5.157627)
(-7.007794, 0.328336, 5.317444), (-7.00921, 0.310386, 5.475094), (-6.853888, 0.300807, 5.31622)
(-7.007794, 0.328336, 5.317444), (-6.853888, 0.300807, 5.31622), (-6.852785, 0.316399, 5.158343)
(-7.161975, 0.355765, 5.319005), (-7.163546, 0.337512, 5.476714), (-7.007794, 0.328336, 5.317444)
(-7.161975, 0.355765, 5.319005), (-7.007794, 0.328336, 5.317444), (-7.006498, 0.344124, 5.159442)
(-6.701278, 0.256234, 5.472763), (-6.547549, 0.230396, 5.472055), (-6.546691, 0.247625, 5.314791)
(-6.701278, 0.256234, 5.472763), (-6.702483, 0.2374, 5.629892), (-6.547549, 0.230396, 5.472055)
(-6.855137, 0.283112, 5.473775), (-6.701278, 0.256234, 5.472763), (-6.700225, 0.273648, 5.315341)
(-6.855137, 0.283112, 5.473775), (-6.856516, 0.263807, 5.631), (-6.701278, 0.256234, 5.472763)
(-7.00921, 0.310386, 5.475094), (-6.855137, 0.283112, 5.473775), (-6.853888, 0.300807, 5.31622)
(-7.00921, 0.310386, 5.475094), (-7.010754, 0.290605, 5.632384), (-6.855137, 0.283112, 5.473775)
(-7.163546, 0.337512, 5.476714), (-7.00921, 0.310386, 5.475094), (-7.007794, 0.328336, 5.317444)
(-7.163546, 0.337512, 5.476714), (-7.165244, 0.317216, 5.634031), (-7.00921, 0.310386, 5.475094)
(-6.702483, 0.2374, 5.629892), (-6.703809, 0.217575, 5.78673), (-6.548557, 0.211992, 5.629059)
(-6.702483, 0.2374, 5.629892), (-6.548557, 0.211992, 5.629059), (-6.547549, 0.230396, 5.472055)
(-6.856516, 0.263807, 5.631), (-6.702483, 0.2374, 5.629892), (-6.701278, 0.256234, 5.472763)
(-6.856516, 0.263807, 5.631), (-6.858025, 0.243283, 5.787895), (-6.702483, 0.2374, 5.629892)
(-7.010754, 0.290605, 5.632384), (-7.012417, 0.269396, 5.789307), (-6.856516, 0.263807, 5.631)
(-7.010754, 0.290605, 5.632384), (-6.856516, 0.263807, 5.631), (-6.855137, 0.283112, 5.473775)
(-7.165244, 0.317216, 5.634031), (-7.010754, 0.290605, 5.632384), (-7.00921, 0.310386, 5.475094)
(-7.165244, 0.317216, 5.634031), (-7.167049, 0.295321, 5.790947), (-7.010754, 0.290605, 5.632384)
(-6.703809, 0.217575, 5.78673), (-6.549699, 0.192824, 5.78581), (-6.548557, 0.211992, 5.629059)
(-6.703809, 0.217575, 5.78673), (-6.705235, 0.197364, 5.943298), (-6.549699, 0.192824, 5.78581)
(-6.858025, 0.243283, 5.787895), (-6.703809, 0.217575, 5.78673), (-6.702483, 0.2374, 5.629892)
(-6.858025, 0.243283, 5.787895), (-6.859626, 0.222194, 5.944481), (-6.703809, 0.217575, 5.78673)
(-7.012417, 0.269396, 5.789307), (-6.858025, 0.243283, 5.787895), (-6.856516, 0.263807, 5.631)
(-7.012417, 0.269396, 5.789307), (-7.014178, 0.247387, 5.945878), (-6.858025, 0.243283, 5.787895)
(-7.167049, 0.295321, 5.790947), (-7.012417, 0.269396, 5.789307), (-7.010754, 0.290605, 5.632384)
(-7.167049, 0.295321, 5.790947), (-7.168931, 0.272485, 5.947481), (-7.012417, 0.269396, 5.789307)
(-6.705235, 0.197364, 5.943298), (-6.706701, 0.177079, 6.099628), (-6.550948, 0.173425, 5.942331)
(-6.705235, 0.197364, 5.943298), (-6.550948, 0.173425, 5.942331), (-6.549699, 0.192824, 5.78581)
(-6.859626, 0.222194, 5.944481), (-6.861248, 0.200997, 6.100798), (-6.705235, 0.197364, 5.943298)
(-6.859626, 0.222194, 5.944481), (-6.705235, 0.197364, 5.943298), (-6.703809, 0.217575, 5.78673)
(-7.014178, 0.247387, 5.945878), (-7.015938, 0.225247, 6.102157), (-6.859626, 0.222194, 5.944481)
(-7.014178, 0.247387, 5.945878), (-6.859626, 0.222194, 5.944481), (-6.858025, 0.243283, 5.787895)
(-7.168931, 0.272485, 5.947481), (-7.170815, 0.249448, 6.103692), (-7.014178, 0.247387, 5.945878)
(-7.168931, 0.272485, 5.947481), (-7.014178, 0.247387, 5.945878), (-7.012417, 0.269396, 5.789307)
# -6.3107102166866635, 0, 5.642251983313336
(-6.39323, 0.223287, 5.31455), (-6.393879, 0.206156, 5.471631), (-6.239747, 0.20114, 5.314583)
(-6.39323, 0.223287, 5.31455), (-6.239747, 0.20114, 5.314583), (-6.239494, 0.217062, 5.157519)
(-6.239747, 0.20114, 5.314583), (-6.240183, 0.184024, 5.471459), (-6.086154, 0.181628, 5.314844)
(-6.239747, 0.20114, 5.314583), (-6.086154, 0.181628, 5.314844), (-6.086116, 0.198028, 5.158034)
(-6.546691, 0.247625, 5.314791), (-6.547549, 0.230396, 5.472055), (-6.39323, 0.223287, 5.31455)
(-6.546691, 0.247625, 5.314791), (-6.39323, 0.223287, 5.31455), (-6.392753, 0.23893, 5.157246)
(-6.086154, 0.181628, 5.314844), (-6.086382, 0.16437, 5.471505), (-5.932364, 0.165077, 5.31528)
(-6.086154, 0.181628, 5.314844), (-5.932364, 0.165077, 5.31528), (-5.932526, 0.182086, 5.158725)
(-6.240183, 0.184024, 5.471459), (-6.086382, 0.16437, 5.471505), (-6.086154, 0.181628, 5.314844)
(-6.240183, 0.184024, 5.471459), (-6.240787, 0.166179, 5.62815), (-6.086382, 0.16437, 5.471505)
(-6.086382, 0.16437, 5.471505), (-5.932398, 0.147614, 5.471719), (-5.932364, 0.165077, 5.31528)
(-6.086382, 0.16437, 5.471505), (-6.086789, 0.146759, 5.628016), (-5.932398, 0.147614, 5.471719)
(-6.393879, 0.206156, 5.471631), (-6.240183, 0.184024, 5.471459), (-6.239747, 0.20114, 5.314583)
(-6.393879, 0.206156, 5.471631), (-6.394682, 0.18808, 5.628487), (-6.240183, 0.184024, 5.471459)
(-6.547549, 0.230396, 5.472055), (-6.393879, 0.206156, 5.471631), (-6.39323, 0.223287, 5.31455)
(-6.547549, 0.230396, 5.472055), (-6.548557, 0.211992, 5.629059), (-6.393879, 0.206156, 5.471631)
(-6.086789, 0.146759, 5.628016), (-6.087365, 0.128919, 5.784388), (-5.93262, 0.129979, 5.628045)
(-6.086789, 0.146759, 5.628016), (-5.93262, 0.129979, 5.628045), (-5.932398, 0.147614, 5.471719)
(-6.240787, 0.166179, 5.62815), (-6.086789, 0.146759, 5.628016), (-6.086382, 0.16437, 5.471505)
(-6.240787, 0.166179, 5.62815), (-6.241546, 0.148053, 5.784663), (-6.086789, 0.146759, 5.628016)
(-6.394682, 0.18808, 5.628487), (-6.395633, 0.169471, 5.785129), (-6.240787, 0.166179, 5.62815)
(-6.394682, 0.18808, 5.628487), (-6.240787, 0.166179, 5.62815), (-6.240183, 0.184024, 5.471459)
(-6.548557, 0.211992, 5.629059), (-6.394682, 0.18808, 5.628487), (-6.393879, 0.206156, 5.471631)
(-6.548557, 0.211992, 5.629059), (-6.549699, 0.192824, 5.78581), (-6.394682, 0.18808, 5.628487)
(-6.087365, 0.128919, 5.784388), (-5.933027, 0.112297, 5.784267), (-5.93262, 0.129979, 5.628045)
(-6.087365, 0.128919, 5.784388), (-6.088089, 0.111189, 5.94064), (-5.933027, 0.112297, 5.784267)
(-6.241546, 0.148053, 5.784663), (-6.087365, 0.128919, 5.784388), (-6.086789, 0.146759, 5.628016)
(-6.241546, 0.148053, 5.784663), (-6.242437, 0.130015, 5.941023), (-6.087365, 0.128919, 5.784388)
(-6.395633, 0.169471, 5.785129), (-6.241546, 0.148053, 5.784663), (-6.240787, 0.166179, 5.62815)
(-6.395633, 0.169471, 5.785129), (-6.396704, 0.150882, 5.941579), (-6.241546, 0.148053, 5.784663)
(-6.549699, 0.192824, 5.78581), (-6.395633, 0.169471, 5.785129), (-6.394682, 0.18808, 5.628487)
(-6.549699, 0.192824, 5.78581), (-6.550948, 0.173425, 5.942331), (-6.395633, 0.169471, 5.785129)
(-6.088089, 0.111189, 5.94064), (-6.088944, 0.093408, 6.09679), (-5.933604, 0.094671, 5.940404)
(-6.088089, 0.111189, 5.94064), (-5.933604, 0.094671, 5.940404), (-5.933027, 0.112297, 5.784267)
(-6.242437, 0.130015, 5.941023), (-6.243433, 0.111941, 6.097246), (-6.088089, 0.111189, 5.94064)
(-6.242437, 0.130015, 5.941023), (-6.088089, 0.111189, 5.94064), (-6.087365, 0.128919, 5.784388)
(-6.396704, 0.150882, 5.941579), (-6.397853, 0.132218, 6.097858), (-6.242437, 0.130015, 5.941023)
(-6.396704, 0.150882, 5.941579), (-6.242437, 0.130015, 5.941023), (-6.241546, 0.148053, 5.784663)
(-6.550948, 0.173425, 5.942331), (-6.552257, 0.154022, 6.098648), (-6.396704, 0.150882, 5.941579)
(-6.550948, 0.173425, 5.942331), (-6.396704, 0.150882, 5.941579), (-6.395633, 0.169471, 5.785129)
# -5.642939983353331, 0, 5.642251983313336
(-5.932364, 0.165077, 5.31528), (-5.932398, 0.147614, 5.471719), (-5.778298, 0.151643, 5.315828)
(-5.932364, 0.165077, 5.31528), (-5.778298, 0.151643, 5.315828), (-5.778644, 0.169231, 5.159526)
(-5.778298, 0.151643, 5.315828), (-5.77816, 0.133827, 5.472051), (-5.623906, 0.14105, 5.316428)
(-5.778298, 0.151643, 5.315828), (-5.623906, 0.14105, 5.316428), (-5.624396, 0.159394, 5.160363)
(-5.623906, 0.14105, 5.316428), (-5.62362, 0.122889, 5.472447), (-5.469141, 0.133121, 5.31702)
(-5.623906, 0.14105, 5.316428), (-5.469141, 0.133121, 5.31702), (-5.469745, 0.152088, 5.161169)
(-5.469141, 0.133121, 5.31702), (-5.468746, 0.11458, 5.472858), (-5.314012, 0.127178, 5.317563)
(-5.469141, 0.133121, 5.31702), (-5.314012, 0.127178, 5.317563), (-5.314686, 0.14666, 5.161889)
(-5.314012, 0.127178, 5.317563), (-5.313543, 0.108395, 5.473243), (-5.158538, 0.122854, 5.318019)
(-5.314012, 0.127178, 5.317563), (-5.158538, 0.122854, 5.318019), (-5.159249, 0.142559, 5.162494)
(-5.932398, 0.147614, 5.471719), (-5.77816, 0.133827, 5.472051), (-5.778298, 0.151643, 5.315828)
(-5.932398, 0.147614, 5.471719), (-5.93262, 0.129979, 5.628045), (-5.77816, 0.133827, 5.472051)
(-5.77816, 0.133827, 5.472051), (-5.62362, 0.122889, 5.472447), (-5.623906, 0.14105, 5.316428)
(-5.77816, 0.133827, 5.472051), (-5.77822, 0.116021, 5.628194), (-5.62362, 0.122889, 5.472447)
(-5.62362, 0.122889, 5.472447), (-5.468746, 0.11458, 5.472858), (-5.469141, 0.133121, 5.31702)
(-5.62362, 0.122889, 5.472447), (-5.623545, 0.104857, 5.628418), (-5.468746, 0.11458, 5.472858)
(-5.468746, 0.11458, 5.472858), (-5.313543, 0.108395, 5.473243), (-5.314012, 0.127178, 5.317563)
(-5.468746, 0.11458, 5.472858), (-5.468573, 0.096296, 5.628674), (-5.313543, 0.108395, 5.473243)
(-5.313543, 0.108395, 5.473243), (-5.158033, 0.103923, 5.473575), (-5.158538, 0.122854, 5.318019)
(-5.313543, 0.108395, 5.473243), (-5.313306, 0.08982, 5.628926), (-5.158033, 0.103923, 5.473575)
(-5.93262, 0.129979, 5.628045), (-5.77822, 0.116021, 5.628194), (-5.77816, 0.133827, 5.472051)
(-5.93262, 0.129979, 5.628045), (-5.933027, 0.112297, 5.784267), (-5.77822, 0.116021, 5.628194)
(-5.77822, 0.116021, 5.628194), (-5.778481, 0.098257, 5.784268), (-5.623545, 0.104857, 5.628418)
(-5.77822, 0.116021, 5.628194), (-5.623545, 0.104857, 5.628418), (-5.62362, 0.122889, 5.472447)
(-5.623545, 0.104857, 5.628418), (-5.468573, 0.096296, 5.628674), (-5.468746, 0.11458, 5.472858)
(-5.623545, 0.104857, 5.628418), (-5.623691, 0.086883, 5.784348), (-5.468573, 0.096296, 5.628674)
(-5.468573, 0.096296, 5.628674), (-5.468638, 0.077898, 5.784473), (-5.313306, 0.08982, 5.628926)
(-5.468573, 0.096296, 5.628674), (-5.313306, 0.08982, 5.628926), (-5.313543, 0.108395, 5.473243)
(-5.313306, 0.08982, 5.628926), (-5.157765, 0.085105, 5.629149), (-5.158033, 0.103923, 5.473575)
(-5.313306, 0.08982, 5.628926), (-5.313327, 0.070948, 5.784611), (-5.157765, 0.085105, 5.629149)
(-5.933027, 0.112297, 5.784267), (-5.778481, 0.098257, 5.784268), (-5.77822, 0.116021, 5.628194)
(-5.933027, 0.112297, 5.784267), (-5.933604, 0.094671, 5.940404), (-5.778481, 0.098257, 5.784268)
(-5.778481, 0.098257, 5.784268), (-5.623691, 0.086883, 5.784348), (-5.623545, 0.104857, 5.628418)
(-5.778481, 0.098257, 5.784268), (-5.778938, 0.080592, 5.940289), (-5.623691, 0.086883, 5.784348)
(-5.623691, 0.086883, 5.784348), (-5.468638, 0.077898, 5.784473), (-5.468573, 0.096296, 5.628674)
(-5.623691, 0.086883, 5.784348), (-5.624063, 0.068775, 5.940254), (-5.468638, 0.077898, 5.784473)
(-5.468638, 0.077898, 5.784473), (-5.313327, 0.070948, 5.784611), (-5.313306, 0.08982, 5.628926)
(-5.468638, 0.077898, 5.784473), (-5.46896, 0.059108, 5.94027), (-5.313327, 0.070948, 5.784611)
(-5.313327, 0.070948, 5.784611), (-5.157772, 0.065666, 5.784741), (-5.157765, 0.085105, 5.629149)
(-5.313327, 0.070948, 5.784611), (-5.313631, 0.051315, 5.940313), (-5.157772, 0.065666, 5.784741)
(-5.624063, 0.068775, 5.940254), (-5.624655, 0.050278, 6.096148), (-5.46896, 0.059108, 5.94027)
(-5.624063, 0.068775, 5.940254), (-5.46896, 0.059108, 5.94027), (-5.468638, 0.077898, 5.784473)
(-5.46896, 0.059108, 5.94027), (-5.469532, 0.039717, 6.096079), (-5.313631, 0.051315, 5.940313)
(-5.46896, 0.059108, 5.94027), (-5.313631, 0.051315, 5.940313), (-5.313327, 0.070948, 5.784611)
(-5.778938, 0.080592, 5.940289), (-5.779587, 0.062641, 6.096271), (-5.624063, 0.068775, 5.940254)
(-5.778938, 0.080592, 5.940289), (-5.624063, 0.068775, 5.940254), (-5.623691, 0.086883, 5.784348)
(-5.313631, 0.051315, 5.940313), (-5.314222, 0.030773, 6.096045), (-5.158098, 0.045023, 5.940361)
(-5.313631, 0.051315, 5.940313), (-5.158098, 0.045023, 5.940361), (-5.157772, 0.065666, 5.784741)
(-5.933604, 0.094671, 5.940404), (-5.934341, 0.076976, 6.096474), (-5.778938, 0.080592, 5.940289)
(-5.933604, 0.094671, 5.940404), (-5.778938, 0.080592, 5.940289), (-5.778481, 0.098257, 5.784268)
# -4.975169750019997, 0, 5.642251983313336
(-5.158538, 0.122854, 5.318019), (-5.158033, 0.103923, 5.473575), (-5.002776, 0.119669, 5.318385)
(-5.158538, 0.122854, 5.318019), (-5.002776, 0.119669, 5.318385), (-5.003489, 0.139491, 5.162974)
(-5.002776, 0.119669, 5.318385), (-5.002263, 0.100744, 5.473843), (-4.846797, 0.117436, 5.318674)
(-5.002776, 0.119669, 5.318385), (-4.846797, 0.117436, 5.318674), (-4.847493, 0.137277, 5.163361)
(-4.846797, 0.117436, 5.318674), (-4.846292, 0.098564, 5.474052), (-4.690681, 0.116061, 5.318919)
(-4.846797, 0.117436, 5.318674), (-4.690681, 0.116061, 5.318919), (-4.691361, 0.135923, 5.1637)
(-4.690681, 0.116061, 5.318919), (-4.690189, 0.097248, 5.474228), (-4.534493, 0.115503, 5.319151)
(-4.690681, 0.116061, 5.318919), (-4.534493, 0.115503, 5.319151), (-4.535164, 0.135419, 5.164028)
(-5.158033, 0.103923, 5.473575), (-5.002263, 0.100744, 5.473843), (-5.002776, 0.119669, 5.318385)
(-5.158033, 0.103923, 5.473575), (-5.157765, 0.085105, 5.629149), (-5.002263, 0.100744, 5.473843)
(-5.002263, 0.100744, 5.473843), (-4.846292, 0.098564, 5.474052), (-4.846797, 0.117436, 5.318674)
(-5.002263, 0.100744, 5.473843), (-5.001989, 0.081741, 5.629333), (-4.846292, 0.098564, 5.474052)
(-4.846292, 0.098564, 5.474052), (-4.690189, 0.097248, 5.474228), (-4.690681, 0.116061, 5.318919)
(-4.846292, 0.098564, 5.474052), (-4.846034, 0.079386, 5.629477), (-4.690189, 0.097248, 5.474228)
(-4.690189, 0.097248, 5.474228), (-4.534008, 0.096674, 5.474384), (-4.534493, 0.115503, 5.319151)
(-4.690189, 0.097248, 5.474228), (-4.689947, 0.077852, 5.629587), (-4.534008, 0.096674, 5.474384)
(-5.157765, 0.085105, 5.629149), (-5.157772, 0.065666, 5.784741), (-5.001989, 0.081741, 5.629333)
(-5.157765, 0.085105, 5.629149), (-5.001989, 0.081741, 5.629333), (-5.002263, 0.100744, 5.473843)
(-5.001989, 0.081741, 5.629333), (-4.846034, 0.079386, 5.629477), (-4.846292, 0.098564, 5.474052)
(-5.001989, 0.081741, 5.629333), (-5.00201, 0.06168, 5.784845), (-4.846034, 0.079386, 5.629477)
(-4.846034, 0.079386, 5.629477), (-4.846086, 0.058629, 5.784924), (-4.689947, 0.077852, 5.629587)
(-4.846034, 0.079386, 5.629477), (-4.689947, 0.077852, 5.629587), (-4.690189, 0.097248, 5.474228)
(-4.689947, 0.077852, 5.629587), (-4.533779, 0.076983, 5.629682), (-4.534008, 0.096674, 5.474384)
(-4.689947, 0.077852, 5.629587), (-4.690039, 0.056286, 5.784978), (-4.533779, 0.076983, 5.629682)
(-5.157772, 0.065666, 5.784741), (-5.00201, 0.06168, 5.784845), (-5.001989, 0.081741, 5.629333)
(-5.157772, 0.065666, 5.784741), (-5.158098, 0.045023, 5.940361), (-5.00201, 0.06168, 5.784845)
(-5.00201, 0.06168, 5.784845), (-4.846086, 0.058629, 5.784924), (-4.846034, 0.079386, 5.629477)
(-5.00201, 0.06168, 5.784845), (-5.00238, 0.039864, 5.940394), (-4.846086, 0.058629, 5.784924)
(-4.846086, 0.058629, 5.784924), (-4.690039, 0.056286, 5.784978), (-4.689947, 0.077852, 5.629587)
(-4.846086, 0.058629, 5.784924), (-4.84652, 0.035482, 5.940411), (-4.690039, 0.056286, 5.784978)
(-4.690039, 0.056286, 5.784978), (-4.533908, 0.05449, 5.785013), (-4.533779, 0.076983, 5.629682)
(-4.690039, 0.056286, 5.784978), (-4.690546, 0.031664, 5.940407), (-4.533908, 0.05449, 5.785013)
(-5.158098, 0.045023, 5.940361), (-5.15874, 0.02307, 6.096022), (-5.00238, 0.039864, 5.940394)
(-5.158098, 0.045023, 5.940361), (-5.00238, 0.039864, 5.940394), (-5.00201, 0.06168, 5.784845)
(-5.00238, 0.039864, 5.940394), (-5.003103, 0.016268, 6.095994), (-4.84652, 0.035482, 5.940411)
(-5.00238, 0.039864, 5.940394), (-4.84652, 0.035482, 5.940411), (-4.846086, 0.058629, 5.784924)
(-4.690546, 0.031664, 5.940407), (-4.691485, 0.004183, 6.0959), (-4.534498, 0.028156, 5.940385)
(-4.690546, 0.031664, 5.940407), (-4.534498, 0.028156, 5.940385), (-4.533908, 0.05449, 5.785013)
(-4.84652, 0.035482, 5.940411), (-4.847342, 0.010052, 6.095957), (-4.690546, 0.031664, 5.940407)
(-4.84652, 0.035482, 5.940411), (-4.690546, 0.031664, 5.940407), (-4.690039, 0.056286, 5.784978)
# -4.307399516686664, 0, 5.642251983313336
(-4.534493, 0.115503, 5.319151), (-4.534008, 0.096674, 5.474384), (-4.378272, 0.115622, 5.319385)
(-4.534493, 0.115503, 5.319151), (-4.378272, 0.115622, 5.319385), (-4.378943, 0.135792, 5.164376)
(-4.378272, 0.115622, 5.319385), (-4.377786, 0.096684, 5.474538), (-4.222028, 0.11635, 5.319639)
(-4.378272, 0.115622, 5.319385), (-4.222028, 0.11635, 5.319639), (-4.222695, 0.136879, 5.164755)
(-4.222028, 0.11635, 5.319639), (-4.221541, 0.097149, 5.474697), (-4.065739, 0.117466, 5.319901)
(-4.222028, 0.11635, 5.319639), (-4.065739, 0.117466, 5.319901), (-4.066381, 0.13847, 5.165154)
(-4.065739, 0.117466, 5.319901), (-4.065268, 0.097985, 5.474858), (-3.909386, 0.11907, 5.320185)
(-4.065739, 0.117466, 5.319901), (-3.909386, 0.11907, 5.320185), (-3.909963, 0.140516, 5.16557)
(-4.534008, 0.096674, 5.474384), (-4.377786, 0.096684, 5.474538), (-4.378272, 0.115622, 5.319385)
(-4.534008, 0.096674, 5.474384), (-4.533779, 0.076983, 5.629682), (-4.377786, 0.096684, 5.474538)
(-4.377786, 0.096684, 5.474538), (-4.221541, 0.097149, 5.474697), (-4.222028, 0.11635, 5.319639)
(-4.377786, 0.096684, 5.474538), (-4.377562, 0.076612, 5.629766), (-4.221541, 0.097149, 5.474697)
(-4.221541, 0.097149, 5.474697), (-4.065268, 0.097985, 5.474858), (-4.065739, 0.117466, 5.319901)
(-4.221541, 0.097149, 5.474697), (-4.22132, 0.076578, 5.629852), (-4.065268, 0.097985, 5.474858)
(-4.065268, 0.097985, 5.474858), (-3.908952, 0.099172, 5.475032), (-3.909386, 0.11907, 5.320185)
(-4.065268, 0.097985, 5.474858), (-4.06505, 0.076883, 5.629939), (-3.908952, 0.099172, 5.475032)
(-4.533779, 0.076983, 5.629682), (-4.533908, 0.05449, 5.785013), (-4.377562, 0.076612, 5.629766)
(-4.533779, 0.076983, 5.629682), (-4.377562, 0.076612, 5.629766), (-4.377786, 0.096684, 5.474538)
(-4.377562, 0.076612, 5.629766), (-4.22132, 0.076578, 5.629852), (-4.221541, 0.097149, 5.474697)
(-4.377562, 0.076612, 5.629766), (-4.377722, 0.053051, 5.785034), (-4.22132, 0.076578, 5.629852)
(-4.22132, 0.076578, 5.629852), (-4.221502, 0.051878, 5.785048), (-4.06505, 0.076883, 5.629939)
(-4.22132, 0.076578, 5.629852), (-4.06505, 0.076883, 5.629939), (-4.065268, 0.097985, 5.474858)
(-4.06505, 0.076883, 5.629939), (-3.908751, 0.077477, 5.630025), (-3.908952, 0.099172, 5.475032)
(-4.06505, 0.076883, 5.629939), (-4.065253, 0.050912, 5.785056), (-3.908751, 0.077477, 5.630025)
(-4.533908, 0.05449, 5.785013), (-4.377722, 0.053051, 5.785034), (-4.377562, 0.076612, 5.629766)
(-4.533908, 0.05449, 5.785013), (-4.534498, 0.028156, 5.940385), (-4.377722, 0.053051, 5.785034)
(-4.377722, 0.053051, 5.785034), (-4.221502, 0.051878, 5.785048), (-4.22132, 0.076578, 5.629852)
(-4.377722, 0.053051, 5.785034), (-4.378389, 0.024886, 5.940349), (-4.221502, 0.051878, 5.785048)
(-4.221502, 0.051878, 5.785048), (-4.065253, 0.050912, 5.785056), (-4.06505, 0.076883, 5.629939)
(-4.221502, 0.051878, 5.785048), (-4.222238, 0.02175, 5.940297), (-4.065253, 0.050912, 5.785056)
(-4.065253, 0.050912, 5.785056), (-3.908977, 0.050152, 5.785062), (-3.908751, 0.077477, 5.630025)
(-4.065253, 0.050912, 5.785056), (-4.066059, 0.018676, 5.940234), (-3.908977, 0.050152, 5.785062)
(-4.066059, 0.018676, 5.940234), (-4.067495, -0.018581, 6.095524), (-3.909857, 0.015596, 5.940167)
(-4.066059, 0.018676, 5.940234), (-3.909857, 0.015596, 5.940167), (-3.908977, 0.050152, 5.785062)
(-4.222238, 0.02175, 5.940297), (-4.223551, -0.012861, 6.09564), (-4.066059, 0.018676, 5.940234)
(-4.222238, 0.02175, 5.940297), (-4.066059, 0.018676, 5.940234), (-4.065253, 0.050912, 5.785056)
(-4.378389, 0.024886, 5.940349), (-4.379578, -0.00721, 6.09574), (-4.222238, 0.02175, 5.940297)
(-4.378389, 0.024886, 5.940349), (-4.222238, 0.02175, 5.940297), (-4.221502, 0.051878, 5.785048)
(-4.534498, 0.028156, 5.940385), (-4.535559, -0.00154, 6.095829), (-4.378389, 0.024886, 5.940349)
(-4.534498, 0.028156, 5.940385), (-4.378389, 0.024886, 5.940349), (-4.377722, 0.053051, 5.785034)
# -3.6396292833533312, 0, 5.642251983313336
(-3.909386, 0.11907, 5.320185), (-3.908952, 0.099172, 5.475032), (-3.752938, 0.121022, 5.32047)
(-3.909386, 0.11907, 5.320185), (-3.752938, 0.121022, 5.32047), (-3.753399, 0.143231, 5.16601)
(-3.752938, 0.121022, 5.32047), (-3.752582, 0.100594, 5.475211), (-3.596374, 0.123352, 5.320765)
(-3.752938, 0.121022, 5.32047), (-3.596374, 0.123352, 5.320765), (-3.596652, 0.146526, 5.166469)
(-3.596374, 0.123352, 5.320765), (-3.596143, 0.102241, 5.475388), (-3.439684, 0.126112, 5.32108)
(-3.596374, 0.123352, 5.320765), (-3.439684, 0.126112, 5.32108), (-3.43971, 0.150396, 5.166952)
(-3.439684, 0.126112, 5.32108), (-3.439635, 0.104243, 5.475578), (-3.282876, 0.129392, 5.321424)
(-3.439684, 0.126112, 5.32108), (-3.282876, 0.129392, 5.321424), (-3.282599, 0.154806, 5.167455)
(-3.908952, 0.099172, 5.475032), (-3.752582, 0.100594, 5.475211), (-3.752938, 0.121022, 5.32047)
(-3.908952, 0.099172, 5.475032), (-3.908751, 0.077477, 5.630025), (-3.752582, 0.100594, 5.475211)
(-3.752582, 0.100594, 5.475211), (-3.596143, 0.102241, 5.475388), (-3.596374, 0.123352, 5.320765)
(-3.752582, 0.100594, 5.475211), (-3.752418, 0.078198, 5.630109), (-3.596143, 0.102241, 5.475388)
(-3.596143, 0.102241, 5.475388), (-3.439635, 0.104243, 5.475578), (-3.439684, 0.126112, 5.32108)
(-3.596143, 0.102241, 5.475388), (-3.596049, 0.078946, 5.63019), (-3.439635, 0.104243, 5.475578)
(-3.439635, 0.104243, 5.475578), (-3.283057, 0.106542, 5.475781), (-3.282876, 0.129392, 5.321424)
(-3.439635, 0.104243, 5.475578), (-3.439641, 0.079985, 5.630274), (-3.283057, 0.106542, 5.475781)
(-3.908751, 0.077477, 5.630025), (-3.908977, 0.050152, 5.785062), (-3.752418, 0.078198, 5.630109)
(-3.908751, 0.077477, 5.630025), (-3.752418, 0.078198, 5.630109), (-3.752582, 0.100594, 5.475211)
(-3.752418, 0.078198, 5.630109), (-3.596049, 0.078946, 5.63019), (-3.596143, 0.102241, 5.475388)
(-3.752418, 0.078198, 5.630109), (-3.752675, 0.049408, 5.785059), (-3.596049, 0.078946, 5.63019)
(-3.596049, 0.078946, 5.63019), (-3.59634, 0.048685, 5.785046), (-3.439641, 0.079985, 5.630274)
(-3.596049, 0.078946, 5.63019), (-3.439641, 0.079985, 5.630274), (-3.439635, 0.104243, 5.475578)
(-3.439641, 0.079985, 5.630274), (-3.283198, 0.081112, 5.630359), (-3.283057, 0.106542, 5.475781)
(-3.439641, 0.079985, 5.630274), (-3.439982, 0.047917, 5.785026), (-3.283198, 0.081112, 5.630359)
(-3.439982, 0.047917, 5.785026), (-3.283613, 0.04695, 5.784994), (-3.283198, 0.081112, 5.630359)
(-3.439982, 0.047917, 5.785026), (-3.441057, 0.006206, 5.939891), (-3.283613, 0.04695, 5.784994)
(-3.59634, 0.048685, 5.785046), (-3.439982, 0.047917, 5.785026), (-3.439641, 0.079985, 5.630274)
(-3.59634, 0.048685, 5.785046), (-3.597344, 0.009527, 5.939993), (-3.439982, 0.047917, 5.785026)
(-3.752675, 0.049408, 5.785059), (-3.59634, 0.048685, 5.785046), (-3.596049, 0.078946, 5.63019)
(-3.752675, 0.049408, 5.785059), (-3.753619, 0.012575, 5.940089), (-3.59634, 0.048685, 5.785046)
(-3.908977, 0.050152, 5.785062), (-3.752675, 0.049408, 5.785059), (-3.752418, 0.078198, 5.630109)
(-3.908977, 0.050152, 5.785062), (-3.909857, 0.015596, 5.940167), (-3.752675, 0.049408, 5.785059)
(-3.441057, 0.006206, 5.939891), (-3.442978, -0.042276, 6.094986), (-3.284784, 0.002225, 5.939775)
(-3.441057, 0.006206, 5.939891), (-3.284784, 0.002225, 5.939775), (-3.283613, 0.04695, 5.784994)
(-3.597344, 0.009527, 5.939993), (-3.599138, -0.036026, 6.095133), (-3.441057, 0.006206, 5.939891)
(-3.597344, 0.009527, 5.939993), (-3.441057, 0.006206, 5.939891), (-3.439982, 0.047917, 5.785026)
(-3.753619, 0.012575, 5.940089), (-3.755295, -0.030156, 6.095274), (-3.597344, 0.009527, 5.939993)
(-3.753619, 0.012575, 5.940089), (-3.597344, 0.009527, 5.939993), (-3.59634, 0.048685, 5.785046)
(-3.909857, 0.015596, 5.940167), (-3.911413, -0.024357, 6.095402), (-3.753619, 0.012575, 5.940089)
(-3.909857, 0.015596, 5.940167), (-3.753619, 0.012575, 5.940089), (-3.752675, 0.049408, 5.785059)
# -2.9718590500199973, 0, 5.642251983313336
(-2.655008, 0.117518, 5.321379), (-2.656113, 0.09075, 5.475209), (-2.49804, 0.096643, 5.320346)
(-2.655008, 0.117518, 5.321379), (-2.49804, 0.096643, 5.320346), (-2.496586, 0.12925, 5.167199)
(-3.282876, 0.129392, 5.321424), (-3.283057, 0.106542, 5.475781), (-3.12599, 0.132747, 5.321758)
(-3.282876, 0.129392, 5.321424), (-3.12599, 0.132747, 5.321758), (-3.125392, 0.159891, 5.167984)
(-3.12599, 0.132747, 5.321758), (-3.126428, 0.108618, 5.475968), (-2.969061, 0.134991, 5.322031)
(-3.12599, 0.132747, 5.321758), (-2.969061, 0.134991, 5.322031), (-2.968181, 0.164656, 5.168493)
(-2.812093, 0.132093, 5.322022), (-2.812995, 0.104686, 5.475904), (-2.655008, 0.117518, 5.321379)
(-2.812093, 0.132093, 5.322022), (-2.655008, 0.117518, 5.321379), (-2.653681, 0.150244, 5.168202)
(-2.969061, 0.134991, 5.322031), (-2.969749, 0.109082, 5.476072), (-2.812093, 0.132093, 5.322022)
(-2.969061, 0.134991, 5.322031), (-2.812093, 0.132093, 5.322022), (-2.81098, 0.164461, 5.168736)
(-2.656113, 0.09075, 5.475209), (-2.499264, 0.07095, 5.474173), (-2.49804, 0.096643, 5.320346)
(-2.656113, 0.09075, 5.475209), (-2.656914, 0.062735, 5.629423), (-2.499264, 0.07095, 5.474173)
(-3.283057, 0.106542, 5.475781), (-3.126428, 0.108618, 5.475968), (-3.12599, 0.132747, 5.321758)
(-3.283057, 0.106542, 5.475781), (-3.283198, 0.081112, 5.630359), (-3.126428, 0.108618, 5.475968)
(-2.812995, 0.104686, 5.475904), (-2.656113, 0.09075, 5.475209), (-2.655008, 0.117518, 5.321379)
(-2.812995, 0.104686, 5.475904), (-2.813639, 0.074886, 5.6301), (-2.656113, 0.09075, 5.475209)
(-3.126428, 0.108618, 5.475968), (-2.969749, 0.109082, 5.476072), (-2.969061, 0.134991, 5.322031)
(-3.126428, 0.108618, 5.475968), (-3.126735, 0.081643, 5.630416), (-2.969749, 0.109082, 5.476072)
(-2.969749, 0.109082, 5.476072), (-2.812995, 0.104686, 5.475904), (-2.812093, 0.132093, 5.322022)
(-2.969749, 0.109082, 5.476072), (-2.970228, 0.080181, 5.630374), (-2.812995, 0.104686, 5.475904)
(-2.656914, 0.062735, 5.629423), (-2.657728, 0.02479, 5.783811), (-2.500143, 0.045688, 5.628444)
(-2.656914, 0.062735, 5.629423), (-2.500143, 0.045688, 5.628444), (-2.499264, 0.07095, 5.474173)
(-2.813639, 0.074886, 5.6301), (-2.656914, 0.062735, 5.629423), (-2.656113, 0.09075, 5.475209)
(-2.813639, 0.074886, 5.6301), (-2.814346, 0.034701, 5.784404), (-2.656914, 0.062735, 5.629423)
(-3.283198, 0.081112, 5.630359), (-3.283613, 0.04695, 5.784994), (-3.126735, 0.081643, 5.630416)
(-3.283198, 0.081112, 5.630359), (-3.126735, 0.081643, 5.630416), (-3.126428, 0.108618, 5.475968)
(-2.970228, 0.080181, 5.630374), (-2.970831, 0.041199, 5.784747), (-2.813639, 0.074886, 5.6301)
(-2.970228, 0.080181, 5.630374), (-2.813639, 0.074886, 5.6301), (-2.812995, 0.104686, 5.475904)
(-3.126735, 0.081643, 5.630416), (-2.970228, 0.080181, 5.630374), (-2.969749, 0.109082, 5.476072)
(-3.126735, 0.081643, 5.630416), (-3.127239, 0.044954, 5.784917), (-2.970228, 0.080181, 5.630374)
(-2.657728, 0.02479, 5.783811), (-2.501042, 0.012851, 5.78306), (-2.500143, 0.045688, 5.628444)
(-2.657728, 0.02479, 5.783811), (-2.659352, -0.024076, 5.938659), (-2.501042, 0.012851, 5.78306)
(-2.814346, 0.034701, 5.784404), (-2.657728, 0.02479, 5.783811), (-2.656914, 0.062735, 5.629423)
(-2.814346, 0.034701, 5.784404), (-2.815815, -0.01598, 5.939076), (-2.657728, 0.02479, 5.783811)
(-2.970831, 0.041199, 5.784747), (-2.814346, 0.034701, 5.784404), (-2.813639, 0.074886, 5.6301)
(-2.970831, 0.041199, 5.784747), (-2.972185, -0.008695, 5.939392), (-2.814346, 0.034701, 5.784404)
(-3.127239, 0.044954, 5.784917), (-2.970831, 0.041199, 5.784747), (-2.970228, 0.080181, 5.630374)
(-3.127239, 0.044954, 5.784917), (-3.128497, -0.002635, 5.939615), (-2.970831, 0.041199, 5.784747)
(-3.283613, 0.04695, 5.784994), (-3.127239, 0.044954, 5.784917), (-3.126735, 0.081643, 5.630416)
(-3.283613, 0.04695, 5.784994), (-3.284784, 0.002225, 5.939775), (-3.127239, 0.044954, 5.784917)
(-2.659352, -0.024076, 5.938659), (-2.661982, -0.081557, 6.093933), (-2.502803, -0.03157, 5.938196)
(-2.659352, -0.024076, 5.938659), (-2.502803, -0.03157, 5.938196), (-2.501042, 0.012851, 5.78306)
(-2.815815, -0.01598, 5.939076), (-2.818273, -0.073544, 6.0942), (-2.659352, -0.024076, 5.938659)
(-2.815815, -0.01598, 5.939076), (-2.659352, -0.024076, 5.938659), (-2.657728, 0.02479, 5.783811)
(-2.972185, -0.008695, 5.939392), (-2.974491, -0.065028, 6.094442), (-2.815815, -0.01598, 5.939076)
(-2.972185, -0.008695, 5.939392), (-2.815815, -0.01598, 5.939076), (-2.814346, 0.034701, 5.784404)
(-3.128497, -0.002635, 5.939615), (-3.13067, -0.056778, 6.094656), (-2.972185, -0.008695, 5.939392)
(-3.128497, -0.002635, 5.939615), (-2.972185, -0.008695, 5.939392), (-2.970831, 0.041199, 5.784747)
(-3.284784, 0.002225, 5.939775), (-3.286824, -0.049155, 6.094832), (-3.128497, -0.002635, 5.939615)
(-3.284784, 0.002225, 5.939775), (-3.128497, -0.002635, 5.939615), (-3.127239, 0.044954, 5.784917)
# -2.304088816686664, 0, 5.642251983313336
(-2.029481, 0.057712, 5.318222), (-2.03035, 0.030873, 5.471898), (-1.874095, 0.055572, 5.318076)
(-2.029481, 0.057712, 5.318222), (-1.874095, 0.055572, 5.318076), (-1.873634, 0.093685, 5.16521)
(-2.18522, 0.06256, 5.318504), (-2.186337, 0.037321, 5.472288), (-2.029481, 0.057712, 5.318222)
(-2.18522, 0.06256, 5.318504), (-2.029481, 0.057712, 5.318222), (-2.028509, 0.094481, 5.165271)
(-2.341501, 0.080459, 5.31952), (-2.342709, 0.054361, 5.473273), (-2.18522, 0.06256, 5.318504)
(-2.341501, 0.080459, 5.31952), (-2.18522, 0.06256, 5.318504), (-2.18389, 0.096489, 5.165393)
(-2.49804, 0.096643, 5.320346), (-2.499264, 0.07095, 5.474173), (-2.341501, 0.080459, 5.31952)
(-2.49804, 0.096643, 5.320346), (-2.341501, 0.080459, 5.31952), (-2.340023, 0.112667, 5.166331)
(-2.03035, 0.030873, 5.471898), (-1.874563, 0.028463, 5.471728), (-1.874095, 0.055572, 5.318076)
(-2.03035, 0.030873, 5.471898), (-2.030951, 0.01281, 5.626438), (-1.874563, 0.028463, 5.471728)
(-2.186337, 0.037321, 5.472288), (-2.03035, 0.030873, 5.471898), (-2.029481, 0.057712, 5.318222)
(-2.186337, 0.037321, 5.472288), (-2.187124, 0.017926, 5.626778), (-2.03035, 0.030873, 5.471898)
(-2.342709, 0.054361, 5.473273), (-2.186337, 0.037321, 5.472288), (-2.18522, 0.06256, 5.318504)
(-2.342709, 0.054361, 5.473273), (-2.343547, 0.030589, 5.62756), (-2.186337, 0.037321, 5.472288)
(-2.499264, 0.07095, 5.474173), (-2.342709, 0.054361, 5.473273), (-2.341501, 0.080459, 5.31952)
(-2.499264, 0.07095, 5.474173), (-2.500143, 0.045688, 5.628444), (-2.342709, 0.054361, 5.473273)
(-2.030951, 0.01281, 5.626438), (-2.03163, -0.00394, 5.781757), (-1.874904, 0.011311, 5.626312)
(-2.030951, 0.01281, 5.626438), (-1.874904, 0.011311, 5.626312), (-1.874563, 0.028463, 5.471728)
(-2.187124, 0.017926, 5.626778), (-2.030951, 0.01281, 5.626438), (-2.03035, 0.030873, 5.471898)
(-2.187124, 0.017926, 5.626778), (-2.187976, -0.002668, 5.78196), (-2.030951, 0.01281, 5.626438)
(-2.343547, 0.030589, 5.62756), (-2.344448, 0.003191, 5.782414), (-2.187124, 0.017926, 5.626778)
(-2.343547, 0.030589, 5.62756), (-2.187124, 0.017926, 5.626778), (-2.186337, 0.037321, 5.472288)
(-2.500143, 0.045688, 5.628444), (-2.343547, 0.030589, 5.62756), (-2.342709, 0.054361, 5.473273)
(-2.500143, 0.045688, 5.628444), (-2.501042, 0.012851, 5.78306), (-2.343547, 0.030589, 5.62756)
(-2.03163, -0.00394, 5.781757), (-1.875371, -0.003354, 5.781688), (-1.874904, 0.011311, 5.626312)
(-2.03163, -0.00394, 5.781757), (-2.033302, -0.036762, 5.937506), (-1.875371, -0.003354, 5.781688)
(-2.187976, -0.002668, 5.78196), (-2.03163, -0.00394, 5.781757), (-2.030951, 0.01281, 5.626438)
(-2.187976, -0.002668, 5.78196), (-2.189767, -0.03822, 5.937596), (-2.03163, -0.00394, 5.781757)
(-2.344448, 0.003191, 5.782414), (-2.187976, -0.002668, 5.78196), (-2.187124, 0.017926, 5.626778)
(-2.344448, 0.003191, 5.782414), (-2.346276, -0.036703, 5.937829), (-2.187976, -0.002668, 5.78196)
(-2.501042, 0.012851, 5.78306), (-2.344448, 0.003191, 5.782414), (-2.343547, 0.030589, 5.62756)
(-2.501042, 0.012851, 5.78306), (-2.502803, -0.03157, 5.938196), (-2.344448, 0.003191, 5.782414)
(-2.033302, -0.036762, 5.937506), (-2.036307, -0.09239, 6.093337), (-1.876865, -0.033937, 5.937486)
(-2.033302, -0.036762, 5.937506), (-1.876865, -0.033937, 5.937486), (-1.875371, -0.003354, 5.781688)
(-2.189767, -0.03822, 5.937596), (-2.192776, -0.09374, 6.093369), (-2.033302, -0.036762, 5.937506)
(-2.189767, -0.03822, 5.937596), (-2.033302, -0.036762, 5.937506), (-2.03163, -0.00394, 5.781757)
(-2.346276, -0.036703, 5.937829), (-2.349214, -0.092442, 6.093478), (-2.189767, -0.03822, 5.937596)
(-2.346276, -0.036703, 5.937829), (-2.189767, -0.03822, 5.937596), (-2.187976, -0.002668, 5.78196)
(-2.502803, -0.03157, 5.938196), (-2.505615, -0.088156, 6.093673), (-2.346276, -0.036703, 5.937829)
(-2.502803, -0.03157, 5.938196), (-2.346276, -0.036703, 5.937829), (-2.344448, 0.003191, 5.782414)
# -1.6363185833533305, 0, 5.642251983313336
(-1.408772, 0.050126, 5.317762), (-1.407815, 0.02511, 5.47153), (-1.253396, 0.054395, 5.318165)
(-1.408772, 0.050126, 5.317762), (-1.253396, 0.054395, 5.318165), (-1.254797, 0.094521, 5.165572)
(-1.563903, 0.051633, 5.317839), (-1.563361, 0.025884, 5.471564), (-1.408772, 0.050126, 5.317762)
(-1.563903, 0.051633, 5.317839), (-1.408772, 0.050126, 5.317762), (-1.409834, 0.085358, 5.164678)
(-1.718962, 0.053575, 5.317949), (-1.718912, 0.026959, 5.471626), (-1.563903, 0.051633, 5.317839)
(-1.718962, 0.053575, 5.317949), (-1.563903, 0.051633, 5.317839), (-1.564513, 0.087879, 5.164809)
(-1.874095, 0.055572, 5.318076), (-1.874563, 0.028463, 5.471728), (-1.718962, 0.053575, 5.317949)
(-1.874095, 0.055572, 5.318076), (-1.718962, 0.053575, 5.317949), (-1.719046, 0.091412, 5.165052)
(-1.407815, 0.02511, 5.47153), (-1.252146, 0.026339, 5.471668), (-1.253396, 0.054395, 5.318165)
(-1.407815, 0.02511, 5.47153), (-1.407049, 0.009393, 5.626174), (-1.252146, 0.026339, 5.471668)
(-1.563361, 0.025884, 5.471564), (-1.407815, 0.02511, 5.47153), (-1.408772, 0.050126, 5.317762)
(-1.563361, 0.025884, 5.471564), (-1.562962, 0.009685, 5.626175), (-1.407815, 0.02511, 5.47153)
(-1.718912, 0.026959, 5.471626), (-1.563361, 0.025884, 5.471564), (-1.563903, 0.051633, 5.317839)
(-1.718912, 0.026959, 5.471626), (-1.718909, 0.010402, 5.62623), (-1.563361, 0.025884, 5.471564)
(-1.874563, 0.028463, 5.471728), (-1.718912, 0.026959, 5.471626), (-1.718962, 0.053575, 5.317949)
(-1.874563, 0.028463, 5.471728), (-1.874904, 0.011311, 5.626312), (-1.718912, 0.026959, 5.471626)
(-1.407049, 0.009393, 5.626174), (-1.406889, -0.003882, 5.781612), (-1.251144, 0.009364, 5.626258)
(-1.407049, 0.009393, 5.626174), (-1.251144, 0.009364, 5.626258), (-1.252146, 0.026339, 5.471668)
(-1.562962, 0.009685, 5.626175), (-1.407049, 0.009393, 5.626174), (-1.407815, 0.02511, 5.47153)
(-1.562962, 0.009685, 5.626175), (-1.563002, -0.003209, 5.78162), (-1.407049, 0.009393, 5.626174)
(-1.718909, 0.010402, 5.62623), (-1.719168, -0.003041, 5.781648), (-1.562962, 0.009685, 5.626175)
(-1.718909, 0.010402, 5.62623), (-1.562962, 0.009685, 5.626175), (-1.563361, 0.025884, 5.471564)
(-1.874904, 0.011311, 5.626312), (-1.718909, 0.010402, 5.62623), (-1.718912, 0.026959, 5.471626)
(-1.874904, 0.011311, 5.626312), (-1.875371, -0.003354, 5.781688), (-1.718909, 0.010402, 5.62623)
(-1.406889, -0.003882, 5.781612), (-1.250914, -0.006328, 5.781641), (-1.251144, 0.009364, 5.626258)
(-1.406889, -0.003882, 5.781612), (-1.408009, -0.031563, 5.937466), (-1.250914, -0.006328, 5.781641)
(-1.563002, -0.003209, 5.78162), (-1.406889, -0.003882, 5.781612), (-1.407049, 0.009393, 5.626174)
(-1.563002, -0.003209, 5.78162), (-1.564196, -0.030788, 5.937473), (-1.406889, -0.003882, 5.781612)
(-1.719168, -0.003041, 5.781648), (-1.563002, -0.003209, 5.78162), (-1.562962, 0.009685, 5.626175)
(-1.719168, -0.003041, 5.781648), (-1.720496, -0.031808, 5.937479), (-1.563002, -0.003209, 5.78162)
(-1.875371, -0.003354, 5.781688), (-1.719168, -0.003041, 5.781648), (-1.718909, 0.010402, 5.62623)
(-1.875371, -0.003354, 5.781688), (-1.876865, -0.033937, 5.937486), (-1.719168, -0.003041, 5.781648)
(-1.408009, -0.031563, 5.937466), (-1.41067, -0.084254, 6.093368), (-1.252013, -0.03554, 5.93745)
(-1.408009, -0.031563, 5.937466), (-1.252013, -0.03554, 5.93745), (-1.250914, -0.006328, 5.781641)
(-1.564196, -0.030788, 5.937473), (-1.56696, -0.0846, 6.093371), (-1.408009, -0.031563, 5.937466)
(-1.564196, -0.030788, 5.937473), (-1.408009, -0.031563, 5.937466), (-1.406889, -0.003882, 5.781612)
(-1.720496, -0.031808, 5.937479), (-1.72336, -0.086697, 6.093361), (-1.564196, -0.030788, 5.937473)
(-1.720496, -0.031808, 5.937479), (-1.564196, -0.030788, 5.937473), (-1.563002, -0.003209, 5.78162)
(-1.876865, -0.033937, 5.937486), (-1.879826, -0.089647, 6.093345), (-1.720496, -0.031808, 5.937479)
(-1.876865, -0.033937, 5.937486), (-1.720496, -0.031808, 5.937479), (-1.719168, -0.003041, 5.781648)
# -0.968548350019997, 0, 5.642251983313336
(-1.253396, 0.054395, 5.318165), (-1.252146, 0.026339, 5.471668), (-1.09754, 0.073594, 5.319818)
(-1.253396, 0.054395, 5.318165), (-1.09754, 0.073594, 5.319818), (-1.099118, 0.122326, 5.168014)
(-1.09754, 0.073594, 5.319818), (-1.096266, 0.033388, 5.472323), (-0.941606, 0.090836, 5.321383)
(-1.09754, 0.073594, 5.319818), (-0.941606, 0.090836, 5.321383), (-0.943373, 0.142806, 5.169943)
(-0.941606, 0.090836, 5.321383), (-0.940292, 0.043503, 5.473294), (-0.78555, 0.106538, 5.322874)
(-0.941606, 0.090836, 5.321383), (-0.78555, 0.106538, 5.322874), (-0.787447, 0.159116, 5.171587)
(-0.78555, 0.106538, 5.322874), (-0.784179, 0.056457, 5.474527), (-0.629264, 0.124428, 5.32458)
(-0.78555, 0.106538, 5.322874), (-0.629264, 0.124428, 5.32458), (-0.631245, 0.177124, 5.173421)
(-1.252146, 0.026339, 5.471668), (-1.096266, 0.033388, 5.472323), (-1.09754, 0.073594, 5.319818)
(-1.252146, 0.026339, 5.471668), (-1.251144, 0.009364, 5.626258), (-1.096266, 0.033388, 5.472323)
(-1.096266, 0.033388, 5.472323), (-0.940292, 0.043503, 5.473294), (-0.941606, 0.090836, 5.321383)
(-1.096266, 0.033388, 5.472323), (-1.09525, 0.010115, 5.626504), (-0.940292, 0.043503, 5.473294)
(-0.940292, 0.043503, 5.473294), (-0.784179, 0.056457, 5.474527), (-0.78555, 0.106538, 5.322874)
(-0.940292, 0.043503, 5.473294), (-0.93933, 0.012707, 5.626949), (-0.784179, 0.056457, 5.474527)
(-0.784179, 0.056457, 5.474527), (-0.627883, 0.072421, 5.476024), (-0.629264, 0.124428, 5.32458)
(-0.784179, 0.056457, 5.474527), (-0.783298, 0.018876, 5.627666), (-0.627883, 0.072421, 5.476024)
(-1.251144, 0.009364, 5.626258), (-1.09525, 0.010115, 5.626504), (-1.096266, 0.033388, 5.472323)
(-1.251144, 0.009364, 5.626258), (-1.250914, -0.006328, 5.781641), (-1.09525, 0.010115, 5.626504)
(-1.09525, 0.010115, 5.626504), (-1.095075, -0.010433, 5.781718), (-0.93933, 0.012707, 5.626949)
(-1.09525, 0.010115, 5.626504), (-0.93933, 0.012707, 5.626949), (-0.940292, 0.043503, 5.473294)
(-0.93933, 0.012707, 5.626949), (-0.783298, 0.018876, 5.627666), (-0.784179, 0.056457, 5.474527)
(-0.93933, 0.012707, 5.626949), (-0.93923, -0.013348, 5.781892), (-0.783298, 0.018876, 5.627666)
(-0.783298, 0.018876, 5.627666), (-0.783242, -0.012538, 5.782217), (-0.627107, 0.02884, 5.628658)
(-0.783298, 0.018876, 5.627666), (-0.627107, 0.02884, 5.628658), (-0.627883, 0.072421, 5.476024)
(-1.250914, -0.006328, 5.781641), (-1.095075, -0.010433, 5.781718), (-1.09525, 0.010115, 5.626504)
(-1.250914, -0.006328, 5.781641), (-1.252013, -0.03554, 5.93745), (-1.095075, -0.010433, 5.781718)
(-1.095075, -0.010433, 5.781718), (-0.93923, -0.013348, 5.781892), (-0.93933, 0.012707, 5.626949)
(-1.095075, -0.010433, 5.781718), (-1.096197, -0.042387, 5.937442), (-0.93923, -0.013348, 5.781892)
(-0.93923, -0.013348, 5.781892), (-0.783242, -0.012538, 5.782217), (-0.783298, 0.018876, 5.627666)
(-0.93923, -0.013348, 5.781892), (-0.940367, -0.048234, 5.937477), (-0.783242, -0.012538, 5.782217)
(-0.783242, -0.012538, 5.782217), (-0.62711, -0.007807, 5.782745), (-0.627107, 0.02884, 5.628658)
(-0.783242, -0.012538, 5.782217), (-0.784377, -0.050106, 5.937611), (-0.62711, -0.007807, 5.782745)
(-1.096197, -0.042387, 5.937442), (-1.09865, -0.093194, 6.093298), (-0.940367, -0.048234, 5.937477)
(-1.096197, -0.042387, 5.937442), (-0.940367, -0.048234, 5.937477), (-0.93923, -0.013348, 5.781892)
(-1.252013, -0.03554, 5.93745), (-1.254582, -0.087402, 6.09334), (-1.096197, -0.042387, 5.937442)
(-1.252013, -0.03554, 5.93745), (-1.096197, -0.042387, 5.937442), (-1.095075, -0.010433, 5.781718)
(-0.940367, -0.048234, 5.937477), (-0.942724, -0.098548, 6.093278), (-0.784377, -0.050106, 5.937611)
(-0.940367, -0.048234, 5.937477), (-0.784377, -0.050106, 5.937611), (-0.783242, -0.012538, 5.782217)
(-0.784377, -0.050106, 5.937611), (-0.786633, -0.100133, 6.093316), (-0.628197, -0.0476, 5.937858)
(-0.784377, -0.050106, 5.937611), (-0.628197, -0.0476, 5.937858), (-0.62711, -0.007807, 5.782745)
# -0.3007781166866636, 0, 5.642251983313336
(-0.629264, 0.124428, 5.32458), (-0.627883, 0.072421, 5.476024), (-0.472886, 0.14238, 5.32639)
(-0.629264, 0.124428, 5.32458), (-0.472886, 0.14238, 5.32639), (-0.474876, 0.195628, 5.175405)
(-0.472886, 0.14238, 5.32639), (-0.471513, 0.088754, 5.477614), (-0.316359, 0.160415, 5.328286)
(-0.472886, 0.14238, 5.32639), (-0.316359, 0.160415, 5.328286), (-0.318306, 0.214627, 5.177534)
(-0.316359, 0.160415, 5.328286), (-0.315042, 0.105081, 5.47926), (-0.159656, 0.178756, 5.330317)
(-0.316359, 0.160415, 5.328286), (-0.159656, 0.178756, 5.330317), (-0.161467, 0.23459, 5.179852)
(-0.159656, 0.178756, 5.330317), (-0.158444, 0.121611, 5.480996), (-0.002725, 0.19704, 5.332439)
(-0.159656, 0.178756, 5.330317), (-0.002725, 0.19704, 5.332439), (-0.004322, 0.2547, 5.18231)
(-0.002725, 0.19704, 5.332439), (-0.001706, 0.137942, 5.482811), (0.154403, 0.214525, 5.334627)
(-0.002725, 0.19704, 5.332439), (0.154403, 0.214525, 5.334627), (0.153124, 0.274271, 5.184842)
(-0.627883, 0.072421, 5.476024), (-0.471513, 0.088754, 5.477614), (-0.472886, 0.14238, 5.32639)
(-0.627883, 0.072421, 5.476024), (-0.627107, 0.02884, 5.628658), (-0.471513, 0.088754, 5.477614)
(-0.471513, 0.088754, 5.477614), (-0.315042, 0.105081, 5.47926), (-0.316359, 0.160415, 5.328286)
(-0.471513, 0.088754, 5.477614), (-0.470818, 0.04097, 5.629852), (-0.315042, 0.105081, 5.47926)
(-0.315042, 0.105081, 5.47926), (-0.158444, 0.121611, 5.480996), (-0.159656, 0.178756, 5.330317)
(-0.315042, 0.105081, 5.47926), (-0.314424, 0.05392, 5.631126), (-0.158444, 0.121611, 5.480996)
(-0.158444, 0.121611, 5.480996), (-0.001706, 0.137942, 5.482811), (-0.002725, 0.19704, 5.332439)
(-0.158444, 0.121611, 5.480996), (-0.157928, 0.06753, 5.632498), (-0.001706, 0.137942, 5.482811)
(-0.001706, 0.137942, 5.482811), (0.15516, 0.153553, 5.484681), (0.154403, 0.214525, 5.334627)
(-0.001706, 0.137942, 5.482811), (-0.001346, 0.081313, 5.633964), (0.15516, 0.153553, 5.484681)
(-0.627107, 0.02884, 5.628658), (-0.470818, 0.04097, 5.629852), (-0.471513, 0.088754, 5.477614)
(-0.627107, 0.02884, 5.628658), (-0.62711, -0.007807, 5.782745), (-0.470818, 0.04097, 5.629852)
(-0.470818, 0.04097, 5.629852), (-0.470865, -0.000285, 5.783458), (-0.314424, 0.05392, 5.631126)
(-0.470818, 0.04097, 5.629852), (-0.314424, 0.05392, 5.631126), (-0.315042, 0.105081, 5.47926)
(-0.314424, 0.05392, 5.631126), (-0.157928, 0.06753, 5.632498), (-0.158444, 0.121611, 5.480996)
(-0.314424, 0.05392, 5.631126), (-0.314532, 0.008902, 5.784311), (-0.157928, 0.06753, 5.632498)
(-0.157928, 0.06753, 5.632498), (-0.158119, 0.019058, 5.785267), (-0.001346, 0.081313, 5.633964)
(-0.157928, 0.06753, 5.632498), (-0.001346, 0.081313, 5.633964), (-0.001706, 0.137942, 5.482811)
(-0.001346, 0.081313, 5.633964), (0.155307, 0.09479, 5.635523), (0.15516, 0.153553, 5.484681)
(-0.001346, 0.081313, 5.633964), (-0.001658, 0.029863, 5.786356), (0.155307, 0.09479, 5.635523)
(-0.62711, -0.007807, 5.782745), (-0.470865, -0.000285, 5.783458), (-0.470818, 0.04097, 5.629852)
(-0.62711, -0.007807, 5.782745), (-0.628197, -0.0476, 5.937858), (-0.470865, -0.000285, 5.783458)
(-0.470865, -0.000285, 5.783458), (-0.314532, 0.008902, 5.784311), (-0.314424, 0.05392, 5.631126)
(-0.470865, -0.000285, 5.783458), (-0.471894, -0.042131, 5.938233), (-0.314532, 0.008902, 5.784311)
(-0.314532, 0.008902, 5.784311), (-0.158119, 0.019058, 5.785267), (-0.157928, 0.06753, 5.632498)
(-0.314532, 0.008902, 5.784311), (-0.315527, -0.035032, 5.938726), (-0.158119, 0.019058, 5.785267)
(-0.158119, 0.019058, 5.785267), (-0.001658, 0.029863, 5.786356), (-0.001346, 0.081313, 5.633964)
(-0.158119, 0.019058, 5.785267), (-0.159136, -0.027092, 5.939348), (-0.001658, 0.029863, 5.786356)
(-0.001658, 0.029863, 5.786356), (0.154849, 0.040699, 5.787545), (0.155307, 0.09479, 5.635523)
(-0.001658, 0.029863, 5.786356), (-0.002703, -0.018518, 5.940066), (0.154849, 0.040699, 5.787545)
(-0.628197, -0.0476, 5.937858), (-0.630347, -0.097491, 6.093427), (-0.471894, -0.042131, 5.938233)
(-0.628197, -0.0476, 5.937858), (-0.471894, -0.042131, 5.938233), (-0.470865, -0.000285, 5.783458)
(-0.471894, -0.042131, 5.938233), (-0.473917, -0.091737, 6.093613), (-0.315527, -0.035032, 5.938726)
(-0.471894, -0.042131, 5.938233), (-0.315527, -0.035032, 5.938726), (-0.314532, 0.008902, 5.784311)
(-0.315527, -0.035032, 5.938726), (-0.317448, -0.084638, 6.093884), (-0.159136, -0.027092, 5.939348)
(-0.315527, -0.035032, 5.938726), (-0.159136, -0.027092, 5.939348), (-0.158119, 0.019058, 5.785267)
(-0.159136, -0.027092, 5.939348), (-0.160971, -0.076962, 6.094249), (-0.002703, -0.018518, 5.940066)
(-0.159136, -0.027092, 5.939348), (-0.002703, -0.018518, 5.940066), (-0.001658, 0.029863, 5.786356)
(-0.002703, -0.018518, 5.940066), (-0.00449, -0.068999, 6.094696), (0.153741, -0.009815, 5.9409)
(-0.002703, -0.018518, 5.940066), (0.153741, -0.009815, 5.9409), (0.154849, 0.040699, 5.787545)
