# 0.3669921166466698, 0, -11.719774083353332
(0.073471, 1.064368, -11.917033), (0.077369, 1.058197, -11.758799), (0.224126, 1.09552, -11.91663)
(0.073471, 1.064368, -11.917033), (0.224126, 1.09552, -11.91663), (0.220158, 1.101702, -12.074891)
(0.224126, 1.09552, -11.91663), (0.374968, 1.12595, -11.91606), (0.37078, 1.133562, -12.074511)
(0.224126, 1.09552, -11.91663), (0.228252, 1.087774, -11.758212), (0.374968, 1.12595, -11.91606)
(0.374968, 1.12595, -11.91606), (0.379322, 1.116686, -11.757463), (0.526084, 1.155488, -11.915318)
(0.374968, 1.12595, -11.91606), (0.526084, 1.155488, -11.915318), (0.52165, 1.164628, -12.073974)
(0.526084, 1.155488, -11.915318), (0.67751, 1.184296, -11.914424), (0.672861, 1.194747, -12.073275)
(0.526084, 1.155488, -11.915318), (0.530653, 1.144819, -11.756553), (0.67751, 1.184296, -11.914424)
(0.67751, 1.184296, -11.914424), (0.682317, 1.172171, -11.755472), (0.829299, 1.212391, -11.913396)
(0.67751, 1.184296, -11.914424), (0.829299, 1.212391, -11.913396), (0.824418, 1.224237, -12.07245)
(0.077369, 1.058197, -11.758799), (0.228252, 1.087774, -11.758212), (0.224126, 1.09552, -11.91663)
(0.077369, 1.058197, -11.758799), (0.081231, 1.051964, -11.6003), (0.228252, 1.087774, -11.758212)
(0.228252, 1.087774, -11.758212), (0.379322, 1.116686, -11.757463), (0.374968, 1.12595, -11.91606)
(0.228252, 1.087774, -11.758212), (0.23235, 1.079858, -11.59956), (0.379322, 1.116686, -11.757463)
(0.379322, 1.116686, -11.757463), (0.530653, 1.144819, -11.756553), (0.526084, 1.155488, -11.915318)
(0.379322, 1.116686, -11.757463), (0.383656, 1.107157, -11.598661), (0.530653, 1.144819, -11.756553)
(0.530653, 1.144819, -11.756553), (0.682317, 1.172171, -11.755472), (0.67751, 1.184296, -11.914424)
(0.530653, 1.144819, -11.756553), (0.535224, 1.133737, -11.5976), (0.682317, 1.172171, -11.755472)
(0.682317, 1.172171, -11.755472), (0.834321, 1.198897, -11.75428), (0.829299, 1.212391, -11.913396)
(0.682317, 1.172171, -11.755472), (0.687099, 1.159633, -11.596397), (0.834321, 1.198897, -11.75428)
(0.124778, 1.538905, -11.713126), (0.091922, 1.538905, -11.657697), (0.216484, 1.552006, -11.658566)
(0.124778, 1.538905, -11.713126), (0.216484, 1.552006, -11.658566), (0.270053, 0.793567, -11.555976)
(0.090523, 0.767385, -11.666047), (0.03217, 1.525831, -11.765946), (0.180915, 0.780488, -11.611756)
(0.216484, 1.552006, -11.658566), (0.18232, 1.552006, -11.603936), (0.306539, 1.565045, -11.601031)
(0.216484, 1.552006, -11.658566), (0.306539, 1.565045, -11.601031), (0.356941, 0.806493, -11.497682)
(0.091922, 1.538905, -11.657697), (0.08094, 1.529447, -11.636725), (0.18232, 1.552006, -11.603936)
(0.091922, 1.538905, -11.657697), (0.18232, 1.552006, -11.603936), (0.216484, 1.552006, -11.658566)
(0.08094, 1.529447, -11.636725), (0.002658, 1.529446, -11.504655), (0.17084, 1.542547, -11.583234)
(0.08094, 1.529447, -11.636725), (0.17084, 1.542547, -11.583234), (0.18232, 1.552006, -11.603936)
(0.180915, 0.780488, -11.611756), (0.124778, 1.538905, -11.713126), (0.270053, 0.793567, -11.555976)
(0.18232, 1.552006, -11.603936), (0.17084, 1.542547, -11.583234), (0.271091, 1.565045, -11.547227)
(0.18232, 1.552006, -11.603936), (0.271091, 1.565045, -11.547227), (0.306539, 1.565045, -11.601031)
(0.306539, 1.565045, -11.601031), (0.271091, 1.565045, -11.547227), (0.395401, 1.577954, -11.541551)
(0.306539, 1.565045, -11.601031), (0.395401, 1.577954, -11.541551), (0.442283, 0.81923, -11.437799)
(0.081231, 1.051964, -11.6003), (0.084772, 1.048034, -11.441407), (0.23235, 1.079858, -11.59956)
(0.081231, 1.051964, -11.6003), (0.23235, 1.079858, -11.59956), (0.228252, 1.087774, -11.758212)
(0.23235, 1.079858, -11.59956), (0.23615, 1.074028, -11.44054), (0.383656, 1.107157, -11.598661)
(0.23235, 1.079858, -11.59956), (0.383656, 1.107157, -11.598661), (0.379322, 1.116686, -11.757463)
(0.383656, 1.107157, -11.598661), (0.387716, 1.099485, -11.439528), (0.535224, 1.133737, -11.5976)
(0.383656, 1.107157, -11.598661), (0.535224, 1.133737, -11.5976), (0.530653, 1.144819, -11.756553)
(0.535224, 1.133737, -11.5976), (0.539534, 1.124273, -11.438378), (0.687099, 1.159633, -11.596397)
(0.535224, 1.133737, -11.5976), (0.687099, 1.159633, -11.596397), (0.682317, 1.172171, -11.755472)
(0.687099, 1.159633, -11.596397), (0.69165, 1.1484, -11.437102), (0.839318, 1.184885, -11.595081)
(0.687099, 1.159633, -11.596397), (0.839318, 1.184885, -11.595081), (0.834321, 1.198897, -11.75428)
(0.17084, 1.542547, -11.583234), (0.089434, 1.542547, -11.453067), (0.259114, 1.555585, -11.526807)
(0.17084, 1.542547, -11.583234), (0.259114, 1.555585, -11.526807), (0.271091, 1.565045, -11.547227)
(0.270053, 0.793567, -11.555976), (0.216484, 1.552006, -11.658566), (0.356941, 0.806493, -11.497682)
(0.271091, 1.565045, -11.547227), (0.259114, 1.555585, -11.526807), (0.358699, 1.577953, -11.488595)
(0.271091, 1.565045, -11.547227), (0.358699, 1.577953, -11.488595), (0.395401, 1.577954, -11.541551)
(0.395401, 1.577954, -11.541551), (0.358699, 1.577953, -11.488595), (0.483139, 1.590713, -11.480277)
(0.395401, 1.577954, -11.541551), (0.483139, 1.590713, -11.480277), (0.526184, 0.831769, -11.376473)
(0.259114, 1.555585, -11.526807), (0.174649, 1.555584, -11.398602), (0.346232, 1.568491, -11.468469)
(0.259114, 1.555585, -11.526807), (0.346232, 1.568491, -11.468469), (0.358699, 1.577953, -11.488595)
(0.356941, 0.806493, -11.497682), (0.306539, 1.565045, -11.601031), (0.442283, 0.81923, -11.437799)
(0.358699, 1.577953, -11.488595), (0.346232, 1.568491, -11.468469), (0.44521, 1.590712, -11.428189)
(0.358699, 1.577953, -11.488595), (0.44521, 1.590712, -11.428189), (0.483139, 1.590713, -11.480277)
(0.483139, 1.590713, -11.480277), (0.44521, 1.590712, -11.428189), (0.56932, 1.603202, -11.416678)
(0.483139, 1.590713, -11.480277), (0.56932, 1.603202, -11.416678), (0.608154, 0.843974, -11.313291)
(0.346232, 1.568491, -11.468469), (0.258777, 1.568489, -11.342288), (0.432261, 1.581247, -11.408378)
(0.346232, 1.568491, -11.468469), (0.432261, 1.581247, -11.408378), (0.44521, 1.590712, -11.428189)
(0.089434, 1.542547, -11.453067), (0.075539, 1.552006, -11.433194), (0.174649, 1.555584, -11.398602)
(0.089434, 1.542547, -11.453067), (0.174649, 1.555584, -11.398602), (0.259114, 1.555585, -11.526807)
(0.084772, 1.048034, -11.441407), (0.23615, 1.074028, -11.44054), (0.23235, 1.079858, -11.59956)
(0.084772, 1.048034, -11.441407), (0.087784, 1.047961, -11.282083), (0.23615, 1.074028, -11.44054)
(0.23615, 1.074028, -11.44054), (0.387716, 1.099485, -11.439528), (0.383656, 1.107157, -11.598661)
(0.23615, 1.074028, -11.44054), (0.239436, 1.071879, -11.281132), (0.387716, 1.099485, -11.439528)
(0.387716, 1.099485, -11.439528), (0.539534, 1.124273, -11.438378), (0.535224, 1.133737, -11.5976)
(0.387716, 1.099485, -11.439528), (0.391283, 1.095187, -11.28006), (0.539534, 1.124273, -11.438378)
(0.539534, 1.124273, -11.438378), (0.69165, 1.1484, -11.437102), (0.687099, 1.159633, -11.596397)
(0.539534, 1.124273, -11.438378), (0.543368, 1.117946, -11.278859), (0.69165, 1.1484, -11.437102)
(0.442283, 0.81923, -11.437799), (0.395401, 1.577954, -11.541551), (0.526184, 0.831769, -11.376473)
(0.69165, 1.1484, -11.437102), (0.844108, 1.171935, -11.435708), (0.839318, 1.184885, -11.595081)
(0.69165, 1.1484, -11.437102), (0.695747, 1.14004, -11.277551), (0.844108, 1.171935, -11.435708)
(0.075539, 1.552006, -11.433194), (0.160296, 1.565044, -11.37906), (0.174649, 1.555584, -11.398602)
(0.075539, 1.552006, -11.433194), (-0.010762, 1.538905, -11.48446), (-0.036256, 1.538905, -11.441445)
(0.44521, 1.590712, -11.428189), (0.432261, 1.581247, -11.408378), (0.530199, 1.603201, -11.365479)
(0.44521, 1.590712, -11.428189), (0.530199, 1.603201, -11.365479), (0.56932, 1.603202, -11.416678)
(0.56932, 1.603202, -11.416678), (0.530199, 1.603201, -11.365479), (0.653892, 1.61533, -11.350877)
(0.56932, 1.603202, -11.416678), (0.653892, 1.61533, -11.350877), (0.688224, 0.855766, -11.248368)
(0.432261, 1.581247, -11.408378), (0.341884, 1.581246, -11.284268), (0.516774, 1.593732, -11.345986)
(0.432261, 1.581247, -11.408378), (0.516774, 1.593732, -11.345986), (0.530199, 1.603201, -11.365479)
(0.174649, 1.555584, -11.398602), (0.160296, 1.565044, -11.37906), (0.258777, 1.568489, -11.342288)
(0.174649, 1.555584, -11.398602), (0.258777, 1.568489, -11.342288), (0.346232, 1.568491, -11.468469)
(0.049026, 1.552006, -11.390801), (0.075539, 1.552006, -11.433194), (-0.036256, 1.538905, -11.441445)
# 1.0347623499800032, 0, -11.719774083353332
(0.829299, 1.212391, -11.913396), (0.981535, 1.239702, -11.912239), (0.976465, 1.252777, -12.071491)
(0.829299, 1.212391, -11.913396), (0.834321, 1.198897, -11.75428), (0.981535, 1.239702, -11.912239)
(0.981535, 1.239702, -11.912239), (0.986756, 1.224901, -11.752953), (1.134308, 1.266173, -11.910957)
(0.981535, 1.239702, -11.912239), (1.134308, 1.266173, -11.910957), (1.129031, 1.280584, -12.070425)
(1.134308, 1.266173, -11.910957), (1.287625, 1.292069, -11.909575), (1.282182, 1.307697, -12.069258)
(1.134308, 1.266173, -11.910957), (1.139688, 1.250168, -11.751508), (1.287625, 1.292069, -11.909575)
(1.287625, 1.292069, -11.909575), (1.29319, 1.274755, -11.749945), (1.441544, 1.317388, -11.908098)
(1.287625, 1.292069, -11.909575), (1.441544, 1.317388, -11.908098), (1.43597, 1.33421, -12.068009)
(0.834321, 1.198897, -11.75428), (0.986756, 1.224901, -11.752953), (0.981535, 1.239702, -11.912239)
(0.834321, 1.198897, -11.75428), (0.839318, 1.184885, -11.595081), (0.986756, 1.224901, -11.752953)
(0.986756, 1.224901, -11.752953), (1.139688, 1.250168, -11.751508), (1.134308, 1.266173, -11.910957)
(0.986756, 1.224901, -11.752953), (0.991955, 1.209492, -11.593623), (1.139688, 1.250168, -11.751508)
(1.139688, 1.250168, -11.751508), (1.29319, 1.274755, -11.749945), (1.287625, 1.292069, -11.909575)
(1.139688, 1.250168, -11.751508), (1.145086, 1.233392, -11.592045), (1.29319, 1.274755, -11.749945)
(1.29319, 1.274755, -11.749945), (1.447228, 1.298884, -11.748291), (1.441544, 1.317388, -11.908098)
(1.29319, 1.274755, -11.749945), (1.298717, 1.256727, -11.590365), (1.447228, 1.298884, -11.748291)
(0.839318, 1.184885, -11.595081), (0.844108, 1.171935, -11.435708), (0.991955, 1.209492, -11.593623)
(0.839318, 1.184885, -11.595081), (0.991955, 1.209492, -11.593623), (0.986756, 1.224901, -11.752953)
(0.991955, 1.209492, -11.593623), (0.996966, 1.194926, -11.434174), (1.145086, 1.233392, -11.592045)
(0.991955, 1.209492, -11.593623), (1.145086, 1.233392, -11.592045), (1.139688, 1.250168, -11.751508)
(1.145086, 1.233392, -11.592045), (1.150272, 1.217296, -11.432535), (1.298717, 1.256727, -11.590365)
(1.145086, 1.233392, -11.592045), (1.298717, 1.256727, -11.590365), (1.29319, 1.274755, -11.749945)
(1.298717, 1.256727, -11.590365), (1.304054, 1.23914, -11.43079), (1.45287, 1.279589, -11.588588)
(1.298717, 1.256727, -11.590365), (1.45287, 1.279589, -11.588588), (1.447228, 1.298884, -11.748291)
(0.844108, 1.171935, -11.435708), (0.996966, 1.194926, -11.434174), (0.991955, 1.209492, -11.593623)
(0.844108, 1.171935, -11.435708), (0.848459, 1.16155, -11.276125), (0.996966, 1.194926, -11.434174)
(0.996966, 1.194926, -11.434174), (1.150272, 1.217296, -11.432535), (1.145086, 1.233392, -11.592045)
(0.996966, 1.194926, -11.434174), (1.001552, 1.182501, -11.274586), (1.150272, 1.217296, -11.432535)
(1.150272, 1.217296, -11.432535), (1.304054, 1.23914, -11.43079), (1.298717, 1.256727, -11.590365)
(1.150272, 1.217296, -11.432535), (1.155061, 1.203039, -11.272927), (1.304054, 1.23914, -11.43079)
(1.304054, 1.23914, -11.43079), (1.458344, 1.260558, -11.428946), (1.45287, 1.279589, -11.588588)
(1.304054, 1.23914, -11.43079), (1.309016, 1.223111, -11.271173), (1.458344, 1.260558, -11.428946)
# 1.7025325833133367, 0, -11.719774083353332
(1.441544, 1.317388, -11.908098), (1.596145, 1.342116, -11.906539), (1.590509, 1.360032, -12.066692)
(1.441544, 1.317388, -11.908098), (1.447228, 1.298884, -11.748291), (1.596145, 1.342116, -11.906539)
(1.596145, 1.342116, -11.906539), (1.6019, 1.32248, -11.746542), (1.751502, 1.366256, -11.904908)
(1.596145, 1.342116, -11.906539), (1.751502, 1.366256, -11.904908), (1.745795, 1.385406, -12.065319)
(1.751502, 1.366256, -11.904908), (1.907599, 1.390026, -11.903215), (1.901921, 1.410273, -12.063905)
(1.751502, 1.366256, -11.904908), (1.757264, 1.345553, -11.744709), (1.907599, 1.390026, -11.903215)
(1.907599, 1.390026, -11.903215), (1.913374, 1.368153, -11.742807), (2.064459, 1.413459, -11.901453)
(1.907599, 1.390026, -11.903215), (2.064459, 1.413459, -11.901453), (2.05883, 1.434911, -12.062443)
(1.447228, 1.298884, -11.748291), (1.6019, 1.32248, -11.746542), (1.596145, 1.342116, -11.906539)
(1.447228, 1.298884, -11.748291), (1.45287, 1.279589, -11.588588), (1.6019, 1.32248, -11.746542)
(1.6019, 1.32248, -11.746542), (1.757264, 1.345553, -11.744709), (1.751502, 1.366256, -11.904908)
(1.6019, 1.32248, -11.746542), (1.607625, 1.301974, -11.586706), (1.757264, 1.345553, -11.744709)
(1.757264, 1.345553, -11.744709), (1.913374, 1.368153, -11.742807), (1.907599, 1.390026, -11.903215)
(1.757264, 1.345553, -11.744709), (1.763045, 1.323852, -11.58474), (1.913374, 1.368153, -11.742807)
(1.913374, 1.368153, -11.742807), (2.070155, 1.390492, -11.740813), (2.064459, 1.413459, -11.901453)
(1.913374, 1.368153, -11.742807), (1.919104, 1.345374, -11.582682), (2.070155, 1.390492, -11.740813)
(1.45287, 1.279589, -11.588588), (1.458344, 1.260558, -11.428946), (1.607625, 1.301974, -11.586706)
(1.45287, 1.279589, -11.588588), (1.607625, 1.301974, -11.586706), (1.6019, 1.32248, -11.746542)
(1.607625, 1.301974, -11.586706), (1.613204, 1.281587, -11.426996), (1.763045, 1.323852, -11.58474)
(1.607625, 1.301974, -11.586706), (1.763045, 1.323852, -11.58474), (1.757264, 1.345553, -11.744709)
(1.763045, 1.323852, -11.58474), (1.768644, 1.302201, -11.424955), (1.919104, 1.345374, -11.582682)
(1.763045, 1.323852, -11.58474), (1.919104, 1.345374, -11.582682), (1.913374, 1.368153, -11.742807)
(1.919104, 1.345374, -11.582682), (1.924678, 1.322488, -11.422813), (2.075798, 1.366614, -11.580519)
(1.919104, 1.345374, -11.582682), (2.075798, 1.366614, -11.580519), (2.070155, 1.390492, -11.740813)
(1.458344, 1.260558, -11.428946), (1.613204, 1.281587, -11.426996), (1.607625, 1.301974, -11.586706)
(1.458344, 1.260558, -11.428946), (1.46345, 1.242825, -11.269312), (1.613204, 1.281587, -11.426996)
(1.613204, 1.281587, -11.426996), (1.768644, 1.302201, -11.424955), (1.763045, 1.323852, -11.58474)
(1.613204, 1.281587, -11.426996), (1.618402, 1.262208, -11.267355), (1.768644, 1.302201, -11.424955)
(1.768644, 1.302201, -11.424955), (1.924678, 1.322488, -11.422813), (1.919104, 1.345374, -11.582682)
(1.768644, 1.302201, -11.424955), (1.773896, 1.281378, -11.265289), (1.924678, 1.322488, -11.422813)
(1.924678, 1.322488, -11.422813), (2.081316, 1.342511, -11.42056), (2.075798, 1.366614, -11.580519)
(1.924678, 1.322488, -11.422813), (1.929929, 1.300265, -11.263124), (2.081316, 1.342511, -11.42056)
# 2.37030281664667, 0, -11.719774083353332
(2.064459, 1.413459, -11.901453), (2.222126, 1.436538, -11.899632), (2.216629, 1.459155, -12.060952)
(2.064459, 1.413459, -11.901453), (2.070155, 1.390492, -11.740813), (2.222126, 1.436538, -11.899632)
(2.222126, 1.436538, -11.899632), (2.227686, 1.412475, -11.738737), (2.380623, 1.459239, -11.897765)
(2.222126, 1.436538, -11.899632), (2.380623, 1.459239, -11.897765), (2.375272, 1.483135, -12.059422)
(2.380623, 1.459239, -11.897765), (2.539884, 1.481657, -11.895836), (2.534745, 1.506826, -12.057852)
(2.380623, 1.459239, -11.897765), (2.385977, 1.434093, -11.736586), (2.539884, 1.481657, -11.895836)
(2.539884, 1.481657, -11.895836), (2.545037, 1.455308, -11.734385), (2.699884, 1.503714, -11.893831)
(2.539884, 1.481657, -11.895836), (2.699884, 1.503714, -11.893831), (2.694985, 1.530217, -12.056222)
(2.699884, 1.503714, -11.893831), (2.860573, 1.525306, -11.891764), (2.855947, 1.553137, -12.054553)
(2.699884, 1.503714, -11.893831), (2.704758, 1.476194, -11.732069), (2.860573, 1.525306, -11.891764)
(2.070155, 1.390492, -11.740813), (2.227686, 1.412475, -11.738737), (2.222126, 1.436538, -11.899632)
(2.070155, 1.390492, -11.740813), (2.075798, 1.366614, -11.580519), (2.227686, 1.412475, -11.738737)
(2.227686, 1.412475, -11.738737), (2.385977, 1.434093, -11.736586), (2.380623, 1.459239, -11.897765)
(2.227686, 1.412475, -11.738737), (2.233198, 1.387512, -11.578265), (2.385977, 1.434093, -11.736586)
(2.385977, 1.434093, -11.736586), (2.545037, 1.455308, -11.734385), (2.539884, 1.481657, -11.895836)
(2.385977, 1.434093, -11.736586), (2.391321, 1.408023, -11.575933), (2.545037, 1.455308, -11.734385)
(2.545037, 1.455308, -11.734385), (2.704758, 1.476194, -11.732069), (2.699884, 1.503714, -11.893831)
(2.545037, 1.455308, -11.734385), (2.550121, 1.42821, -11.573513), (2.704758, 1.476194, -11.732069)
(2.075798, 1.366614, -11.580519), (2.081316, 1.342511, -11.42056), (2.233198, 1.387512, -11.578265)
(2.075798, 1.366614, -11.580519), (2.233198, 1.387512, -11.578265), (2.227686, 1.412475, -11.738737)
(2.233198, 1.387512, -11.578265), (2.238607, 1.362244, -11.418214), (2.391321, 1.408023, -11.575933)
(2.233198, 1.387512, -11.578265), (2.391321, 1.408023, -11.575933), (2.385977, 1.434093, -11.736586)
(2.391321, 1.408023, -11.575933), (2.39652, 1.381667, -11.415756), (2.550121, 1.42821, -11.573513)
(2.391321, 1.408023, -11.575933), (2.550121, 1.42821, -11.573513), (2.545037, 1.455308, -11.734385)
(2.550121, 1.42821, -11.573513), (2.555081, 1.400806, -11.413207), (2.709544, 1.448032, -11.57096)
(2.550121, 1.42821, -11.573513), (2.709544, 1.448032, -11.57096), (2.704758, 1.476194, -11.732069)
(2.081316, 1.342511, -11.42056), (2.238607, 1.362244, -11.418214), (2.233198, 1.387512, -11.578265)
(2.081316, 1.342511, -11.42056), (2.086525, 1.318945, -11.260848), (2.238607, 1.362244, -11.418214)
(2.238607, 1.362244, -11.418214), (2.39652, 1.381667, -11.415756), (2.391321, 1.408023, -11.575933)
(2.238607, 1.362244, -11.418214), (2.243704, 1.337383, -11.258465), (2.39652, 1.381667, -11.415756)
(2.39652, 1.381667, -11.415756), (2.555081, 1.400806, -11.413207), (2.550121, 1.42821, -11.573513)
(2.39652, 1.381667, -11.415756), (2.401474, 1.355628, -11.255976), (2.555081, 1.400806, -11.413207)
(2.555081, 1.400806, -11.413207), (2.71421, 1.419583, -11.410508), (2.709544, 1.448032, -11.57096)
(2.555081, 1.400806, -11.413207), (2.559798, 1.373643, -11.253359), (2.71421, 1.419583, -11.410508)
# 3.038073049980004, 0, -11.719774083353332
(3.017515, 1.575461, -12.052816), (3.179575, 1.596939, -12.051009), (3.175371, 1.626411, -12.215238)
(3.017515, 1.575461, -12.052816), (3.021868, 1.546276, -11.889643), (3.179575, 1.596939, -12.051009)
(3.179575, 1.596939, -12.051009), (3.341983, 1.617473, -12.04907), (3.338006, 1.648405, -12.213679)
(3.179575, 1.596939, -12.051009), (3.183649, 1.566475, -11.887445), (3.341983, 1.617473, -12.04907)
(3.341983, 1.617473, -12.04907), (3.504648, 1.636529, -12.047043), (3.500916, 1.668929, -12.211991)
(3.341983, 1.617473, -12.04907), (3.345794, 1.585681, -11.885148), (3.504648, 1.636529, -12.047043)
(2.860573, 1.525306, -11.891764), (2.865142, 1.496578, -11.729677), (3.021868, 1.546276, -11.889643)
(2.860573, 1.525306, -11.891764), (3.021868, 1.546276, -11.889643), (3.017515, 1.575461, -12.052816)
(3.021868, 1.546276, -11.889643), (3.183649, 1.566475, -11.887445), (3.179575, 1.596939, -12.051009)
(3.021868, 1.546276, -11.889643), (3.026112, 1.516342, -11.727205), (3.183649, 1.566475, -11.887445)
(3.183649, 1.566475, -11.887445), (3.187577, 1.5353, -11.724672), (3.345794, 1.585681, -11.885148)
(3.183649, 1.566475, -11.887445), (3.345794, 1.585681, -11.885148), (3.341983, 1.617473, -12.04907)
(3.345794, 1.585681, -11.885148), (3.508196, 1.603518, -11.882764), (3.504648, 1.636529, -12.047043)
(3.345794, 1.585681, -11.885148), (3.349414, 1.553287, -11.722034), (3.508196, 1.603518, -11.882764)
(2.704758, 1.476194, -11.732069), (2.865142, 1.496578, -11.729677), (2.860573, 1.525306, -11.891764)
(2.704758, 1.476194, -11.732069), (2.709544, 1.448032, -11.57096), (2.865142, 1.496578, -11.729677)
(2.865142, 1.496578, -11.729677), (3.026112, 1.516342, -11.727205), (3.021868, 1.546276, -11.889643)
(2.865142, 1.496578, -11.729677), (2.869601, 1.467327, -11.568317), (3.026112, 1.516342, -11.727205)
(3.026112, 1.516342, -11.727205), (3.187577, 1.5353, -11.724672), (3.183649, 1.566475, -11.887445)
(3.026112, 1.516342, -11.727205), (3.030228, 1.485963, -11.565592), (3.187577, 1.5353, -11.724672)
(3.187577, 1.5353, -11.724672), (3.349414, 1.553287, -11.722034), (3.345794, 1.585681, -11.885148)
(3.187577, 1.5353, -11.724672), (3.19133, 1.503811, -11.562767), (3.349414, 1.553287, -11.722034)
(3.349414, 1.553287, -11.722034), (3.511517, 1.569961, -11.719324), (3.508196, 1.603518, -11.882764)
(3.349414, 1.553287, -11.722034), (3.352815, 1.520664, -11.559835), (3.511517, 1.569961, -11.719324)
(2.709544, 1.448032, -11.57096), (2.71421, 1.419583, -11.410508), (2.869601, 1.467327, -11.568317)
(2.709544, 1.448032, -11.57096), (2.869601, 1.467327, -11.568317), (2.865142, 1.496578, -11.729677)
(2.869601, 1.467327, -11.568317), (2.87393, 1.437849, -11.407709), (3.030228, 1.485963, -11.565592)
(2.869601, 1.467327, -11.568317), (3.030228, 1.485963, -11.565592), (3.026112, 1.516342, -11.727205)
(3.030228, 1.485963, -11.565592), (3.034174, 1.455491, -11.404781), (3.19133, 1.503811, -11.562767)
(3.030228, 1.485963, -11.565592), (3.19133, 1.503811, -11.562767), (3.187577, 1.5353, -11.724672)
(3.19133, 1.503811, -11.562767), (3.194885, 1.472325, -11.40174), (3.352815, 1.520664, -11.559835)
(3.19133, 1.503811, -11.562767), (3.352815, 1.520664, -11.559835), (3.349414, 1.553287, -11.722034)
(3.352815, 1.520664, -11.559835), (3.355985, 1.488131, -11.398591), (3.514583, 1.536219, -11.556839)
(3.352815, 1.520664, -11.559835), (3.514583, 1.536219, -11.556839), (3.511517, 1.569961, -11.719324)
(2.71421, 1.419583, -11.410508), (2.87393, 1.437849, -11.407709), (2.869601, 1.467327, -11.568317)
(2.71421, 1.419583, -11.410508), (2.71865, 1.391334, -11.25059), (2.87393, 1.437849, -11.407709)
(2.87393, 1.437849, -11.407709), (3.034174, 1.455491, -11.404781), (3.030228, 1.485963, -11.565592)
(2.87393, 1.437849, -11.407709), (2.878034, 1.408589, -11.247692), (3.034174, 1.455491, -11.404781)
(3.034174, 1.455491, -11.404781), (3.194885, 1.472325, -11.40174), (3.19133, 1.503811, -11.562767)
(3.034174, 1.455491, -11.404781), (3.037918, 1.42525, -11.244677), (3.194885, 1.472325, -11.40174)
(3.194885, 1.472325, -11.40174), (3.355985, 1.488131, -11.398591), (3.352815, 1.520664, -11.559835)
(3.194885, 1.472325, -11.40174), (3.198235, 1.441139, -11.241508), (3.355985, 1.488131, -11.398591)
(3.355985, 1.488131, -11.398591), (3.517376, 1.50262, -11.395376), (3.514583, 1.536219, -11.556839)
(3.355985, 1.488131, -11.398591), (3.358931, 1.456, -11.238218), (3.517376, 1.50262, -11.395376)
# 3.705843283313337, 0, -11.719774083353332
(3.504648, 1.636529, -12.047043), (3.667464, 1.653875, -12.044895), (3.663992, 1.687465, -12.210188)
(3.504648, 1.636529, -12.047043), (3.508196, 1.603518, -11.882764), (3.667464, 1.653875, -12.044895)
(3.667464, 1.653875, -12.044895), (3.83034, 1.669266, -12.042619), (3.827127, 1.703943, -12.208237)
(3.667464, 1.653875, -12.044895), (3.670738, 1.619625, -11.880321), (3.83034, 1.669266, -12.042619)
(3.83034, 1.669266, -12.042619), (3.993193, 1.682452, -12.040219), (3.990254, 1.718241, -12.206118)
(3.83034, 1.669266, -12.042619), (3.833334, 1.633864, -11.877762), (3.993193, 1.682452, -12.040219)
(3.993193, 1.682452, -12.040219), (4.15591, 1.692855, -12.037783), (4.153272, 1.729787, -12.203903)
(3.993193, 1.682452, -12.040219), (3.995903, 1.645922, -11.875105), (4.15591, 1.692855, -12.037783)
(3.508196, 1.603518, -11.882764), (3.511517, 1.569961, -11.719324), (3.670738, 1.619625, -11.880321)
(3.508196, 1.603518, -11.882764), (3.670738, 1.619625, -11.880321), (3.667464, 1.653875, -12.044895)
(3.670738, 1.619625, -11.880321), (3.833334, 1.633864, -11.877762), (3.83034, 1.669266, -12.042619)
(3.670738, 1.619625, -11.880321), (3.673771, 1.584976, -11.716574), (3.833334, 1.633864, -11.877762)
(3.833334, 1.633864, -11.877762), (3.836063, 1.598006, -11.713786), (3.995903, 1.645922, -11.875105)
(3.833334, 1.633864, -11.877762), (3.995903, 1.645922, -11.875105), (3.993193, 1.682452, -12.040219)
(3.995903, 1.645922, -11.875105), (4.158348, 1.655412, -11.8724), (4.15591, 1.692855, -12.037783)
(3.995903, 1.645922, -11.875105), (3.998337, 1.608957, -11.710884), (4.158348, 1.655412, -11.8724)
(3.511517, 1.569961, -11.719324), (3.673771, 1.584976, -11.716574), (3.670738, 1.619625, -11.880321)
(3.511517, 1.569961, -11.719324), (3.514583, 1.536219, -11.556839), (3.673771, 1.584976, -11.716574)
(3.673771, 1.584976, -11.716574), (3.836063, 1.598006, -11.713786), (3.833334, 1.633864, -11.877762)
(3.673771, 1.584976, -11.716574), (3.676513, 1.550122, -11.553823), (3.836063, 1.598006, -11.713786)
(3.836063, 1.598006, -11.713786), (3.998337, 1.608957, -11.710884), (3.995903, 1.645922, -11.875105)
(3.836063, 1.598006, -11.713786), (3.838498, 1.562111, -11.550771), (3.998337, 1.608957, -11.710884)
(3.998337, 1.608957, -11.710884), (4.160491, 1.61743, -11.70795), (4.158348, 1.655412, -11.8724)
(3.998337, 1.608957, -11.710884), (4.000465, 1.571982, -11.547644), (4.160491, 1.61743, -11.70795)
(3.514583, 1.536219, -11.556839), (3.517376, 1.50262, -11.395376), (3.676513, 1.550122, -11.553823)
(3.514583, 1.536219, -11.556839), (3.676513, 1.550122, -11.553823), (3.673771, 1.584976, -11.716574)
(3.676513, 1.550122, -11.553823), (3.678955, 1.515506, -11.392111), (3.838498, 1.562111, -11.550771)
(3.676513, 1.550122, -11.553823), (3.838498, 1.562111, -11.550771), (3.836063, 1.598006, -11.713786)
(3.838498, 1.562111, -11.550771), (3.840613, 1.526501, -11.388811), (4.000465, 1.571982, -11.547644)
(3.838498, 1.562111, -11.550771), (4.000465, 1.571982, -11.547644), (3.998337, 1.608957, -11.710884)
(4.000465, 1.571982, -11.547644), (4.002257, 1.535327, -11.385487), (4.162317, 1.579403, -11.54451)
(4.000465, 1.571982, -11.547644), (4.162317, 1.579403, -11.54451), (4.160491, 1.61743, -11.70795)
(3.517376, 1.50262, -11.395376), (3.678955, 1.515506, -11.392111), (3.676513, 1.550122, -11.553823)
(3.517376, 1.50262, -11.395376), (3.519926, 1.469563, -11.234829), (3.678955, 1.515506, -11.392111)
(3.678955, 1.515506, -11.392111), (3.840613, 1.526501, -11.388811), (3.838498, 1.562111, -11.550771)
(3.678955, 1.515506, -11.392111), (3.681127, 1.48152, -11.231375), (3.840613, 1.526501, -11.388811)
(3.840613, 1.526501, -11.388811), (4.002257, 1.535327, -11.385487), (4.000465, 1.571982, -11.547644)
(3.840613, 1.526501, -11.388811), (3.842439, 1.491598, -11.227863), (4.002257, 1.535327, -11.385487)
# 4.373613516646671, 0, -11.719774083353332
(4.15591, 1.692855, -12.037783), (4.31843, 1.700415, -12.035302), (4.316077, 1.738084, -12.201656)
(4.15591, 1.692855, -12.037783), (4.158348, 1.655412, -11.8724), (4.31843, 1.700415, -12.035302)
(4.31843, 1.700415, -12.035302), (4.480659, 1.704849, -12.032852), (4.478611, 1.743287, -12.19939)
(4.31843, 1.700415, -12.035302), (4.320564, 1.661976, -11.869732), (4.480659, 1.704849, -12.032852)
(4.480659, 1.704849, -12.032852), (4.642594, 1.706521, -12.030382), (4.640862, 1.745738, -12.197071)
(4.480659, 1.704849, -12.032852), (4.48251, 1.66566, -11.867083), (4.642594, 1.706521, -12.030382)
(4.642594, 1.706521, -12.030382), (4.804083, 1.704746, -12.028082), (4.802703, 1.744795, -12.194842)
(4.642594, 1.706521, -12.030382), (4.64414, 1.666479, -11.864464), (4.804083, 1.704746, -12.028082)
(4.158348, 1.655412, -11.8724), (4.160491, 1.61743, -11.70795), (4.320564, 1.661976, -11.869732)
(4.158348, 1.655412, -11.8724), (4.320564, 1.661976, -11.869732), (4.31843, 1.700415, -12.035302)
(4.320564, 1.661976, -11.869732), (4.48251, 1.66566, -11.867083), (4.480659, 1.704849, -12.032852)
(4.320564, 1.661976, -11.869732), (4.322439, 1.623147, -11.70504), (4.48251, 1.66566, -11.867083)
(4.48251, 1.66566, -11.867083), (4.484077, 1.625861, -11.702246), (4.64414, 1.666479, -11.864464)
(4.48251, 1.66566, -11.867083), (4.64414, 1.666479, -11.864464), (4.642594, 1.706521, -12.030382)
(4.64414, 1.666479, -11.864464), (4.805351, 1.664146, -11.862), (4.804083, 1.704746, -12.028082)
(4.64414, 1.666479, -11.864464), (4.645423, 1.62583, -11.699469), (4.805351, 1.664146, -11.862)
(4.160491, 1.61743, -11.70795), (4.322439, 1.623147, -11.70504), (4.320564, 1.661976, -11.869732)
(4.160491, 1.61743, -11.70795), (4.162317, 1.579403, -11.54451), (4.322439, 1.623147, -11.70504)
(4.322439, 1.623147, -11.70504), (4.484077, 1.625861, -11.702246), (4.48251, 1.66566, -11.867083)
(4.322439, 1.623147, -11.70504), (4.323952, 1.584052, -11.541452), (4.484077, 1.625861, -11.702246)
(4.484077, 1.625861, -11.702246), (4.645423, 1.62583, -11.699469), (4.64414, 1.666479, -11.864464)
(4.484077, 1.625861, -11.702246), (4.485325, 1.585927, -11.538453), (4.645423, 1.62583, -11.699469)
(4.645423, 1.62583, -11.699469), (4.806358, 1.62278, -11.696857), (4.805351, 1.664146, -11.862)
(4.645423, 1.62583, -11.699469), (4.646399, 1.585033, -11.535509), (4.806358, 1.62278, -11.696857)
(4.162317, 1.579403, -11.54451), (4.163776, 1.541646, -11.382219), (4.323952, 1.584052, -11.541452)
(4.162317, 1.579403, -11.54451), (4.323952, 1.584052, -11.541452), (4.322439, 1.623147, -11.70504)
(4.323952, 1.584052, -11.541452), (4.325117, 1.545345, -11.378985), (4.485325, 1.585927, -11.538453)
(4.323952, 1.584052, -11.541452), (4.485325, 1.585927, -11.538453), (4.484077, 1.625861, -11.702246)
(4.485325, 1.585927, -11.538453), (4.486214, 1.546315, -11.375813), (4.646399, 1.585033, -11.535509)
(4.485325, 1.585927, -11.538453), (4.646399, 1.585033, -11.535509), (4.645423, 1.62583, -11.699469)
(4.646399, 1.585033, -11.535509), (4.647006, 1.544501, -11.372743), (4.807062, 1.581178, -11.532768)
(4.646399, 1.585033, -11.535509), (4.807062, 1.581178, -11.532768), (4.806358, 1.62278, -11.696857)
# 5.041383749980003, 0, -11.719774083353332
(4.804083, 1.704746, -12.028082), (4.965092, 1.699747, -12.025968), (4.96403, 1.740134, -12.192822)
(4.804083, 1.704746, -12.028082), (4.805351, 1.664146, -11.862), (4.965092, 1.699747, -12.025968)
(4.965092, 1.699747, -12.025968), (5.125584, 1.691749, -12.024088), (5.124838, 1.732333, -12.191011)
(4.965092, 1.699747, -12.025968), (4.966042, 1.658536, -11.859817), (5.125584, 1.691749, -12.024088)
(5.125584, 1.691749, -12.024088), (5.285525, 1.680984, -12.022494), (5.285122, 1.7218, -12.189423)
(5.125584, 1.691749, -12.024088), (5.126219, 1.650115, -11.85789), (5.285525, 1.680984, -12.022494)
(5.285525, 1.680984, -12.022494), (5.444798, 1.667256, -12.021379), (5.444769, 1.708244, -12.188226)
(5.285525, 1.680984, -12.022494), (5.285845, 1.639025, -11.856276), (5.444798, 1.667256, -12.021379)
(4.805351, 1.664146, -11.862), (4.806358, 1.62278, -11.696857), (4.966042, 1.658536, -11.859817)
(4.805351, 1.664146, -11.862), (4.966042, 1.658536, -11.859817), (4.965092, 1.699747, -12.025968)
(4.966042, 1.658536, -11.859817), (5.126219, 1.650115, -11.85789), (5.125584, 1.691749, -12.024088)
(4.966042, 1.658536, -11.859817), (4.966797, 1.616679, -11.694521), (5.126219, 1.650115, -11.85789)
(5.126219, 1.650115, -11.85789), (5.12665, 1.60762, -11.692595), (5.285845, 1.639025, -11.856276)
(5.126219, 1.650115, -11.85789), (5.285845, 1.639025, -11.856276), (5.285525, 1.680984, -12.022494)
(5.285845, 1.639025, -11.856276), (5.444837, 1.625342, -11.855122), (5.444798, 1.667256, -12.021379)
(5.285845, 1.639025, -11.856276), (5.285993, 1.596171, -11.690937), (5.444837, 1.625342, -11.855122)
(4.806358, 1.62278, -11.696857), (4.966797, 1.616679, -11.694521), (4.966042, 1.658536, -11.859817)
(4.806358, 1.62278, -11.696857), (4.807062, 1.581178, -11.532768), (4.966797, 1.616679, -11.694521)
(4.966797, 1.616679, -11.694521), (5.12665, 1.60762, -11.692595), (5.126219, 1.650115, -11.85789)
(4.966797, 1.616679, -11.694521), (4.967206, 1.574304, -11.530375), (5.12665, 1.60762, -11.692595)
(5.12665, 1.60762, -11.692595), (5.285993, 1.596171, -11.690937), (5.285845, 1.639025, -11.856276)
(5.12665, 1.60762, -11.692595), (5.126811, 1.564771, -11.528345), (5.285993, 1.596171, -11.690937)
(5.285993, 1.596171, -11.690937), (5.444714, 1.582378, -11.689751), (5.444837, 1.625342, -11.855122)
(5.285993, 1.596171, -11.690937), (5.285905, 1.552938, -11.526617), (5.444714, 1.582378, -11.689751)
(4.807062, 1.581178, -11.532768), (4.807373, 1.539757, -11.369936), (4.967206, 1.574304, -11.530375)
(4.807062, 1.581178, -11.532768), (4.967206, 1.574304, -11.530375), (4.966797, 1.616679, -11.694521)
(4.967206, 1.574304, -11.530375), (4.967289, 1.532266, -11.367396), (5.126811, 1.564771, -11.528345)
(4.967206, 1.574304, -11.530375), (5.126811, 1.564771, -11.528345), (5.12665, 1.60762, -11.692595)
(5.126811, 1.564771, -11.528345), (5.126634, 1.522167, -11.36531), (5.285905, 1.552938, -11.526617)
(5.126811, 1.564771, -11.528345), (5.285905, 1.552938, -11.526617), (5.285993, 1.596171, -11.690937)
(5.285905, 1.552938, -11.526617), (5.285484, 1.509912, -11.363531), (5.444368, 1.538955, -11.525407)
(5.285905, 1.552938, -11.526617), (5.444368, 1.538955, -11.525407), (5.444714, 1.582378, -11.689751)
# 5.709153983313337, 0, -11.719774083353332
(5.444798, 1.667256, -12.021379), (5.603422, 1.651142, -12.02075), (5.603712, 1.691698, -12.187562)
(5.444798, 1.667256, -12.021379), (5.444837, 1.625342, -11.855122), (5.603422, 1.651142, -12.02075)
(5.918718, 1.61361, -12.021159), (6.075406, 1.592999, -12.022325), (6.07676, 1.631438, -12.188597)
(5.918718, 1.61361, -12.021159), (5.91779, 1.572952, -11.855191), (6.075406, 1.592999, -12.022325)
(5.603422, 1.651142, -12.02075), (5.761362, 1.632974, -12.020718), (5.761998, 1.673002, -12.187414)
(5.603422, 1.651142, -12.02075), (5.603127, 1.609328, -11.854576), (5.761362, 1.632974, -12.020718)
(5.761362, 1.632974, -12.020718), (5.918718, 1.61361, -12.021159), (5.919702, 1.652959, -12.187696)
(5.761362, 1.632974, -12.020718), (5.760763, 1.59169, -11.854607), (5.918718, 1.61361, -12.021159)
(5.91779, 1.572952, -11.855191), (6.074176, 1.553401, -11.856476), (6.075406, 1.592999, -12.022325)
(5.91779, 1.572952, -11.855191), (5.916811, 1.531202, -11.689992), (6.074176, 1.553401, -11.856476)
(5.444837, 1.625342, -11.855122), (5.444714, 1.582378, -11.689751), (5.603127, 1.609328, -11.854576)
(5.444837, 1.625342, -11.855122), (5.603127, 1.609328, -11.854576), (5.603422, 1.651142, -12.02075)
(5.760763, 1.59169, -11.854607), (5.760074, 1.549285, -11.689315), (5.91779, 1.572952, -11.855191)
(5.760763, 1.59169, -11.854607), (5.91779, 1.572952, -11.855191), (5.918718, 1.61361, -12.021159)
(5.603127, 1.609328, -11.854576), (5.760763, 1.59169, -11.854607), (5.761362, 1.632974, -12.020718)
(5.603127, 1.609328, -11.854576), (5.602757, 1.566579, -11.689158), (5.760763, 1.59169, -11.854607)
(5.916811, 1.531202, -11.689992), (6.072906, 1.512674, -11.691401), (6.074176, 1.553401, -11.856476)
(5.916811, 1.531202, -11.689992), (5.915701, 1.488912, -11.525725), (6.072906, 1.512674, -11.691401)
(5.444714, 1.582378, -11.689751), (5.602757, 1.566579, -11.689158), (5.603127, 1.609328, -11.854576)
(5.444714, 1.582378, -11.689751), (5.444368, 1.538955, -11.525407), (5.602757, 1.566579, -11.689158)
(5.760074, 1.549285, -11.689315), (5.916811, 1.531202, -11.689992), (5.91779, 1.572952, -11.855191)
(5.760074, 1.549285, -11.689315), (5.759216, 1.506333, -11.525003), (5.916811, 1.531202, -11.689992)
(5.602757, 1.566579, -11.689158), (5.760074, 1.549285, -11.689315), (5.760763, 1.59169, -11.854607)
(5.602757, 1.566579, -11.689158), (5.602122, 1.523188, -11.524886), (5.760074, 1.549285, -11.689315)
(5.915701, 1.488912, -11.525725), (5.914336, 1.446912, -11.362656), (6.071513, 1.471427, -11.527262)
(5.915701, 1.488912, -11.525725), (6.071513, 1.471427, -11.527262), (6.072906, 1.512674, -11.691401)
(5.444368, 1.538955, -11.525407), (5.443674, 1.495719, -11.362356), (5.602122, 1.523188, -11.524886)
(5.444368, 1.538955, -11.525407), (5.602122, 1.523188, -11.524886), (5.602757, 1.566579, -11.689158)
(5.759216, 1.506333, -11.525003), (5.758102, 1.463644, -11.361868), (5.915701, 1.488912, -11.525725)
(5.759216, 1.506333, -11.525003), (5.915701, 1.488912, -11.525725), (5.916811, 1.531202, -11.689992)
(5.602122, 1.523188, -11.524886), (5.601216, 1.480107, -11.361784), (5.759216, 1.506333, -11.525003)
(5.602122, 1.523188, -11.524886), (5.759216, 1.506333, -11.525003), (5.760074, 1.549285, -11.689315)
# 6.376924216646669, 0, -11.719774083353332
(6.696829, 1.508545, -12.033678), (6.85119, 1.488718, -12.038168), (6.854197, 1.516766, -12.202802)
(6.696829, 1.508545, -12.033678), (6.694253, 1.476621, -11.869012), (6.85119, 1.488718, -12.038168)
(6.542153, 1.529206, -12.029806), (6.696829, 1.508545, -12.033678), (6.69952, 1.539344, -12.198695)
(6.542153, 1.529206, -12.029806), (6.539901, 1.494832, -11.864833), (6.696829, 1.508545, -12.033678)
(6.387055, 1.550349, -12.02668), (6.542153, 1.529206, -12.029806), (6.544502, 1.56233, -12.195261)
(6.387055, 1.550349, -12.02668), (6.385142, 1.513894, -11.861374), (6.542153, 1.529206, -12.029806)
(6.231498, 1.571745, -12.024174), (6.387055, 1.550349, -12.02668), (6.389067, 1.585477, -12.192474)
(6.231498, 1.571745, -12.024174), (6.229923, 1.533508, -11.858579), (6.387055, 1.550349, -12.02668)
(6.075406, 1.592999, -12.022325), (6.231498, 1.571745, -12.024174), (6.23318, 1.608676, -12.190226)
(6.075406, 1.592999, -12.022325), (6.074176, 1.553401, -11.856476), (6.231498, 1.571745, -12.024174)
(6.694253, 1.476621, -11.869012), (6.69168, 1.443893, -11.705004), (6.848264, 1.45962, -11.873952)
(6.694253, 1.476621, -11.869012), (6.848264, 1.45962, -11.873952), (6.85119, 1.488718, -12.038168)
(6.539901, 1.494832, -11.864833), (6.694253, 1.476621, -11.869012), (6.696829, 1.508545, -12.033678)
(6.539901, 1.494832, -11.864833), (6.537661, 1.459533, -11.700506), (6.694253, 1.476621, -11.869012)
(6.385142, 1.513894, -11.861374), (6.383228, 1.476422, -11.696764), (6.539901, 1.494832, -11.864833)
(6.385142, 1.513894, -11.861374), (6.539901, 1.494832, -11.864833), (6.542153, 1.529206, -12.029806)
(6.229923, 1.533508, -11.858579), (6.385142, 1.513894, -11.861374), (6.387055, 1.550349, -12.02668)
(6.229923, 1.533508, -11.858579), (6.22837, 1.494206, -11.693625), (6.385142, 1.513894, -11.861374)
(6.074176, 1.553401, -11.856476), (6.072906, 1.512674, -11.691401), (6.229923, 1.533508, -11.858579)
(6.074176, 1.553401, -11.856476), (6.229923, 1.533508, -11.858579), (6.231498, 1.571745, -12.024174)
(6.69168, 1.443893, -11.705004), (6.845359, 1.429788, -11.710258), (6.848264, 1.45962, -11.873952)
(6.69168, 1.443893, -11.705004), (6.689034, 1.410986, -11.541791), (6.845359, 1.429788, -11.710258)
(6.537661, 1.459533, -11.700506), (6.69168, 1.443893, -11.705004), (6.694253, 1.476621, -11.869012)
(6.537661, 1.459533, -11.700506), (6.535355, 1.423898, -11.536982), (6.69168, 1.443893, -11.705004)
(6.383228, 1.476422, -11.696764), (6.537661, 1.459533, -11.700506), (6.539901, 1.494832, -11.864833)
(6.383228, 1.476422, -11.696764), (6.38123, 1.43854, -11.533011), (6.537661, 1.459533, -11.700506)
(6.22837, 1.494206, -11.693625), (6.383228, 1.476422, -11.696764), (6.385142, 1.513894, -11.861374)
(6.22837, 1.494206, -11.693625), (6.22665, 1.454463, -11.529737), (6.383228, 1.476422, -11.696764)
(6.072906, 1.512674, -11.691401), (6.22837, 1.494206, -11.693625), (6.229923, 1.533508, -11.858579)
(6.072906, 1.512674, -11.691401), (6.071513, 1.471427, -11.527262), (6.22837, 1.494206, -11.693625)
(6.689034, 1.410986, -11.541791), (6.686197, 1.379018, -11.379681), (6.842342, 1.400124, -11.547476)
(6.689034, 1.410986, -11.541791), (6.842342, 1.400124, -11.547476), (6.845359, 1.429788, -11.710258)
(6.535355, 1.423898, -11.536982), (6.532868, 1.388932, -11.374525), (6.689034, 1.410986, -11.541791)
(6.535355, 1.423898, -11.536982), (6.689034, 1.410986, -11.541791), (6.69168, 1.443893, -11.705004)
(6.38123, 1.43854, -11.533011), (6.379058, 1.401172, -11.370324), (6.535355, 1.423898, -11.536982)
(6.38123, 1.43854, -11.533011), (6.535355, 1.423898, -11.536982), (6.537661, 1.459533, -11.700506)
(6.22665, 1.454463, -11.529737), (6.224742, 1.415188, -11.366932), (6.38123, 1.43854, -11.533011)
(6.22665, 1.454463, -11.529737), (6.38123, 1.43854, -11.533011), (6.383228, 1.476422, -11.696764)
(6.071513, 1.471427, -11.527262), (6.069856, 1.430595, -11.36437), (6.22665, 1.454463, -11.529737)
(6.071513, 1.471427, -11.527262), (6.22665, 1.454463, -11.529737), (6.22837, 1.494206, -11.693625)
# 7.044694449980003, 0, -11.719774083353332
(7.1593, 1.452372, -12.048714), (7.313221, 1.43604, -12.054632), (7.317139, 1.454541, -12.217751)
(7.1593, 1.452372, -12.048714), (7.155707, 1.429742, -11.885419), (7.313221, 1.43604, -12.054632)
(7.005312, 1.469966, -12.043258), (7.1593, 1.452372, -12.048714), (7.162928, 1.474277, -12.212393)
(7.005312, 1.469966, -12.043258), (7.002051, 1.444007, -11.879469), (7.1593, 1.452372, -12.048714)
(6.85119, 1.488718, -12.038168), (7.005312, 1.469966, -12.043258), (7.008638, 1.495026, -12.207433)
(6.85119, 1.488718, -12.038168), (6.848264, 1.45962, -11.873952), (7.005312, 1.469966, -12.043258)
(7.309304, 1.416898, -11.891809), (7.305329, 1.397645, -11.729526), (7.462911, 1.405573, -11.898602)
(7.309304, 1.416898, -11.891809), (7.462911, 1.405573, -11.898602), (7.467151, 1.420941, -12.060863)
(7.155707, 1.429742, -11.885419), (7.309304, 1.416898, -11.891809), (7.313221, 1.43604, -12.054632)
(7.155707, 1.429742, -11.885419), (7.152083, 1.406783, -11.722668), (7.309304, 1.416898, -11.891809)
(7.002051, 1.444007, -11.879469), (6.998776, 1.417557, -11.716269), (7.155707, 1.429742, -11.885419)
(7.002051, 1.444007, -11.879469), (7.155707, 1.429742, -11.885419), (7.1593, 1.452372, -12.048714)
(6.848264, 1.45962, -11.873952), (7.002051, 1.444007, -11.879469), (7.005312, 1.469966, -12.043258)
(6.848264, 1.45962, -11.873952), (6.845359, 1.429788, -11.710258), (7.002051, 1.444007, -11.879469)
(7.305329, 1.397645, -11.729526), (7.458587, 1.390145, -11.736789), (7.462911, 1.405573, -11.898602)
(7.305329, 1.397645, -11.729526), (7.301233, 1.37886, -11.567889), (7.458587, 1.390145, -11.736789)
(7.152083, 1.406783, -11.722668), (7.305329, 1.397645, -11.729526), (7.309304, 1.416898, -11.891809)
(7.152083, 1.406783, -11.722668), (7.148362, 1.384076, -11.560579), (7.305329, 1.397645, -11.729526)
(6.998776, 1.417557, -11.716269), (7.152083, 1.406783, -11.722668), (7.155707, 1.429742, -11.885419)
(6.998776, 1.417557, -11.716269), (6.995416, 1.39123, -11.553794), (7.152083, 1.406783, -11.722668)
(6.845359, 1.429788, -11.710258), (6.998776, 1.417557, -11.716269), (7.002051, 1.444007, -11.879469)
(6.845359, 1.429788, -11.710258), (6.842342, 1.400124, -11.547476), (6.998776, 1.417557, -11.716269)
(7.301233, 1.37886, -11.567889), (7.296937, 1.361689, -11.407137), (7.454107, 1.375619, -11.575686)
(7.301233, 1.37886, -11.567889), (7.454107, 1.375619, -11.575686), (7.458587, 1.390145, -11.736789)
(7.148362, 1.384076, -11.560579), (7.144463, 1.362665, -11.399376), (7.301233, 1.37886, -11.567889)
(7.148362, 1.384076, -11.560579), (7.301233, 1.37886, -11.567889), (7.305329, 1.397645, -11.729526)
(6.995416, 1.39123, -11.553794), (6.991897, 1.365949, -11.39221), (7.148362, 1.384076, -11.560579)
(6.995416, 1.39123, -11.553794), (7.148362, 1.384076, -11.560579), (7.152083, 1.406783, -11.722668)
(6.842342, 1.400124, -11.547476), (6.839172, 1.371365, -11.385612), (6.995416, 1.39123, -11.553794)
(6.842342, 1.400124, -11.547476), (6.995416, 1.39123, -11.553794), (6.998776, 1.417557, -11.716269)
(7.296937, 1.361689, -11.407137), (7.449425, 1.362515, -11.415281), (7.454107, 1.375619, -11.575686)
(7.296937, 1.361689, -11.407137), (7.292463, 1.345678, -11.246935), (7.449425, 1.362515, -11.415281)
(7.144463, 1.362665, -11.399376), (7.296937, 1.361689, -11.407137), (7.301233, 1.37886, -11.567889)
(7.144463, 1.362665, -11.399376), (7.14039, 1.342597, -11.238857), (7.296937, 1.361689, -11.407137)
(6.991897, 1.365949, -11.39221), (7.144463, 1.362665, -11.399376), (7.148362, 1.384076, -11.560579)
(6.991897, 1.365949, -11.39221), (6.988229, 1.341795, -11.231327), (7.144463, 1.362665, -11.399376)
# 7.712464683313336, 0, -11.719774083353332
(7.924388, 1.378513, -11.919882), (7.919047, 1.375518, -11.75974), (8.078561, 1.371415, -11.927037)
(7.924388, 1.378513, -11.919882), (8.078561, 1.371415, -11.927037), (8.083986, 1.371039, -12.087022)
(7.770404, 1.386548, -11.912722), (7.924388, 1.378513, -11.919882), (7.929531, 1.382163, -12.080456)
(7.770404, 1.386548, -11.912722), (7.765391, 1.379461, -11.752047), (7.924388, 1.378513, -11.919882)
(7.616592, 1.395544, -11.905611), (7.611916, 1.384363, -11.7444), (7.770404, 1.386548, -11.912722)
(7.616592, 1.395544, -11.905611), (7.770404, 1.386548, -11.912722), (7.775257, 1.39408, -12.073845)
(7.462911, 1.405573, -11.898602), (7.616592, 1.395544, -11.905611), (7.621147, 1.407006, -12.067303)
(7.462911, 1.405573, -11.898602), (7.458587, 1.390145, -11.736789), (7.616592, 1.395544, -11.905611)
(7.919047, 1.375518, -11.75974), (8.072905, 1.372433, -11.76742), (8.078561, 1.371415, -11.927037)
(7.919047, 1.375518, -11.75974), (7.91346, 1.373683, -11.600084), (8.072905, 1.372433, -11.76742)
(7.765391, 1.379461, -11.752047), (7.919047, 1.375518, -11.75974), (7.924388, 1.378513, -11.919882)
(7.765391, 1.379461, -11.752047), (7.760168, 1.373344, -11.59189), (7.919047, 1.375518, -11.75974)
(7.611916, 1.384363, -11.7444), (7.765391, 1.379461, -11.752047), (7.770404, 1.386548, -11.912722)
(7.611916, 1.384363, -11.7444), (7.60706, 1.374037, -11.583763), (7.765391, 1.379461, -11.752047)
(7.458587, 1.390145, -11.736789), (7.611916, 1.384363, -11.7444), (7.616592, 1.395544, -11.905611)
(7.458587, 1.390145, -11.736789), (7.454107, 1.375619, -11.575686), (7.611916, 1.384363, -11.7444)
(7.91346, 1.373683, -11.600084), (7.907575, 1.373943, -11.441026), (8.066956, 1.375008, -11.608286)
(7.91346, 1.373683, -11.600084), (8.066956, 1.375008, -11.608286), (8.072905, 1.372433, -11.76742)
(7.760168, 1.373344, -11.59189), (7.754684, 1.369081, -11.432372), (7.91346, 1.373683, -11.600084)
(7.760168, 1.373344, -11.59189), (7.91346, 1.373683, -11.600084), (7.919047, 1.375518, -11.75974)
(7.60706, 1.374037, -11.583763), (7.601974, 1.36539, -11.423808), (7.760168, 1.373344, -11.59189)
(7.60706, 1.374037, -11.583763), (7.760168, 1.373344, -11.59189), (7.765391, 1.379461, -11.752047)
(7.454107, 1.375619, -11.575686), (7.449425, 1.362515, -11.415281), (7.60706, 1.374037, -11.583763)
(7.454107, 1.375619, -11.575686), (7.60706, 1.374037, -11.583763), (7.611916, 1.384363, -11.7444)
(7.907575, 1.373943, -11.441026), (8.060684, 1.379519, -11.449634), (8.066956, 1.375008, -11.608286)
(7.907575, 1.373943, -11.441026), (7.901407, 1.375647, -11.282383), (8.060684, 1.379519, -11.449634)
(7.754684, 1.369081, -11.432372), (7.907575, 1.373943, -11.441026), (7.91346, 1.373683, -11.600084)
(7.754684, 1.369081, -11.432372), (7.748933, 1.366516, -11.273364), (7.907575, 1.373943, -11.441026)
(7.601974, 1.36539, -11.423808), (7.754684, 1.369081, -11.432372), (7.760168, 1.373344, -11.59189)
(7.601974, 1.36539, -11.423808), (7.596647, 1.358344, -11.264406), (7.754684, 1.369081, -11.432372)
(7.449425, 1.362515, -11.415281), (7.601974, 1.36539, -11.423808), (7.60706, 1.374037, -11.583763)
(7.449425, 1.362515, -11.415281), (7.444516, 1.351129, -11.255527), (7.601974, 1.36539, -11.423808)
# 8.380234916646671, 0, -11.719774083353332
(8.697204, 1.347753, -11.953985), (8.85227, 1.342614, -11.96018), (8.858909, 1.322678, -12.117251)
(8.697204, 1.347753, -11.953985), (8.69042, 1.364888, -11.796556), (8.85227, 1.342614, -11.96018)
(8.542287, 1.353088, -11.947565), (8.535748, 1.366355, -11.789589), (8.697204, 1.347753, -11.953985)
(8.542287, 1.353088, -11.947565), (8.697204, 1.347753, -11.953985), (8.703622, 1.331726, -12.11165)
(8.387515, 1.35884, -11.94092), (8.542287, 1.353088, -11.947565), (8.548467, 1.341, -12.105816)
(8.387515, 1.35884, -11.94092), (8.381253, 1.368125, -11.782406), (8.542287, 1.353088, -11.947565)
(8.232933, 1.364948, -11.93407), (8.226965, 1.370201, -11.775017), (8.387515, 1.35884, -11.94092)
(8.232933, 1.364948, -11.93407), (8.387515, 1.35884, -11.94092), (8.393465, 1.350577, -12.099751)
(8.078561, 1.371415, -11.927037), (8.232933, 1.364948, -11.93407), (8.238628, 1.360629, -12.093482)
(8.078561, 1.371415, -11.927037), (8.072905, 1.372433, -11.76742), (8.232933, 1.364948, -11.93407)
(8.69042, 1.364888, -11.796556), (8.845215, 1.363877, -11.803302), (8.85227, 1.342614, -11.96018)
(8.69042, 1.364888, -11.796556), (8.683173, 1.383983, -11.639371), (8.845215, 1.363877, -11.803302)
(8.535748, 1.366355, -11.789589), (8.69042, 1.364888, -11.796556), (8.697204, 1.347753, -11.953985)
(8.535748, 1.366355, -11.789589), (8.528817, 1.381223, -11.631909), (8.69042, 1.364888, -11.796556)
(8.381253, 1.368125, -11.782406), (8.535748, 1.366355, -11.789589), (8.542287, 1.353088, -11.947565)
(8.381253, 1.368125, -11.782406), (8.374638, 1.378869, -11.624232), (8.535748, 1.366355, -11.789589)
(8.226965, 1.370201, -11.775017), (8.381253, 1.368125, -11.782406), (8.387515, 1.35884, -11.94092)
(8.226965, 1.370201, -11.775017), (8.220677, 1.376855, -11.616355), (8.381253, 1.368125, -11.782406)
(8.072905, 1.372433, -11.76742), (8.226965, 1.370201, -11.775017), (8.232933, 1.364948, -11.93407)
(8.072905, 1.372433, -11.76742), (8.066956, 1.375008, -11.608286), (8.226965, 1.370201, -11.775017)
(8.683173, 1.383983, -11.639371), (8.675476, 1.405294, -11.482429), (8.837709, 1.386862, -11.646614)
(8.683173, 1.383983, -11.639371), (8.837709, 1.386862, -11.646614), (8.845215, 1.363877, -11.803302)
(8.528817, 1.381223, -11.631909), (8.52144, 1.398504, -11.474544), (8.683173, 1.383983, -11.639371)
(8.528817, 1.381223, -11.631909), (8.683173, 1.383983, -11.639371), (8.69042, 1.364888, -11.796556)
(8.374638, 1.378869, -11.624232), (8.367625, 1.391817, -11.466431), (8.528817, 1.381223, -11.631909)
(8.374638, 1.378869, -11.624232), (8.528817, 1.381223, -11.631909), (8.535748, 1.366355, -11.789589)
(8.220677, 1.376855, -11.616355), (8.21403, 1.385545, -11.458122), (8.374638, 1.378869, -11.624232)
(8.220677, 1.376855, -11.616355), (8.374638, 1.378869, -11.624232), (8.381253, 1.368125, -11.782406)
(8.066956, 1.375008, -11.608286), (8.060684, 1.379519, -11.449634), (8.220677, 1.376855, -11.616355)
(8.066956, 1.375008, -11.608286), (8.220677, 1.376855, -11.616355), (8.226965, 1.370201, -11.775017)
(8.675476, 1.405294, -11.482429), (8.829724, 1.41212, -11.490106), (8.837709, 1.386862, -11.646614)
(8.675476, 1.405294, -11.482429), (8.667401, 1.428492, -11.325724), (8.829724, 1.41212, -11.490106)
(8.52144, 1.398504, -11.474544), (8.675476, 1.405294, -11.482429), (8.683173, 1.383983, -11.639371)
(8.52144, 1.398504, -11.474544), (8.513712, 1.41749, -11.317461), (8.675476, 1.405294, -11.482429)
(8.367625, 1.391817, -11.466431), (8.52144, 1.398504, -11.474544), (8.528817, 1.381223, -11.631909)
(8.367625, 1.391817, -11.466431), (8.360254, 1.406765, -11.308975), (8.52144, 1.398504, -11.474544)
(8.21403, 1.385545, -11.458122), (8.367625, 1.391817, -11.466431), (8.374638, 1.378869, -11.624232)
(8.21403, 1.385545, -11.458122), (8.207047, 1.396149, -11.300278), (8.367625, 1.391817, -11.466431)
(8.060684, 1.379519, -11.449634), (8.21403, 1.385545, -11.458122), (8.220677, 1.376855, -11.616355)
(8.060684, 1.379519, -11.449634), (8.054101, 1.385753, -11.291405), (8.21403, 1.385545, -11.458122)
# 9.048005149980003, 0, -11.719774083353332
(9.317953, 1.328992, -11.977706), (9.473194, 1.32573, -11.983387), (9.480515, 1.290296, -12.13791)
(9.317953, 1.328992, -11.977706), (9.310329, 1.361846, -11.822572), (9.473194, 1.32573, -11.983387)
(9.162717, 1.332952, -11.97199), (9.155237, 1.362024, -11.816254), (9.317953, 1.328992, -11.977706)
(9.162717, 1.332952, -11.97199), (9.317953, 1.328992, -11.977706), (9.325146, 1.297435, -12.132906)
(9.007462, 1.337612, -11.966169), (9.162717, 1.332952, -11.97199), (9.169721, 1.305382, -12.127836)
(9.007462, 1.337612, -11.966169), (9.000179, 1.362793, -11.809854), (9.162717, 1.332952, -11.97199)
(8.85227, 1.342614, -11.96018), (8.845215, 1.363877, -11.803302), (9.007462, 1.337612, -11.966169)
(8.85227, 1.342614, -11.96018), (9.007462, 1.337612, -11.966169), (9.014306, 1.313801, -12.122637)
(9.310329, 1.361846, -11.822572), (9.465388, 1.362752, -11.828898), (9.473194, 1.32573, -11.983387)
(9.310329, 1.361846, -11.822572), (9.302135, 1.396956, -11.667476), (9.465388, 1.362752, -11.828898)
(9.155237, 1.362024, -11.816254), (9.310329, 1.361846, -11.822572), (9.317953, 1.328992, -11.977706)
(9.155237, 1.362024, -11.816254), (9.147264, 1.392936, -11.6606), (9.310329, 1.361846, -11.822572)
(9.000179, 1.362793, -11.809854), (9.155237, 1.362024, -11.816254), (9.162717, 1.332952, -11.97199)
(9.000179, 1.362793, -11.809854), (8.992432, 1.389699, -11.653672), (9.155237, 1.362024, -11.816254)
(8.845215, 1.363877, -11.803302), (9.000179, 1.362793, -11.809854), (9.007462, 1.337612, -11.966169)
(8.845215, 1.363877, -11.803302), (8.837709, 1.386862, -11.646614), (9.000179, 1.362793, -11.809854)
(9.302135, 1.396956, -11.667476), (9.293435, 1.43439, -11.512381), (9.457082, 1.401662, -11.674395)
(9.302135, 1.396956, -11.667476), (9.457082, 1.401662, -11.674395), (9.465388, 1.362752, -11.828898)
(9.147264, 1.392936, -11.6606), (9.138738, 1.426465, -11.505008), (9.302135, 1.396956, -11.667476)
(9.147264, 1.392936, -11.6606), (9.302135, 1.396956, -11.667476), (9.310329, 1.361846, -11.822572)
(8.992432, 1.389699, -11.653672), (8.984169, 1.419021, -11.497612), (9.147264, 1.392936, -11.6606)
(8.992432, 1.389699, -11.653672), (9.147264, 1.392936, -11.6606), (9.155237, 1.362024, -11.816254)
(8.837709, 1.386862, -11.646614), (8.829724, 1.41212, -11.490106), (8.992432, 1.389699, -11.653672)
(8.837709, 1.386862, -11.646614), (8.992432, 1.389699, -11.653672), (9.000179, 1.362793, -11.809854)
(9.293435, 1.43439, -11.512381), (9.448261, 1.442942, -11.519831), (9.457082, 1.401662, -11.674395)
(9.293435, 1.43439, -11.512381), (9.284349, 1.473505, -11.357233), (9.448261, 1.442942, -11.519831)
(9.138738, 1.426465, -11.505008), (9.293435, 1.43439, -11.512381), (9.302135, 1.396956, -11.667476)
(9.138738, 1.426465, -11.505008), (9.129848, 1.46155, -11.349444), (9.293435, 1.43439, -11.512381)
(8.984169, 1.419021, -11.497612), (9.138738, 1.426465, -11.505008), (9.147264, 1.392936, -11.6606)
(8.984169, 1.419021, -11.497612), (8.975502, 1.450329, -11.341658), (9.138738, 1.426465, -11.505008)
(8.829724, 1.41212, -11.490106), (8.984169, 1.419021, -11.497612), (8.992432, 1.389699, -11.653672)
(8.829724, 1.41212, -11.490106), (8.821342, 1.439371, -11.333773), (8.984169, 1.419021, -11.497612)
# 9.71577538331334, 0, -11.719774083353332
(9.938775, 1.322651, -12.001039), (10.093898, 1.325137, -12.007376), (10.101564, 1.273652, -12.15872)
(9.938775, 1.322651, -12.001039), (9.930765, 1.371378, -11.848772), (10.093898, 1.325137, -12.007376)
(9.783658, 1.321966, -11.994961), (9.775661, 1.366916, -11.8419), (9.938775, 1.322651, -12.001039)
(9.783658, 1.321966, -11.994961), (9.938775, 1.322651, -12.001039), (9.946417, 1.275133, -12.153255)
(9.628451, 1.323202, -11.989106), (9.783658, 1.321966, -11.994961), (9.791194, 1.278688, -12.148006)
(9.628451, 1.323202, -11.989106), (9.62053, 1.364198, -11.835308), (9.783658, 1.321966, -11.994961)
(9.473194, 1.32573, -11.983387), (9.465388, 1.362752, -11.828898), (9.628451, 1.323202, -11.989106)
(9.473194, 1.32573, -11.983387), (9.628451, 1.323202, -11.989106), (9.63591, 1.283762, -12.142911)
(9.930765, 1.371378, -11.848772), (10.085849, 1.3782, -11.856009), (10.093898, 1.325137, -12.007376)
(9.930765, 1.371378, -11.848772), (9.922257, 1.422687, -11.696413), (10.085849, 1.3782, -11.856009)
(9.775661, 1.366916, -11.8419), (9.930765, 1.371378, -11.848772), (9.938775, 1.322651, -12.001039)
(9.775661, 1.366916, -11.8419), (9.767197, 1.413814, -11.688744), (9.930765, 1.371378, -11.848772)
(9.62053, 1.364198, -11.835308), (9.775661, 1.366916, -11.8419), (9.783658, 1.321966, -11.994961)
(9.62053, 1.364198, -11.835308), (9.612127, 1.407027, -11.681444), (9.775661, 1.366916, -11.8419)
(9.465388, 1.362752, -11.828898), (9.62053, 1.364198, -11.835308), (9.628451, 1.323202, -11.989106)
(9.465388, 1.362752, -11.828898), (9.457082, 1.401662, -11.674395), (9.62053, 1.364198, -11.835308)
(9.922257, 1.422687, -11.696413), (9.913351, 1.475827, -11.543793), (10.077375, 1.433842, -11.704529)
(9.922257, 1.422687, -11.696413), (10.077375, 1.433842, -11.704529), (10.085849, 1.3782, -11.856009)
(9.767197, 1.413814, -11.688744), (9.758225, 1.46332, -11.535417), (9.922257, 1.422687, -11.696413)
(9.767197, 1.413814, -11.688744), (9.922257, 1.422687, -11.696413), (9.930765, 1.371378, -11.848772)
(9.612127, 1.407027, -11.681444), (9.603209, 1.452344, -11.527464), (9.767197, 1.413814, -11.688744)
(9.612127, 1.407027, -11.681444), (9.767197, 1.413814, -11.688744), (9.775661, 1.366916, -11.8419)
(9.457082, 1.401662, -11.674395), (9.448261, 1.442942, -11.519831), (9.612127, 1.407027, -11.681444)
(9.457082, 1.401662, -11.674395), (9.612127, 1.407027, -11.681444), (9.62053, 1.364198, -11.835308)
(9.913351, 1.475827, -11.543793), (10.06858, 1.490741, -11.552717), (10.077375, 1.433842, -11.704529)
(9.913351, 1.475827, -11.543793), (9.904062, 1.53096, -11.390811), (10.06858, 1.490741, -11.552717)
(9.758225, 1.46332, -11.535417), (9.913351, 1.475827, -11.543793), (9.922257, 1.422687, -11.696413)
(9.758225, 1.46332, -11.535417), (9.748906, 1.51417, -11.381778), (9.913351, 1.475827, -11.543793)
(9.603209, 1.452344, -11.527464), (9.758225, 1.46332, -11.535417), (9.767197, 1.413814, -11.688744)
(9.603209, 1.452344, -11.527464), (9.593899, 1.49941, -11.373271), (9.758225, 1.46332, -11.535417)
(9.448261, 1.442942, -11.519831), (9.603209, 1.452344, -11.527464), (9.612127, 1.407027, -11.681444)
(9.448261, 1.442942, -11.519831), (9.439041, 1.48599, -11.365133), (9.603209, 1.452344, -11.527464)
(9.904062, 1.53096, -11.390811), (9.894421, 1.587437, -11.237346), (10.05942, 1.549987, -11.400482)
(9.904062, 1.53096, -11.390811), (10.05942, 1.549987, -11.400482), (10.06858, 1.490741, -11.552717)
