# -19.66611488335333, 0, 9.648873383313337
(-19.94272, -0.51261, 9.43391), (-19.786346, -0.501488, 9.434946), (-19.786053, -0.466311, 9.282807)
(-19.94272, -0.51261, 9.43391), (-19.942438, -0.549125, 9.586902), (-19.786346, -0.501488, 9.434946)
(-19.786346, -0.501488, 9.434946), (-19.631748, -0.47408, 9.43956), (-19.631485, -0.437656, 9.28737)
(-19.786346, -0.501488, 9.434946), (-19.786095, -0.539766, 9.587919), (-19.631748, -0.47408, 9.43956)
(-19.631748, -0.47408, 9.43956), (-19.478815, -0.430582, 9.447461), (-19.478729, -0.393186, 9.295177)
(-19.631748, -0.47408, 9.43956), (-19.631424, -0.513808, 9.592541), (-19.478815, -0.430582, 9.447461)
(-19.478815, -0.430582, 9.447461), (-19.327372, -0.372536, 9.458172), (-19.327591, -0.334368, 9.305791)
(-19.478815, -0.430582, 9.447461), (-19.47831, -0.471374, 9.600452), (-19.327372, -0.372536, 9.458172)
(-19.942438, -0.549125, 9.586902), (-19.941483, -0.587804, 9.74098), (-19.786095, -0.539766, 9.587919)
(-19.942438, -0.549125, 9.586902), (-19.786095, -0.539766, 9.587919), (-19.786346, -0.501488, 9.434946)
(-19.786095, -0.539766, 9.587919), (-19.78516, -0.580004, 9.741959), (-19.631424, -0.513808, 9.592541)
(-19.786095, -0.539766, 9.587919), (-19.631424, -0.513808, 9.592541), (-19.631748, -0.47408, 9.43956)
(-19.631424, -0.513808, 9.592541), (-19.630392, -0.555655, 9.74649), (-19.47831, -0.471374, 9.600452)
(-19.631424, -0.513808, 9.592541), (-19.47831, -0.471374, 9.600452), (-19.478815, -0.430582, 9.447461)
(-19.47831, -0.471374, 9.600452), (-19.477064, -0.514666, 9.754265), (-19.32658, -0.413935, 9.611188)
(-19.47831, -0.471374, 9.600452), (-19.32658, -0.413935, 9.611188), (-19.327372, -0.372536, 9.458172)
(-19.941483, -0.587804, 9.74098), (-19.78516, -0.580004, 9.741959), (-19.786095, -0.539766, 9.587919)
(-19.941483, -0.587804, 9.74098), (-19.940056, -0.626905, 9.896223), (-19.78516, -0.580004, 9.741959)
(-19.78516, -0.580004, 9.741959), (-19.630392, -0.555655, 9.74649), (-19.631424, -0.513808, 9.592541)
(-19.78516, -0.580004, 9.741959), (-19.783682, -0.621061, 9.897113), (-19.630392, -0.555655, 9.74649)
(-19.630392, -0.555655, 9.74649), (-19.477064, -0.514666, 9.754265), (-19.47831, -0.471374, 9.600452)
(-19.630392, -0.555655, 9.74649), (-19.628788, -0.598468, 9.901472), (-19.477064, -0.514666, 9.754265)
(-19.477064, -0.514666, 9.754265), (-19.32501, -0.45873, 9.764801), (-19.32658, -0.413935, 9.611188)
(-19.477064, -0.514666, 9.754265), (-19.475279, -0.559088, 9.908985), (-19.32501, -0.45873, 9.764801)
(-19.940056, -0.626905, 9.896223), (-19.783682, -0.621061, 9.897113), (-19.78516, -0.580004, 9.741959)
(-19.940056, -0.626905, 9.896223), (-19.938391, -0.66448, 10.05253), (-19.783682, -0.621061, 9.897113)
(-19.783682, -0.621061, 9.897113), (-19.781939, -0.660556, 10.053344), (-19.628788, -0.598468, 9.901472)
(-19.783682, -0.621061, 9.897113), (-19.628788, -0.598468, 9.901472), (-19.630392, -0.555655, 9.74649)
(-19.628788, -0.598468, 9.901472), (-19.475279, -0.559088, 9.908985), (-19.477064, -0.514666, 9.754265)
(-19.628788, -0.598468, 9.901472), (-19.626886, -0.639732, 10.057499), (-19.475279, -0.559088, 9.908985)
(-19.475279, -0.559088, 9.908985), (-19.473152, -0.602116, 10.064683), (-19.322983, -0.504412, 9.919199)
(-19.475279, -0.559088, 9.908985), (-19.322983, -0.504412, 9.919199), (-19.32501, -0.45873, 9.764801)
# -18.99834465002, 0, 9.648873383313337
(-19.177736, -0.26435, 9.318565), (-19.17713, -0.303083, 9.471012), (-19.028728, -0.18722, 9.33267)
(-19.177736, -0.26435, 9.318565), (-19.028728, -0.18722, 9.33267), (-19.029446, -0.150077, 9.180716)
(-19.028728, -0.18722, 9.33267), (-18.880079, -0.107582, 9.347112), (-18.881327, -0.070491, 9.194697)
(-19.028728, -0.18722, 9.33267), (-19.027678, -0.226563, 9.485138), (-18.880079, -0.107582, 9.347112)
(-18.880079, -0.107582, 9.347112), (-18.878515, -0.147506, 9.499635), (-18.731144, -0.031146, 9.360682)
(-18.880079, -0.107582, 9.347112), (-18.731144, -0.031146, 9.360682), (-18.732836, 0.005495, 9.207805)
(-18.731144, -0.031146, 9.360682), (-18.581312, 0.036995, 9.372203), (-18.583443, 0.073516, 9.219006)
(-18.731144, -0.031146, 9.360682), (-18.729067, -0.07127, 9.513352), (-18.581312, 0.036995, 9.372203)
(-19.327372, -0.372536, 9.458172), (-19.17713, -0.303083, 9.471012), (-19.177736, -0.26435, 9.318565)
(-19.327372, -0.372536, 9.458172), (-19.32658, -0.413935, 9.611188), (-19.17713, -0.303083, 9.471012)
(-19.17713, -0.303083, 9.471012), (-19.027678, -0.226563, 9.485138), (-19.028728, -0.18722, 9.33267)
(-19.17713, -0.303083, 9.471012), (-19.175959, -0.344922, 9.62406), (-19.027678, -0.226563, 9.485138)
(-19.027678, -0.226563, 9.485138), (-18.878515, -0.147506, 9.499635), (-18.880079, -0.107582, 9.347112)
(-19.027678, -0.226563, 9.485138), (-19.026037, -0.268897, 9.638164), (-18.878515, -0.147506, 9.499635)
(-18.878515, -0.147506, 9.499635), (-18.729067, -0.07127, 9.513352), (-18.731144, -0.031146, 9.360682)
(-18.878515, -0.147506, 9.499635), (-18.876348, -0.190832, 9.652471), (-18.729067, -0.07127, 9.513352)
(-18.729067, -0.07127, 9.513352), (-18.578798, -0.003247, 9.524986), (-18.581312, 0.036995, 9.372203)
(-18.729067, -0.07127, 9.513352), (-18.726486, -0.115142, 9.665985), (-18.578798, -0.003247, 9.524986)
(-19.32658, -0.413935, 9.611188), (-19.32501, -0.45873, 9.764801), (-19.175959, -0.344922, 9.62406)
(-19.32658, -0.413935, 9.611188), (-19.175959, -0.344922, 9.62406), (-19.17713, -0.303083, 9.471012)
(-19.175959, -0.344922, 9.62406), (-19.174006, -0.390774, 9.777472), (-19.026037, -0.268897, 9.638164)
(-19.175959, -0.344922, 9.62406), (-19.026037, -0.268897, 9.638164), (-19.027678, -0.226563, 9.485138)
(-19.026037, -0.268897, 9.638164), (-19.023712, -0.315167, 9.791416), (-18.876348, -0.190832, 9.652471)
(-19.026037, -0.268897, 9.638164), (-18.876348, -0.190832, 9.652471), (-18.878515, -0.147506, 9.499635)
(-18.876348, -0.190832, 9.652471), (-18.87372, -0.236903, 9.805596), (-18.726486, -0.115142, 9.665985)
(-18.876348, -0.190832, 9.652471), (-18.726486, -0.115142, 9.665985), (-18.729067, -0.07127, 9.513352)
(-18.726486, -0.115142, 9.665985), (-18.723541, -0.1613, 9.818811), (-18.575962, -0.046568, 9.677544)
(-18.726486, -0.115142, 9.665985), (-18.575962, -0.046568, 9.677544), (-18.578798, -0.003247, 9.524986)
(-19.32501, -0.45873, 9.764801), (-19.174006, -0.390774, 9.777472), (-19.175959, -0.344922, 9.62406)
(-19.32501, -0.45873, 9.764801), (-19.322983, -0.504412, 9.919199), (-19.174006, -0.390774, 9.777472)
(-19.174006, -0.390774, 9.777472), (-19.023712, -0.315167, 9.791416), (-19.026037, -0.268897, 9.638164)
(-19.174006, -0.390774, 9.777472), (-19.171682, -0.437396, 9.931506), (-19.023712, -0.315167, 9.791416)
(-19.023712, -0.315167, 9.791416), (-18.87372, -0.236903, 9.805596), (-18.876348, -0.190832, 9.652471)
(-19.023712, -0.315167, 9.791416), (-19.021051, -0.362687, 9.945046), (-18.87372, -0.236903, 9.805596)
(-18.87372, -0.236903, 9.805596), (-18.723541, -0.1613, 9.818811), (-18.726486, -0.115142, 9.665985)
(-18.87372, -0.236903, 9.805596), (-18.870703, -0.285052, 9.958824), (-18.723541, -0.1613, 9.818811)
(-18.723541, -0.1613, 9.818811), (-18.572754, -0.092759, 9.829997), (-18.575962, -0.046568, 9.677544)
(-18.723541, -0.1613, 9.818811), (-18.720234, -0.209297, 9.971727), (-18.572754, -0.092759, 9.829997)
(-19.322983, -0.504412, 9.919199), (-19.320566, -0.548986, 10.074445), (-19.171682, -0.437396, 9.931506)
(-19.322983, -0.504412, 9.919199), (-19.171682, -0.437396, 9.931506), (-19.174006, -0.390774, 9.777472)
(-19.171682, -0.437396, 9.931506), (-19.168924, -0.483609, 10.086188), (-19.021051, -0.362687, 9.945046)
(-19.171682, -0.437396, 9.931506), (-19.021051, -0.362687, 9.945046), (-19.023712, -0.315167, 9.791416)
(-19.021051, -0.362687, 9.945046), (-18.870703, -0.285052, 9.958824), (-18.87372, -0.236903, 9.805596)
(-19.021051, -0.362687, 9.945046), (-19.017927, -0.410503, 10.099102), (-18.870703, -0.285052, 9.958824)
(-18.870703, -0.285052, 9.958824), (-18.867317, -0.333771, 10.112334), (-18.720234, -0.209297, 9.971727)
(-18.870703, -0.285052, 9.958824), (-18.720234, -0.209297, 9.971727), (-18.723541, -0.1613, 9.818811)
(-18.720234, -0.209297, 9.971727), (-18.569357, -0.139584, 9.982697), (-18.572754, -0.092759, 9.829997)
(-18.720234, -0.209297, 9.971727), (-18.71674, -0.25762, 10.124872), (-18.569357, -0.139584, 9.982697)
# -18.330574416686666, 0, 9.648873383313337
(-18.581312, 0.036995, 9.372203), (-18.578798, -0.003247, 9.524986), (-18.430248, 0.093805, 9.380884)
(-18.581312, 0.036995, 9.372203), (-18.430248, 0.093805, 9.380884), (-18.432745, 0.130433, 9.227585)
(-18.430248, 0.093805, 9.380884), (-18.278061, 0.139005, 9.386582), (-18.280712, 0.174632, 9.233111)
(-18.430248, 0.093805, 9.380884), (-18.427469, 0.054026, 9.533724), (-18.278061, 0.139005, 9.386582)
(-18.278061, 0.139005, 9.386582), (-18.275167, 0.100192, 9.539472), (-18.12534, 0.175392, 9.390036)
(-18.278061, 0.139005, 9.386582), (-18.12534, 0.175392, 9.390036), (-18.128048, 0.210041, 9.236442)
(-18.12534, 0.175392, 9.390036), (-17.972675, 0.207185, 9.392246), (-17.97538, 0.240433, 9.238317)
(-18.12534, 0.175392, 9.390036), (-18.122438, 0.138389, 9.543133), (-17.972675, 0.207185, 9.392246)
(-18.578798, -0.003247, 9.524986), (-18.427469, 0.054026, 9.533724), (-18.430248, 0.093805, 9.380884)
(-18.578798, -0.003247, 9.524986), (-18.575962, -0.046568, 9.677544), (-18.427469, 0.054026, 9.533724)
(-18.427469, 0.054026, 9.533724), (-18.275167, 0.100192, 9.539472), (-18.278061, 0.139005, 9.386582)
(-18.427469, 0.054026, 9.533724), (-18.424473, 0.011693, 9.686256), (-18.275167, 0.100192, 9.539472)
(-18.275167, 0.100192, 9.539472), (-18.122438, 0.138389, 9.543133), (-18.12534, 0.175392, 9.390036)
(-18.275167, 0.100192, 9.539472), (-18.272121, 0.059149, 9.691979), (-18.122438, 0.138389, 9.543133)
(-18.122438, 0.138389, 9.543133), (-17.969807, 0.171856, 9.545591), (-17.972675, 0.207185, 9.392246)
(-18.122438, 0.138389, 9.543133), (-18.119431, 0.099087, 9.695726), (-17.969807, 0.171856, 9.545591)
(-18.575962, -0.046568, 9.677544), (-18.572754, -0.092759, 9.829997), (-18.424473, 0.011693, 9.686256)
(-18.575962, -0.046568, 9.677544), (-18.424473, 0.011693, 9.686256), (-18.427469, 0.054026, 9.533724)
(-18.424473, 0.011693, 9.686256), (-18.421215, -0.033203, 9.838549), (-18.272121, 0.059149, 9.691979)
(-18.424473, 0.011693, 9.686256), (-18.272121, 0.059149, 9.691979), (-18.275167, 0.100192, 9.539472)
(-18.272121, 0.059149, 9.691979), (-18.268927, 0.016066, 9.844196), (-18.119431, 0.099087, 9.695726)
(-18.272121, 0.059149, 9.691979), (-18.119431, 0.099087, 9.695726), (-18.122438, 0.138389, 9.543133)
(-18.119431, 0.099087, 9.695726), (-18.116375, 0.058774, 9.848127), (-17.966864, 0.135034, 9.698497)
(-18.119431, 0.099087, 9.695726), (-17.966864, 0.135034, 9.698497), (-17.969807, 0.171856, 9.545591)
(-18.572754, -0.092759, 9.829997), (-18.421215, -0.033203, 9.838549), (-18.424473, 0.011693, 9.686256)
(-18.572754, -0.092759, 9.829997), (-18.569357, -0.139584, 9.982697), (-18.421215, -0.033203, 9.838549)
(-18.421215, -0.033203, 9.838549), (-18.268927, 0.016066, 9.844196), (-18.272121, 0.059149, 9.691979)
(-18.421215, -0.033203, 9.838549), (-18.41781, -0.078635, 9.990993), (-18.268927, 0.016066, 9.844196)
(-18.268927, 0.016066, 9.844196), (-18.116375, 0.058774, 9.848127), (-18.119431, 0.099087, 9.695726)
(-18.268927, 0.016066, 9.844196), (-18.265646, -0.02688, 9.996617), (-18.116375, 0.058774, 9.848127)
(-18.116375, 0.058774, 9.848127), (-17.963915, 0.09758, 9.85117), (-17.966864, 0.135034, 9.698497)
(-18.116375, 0.058774, 9.848127), (-18.113256, 0.018666, 10.000629), (-17.963915, 0.09758, 9.85117)
(-18.569357, -0.139584, 9.982697), (-18.565821, -0.186526, 10.135583), (-18.41781, -0.078635, 9.990993)
(-18.569357, -0.139584, 9.982697), (-18.41781, -0.078635, 9.990993), (-18.421215, -0.033203, 9.838549)
# -17.662804183353337, 0, 9.648873383313337
(-17.972675, 0.207185, 9.392246), (-17.969807, 0.171856, 9.545591), (-17.820265, 0.23665, 9.393738)
(-17.972675, 0.207185, 9.392246), (-17.820265, 0.23665, 9.393738), (-17.822947, 0.268688, 9.239479)
(-17.820265, 0.23665, 9.393738), (-17.668043, 0.264868, 9.394888), (-17.670649, 0.295387, 9.240282)
(-17.820265, 0.23665, 9.393738), (-17.817436, 0.203103, 9.547432), (-17.668043, 0.264868, 9.394888)
(-17.668043, 0.264868, 9.394888), (-17.665281, 0.233141, 9.548944), (-17.515795, 0.29251, 9.396059)
(-17.668043, 0.264868, 9.394888), (-17.515795, 0.29251, 9.396059), (-17.51829, 0.321359, 9.241175)
(-17.515795, 0.29251, 9.396059), (-17.363337, 0.319945, 9.397492), (-17.365711, 0.347009, 9.242373)
(-17.515795, 0.29251, 9.396059), (-17.513144, 0.26269, 9.550447), (-17.363337, 0.319945, 9.397492)
(-17.363337, 0.319945, 9.397492), (-17.36079, 0.291981, 9.552145), (-17.210546, 0.347063, 9.399244)
(-17.363337, 0.319945, 9.397492), (-17.210546, 0.347063, 9.399244), (-17.212807, 0.372424, 9.243942)
(-17.969807, 0.171856, 9.545591), (-17.817436, 0.203103, 9.547432), (-17.820265, 0.23665, 9.393738)
(-17.969807, 0.171856, 9.545591), (-17.966864, 0.135034, 9.698497), (-17.817436, 0.203103, 9.547432)
(-17.817436, 0.203103, 9.547432), (-17.665281, 0.233141, 9.548944), (-17.668043, 0.264868, 9.394888)
(-17.817436, 0.203103, 9.547432), (-17.814548, 0.168615, 9.700693), (-17.665281, 0.233141, 9.548944)
(-17.665281, 0.233141, 9.548944), (-17.513144, 0.26269, 9.550447), (-17.515795, 0.29251, 9.396059)
(-17.665281, 0.233141, 9.548944), (-17.662453, 0.200854, 9.702574), (-17.513144, 0.26269, 9.550447)
(-17.513144, 0.26269, 9.550447), (-17.36079, 0.291981, 9.552145), (-17.363337, 0.319945, 9.397492)
(-17.513144, 0.26269, 9.550447), (-17.510391, 0.232494, 9.704412), (-17.36079, 0.291981, 9.552145)
(-17.36079, 0.291981, 9.552145), (-17.208111, 0.320891, 9.554114), (-17.210546, 0.347063, 9.399244)
(-17.36079, 0.291981, 9.552145), (-17.358135, 0.263766, 9.706403), (-17.208111, 0.320891, 9.554114)
(-17.966864, 0.135034, 9.698497), (-17.963915, 0.09758, 9.85117), (-17.814548, 0.168615, 9.700693)
(-17.966864, 0.135034, 9.698497), (-17.814548, 0.168615, 9.700693), (-17.817436, 0.203103, 9.547432)
(-17.814548, 0.168615, 9.700693), (-17.811674, 0.13393, 9.853694), (-17.662453, 0.200854, 9.702574)
(-17.814548, 0.168615, 9.700693), (-17.662453, 0.200854, 9.702574), (-17.665281, 0.233141, 9.548944)
(-17.662453, 0.200854, 9.702574), (-17.659636, 0.168753, 9.855926), (-17.510391, 0.232494, 9.704412)
(-17.662453, 0.200854, 9.702574), (-17.510391, 0.232494, 9.704412), (-17.513144, 0.26269, 9.550447)
(-17.510391, 0.232494, 9.704412), (-17.50762, 0.202704, 9.858103), (-17.358135, 0.263766, 9.706403)
(-17.510391, 0.232494, 9.704412), (-17.358135, 0.263766, 9.706403), (-17.36079, 0.291981, 9.552145)
(-17.358135, 0.263766, 9.706403), (-17.355433, 0.235994, 9.860373), (-17.205559, 0.294497, 9.708606)
(-17.358135, 0.263766, 9.706403), (-17.205559, 0.294497, 9.708606), (-17.208111, 0.320891, 9.554114)
(-17.963915, 0.09758, 9.85117), (-17.811674, 0.13393, 9.853694), (-17.814548, 0.168615, 9.700693)
(-17.963915, 0.09758, 9.85117), (-17.960966, 0.060557, 10.00387), (-17.811674, 0.13393, 9.853694)
(-17.811674, 0.13393, 9.853694), (-17.659636, 0.168753, 9.855926), (-17.662453, 0.200854, 9.702574)
(-17.811674, 0.13393, 9.853694), (-17.808844, 0.099998, 10.006671), (-17.659636, 0.168753, 9.855926)
(-17.659636, 0.168753, 9.855926), (-17.50762, 0.202704, 9.858103), (-17.510391, 0.232494, 9.704412)
(-17.659636, 0.168753, 9.855926), (-17.656874, 0.13763, 10.009207), (-17.50762, 0.202704, 9.858103)
(-17.50762, 0.202704, 9.858103), (-17.355433, 0.235994, 9.860373), (-17.358135, 0.263766, 9.706403)
(-17.50762, 0.202704, 9.858103), (-17.504917, 0.173992, 10.011662), (-17.355433, 0.235994, 9.860373)
(-17.355433, 0.235994, 9.860373), (-17.202927, 0.268503, 9.862797), (-17.205559, 0.294497, 9.708606)
(-17.355433, 0.235994, 9.860373), (-17.352779, 0.209355, 10.014176), (-17.202927, 0.268503, 9.862797)
# -16.99503395002, 0, 9.648873383313337
(-17.210546, 0.347063, 9.399244), (-17.057333, 0.373592, 9.401292), (-17.059467, 0.397273, 9.245843)
(-17.210546, 0.347063, 9.399244), (-17.208111, 0.320891, 9.554114), (-17.057333, 0.373592, 9.401292)
(-17.057333, 0.373592, 9.401292), (-17.055008, 0.349116, 9.556333), (-16.90366, 0.399234, 9.403566)
(-17.057333, 0.373592, 9.401292), (-16.90366, 0.399234, 9.403566), (-16.905718, 0.421469, 9.248019)
(-16.90366, 0.399234, 9.403566), (-16.749598, 0.423949, 9.406021), (-16.751577, 0.444803, 9.250389)
(-16.90366, 0.399234, 9.403566), (-16.901457, 0.376373, 9.558747), (-16.749598, 0.423949, 9.406021)
(-16.749598, 0.423949, 9.406021), (-16.747452, 0.402405, 9.56129), (-16.595217, 0.447705, 9.408615)
(-16.749598, 0.423949, 9.406021), (-16.595217, 0.447705, 9.408615), (-16.597149, 0.467438, 9.252928)
(-17.208111, 0.320891, 9.554114), (-17.055008, 0.349116, 9.556333), (-17.057333, 0.373592, 9.401292)
(-17.208111, 0.320891, 9.554114), (-17.205559, 0.294497, 9.708606), (-17.055008, 0.349116, 9.556333)
(-17.055008, 0.349116, 9.556333), (-16.901457, 0.376373, 9.558747), (-16.90366, 0.399234, 9.403566)
(-17.055008, 0.349116, 9.556333), (-17.052553, 0.3244, 9.711007), (-16.901457, 0.376373, 9.558747)
(-16.901457, 0.376373, 9.558747), (-16.747452, 0.402405, 9.56129), (-16.749598, 0.423949, 9.406021)
(-16.901457, 0.376373, 9.558747), (-16.899071, 0.353133, 9.713554), (-16.747452, 0.402405, 9.56129)
(-16.747452, 0.402405, 9.56129), (-16.593128, 0.427346, 9.563958), (-16.595217, 0.447705, 9.408615)
(-16.747452, 0.402405, 9.56129), (-16.745165, 0.380566, 9.716209), (-16.593128, 0.427346, 9.563958)
(-17.205559, 0.294497, 9.708606), (-17.202927, 0.268503, 9.862797), (-17.052553, 0.3244, 9.711007)
(-17.205559, 0.294497, 9.708606), (-17.052553, 0.3244, 9.711007), (-17.055008, 0.349116, 9.556333)
(-17.052553, 0.3244, 9.711007), (-17.049971, 0.299965, 9.865361), (-16.899071, 0.353133, 9.713554)
(-17.052553, 0.3244, 9.711007), (-16.899071, 0.353133, 9.713554), (-16.901457, 0.376373, 9.558747)
(-16.899071, 0.353133, 9.713554), (-16.89658, 0.330123, 9.868039), (-16.745165, 0.380566, 9.716209)
(-16.899071, 0.353133, 9.713554), (-16.745165, 0.380566, 9.716209), (-16.747452, 0.402405, 9.56129)
(-16.745165, 0.380566, 9.716209), (-16.742758, 0.358824, 9.870795), (-16.590906, 0.406682, 9.718957)
(-16.745165, 0.380566, 9.716209), (-16.590906, 0.406682, 9.718957), (-16.593128, 0.427346, 9.563958)
(-17.202927, 0.268503, 9.862797), (-17.049971, 0.299965, 9.865361), (-17.052553, 0.3244, 9.711007)
(-17.202927, 0.268503, 9.862797), (-17.200319, 0.243592, 10.016788), (-17.049971, 0.299965, 9.865361)
(-17.049971, 0.299965, 9.865361), (-16.89658, 0.330123, 9.868039), (-16.899071, 0.353133, 9.713554)
(-17.049971, 0.299965, 9.865361), (-17.047449, 0.276541, 10.019503), (-16.89658, 0.330123, 9.868039)
(-16.89658, 0.330123, 9.868039), (-16.742758, 0.358824, 9.870795), (-16.745165, 0.380566, 9.716209)
(-16.89658, 0.330123, 9.868039), (-16.894119, 0.308004, 10.022293), (-16.742758, 0.358824, 9.870795)
(-16.742758, 0.358824, 9.870795), (-16.588552, 0.385992, 9.873609), (-16.590906, 0.406682, 9.718957)
(-16.742758, 0.358824, 9.870795), (-16.740326, 0.337784, 10.025119), (-16.588552, 0.385992, 9.873609)
# -16.32726371668667, 0, 9.648873383313337
(-16.595217, 0.447705, 9.408615), (-16.440514, 0.470289, 9.411295), (-16.442392, 0.488945, 9.255548)
(-16.595217, 0.447705, 9.408615), (-16.593128, 0.427346, 9.563958), (-16.440514, 0.470289, 9.411295)
(-16.440514, 0.470289, 9.411295), (-16.438471, 0.450971, 9.566693), (-16.2855, 0.491513, 9.414004)
(-16.440514, 0.470289, 9.411295), (-16.2855, 0.491513, 9.414004), (-16.287363, 0.509353, 9.258225)
(-16.2855, 0.491513, 9.414004), (-16.130245, 0.511515, 9.416746), (-16.132095, 0.528638, 9.260941)
(-16.2855, 0.491513, 9.414004), (-16.283508, 0.473168, 9.56946), (-16.130245, 0.511515, 9.416746)
(-16.130245, 0.511515, 9.416746), (-16.128246, 0.493781, 9.572207), (-15.974773, 0.530244, 9.419509)
(-16.130245, 0.511515, 9.416746), (-15.974773, 0.530244, 9.419509), (-15.976619, 0.546762, 9.263679)
(-16.593128, 0.427346, 9.563958), (-16.438471, 0.450971, 9.566693), (-16.440514, 0.470289, 9.411295)
(-16.593128, 0.427346, 9.563958), (-16.590906, 0.406682, 9.718957), (-16.438471, 0.450971, 9.566693)
(-16.438471, 0.450971, 9.566693), (-16.283508, 0.473168, 9.56946), (-16.2855, 0.491513, 9.414004)
(-16.438471, 0.450971, 9.566693), (-16.436291, 0.43129, 9.721744), (-16.283508, 0.473168, 9.56946)
(-16.283508, 0.473168, 9.56946), (-16.128246, 0.493781, 9.572207), (-16.130245, 0.511515, 9.416746)
(-16.283508, 0.473168, 9.56946), (-16.28134, 0.454254, 9.72453), (-16.128246, 0.493781, 9.572207)
(-16.128246, 0.493781, 9.572207), (-15.97279, 0.513152, 9.574997), (-15.974773, 0.530244, 9.419509)
(-16.128246, 0.493781, 9.572207), (-16.126116, 0.475653, 9.727315), (-15.97279, 0.513152, 9.574997)
(-16.590906, 0.406682, 9.718957), (-16.588552, 0.385992, 9.873609), (-16.436291, 0.43129, 9.721744)
(-16.590906, 0.406682, 9.718957), (-16.436291, 0.43129, 9.721744), (-16.438471, 0.450971, 9.566693)
(-16.436291, 0.43129, 9.721744), (-16.433962, 0.411442, 9.876425), (-16.28134, 0.454254, 9.72453)
(-16.436291, 0.43129, 9.721744), (-16.28134, 0.454254, 9.72453), (-16.283508, 0.473168, 9.56946)
(-16.28134, 0.454254, 9.72453), (-16.279068, 0.435269, 9.879257), (-16.126116, 0.475653, 9.727315)
(-16.28134, 0.454254, 9.72453), (-16.126116, 0.475653, 9.727315), (-16.128246, 0.493781, 9.572207)
(-16.126116, 0.475653, 9.727315), (-16.123871, 0.457342, 9.882061), (-15.970687, 0.495675, 9.730131)
(-16.126116, 0.475653, 9.727315), (-15.970687, 0.495675, 9.730131), (-15.97279, 0.513152, 9.574997)
(-16.588552, 0.385992, 9.873609), (-16.433962, 0.411442, 9.876425), (-16.436291, 0.43129, 9.721744)
(-16.588552, 0.385992, 9.873609), (-16.586163, 0.365883, 10.027981), (-16.433962, 0.411442, 9.876425)
(-16.433962, 0.411442, 9.876425), (-16.279068, 0.435269, 9.879257), (-16.28134, 0.454254, 9.72453)
(-16.433962, 0.411442, 9.876425), (-16.431641, 0.392235, 10.030856), (-16.279068, 0.435269, 9.879257)
(-16.279068, 0.435269, 9.879257), (-16.123871, 0.457342, 9.882061), (-16.126116, 0.475653, 9.727315)
(-16.279068, 0.435269, 9.879257), (-16.276787, 0.416803, 10.033723), (-16.123871, 0.457342, 9.882061)
(-16.123871, 0.457342, 9.882061), (-15.968464, 0.477919, 9.884886), (-15.970687, 0.495675, 9.730131)
(-16.123871, 0.457342, 9.882061), (-16.12162, 0.439504, 10.036546), (-15.968464, 0.477919, 9.884886)
# -15.659493483353337, 0, 9.648873383313337
(-15.327862, 1.086649, 9.331263), (-15.304928, 1.096188, 9.323493), (-15.360231, 1.088175, 9.23651)
(-15.327862, 1.086649, 9.331263), (-15.360231, 1.088175, 9.23651), (-15.505535, 1.088175, 9.286081)
(-15.504484, 0.331292, 9.380496), (-15.556194, 1.096188, 9.410229), (-15.537189, 0.332825, 9.284636)
(-15.472988, 1.086649, 9.381358), (-15.327862, 1.086649, 9.331263), (-15.505535, 1.088175, 9.286081)
(-15.472988, 1.086649, 9.381358), (-15.505535, 1.088175, 9.286081), (-15.527861, 1.097714, 9.293854)
(-15.495287, 1.096188, 9.389204), (-15.472988, 1.086649, 9.381358), (-15.527861, 1.097714, 9.293854)
(-15.495287, 1.096188, 9.389204), (-15.527861, 1.097714, 9.293854), (-15.588844, 1.097714, 9.314658)
(-15.556194, 1.096188, 9.410229), (-15.495287, 1.096188, 9.389204), (-15.588844, 1.097714, 9.314658)
(-15.556194, 1.096188, 9.410229), (-15.588844, 1.097714, 9.314658), (-15.537189, 0.332825, 9.284636)
(-15.974773, 0.530244, 9.419509), (-15.819063, 0.547427, 9.422244), (-15.820877, 0.563257, 9.26636)
(-15.974773, 0.530244, 9.419509), (-15.97279, 0.513152, 9.574997), (-15.819063, 0.547427, 9.422244)
(-15.819063, 0.547427, 9.422244), (-15.817107, 0.530957, 9.577765), (-15.663097, 0.562723, 9.424883)
(-15.819063, 0.547427, 9.422244), (-15.663097, 0.562723, 9.424883), (-15.6649, 0.578066, 9.268975)
(-15.663097, 0.562723, 9.424883), (-15.506898, 0.576153, 9.427427), (-15.508651, 0.590825, 9.271461)
(-15.663097, 0.562723, 9.424883), (-15.661184, 0.546968, 9.580463), (-15.506898, 0.576153, 9.427427)
(-15.506898, 0.576153, 9.427427), (-15.505003, 0.560854, 9.583018), (-15.350483, 0.587639, 9.429868)
(-15.506898, 0.576153, 9.427427), (-15.350483, 0.587639, 9.429868), (-15.35219, 0.601734, 9.273851)
(-15.350483, 0.587639, 9.429868), (-15.193792, 0.596599, 9.432097), (-15.195399, 0.609773, 9.275974)
(-15.350483, 0.587639, 9.429868), (-15.348639, 0.572976, 9.585508), (-15.193792, 0.596599, 9.432097)
(-15.471004, 0.329896, 9.476239), (-15.522778, 1.0948, 9.50566), (-15.504484, 0.331292, 9.380496)
(-15.439684, 1.085261, 9.476462), (-15.294762, 1.085261, 9.425784), (-15.472988, 1.086649, 9.381358)
(-15.439684, 1.085261, 9.476462), (-15.472988, 1.086649, 9.381358), (-15.495287, 1.096188, 9.389204)
(-15.461956, 1.0948, 9.484391), (-15.439684, 1.085261, 9.476462), (-15.495287, 1.096188, 9.389204)
(-15.461956, 1.0948, 9.484391), (-15.495287, 1.096188, 9.389204), (-15.556194, 1.096188, 9.410229)
(-15.522778, 1.0948, 9.50566), (-15.461956, 1.0948, 9.484391), (-15.556194, 1.096188, 9.410229)
(-15.522778, 1.0948, 9.50566), (-15.556194, 1.096188, 9.410229), (-15.504484, 0.331292, 9.380496)
(-15.406376, 1.083874, 9.571571), (-15.261662, 1.083874, 9.520313), (-15.439684, 1.085261, 9.476462)
(-15.406376, 1.083874, 9.571571), (-15.439684, 1.085261, 9.476462), (-15.461956, 1.0948, 9.484391)
(-15.437519, 0.328501, 9.571988), (-15.489353, 1.093413, 9.601096), (-15.471004, 0.329896, 9.476239)
(-15.97279, 0.513152, 9.574997), (-15.817107, 0.530957, 9.577765), (-15.819063, 0.547427, 9.422244)
(-15.97279, 0.513152, 9.574997), (-15.970687, 0.495675, 9.730131), (-15.817107, 0.530957, 9.577765)
(-15.817107, 0.530957, 9.577765), (-15.661184, 0.546968, 9.580463), (-15.663097, 0.562723, 9.424883)
(-15.817107, 0.530957, 9.577765), (-15.815022, 0.514034, 9.732915), (-15.661184, 0.546968, 9.580463)
(-15.428621, 1.093413, 9.579584), (-15.406376, 1.083874, 9.571571), (-15.461956, 1.0948, 9.484391)
(-15.428621, 1.093413, 9.579584), (-15.461956, 1.0948, 9.484391), (-15.522778, 1.0948, 9.50566)
(-15.661184, 0.546968, 9.580463), (-15.505003, 0.560854, 9.583018), (-15.506898, 0.576153, 9.427427)
(-15.661184, 0.546968, 9.580463), (-15.659109, 0.530483, 9.735611), (-15.505003, 0.560854, 9.583018)
(-15.505003, 0.560854, 9.583018), (-15.348639, 0.572976, 9.585508), (-15.350483, 0.587639, 9.429868)
(-15.505003, 0.560854, 9.583018), (-15.502983, 0.545075, 9.738222), (-15.348639, 0.572976, 9.585508)
(-15.348639, 0.572976, 9.585508), (-15.192031, 0.582718, 9.587811), (-15.193792, 0.596599, 9.432097)
(-15.348639, 0.572976, 9.585508), (-15.346669, 0.557835, 9.740757), (-15.192031, 0.582718, 9.587811)
(-15.489353, 1.093413, 9.601096), (-15.428621, 1.093413, 9.579584), (-15.522778, 1.0948, 9.50566)
(-15.489353, 1.093413, 9.601096), (-15.522778, 1.0948, 9.50566), (-15.471004, 0.329896, 9.476239)
(-15.372673, 1.082559, 9.666577), (-15.228176, 1.082559, 9.614708), (-15.406376, 1.083874, 9.571571)
(-15.372673, 1.082559, 9.666577), (-15.406376, 1.083874, 9.571571), (-15.428621, 1.093413, 9.579584)
(-15.403622, 0.327179, 9.66766), (-15.455524, 1.092098, 9.696446), (-15.437519, 0.328501, 9.571988)
(-15.39488, 1.092098, 9.674677), (-15.372673, 1.082559, 9.666577), (-15.428621, 1.093413, 9.579584)
(-15.39488, 1.092098, 9.674677), (-15.428621, 1.093413, 9.579584), (-15.489353, 1.093413, 9.601096)
(-15.455524, 1.092098, 9.696446), (-15.39488, 1.092098, 9.674677), (-15.489353, 1.093413, 9.601096)
(-15.455524, 1.092098, 9.696446), (-15.489353, 1.093413, 9.601096), (-15.437519, 0.328501, 9.571988)
(-15.970687, 0.495675, 9.730131), (-15.968464, 0.477919, 9.884886), (-15.815022, 0.514034, 9.732915)
(-15.970687, 0.495675, 9.730131), (-15.815022, 0.514034, 9.732915), (-15.817107, 0.530957, 9.577765)
(-15.815022, 0.514034, 9.732915), (-15.812806, 0.496701, 9.887656), (-15.659109, 0.530483, 9.735611)
(-15.815022, 0.514034, 9.732915), (-15.659109, 0.530483, 9.735611), (-15.661184, 0.546968, 9.580463)
(-15.659109, 0.530483, 9.735611), (-15.656935, 0.513736, 9.890377), (-15.502983, 0.545075, 9.738222)
(-15.659109, 0.530483, 9.735611), (-15.502983, 0.545075, 9.738222), (-15.505003, 0.560854, 9.583018)
(-15.502983, 0.545075, 9.738222), (-15.50085, 0.528907, 9.893018), (-15.346669, 0.557835, 9.740757)
(-15.502983, 0.545075, 9.738222), (-15.346669, 0.557835, 9.740757), (-15.348639, 0.572976, 9.585508)
(-15.346669, 0.557835, 9.740757), (-15.344571, 0.542152, 9.895558), (-15.190121, 0.568225, 9.743097)
(-15.346669, 0.557835, 9.740757), (-15.190121, 0.568225, 9.743097), (-15.192031, 0.582718, 9.587811)
(-15.338102, 1.081399, 9.761376), (-15.19385, 1.0814, 9.708829), (-15.372673, 1.082559, 9.666577)
(-15.338102, 1.081399, 9.761376), (-15.372673, 1.082559, 9.666577), (-15.39488, 1.092098, 9.674677)
(-15.368834, 0.326012, 9.763186), (-15.42082, 1.090938, 9.791626), (-15.403622, 0.327179, 9.66766)
(-15.360279, 1.090939, 9.769573), (-15.338102, 1.081399, 9.761376), (-15.39488, 1.092098, 9.674677)
(-15.360279, 1.090939, 9.769573), (-15.39488, 1.092098, 9.674677), (-15.455524, 1.092098, 9.696446)
(-15.42082, 1.090938, 9.791626), (-15.360279, 1.090939, 9.769573), (-15.455524, 1.092098, 9.696446)
(-15.42082, 1.090938, 9.791626), (-15.455524, 1.092098, 9.696446), (-15.403622, 0.327179, 9.66766)
(-15.334042, 0.324846, 9.858708), (-15.386106, 1.08978, 9.886804), (-15.368834, 0.326012, 9.763186)
(-15.325672, 1.08978, 9.864467), (-15.303532, 1.08024, 9.856174), (-15.360279, 1.090939, 9.769573)
(-15.325672, 1.08978, 9.864467), (-15.360279, 1.090939, 9.769573), (-15.42082, 1.090938, 9.791626)
(-15.968464, 0.477919, 9.884886), (-15.812806, 0.496701, 9.887656), (-15.815022, 0.514034, 9.732915)
(-15.968464, 0.477919, 9.884886), (-15.966226, 0.460581, 10.039371), (-15.812806, 0.496701, 9.887656)
(-15.386106, 1.08978, 9.886804), (-15.325672, 1.08978, 9.864467), (-15.42082, 1.090938, 9.791626)
(-15.386106, 1.08978, 9.886804), (-15.42082, 1.090938, 9.791626), (-15.368834, 0.326012, 9.763186)
(-15.812806, 0.496701, 9.887656), (-15.656935, 0.513736, 9.890377), (-15.659109, 0.530483, 9.735611)
(-15.812806, 0.496701, 9.887656), (-15.810598, 0.479899, 10.042158), (-15.656935, 0.513736, 9.890377)
(-15.656935, 0.513736, 9.890377), (-15.50085, 0.528907, 9.893018), (-15.502983, 0.545075, 9.738222)
(-15.656935, 0.513736, 9.890377), (-15.654746, 0.497394, 10.044882), (-15.50085, 0.528907, 9.893018)
(-15.50085, 0.528907, 9.893018), (-15.344571, 0.542152, 9.895558), (-15.346669, 0.557835, 9.740757)
(-15.50085, 0.528907, 9.893018), (-15.498668, 0.512875, 10.047487), (-15.344571, 0.542152, 9.895558)
(-15.344571, 0.542152, 9.895558), (-15.188057, 0.552985, 9.897887), (-15.190121, 0.568225, 9.743097)
(-15.344571, 0.542152, 9.895558), (-15.342419, 0.526568, 10.050025), (-15.188057, 0.552985, 9.897887)
(-15.350828, 1.088719, 9.981863), (-15.290504, 1.088719, 9.959225), (-15.386106, 1.08978, 9.886804)
(-15.350828, 1.088719, 9.981863), (-15.386106, 1.08978, 9.886804), (-15.334042, 0.324846, 9.858708)
# -14.991723250020002, 0, 9.648873383313337
(-14.987368, 1.094802, 9.318433), (-14.932081, 1.094802, 9.299099), (-14.964672, 1.096189, 9.206039)
(-14.987368, 1.094802, 9.318433), (-14.9547, 1.093414, 9.411722), (-14.932081, 1.094802, 9.299099)
(-15.304928, 1.096188, 9.323493), (-15.337263, 1.097714, 9.22883), (-15.360231, 1.088175, 9.23651)
(-15.304928, 1.096188, 9.323493), (-15.271858, 1.094801, 9.417916), (-15.224659, 1.094801, 9.401412)
(-15.009727, 1.085262, 9.326111), (-14.987368, 1.094802, 9.318433), (-15.020037, 1.096189, 9.225151)
(-15.009727, 1.085262, 9.326111), (-14.977032, 1.083875, 9.419497), (-14.987368, 1.094802, 9.318433)
(-15.15465, 1.085262, 9.376788), (-15.009727, 1.085262, 9.326111), (-15.042431, 1.086649, 9.232733)
(-15.15465, 1.085262, 9.376788), (-15.121746, 1.083874, 9.470756), (-15.009727, 1.085262, 9.326111)
(-15.177464, 1.094801, 9.384908), (-15.2104, 1.096188, 9.290863), (-15.224659, 1.094801, 9.401412)
(-15.177464, 1.094801, 9.384908), (-15.15465, 1.085262, 9.376788), (-15.187553, 1.086649, 9.282828)
(-15.177464, 1.094801, 9.384908), (-15.224659, 1.094801, 9.401412), (-15.191662, 1.093414, 9.495653)
(-15.177464, 1.094801, 9.384908), (-15.144529, 1.093414, 9.478959), (-15.15465, 1.085262, 9.376788)
(-14.899494, 1.093415, 9.392167), (-14.970018, 0.28946, 9.40585), (-15.00285, 0.290855, 9.311953)
(-14.899494, 1.093415, 9.392167), (-14.86655, 1.092099, 9.485025), (-14.970018, 0.28946, 9.40585)
(-15.224659, 1.094801, 9.401412), (-15.271858, 1.094801, 9.417916), (-15.191662, 1.093414, 9.495653)
(-14.9547, 1.093414, 9.411722), (-14.899494, 1.093415, 9.392167), (-14.932081, 1.094802, 9.299099)
(-14.9547, 1.093414, 9.411722), (-14.921679, 1.092099, 9.504814), (-14.899494, 1.093415, 9.392167)
(-15.271858, 1.094801, 9.417916), (-15.304928, 1.096188, 9.323493), (-15.327862, 1.086649, 9.331263)
(-15.271858, 1.094801, 9.417916), (-15.238792, 1.093414, 9.512347), (-15.191662, 1.093414, 9.495653)
(-14.977032, 1.083875, 9.419497), (-14.9547, 1.093414, 9.411722), (-14.987368, 1.094802, 9.318433)
(-14.977032, 1.083875, 9.419497), (-14.943968, 1.082559, 9.512689), (-14.9547, 1.093414, 9.411722)
(-15.294762, 1.085261, 9.425784), (-15.271858, 1.094801, 9.417916), (-15.327862, 1.086649, 9.331263)
(-15.294762, 1.085261, 9.425784), (-15.327862, 1.086649, 9.331263), (-15.472988, 1.086649, 9.381358)
(-15.193792, 0.596599, 9.432097), (-15.192031, 0.582718, 9.587811), (-15.036788, 0.602398, 9.433992)
(-15.193792, 0.596599, 9.432097), (-15.036788, 0.602398, 9.433992), (-15.038286, 0.614724, 9.277792)
(-15.036788, 0.602398, 9.433992), (-14.879503, 0.605072, 9.435548), (-14.880844, 0.616273, 9.279235)
(-15.036788, 0.602398, 9.433992), (-15.035151, 0.589622, 9.58983), (-14.879503, 0.605072, 9.435548)
(-14.879503, 0.605072, 9.435548), (-14.877969, 0.593091, 9.591431), (-14.721933, 0.604289, 9.436695)
(-14.879503, 0.605072, 9.435548), (-14.721933, 0.604289, 9.436695), (-14.723081, 0.614151, 9.280242)
(-14.721933, 0.604289, 9.436695), (-14.564054, 0.599381, 9.437279), (-14.564932, 0.607371, 9.280602)
(-14.721933, 0.604289, 9.436695), (-14.720575, 0.59364, 9.592717), (-14.564054, 0.599381, 9.437279)
(-15.121746, 1.083874, 9.470756), (-14.977032, 1.083875, 9.419497), (-15.009727, 1.085262, 9.326111)
(-15.121746, 1.083874, 9.470756), (-15.088469, 1.082559, 9.564559), (-14.977032, 1.083875, 9.419497)
(-15.144529, 1.093414, 9.478959), (-15.177464, 1.094801, 9.384908), (-15.191662, 1.093414, 9.495653)
(-15.144529, 1.093414, 9.478959), (-15.121746, 1.083874, 9.470756), (-15.15465, 1.085262, 9.376788)
(-15.144529, 1.093414, 9.478959), (-15.191662, 1.093414, 9.495653), (-15.158281, 1.092099, 9.589746)
(-15.144529, 1.093414, 9.478959), (-15.111219, 1.092099, 9.572853), (-15.121746, 1.083874, 9.470756)
(-14.86655, 1.092099, 9.485025), (-14.936815, 0.288137, 9.499576), (-14.970018, 0.28946, 9.40585)
(-14.86655, 1.092099, 9.485025), (-14.832844, 1.090941, 9.577444), (-14.936815, 0.288137, 9.499576)
(-15.191662, 1.093414, 9.495653), (-15.238792, 1.093414, 9.512347), (-15.158281, 1.092099, 9.589746)
(-14.921679, 1.092099, 9.504814), (-14.86655, 1.092099, 9.485025), (-14.899494, 1.093415, 9.392167)
(-14.921679, 1.092099, 9.504814), (-14.887877, 1.090941, 9.597491), (-14.86655, 1.092099, 9.485025)
(-15.238792, 1.093414, 9.512347), (-15.271858, 1.094801, 9.417916), (-15.294762, 1.085261, 9.425784)
(-15.238792, 1.093414, 9.512347), (-15.205341, 1.092099, 9.606638), (-15.158281, 1.092099, 9.589746)
(-14.943968, 1.082559, 9.512689), (-14.921679, 1.092099, 9.504814), (-14.9547, 1.093414, 9.411722)
(-14.943968, 1.082559, 9.512689), (-14.910128, 1.081401, 9.605478), (-14.921679, 1.092099, 9.504814)
(-15.261662, 1.083874, 9.520313), (-15.238792, 1.093414, 9.512347), (-15.294762, 1.085261, 9.425784)
(-15.261662, 1.083874, 9.520313), (-15.294762, 1.085261, 9.425784), (-15.439684, 1.085261, 9.476462)
(-15.088469, 1.082559, 9.564559), (-14.943968, 1.082559, 9.512689), (-14.977032, 1.083875, 9.419497)
(-15.088469, 1.082559, 9.564559), (-15.05438, 1.0814, 9.658026), (-14.943968, 1.082559, 9.512689)
(-15.111219, 1.092099, 9.572853), (-15.144529, 1.093414, 9.478959), (-15.158281, 1.092099, 9.589746)
(-15.111219, 1.092099, 9.572853), (-15.088469, 1.082559, 9.564559), (-15.121746, 1.083874, 9.470756)
(-15.111219, 1.092099, 9.572853), (-15.158281, 1.092099, 9.589746), (-15.124081, 1.09094, 9.683532)
(-15.111219, 1.092099, 9.572853), (-15.077099, 1.09094, 9.666419), (-15.088469, 1.082559, 9.564559)
(-14.832844, 1.090941, 9.577444), (-14.902813, 0.28697, 9.592943), (-14.936815, 0.288137, 9.499576)
(-14.832844, 1.090941, 9.577444), (-14.799145, 1.089781, 9.669867), (-14.902813, 0.28697, 9.592943)
(-15.192031, 0.582718, 9.587811), (-15.035151, 0.589622, 9.58983), (-15.036788, 0.602398, 9.433992)
(-15.192031, 0.582718, 9.587811), (-15.190121, 0.568225, 9.743097), (-15.035151, 0.589622, 9.58983)
(-15.158281, 1.092099, 9.589746), (-15.205341, 1.092099, 9.606638), (-15.124081, 1.09094, 9.683532)
(-15.035151, 0.589622, 9.58983), (-14.877969, 0.593091, 9.591431), (-14.879503, 0.605072, 9.435548)
(-15.035151, 0.589622, 9.58983), (-15.033308, 0.575772, 9.745141), (-14.877969, 0.593091, 9.591431)
(-14.877969, 0.593091, 9.591431), (-14.720575, 0.59364, 9.592717), (-14.721933, 0.604289, 9.436695)
(-14.877969, 0.593091, 9.591431), (-14.876265, 0.580414, 9.746865), (-14.720575, 0.59364, 9.592717)
(-14.720575, 0.59364, 9.592717), (-14.56292, 0.590399, 9.593491), (-14.564054, 0.599381, 9.437279)
(-14.720575, 0.59364, 9.592717), (-14.719029, 0.582274, 9.748293), (-14.56292, 0.590399, 9.593491)
(-14.887877, 1.090941, 9.597491), (-14.832844, 1.090941, 9.577444), (-14.86655, 1.092099, 9.485025)
(-14.887877, 1.090941, 9.597491), (-14.854082, 1.089781, 9.690171), (-14.832844, 1.090941, 9.577444)
(-14.910128, 1.081401, 9.605478), (-14.887877, 1.090941, 9.597491), (-14.921679, 1.092099, 9.504814)
(-14.910128, 1.081401, 9.605478), (-14.876293, 1.080241, 9.69827), (-14.887877, 1.090941, 9.597491)
(-15.205341, 1.092099, 9.606638), (-15.238792, 1.093414, 9.512347), (-15.261662, 1.083874, 9.520313)
(-15.205341, 1.092099, 9.606638), (-15.171059, 1.09094, 9.700645), (-15.124081, 1.09094, 9.683532)
(-15.228176, 1.082559, 9.614708), (-15.205341, 1.092099, 9.606638), (-15.261662, 1.083874, 9.520313)
(-15.228176, 1.082559, 9.614708), (-15.261662, 1.083874, 9.520313), (-15.406376, 1.083874, 9.571571)
(-15.05438, 1.0814, 9.658026), (-14.910128, 1.081401, 9.605478), (-14.943968, 1.082559, 9.512689)
(-15.05438, 1.0814, 9.658026), (-15.020298, 1.080241, 9.751493), (-14.910128, 1.081401, 9.605478)
(-15.077099, 1.09094, 9.666419), (-15.111219, 1.092099, 9.572853), (-15.124081, 1.09094, 9.683532)
(-15.077099, 1.09094, 9.666419), (-15.05438, 1.0814, 9.658026), (-15.088469, 1.082559, 9.564559)
(-15.077099, 1.09094, 9.666419), (-15.124081, 1.09094, 9.683532), (-15.089878, 1.08978, 9.777319)
(-15.077099, 1.09094, 9.666419), (-15.04298, 1.089781, 9.759985), (-15.05438, 1.0814, 9.658026)
(-14.799145, 1.089781, 9.669867), (-14.868809, 0.285804, 9.686312), (-14.902813, 0.28697, 9.592943)
(-14.799145, 1.089781, 9.669867), (-14.764956, 1.08872, 9.761997), (-14.868809, 0.285804, 9.686312)
(-15.124081, 1.09094, 9.683532), (-15.171059, 1.09094, 9.700645), (-15.089878, 1.08978, 9.777319)
(-14.854082, 1.089781, 9.690171), (-14.799145, 1.089781, 9.669867), (-14.832844, 1.090941, 9.577444)
(-14.854082, 1.089781, 9.690171), (-14.81979, 1.08872, 9.782577), (-14.799145, 1.089781, 9.669867)
(-14.876293, 1.080241, 9.69827), (-14.854082, 1.089781, 9.690171), (-14.887877, 1.090941, 9.597491)
(-14.876293, 1.080241, 9.69827), (-14.841957, 1.07918, 9.790793), (-14.854082, 1.089781, 9.690171)
(-15.171059, 1.09094, 9.700645), (-15.205341, 1.092099, 9.606638), (-15.228176, 1.082559, 9.614708)
(-15.171059, 1.09094, 9.700645), (-15.136778, 1.08978, 9.794652), (-15.089878, 1.08978, 9.777319)
(-15.19385, 1.0814, 9.708829), (-15.171059, 1.09094, 9.700645), (-15.228176, 1.082559, 9.614708)
(-15.19385, 1.0814, 9.708829), (-15.228176, 1.082559, 9.614708), (-15.372673, 1.082559, 9.666577)
(-15.190121, 0.568225, 9.743097), (-15.188057, 0.552985, 9.897887), (-15.033308, 0.575772, 9.745141)
(-15.190121, 0.568225, 9.743097), (-15.033308, 0.575772, 9.745141), (-15.035151, 0.589622, 9.58983)
(-15.033308, 0.575772, 9.745141), (-15.031345, 0.561468, 9.900019), (-14.876265, 0.580414, 9.746865)
(-15.033308, 0.575772, 9.745141), (-14.876265, 0.580414, 9.746865), (-14.877969, 0.593091, 9.591431)
(-14.876265, 0.580414, 9.746865), (-14.874409, 0.567078, 9.901825), (-14.719029, 0.582274, 9.748293)
(-14.876265, 0.580414, 9.746865), (-14.719029, 0.582274, 9.748293), (-14.720575, 0.59364, 9.592717)
(-14.719029, 0.582274, 9.748293), (-14.7173, 0.570043, 9.903349), (-14.561559, 0.580505, 9.74922)
(-14.719029, 0.582274, 9.748293), (-14.561559, 0.580505, 9.74922), (-14.56292, 0.590399, 9.593491)
(-15.020298, 1.080241, 9.751493), (-14.876293, 1.080241, 9.69827), (-14.910128, 1.081401, 9.605478)
(-15.020298, 1.080241, 9.751493), (-14.985699, 1.079179, 9.844735), (-14.876293, 1.080241, 9.69827)
(-15.04298, 1.089781, 9.759985), (-15.077099, 1.09094, 9.666419), (-15.089878, 1.08978, 9.777319)
(-15.04298, 1.089781, 9.759985), (-15.020298, 1.080241, 9.751493), (-15.05438, 1.0814, 9.658026)
(-15.04298, 1.089781, 9.759985), (-15.089878, 1.08978, 9.777319), (-15.055147, 1.088719, 9.8709)
(-15.04298, 1.089781, 9.759985), (-15.008335, 1.088719, 9.853333), (-15.020298, 1.080241, 9.751493)
(-14.764956, 1.08872, 9.761997), (-14.834293, 0.284735, 9.779439), (-14.868809, 0.285804, 9.686312)
(-14.764956, 1.08872, 9.761997), (-14.729992, 1.087813, 9.853679), (-14.834293, 0.284735, 9.779439)
(-15.089878, 1.08978, 9.777319), (-15.136778, 1.08978, 9.794652), (-15.055147, 1.088719, 9.8709)
(-14.81979, 1.08872, 9.782577), (-14.764956, 1.08872, 9.761997), (-14.799145, 1.089781, 9.669867)
(-14.81979, 1.08872, 9.782577), (-14.784712, 1.087813, 9.874557), (-14.764956, 1.08872, 9.761997)
(-14.841957, 1.07918, 9.790793), (-14.81979, 1.08872, 9.782577), (-14.854082, 1.089781, 9.690171)
(-14.841957, 1.07918, 9.790793), (-14.806835, 1.078273, 9.882903), (-14.81979, 1.08872, 9.782577)
(-15.136778, 1.08978, 9.794652), (-15.171059, 1.09094, 9.700645), (-15.19385, 1.0814, 9.708829)
(-15.136778, 1.08978, 9.794652), (-15.101957, 1.088719, 9.888468), (-15.055147, 1.088719, 9.8709)
(-15.159527, 1.08024, 9.80295), (-15.136778, 1.08978, 9.794652), (-15.19385, 1.0814, 9.708829)
(-15.159527, 1.08024, 9.80295), (-15.19385, 1.0814, 9.708829), (-15.338102, 1.081399, 9.761376)
(-14.985699, 1.079179, 9.844735), (-14.841957, 1.07918, 9.790793), (-14.876293, 1.080241, 9.69827)
(-14.985699, 1.079179, 9.844735), (-14.950274, 1.078272, 9.93763), (-14.841957, 1.07918, 9.790793)
(-15.008335, 1.088719, 9.853333), (-15.04298, 1.089781, 9.759985), (-15.055147, 1.088719, 9.8709)
(-15.008335, 1.088719, 9.853333), (-14.985699, 1.079179, 9.844735), (-15.020298, 1.080241, 9.751493)
(-15.008335, 1.088719, 9.853333), (-15.055147, 1.088719, 9.8709), (-15.019585, 1.087812, 9.964167)
(-15.008335, 1.088719, 9.853333), (-14.972868, 1.087812, 9.946342), (-14.985699, 1.079179, 9.844735)
(-14.729992, 1.087813, 9.853679), (-14.798964, 0.283821, 9.872194), (-14.834293, 0.284735, 9.779439)
(-14.729992, 1.087813, 9.853679), (-14.695036, 1.086905, 9.945356), (-14.798964, 0.283821, 9.872194)
(-15.303532, 1.08024, 9.856174), (-15.159527, 1.08024, 9.80295), (-15.338102, 1.081399, 9.761376)
(-15.303532, 1.08024, 9.856174), (-15.338102, 1.081399, 9.761376), (-15.360279, 1.090939, 9.769573)
(-15.055147, 1.088719, 9.8709), (-15.101957, 1.088719, 9.888468), (-15.019585, 1.087812, 9.964167)
(-14.784712, 1.087813, 9.874557), (-14.729992, 1.087813, 9.853679), (-14.764956, 1.08872, 9.761997)
(-14.784712, 1.087813, 9.874557), (-14.749645, 1.086905, 9.966534), (-14.729992, 1.087813, 9.853679)
(-14.806835, 1.078273, 9.882903), (-14.784712, 1.087813, 9.874557), (-14.81979, 1.08872, 9.782577)
(-14.806835, 1.078273, 9.882903), (-14.771715, 1.077365, 9.975009), (-14.784712, 1.087813, 9.874557)
(-15.101957, 1.088719, 9.888468), (-15.136778, 1.08978, 9.794652), (-15.159527, 1.08024, 9.80295)
(-15.101957, 1.088719, 9.888468), (-15.066298, 1.087812, 9.981989), (-15.019585, 1.087812, 9.964167)
(-15.124666, 1.079179, 9.896887), (-15.101957, 1.088719, 9.888468), (-15.159527, 1.08024, 9.80295)
(-15.124666, 1.079179, 9.896887), (-15.159527, 1.08024, 9.80295), (-15.303532, 1.08024, 9.856174)
(-15.188057, 0.552985, 9.897887), (-15.031345, 0.561468, 9.900019), (-15.033308, 0.575772, 9.745141)
(-15.188057, 0.552985, 9.897887), (-15.185978, 0.538184, 10.052423), (-15.031345, 0.561468, 9.900019)
(-15.031345, 0.561468, 9.900019), (-14.874409, 0.567078, 9.901825), (-14.876265, 0.580414, 9.746865)
(-15.031345, 0.561468, 9.900019), (-15.029337, 0.547421, 10.054606), (-14.874409, 0.567078, 9.901825)
(-14.874409, 0.567078, 9.901825), (-14.7173, 0.570043, 9.903349), (-14.719029, 0.582274, 9.748293)
(-14.874409, 0.567078, 9.901825), (-14.872483, 0.553837, 10.056456), (-14.7173, 0.570043, 9.903349)
(-14.7173, 0.570043, 9.903349), (-14.559975, 0.569453, 9.904367), (-14.561559, 0.580505, 9.74922)
(-14.7173, 0.570043, 9.903349), (-14.715479, 0.557796, 10.058055), (-14.559975, 0.569453, 9.904367)
(-14.950274, 1.078272, 9.93763), (-14.806835, 1.078273, 9.882903), (-14.841957, 1.07918, 9.790793)
(-14.950274, 1.078272, 9.93763), (-14.914854, 1.077365, 10.030519), (-14.806835, 1.078273, 9.882903)
(-14.695036, 1.086905, 9.945356), (-14.763643, 0.282907, 9.964945), (-14.798964, 0.283821, 9.872194)
(-14.695036, 1.086905, 9.945356), (-14.659321, 1.086147, 10.036568), (-14.763643, 0.282907, 9.964945)
(-14.972868, 1.087812, 9.946342), (-15.008335, 1.088719, 9.853333), (-15.019585, 1.087812, 9.964167)
(-14.972868, 1.087812, 9.946342), (-14.950274, 1.078272, 9.93763), (-14.985699, 1.079179, 9.844735)
(-14.972868, 1.087812, 9.946342), (-15.019585, 1.087812, 9.964167), (-14.984022, 1.086905, 10.057425)
(-14.972868, 1.087812, 9.946342), (-14.937407, 1.086905, 10.039347), (-14.950274, 1.078272, 9.93763)
(-15.268404, 1.079179, 9.950829), (-15.124666, 1.079179, 9.896887), (-15.303532, 1.08024, 9.856174)
(-15.268404, 1.079179, 9.950829), (-15.303532, 1.08024, 9.856174), (-15.325672, 1.08978, 9.864467)
(-15.298668, 0.323778, 9.954125), (-15.350828, 1.088719, 9.981863), (-15.334042, 0.324846, 9.858708)
(-15.290504, 1.088719, 9.959225), (-15.268404, 1.079179, 9.950829), (-15.325672, 1.08978, 9.864467)
(-15.290504, 1.088719, 9.959225), (-15.325672, 1.08978, 9.864467), (-15.386106, 1.08978, 9.886804)
(-15.019585, 1.087812, 9.964167), (-15.066298, 1.087812, 9.981989), (-14.984022, 1.086905, 10.057425)
(-14.749645, 1.086905, 9.966534), (-14.695036, 1.086905, 9.945356), (-14.729992, 1.087813, 9.853679)
(-14.749645, 1.086905, 9.966534), (-14.713802, 1.086147, 10.058068), (-14.695036, 1.086905, 9.945356)
(-14.771715, 1.077365, 9.975009), (-14.749645, 1.086905, 9.966534), (-14.784712, 1.087813, 9.874557)
(-14.771715, 1.077365, 9.975009), (-14.735817, 1.076607, 10.066684), (-14.749645, 1.086905, 9.966534)
(-15.066298, 1.087812, 9.981989), (-15.101957, 1.088719, 9.888468), (-15.124666, 1.079179, 9.896887)
(-15.066298, 1.087812, 9.981989), (-15.030638, 1.086904, 10.075504), (-14.984022, 1.086905, 10.057425)
# -14.32395301668667, 0, 9.648873383313337
(-14.088964, 0.558665, 9.435008), (-13.930402, 0.53758, 9.432995), (-13.929968, 0.537462, 9.27544)
(-14.088964, 0.558665, 9.435008), (-14.08868, 0.555612, 9.591893), (-13.930402, 0.53758, 9.432995)
(-14.247475, 0.576164, 9.436395), (-14.246883, 0.571009, 9.593036), (-14.088964, 0.558665, 9.435008)
(-14.247475, 0.576164, 9.436395), (-14.088964, 0.558665, 9.435008), (-14.088892, 0.560722, 9.2777)
(-14.405869, 0.589857, 9.437162), (-14.247475, 0.576164, 9.436395), (-14.247741, 0.580244, 9.279299)
(-14.405869, 0.589857, 9.437162), (-14.405012, 0.58296, 9.593636), (-14.247475, 0.576164, 9.436395)
(-14.564054, 0.599381, 9.437279), (-14.56292, 0.590399, 9.593491), (-14.405869, 0.589857, 9.437162)
(-14.564054, 0.599381, 9.437279), (-14.405869, 0.589857, 9.437162), (-14.406471, 0.596125, 9.280315)
(-14.08868, 0.555612, 9.591893), (-13.93044, 0.536622, 9.590126), (-13.930402, 0.53758, 9.432995)
(-14.08868, 0.555612, 9.591893), (-14.088078, 0.551652, 9.748334), (-13.93044, 0.536622, 9.590126)
(-14.246883, 0.571009, 9.593036), (-14.08868, 0.555612, 9.591893), (-14.088964, 0.558665, 9.435008)
(-14.246883, 0.571009, 9.593036), (-14.246004, 0.5649, 9.749207), (-14.08868, 0.555612, 9.591893)
(-14.56292, 0.590399, 9.593491), (-14.405012, 0.58296, 9.593636), (-14.405869, 0.589857, 9.437162)
(-14.56292, 0.590399, 9.593491), (-14.561559, 0.580505, 9.74922), (-14.405012, 0.58296, 9.593636)
(-14.405012, 0.58296, 9.593636), (-14.246883, 0.571009, 9.593036), (-14.247475, 0.576164, 9.436395)
(-14.405012, 0.58296, 9.593636), (-14.403857, 0.574614, 9.749514), (-14.246883, 0.571009, 9.593036)
(-14.088078, 0.551652, 9.748334), (-14.087173, 0.546564, 9.904233), (-13.930116, 0.534685, 9.746808)
(-14.088078, 0.551652, 9.748334), (-13.930116, 0.534685, 9.746808), (-13.93044, 0.536622, 9.590126)
(-14.246004, 0.5649, 9.749207), (-14.244867, 0.557814, 9.904862), (-14.088078, 0.551652, 9.748334)
(-14.246004, 0.5649, 9.749207), (-14.088078, 0.551652, 9.748334), (-14.08868, 0.555612, 9.591893)
(-14.561559, 0.580505, 9.74922), (-14.559975, 0.569453, 9.904367), (-14.403857, 0.574614, 9.749514)
(-14.561559, 0.580505, 9.74922), (-14.403857, 0.574614, 9.749514), (-14.405012, 0.58296, 9.593636)
(-14.403857, 0.574614, 9.749514), (-14.402489, 0.565466, 9.904902), (-14.246004, 0.5649, 9.749207)
(-14.403857, 0.574614, 9.749514), (-14.246004, 0.5649, 9.749207), (-14.246883, 0.571009, 9.593036)
(-14.087173, 0.546564, 9.904233), (-13.929449, 0.531527, 9.902933), (-13.930116, 0.534685, 9.746808)
(-14.087173, 0.546564, 9.904233), (-14.086039, 0.540868, 10.059686), (-13.929449, 0.531527, 9.902933)
(-14.559975, 0.569453, 9.904367), (-14.402489, 0.565466, 9.904902), (-14.403857, 0.574614, 9.749514)
(-14.559975, 0.569453, 9.904367), (-14.558311, 0.55877, 10.059269), (-14.402489, 0.565466, 9.904902)
(-14.244867, 0.557814, 9.904862), (-14.087173, 0.546564, 9.904233), (-14.088078, 0.551652, 9.748334)
(-14.244867, 0.557814, 9.904862), (-14.243535, 0.550212, 10.060081), (-14.087173, 0.546564, 9.904233)
(-14.402489, 0.565466, 9.904902), (-14.244867, 0.557814, 9.904862), (-14.246004, 0.5649, 9.749207)
(-14.402489, 0.565466, 9.904902), (-14.400989, 0.556375, 10.059984), (-14.244867, 0.557814, 9.904862)
# -13.656182783353334, 0, 9.648873383313337
(-13.45529, 0.45997, 9.42423), (-13.297299, 0.431678, 9.420737), (-13.295469, 0.424571, 9.262403)
(-13.45529, 0.45997, 9.42423), (-13.456293, 0.464436, 9.582019), (-13.297299, 0.431678, 9.420737)
(-13.613492, 0.487469, 9.427486), (-13.614174, 0.490257, 9.585056), (-13.45529, 0.45997, 9.42423)
(-13.613492, 0.487469, 9.427486), (-13.45529, 0.45997, 9.42423), (-13.453791, 0.454355, 9.266066)
(-13.771879, 0.51353, 9.430433), (-13.613492, 0.487469, 9.427486), (-13.612349, 0.483574, 9.269524)
(-13.771879, 0.51353, 9.430433), (-13.772247, 0.51463, 9.587819), (-13.613492, 0.487469, 9.427486)
(-13.930402, 0.53758, 9.432995), (-13.93044, 0.536622, 9.590126), (-13.771879, 0.51353, 9.430433)
(-13.930402, 0.53758, 9.432995), (-13.771879, 0.51353, 9.430433), (-13.771094, 0.511517, 9.272682)
(-13.456293, 0.464436, 9.582019), (-13.29862, 0.437559, 9.57872), (-13.297299, 0.431678, 9.420737)
(-13.456293, 0.464436, 9.582019), (-13.456817, 0.467882, 9.739384), (-13.29862, 0.437559, 9.57872)
(-13.614174, 0.490257, 9.585056), (-13.456293, 0.464436, 9.582019), (-13.45529, 0.45997, 9.42423)
(-13.614174, 0.490257, 9.585056), (-13.614411, 0.492037, 9.742191), (-13.456293, 0.464436, 9.582019)
(-13.772247, 0.51463, 9.587819), (-13.614174, 0.490257, 9.585056), (-13.613492, 0.487469, 9.427486)
(-13.772247, 0.51463, 9.587819), (-13.772198, 0.514525, 9.744706), (-13.614174, 0.490257, 9.585056)
(-13.93044, 0.536622, 9.590126), (-13.772247, 0.51463, 9.587819), (-13.771879, 0.51353, 9.430433)
(-13.93044, 0.536622, 9.590126), (-13.930116, 0.534685, 9.746808), (-13.772247, 0.51463, 9.587819)
(-13.456817, 0.467882, 9.739384), (-13.456884, 0.470386, 9.896275), (-13.299423, 0.442404, 9.73629)
(-13.456817, 0.467882, 9.739384), (-13.299423, 0.442404, 9.73629), (-13.29862, 0.437559, 9.57872)
(-13.614411, 0.492037, 9.742191), (-13.614246, 0.492879, 9.898854), (-13.456817, 0.467882, 9.739384)
(-13.614411, 0.492037, 9.742191), (-13.456817, 0.467882, 9.739384), (-13.456293, 0.464436, 9.582019)
(-13.772198, 0.514525, 9.744706), (-13.771791, 0.513552, 9.901136), (-13.614411, 0.492037, 9.742191)
(-13.772198, 0.514525, 9.744706), (-13.614411, 0.492037, 9.742191), (-13.614174, 0.490257, 9.585056)
(-13.930116, 0.534685, 9.746808), (-13.929449, 0.531527, 9.902933), (-13.772198, 0.514525, 9.744706)
(-13.930116, 0.534685, 9.746808), (-13.772198, 0.514525, 9.744706), (-13.772247, 0.51463, 9.587819)
(-13.456884, 0.470386, 9.896275), (-13.299724, 0.446333, 9.893382), (-13.299423, 0.442404, 9.73629)
(-13.456884, 0.470386, 9.896275), (-13.456573, 0.472308, 10.052748), (-13.299724, 0.446333, 9.893382)
(-13.614246, 0.492879, 9.898854), (-13.456884, 0.470386, 9.896275), (-13.456817, 0.467882, 9.739384)
(-13.614246, 0.492879, 9.898854), (-13.613743, 0.493206, 10.055123), (-13.456884, 0.470386, 9.896275)
(-13.771791, 0.513552, 9.901136), (-13.614246, 0.492879, 9.898854), (-13.614411, 0.492037, 9.742191)
(-13.771791, 0.513552, 9.901136), (-13.771086, 0.512087, 10.057172), (-13.614246, 0.492879, 9.898854)
(-13.929449, 0.531527, 9.902933), (-13.771791, 0.513552, 9.901136), (-13.772198, 0.514525, 9.744706)
(-13.929449, 0.531527, 9.902933), (-13.928535, 0.528101, 10.058713), (-13.771791, 0.513552, 9.901136)
# -12.988412550020001, 0, 9.648873383313337
(-12.668785, 0.326432, 9.406256), (-12.670692, 0.335461, 9.564491), (-12.512908, 0.305212, 9.402732)
(-12.668785, 0.326432, 9.406256), (-12.512908, 0.305212, 9.402732), (-12.510914, 0.293969, 9.244374)
(-12.825198, 0.350231, 9.409839), (-12.668785, 0.326432, 9.406256), (-12.666675, 0.315559, 9.247807)
(-12.825198, 0.350231, 9.409839), (-12.827126, 0.358659, 9.568074), (-12.668785, 0.326432, 9.406256)
(-12.982154, 0.376056, 9.413463), (-12.983978, 0.383806, 9.571661), (-12.825198, 0.350231, 9.409839)
(-12.982154, 0.376056, 9.413463), (-12.825198, 0.350231, 9.409839), (-12.82298, 0.339993, 9.251353)
(-13.139555, 0.403416, 9.417112), (-12.982154, 0.376056, 9.413463), (-12.97994, 0.366722, 9.254979)
(-13.139555, 0.403416, 9.417112), (-13.141171, 0.410374, 9.575239), (-12.982154, 0.376056, 9.413463)
(-13.297299, 0.431678, 9.420737), (-13.29862, 0.437559, 9.57872), (-13.139555, 0.403416, 9.417112)
(-13.297299, 0.431678, 9.420737), (-13.139555, 0.403416, 9.417112), (-13.137475, 0.395117, 9.258678)
(-12.670692, 0.335461, 9.564491), (-12.514716, 0.314598, 9.560937), (-12.512908, 0.305212, 9.402732)
(-12.670692, 0.335461, 9.564491), (-12.672241, 0.342904, 9.722444), (-12.514716, 0.314598, 9.560937)
(-12.827126, 0.358659, 9.568074), (-12.670692, 0.335461, 9.564491), (-12.668785, 0.326432, 9.406256)
(-12.827126, 0.358659, 9.568074), (-12.828613, 0.365704, 9.725992), (-12.670692, 0.335461, 9.564491)
(-12.983978, 0.383806, 9.571661), (-12.827126, 0.358659, 9.568074), (-12.825198, 0.350231, 9.409839)
(-12.983978, 0.383806, 9.571661), (-12.985295, 0.3904, 9.729511), (-12.827126, 0.358659, 9.568074)
(-13.141171, 0.410374, 9.575239), (-12.983978, 0.383806, 9.571661), (-12.982154, 0.376056, 9.413463)
(-13.141171, 0.410374, 9.575239), (-13.142241, 0.416272, 9.732967), (-12.983978, 0.383806, 9.571661)
(-13.29862, 0.437559, 9.57872), (-13.141171, 0.410374, 9.575239), (-13.139555, 0.403416, 9.417112)
(-13.29862, 0.437559, 9.57872), (-13.299423, 0.442404, 9.73629), (-13.141171, 0.410374, 9.575239)
(-12.672241, 0.342904, 9.722444), (-12.673274, 0.34944, 9.880021), (-12.516224, 0.322458, 9.718882)
(-12.672241, 0.342904, 9.722444), (-12.516224, 0.322458, 9.718882), (-12.514716, 0.314598, 9.560937)
(-12.828613, 0.365704, 9.725992), (-12.82955, 0.371946, 9.883522), (-12.672241, 0.342904, 9.722444)
(-12.828613, 0.365704, 9.725992), (-12.672241, 0.342904, 9.722444), (-12.670692, 0.335461, 9.564491)
(-12.985295, 0.3904, 9.729511), (-12.986051, 0.396251, 9.886946), (-12.828613, 0.365704, 9.725992)
(-12.985295, 0.3904, 9.729511), (-12.828613, 0.365704, 9.725992), (-12.827126, 0.358659, 9.568074)
(-13.142241, 0.416272, 9.732967), (-13.142777, 0.421376, 9.89026), (-12.985295, 0.3904, 9.729511)
(-13.142241, 0.416272, 9.732967), (-12.985295, 0.3904, 9.729511), (-12.983978, 0.383806, 9.571661)
(-13.299423, 0.442404, 9.73629), (-13.299724, 0.446333, 9.893382), (-13.142241, 0.416272, 9.732967)
(-13.299423, 0.442404, 9.73629), (-13.142241, 0.416272, 9.732967), (-13.141171, 0.410374, 9.575239)
(-12.673274, 0.34944, 9.880021), (-12.517276, 0.329175, 9.876512), (-12.516224, 0.322458, 9.718882)
(-12.673274, 0.34944, 9.880021), (-12.673779, 0.355296, 10.037258), (-12.517276, 0.329175, 9.876512)
(-12.82955, 0.371946, 9.883522), (-12.673274, 0.34944, 9.880021), (-12.672241, 0.342904, 9.722444)
(-12.82955, 0.371946, 9.883522), (-12.829938, 0.377718, 10.040651), (-12.673274, 0.34944, 9.880021)
(-12.986051, 0.396251, 9.886946), (-12.82955, 0.371946, 9.883522), (-12.828613, 0.365704, 9.725992)
(-12.986051, 0.396251, 9.886946), (-12.986284, 0.401581, 10.043955), (-12.82955, 0.371946, 9.883522)
(-13.142777, 0.421376, 9.89026), (-12.986051, 0.396251, 9.886946), (-12.985295, 0.3904, 9.729511)
(-13.142777, 0.421376, 9.89026), (-13.142838, 0.425891, 10.047125), (-12.986051, 0.396251, 9.886946)
(-13.299724, 0.446333, 9.893382), (-13.142777, 0.421376, 9.89026), (-13.142241, 0.416272, 9.732967)
(-13.299724, 0.446333, 9.893382), (-13.299601, 0.449699, 10.050068), (-13.142777, 0.421376, 9.89026)
# -12.320642316686666, 0, 9.648873383313337
(-12.047455, 0.259743, 9.392795), (-12.048941, 0.269247, 9.550755), (-11.892753, 0.251431, 9.389729)
(-12.047455, 0.259743, 9.392795), (-11.892753, 0.251431, 9.389729), (-11.891159, 0.240635, 9.231833)
(-12.202321, 0.271622, 9.395988), (-12.047455, 0.259743, 9.392795), (-12.045776, 0.248695, 9.234789)
(-12.202321, 0.271622, 9.395988), (-12.203913, 0.281322, 9.554034), (-12.047455, 0.259743, 9.392795)
(-12.357446, 0.28687, 9.399303), (-12.359148, 0.296543, 9.557429), (-12.202321, 0.271622, 9.395988)
(-12.357446, 0.28687, 9.399303), (-12.202321, 0.271622, 9.395988), (-12.200552, 0.260252, 9.237857)
(-12.512908, 0.305212, 9.402732), (-12.357446, 0.28687, 9.399303), (-12.355575, 0.2755, 9.241057)
(-12.512908, 0.305212, 9.402732), (-12.514716, 0.314598, 9.560937), (-12.357446, 0.28687, 9.399303)
(-12.048941, 0.269247, 9.550755), (-11.89415, 0.260477, 9.547595), (-11.892753, 0.251431, 9.389729)
(-12.048941, 0.269247, 9.550755), (-12.050137, 0.277183, 9.708604), (-11.89415, 0.260477, 9.547595)
(-12.203913, 0.281322, 9.554034), (-12.048941, 0.269247, 9.550755), (-12.047455, 0.259743, 9.392795)
(-12.203913, 0.281322, 9.554034), (-12.205227, 0.289384, 9.711935), (-12.048941, 0.269247, 9.550755)
(-12.359148, 0.296543, 9.557429), (-12.203913, 0.281322, 9.554034), (-12.202321, 0.271622, 9.395988)
(-12.359148, 0.296543, 9.557429), (-12.360564, 0.304583, 9.715364), (-12.203913, 0.281322, 9.554034)
(-12.514716, 0.314598, 9.560937), (-12.359148, 0.296543, 9.557429), (-12.357446, 0.28687, 9.399303)
(-12.514716, 0.314598, 9.560937), (-12.516224, 0.322458, 9.718882), (-12.359148, 0.296543, 9.557429)
(-12.050137, 0.277183, 9.708604), (-12.050891, 0.283999, 9.86626), (-11.895212, 0.26822, 9.705389)
(-12.050137, 0.277183, 9.708604), (-11.895212, 0.26822, 9.705389), (-11.89415, 0.260477, 9.547595)
(-12.205227, 0.289384, 9.711935), (-12.206124, 0.296237, 9.869602), (-12.050137, 0.277183, 9.708604)
(-12.205227, 0.289384, 9.711935), (-12.050137, 0.277183, 9.708604), (-12.048941, 0.269247, 9.550755)
(-12.360564, 0.304583, 9.715364), (-12.36156, 0.311418, 9.873022), (-12.205227, 0.289384, 9.711935)
(-12.360564, 0.304583, 9.715364), (-12.205227, 0.289384, 9.711935), (-12.203913, 0.281322, 9.554034)
(-12.516224, 0.322458, 9.718882), (-12.517276, 0.329175, 9.876512), (-12.360564, 0.304583, 9.715364)
(-12.516224, 0.322458, 9.718882), (-12.360564, 0.304583, 9.715364), (-12.359148, 0.296543, 9.557429)
(-12.050891, 0.283999, 9.86626), (-11.895848, 0.274606, 9.863036), (-11.895212, 0.26822, 9.705389)
(-12.050891, 0.283999, 9.86626), (-12.051241, 0.289307, 10.023708), (-11.895848, 0.274606, 9.863036)
(-12.206124, 0.296237, 9.869602), (-12.050891, 0.283999, 9.86626), (-12.050137, 0.277183, 9.708604)
(-12.206124, 0.296237, 9.869602), (-12.206559, 0.301931, 10.027014), (-12.050891, 0.283999, 9.86626)
(-12.36156, 0.311418, 9.873022), (-12.206124, 0.296237, 9.869602), (-12.205227, 0.289384, 9.711935)
(-12.36156, 0.311418, 9.873022), (-12.362074, 0.317238, 10.030393), (-12.206124, 0.296237, 9.869602)
(-12.517276, 0.329175, 9.876512), (-12.36156, 0.311418, 9.873022), (-12.360564, 0.304583, 9.715364)
(-12.517276, 0.329175, 9.876512), (-12.517824, 0.334996, 10.033829), (-12.36156, 0.311418, 9.873022)
# -11.652872083353333, 0, 9.648873383313337
(-11.429178, 0.245624, 9.381115), (-11.430317, 0.253348, 9.538793), (-11.274677, 0.249832, 9.378435)
(-11.429178, 0.245624, 9.381115), (-11.274677, 0.249832, 9.378435), (-11.273307, 0.240948, 9.220863)
(-11.583651, 0.244451, 9.383897), (-11.429178, 0.245624, 9.381115), (-11.427752, 0.236249, 9.223493)
(-11.583651, 0.244451, 9.383897), (-11.584854, 0.252731, 9.541624), (-11.429178, 0.245624, 9.381115)
(-11.738157, 0.246413, 9.386767), (-11.739441, 0.255166, 9.544558), (-11.583651, 0.244451, 9.383897)
(-11.738157, 0.246413, 9.386767), (-11.583651, 0.244451, 9.383897), (-11.58219, 0.234515, 9.226192)
(-11.892753, 0.251431, 9.389729), (-11.738157, 0.246413, 9.386767), (-11.736635, 0.236097, 9.228983)
(-11.892753, 0.251431, 9.389729), (-11.89415, 0.260477, 9.547595), (-11.738157, 0.246413, 9.386767)
(-11.430317, 0.253348, 9.538793), (-11.275782, 0.256899, 9.536068), (-11.274677, 0.249832, 9.378435)
(-11.430317, 0.253348, 9.538793), (-11.431092, 0.259387, 9.696472), (-11.275782, 0.256899, 9.536068)
(-11.584854, 0.252731, 9.541624), (-11.430317, 0.253348, 9.538793), (-11.429178, 0.245624, 9.381115)
(-11.584854, 0.252731, 9.541624), (-11.58573, 0.259348, 9.699327), (-11.430317, 0.253348, 9.538793)
(-11.739441, 0.255166, 9.544558), (-11.584854, 0.252731, 9.541624), (-11.583651, 0.244451, 9.383897)
(-11.739441, 0.255166, 9.544558), (-11.740408, 0.262345, 9.702299), (-11.584854, 0.252731, 9.541624)
(-11.89415, 0.260477, 9.547595), (-11.739441, 0.255166, 9.544558), (-11.738157, 0.246413, 9.386767)
(-11.89415, 0.260477, 9.547595), (-11.895212, 0.26822, 9.705389), (-11.739441, 0.255166, 9.544558)
(-11.431092, 0.259387, 9.696472), (-11.431332, 0.264037, 9.854105), (-11.276427, 0.262341, 9.693745)
(-11.431092, 0.259387, 9.696472), (-11.276427, 0.262341, 9.693745), (-11.275782, 0.256899, 9.536068)
(-11.58573, 0.259348, 9.699327), (-11.586133, 0.264576, 9.856956), (-11.431092, 0.259387, 9.696472)
(-11.58573, 0.259348, 9.699327), (-11.431092, 0.259387, 9.696472), (-11.430317, 0.253348, 9.538793)
(-11.740408, 0.262345, 9.702299), (-11.740937, 0.268156, 9.859934), (-11.58573, 0.259348, 9.699327)
(-11.740408, 0.262345, 9.702299), (-11.58573, 0.259348, 9.699327), (-11.584854, 0.252731, 9.541624)
(-11.895212, 0.26822, 9.705389), (-11.895848, 0.274606, 9.863036), (-11.740408, 0.262345, 9.702299)
(-11.895212, 0.26822, 9.705389), (-11.740408, 0.262345, 9.702299), (-11.739441, 0.255166, 9.544558)
(-11.431332, 0.264037, 9.854105), (-11.276587, 0.266111, 9.851386), (-11.276427, 0.262341, 9.693745)
(-11.431332, 0.264037, 9.854105), (-11.431189, 0.267003, 10.011612), (-11.276587, 0.266111, 9.851386)
(-11.586133, 0.264576, 9.856956), (-11.431332, 0.264037, 9.854105), (-11.431092, 0.259387, 9.696472)
(-11.586133, 0.264576, 9.856956), (-11.58606, 0.268489, 10.014439), (-11.431332, 0.264037, 9.854105)
(-11.740937, 0.268156, 9.859934), (-11.586133, 0.264576, 9.856956), (-11.58573, 0.259348, 9.699327)
(-11.740937, 0.268156, 9.859934), (-11.741004, 0.272681, 10.0174), (-11.586133, 0.264576, 9.856956)
(-11.895848, 0.274606, 9.863036), (-11.740937, 0.268156, 9.859934), (-11.740408, 0.262345, 9.702299)
(-11.895848, 0.274606, 9.863036), (-11.896086, 0.279467, 10.0205), (-11.740937, 0.268156, 9.859934)
# -10.985101850019998, 0, 9.648873383313337
(-10.656041, 0.289776, 9.368607), (-10.500971, 0.303407, 9.3665), (-10.499693, 0.297023, 9.209008)
(-10.656041, 0.289776, 9.368607), (-10.656976, 0.294537, 9.526257), (-10.500971, 0.303407, 9.3665)
(-10.810914, 0.27708, 9.370872), (-10.811835, 0.282342, 9.528519), (-10.656041, 0.289776, 9.368607)
(-10.810914, 0.27708, 9.370872), (-10.656041, 0.289776, 9.368607), (-10.654772, 0.283026, 9.211108)
(-10.965587, 0.265846, 9.373295), (-10.810914, 0.27708, 9.370872), (-10.809611, 0.269817, 9.213387)
(-10.965587, 0.265846, 9.373295), (-10.966535, 0.271736, 9.530929), (-10.810914, 0.27708, 9.370872)
(-11.120152, 0.256655, 9.375827), (-11.121144, 0.263187, 9.533457), (-10.965587, 0.265846, 9.373295)
(-11.120152, 0.256655, 9.375827), (-10.965587, 0.265846, 9.373295), (-10.964296, 0.258071, 9.215781)
(-11.274677, 0.249832, 9.378435), (-11.120152, 0.256655, 9.375827), (-11.11883, 0.248329, 9.218293)
(-11.274677, 0.249832, 9.378435), (-11.275782, 0.256899, 9.536068), (-11.120152, 0.256655, 9.375827)
(-10.656976, 0.294537, 9.526257), (-10.501839, 0.30758, 9.524204), (-10.500971, 0.303407, 9.3665)
(-10.656976, 0.294537, 9.526257), (-10.657372, 0.296939, 9.684061), (-10.501839, 0.30758, 9.524204)
(-10.811835, 0.282342, 9.528519), (-10.656976, 0.294537, 9.526257), (-10.656041, 0.289776, 9.368607)
(-10.811835, 0.282342, 9.528519), (-10.812311, 0.285513, 9.686257), (-10.656976, 0.294537, 9.526257)
(-10.966535, 0.271736, 9.530929), (-10.811835, 0.282342, 9.528519), (-10.810914, 0.27708, 9.370872)
(-10.966535, 0.271736, 9.530929), (-10.967065, 0.275658, 9.688629), (-10.811835, 0.282342, 9.528519)
(-11.121144, 0.263187, 9.533457), (-10.966535, 0.271736, 9.530929), (-10.965587, 0.265846, 9.373295)
(-11.121144, 0.263187, 9.533457), (-11.121729, 0.267875, 9.691134), (-10.966535, 0.271736, 9.530929)
(-11.275782, 0.256899, 9.536068), (-11.121144, 0.263187, 9.533457), (-11.120152, 0.256655, 9.375827)
(-11.275782, 0.256899, 9.536068), (-11.276427, 0.262341, 9.693745), (-11.121144, 0.263187, 9.533457)
(-10.657372, 0.296939, 9.684061), (-10.657232, 0.297121, 9.841915), (-10.502258, 0.309462, 9.682046)
(-10.657372, 0.296939, 9.684061), (-10.502258, 0.309462, 9.682046), (-10.501839, 0.30758, 9.524204)
(-10.812311, 0.285513, 9.686257), (-10.812177, 0.286565, 9.844049), (-10.657372, 0.296939, 9.684061)
(-10.812311, 0.285513, 9.686257), (-10.657372, 0.296939, 9.684061), (-10.656976, 0.294537, 9.526257)
(-10.967065, 0.275658, 9.688629), (-10.967034, 0.277673, 9.846348), (-10.812311, 0.285513, 9.686257)
(-10.967065, 0.275658, 9.688629), (-10.812311, 0.285513, 9.686257), (-10.811835, 0.282342, 9.528519)
(-11.121729, 0.267875, 9.691134), (-11.121783, 0.270804, 9.848804), (-10.967065, 0.275658, 9.688629)
(-11.121729, 0.267875, 9.691134), (-10.967065, 0.275658, 9.688629), (-10.966535, 0.271736, 9.530929)
(-11.276427, 0.262341, 9.693745), (-11.276587, 0.266111, 9.851386), (-11.121729, 0.267875, 9.691134)
(-11.276427, 0.262341, 9.693745), (-11.121729, 0.267875, 9.691134), (-11.121144, 0.263187, 9.533457)
(-10.657232, 0.297121, 9.841915), (-10.502124, 0.308935, 9.83997), (-10.502258, 0.309462, 9.682046)
(-10.657232, 0.297121, 9.841915), (-10.656683, 0.295539, 9.999702), (-10.502124, 0.308935, 9.83997)
(-10.812177, 0.286565, 9.844049), (-10.657232, 0.297121, 9.841915), (-10.657372, 0.296939, 9.684061)
(-10.812177, 0.286565, 9.844049), (-10.81169, 0.285881, 10.001754), (-10.657232, 0.297121, 9.841915)
(-10.967034, 0.277673, 9.846348), (-10.812177, 0.286565, 9.844049), (-10.812311, 0.285513, 9.686257)
(-10.967034, 0.277673, 9.846348), (-10.966588, 0.277944, 10.003984), (-10.812177, 0.286565, 9.844049)
(-11.121783, 0.270804, 9.848804), (-10.967034, 0.277673, 9.846348), (-10.967065, 0.275658, 9.688629)
(-11.121783, 0.270804, 9.848804), (-11.12144, 0.272012, 10.006379), (-10.967034, 0.277673, 9.846348)
(-11.276587, 0.266111, 9.851386), (-11.121783, 0.270804, 9.848804), (-11.121729, 0.267875, 9.691134)
(-11.276587, 0.266111, 9.851386), (-11.276346, 0.268203, 10.008923), (-11.121783, 0.270804, 9.848804)
# -10.317331616686666, 0, 9.648873383313337
(-10.034063, 0.343503, 9.361638), (-9.87769, 0.354246, 9.360685), (-9.876383, 0.348044, 9.203156)
(-10.034063, 0.343503, 9.361638), (-10.034977, 0.347223, 9.519427), (-9.87769, 0.354246, 9.360685)
(-10.190063, 0.331113, 9.362939), (-10.190937, 0.334713, 9.520718), (-10.034063, 0.343503, 9.361638)
(-10.190063, 0.331113, 9.362939), (-10.034063, 0.343503, 9.361638), (-10.032782, 0.337576, 9.204098)
(-10.345677, 0.317457, 9.364585), (-10.190063, 0.331113, 9.362939), (-10.188765, 0.325069, 9.205429)
(-10.345677, 0.317457, 9.364585), (-10.346541, 0.321259, 9.522327), (-10.190063, 0.331113, 9.362939)
(-10.500971, 0.303407, 9.3665), (-10.501839, 0.30758, 9.524204), (-10.345677, 0.317457, 9.364585)
(-10.500971, 0.303407, 9.3665), (-10.345677, 0.317457, 9.364585), (-10.344402, 0.311372, 9.207071)
(-10.034977, 0.347223, 9.519427), (-9.87859, 0.357972, 9.518519), (-9.87769, 0.354246, 9.360685)
(-10.034977, 0.347223, 9.519427), (-10.035351, 0.347968, 9.677479), (-9.87859, 0.357972, 9.518519)
(-10.190937, 0.334713, 9.520718), (-10.034977, 0.347223, 9.519427), (-10.034063, 0.343503, 9.361638)
(-10.190937, 0.334713, 9.520718), (-10.191347, 0.335795, 9.678684), (-10.034977, 0.347223, 9.519427)
(-10.346541, 0.321259, 9.522327), (-10.190937, 0.334713, 9.520718), (-10.190063, 0.331113, 9.362939)
(-10.346541, 0.321259, 9.522327), (-10.346965, 0.322698, 9.680227), (-10.190937, 0.334713, 9.520718)
(-10.501839, 0.30758, 9.524204), (-10.346541, 0.321259, 9.522327), (-10.345677, 0.317457, 9.364585)
(-10.501839, 0.30758, 9.524204), (-10.502258, 0.309462, 9.682046), (-10.346541, 0.321259, 9.522327)
(-10.035351, 0.347968, 9.677479), (-10.035224, 0.34616, 9.835654), (-9.878976, 0.358731, 9.676628)
(-10.035351, 0.347968, 9.677479), (-9.878976, 0.358731, 9.676628), (-9.87859, 0.357972, 9.518519)
(-10.191347, 0.335795, 9.678684), (-10.191149, 0.334016, 9.836804), (-10.035351, 0.347968, 9.677479)
(-10.191347, 0.335795, 9.678684), (-10.035351, 0.347968, 9.677479), (-10.034977, 0.347223, 9.519427)
(-10.346965, 0.322698, 9.680227), (-10.346813, 0.321533, 9.83824), (-10.191347, 0.335795, 9.678684)
(-10.346965, 0.322698, 9.680227), (-10.191347, 0.335795, 9.678684), (-10.190937, 0.334713, 9.520718)
(-10.502258, 0.309462, 9.682046), (-10.502124, 0.308935, 9.83997), (-10.346965, 0.322698, 9.680227)
(-10.502258, 0.309462, 9.682046), (-10.346965, 0.322698, 9.680227), (-10.346541, 0.321259, 9.522327)
(-10.035224, 0.34616, 9.835654), (-9.878941, 0.357227, 9.834842), (-9.878976, 0.358731, 9.676628)
(-10.035224, 0.34616, 9.835654), (-10.034627, 0.342197, 9.993842), (-9.878941, 0.357227, 9.834842)
(-10.191149, 0.334016, 9.836804), (-10.035224, 0.34616, 9.835654), (-10.035351, 0.347968, 9.677479)
(-10.191149, 0.334016, 9.836804), (-10.190529, 0.330357, 9.994894), (-10.035224, 0.34616, 9.835654)
(-10.346813, 0.321533, 9.83824), (-10.191149, 0.334016, 9.836804), (-10.191347, 0.335795, 9.678684)
(-10.346813, 0.321533, 9.83824), (-10.346107, 0.318215, 9.996251), (-10.191149, 0.334016, 9.836804)
(-10.502124, 0.308935, 9.83997), (-10.346813, 0.321533, 9.83824), (-10.346965, 0.322698, 9.680227)
(-10.502124, 0.308935, 9.83997), (-10.501451, 0.306423, 9.99787), (-10.346813, 0.321533, 9.83824)
