# 0.3669921166466698, 0, -9.048693150019997
(0.088077, 1.187178, -9.358379), (0.086339, 1.19668, -9.198619), (0.241817, 1.198227, -9.356862)
(0.088077, 1.187178, -9.358379), (0.241817, 1.198227, -9.356862), (0.24322, 1.18834, -9.516779)
(0.241817, 1.198227, -9.356862), (0.395841, 1.208677, -9.355436), (0.397159, 1.198906, -9.51538)
(0.241817, 1.198227, -9.356862), (0.240136, 1.207636, -9.197082), (0.395841, 1.208677, -9.355436)
(0.395841, 1.208677, -9.355436), (0.39423, 1.218106, -9.195627), (0.550172, 1.218339, -9.354111)
(0.395841, 1.208677, -9.355436), (0.550172, 1.218339, -9.354111), (0.551396, 1.208654, -9.514072)
(0.550172, 1.218339, -9.354111), (0.70483, 1.227007, -9.352905), (0.705953, 1.217394, -9.512871)
(0.550172, 1.218339, -9.354111), (0.548643, 1.227804, -9.194288), (0.70483, 1.227007, -9.352905)
(0.086339, 1.19668, -9.198619), (0.240136, 1.207636, -9.197082), (0.241817, 1.198227, -9.356862)
(0.086339, 1.19668, -9.198619), (0.084329, 1.20557, -9.039013), (0.240136, 1.207636, -9.197082)
(0.240136, 1.207636, -9.197082), (0.39423, 1.218106, -9.195627), (0.395841, 1.208677, -9.355436)
(0.240136, 1.207636, -9.197082), (0.238163, 1.216629, -9.037445), (0.39423, 1.218106, -9.195627)
(0.39423, 1.218106, -9.195627), (0.548643, 1.227804, -9.194288), (0.550172, 1.218339, -9.354111)
(0.39423, 1.218106, -9.195627), (0.392311, 1.22719, -9.03598), (0.548643, 1.227804, -9.194288)
(0.548643, 1.227804, -9.194288), (0.703391, 1.236608, -9.193061), (0.70483, 1.227007, -9.352905)
(0.548643, 1.227804, -9.194288), (0.546793, 1.237114, -9.034611), (0.703391, 1.236608, -9.193061)
(0.084329, 1.20557, -9.039013), (0.082037, 1.214124, -8.879508), (0.238163, 1.216629, -9.037445)
(0.084329, 1.20557, -9.039013), (0.238163, 1.216629, -9.037445), (0.240136, 1.207636, -9.197082)
(0.238163, 1.216629, -9.037445), (0.235884, 1.225428, -8.877913), (0.392311, 1.22719, -9.03598)
(0.238163, 1.216629, -9.037445), (0.392311, 1.22719, -9.03598), (0.39423, 1.218106, -9.195627)
(0.392311, 1.22719, -9.03598), (0.390067, 1.236299, -8.876418), (0.546793, 1.237114, -9.034611)
(0.392311, 1.22719, -9.03598), (0.546793, 1.237114, -9.034611), (0.548643, 1.227804, -9.194288)
(0.546793, 1.237114, -9.034611), (0.544605, 1.246556, -8.875025), (0.701623, 1.246195, -9.033354)
(0.546793, 1.237114, -9.034611), (0.701623, 1.246195, -9.033354), (0.703391, 1.236608, -9.193061)
(0.082037, 1.214124, -8.879508), (0.235884, 1.225428, -8.877913), (0.238163, 1.216629, -9.037445)
(0.082037, 1.214124, -8.879508), (0.079464, 1.222261, -8.720152), (0.235884, 1.225428, -8.877913)
(0.235884, 1.225428, -8.877913), (0.390067, 1.236299, -8.876418), (0.392311, 1.22719, -9.03598)
(0.235884, 1.225428, -8.877913), (0.233298, 1.234002, -8.71852), (0.390067, 1.236299, -8.876418)
(0.390067, 1.236299, -8.876418), (0.544605, 1.246556, -8.875025), (0.546793, 1.237114, -9.034611)
(0.390067, 1.236299, -8.876418), (0.387492, 1.245381, -8.716975), (0.544605, 1.246556, -8.875025)
(0.544605, 1.246556, -8.875025), (0.699509, 1.256028, -8.873737), (0.701623, 1.246195, -9.033354)
(0.544605, 1.246556, -8.875025), (0.542071, 1.256134, -8.715546), (0.699509, 1.256028, -8.873737)
(0.699509, 1.256028, -8.873737), (0.854788, 1.264462, -8.872587), (0.856811, 1.254268, -9.032223)
(0.699509, 1.256028, -8.873737), (0.697045, 1.266026, -8.714253), (0.854788, 1.264462, -8.872587)
(0.079464, 1.222261, -8.720152), (0.07662, 1.230098, -8.56092), (0.233298, 1.234002, -8.71852)
(0.079464, 1.222261, -8.720152), (0.233298, 1.234002, -8.71852), (0.235884, 1.225428, -8.877913)
(0.233298, 1.234002, -8.71852), (0.387492, 1.245381, -8.716975), (0.390067, 1.236299, -8.876418)
(0.233298, 1.234002, -8.71852), (0.230411, 1.242442, -8.559254), (0.387492, 1.245381, -8.716975)
(0.387492, 1.245381, -8.716975), (0.384593, 1.254457, -8.557665), (0.542071, 1.256134, -8.715546)
(0.387492, 1.245381, -8.716975), (0.542071, 1.256134, -8.715546), (0.544605, 1.246556, -8.875025)
(0.542071, 1.256134, -8.715546), (0.539197, 1.265836, -8.556202), (0.697045, 1.266026, -8.714253)
(0.542071, 1.256134, -8.715546), (0.697045, 1.266026, -8.714253), (0.699509, 1.256028, -8.873737)
# 1.0347623499800032, 0, -9.048693150019997
(0.70483, 1.227007, -9.352905), (0.703391, 1.236608, -9.193061), (0.859823, 1.234728, -9.351789)
(0.70483, 1.227007, -9.352905), (0.859823, 1.234728, -9.351789), (0.860841, 1.225118, -9.511758)
(0.859823, 1.234728, -9.351789), (1.015163, 1.241311, -9.350787), (1.016074, 1.231683, -9.510752)
(0.859823, 1.234728, -9.351789), (0.858484, 1.244425, -9.191944), (1.015163, 1.241311, -9.350787)
(1.015163, 1.241311, -9.350787), (1.013929, 1.251147, -9.19094), (1.170854, 1.246653, -9.349904)
(1.015163, 1.241311, -9.350787), (1.170854, 1.246653, -9.349904), (1.171655, 1.237041, -9.509849)
(1.170854, 1.246653, -9.349904), (1.326894, 1.250689, -9.349152), (1.327586, 1.241177, -9.50905)
(1.170854, 1.246653, -9.349904), (1.169728, 1.256585, -9.190074), (1.326894, 1.250689, -9.349152)
(1.326894, 1.250689, -9.349152), (1.325875, 1.260727, -9.189337), (1.483275, 1.253491, -9.348505)
(1.326894, 1.250689, -9.349152), (1.483275, 1.253491, -9.348505), (1.483863, 1.244043, -9.508366)
(0.703391, 1.236608, -9.193061), (0.858484, 1.244425, -9.191944), (0.859823, 1.234728, -9.351789)
(0.703391, 1.236608, -9.193061), (0.701623, 1.246195, -9.033354), (0.858484, 1.244425, -9.191944)
(0.858484, 1.244425, -9.191944), (1.013929, 1.251147, -9.19094), (1.015163, 1.241311, -9.350787)
(0.858484, 1.244425, -9.191944), (0.856811, 1.254268, -9.032223), (1.013929, 1.251147, -9.19094)
(1.013929, 1.251147, -9.19094), (1.169728, 1.256585, -9.190074), (1.170854, 1.246653, -9.349904)
(1.013929, 1.251147, -9.19094), (1.012359, 1.261175, -9.031229), (1.169728, 1.256585, -9.190074)
(1.169728, 1.256585, -9.190074), (1.325875, 1.260727, -9.189337), (1.326894, 1.250689, -9.349152)
(1.169728, 1.256585, -9.190074), (1.168265, 1.266881, -9.030357), (1.325875, 1.260727, -9.189337)
(1.325875, 1.260727, -9.189337), (1.482361, 1.263566, -9.188726), (1.483275, 1.253491, -9.348505)
(1.325875, 1.260727, -9.189337), (1.324522, 1.271273, -9.029621), (1.482361, 1.263566, -9.188726)
(0.701623, 1.246195, -9.033354), (0.699509, 1.256028, -8.873737), (0.856811, 1.254268, -9.032223)
(0.701623, 1.246195, -9.033354), (0.856811, 1.254268, -9.032223), (0.858484, 1.244425, -9.191944)
(0.856811, 1.254268, -9.032223), (0.854788, 1.264462, -8.872587), (1.012359, 1.261175, -9.031229)
(0.856811, 1.254268, -9.032223), (1.012359, 1.261175, -9.031229), (1.013929, 1.251147, -9.19094)
(1.012359, 1.261175, -9.031229), (1.01044, 1.271738, -8.871577), (1.168265, 1.266881, -9.030357)
(1.012359, 1.261175, -9.031229), (1.168265, 1.266881, -9.030357), (1.169728, 1.256585, -9.190074)
(1.168265, 1.266881, -9.030357), (1.166458, 1.277774, -8.870702), (1.324522, 1.271273, -9.029621)
(1.168265, 1.266881, -9.030357), (1.324522, 1.271273, -9.029621), (1.325875, 1.260727, -9.189337)
(1.324522, 1.271273, -9.029621), (1.32283, 1.282496, -8.86996), (1.481116, 1.274291, -9.029029)
(1.324522, 1.271273, -9.029621), (1.481116, 1.274291, -9.029029), (1.482361, 1.263566, -9.188726)
(0.854788, 1.264462, -8.872587), (1.01044, 1.271738, -8.871577), (1.012359, 1.261175, -9.031229)
(0.854788, 1.264462, -8.872587), (0.852411, 1.274971, -8.713069), (1.01044, 1.271738, -8.871577)
(1.01044, 1.271738, -8.871577), (1.166458, 1.277774, -8.870702), (1.168265, 1.266881, -9.030357)
(1.01044, 1.271738, -8.871577), (1.008166, 1.282784, -8.712014), (1.166458, 1.277774, -8.870702)
(1.166458, 1.277774, -8.870702), (1.32283, 1.282496, -8.86996), (1.324522, 1.271273, -9.029621)
(1.166458, 1.277774, -8.870702), (1.1643, 1.289273, -8.711115), (1.32283, 1.282496, -8.86996)
(1.32283, 1.282496, -8.86996), (1.47954, 1.285761, -8.869382), (1.481116, 1.274291, -9.029029)
(1.32283, 1.282496, -8.86996), (1.320794, 1.294312, -8.710384), (1.47954, 1.285761, -8.869382)
# 1.7025325833133367, 0, -9.048693150019997
(1.642257, 1.775268, -9.38186), (1.594821, 1.775268, -9.347505), (1.653045, 1.780247, -9.266969)
(1.642257, 1.775268, -9.38186), (1.583855, 1.770252, -9.462296), (1.594821, 1.775268, -9.347505)
(1.96277, 1.78522, -9.367333), (2.003352, 1.78522, -9.396539), (1.90439, 1.780247, -9.448342)
(1.483275, 1.253491, -9.348505), (1.639986, 1.255051, -9.347968), (1.640475, 1.245748, -9.507778)
(1.483275, 1.253491, -9.348505), (1.482361, 1.263566, -9.188726), (1.639986, 1.255051, -9.347968)
(1.639986, 1.255051, -9.347968), (1.639173, 1.265121, -9.188233), (1.79701, 1.255441, -9.347538)
(1.639986, 1.255051, -9.347968), (1.79701, 1.255441, -9.347538), (1.797404, 1.246398, -9.507273)
(1.79701, 1.255441, -9.347538), (1.954323, 1.254802, -9.347201), (1.954629, 1.246137, -9.506838)
(1.79701, 1.255441, -9.347538), (1.796293, 1.265409, -9.187868), (1.954323, 1.254802, -9.347201)
(1.594821, 1.775268, -9.347505), (1.675918, 0.972246, -9.35666), (1.734065, 0.977218, -9.276109)
(1.594821, 1.775268, -9.347505), (1.536498, 1.770252, -9.427833), (1.675918, 0.972246, -9.35666)
(1.954323, 1.254802, -9.347201), (1.953697, 1.264575, -9.187602), (2.111904, 1.253271, -9.346925)
(1.954323, 1.254802, -9.347201), (2.111904, 1.253271, -9.346925), (2.112126, 1.245105, -9.506449)
(1.922188, 1.78522, -9.338126), (1.980423, 1.790218, -9.257144), (1.96277, 1.78522, -9.367333)
(1.922188, 1.78522, -9.338126), (1.902812, 1.775692, -9.323594), (1.961037, 1.78069, -9.242623)
(1.922188, 1.78522, -9.338126), (1.96277, 1.78522, -9.367333), (1.90439, 1.780247, -9.448342)
(1.922188, 1.78522, -9.338126), (1.863845, 1.780247, -9.419086), (1.902812, 1.775692, -9.323594)
(1.902812, 1.775692, -9.323594), (1.778203, 1.775692, -9.233909), (1.836354, 1.78069, -9.153043)
(1.902812, 1.775692, -9.323594), (1.844485, 1.770718, -9.404532), (1.778203, 1.775692, -9.233909)
(1.719989, 1.770718, -9.314691), (1.700539, 1.780247, -9.301242), (1.758739, 1.78522, -9.220483)
(1.719989, 1.770718, -9.314691), (1.661682, 1.765739, -9.395341), (1.700539, 1.780247, -9.301242)
(1.700539, 1.780247, -9.301242), (1.653045, 1.780247, -9.266969), (1.7112, 1.78522, -9.186271)
(1.700539, 1.780247, -9.301242), (1.642257, 1.775268, -9.38186), (1.653045, 1.780247, -9.266969)
(2.021029, 1.790218, -9.286319), (2.061635, 1.790218, -9.315494), (1.96277, 1.78522, -9.367333)
(1.653045, 1.780247, -9.266969), (1.734065, 0.977218, -9.276109), (1.79229, 0.982195, -9.19523)
(1.653045, 1.780247, -9.266969), (1.594821, 1.775268, -9.347505), (1.734065, 0.977218, -9.276109)
(1.980423, 1.790218, -9.257144), (2.038567, 1.795273, -9.176169), (2.021029, 1.790218, -9.286319)
(1.980423, 1.790218, -9.257144), (1.961037, 1.78069, -9.242623), (2.019177, 1.785745, -9.161653)
(1.980423, 1.790218, -9.257144), (2.021029, 1.790218, -9.286319), (1.96277, 1.78522, -9.367333)
(1.980423, 1.790218, -9.257144), (1.922188, 1.78522, -9.338126), (1.961037, 1.78069, -9.242623)
(1.961037, 1.78069, -9.242623), (1.836354, 1.78069, -9.153043), (1.894449, 1.785745, -9.072137)
(1.961037, 1.78069, -9.242623), (1.902812, 1.775692, -9.323594), (1.836354, 1.78069, -9.153043)
(1.778203, 1.775692, -9.233909), (1.758739, 1.78522, -9.220483), (1.816875, 1.790218, -9.13964)
(1.778203, 1.775692, -9.233909), (1.719989, 1.770718, -9.314691), (1.758739, 1.78522, -9.220483)
(1.758739, 1.78522, -9.220483), (1.7112, 1.78522, -9.186271), (1.76931, 1.790218, -9.105462)
(1.758739, 1.78522, -9.220483), (1.700539, 1.780247, -9.301242), (1.7112, 1.78522, -9.186271)
(1.482361, 1.263566, -9.188726), (1.639173, 1.265121, -9.188233), (1.639986, 1.255051, -9.347968)
(1.482361, 1.263566, -9.188726), (1.481116, 1.274291, -9.029029), (1.639173, 1.265121, -9.188233)
(1.639173, 1.265121, -9.188233), (1.796293, 1.265409, -9.187868), (1.79701, 1.255441, -9.347538)
(1.639173, 1.265121, -9.188233), (1.638032, 1.275925, -9.028582), (1.796293, 1.265409, -9.187868)
(1.796293, 1.265409, -9.187868), (1.953697, 1.264575, -9.187602), (1.954323, 1.254802, -9.347201)
(1.796293, 1.265409, -9.187868), (1.795251, 1.276283, -9.028253), (1.953697, 1.264575, -9.187602)
(1.953697, 1.264575, -9.187602), (2.111362, 1.262741, -9.187421), (2.111904, 1.253271, -9.346925)
(1.953697, 1.264575, -9.187602), (1.95275, 1.275422, -9.028042), (2.111362, 1.262741, -9.187421)
(1.7112, 1.78522, -9.186271), (1.79229, 0.982195, -9.19523), (1.850614, 0.987211, -9.114068)
(1.7112, 1.78522, -9.186271), (1.653045, 1.780247, -9.266969), (1.79229, 0.982195, -9.19523)
(2.019177, 1.785745, -9.161653), (1.894449, 1.785745, -9.072137), (1.952497, 1.790891, -8.991227)
(2.019177, 1.785745, -9.161653), (1.961037, 1.78069, -9.242623), (1.894449, 1.785745, -9.072137)
(1.836354, 1.78069, -9.153043), (1.816875, 1.790218, -9.13964), (1.874957, 1.795273, -9.058749)
(1.836354, 1.78069, -9.153043), (1.778203, 1.775692, -9.233909), (1.816875, 1.790218, -9.13964)
(1.816875, 1.790218, -9.13964), (1.76931, 1.790218, -9.105462), (1.827374, 1.795273, -9.024598)
(1.816875, 1.790218, -9.13964), (1.758739, 1.78522, -9.220483), (1.76931, 1.790218, -9.105462)
(1.76931, 1.790218, -9.105462), (1.850614, 0.987211, -9.114068), (1.909047, 0.992298, -9.032651)
(1.76931, 1.790218, -9.105462), (1.7112, 1.78522, -9.186271), (1.850614, 0.987211, -9.114068)
(1.894449, 1.785745, -9.072137), (1.874957, 1.795273, -9.058749), (1.932996, 1.800419, -8.977853)
(1.894449, 1.785745, -9.072137), (1.836354, 1.78069, -9.153043), (1.874957, 1.795273, -9.058749)
(1.874957, 1.795273, -9.058749), (1.827374, 1.795273, -9.024598), (1.885402, 1.800419, -8.943719)
(1.874957, 1.795273, -9.058749), (1.816875, 1.790218, -9.13964), (1.827374, 1.795273, -9.024598)
(1.481116, 1.274291, -9.029029), (1.47954, 1.285761, -8.869382), (1.638032, 1.275925, -9.028582)
(1.481116, 1.274291, -9.029029), (1.638032, 1.275925, -9.028582), (1.639173, 1.265121, -9.188233)
(1.638032, 1.275925, -9.028582), (1.636569, 1.287598, -8.868953), (1.795251, 1.276283, -9.028253)
(1.638032, 1.275925, -9.028582), (1.795251, 1.276283, -9.028253), (1.796293, 1.265409, -9.187868)
(1.795251, 1.276283, -9.028253), (1.793894, 1.288076, -8.868663), (1.95275, 1.275422, -9.028042)
(1.795251, 1.276283, -9.028253), (1.95275, 1.275422, -9.028042), (1.953697, 1.264575, -9.187602)
(1.95275, 1.275422, -9.028042), (1.951496, 1.287271, -8.868494), (2.110501, 1.273456, -9.027935)
(1.95275, 1.275422, -9.028042), (2.110501, 1.273456, -9.027935), (2.111362, 1.262741, -9.187421)
(1.827374, 1.795273, -9.024598), (1.909047, 0.992298, -9.032651), (1.967601, 0.99749, -8.951013)
(1.827374, 1.795273, -9.024598), (1.76931, 1.790218, -9.105462), (1.909047, 0.992298, -9.032651)
(1.952497, 1.790891, -8.991227), (1.932996, 1.800419, -8.977853), (1.990985, 1.805689, -8.896981)
(1.952497, 1.790891, -8.991227), (1.894449, 1.785745, -9.072137), (1.932996, 1.800419, -8.977853)
(1.932996, 1.800419, -8.977853), (1.885402, 1.800419, -8.943719), (1.943382, 1.805689, -8.862855)
(1.932996, 1.800419, -8.977853), (1.874957, 1.795273, -9.058749), (1.885402, 1.800419, -8.943719)
(1.885402, 1.800419, -8.943719), (1.967601, 0.99749, -8.951013), (2.02627, 1.002823, -8.869178)
(1.885402, 1.800419, -8.943719), (1.827374, 1.795273, -9.024598), (1.967601, 0.99749, -8.951013)
(2.010497, 1.796162, -8.91034), (1.990985, 1.805689, -8.896981), (2.048924, 1.811116, -8.81615)
(2.010497, 1.796162, -8.91034), (1.952497, 1.790891, -8.991227), (1.990985, 1.805689, -8.896981)
(1.990985, 1.805689, -8.896981), (1.943382, 1.805689, -8.862855), (2.001317, 1.811116, -8.782035)
(1.990985, 1.805689, -8.896981), (1.932996, 1.800419, -8.977853), (1.943382, 1.805689, -8.862855)
(1.47954, 1.285761, -8.869382), (1.636569, 1.287598, -8.868953), (1.638032, 1.275925, -9.028582)
(1.47954, 1.285761, -8.869382), (1.477629, 1.297941, -8.709797), (1.636569, 1.287598, -8.868953)
(1.636569, 1.287598, -8.868953), (1.793894, 1.288076, -8.868663), (1.795251, 1.276283, -9.028253)
(1.636569, 1.287598, -8.868953), (1.634781, 1.300109, -8.709363), (1.793894, 1.288076, -8.868663)
(1.793894, 1.288076, -8.868663), (1.951496, 1.287271, -8.868494), (1.95275, 1.275422, -9.028042)
(1.793894, 1.288076, -8.868663), (1.792224, 1.300803, -8.70909), (1.951496, 1.287271, -8.868494)
(1.951496, 1.287271, -8.868494), (2.109339, 1.285273, -8.868453), (2.110501, 1.273456, -9.027935)
(1.951496, 1.287271, -8.868494), (1.949927, 1.300103, -8.708972), (2.109339, 1.285273, -8.868453)
(1.943382, 1.805689, -8.862855), (2.02627, 1.002823, -8.869178), (2.085048, 1.008329, -8.787164)
(1.943382, 1.805689, -8.862855), (1.885402, 1.800419, -8.943719), (2.02627, 1.002823, -8.869178)
(2.001317, 1.811116, -8.782035), (2.085048, 1.008329, -8.787164), (2.143897, 1.014045, -8.705014)
(2.001317, 1.811116, -8.782035), (1.943382, 1.805689, -8.862855), (2.085048, 1.008329, -8.787164)
# 2.37030281664667, 0, -9.048693150019997
(2.28342, 1.795273, -9.351895), (2.264496, 1.785745, -9.337714), (2.341552, 1.800419, -9.270867)
(2.28342, 1.795273, -9.351895), (2.341552, 1.800419, -9.270867), (2.393911, 1.800419, -9.308419)
(2.111904, 1.253271, -9.346925), (2.269721, 1.251011, -9.346693), (2.269864, 1.243504, -9.506083)
(2.111904, 1.253271, -9.346925), (2.111362, 1.262741, -9.187421), (2.269721, 1.251011, -9.346693)
(2.269721, 1.251011, -9.346693), (2.269259, 1.260046, -9.187304), (2.427739, 1.248226, -9.346487)
(2.269721, 1.251011, -9.346693), (2.427739, 1.248226, -9.346487), (2.427809, 1.241507, -9.50572)
(2.427739, 1.248226, -9.346487), (2.585917, 1.245153, -9.346277), (2.585929, 1.239252, -9.505333)
(2.427739, 1.248226, -9.346487), (2.427347, 1.256733, -9.187234), (2.585917, 1.245153, -9.346277)
(2.585917, 1.245153, -9.346277), (2.585591, 1.252992, -9.187181), (2.744232, 1.24183, -9.346045)
(2.585917, 1.245153, -9.346277), (2.744232, 1.24183, -9.346045), (2.744181, 1.237006, -9.504896)
(2.264496, 1.785745, -9.337714), (2.139768, 1.785745, -9.2482), (2.322631, 1.790891, -9.256684)
(2.264496, 1.785745, -9.337714), (2.322631, 1.790891, -9.256684), (2.341552, 1.800419, -9.270867)
(2.081581, 1.780689, -9.329232), (2.061635, 1.790218, -9.315494), (2.139768, 1.785745, -9.2482)
(2.081581, 1.780689, -9.329232), (2.139768, 1.785745, -9.2482), (2.264496, 1.785745, -9.337714)
(2.310964, 1.031293, -9.323556), (2.335767, 1.795273, -9.389466), (2.369586, 1.036483, -9.241824)
(2.061635, 1.790218, -9.315494), (2.119809, 1.795273, -9.234475), (2.139768, 1.785745, -9.2482)
(2.061635, 1.790218, -9.315494), (2.003352, 1.78522, -9.396539), (1.96277, 1.78522, -9.367333)
(2.393911, 1.800419, -9.308419), (2.341552, 1.800419, -9.270867), (2.451966, 1.805689, -9.227454)
(2.393911, 1.800419, -9.308419), (2.451966, 1.805689, -9.227454), (2.428279, 1.041812, -9.159955)
(2.341552, 1.800419, -9.270867), (2.322631, 1.790891, -9.256684), (2.3996, 1.805689, -9.189914)
(2.341552, 1.800419, -9.270867), (2.3996, 1.805689, -9.189914), (2.451966, 1.805689, -9.227454)
(2.322631, 1.790891, -9.256684), (2.197873, 1.790891, -9.167209), (2.380685, 1.796162, -9.175723)
(2.322631, 1.790891, -9.256684), (2.380685, 1.796162, -9.175723), (2.3996, 1.805689, -9.189914)
(2.139768, 1.785745, -9.2482), (2.119809, 1.795273, -9.234475), (2.197873, 1.790891, -9.167209)
(2.139768, 1.785745, -9.2482), (2.197873, 1.790891, -9.167209), (2.322631, 1.790891, -9.256684)
(2.369586, 1.036483, -9.241824), (2.393911, 1.800419, -9.308419), (2.428279, 1.041812, -9.159955)
(2.119809, 1.795273, -9.234475), (2.177905, 1.800419, -9.153501), (2.197873, 1.790891, -9.167209)
(2.119809, 1.795273, -9.234475), (2.061635, 1.790218, -9.315494), (2.021029, 1.790218, -9.286319)
(2.451966, 1.805689, -9.227454), (2.3996, 1.805689, -9.189914), (2.509963, 1.811116, -9.146543)
(2.451966, 1.805689, -9.227454), (2.509963, 1.811116, -9.146543), (2.487067, 1.047315, -9.077929)
(2.079188, 1.795273, -9.205323), (2.119809, 1.795273, -9.234475), (2.021029, 1.790218, -9.286319)
(2.3996, 1.805689, -9.189914), (2.380685, 1.796162, -9.175723), (2.457591, 1.811116, -9.109012)
(2.3996, 1.805689, -9.189914), (2.457591, 1.811116, -9.109012), (2.509963, 1.811116, -9.146543)
(2.111362, 1.262741, -9.187421), (2.269259, 1.260046, -9.187304), (2.269721, 1.251011, -9.346693)
(2.111362, 1.262741, -9.187421), (2.110501, 1.273456, -9.027935), (2.269259, 1.260046, -9.187304)
(2.269259, 1.260046, -9.187304), (2.427347, 1.256733, -9.187234), (2.427739, 1.248226, -9.346487)
(2.269259, 1.260046, -9.187304), (2.26847, 1.270561, -9.027915), (2.427347, 1.256733, -9.187234)
(2.427347, 1.256733, -9.187234), (2.585591, 1.252992, -9.187181), (2.585917, 1.245153, -9.346277)
(2.427347, 1.256733, -9.187234), (2.426634, 1.266906, -9.027954), (2.585591, 1.252992, -9.187181)
(2.585591, 1.252992, -9.187181), (2.743967, 1.248911, -9.187125), (2.744232, 1.24183, -9.346045)
(2.585591, 1.252992, -9.187181), (2.584945, 1.262735, -9.028034), (2.743967, 1.248911, -9.187125)
(2.038567, 1.795273, -9.176169), (2.096643, 1.800419, -9.095222), (2.079188, 1.795273, -9.205323)
(2.038567, 1.795273, -9.176169), (2.019177, 1.785745, -9.161653), (2.077255, 1.790891, -9.080705)
(2.038567, 1.795273, -9.176169), (2.079188, 1.795273, -9.205323), (2.021029, 1.790218, -9.286319)
(2.038567, 1.795273, -9.176169), (1.980423, 1.790218, -9.257144), (2.019177, 1.785745, -9.161653)
(2.380685, 1.796162, -9.175723), (2.255908, 1.796162, -9.086274), (2.438684, 1.80159, -9.09481)
(2.380685, 1.796162, -9.175723), (2.438684, 1.80159, -9.09481), (2.457591, 1.811116, -9.109012)
(2.197873, 1.790891, -9.167209), (2.177905, 1.800419, -9.153501), (2.255908, 1.796162, -9.086274)
(2.197873, 1.790891, -9.167209), (2.255908, 1.796162, -9.086274), (2.380685, 1.796162, -9.175723)
(2.428279, 1.041812, -9.159955), (2.451966, 1.805689, -9.227454), (2.487067, 1.047315, -9.077929)
(2.177905, 1.800419, -9.153501), (2.235929, 1.805689, -9.072579), (2.255908, 1.796162, -9.086274)
(2.177905, 1.800419, -9.153501), (2.119809, 1.795273, -9.234475), (2.079188, 1.795273, -9.205323)
(2.509963, 1.811116, -9.146543), (2.457591, 1.811116, -9.109012), (2.567918, 1.816735, -9.065665)
(2.509963, 1.811116, -9.146543), (2.567918, 1.816735, -9.065665), (2.54595, 1.053026, -8.995734)
(2.137275, 1.800419, -9.12436), (2.177905, 1.800419, -9.153501), (2.079188, 1.795273, -9.205323)
(2.457591, 1.811116, -9.109012), (2.438684, 1.80159, -9.09481), (2.515532, 1.816735, -9.028146)
(2.457591, 1.811116, -9.109012), (2.515532, 1.816735, -9.028146), (2.567918, 1.816735, -9.065665)
(2.096643, 1.800419, -9.095222), (2.154655, 1.805689, -9.014316), (2.137275, 1.800419, -9.12436)
(2.096643, 1.800419, -9.095222), (2.077255, 1.790891, -9.080705), (2.135272, 1.796162, -8.999789)
(2.096643, 1.800419, -9.095222), (2.137275, 1.800419, -9.12436), (2.079188, 1.795273, -9.205323)
(2.096643, 1.800419, -9.095222), (2.038567, 1.795273, -9.176169), (2.077255, 1.790891, -9.080705)
(2.438684, 1.80159, -9.09481), (2.313891, 1.80159, -9.00538), (2.496634, 1.80721, -9.013934)
(2.438684, 1.80159, -9.09481), (2.496634, 1.80721, -9.013934), (2.515532, 1.816735, -9.028146)
(2.255908, 1.796162, -9.086274), (2.235929, 1.805689, -9.072579), (2.313891, 1.80159, -9.00538)
(2.255908, 1.796162, -9.086274), (2.313891, 1.80159, -9.00538), (2.438684, 1.80159, -9.09481)
(2.077255, 1.790891, -9.080705), (1.952497, 1.790891, -8.991227), (2.010497, 1.796162, -8.91034)
(2.077255, 1.790891, -9.080705), (2.019177, 1.785745, -9.161653), (1.952497, 1.790891, -8.991227)
(2.487067, 1.047315, -9.077929), (2.509963, 1.811116, -9.146543), (2.54595, 1.053026, -8.995734)
(2.235929, 1.805689, -9.072579), (2.2939, 1.811116, -8.991706), (2.313891, 1.80159, -9.00538)
(2.235929, 1.805689, -9.072579), (2.177905, 1.800419, -9.153501), (2.137275, 1.800419, -9.12436)
(2.567918, 1.816735, -9.065665), (2.515532, 1.816735, -9.028146), (2.625834, 1.822575, -8.984778)
(2.567918, 1.816735, -9.065665), (2.625834, 1.822575, -8.984778), (2.604921, 1.058977, -8.913337)
(2.195292, 1.805689, -9.043448), (2.235929, 1.805689, -9.072579), (2.137275, 1.800419, -9.12436)
(2.515532, 1.816735, -9.028146), (2.496634, 1.80721, -9.013934), (2.573432, 1.822575, -8.947288)
(2.515532, 1.816735, -9.028146), (2.573432, 1.822575, -8.947288), (2.625834, 1.822575, -8.984778)
(2.584945, 1.262735, -9.028034), (2.584022, 1.273953, -8.868842), (2.743386, 1.258098, -9.028131)
(2.584945, 1.262735, -9.028034), (2.743386, 1.258098, -9.028131), (2.743967, 1.248911, -9.187125)
(2.426634, 1.266906, -9.027954), (2.425635, 1.278422, -8.868649), (2.584945, 1.262735, -9.028034)
(2.426634, 1.266906, -9.027954), (2.584945, 1.262735, -9.028034), (2.585591, 1.252992, -9.187181)
(2.110501, 1.273456, -9.027935), (2.109339, 1.285273, -8.868453), (2.26847, 1.270561, -9.027915)
(2.110501, 1.273456, -9.027935), (2.26847, 1.270561, -9.027915), (2.269259, 1.260046, -9.187304)
(2.26847, 1.270561, -9.027915), (2.267395, 1.282264, -8.868512), (2.426634, 1.266906, -9.027954)
(2.26847, 1.270561, -9.027915), (2.426634, 1.266906, -9.027954), (2.427347, 1.256733, -9.187234)
(2.154655, 1.805689, -9.014316), (2.212616, 1.811116, -8.933457), (2.195292, 1.805689, -9.043448)
(2.154655, 1.805689, -9.014316), (2.135272, 1.796162, -8.999789), (2.19324, 1.80159, -8.918921)
(2.154655, 1.805689, -9.014316), (2.195292, 1.805689, -9.043448), (2.137275, 1.800419, -9.12436)
(2.154655, 1.805689, -9.014316), (2.096643, 1.800419, -9.095222), (2.135272, 1.796162, -8.999789)
(2.496634, 1.80721, -9.013934), (2.371818, 1.80721, -8.924539), (2.55454, 1.813052, -8.933063)
(2.496634, 1.80721, -9.013934), (2.55454, 1.813052, -8.933063), (2.573432, 1.822575, -8.947288)
(2.313891, 1.80159, -9.00538), (2.2939, 1.811116, -8.991706), (2.371818, 1.80721, -8.924539)
(2.313891, 1.80159, -9.00538), (2.371818, 1.80721, -8.924539), (2.496634, 1.80721, -9.013934)
(2.135272, 1.796162, -8.999789), (2.010497, 1.796162, -8.91034), (2.06845, 1.80159, -8.829492)
(2.135272, 1.796162, -8.999789), (2.077255, 1.790891, -9.080705), (2.010497, 1.796162, -8.91034)
(2.54595, 1.053026, -8.995734), (2.567918, 1.816735, -9.065665), (2.604921, 1.058977, -8.913337)
(2.2939, 1.811116, -8.991706), (2.35181, 1.816735, -8.910886), (2.371818, 1.80721, -8.924539)
(2.2939, 1.811116, -8.991706), (2.235929, 1.805689, -9.072579), (2.195292, 1.805689, -9.043448)
(2.625834, 1.822575, -8.984778), (2.573432, 1.822575, -8.947288), (2.683711, 1.82867, -8.903855)
(2.625834, 1.822575, -8.984778), (2.683711, 1.82867, -8.903855), (2.663969, 1.065201, -8.83072)
(2.253258, 1.811116, -8.962579), (2.2939, 1.811116, -8.991706), (2.195292, 1.805689, -9.043448)
(2.573432, 1.822575, -8.947288), (2.55454, 1.813052, -8.933063), (2.631285, 1.82867, -8.866401)
(2.573432, 1.822575, -8.947288), (2.631285, 1.82867, -8.866401), (2.683711, 1.82867, -8.903855)
(2.212616, 1.811116, -8.933457), (2.270511, 1.816735, -8.852658), (2.253258, 1.811116, -8.962579)
(2.212616, 1.811116, -8.933457), (2.19324, 1.80159, -8.918921), (2.251142, 1.80721, -8.838113)
(2.212616, 1.811116, -8.933457), (2.253258, 1.811116, -8.962579), (2.195292, 1.805689, -9.043448)
(2.212616, 1.811116, -8.933457), (2.154655, 1.805689, -9.014316), (2.19324, 1.80159, -8.918921)
(2.55454, 1.813052, -8.933063), (2.429682, 1.813052, -8.843726), (2.612395, 1.819148, -8.85217)
(2.55454, 1.813052, -8.933063), (2.612395, 1.819148, -8.85217), (2.631285, 1.82867, -8.866401)
(2.371818, 1.80721, -8.924539), (2.35181, 1.816735, -8.910886), (2.429682, 1.813052, -8.843726)
(2.371818, 1.80721, -8.924539), (2.429682, 1.813052, -8.843726), (2.55454, 1.813052, -8.933063)
(2.19324, 1.80159, -8.918921), (2.06845, 1.80159, -8.829492), (2.126327, 1.80721, -8.748719)
(2.19324, 1.80159, -8.918921), (2.135272, 1.796162, -8.999789), (2.06845, 1.80159, -8.829492)
(2.604921, 1.058977, -8.913337), (2.625834, 1.822575, -8.984778), (2.663969, 1.065201, -8.83072)
(2.35181, 1.816735, -8.910886), (2.409654, 1.822575, -8.830102), (2.429682, 1.813052, -8.843726)
(2.35181, 1.816735, -8.910886), (2.2939, 1.811116, -8.991706), (2.253258, 1.811116, -8.962579)
(2.683711, 1.82867, -8.903855), (2.631285, 1.82867, -8.866401), (2.741526, 1.835047, -8.822879)
(2.683711, 1.82867, -8.903855), (2.741526, 1.835047, -8.822879), (2.72305, 1.071727, -8.747886)
(2.31116, 1.816735, -8.881772), (2.35181, 1.816735, -8.910886), (2.253258, 1.811116, -8.962579)
(2.584022, 1.273953, -8.868842), (2.742527, 1.268981, -8.869074), (2.743386, 1.258098, -9.028131)
(2.584022, 1.273953, -8.868842), (2.582802, 1.28672, -8.709591), (2.742527, 1.268981, -8.869074)
(2.425635, 1.278422, -8.868649), (2.584022, 1.273953, -8.868842), (2.584945, 1.262735, -9.028034)
(2.425635, 1.278422, -8.868649), (2.42435, 1.291273, -8.709302), (2.584022, 1.273953, -8.868842)
(2.267395, 1.282264, -8.868512), (2.425635, 1.278422, -8.868649), (2.426634, 1.266906, -9.027954)
(2.267395, 1.282264, -8.868512), (2.266025, 1.29518, -8.709088), (2.425635, 1.278422, -8.868649)
(2.109339, 1.285273, -8.868453), (2.267395, 1.282264, -8.868512), (2.26847, 1.270561, -9.027915)
(2.109339, 1.285273, -8.868453), (2.107871, 1.298189, -8.708974), (2.267395, 1.282264, -8.868512)
(2.631285, 1.82867, -8.866401), (2.612395, 1.819148, -8.85217), (2.689061, 1.835047, -8.785478)
(2.631285, 1.82867, -8.866401), (2.689061, 1.835047, -8.785478), (2.741526, 1.835047, -8.822879)
(2.270511, 1.816735, -8.852658), (2.328326, 1.822575, -8.771913), (2.31116, 1.816735, -8.881772)
(2.270511, 1.816735, -8.852658), (2.251142, 1.80721, -8.838113), (2.308967, 1.813052, -8.757356)
(2.270511, 1.816735, -8.852658), (2.31116, 1.816735, -8.881772), (2.253258, 1.811116, -8.962579)
(2.270511, 1.816735, -8.852658), (2.212616, 1.811116, -8.933457), (2.251142, 1.80721, -8.838113)
(2.612395, 1.819148, -8.85217), (2.487473, 1.819148, -8.762925), (2.670176, 1.825528, -8.771241)
(2.612395, 1.819148, -8.85217), (2.670176, 1.825528, -8.771241), (2.689061, 1.835047, -8.785478)
(2.429682, 1.813052, -8.843726), (2.409654, 1.822575, -8.830102), (2.487473, 1.819148, -8.762925)
(2.429682, 1.813052, -8.843726), (2.487473, 1.819148, -8.762925), (2.612395, 1.819148, -8.85217)
(2.251142, 1.80721, -8.838113), (2.126327, 1.80721, -8.748719), (2.184108, 1.813052, -8.668021)
(2.251142, 1.80721, -8.838113), (2.19324, 1.80159, -8.918921), (2.126327, 1.80721, -8.748719)
(2.663969, 1.065201, -8.83072), (2.683711, 1.82867, -8.903855), (2.72305, 1.071727, -8.747886)
(2.409654, 1.822575, -8.830102), (2.467422, 1.82867, -8.749335), (2.487473, 1.819148, -8.762925)
(2.409654, 1.822575, -8.830102), (2.35181, 1.816735, -8.910886), (2.31116, 1.816735, -8.881772)
(2.06845, 1.80159, -8.829492), (2.048924, 1.811116, -8.81615), (2.106786, 1.816735, -8.735398)
(2.06845, 1.80159, -8.829492), (2.010497, 1.796162, -8.91034), (2.048924, 1.811116, -8.81615)
(2.048924, 1.811116, -8.81615), (2.001317, 1.811116, -8.782035), (2.059169, 1.816735, -8.701295)
(2.048924, 1.811116, -8.81615), (1.990985, 1.805689, -8.896981), (2.001317, 1.811116, -8.782035)
(2.368991, 1.822575, -8.801007), (2.409654, 1.822575, -8.830102), (2.31116, 1.816735, -8.881772)
(2.689061, 1.835047, -8.785478), (2.670176, 1.825528, -8.771241), (2.746734, 1.841743, -8.704515)
(2.689061, 1.835047, -8.785478), (2.746734, 1.841743, -8.704515), (2.799239, 1.841743, -8.741858)
(2.328326, 1.822575, -8.771913), (2.386052, 1.82867, -8.691201), (2.368991, 1.822575, -8.801007)
(2.328326, 1.822575, -8.771913), (2.308967, 1.813052, -8.757356), (2.366696, 1.819148, -8.676639)
(2.328326, 1.822575, -8.771913), (2.368991, 1.822575, -8.801007), (2.31116, 1.816735, -8.881772)
(2.328326, 1.822575, -8.771913), (2.270511, 1.816735, -8.852658), (2.308967, 1.813052, -8.757356)
(2.670176, 1.825528, -8.771241), (2.545165, 1.825528, -8.682117), (2.72785, 1.832226, -8.690274)
(2.670176, 1.825528, -8.771241), (2.72785, 1.832226, -8.690274), (2.746734, 1.841743, -8.704515)
(2.487473, 1.819148, -8.762925), (2.467422, 1.82867, -8.749335), (2.545165, 1.825528, -8.682117)
(2.487473, 1.819148, -8.762925), (2.545165, 1.825528, -8.682117), (2.670176, 1.825528, -8.771241)
(2.308967, 1.813052, -8.757356), (2.184108, 1.813052, -8.668021), (2.241773, 1.819148, -8.587394)
(2.308967, 1.813052, -8.757356), (2.251142, 1.80721, -8.838113), (2.184108, 1.813052, -8.668021)
(2.467422, 1.82867, -8.749335), (2.525084, 1.835047, -8.668571), (2.545165, 1.825528, -8.682117)
(2.467422, 1.82867, -8.749335), (2.409654, 1.822575, -8.830102), (2.368991, 1.822575, -8.801007)
(2.126327, 1.80721, -8.748719), (2.106786, 1.816735, -8.735398), (2.164548, 1.822575, -8.654727)
(2.126327, 1.80721, -8.748719), (2.06845, 1.80159, -8.829492), (2.106786, 1.816735, -8.735398)
(2.106786, 1.816735, -8.735398), (2.059169, 1.816735, -8.701295), (2.116916, 1.822575, -8.620645)
(2.106786, 1.816735, -8.735398), (2.048924, 1.811116, -8.81615), (2.059169, 1.816735, -8.701295)
(2.426737, 1.82867, -8.720269), (2.467422, 1.82867, -8.749335), (2.368991, 1.822575, -8.801007)
# 3.038073049980004, 0, -9.048693150019997
(2.744232, 1.24183, -9.346045), (2.902644, 1.238431, -9.345766), (2.902535, 1.234809, -9.504387)
(2.744232, 1.24183, -9.346045), (2.743967, 1.248911, -9.187125), (2.902644, 1.238431, -9.345766)
(2.902644, 1.238431, -9.345766), (2.902439, 1.244595, -9.187051), (3.061112, 1.235075, -9.345422)
(2.902644, 1.238431, -9.345766), (3.061112, 1.235075, -9.345422), (3.060956, 1.232709, -9.50379)
(3.061112, 1.235075, -9.345422), (3.219596, 1.231867, -9.34499), (3.219409, 1.230767, -9.503085)
(3.061112, 1.235075, -9.345422), (3.060956, 1.240288, -9.186932), (3.219596, 1.231867, -9.34499)
(3.219596, 1.231867, -9.34499), (3.219493, 1.235972, -9.186756), (3.378089, 1.228526, -9.344481)
(3.219596, 1.231867, -9.34499), (3.378089, 1.228526, -9.344481), (3.377873, 1.228786, -9.502275)
(2.743967, 1.248911, -9.187125), (2.902439, 1.244595, -9.187051), (2.902644, 1.238431, -9.345766)
(2.743967, 1.248911, -9.187125), (2.743386, 1.258098, -9.028131), (2.902439, 1.244595, -9.187051)
(2.902439, 1.244595, -9.187051), (3.060956, 1.240288, -9.186932), (3.061112, 1.235075, -9.345422)
(2.902439, 1.244595, -9.187051), (2.901904, 1.253253, -9.028227), (3.060956, 1.240288, -9.186932)
(3.060956, 1.240288, -9.186932), (3.219493, 1.235972, -9.186756), (3.219596, 1.231867, -9.34499)
(3.060956, 1.240288, -9.186932), (3.060481, 1.248197, -9.02831), (3.219493, 1.235972, -9.186756)
(3.219493, 1.235972, -9.186756), (3.378019, 1.231604, -9.18652), (3.378089, 1.228526, -9.344481)
(3.219493, 1.235972, -9.186756), (3.219076, 1.24304, -9.028364), (3.378019, 1.231604, -9.18652)
(3.219076, 1.24304, -9.028364), (3.218387, 1.252491, -8.869834), (3.377648, 1.237864, -9.028376)
(3.219076, 1.24304, -9.028364), (3.377648, 1.237864, -9.028376), (3.378019, 1.231604, -9.18652)
(3.060481, 1.248197, -9.02831), (3.059735, 1.258205, -8.86958), (3.219076, 1.24304, -9.028364)
(3.060481, 1.248197, -9.02831), (3.219076, 1.24304, -9.028364), (3.219493, 1.235972, -9.186756)
(2.901904, 1.253253, -9.028227), (2.901106, 1.26371, -8.869323), (3.060481, 1.248197, -9.02831)
(2.901904, 1.253253, -9.028227), (3.060481, 1.248197, -9.02831), (3.060956, 1.240288, -9.186932)
(2.743386, 1.258098, -9.028131), (2.742527, 1.268981, -8.869074), (2.901904, 1.253253, -9.028227)
(2.743386, 1.258098, -9.028131), (2.901904, 1.253253, -9.028227), (2.902439, 1.244595, -9.187051)
(3.218387, 1.252491, -8.869834), (3.376999, 1.246822, -8.870062), (3.377648, 1.237864, -9.028376)
(3.218387, 1.252491, -8.869834), (3.217387, 1.264429, -8.711135), (3.376999, 1.246822, -8.870062)
(3.059735, 1.258205, -8.86958), (3.218387, 1.252491, -8.869834), (3.219076, 1.24304, -9.028364)
(3.059735, 1.258205, -8.86958), (3.058715, 1.270221, -8.710727), (3.218387, 1.252491, -8.869834)
(2.901106, 1.26371, -8.869323), (3.059735, 1.258205, -8.86958), (3.060481, 1.248197, -9.02831)
(2.901106, 1.26371, -8.869323), (2.90003, 1.275991, -8.71032), (3.059735, 1.258205, -8.86958)
(2.742527, 1.268981, -8.869074), (2.901106, 1.26371, -8.869323), (2.901904, 1.253253, -9.028227)
(2.742527, 1.268981, -8.869074), (2.741375, 1.281566, -8.709934), (2.901106, 1.26371, -8.869323)
(2.741526, 1.835047, -8.822879), (2.689061, 1.835047, -8.785478), (2.799239, 1.841743, -8.741858)
(2.741526, 1.835047, -8.822879), (2.799239, 1.841743, -8.741858), (2.782117, 1.07859, -8.664865)
(2.72305, 1.071727, -8.747886), (2.741526, 1.835047, -8.822879), (2.782117, 1.07859, -8.664865)
(2.799239, 1.841743, -8.741858), (2.746734, 1.841743, -8.704515), (2.856814, 1.84877, -8.660836)
(2.799239, 1.841743, -8.741858), (2.856814, 1.84877, -8.660836), (2.841109, 1.0858, -8.58175)
# 3.705843283313337, 0, -9.048693150019997
(3.378089, 1.228526, -9.344481), (3.536552, 1.225072, -9.343885), (3.53632, 1.226689, -9.501354)
(3.378089, 1.228526, -9.344481), (3.378019, 1.231604, -9.18652), (3.536552, 1.225072, -9.343885)
(3.536552, 1.225072, -9.343885), (3.53651, 1.227079, -9.186222), (3.694954, 1.221426, -9.343197)
(3.536552, 1.225072, -9.343885), (3.694954, 1.221426, -9.343197), (3.694724, 1.224333, -9.500321)
(3.694954, 1.221426, -9.343197), (3.853265, 1.217489, -9.342421), (3.853059, 1.221525, -9.499186)
(3.694954, 1.221426, -9.343197), (3.694924, 1.222455, -9.185852), (3.853265, 1.217489, -9.342421)
(3.853265, 1.217489, -9.342421), (3.853243, 1.217532, -9.185421), (4.011467, 1.213032, -9.341571)
(3.853265, 1.217489, -9.342421), (4.011467, 1.213032, -9.341571), (4.011291, 1.218232, -9.497943)
(4.011467, 1.213032, -9.341571), (4.16952, 1.208045, -9.340652), (4.169386, 1.21432, -9.496605)
(4.011467, 1.213032, -9.341571), (4.011433, 1.212231, -9.184935), (4.16952, 1.208045, -9.340652)
(3.378019, 1.231604, -9.18652), (3.53651, 1.227079, -9.186222), (3.536552, 1.225072, -9.343885)
(3.378019, 1.231604, -9.18652), (3.377648, 1.237864, -9.028376), (3.53651, 1.227079, -9.186222)
(3.53651, 1.227079, -9.186222), (3.694924, 1.222455, -9.185852), (3.694954, 1.221426, -9.343197)
(3.53651, 1.227079, -9.186222), (3.536157, 1.232699, -9.028336), (3.694924, 1.222455, -9.185852)
(3.694924, 1.222455, -9.185852), (3.853243, 1.217532, -9.185421), (3.853265, 1.217489, -9.342421)
(3.694924, 1.222455, -9.185852), (3.694605, 1.227269, -9.028264), (3.853243, 1.217532, -9.185421)
(3.853243, 1.217532, -9.185421), (4.011433, 1.212231, -9.184935), (4.011467, 1.213032, -9.341571)
(3.853243, 1.217532, -9.185421), (3.85295, 1.221591, -9.028152), (4.011433, 1.212231, -9.184935)
(4.011433, 1.212231, -9.184935), (4.169465, 1.20645, -9.184403), (4.16952, 1.208045, -9.340652)
(4.011433, 1.212231, -9.184935), (4.011149, 1.215667, -9.028004), (4.169465, 1.20645, -9.184403)
(3.377648, 1.237864, -9.028376), (3.376999, 1.246822, -8.870062), (3.536157, 1.232699, -9.028336)
(3.377648, 1.237864, -9.028376), (3.536157, 1.232699, -9.028336), (3.53651, 1.227079, -9.186222)
(3.536157, 1.232699, -9.028336), (3.535551, 1.241126, -8.870264), (3.694605, 1.227269, -9.028264)
(3.536157, 1.232699, -9.028336), (3.694605, 1.227269, -9.028264), (3.694924, 1.222455, -9.185852)
(3.694605, 1.227269, -9.028264), (3.694026, 1.235252, -8.870448), (3.85295, 1.221591, -9.028152)
(3.694605, 1.227269, -9.028264), (3.85295, 1.221591, -9.028152), (3.853243, 1.217532, -9.185421)
(3.85295, 1.221591, -9.028152), (3.852403, 1.229095, -8.870625), (4.011149, 1.215667, -9.028004)
(3.85295, 1.221591, -9.028152), (4.011149, 1.215667, -9.028004), (4.011433, 1.212231, -9.184935)
(4.011149, 1.215667, -9.028004), (4.010615, 1.222854, -8.870775), (4.169165, 1.209494, -9.027817)
(4.011149, 1.215667, -9.028004), (4.169165, 1.209494, -9.027817), (4.169465, 1.20645, -9.184403)
(4.010615, 1.222854, -8.870775), (4.168641, 1.216403, -8.870911), (4.169165, 1.209494, -9.027817)
(4.010615, 1.222854, -8.870775), (4.009788, 1.233659, -8.713214), (4.168641, 1.216403, -8.870911)
(3.852403, 1.229095, -8.870625), (4.010615, 1.222854, -8.870775), (4.011149, 1.215667, -9.028004)
(3.852403, 1.229095, -8.870625), (3.851546, 1.240069, -8.712792), (4.010615, 1.222854, -8.870775)
(3.694026, 1.235252, -8.870448), (3.852403, 1.229095, -8.870625), (3.85295, 1.221591, -9.028152)
(3.694026, 1.235252, -8.870448), (3.693172, 1.246196, -8.712391), (3.852403, 1.229095, -8.870625)
(3.535551, 1.241126, -8.870264), (3.694026, 1.235252, -8.870448), (3.694605, 1.227269, -9.028264)
(3.535551, 1.241126, -8.870264), (3.534659, 1.252332, -8.711976), (3.694026, 1.235252, -8.870448)
(3.376999, 1.246822, -8.870062), (3.535551, 1.241126, -8.870264), (3.536157, 1.232699, -9.028336)
(3.376999, 1.246822, -8.870062), (3.376048, 1.258443, -8.711554), (3.535551, 1.241126, -8.870264)
# 4.373613516646671, 0, -9.048693150019997
(4.16952, 1.208045, -9.340652), (4.169465, 1.20645, -9.184403), (4.327383, 1.202518, -9.339667)
(4.16952, 1.208045, -9.340652), (4.327383, 1.202518, -9.339667), (4.327312, 1.209709, -9.495188)
(4.327383, 1.202518, -9.339667), (4.485006, 1.196563, -9.338625), (4.48502, 1.20449, -9.493697)
(4.327383, 1.202518, -9.339667), (4.327292, 1.200268, -9.183827), (4.485006, 1.196563, -9.338625)
(4.485006, 1.196563, -9.338625), (4.48488, 1.193662, -9.183222), (4.642359, 1.190074, -9.337558)
(4.485006, 1.196563, -9.338625), (4.642359, 1.190074, -9.337558), (4.642474, 1.198574, -9.492169)
(4.642359, 1.190074, -9.337558), (4.799378, 1.183331, -9.336473), (4.799615, 1.192197, -9.490632)
(4.642359, 1.190074, -9.337558), (4.642178, 1.186723, -9.182599), (4.799378, 1.183331, -9.336473)
(4.169465, 1.20645, -9.184403), (4.327292, 1.200268, -9.183827), (4.327383, 1.202518, -9.339667)
(4.169465, 1.20645, -9.184403), (4.169165, 1.209494, -9.027817), (4.327292, 1.200268, -9.183827)
(4.327292, 1.200268, -9.183827), (4.48488, 1.193662, -9.183222), (4.485006, 1.196563, -9.338625)
(4.327292, 1.200268, -9.183827), (4.326987, 1.202845, -9.027623), (4.48488, 1.193662, -9.183222)
(4.48488, 1.193662, -9.183222), (4.642178, 1.186723, -9.182599), (4.642359, 1.190074, -9.337558)
(4.48488, 1.193662, -9.183222), (4.484562, 1.195848, -9.027422), (4.642178, 1.186723, -9.182599)
(4.642178, 1.186723, -9.182599), (4.799128, 1.179644, -9.181973), (4.799378, 1.183331, -9.336473)
(4.642178, 1.186723, -9.182599), (4.641836, 1.188662, -9.02722), (4.799128, 1.179644, -9.181973)
(4.169165, 1.209494, -9.027817), (4.168641, 1.216403, -8.870911), (4.326987, 1.202845, -9.027623)
(4.169165, 1.209494, -9.027817), (4.326987, 1.202845, -9.027623), (4.327292, 1.200268, -9.183827)
(4.326987, 1.202845, -9.027623), (4.326461, 1.209613, -8.871055), (4.484562, 1.195848, -9.027422)
(4.326987, 1.202845, -9.027623), (4.484562, 1.195848, -9.027422), (4.48488, 1.193662, -9.183222)
(4.484562, 1.195848, -9.027422), (4.484044, 1.202458, -8.871223), (4.641836, 1.188662, -9.02722)
(4.484562, 1.195848, -9.027422), (4.641836, 1.188662, -9.02722), (4.642178, 1.186723, -9.182599)
(4.641836, 1.188662, -9.02722), (4.641311, 1.195274, -8.871398), (4.798747, 1.181551, -9.027018)
(4.641836, 1.188662, -9.02722), (4.798747, 1.181551, -9.027018), (4.799128, 1.179644, -9.181973)
(4.641311, 1.195274, -8.871398), (4.798221, 1.188172, -8.871596), (4.798747, 1.181551, -9.027018)
(4.641311, 1.195274, -8.871398), (4.640534, 1.206341, -8.715082), (4.798221, 1.188172, -8.871596)
(4.484044, 1.202458, -8.871223), (4.641311, 1.195274, -8.871398), (4.641836, 1.188662, -9.02722)
(4.484044, 1.202458, -8.871223), (4.483248, 1.213411, -8.714563), (4.641311, 1.195274, -8.871398)
(4.326461, 1.209613, -8.871055), (4.484044, 1.202458, -8.871223), (4.484562, 1.195848, -9.027422)
(4.326461, 1.209613, -8.871055), (4.325687, 1.220238, -8.7141), (4.484044, 1.202458, -8.871223)
(4.168641, 1.216403, -8.870911), (4.326461, 1.209613, -8.871055), (4.326987, 1.202845, -9.027623)
(4.168641, 1.216403, -8.870911), (4.167852, 1.227016, -8.713651), (4.326461, 1.209613, -8.871055)
(4.640534, 1.206341, -8.715082), (4.797479, 1.199304, -8.71565), (4.798221, 1.188172, -8.871596)
(4.640534, 1.206341, -8.715082), (4.639502, 1.221207, -8.558268), (4.797479, 1.199304, -8.71565)
# 5.041383749980003, 0, -9.048693150019997
(4.799378, 1.183331, -9.336473), (4.799128, 1.179644, -9.181973), (4.955993, 1.176742, -9.335397)
(4.799378, 1.183331, -9.336473), (4.955993, 1.176742, -9.335397), (4.956385, 1.185624, -9.489124)
(4.955993, 1.176742, -9.335397), (5.112134, 1.170806, -9.334365), (5.112722, 1.179195, -9.487701)
(4.955993, 1.176742, -9.335397), (4.955656, 1.172928, -9.181347), (5.112134, 1.170806, -9.334365)
(5.112134, 1.170806, -9.334365), (5.111688, 1.167048, -9.18074), (5.267754, 1.165721, -9.333447)
(5.112134, 1.170806, -9.334365), (5.267754, 1.165721, -9.333447), (5.268548, 1.17353, -9.486449)
(5.267754, 1.165721, -9.333447), (5.422769, 1.162278, -9.332712), (5.423797, 1.169147, -9.485477)
(5.267754, 1.165721, -9.333447), (5.267165, 1.162375, -9.180201), (5.422769, 1.162278, -9.332712)
(4.799128, 1.179644, -9.181973), (4.955656, 1.172928, -9.181347), (4.955993, 1.176742, -9.335397)
(4.799128, 1.179644, -9.181973), (4.798747, 1.181551, -9.027018), (4.955656, 1.172928, -9.181347)
(4.955656, 1.172928, -9.181347), (5.111688, 1.167048, -9.18074), (5.112134, 1.170806, -9.334365)
(4.955656, 1.172928, -9.181347), (4.955245, 1.17471, -9.026838), (5.111688, 1.167048, -9.18074)
(5.111688, 1.167048, -9.18074), (5.267165, 1.162375, -9.180201), (5.267754, 1.165721, -9.333447)
(5.111688, 1.167048, -9.18074), (5.111239, 1.168777, -9.026675), (5.267165, 1.162375, -9.180201)
(5.267165, 1.162375, -9.180201), (5.422015, 1.15952, -9.179772), (5.422769, 1.162278, -9.332712)
(5.267165, 1.162375, -9.180201), (5.266669, 1.164055, -9.026556), (5.422015, 1.15952, -9.179772)
(4.798747, 1.181551, -9.027018), (4.798221, 1.188172, -8.871596), (4.955245, 1.17471, -9.026838)
(4.798747, 1.181551, -9.027018), (4.955245, 1.17471, -9.026838), (4.955656, 1.172928, -9.181347)
(4.955245, 1.17471, -9.026838), (4.954722, 1.181364, -8.871832), (5.111239, 1.168777, -9.026675)
(4.955245, 1.17471, -9.026838), (5.111239, 1.168777, -9.026675), (5.111688, 1.167048, -9.18074)
(5.111239, 1.168777, -9.026675), (5.110734, 1.175342, -8.872097), (5.266669, 1.164055, -9.026556)
(5.111239, 1.168777, -9.026675), (5.266669, 1.164055, -9.026556), (5.267165, 1.162375, -9.180201)
(5.266669, 1.164055, -9.026556), (5.266175, 1.170627, -8.872393), (5.421428, 1.161569, -9.026485)
(5.266669, 1.164055, -9.026556), (5.421428, 1.161569, -9.026485), (5.422015, 1.15952, -9.179772)
(5.266175, 1.170627, -8.872393), (5.420942, 1.168024, -8.872711), (5.421428, 1.161569, -9.026485)
(5.266175, 1.170627, -8.872393), (5.265546, 1.182158, -8.717587), (5.420942, 1.168024, -8.872711)
(5.110734, 1.175342, -8.872097), (5.266175, 1.170627, -8.872393), (5.266669, 1.164055, -9.026556)
(5.110734, 1.175342, -8.872097), (5.110047, 1.186871, -8.716896), (5.266175, 1.170627, -8.872393)
(4.954722, 1.181364, -8.871832), (5.110734, 1.175342, -8.872097), (5.111239, 1.168777, -9.026675)
(4.954722, 1.181364, -8.871832), (4.95401, 1.192663, -8.716257), (5.110734, 1.175342, -8.872097)
(4.798221, 1.188172, -8.871596), (4.954722, 1.181364, -8.871832), (4.955245, 1.17471, -9.026838)
(4.798221, 1.188172, -8.871596), (4.797479, 1.199304, -8.71565), (4.954722, 1.181364, -8.871832)
(5.265546, 1.182158, -8.717587), (5.420403, 1.179257, -8.718306), (5.420942, 1.168024, -8.872711)
(5.265546, 1.182158, -8.717587), (5.264731, 1.197942, -8.562097), (5.420403, 1.179257, -8.718306)
(5.110047, 1.186871, -8.716896), (5.109153, 1.202534, -8.56106), (5.265546, 1.182158, -8.717587)
(5.110047, 1.186871, -8.716896), (5.265546, 1.182158, -8.717587), (5.266175, 1.170627, -8.872393)
(4.95401, 1.192663, -8.716257), (4.953045, 1.208175, -8.560075), (5.110047, 1.186871, -8.716896)
(4.95401, 1.192663, -8.716257), (5.110047, 1.186871, -8.716896), (5.110734, 1.175342, -8.872097)
(4.797479, 1.199304, -8.71565), (4.79648, 1.214475, -8.559148), (4.95401, 1.192663, -8.716257)
(4.797479, 1.199304, -8.71565), (4.95401, 1.192663, -8.716257), (4.954722, 1.181364, -8.871832)
# 5.709153983313337, 0, -9.048693150019997
(6.035696, 1.178615, -9.334091), (6.034007, 1.181219, -9.181095), (6.187028, 1.193004, -9.336132)
(6.035696, 1.178615, -9.334091), (6.187028, 1.193004, -9.336132), (6.189423, 1.189807, -9.489351)
(5.8836, 1.16888, -9.332834), (6.035696, 1.178615, -9.334091), (6.037798, 1.178046, -9.487096)
(5.8836, 1.16888, -9.332834), (5.88217, 1.169699, -9.180052), (6.035696, 1.178615, -9.334091)
(5.422769, 1.162278, -9.332712), (5.422015, 1.15952, -9.179772), (5.577111, 1.161238, -9.33227)
(5.422769, 1.162278, -9.332712), (5.577111, 1.161238, -9.33227), (5.578396, 1.166739, -9.484923)
(5.577111, 1.161238, -9.33227), (5.730729, 1.163296, -9.332267), (5.732282, 1.167047, -9.484942)
(5.577111, 1.161238, -9.33227), (5.576158, 1.159391, -9.179527), (5.730729, 1.163296, -9.332267)
(5.730729, 1.163296, -9.332267), (5.729552, 1.162583, -9.179579), (5.8836, 1.16888, -9.332834)
(5.730729, 1.163296, -9.332267), (5.8836, 1.16888, -9.332834), (5.885424, 1.170592, -9.485639)
(6.034007, 1.181219, -9.181095), (6.185071, 1.197712, -9.182858), (6.187028, 1.193004, -9.336132)
(6.034007, 1.181219, -9.181095), (6.032768, 1.186084, -9.028083), (6.185071, 1.197712, -9.182858)
(5.88217, 1.169699, -9.180052), (6.034007, 1.181219, -9.181095), (6.035696, 1.178615, -9.334091)
(5.88217, 1.169699, -9.180052), (5.881157, 1.173312, -9.027196), (6.034007, 1.181219, -9.181095)
(5.422015, 1.15952, -9.179772), (5.576158, 1.159391, -9.179527), (5.577111, 1.161238, -9.33227)
(5.422015, 1.15952, -9.179772), (5.421428, 1.161569, -9.026485), (5.576158, 1.159391, -9.179527)
(5.729552, 1.162583, -9.179579), (5.88217, 1.169699, -9.180052), (5.8836, 1.16888, -9.332834)
(5.729552, 1.162583, -9.179579), (5.728725, 1.165377, -9.026726), (5.88217, 1.169699, -9.180052)
(5.576158, 1.159391, -9.179527), (5.729552, 1.162583, -9.179579), (5.730729, 1.163296, -9.332267)
(5.576158, 1.159391, -9.179527), (5.575469, 1.161723, -9.026522), (5.729552, 1.162583, -9.179579)
(6.032768, 1.186084, -9.028083), (6.032008, 1.19279, -8.87489), (6.183598, 1.203948, -9.029542)
(6.032768, 1.186084, -9.028083), (6.183598, 1.203948, -9.029542), (6.185071, 1.197712, -9.182858)
(5.881157, 1.173312, -9.027196), (5.880533, 1.179768, -8.874084), (6.032768, 1.186084, -9.028083)
(5.881157, 1.173312, -9.027196), (6.032768, 1.186084, -9.028083), (6.034007, 1.181219, -9.181095)
(5.728725, 1.165377, -9.026726), (5.728193, 1.17168, -8.873521), (5.881157, 1.173312, -9.027196)
(5.728725, 1.165377, -9.026726), (5.881157, 1.173312, -9.027196), (5.88217, 1.169699, -9.180052)
(5.575469, 1.161723, -9.026522), (5.574971, 1.168142, -8.873076), (5.728725, 1.165377, -9.026726)
(5.575469, 1.161723, -9.026522), (5.728725, 1.165377, -9.026726), (5.729552, 1.162583, -9.179579)
(5.421428, 1.161569, -9.026485), (5.420942, 1.168024, -8.872711), (5.575469, 1.161723, -9.026522)
(5.421428, 1.161569, -9.026485), (5.575469, 1.161723, -9.026522), (5.576158, 1.159391, -9.179527)
(6.032008, 1.19279, -8.87489), (6.182659, 1.21108, -8.876082), (6.183598, 1.203948, -9.029542)
(6.032008, 1.19279, -8.87489), (6.031647, 1.201917, -8.721384), (6.182659, 1.21108, -8.876082)
(5.880533, 1.179768, -8.874084), (6.032008, 1.19279, -8.87489), (6.032768, 1.186084, -9.028083)
(5.880533, 1.179768, -8.874084), (5.880175, 1.189647, -8.720531), (6.032008, 1.19279, -8.87489)
(5.728193, 1.17168, -8.873521), (5.880533, 1.179768, -8.874084), (5.881157, 1.173312, -9.027196)
(5.728193, 1.17168, -8.873521), (5.727783, 1.182288, -8.719763), (5.880533, 1.179768, -8.874084)
(5.574971, 1.168142, -8.873076), (5.728193, 1.17168, -8.873521), (5.728725, 1.165377, -9.026726)
(5.574971, 1.168142, -8.873076), (5.574515, 1.178988, -8.719036), (5.728193, 1.17168, -8.873521)
(5.420942, 1.168024, -8.872711), (5.574971, 1.168142, -8.873076), (5.575469, 1.161723, -9.026522)
(5.420942, 1.168024, -8.872711), (5.420403, 1.179257, -8.718306), (5.574971, 1.168142, -8.873076)
(6.031647, 1.201917, -8.721384), (6.031539, 1.214058, -8.567356), (6.182222, 1.21974, -8.722425)
(6.031647, 1.201917, -8.721384), (6.182222, 1.21974, -8.722425), (6.182659, 1.21108, -8.876082)
(5.880175, 1.189647, -8.720531), (6.031647, 1.201917, -8.721384), (6.032008, 1.19279, -8.87489)
(5.880175, 1.189647, -8.720531), (5.879925, 1.203142, -8.566339), (6.031647, 1.201917, -8.721384)
(5.727783, 1.182288, -8.719763), (5.727373, 1.196821, -8.565303), (5.880175, 1.189647, -8.720531)
(5.727783, 1.182288, -8.719763), (5.880175, 1.189647, -8.720531), (5.880533, 1.179768, -8.874084)
(5.574515, 1.178988, -8.719036), (5.573946, 1.194275, -8.564249), (5.727783, 1.182288, -8.719763)
(5.574515, 1.178988, -8.719036), (5.727783, 1.182288, -8.719763), (5.728193, 1.17168, -8.873521)
(5.420403, 1.179257, -8.718306), (5.419703, 1.194899, -8.563174), (5.574515, 1.178988, -8.719036)
(5.420403, 1.179257, -8.718306), (5.574515, 1.178988, -8.719036), (5.574971, 1.168142, -8.873076)
# 6.376924216646669, 0, -9.048693150019997
(6.636865, 1.266419, -9.347206), (6.634135, 1.277998, -9.192897), (6.785622, 1.301356, -9.352558)
(6.636865, 1.266419, -9.347206), (6.785622, 1.301356, -9.352558), (6.789105, 1.287505, -9.506966)
(6.48756, 1.236742, -9.342678), (6.636865, 1.266419, -9.347206), (6.640091, 1.255117, -9.501266)
(6.48756, 1.236742, -9.342678), (6.485075, 1.246087, -9.188751), (6.636865, 1.266419, -9.347206)
(6.337633, 1.212356, -9.338995), (6.335409, 1.219325, -9.185405), (6.48756, 1.236742, -9.342678)
(6.337633, 1.212356, -9.338995), (6.48756, 1.236742, -9.342678), (6.490524, 1.227988, -9.496411)
(6.187028, 1.193004, -9.336132), (6.337633, 1.212356, -9.338995), (6.340323, 1.206251, -9.492437)
(6.187028, 1.193004, -9.336132), (6.185071, 1.197712, -9.182858), (6.337633, 1.212356, -9.338995)
(6.634135, 1.277998, -9.192897), (6.782661, 1.315182, -9.197845), (6.785622, 1.301356, -9.352558)
(6.634135, 1.277998, -9.192897), (6.631973, 1.289377, -9.038337), (6.782661, 1.315182, -9.197845)
(6.485075, 1.246087, -9.188751), (6.634135, 1.277998, -9.192897), (6.636865, 1.266419, -9.347206)
(6.485075, 1.246087, -9.188751), (6.483134, 1.255558, -9.034623), (6.634135, 1.277998, -9.192897)
(6.335409, 1.219325, -9.185405), (6.485075, 1.246087, -9.188751), (6.48756, 1.236742, -9.342678)
(6.335409, 1.219325, -9.185405), (6.333699, 1.227095, -9.031701), (6.485075, 1.246087, -9.188751)
(6.185071, 1.197712, -9.182858), (6.335409, 1.219325, -9.185405), (6.337633, 1.212356, -9.338995)
(6.185071, 1.197712, -9.182858), (6.183598, 1.203948, -9.029542), (6.335409, 1.219325, -9.185405)
(6.631973, 1.289377, -9.038337), (6.630401, 1.299425, -8.88346), (6.780295, 1.328288, -9.042803)
(6.631973, 1.289377, -9.038337), (6.780295, 1.328288, -9.042803), (6.782661, 1.315182, -9.197845)
(6.483134, 1.255558, -9.034623), (6.481767, 1.264414, -8.880267), (6.631973, 1.289377, -9.038337)
(6.483134, 1.255558, -9.034623), (6.631973, 1.289377, -9.038337), (6.634135, 1.277998, -9.192897)
(6.333699, 1.227095, -9.031701), (6.332553, 1.234888, -8.877823), (6.483134, 1.255558, -9.034623)
(6.333699, 1.227095, -9.031701), (6.483134, 1.255558, -9.034623), (6.485075, 1.246087, -9.188751)
(6.183598, 1.203948, -9.029542), (6.182659, 1.21108, -8.876082), (6.333699, 1.227095, -9.031701)
(6.183598, 1.203948, -9.029542), (6.333699, 1.227095, -9.031701), (6.335409, 1.219325, -9.185405)
(6.630401, 1.299425, -8.88346), (6.778533, 1.339666, -8.887393), (6.780295, 1.328288, -9.042803)
(6.630401, 1.299425, -8.88346), (6.629458, 1.30828, -8.728352), (6.778533, 1.339666, -8.887393)
(6.481767, 1.264414, -8.880267), (6.630401, 1.299425, -8.88346), (6.631973, 1.289377, -9.038337)
(6.481767, 1.264414, -8.880267), (6.481013, 1.272987, -8.725757), (6.630401, 1.299425, -8.88346)
(6.332553, 1.234888, -8.877823), (6.481767, 1.264414, -8.880267), (6.483134, 1.255558, -9.034623)
(6.332553, 1.234888, -8.877823), (6.331973, 1.24344, -8.723825), (6.481767, 1.264414, -8.880267)
(6.182659, 1.21108, -8.876082), (6.332553, 1.234888, -8.877823), (6.333699, 1.227095, -9.031701)
(6.182659, 1.21108, -8.876082), (6.182222, 1.21974, -8.722425), (6.332553, 1.234888, -8.877823)
(6.629458, 1.30828, -8.728352), (6.629149, 1.316296, -8.573078), (6.777413, 1.349162, -8.731671)
(6.629458, 1.30828, -8.728352), (6.777413, 1.349162, -8.731671), (6.778533, 1.339666, -8.887393)
(6.481013, 1.272987, -8.725757), (6.629458, 1.30828, -8.728352), (6.630401, 1.299425, -8.88346)
(6.481013, 1.272987, -8.725757), (6.480851, 1.281571, -8.57108), (6.629458, 1.30828, -8.728352)
(6.331973, 1.24344, -8.723825), (6.331909, 1.252964, -8.569581), (6.481013, 1.272987, -8.725757)
(6.331973, 1.24344, -8.723825), (6.481013, 1.272987, -8.725757), (6.481767, 1.264414, -8.880267)
(6.182222, 1.21974, -8.722425), (6.182177, 1.230524, -8.568398), (6.331973, 1.24344, -8.723825)
(6.182222, 1.21974, -8.722425), (6.331973, 1.24344, -8.723825), (6.332553, 1.234888, -8.877823)
# 7.044694449980003, 0, -9.048693150019997
(7.377153, 1.484636, -9.380757), (7.524714, 1.537656, -9.388941), (7.529397, 1.51066, -9.545271)
(7.377153, 1.484636, -9.380757), (7.373334, 1.507582, -9.224276), (7.524714, 1.537656, -9.388941)
(7.229589, 1.433659, -9.372894), (7.225974, 1.45419, -9.216865), (7.377153, 1.484636, -9.380757)
(7.229589, 1.433659, -9.372894), (7.377153, 1.484636, -9.380757), (7.381626, 1.460367, -9.536676)
(7.081885, 1.385634, -9.365498), (7.229589, 1.433659, -9.372894), (7.233805, 1.412076, -9.528429)
(7.081885, 1.385634, -9.365498), (7.078486, 1.403857, -9.209913), (7.229589, 1.433659, -9.372894)
(6.933931, 1.341354, -9.35869), (6.930746, 1.357309, -9.203543), (7.081885, 1.385634, -9.365498)
(6.933931, 1.341354, -9.35869), (7.081885, 1.385634, -9.365498), (7.085855, 1.366645, -9.520649)
(6.785622, 1.301356, -9.352558), (6.933931, 1.341354, -9.35869), (6.937657, 1.324926, -9.513461)
(6.785622, 1.301356, -9.352558), (6.782661, 1.315182, -9.197845), (6.933931, 1.341354, -9.35869)
(7.373334, 1.507582, -9.224276), (7.520681, 1.563071, -9.232009), (7.524714, 1.537656, -9.388941)
(7.373334, 1.507582, -9.224276), (7.370247, 1.528239, -9.067181), (7.520681, 1.563071, -9.232009)
(7.225974, 1.45419, -9.216865), (7.373334, 1.507582, -9.224276), (7.377153, 1.484636, -9.380757)
(7.225974, 1.45419, -9.216865), (7.223061, 1.4728, -9.060291), (7.373334, 1.507582, -9.224276)
(7.078486, 1.403857, -9.209913), (7.225974, 1.45419, -9.216865), (7.229589, 1.433659, -9.372894)
(7.078486, 1.403857, -9.209913), (7.075734, 1.420487, -9.053858), (7.225974, 1.45419, -9.216865)
(6.930746, 1.357309, -9.203543), (7.078486, 1.403857, -9.209913), (7.081885, 1.385634, -9.365498)
(6.930746, 1.357309, -9.203543), (6.928182, 1.372117, -9.047997), (7.078486, 1.403857, -9.209913)
(6.782661, 1.315182, -9.197845), (6.930746, 1.357309, -9.203543), (6.933931, 1.341354, -9.35869)
(6.782661, 1.315182, -9.197845), (6.780295, 1.328288, -9.042803), (6.930746, 1.357309, -9.203543)
(7.370247, 1.528239, -9.067181), (7.367847, 1.546043, -8.909515), (7.517431, 1.585865, -9.074388)
(7.370247, 1.528239, -9.067181), (7.517431, 1.585865, -9.074388), (7.520681, 1.563071, -9.232009)
(7.223061, 1.4728, -9.060291), (7.220803, 1.488776, -8.903199), (7.370247, 1.528239, -9.067181)
(7.223061, 1.4728, -9.060291), (7.370247, 1.528239, -9.067181), (7.373334, 1.507582, -9.224276)
(7.075734, 1.420487, -9.053858), (7.073634, 1.434796, -8.897335), (7.223061, 1.4728, -9.060291)
(7.075734, 1.420487, -9.053858), (7.223061, 1.4728, -9.060291), (7.225974, 1.45419, -9.216865)
(6.928182, 1.372117, -9.047997), (6.926243, 1.384889, -8.892035), (7.075734, 1.420487, -9.053858)
(6.928182, 1.372117, -9.047997), (7.075734, 1.420487, -9.053858), (7.078486, 1.403857, -9.209913)
(6.780295, 1.328288, -9.042803), (6.778533, 1.339666, -8.887393), (6.928182, 1.372117, -9.047997)
(6.780295, 1.328288, -9.042803), (6.928182, 1.372117, -9.047997), (6.930746, 1.357309, -9.203543)
(7.367847, 1.546043, -8.909515), (7.514879, 1.605667, -8.916157), (7.517431, 1.585865, -9.074388)
(7.367847, 1.546043, -8.909515), (7.366181, 1.560526, -8.751308), (7.514879, 1.605667, -8.916157)
(7.220803, 1.488776, -8.903199), (7.367847, 1.546043, -8.909515), (7.370247, 1.528239, -9.067181)
(7.220803, 1.488776, -8.903199), (7.219258, 1.501729, -8.745624), (7.367847, 1.546043, -8.909515)
(7.073634, 1.434796, -8.897335), (7.220803, 1.488776, -8.903199), (7.223061, 1.4728, -9.060291)
(7.073634, 1.434796, -8.897335), (7.072232, 1.446472, -8.740393), (7.220803, 1.488776, -8.903199)
(6.926243, 1.384889, -8.892035), (7.073634, 1.434796, -8.897335), (7.075734, 1.420487, -9.053858)
(6.926243, 1.384889, -8.892035), (6.92498, 1.395454, -8.735716), (7.073634, 1.434796, -8.897335)
(6.778533, 1.339666, -8.887393), (6.926243, 1.384889, -8.892035), (6.928182, 1.372117, -9.047997)
(6.778533, 1.339666, -8.887393), (6.777413, 1.349162, -8.731671), (6.926243, 1.384889, -8.892035)
(7.366181, 1.560526, -8.751308), (7.365234, 1.571599, -8.592649), (7.513124, 1.621831, -8.757316)
(7.366181, 1.560526, -8.751308), (7.513124, 1.621831, -8.757316), (7.514879, 1.605667, -8.916157)
(7.219258, 1.501729, -8.745624), (7.218401, 1.511551, -8.587639), (7.366181, 1.560526, -8.751308)
(7.219258, 1.501729, -8.745624), (7.366181, 1.560526, -8.751308), (7.367847, 1.546043, -8.909515)
(7.072232, 1.446472, -8.740393), (7.219258, 1.501729, -8.745624), (7.220803, 1.488776, -8.903199)
(7.072232, 1.446472, -8.740393), (7.071489, 1.455331, -8.583089), (7.219258, 1.501729, -8.745624)
(6.92498, 1.395454, -8.735716), (6.924365, 1.403668, -8.579094), (7.072232, 1.446472, -8.740393)
(6.92498, 1.395454, -8.735716), (7.072232, 1.446472, -8.740393), (7.073634, 1.434796, -8.897335)
(6.777413, 1.349162, -8.731671), (6.776948, 1.35712, -8.575738), (6.92498, 1.395454, -8.735716)
(6.777413, 1.349162, -8.731671), (6.92498, 1.395454, -8.735716), (6.926243, 1.384889, -8.892035)
# 7.712464683313336, 0, -9.048693150019997
(7.963542, 1.733358, -9.255894), (8.111802, 1.788692, -9.26364), (8.116687, 1.753706, -9.422351)
(7.963542, 1.733358, -9.255894), (7.959829, 1.762555, -9.096689), (8.111802, 1.788692, -9.26364)
(7.815669, 1.676833, -9.247957), (7.963542, 1.733358, -9.255894), (7.968193, 1.700674, -9.414188)
(7.815669, 1.676833, -9.247957), (7.812118, 1.703926, -9.089269), (7.963542, 1.733358, -9.255894)
(7.668101, 1.619745, -9.239938), (7.815669, 1.676833, -9.247957), (7.820127, 1.646457, -9.40579)
(7.668101, 1.619745, -9.239938), (7.664668, 1.644803, -9.081806), (7.815669, 1.676833, -9.247957)
(7.520681, 1.563071, -9.232009), (7.668101, 1.619745, -9.239938), (7.672336, 1.591863, -9.397331)
(7.520681, 1.563071, -9.232009), (7.517431, 1.585865, -9.074388), (7.668101, 1.619745, -9.239938)
(7.959829, 1.762555, -9.096689), (7.956879, 1.788462, -8.936763), (8.107905, 1.819935, -9.10395)
(7.959829, 1.762555, -9.096689), (8.107905, 1.819935, -9.10395), (8.111802, 1.788692, -9.26364)
(7.812118, 1.703926, -9.089269), (7.809286, 1.727904, -8.929909), (7.959829, 1.762555, -9.096689)
(7.812118, 1.703926, -9.089269), (7.959829, 1.762555, -9.096689), (7.963542, 1.733358, -9.255894)
(7.664668, 1.644803, -9.081806), (7.661982, 1.666664, -8.923001), (7.812118, 1.703926, -9.089269)
(7.664668, 1.644803, -9.081806), (7.812118, 1.703926, -9.089269), (7.815669, 1.676833, -9.247957)
(7.517431, 1.585865, -9.074388), (7.514879, 1.605667, -8.916157), (7.664668, 1.644803, -9.081806)
(7.517431, 1.585865, -9.074388), (7.664668, 1.644803, -9.081806), (7.668101, 1.619745, -9.239938)
(7.956879, 1.788462, -8.936763), (8.104803, 1.847759, -8.943494), (8.107905, 1.819935, -9.10395)
(7.956879, 1.788462, -8.936763), (7.954788, 1.810359, -8.776101), (8.104803, 1.847759, -8.943494)
(7.809286, 1.727904, -8.929909), (7.956879, 1.788462, -8.936763), (7.959829, 1.762555, -9.096689)
(7.809286, 1.727904, -8.929909), (7.8073, 1.747931, -8.769844), (7.956879, 1.788462, -8.936763)
(7.661982, 1.666664, -8.923001), (7.809286, 1.727904, -8.929909), (7.812118, 1.703926, -9.089269)
(7.661982, 1.666664, -8.923001), (7.660125, 1.684681, -8.763537), (7.809286, 1.727904, -8.929909)
(7.514879, 1.605667, -8.916157), (7.661982, 1.666664, -8.923001), (7.664668, 1.644803, -9.081806)
(7.514879, 1.605667, -8.916157), (7.513124, 1.621831, -8.757316), (7.661982, 1.666664, -8.923001)
(7.954788, 1.810359, -8.776101), (7.953565, 1.827958, -8.614799), (8.102716, 1.870849, -8.782179)
(7.954788, 1.810359, -8.776101), (8.102716, 1.870849, -8.782179), (8.104803, 1.847759, -8.943494)
(7.8073, 1.747931, -8.769844), (7.806118, 1.763949, -8.609194), (7.954788, 1.810359, -8.776101)
(7.8073, 1.747931, -8.769844), (7.954788, 1.810359, -8.776101), (7.956879, 1.788462, -8.936763)
(7.660125, 1.684681, -8.763537), (7.8073, 1.747931, -8.769844), (7.809286, 1.727904, -8.929909)
(7.660125, 1.684681, -8.763537), (7.659008, 1.698955, -8.603543), (7.8073, 1.747931, -8.769844)
(7.513124, 1.621831, -8.757316), (7.512079, 1.634438, -8.597989), (7.660125, 1.684681, -8.763537)
(7.513124, 1.621831, -8.757316), (7.660125, 1.684681, -8.763537), (7.661982, 1.666664, -8.923001)
# 8.380234916646671, 0, -9.048693150019997
(8.709886, 1.992385, -9.291564), (8.86104, 2.03851, -9.297654), (8.866642, 1.996172, -9.45866)
(8.709886, 1.992385, -9.291564), (8.705533, 2.028845, -9.129872), (8.86104, 2.03851, -9.297654)
(8.559436, 1.944465, -9.285151), (8.709886, 1.992385, -9.291564), (8.715424, 1.950926, -9.452072)
(8.559436, 1.944465, -9.285151), (8.555218, 1.979829, -9.123916), (8.709886, 1.992385, -9.291564)
(8.409652, 1.894533, -9.278348), (8.559436, 1.944465, -9.285151), (8.564821, 1.90433, -9.445217)
(8.409652, 1.894533, -9.278348), (8.405553, 1.928675, -9.117599), (8.559436, 1.944465, -9.285151)
(8.2605, 1.842428, -9.27113), (8.409652, 1.894533, -9.278348), (8.414907, 1.8558, -9.437942)
(8.2605, 1.842428, -9.27113), (8.256437, 1.875494, -9.110957), (8.409652, 1.894533, -9.278348)
(8.111802, 1.788692, -9.26364), (8.2605, 1.842428, -9.27113), (8.265556, 1.805529, -9.430302)
(8.111802, 1.788692, -9.26364), (8.107905, 1.819935, -9.10395), (8.2605, 1.842428, -9.27113)
(8.705533, 2.028845, -9.129872), (8.702049, 2.061028, -8.967298), (8.856594, 2.07573, -9.135485)
(8.705533, 2.028845, -9.129872), (8.856594, 2.07573, -9.135485), (8.86104, 2.03851, -9.297654)
(8.555218, 1.979829, -9.123916), (8.551847, 2.011213, -8.961836), (8.705533, 2.028845, -9.129872)
(8.555218, 1.979829, -9.123916), (8.705533, 2.028845, -9.129872), (8.709886, 1.992385, -9.291564)
(8.405553, 1.928675, -9.117599), (8.402246, 1.959231, -8.956064), (8.555218, 1.979829, -9.123916)
(8.405553, 1.928675, -9.117599), (8.555218, 1.979829, -9.123916), (8.559436, 1.944465, -9.285151)
(8.256437, 1.875494, -9.110957), (8.25324, 1.904774, -8.949946), (8.405553, 1.928675, -9.117599)
(8.256437, 1.875494, -9.110957), (8.405553, 1.928675, -9.117599), (8.409652, 1.894533, -9.278348)
(8.107905, 1.819935, -9.10395), (8.104803, 1.847759, -8.943494), (8.256437, 1.875494, -9.110957)
(8.107905, 1.819935, -9.10395), (8.256437, 1.875494, -9.110957), (8.2605, 1.842428, -9.27113)
(8.702049, 2.061028, -8.967298), (8.853091, 2.108121, -8.972364), (8.856594, 2.07573, -9.135485)
(8.702049, 2.061028, -8.967298), (8.699779, 2.087224, -8.803707), (8.853091, 2.108121, -8.972364)
(8.551847, 2.011213, -8.961836), (8.702049, 2.061028, -8.967298), (8.705533, 2.028845, -9.129872)
(8.551847, 2.011213, -8.961836), (8.54948, 2.037693, -8.798878), (8.702049, 2.061028, -8.967298)
(8.402246, 1.959231, -8.956064), (8.551847, 2.011213, -8.961836), (8.555218, 1.979829, -9.123916)
(8.402246, 1.959231, -8.956064), (8.399958, 1.984937, -8.793641), (8.551847, 2.011213, -8.961836)
(8.25324, 1.904774, -8.949946), (8.402246, 1.959231, -8.956064), (8.405553, 1.928675, -9.117599)
(8.25324, 1.904774, -8.949946), (8.251077, 1.929193, -8.78805), (8.402246, 1.959231, -8.956064)
(8.104803, 1.847759, -8.943494), (8.25324, 1.904774, -8.949946), (8.256437, 1.875494, -9.110957)
(8.104803, 1.847759, -8.943494), (8.102716, 1.870849, -8.782179), (8.25324, 1.904774, -8.949946)
(8.699779, 2.087224, -8.803707), (8.698393, 2.108644, -8.639444), (8.850782, 2.134405, -8.808249)
(8.699779, 2.087224, -8.803707), (8.850782, 2.134405, -8.808249), (8.853091, 2.108121, -8.972364)
(8.54948, 2.037693, -8.798878), (8.548147, 2.058907, -8.635147), (8.699779, 2.087224, -8.803707)
(8.54948, 2.037693, -8.798878), (8.699779, 2.087224, -8.803707), (8.702049, 2.061028, -8.967298)
(8.399958, 1.984937, -8.793641), (8.398626, 2.005851, -8.630497), (8.54948, 2.037693, -8.798878)
(8.399958, 1.984937, -8.793641), (8.54948, 2.037693, -8.798878), (8.551847, 2.011213, -8.961836)
(8.251077, 1.929193, -8.78805), (8.399958, 1.984937, -8.793641), (8.402246, 1.959231, -8.956064)
(8.251077, 1.929193, -8.78805), (8.249776, 1.949318, -8.625501), (8.399958, 1.984937, -8.793641)
(8.102716, 1.870849, -8.782179), (8.101434, 1.88994, -8.620255), (8.251077, 1.929193, -8.78805)
(8.102716, 1.870849, -8.782179), (8.251077, 1.929193, -8.78805), (8.25324, 1.904774, -8.949946)
# 9.048005149980003, 0, -9.048693150019997
(9.319304, 2.169537, -9.315301), (9.473877, 2.212356, -9.321743), (9.479415, 2.168189, -9.484886)
(9.319304, 2.169537, -9.315301), (9.314932, 2.207198, -9.151508), (9.473877, 2.212356, -9.321743)
(9.165639, 2.126783, -9.30935), (9.319304, 2.169537, -9.315301), (9.324969, 2.125487, -9.477861)
(9.165639, 2.126783, -9.30935), (9.161284, 2.164221, -9.146084), (9.319304, 2.169537, -9.315301)
(9.012892, 2.083334, -9.303561), (9.165639, 2.126783, -9.30935), (9.171293, 2.083214, -9.471381)
(9.012892, 2.083334, -9.303561), (9.008537, 2.120529, -9.140808), (9.165639, 2.126783, -9.30935)
(8.86104, 2.03851, -9.297654), (9.012892, 2.083334, -9.303561), (9.018567, 2.040193, -9.46505)
(8.86104, 2.03851, -9.297654), (8.856594, 2.07573, -9.135485), (9.012892, 2.083334, -9.303561)
(9.314932, 2.207198, -9.151508), (9.311479, 2.239055, -8.986685), (9.469573, 2.249963, -9.157364)
(9.314932, 2.207198, -9.151508), (9.469573, 2.249963, -9.157364), (9.473877, 2.212356, -9.321743)
(9.161284, 2.164221, -9.146084), (9.157806, 2.196367, -8.981846), (9.314932, 2.207198, -9.151508)
(9.161284, 2.164221, -9.146084), (9.314932, 2.207198, -9.151508), (9.319304, 2.169537, -9.315301)
(9.008537, 2.120529, -9.140808), (9.005014, 2.152973, -8.977148), (9.161284, 2.164221, -9.146084)
(9.008537, 2.120529, -9.140808), (9.161284, 2.164221, -9.146084), (9.165639, 2.126783, -9.30935)
(8.856594, 2.07573, -9.135485), (8.853091, 2.108121, -8.972364), (9.008537, 2.120529, -9.140808)
(8.856594, 2.07573, -9.135485), (9.008537, 2.120529, -9.140808), (9.012892, 2.083334, -9.303561)
(9.311479, 2.239055, -8.986685), (9.466256, 2.281171, -8.991892), (9.469573, 2.249963, -9.157364)
(9.311479, 2.239055, -8.986685), (9.309271, 2.263777, -8.820886), (9.466256, 2.281171, -8.991892)
(9.157806, 2.196367, -8.981846), (9.311479, 2.239055, -8.986685), (9.314932, 2.207198, -9.151508)
(9.157806, 2.196367, -8.981846), (9.155392, 2.222342, -8.816689), (9.311479, 2.239055, -8.986685)
(9.005014, 2.152973, -8.977148), (9.157806, 2.196367, -8.981846), (9.161284, 2.164221, -9.146084)
(9.005014, 2.152973, -8.977148), (9.002603, 2.179383, -8.812544), (9.157806, 2.196367, -8.981846)
(8.853091, 2.108121, -8.972364), (9.005014, 2.152973, -8.977148), (9.008537, 2.120529, -9.140808)
(8.853091, 2.108121, -8.972364), (8.850782, 2.134405, -8.808249), (9.005014, 2.152973, -8.977148)
(9.309271, 2.263777, -8.820886), (9.307986, 2.2823, -8.654352), (9.464132, 2.30508, -8.825457)
(9.309271, 2.263777, -8.820886), (9.464132, 2.30508, -8.825457), (9.466256, 2.281171, -8.991892)
(9.155392, 2.222342, -8.816689), (9.154069, 2.241869, -8.650747), (9.309271, 2.263777, -8.820886)
(9.155392, 2.222342, -8.816689), (9.309271, 2.263777, -8.820886), (9.311479, 2.239055, -8.986685)
(9.002603, 2.179383, -8.812544), (9.001235, 2.199836, -8.647176), (9.155392, 2.222342, -8.816689)
(9.002603, 2.179383, -8.812544), (9.155392, 2.222342, -8.816689), (9.157806, 2.196367, -8.981846)
(8.850782, 2.134405, -8.808249), (9.002603, 2.179383, -8.812544), (9.005014, 2.152973, -8.977148)
(8.850782, 2.134405, -8.808249), (8.849415, 2.15542, -8.643426), (9.002603, 2.179383, -8.812544)
# 9.71577538331334, 0, -9.048693150019997
(9.943604, 2.347413, -9.347104), (10.102071, 2.396839, -9.358379), (10.106653, 2.352531, -9.523876)
(9.943604, 2.347413, -9.347104), (9.939874, 2.384253, -9.180767), (10.102071, 2.396839, -9.358379)
(9.785933, 2.300827, -9.337358), (9.943604, 2.347413, -9.347104), (9.948494, 2.303178, -9.51202)
(9.785933, 2.300827, -9.337358), (9.78203, 2.337777, -9.171695), (9.943604, 2.347413, -9.347104)
(9.629354, 2.256025, -9.328997), (9.785933, 2.300827, -9.337358), (9.791084, 2.256591, -9.501689)
(9.629354, 2.256025, -9.328997), (9.625302, 2.293129, -9.163982), (9.785933, 2.300827, -9.337358)
(9.473877, 2.212356, -9.321743), (9.629354, 2.256025, -9.328997), (9.634749, 2.211743, -9.49273)
(9.473877, 2.212356, -9.321743), (9.469573, 2.249963, -9.157364), (9.629354, 2.256025, -9.328997)
(9.939874, 2.384253, -9.180767), (9.937291, 2.413202, -9.013154), (10.098625, 2.433468, -9.191357)
(9.939874, 2.384253, -9.180767), (10.098625, 2.433468, -9.191357), (10.102071, 2.396839, -9.358379)
(9.78203, 2.337777, -9.171695), (9.779142, 2.367506, -9.004824), (9.939874, 2.384253, -9.180767)
(9.78203, 2.337777, -9.171695), (9.939874, 2.384253, -9.180767), (9.943604, 2.347413, -9.347104)
(9.625302, 2.293129, -9.163982), (9.62215, 2.32367, -8.997827), (9.78203, 2.337777, -9.171695)
(9.625302, 2.293129, -9.163982), (9.78203, 2.337777, -9.171695), (9.785933, 2.300827, -9.337358)
(9.469573, 2.249963, -9.157364), (9.466256, 2.281171, -8.991892), (9.625302, 2.293129, -9.163982)
(9.469573, 2.249963, -9.157364), (9.625302, 2.293129, -9.163982), (9.629354, 2.256025, -9.328997)
(9.937291, 2.413202, -9.013154), (10.096361, 2.461767, -9.022959), (10.098625, 2.433468, -9.191357)
(9.937291, 2.413202, -9.013154), (9.935588, 2.434689, -8.844429), (10.096361, 2.461767, -9.022959)
(9.779142, 2.367506, -9.004824), (9.937291, 2.413202, -9.013154), (9.939874, 2.384253, -9.180767)
(9.779142, 2.367506, -9.004824), (9.777211, 2.389892, -8.836916), (9.937291, 2.413202, -9.013154)
(9.62215, 2.32367, -8.997827), (9.779142, 2.367506, -9.004824), (9.78203, 2.337777, -9.171695)
(9.62215, 2.32367, -8.997827), (9.620072, 2.346914, -8.83069), (9.779142, 2.367506, -9.004824)
(9.466256, 2.281171, -8.991892), (9.62215, 2.32367, -8.997827), (9.625302, 2.293129, -9.163982)
(9.466256, 2.281171, -8.991892), (9.464132, 2.30508, -8.825457), (9.62215, 2.32367, -8.997827)
(9.935588, 2.434689, -8.844429), (9.934896, 2.448433, -8.674872), (10.094952, 2.482397, -8.853367)
(9.935588, 2.434689, -8.844429), (10.094952, 2.482397, -8.853367), (10.096361, 2.461767, -9.022959)
(9.777211, 2.389892, -8.836916), (9.776316, 2.404724, -8.668214), (9.935588, 2.434689, -8.844429)
(9.777211, 2.389892, -8.836916), (9.935588, 2.434689, -8.844429), (9.937291, 2.413202, -9.013154)
(9.620072, 2.346914, -8.83069), (9.618997, 2.363001, -8.662778), (9.777211, 2.389892, -8.836916)
(9.620072, 2.346914, -8.83069), (9.777211, 2.389892, -8.836916), (9.779142, 2.367506, -9.004824)
(9.464132, 2.30508, -8.825457), (9.620072, 2.346914, -8.83069), (9.62215, 2.32367, -8.997827)
(9.464132, 2.30508, -8.825457), (9.462949, 2.322362, -8.658267), (9.620072, 2.346914, -8.83069)
