# 0.3669921166466698, 0, -15.058625250020004
(0.575912, 0.599501, -15.346147), (0.56972, 0.638366, -15.19218), (0.729567, 0.614323, -15.347578)
(0.575912, 0.599501, -15.346147), (0.729567, 0.614323, -15.347578), (0.735665, 0.576238, -15.501641)
(0.422232, 0.58507, -15.344948), (0.416491, 0.621421, -15.190853), (0.575912, 0.599501, -15.346147)
(0.422232, 0.58507, -15.344948), (0.575912, 0.599501, -15.346147), (0.581579, 0.563767, -15.500321)
(0.268471, 0.570633, -15.343895), (0.263216, 0.604422, -15.189666), (0.422232, 0.58507, -15.344948)
(0.268471, 0.570633, -15.343895), (0.422232, 0.58507, -15.344948), (0.42744, 0.551721, -15.499235)
(0.11466, 0.555483, -15.342892), (0.109865, 0.586951, -15.18855), (0.268471, 0.570633, -15.343895)
(0.11466, 0.555483, -15.342892), (0.268471, 0.570633, -15.343895), (0.273237, 0.539478, -15.498286)
(0.56972, 0.638366, -15.19218), (0.722934, 0.655695, -15.193727), (0.729567, 0.614323, -15.347578)
(0.56972, 0.638366, -15.19218), (0.56322, 0.679228, -15.03828), (0.722934, 0.655695, -15.193727)
(0.416491, 0.621421, -15.190853), (0.56972, 0.638366, -15.19218), (0.575912, 0.599501, -15.346147)
(0.416491, 0.621421, -15.190853), (0.410466, 0.659677, -15.036839), (0.56972, 0.638366, -15.19218)
(0.263216, 0.604422, -15.189666), (0.416491, 0.621421, -15.190853), (0.422232, 0.58507, -15.344948)
(0.263216, 0.604422, -15.189666), (0.257655, 0.640262, -15.035536), (0.416491, 0.621421, -15.190853)
(0.109865, 0.586951, -15.18855), (0.263216, 0.604422, -15.189666), (0.268471, 0.570633, -15.343895)
(0.109865, 0.586951, -15.18855), (0.104779, 0.620391, -15.034304), (0.263216, 0.604422, -15.189666)
(0.56322, 0.679228, -15.03828), (0.556493, 0.72193, -14.884413), (0.715973, 0.699192, -15.039939)
(0.56322, 0.679228, -15.03828), (0.715973, 0.699192, -15.039939), (0.722934, 0.655695, -15.193727)
(0.410466, 0.659677, -15.036839), (0.404199, 0.699859, -14.882869), (0.56322, 0.679228, -15.03828)
(0.410466, 0.659677, -15.036839), (0.56322, 0.679228, -15.03828), (0.56972, 0.638366, -15.19218)
(0.257655, 0.640262, -15.035536), (0.410466, 0.659677, -15.036839), (0.416491, 0.621421, -15.190853)
(0.257655, 0.640262, -15.035536), (0.251859, 0.677932, -14.881463), (0.410466, 0.659677, -15.036839)
(0.104779, 0.620391, -15.034304), (0.099458, 0.655614, -14.880116), (0.257655, 0.640262, -15.035536)
(0.104779, 0.620391, -15.034304), (0.257655, 0.640262, -15.035536), (0.263216, 0.604422, -15.189666)
(0.556493, 0.72193, -14.884413), (0.708782, 0.74468, -14.886192), (0.715973, 0.699192, -15.039939)
(0.556493, 0.72193, -14.884413), (0.549666, 0.766116, -14.730548), (0.708782, 0.74468, -14.886192)
(0.404199, 0.699859, -14.882869), (0.556493, 0.72193, -14.884413), (0.56322, 0.679228, -15.03828)
(0.404199, 0.699859, -14.882869), (0.397818, 0.741467, -14.728904), (0.556493, 0.72193, -14.884413)
(0.251859, 0.677932, -14.881463), (0.404199, 0.699859, -14.882869), (0.410466, 0.659677, -15.036839)
(0.251859, 0.677932, -14.881463), (0.245943, 0.716985, -14.727392), (0.404199, 0.699859, -14.882869)
(0.099458, 0.655614, -14.880116), (0.251859, 0.677932, -14.881463), (0.257655, 0.640262, -15.035536)
(0.099458, 0.655614, -14.880116), (0.094012, 0.692178, -14.725938), (0.251859, 0.677932, -14.881463)
(0.549666, 0.766116, -14.730548), (0.542904, 0.811013, -14.576607), (0.701528, 0.791337, -14.732409)
(0.549666, 0.766116, -14.730548), (0.701528, 0.791337, -14.732409), (0.708782, 0.74468, -14.886192)
(0.397818, 0.741467, -14.728904), (0.391473, 0.783918, -14.574883), (0.549666, 0.766116, -14.730548)
(0.397818, 0.741467, -14.728904), (0.549666, 0.766116, -14.730548), (0.556493, 0.72193, -14.884413)
(0.245943, 0.716985, -14.727392), (0.240034, 0.756917, -14.573277), (0.397818, 0.741467, -14.728904)
(0.245943, 0.716985, -14.727392), (0.397818, 0.741467, -14.728904), (0.404199, 0.699859, -14.882869)
(0.094012, 0.692178, -14.725938), (0.088549, 0.729641, -14.571719), (0.245943, 0.716985, -14.727392)
(0.094012, 0.692178, -14.725938), (0.245943, 0.716985, -14.727392), (0.251859, 0.677932, -14.881463)
# 1.0347623499800032, 0, -15.058625250020004
(1.34371, 0.694472, -15.358402), (1.335426, 0.746598, -15.205017), (1.497083, 0.724331, -15.363171)
(1.34371, 0.694472, -15.358402), (1.497083, 0.724331, -15.363171), (1.505172, 0.673293, -15.516623)
(1.190295, 0.669114, -15.354576), (1.182376, 0.718634, -15.201091), (1.34371, 0.694472, -15.358402)
(1.190295, 0.669114, -15.354576), (1.34371, 0.694472, -15.358402), (1.351452, 0.645967, -15.511962)
(1.036812, 0.647812, -15.351585), (1.029282, 0.694772, -15.198004), (1.190295, 0.669114, -15.354576)
(1.036812, 0.647812, -15.351585), (1.190295, 0.669114, -15.354576), (1.197657, 0.623287, -15.508262)
(0.883222, 0.629987, -15.349323), (0.876138, 0.674049, -15.195599), (1.036812, 0.647812, -15.351585)
(0.883222, 0.629987, -15.349323), (1.036812, 0.647812, -15.351585), (1.043755, 0.604779, -15.50542)
(0.729567, 0.614323, -15.347578), (0.722934, 0.655695, -15.193727), (0.883222, 0.629987, -15.349323)
(0.729567, 0.614323, -15.347578), (0.883222, 0.629987, -15.349323), (0.889743, 0.589516, -15.503281)
(1.335426, 0.746598, -15.205017), (1.488465, 0.778908, -15.209851), (1.497083, 0.724331, -15.363171)
(1.335426, 0.746598, -15.205017), (1.326849, 0.80032, -15.051546), (1.488465, 0.778908, -15.209851)
(1.182376, 0.718634, -15.201091), (1.335426, 0.746598, -15.205017), (1.34371, 0.694472, -15.358402)
(1.182376, 0.718634, -15.201091), (1.174141, 0.770027, -15.047586), (1.335426, 0.746598, -15.205017)
(1.029282, 0.694772, -15.198004), (1.182376, 0.718634, -15.201091), (1.190295, 0.669114, -15.354576)
(1.029282, 0.694772, -15.198004), (1.021441, 0.743505, -15.044412), (1.182376, 0.718634, -15.201091)
(0.876138, 0.674049, -15.195599), (1.029282, 0.694772, -15.198004), (1.036812, 0.647812, -15.351585)
(0.876138, 0.674049, -15.195599), (0.86872, 0.720274, -15.041924), (1.029282, 0.694772, -15.198004)
(0.722934, 0.655695, -15.193727), (0.876138, 0.674049, -15.195599), (0.883222, 0.629987, -15.349323)
(0.722934, 0.655695, -15.193727), (0.715973, 0.699192, -15.039939), (0.876138, 0.674049, -15.195599)
(1.326849, 0.80032, -15.051546), (1.318133, 0.855314, -14.897989), (1.479572, 0.834934, -15.056409)
(1.326849, 0.80032, -15.051546), (1.479572, 0.834934, -15.056409), (1.488465, 0.778908, -15.209851)
(1.174141, 0.770027, -15.047586), (1.326849, 0.80032, -15.051546), (1.335426, 0.746598, -15.205017)
(1.174141, 0.770027, -15.047586), (1.165741, 0.822741, -14.894004), (1.326849, 0.80032, -15.051546)
(1.021441, 0.743505, -15.044412), (1.013404, 0.79401, -14.890814), (1.174141, 0.770027, -15.047586)
(1.021441, 0.743505, -15.044412), (1.174141, 0.770027, -15.047586), (1.182376, 0.718634, -15.201091)
(0.86872, 0.720274, -15.041924), (1.021441, 0.743505, -15.044412), (1.029282, 0.694772, -15.198004)
(0.86872, 0.720274, -15.041924), (0.86109, 0.768333, -14.888272), (1.021441, 0.743505, -15.044412)
(0.715973, 0.699192, -15.039939), (0.708782, 0.74468, -14.886192), (0.86872, 0.720274, -15.041924)
(0.715973, 0.699192, -15.039939), (0.86872, 0.720274, -15.041924), (0.876138, 0.674049, -15.195599)
(1.318133, 0.855314, -14.897989), (1.470579, 0.891894, -14.902812), (1.479572, 0.834934, -15.056409)
(1.318133, 0.855314, -14.897989), (1.309471, 0.910966, -14.744293), (1.470579, 0.891894, -14.902812)
(1.165741, 0.822741, -14.894004), (1.318133, 0.855314, -14.897989), (1.326849, 0.80032, -15.051546)
(1.165741, 0.822741, -14.894004), (1.157364, 0.876635, -14.740374), (1.318133, 0.855314, -14.897989)
(1.013404, 0.79401, -14.890814), (1.165741, 0.822741, -14.894004), (1.174141, 0.770027, -15.047586)
(1.013404, 0.79401, -14.890814), (1.005351, 0.845655, -14.737159), (1.165741, 0.822741, -14.894004)
(0.86109, 0.768333, -14.888272), (1.013404, 0.79401, -14.890814), (1.021441, 0.743505, -15.044412)
(0.86109, 0.768333, -14.888272), (0.853415, 0.817536, -14.73456), (1.013404, 0.79401, -14.890814)
(0.708782, 0.74468, -14.886192), (0.86109, 0.768333, -14.888272), (0.86872, 0.720274, -15.041924)
(0.708782, 0.74468, -14.886192), (0.701528, 0.791337, -14.732409), (0.86109, 0.768333, -14.888272)
(1.309471, 0.910966, -14.744293), (1.301073, 0.966374, -14.59038), (1.461684, 0.949117, -14.749017)
(1.309471, 0.910966, -14.744293), (1.461684, 0.949117, -14.749017), (1.470579, 0.891894, -14.902812)
(1.157364, 0.876635, -14.740374), (1.149204, 0.930519, -14.586557), (1.309471, 0.910966, -14.744293)
(1.157364, 0.876635, -14.740374), (1.309471, 0.910966, -14.744293), (1.318133, 0.855314, -14.897989)
(1.005351, 0.845655, -14.737159), (0.997479, 0.897665, -14.583377), (1.157364, 0.876635, -14.740374)
(1.005351, 0.845655, -14.737159), (1.157364, 0.876635, -14.740374), (1.165741, 0.822741, -14.894004)
(0.853415, 0.817536, -14.73456), (0.845875, 0.867261, -14.580744), (1.005351, 0.845655, -14.737159)
(0.853415, 0.817536, -14.73456), (1.005351, 0.845655, -14.737159), (1.013404, 0.79401, -14.890814)
(0.701528, 0.791337, -14.732409), (0.694367, 0.838638, -14.578532), (0.853415, 0.817536, -14.73456)
(0.701528, 0.791337, -14.732409), (0.853415, 0.817536, -14.73456), (0.86109, 0.768333, -14.888272)
# 1.7025325833133367, 0, -15.058625250020004
(1.956848, 0.852534, -15.384994), (1.947569, 0.912587, -15.23161), (2.110214, 0.907811, -15.394815)
(1.956848, 0.852534, -15.384994), (2.110214, 0.907811, -15.394815), (2.119304, 0.848176, -15.548012)
(1.803596, 0.803157, -15.37641), (1.794476, 0.861868, -15.223112), (1.956848, 0.852534, -15.384994)
(1.803596, 0.803157, -15.37641), (1.956848, 0.852534, -15.384994), (1.965757, 0.794587, -15.538198)
(1.650373, 0.760269, -15.369124), (1.641465, 0.817245, -15.215862), (1.803596, 0.803157, -15.37641)
(1.650373, 0.760269, -15.369124), (1.803596, 0.803157, -15.37641), (1.812287, 0.747098, -15.529644)
(1.497083, 0.724331, -15.363171), (1.488465, 0.778908, -15.209851), (1.650373, 0.760269, -15.369124)
(1.497083, 0.724331, -15.363171), (1.650373, 0.760269, -15.369124), (1.65878, 0.706726, -15.52247)
(1.947569, 0.912587, -15.23161), (2.100827, 0.968942, -15.241312), (2.110214, 0.907811, -15.394815)
(1.947569, 0.912587, -15.23161), (1.938135, 0.972954, -15.077864), (2.100827, 0.968942, -15.241312)
(1.794476, 0.861868, -15.223112), (1.947569, 0.912587, -15.23161), (1.956848, 0.852534, -15.384994)
(1.794476, 0.861868, -15.223112), (1.785151, 0.921235, -15.069533), (1.947569, 0.912587, -15.23161)
(1.641465, 0.817245, -15.215862), (1.794476, 0.861868, -15.223112), (1.803596, 0.803157, -15.37641)
(1.641465, 0.817245, -15.215862), (1.63232, 0.875041, -15.062363), (1.794476, 0.861868, -15.223112)
(1.488465, 0.778908, -15.209851), (1.641465, 0.817245, -15.215862), (1.650373, 0.760269, -15.369124)
(1.488465, 0.778908, -15.209851), (1.479572, 0.834934, -15.056409), (1.641465, 0.817245, -15.215862)
(1.938135, 0.972954, -15.077864), (1.928768, 1.033182, -14.923755), (2.09135, 1.029906, -15.087339)
(1.938135, 0.972954, -15.077864), (2.09135, 1.029906, -15.087339), (2.100827, 0.968942, -15.241312)
(1.785151, 0.921235, -15.069533), (1.775812, 0.980677, -14.915639), (1.938135, 0.972954, -15.077864)
(1.785151, 0.921235, -15.069533), (1.938135, 0.972954, -15.077864), (1.947569, 0.912587, -15.23161)
(1.63232, 0.875041, -15.062363), (1.623117, 0.933535, -14.908662), (1.785151, 0.921235, -15.069533)
(1.63232, 0.875041, -15.062363), (1.785151, 0.921235, -15.069533), (1.794476, 0.861868, -15.223112)
(1.479572, 0.834934, -15.056409), (1.63232, 0.875041, -15.062363), (1.641465, 0.817245, -15.215862)
(1.479572, 0.834934, -15.056409), (1.470579, 0.891894, -14.902812), (1.63232, 0.875041, -15.062363)
(1.928768, 1.033182, -14.923755), (2.081987, 1.090057, -14.932881), (2.09135, 1.029906, -15.087339)
(1.928768, 1.033182, -14.923755), (1.91965, 1.092108, -14.769181), (2.081987, 1.090057, -14.932881)
(1.775812, 0.980677, -14.915639), (1.928768, 1.033182, -14.923755), (1.938135, 0.972954, -15.077864)
(1.775812, 0.980677, -14.915639), (1.766701, 1.03972, -14.761434), (1.928768, 1.033182, -14.923755)
(1.623117, 0.933535, -14.908662), (1.775812, 0.980677, -14.915639), (1.785151, 0.921235, -15.069533)
(1.623117, 0.933535, -14.908662), (1.614066, 0.991902, -14.754697), (1.775812, 0.980677, -14.915639)
(1.470579, 0.891894, -14.902812), (1.623117, 0.933535, -14.908662), (1.63232, 0.875041, -15.062363)
(1.470579, 0.891894, -14.902812), (1.461684, 0.949117, -14.749017), (1.623117, 0.933535, -14.908662)
(1.91965, 1.092108, -14.769181), (1.911048, 1.149055, -14.614123), (2.072933, 1.148508, -14.777874)
(1.91965, 1.092108, -14.769181), (2.072933, 1.148508, -14.777874), (2.081987, 1.090057, -14.932881)
(1.766701, 1.03972, -14.761434), (1.758024, 1.097168, -14.606808), (1.91965, 1.092108, -14.769181)
(1.766701, 1.03972, -14.761434), (1.91965, 1.092108, -14.769181), (1.928768, 1.033182, -14.923755)
(1.614066, 0.991902, -14.754697), (1.605415, 1.049346, -14.600422), (1.766701, 1.03972, -14.761434)
(1.614066, 0.991902, -14.754697), (1.766701, 1.03972, -14.761434), (1.775812, 0.980677, -14.915639)
(1.461684, 0.949117, -14.749017), (1.453112, 1.005778, -14.59496), (1.614066, 0.991902, -14.754697)
(1.461684, 0.949117, -14.749017), (1.614066, 0.991902, -14.754697), (1.623117, 0.933535, -14.908662)
# 2.37030281664667, 0, -15.058625250020004
(2.562715, 1.162379, -15.276365), (2.717748, 1.229773, -15.289231), (2.726977, 1.168512, -15.443807)
(2.562715, 1.162379, -15.276365), (2.553466, 1.222311, -15.121317), (2.717748, 1.229773, -15.289231)
(2.408288, 1.095376, -15.263916), (2.562715, 1.162379, -15.276365), (2.572056, 1.100701, -15.430598)
(2.408288, 1.095376, -15.263916), (2.398901, 1.156006, -15.109282), (2.562715, 1.162379, -15.276365)
(2.254363, 1.030384, -15.252152), (2.408288, 1.095376, -15.263916), (2.417686, 1.033515, -15.417857)
(2.254363, 1.030384, -15.252152), (2.244885, 1.091341, -15.097874), (2.408288, 1.095376, -15.263916)
(2.100827, 0.968942, -15.241312), (2.254363, 1.030384, -15.252152), (2.263784, 0.968541, -15.405828)
(2.100827, 0.968942, -15.241312), (2.09135, 1.029906, -15.087339), (2.254363, 1.030384, -15.252152)
(2.553466, 1.222311, -15.121317), (2.544603, 1.279622, -14.965385), (2.708694, 1.288783, -15.133719)
(2.553466, 1.222311, -15.121317), (2.708694, 1.288783, -15.133719), (2.717748, 1.229773, -15.289231)
(2.398901, 1.156006, -15.109282), (2.389741, 1.214698, -14.953914), (2.553466, 1.222311, -15.121317)
(2.398901, 1.156006, -15.109282), (2.553466, 1.222311, -15.121317), (2.562715, 1.162379, -15.276365)
(2.244885, 1.091341, -15.097874), (2.235602, 1.150948, -14.94299), (2.398901, 1.156006, -15.109282)
(2.244885, 1.091341, -15.097874), (2.398901, 1.156006, -15.109282), (2.408288, 1.095376, -15.263916)
(2.09135, 1.029906, -15.087339), (2.244885, 1.091341, -15.097874), (2.254363, 1.030384, -15.252152)
(2.09135, 1.029906, -15.087339), (2.081987, 1.090057, -14.932881), (2.244885, 1.091341, -15.097874)
(2.700052, 1.344785, -14.977219), (2.856288, 1.408535, -14.989092), (2.864658, 1.3539, -15.146189)
(2.700052, 1.344785, -14.977219), (2.691987, 1.397269, -14.819752), (2.856288, 1.408535, -14.989092)
(2.544603, 1.279622, -14.965385), (2.700052, 1.344785, -14.977219), (2.708694, 1.288783, -15.133719)
(2.544603, 1.279622, -14.965385), (2.536223, 1.333903, -14.808609), (2.700052, 1.344785, -14.977219)
(2.389741, 1.214698, -14.953914), (2.544603, 1.279622, -14.965385), (2.553466, 1.222311, -15.121317)
(2.389741, 1.214698, -14.953914), (2.381119, 1.270636, -14.797784), (2.544603, 1.279622, -14.965385)
(2.235602, 1.150948, -14.94299), (2.389741, 1.214698, -14.953914), (2.398901, 1.156006, -15.109282)
(2.235602, 1.150948, -14.94299), (2.226703, 1.208392, -14.787463), (2.389741, 1.214698, -14.953914)
(2.081987, 1.090057, -14.932881), (2.235602, 1.150948, -14.94299), (2.244885, 1.091341, -15.097874)
(2.081987, 1.090057, -14.932881), (2.072933, 1.148508, -14.777874), (2.235602, 1.150948, -14.94299)
(2.691987, 1.397269, -14.819752), (2.684849, 1.445142, -14.661253), (2.848606, 1.459125, -14.830903)
(2.691987, 1.397269, -14.819752), (2.848606, 1.459125, -14.830903), (2.856288, 1.408535, -14.989092)
(2.536223, 1.333903, -14.808609), (2.528673, 1.384092, -14.650922), (2.691987, 1.397269, -14.819752)
(2.536223, 1.333903, -14.808609), (2.691987, 1.397269, -14.819752), (2.700052, 1.344785, -14.977219)
(2.381119, 1.270636, -14.797784), (2.373242, 1.32296, -14.640858), (2.536223, 1.333903, -14.808609)
(2.381119, 1.270636, -14.797784), (2.536223, 1.333903, -14.808609), (2.544603, 1.279622, -14.965385)
(2.226703, 1.208392, -14.787463), (2.218533, 1.262742, -14.631254), (2.381119, 1.270636, -14.797784)
(2.226703, 1.208392, -14.787463), (2.381119, 1.270636, -14.797784), (2.389741, 1.214698, -14.953914)
(2.072933, 1.148508, -14.777874), (2.064474, 1.204469, -14.622292), (2.226703, 1.208392, -14.787463)
(2.072933, 1.148508, -14.777874), (2.226703, 1.208392, -14.787463), (2.235602, 1.150948, -14.94299)
# 3.038073049980004, 0, -15.058625250020004
(3.345588, 1.472727, -15.338477), (3.50461, 1.521479, -15.348822), (3.51273, 1.463851, -15.5056)
(3.345588, 1.472727, -15.338477), (3.337595, 1.527858, -15.18092), (3.50461, 1.521479, -15.348822)
(3.187451, 1.418013, -15.326994), (3.345588, 1.472727, -15.338477), (3.35402, 1.414125, -15.494703)
(3.187451, 1.418013, -15.326994), (3.179134, 1.474174, -15.169997), (3.345588, 1.472727, -15.338477)
(3.030103, 1.358719, -15.314802), (3.187451, 1.418013, -15.326994), (3.196126, 1.358723, -15.482768)
(3.030103, 1.358719, -15.314802), (3.021498, 1.415866, -15.158328), (3.187451, 1.418013, -15.326994)
(2.873542, 1.295632, -15.302132), (3.030103, 1.358719, -15.314802), (3.03896, 1.298977, -15.470213)
(2.873542, 1.295632, -15.302132), (2.864658, 1.3539, -15.146189), (3.030103, 1.358719, -15.314802)
(2.717748, 1.229773, -15.289231), (2.873542, 1.295632, -15.302132), (2.882576, 1.23524, -15.457148)
(2.717748, 1.229773, -15.289231), (2.708694, 1.288783, -15.133719), (2.873542, 1.295632, -15.302132)
(3.337595, 1.527858, -15.18092), (3.496877, 1.576221, -15.190845), (3.50461, 1.521479, -15.348822)
(3.337595, 1.527858, -15.18092), (3.330312, 1.578414, -15.021914), (3.496877, 1.576221, -15.190845)
(3.179134, 1.474174, -15.169997), (3.17154, 1.525604, -15.011551), (3.337595, 1.527858, -15.18092)
(3.179134, 1.474174, -15.169997), (3.337595, 1.527858, -15.18092), (3.345588, 1.472727, -15.338477)
(3.021498, 1.415866, -15.158328), (3.01341, 1.46935, -15.000669), (3.179134, 1.474174, -15.169997)
(3.021498, 1.415866, -15.158328), (3.179134, 1.474174, -15.169997), (3.187451, 1.418013, -15.326994)
(2.864658, 1.3539, -15.146189), (2.856288, 1.408535, -14.989092), (3.021498, 1.415866, -15.158328)
(2.864658, 1.3539, -15.146189), (3.021498, 1.415866, -15.158328), (3.030103, 1.358719, -15.314802)
(2.708694, 1.288783, -15.133719), (2.864658, 1.3539, -15.146189), (2.873542, 1.295632, -15.302132)
(2.708694, 1.288783, -15.133719), (2.700052, 1.344785, -14.977219), (2.864658, 1.3539, -15.146189)
(3.330312, 1.578414, -15.021914), (3.489923, 1.626037, -15.031303), (3.496877, 1.576221, -15.190845)
(3.330312, 1.578414, -15.021914), (3.323882, 1.624105, -14.861555), (3.489923, 1.626037, -15.031303)
(3.17154, 1.525604, -15.011551), (3.330312, 1.578414, -15.021914), (3.337595, 1.527858, -15.18092)
(3.17154, 1.525604, -15.011551), (3.164712, 1.572646, -14.851887), (3.330312, 1.578414, -15.021914)
(3.01341, 1.46935, -15.000669), (3.17154, 1.525604, -15.011551), (3.179134, 1.474174, -15.169997)
(3.01341, 1.46935, -15.000669), (3.006211, 1.517784, -14.841677), (3.17154, 1.525604, -15.011551)
(2.856288, 1.408535, -14.989092), (3.01341, 1.46935, -15.000669), (3.021498, 1.415866, -15.158328)
(2.856288, 1.408535, -14.989092), (2.848606, 1.459125, -14.830903), (3.01341, 1.46935, -15.000669)
(3.323882, 1.624105, -14.861555), (3.318597, 1.663706, -14.699747), (3.483923, 1.670434, -14.870251)
(3.323882, 1.624105, -14.861555), (3.483923, 1.670434, -14.870251), (3.489923, 1.626037, -15.031303)
(3.164712, 1.572646, -14.851887), (3.158959, 1.614023, -14.690887), (3.323882, 1.624105, -14.861555)
(3.164712, 1.572646, -14.851887), (3.323882, 1.624105, -14.861555), (3.330312, 1.578414, -15.021914)
(3.006211, 1.517784, -14.841677), (2.999998, 1.561086, -14.681484), (3.164712, 1.572646, -14.851887)
(3.006211, 1.517784, -14.841677), (3.164712, 1.572646, -14.851887), (3.17154, 1.525604, -15.011551)
(2.848606, 1.459125, -14.830903), (2.841983, 1.50439, -14.671508), (3.006211, 1.517784, -14.841677)
(2.848606, 1.459125, -14.830903), (3.006211, 1.517784, -14.841677), (3.01341, 1.46935, -15.000669)
# 3.705843283313337, 0, -15.058625250020004
(3.9864, 1.632895, -15.372545), (4.148574, 1.658422, -15.377789), (4.15545, 1.602554, -15.536135)
(3.9864, 1.632895, -15.372545), (3.979718, 1.685693, -15.213123), (4.148574, 1.658422, -15.377789)
(3.825085, 1.601154, -15.365805), (3.9864, 1.632895, -15.372545), (3.993652, 1.576336, -15.530441)
(3.825085, 1.601154, -15.365805), (3.818048, 1.654553, -15.206852), (3.9864, 1.632895, -15.372545)
(3.664428, 1.564453, -15.358), (3.825085, 1.601154, -15.365805), (3.832647, 1.544197, -15.523314)
(3.664428, 1.564453, -15.358), (3.657067, 1.618256, -15.19946), (3.825085, 1.601154, -15.365805)
(3.50461, 1.521479, -15.348822), (3.664428, 1.564453, -15.358), (3.672293, 1.507054, -15.515118)
(3.50461, 1.521479, -15.348822), (3.496877, 1.576221, -15.190845), (3.664428, 1.564453, -15.358)
(3.979718, 1.685693, -15.213123), (4.142178, 1.711156, -15.218084), (4.148574, 1.658422, -15.377789)
(3.979718, 1.685693, -15.213123), (3.973868, 1.733518, -15.052038), (4.142178, 1.711156, -15.218084)
(3.818048, 1.654553, -15.206852), (3.811842, 1.702893, -15.04624), (3.979718, 1.685693, -15.213123)
(3.818048, 1.654553, -15.206852), (3.979718, 1.685693, -15.213123), (3.9864, 1.632895, -15.372545)
(3.657067, 1.618256, -15.19946), (3.818048, 1.654553, -15.206852), (3.825085, 1.601154, -15.365805)
(3.657067, 1.618256, -15.19946), (3.650413, 1.667749, -15.039481), (3.818048, 1.654553, -15.206852)
(3.496877, 1.576221, -15.190845), (3.489923, 1.626037, -15.031303), (3.657067, 1.618256, -15.19946)
(3.496877, 1.576221, -15.190845), (3.657067, 1.618256, -15.19946), (3.664428, 1.564453, -15.358)
(3.973868, 1.733518, -15.052038), (4.136665, 1.758601, -15.056591), (4.142178, 1.711156, -15.218084)
(3.973868, 1.733518, -15.052038), (3.969016, 1.775699, -14.889332), (4.136665, 1.758601, -15.056591)
(3.811842, 1.702893, -15.04624), (3.973868, 1.733518, -15.052038), (3.979718, 1.685693, -15.213123)
(3.811842, 1.702893, -15.04624), (3.806651, 1.745496, -14.884006), (3.973868, 1.733518, -15.052038)
(3.650413, 1.667749, -15.039481), (3.811842, 1.702893, -15.04624), (3.818048, 1.654553, -15.206852)
(3.650413, 1.667749, -15.039481), (3.644908, 1.710643, -14.87769), (3.811842, 1.702893, -15.04624)
(3.489923, 1.626037, -15.031303), (3.650413, 1.667749, -15.039481), (3.657067, 1.618256, -15.19946)
(3.489923, 1.626037, -15.031303), (3.483923, 1.670434, -14.870251), (3.650413, 1.667749, -15.039481)
(3.969016, 1.775699, -14.889332), (3.965374, 1.811084, -14.724965), (4.132174, 1.800198, -14.893408)
(3.969016, 1.775699, -14.889332), (4.132174, 1.800198, -14.893408), (4.136665, 1.758601, -15.056591)
(3.806651, 1.745496, -14.884006), (3.80263, 1.781654, -14.720201), (3.969016, 1.775699, -14.889332)
(3.806651, 1.745496, -14.884006), (3.969016, 1.775699, -14.889332), (3.973868, 1.733518, -15.052038)
(3.644908, 1.710643, -14.87769), (3.64054, 1.747391, -14.714415), (3.806651, 1.745496, -14.884006)
(3.644908, 1.710643, -14.87769), (3.806651, 1.745496, -14.884006), (3.811842, 1.702893, -15.04624)
(3.483923, 1.670434, -14.870251), (3.479168, 1.708114, -14.707596), (3.644908, 1.710643, -14.87769)
(3.483923, 1.670434, -14.870251), (3.644908, 1.710643, -14.87769), (3.650413, 1.667749, -15.039481)
(3.965374, 1.811084, -14.724965), (4.128928, 1.834621, -14.728477), (4.132174, 1.800198, -14.893408)
(3.965374, 1.811084, -14.724965), (3.962623, 1.841627, -14.559588), (4.128928, 1.834621, -14.728477)
# 4.373613516646671, 0, -15.058625250020004
(4.639799, 1.704977, -15.386334), (4.805141, 1.711793, -15.38704), (4.810695, 1.657159, -15.546226)
(4.639799, 1.704977, -15.386334), (4.634442, 1.756154, -15.225636), (4.805141, 1.711793, -15.38704)
(4.475284, 1.693914, -15.384542), (4.639799, 1.704977, -15.386334), (4.645718, 1.649697, -15.545259)
(4.475284, 1.693914, -15.384542), (4.469599, 1.745615, -15.22414), (4.639799, 1.704977, -15.386334)
(4.31154, 1.678575, -15.381741), (4.475284, 1.693914, -15.384542), (4.481547, 1.638215, -15.543242)
(4.31154, 1.678575, -15.381741), (4.305517, 1.730704, -15.221636), (4.475284, 1.693914, -15.384542)
(4.148574, 1.658422, -15.377789), (4.31154, 1.678575, -15.381741), (4.318104, 1.622804, -15.54029)
(4.148574, 1.658422, -15.377789), (4.142178, 1.711156, -15.218084), (4.31154, 1.678575, -15.381741)
(4.634442, 1.756154, -15.225636), (4.800014, 1.762838, -15.226236), (4.805141, 1.711793, -15.38704)
(4.634442, 1.756154, -15.225636), (4.629889, 1.802066, -15.063084), (4.800014, 1.762838, -15.226236)
(4.469599, 1.745615, -15.22414), (4.464828, 1.791626, -15.06179), (4.634442, 1.756154, -15.225636)
(4.469599, 1.745615, -15.22414), (4.634442, 1.756154, -15.225636), (4.639799, 1.704977, -15.386334)
(4.305517, 1.730704, -15.221636), (4.300298, 1.777986, -15.059842), (4.469599, 1.745615, -15.22414)
(4.305517, 1.730704, -15.221636), (4.469599, 1.745615, -15.22414), (4.475284, 1.693914, -15.384542)
(4.142178, 1.711156, -15.218084), (4.136665, 1.758601, -15.056591), (4.305517, 1.730704, -15.221636)
(4.142178, 1.711156, -15.218084), (4.305517, 1.730704, -15.221636), (4.31154, 1.678575, -15.381741)
(4.629889, 1.802066, -15.063084), (4.795647, 1.808527, -15.06351), (4.800014, 1.762838, -15.226236)
(4.629889, 1.802066, -15.063084), (4.626205, 1.842424, -14.898873), (4.795647, 1.808527, -15.06351)
(4.464828, 1.791626, -15.06179), (4.629889, 1.802066, -15.063084), (4.634442, 1.756154, -15.225636)
(4.464828, 1.791626, -15.06179), (4.460948, 1.832233, -14.897851), (4.629889, 1.802066, -15.063084)
(4.300298, 1.777986, -15.059842), (4.464828, 1.791626, -15.06179), (4.469599, 1.745615, -15.22414)
(4.300298, 1.777986, -15.059842), (4.296202, 1.818663, -14.89615), (4.464828, 1.791626, -15.06179)
(4.136665, 1.758601, -15.056591), (4.300298, 1.777986, -15.059842), (4.305517, 1.730704, -15.221636)
(4.136665, 1.758601, -15.056591), (4.132174, 1.800198, -14.893408), (4.300298, 1.777986, -15.059842)
(4.626205, 1.842424, -14.898873), (4.623537, 1.876113, -14.733028), (4.792121, 1.848422, -14.89905)
(4.626205, 1.842424, -14.898873), (4.792121, 1.848422, -14.89905), (4.795647, 1.808527, -15.06351)
(4.460948, 1.832233, -14.897851), (4.458124, 1.866299, -14.732306), (4.626205, 1.842424, -14.898873)
(4.460948, 1.832233, -14.897851), (4.626205, 1.842424, -14.898873), (4.629889, 1.802066, -15.063084)
(4.296202, 1.818663, -14.89615), (4.293175, 1.853024, -14.730913), (4.460948, 1.832233, -14.897851)
(4.296202, 1.818663, -14.89615), (4.460948, 1.832233, -14.897851), (4.464828, 1.791626, -15.06179)
(4.132174, 1.800198, -14.893408), (4.128928, 1.834621, -14.728477), (4.296202, 1.818663, -14.89615)
(4.132174, 1.800198, -14.893408), (4.296202, 1.818663, -14.89615), (4.300298, 1.777986, -15.059842)
(4.623537, 1.876113, -14.733028), (4.789568, 1.881374, -14.7329), (4.792121, 1.848422, -14.89905)
(4.623537, 1.876113, -14.733028), (4.621585, 1.904834, -14.566159), (4.789568, 1.881374, -14.7329)
(4.458124, 1.866299, -14.732306), (4.623537, 1.876113, -14.733028), (4.626205, 1.842424, -14.898873)
(4.458124, 1.866299, -14.732306), (4.456051, 1.895553, -14.565759), (4.623537, 1.876113, -14.733028)
(4.293175, 1.853024, -14.730913), (4.458124, 1.866299, -14.732306), (4.460948, 1.832233, -14.897851)
(4.293175, 1.853024, -14.730913), (4.29096, 1.882531, -14.564666), (4.458124, 1.866299, -14.732306)
(4.128928, 1.834621, -14.728477), (4.293175, 1.853024, -14.730913), (4.296202, 1.818663, -14.89615)
(4.128928, 1.834621, -14.728477), (4.126427, 1.864912, -14.562691), (4.293175, 1.853024, -14.730913)
# 5.041383749980003, 0, -15.058625250020004
(4.805141, 1.711793, -15.38704), (4.971172, 1.715388, -15.386977), (4.976446, 1.661054, -15.546204)
(4.805141, 1.711793, -15.38704), (4.800014, 1.762838, -15.226236), (4.971172, 1.715388, -15.386977)
(4.971172, 1.715388, -15.386977), (5.137798, 1.716266, -15.386313), (5.142814, 1.662323, -15.545545)
(4.971172, 1.715388, -15.386977), (4.966315, 1.765778, -15.225968), (5.137798, 1.716266, -15.386313)
(5.137798, 1.716266, -15.386313), (5.304894, 1.714761, -15.385174), (5.30965, 1.661562, -15.544476)
(5.137798, 1.716266, -15.386313), (5.133147, 1.766014, -15.225182), (5.304894, 1.714761, -15.385174)
(5.304894, 1.714761, -15.385174), (5.472307, 1.710707, -15.383503), (5.47683, 1.658575, -15.542912)
(5.304894, 1.714761, -15.385174), (5.300415, 1.763646, -15.223918), (5.472307, 1.710707, -15.383503)
(4.800014, 1.762838, -15.226236), (4.795647, 1.808527, -15.06351), (4.966315, 1.765778, -15.225968)
(4.800014, 1.762838, -15.226236), (4.966315, 1.765778, -15.225968), (4.971172, 1.715388, -15.386977)
(4.966315, 1.765778, -15.225968), (4.962076, 1.811205, -15.063135), (5.133147, 1.766014, -15.225182)
(4.966315, 1.765778, -15.225968), (5.133147, 1.766014, -15.225182), (5.137798, 1.716266, -15.386313)
(5.133147, 1.766014, -15.225182), (5.129103, 1.810166, -15.062036), (5.300415, 1.763646, -15.223918)
(5.133147, 1.766014, -15.225182), (5.300415, 1.763646, -15.223918), (5.304894, 1.714761, -15.385174)
(5.300415, 1.763646, -15.223918), (5.46794, 1.758897, -15.222256), (5.472307, 1.710707, -15.383503)
(5.300415, 1.763646, -15.223918), (5.296391, 1.807228, -15.060711), (5.46794, 1.758897, -15.222256)
(4.795647, 1.808527, -15.06351), (4.962076, 1.811205, -15.063135), (4.966315, 1.765778, -15.225968)
(4.795647, 1.808527, -15.06351), (4.792121, 1.848422, -14.89905), (4.962076, 1.811205, -15.063135)
(4.962076, 1.811205, -15.063135), (5.129103, 1.810166, -15.062036), (5.133147, 1.766014, -15.225182)
(4.962076, 1.811205, -15.063135), (4.958682, 1.850206, -14.898401), (5.129103, 1.810166, -15.062036)
(5.129103, 1.810166, -15.062036), (5.296391, 1.807228, -15.060711), (5.300415, 1.763646, -15.223918)
(5.129103, 1.810166, -15.062036), (5.125665, 1.848861, -14.897241), (5.296391, 1.807228, -15.060711)
(5.296391, 1.807228, -15.060711), (5.463898, 1.801642, -15.058998), (5.46794, 1.758897, -15.222256)
(5.296391, 1.807228, -15.060711), (5.29288, 1.8452, -14.8958), (5.463898, 1.801642, -15.058998)
(4.792121, 1.848422, -14.89905), (4.789568, 1.881374, -14.7329), (4.958682, 1.850206, -14.898401)
(4.792121, 1.848422, -14.89905), (4.958682, 1.850206, -14.898401), (4.962076, 1.811205, -15.063135)
(4.958682, 1.850206, -14.898401), (4.956071, 1.882873, -14.73213), (5.125665, 1.848861, -14.897241)
(4.958682, 1.850206, -14.898401), (5.125665, 1.848861, -14.897241), (5.129103, 1.810166, -15.062036)
(5.125665, 1.848861, -14.897241), (5.122917, 1.881102, -14.730878), (5.29288, 1.8452, -14.8958)
(5.125665, 1.848861, -14.897241), (5.29288, 1.8452, -14.8958), (5.296391, 1.807228, -15.060711)
(5.29288, 1.8452, -14.8958), (5.289957, 1.876547, -14.729295), (5.46026, 1.838554, -14.893979)
(5.29288, 1.8452, -14.8958), (5.46026, 1.838554, -14.893979), (5.463898, 1.801642, -15.058998)
(4.789568, 1.881374, -14.7329), (4.956071, 1.882873, -14.73213), (4.958682, 1.850206, -14.898401)
(4.789568, 1.881374, -14.7329), (4.787592, 1.909978, -14.565845), (4.956071, 1.882873, -14.73213)
(4.956071, 1.882873, -14.73213), (5.122917, 1.881102, -14.730878), (5.125665, 1.848861, -14.897241)
(4.956071, 1.882873, -14.73213), (4.954041, 1.910705, -14.564849), (5.122917, 1.881102, -14.730878)
(5.122917, 1.881102, -14.730878), (5.289957, 1.876547, -14.729295), (5.29288, 1.8452, -14.8958)
(5.122917, 1.881102, -14.730878), (5.120719, 1.908078, -14.563442), (5.289957, 1.876547, -14.729295)
(5.289957, 1.876547, -14.729295), (5.457085, 1.868575, -14.72733), (5.46026, 1.838554, -14.893979)
(5.289957, 1.876547, -14.729295), (5.287509, 1.90256, -14.561724), (5.457085, 1.868575, -14.72733)
# 5.709153983313337, 0, -15.058625250020004
(5.472307, 1.710707, -15.383503), (5.639784, 1.70451, -15.381513), (5.644108, 1.653307, -15.540875)
(5.472307, 1.710707, -15.383503), (5.46794, 1.758897, -15.222256), (5.639784, 1.70451, -15.381513)
(5.639784, 1.70451, -15.381513), (5.807105, 1.696086, -15.379258), (5.811226, 1.645899, -15.538534)
(5.639784, 1.70451, -15.381513), (5.635517, 1.751468, -15.220188), (5.807105, 1.696086, -15.379258)
(5.807105, 1.696086, -15.379258), (5.974028, 1.685241, -15.376758), (5.977969, 1.636331, -15.53599)
(5.807105, 1.696086, -15.379258), (5.802898, 1.741782, -15.21793), (5.974028, 1.685241, -15.376758)
(5.974028, 1.685241, -15.376758), (6.140239, 1.671383, -15.373868), (6.144033, 1.623964, -15.533056)
(5.974028, 1.685241, -15.376758), (5.969853, 1.729505, -15.215437), (6.140239, 1.671383, -15.373868)
(5.46794, 1.758897, -15.222256), (5.463898, 1.801642, -15.058998), (5.635517, 1.751468, -15.220188)
(5.46794, 1.758897, -15.222256), (5.635517, 1.751468, -15.220188), (5.639784, 1.70451, -15.381513)
(5.635517, 1.751468, -15.220188), (5.631421, 1.793264, -15.05693), (5.802898, 1.741782, -15.21793)
(5.635517, 1.751468, -15.220188), (5.802898, 1.741782, -15.21793), (5.807105, 1.696086, -15.379258)
(5.802898, 1.741782, -15.21793), (5.798707, 1.781661, -15.054508), (5.969853, 1.729505, -15.215437)
(5.802898, 1.741782, -15.21793), (5.969853, 1.729505, -15.215437), (5.974028, 1.685241, -15.376758)
(5.969853, 1.729505, -15.215437), (6.136131, 1.714486, -15.2127), (6.140239, 1.671383, -15.373868)
(5.969853, 1.729505, -15.215437), (5.965553, 1.768201, -15.052089), (6.136131, 1.714486, -15.2127)
(5.463898, 1.801642, -15.058998), (5.631421, 1.793264, -15.05693), (5.635517, 1.751468, -15.220188)
(5.463898, 1.801642, -15.058998), (5.46026, 1.838554, -14.893979), (5.631421, 1.793264, -15.05693)
(5.631421, 1.793264, -15.05693), (5.798707, 1.781661, -15.054508), (5.802898, 1.741782, -15.21793)
(5.631421, 1.793264, -15.05693), (5.627603, 1.828637, -14.891783), (5.798707, 1.781661, -15.054508)
(5.798707, 1.781661, -15.054508), (5.965553, 1.768201, -15.052089), (5.969853, 1.729505, -15.215437)
(5.798707, 1.781661, -15.054508), (5.794652, 1.815898, -14.889398), (5.965553, 1.768201, -15.052089)
(5.965553, 1.768201, -15.052089), (6.131716, 1.751879, -15.049463), (6.136131, 1.714486, -15.2127)
(5.965553, 1.768201, -15.052089), (5.961231, 1.801084, -14.887001), (6.131716, 1.751879, -15.049463)
(5.46026, 1.838554, -14.893979), (5.457085, 1.868575, -14.72733), (5.627603, 1.828637, -14.891783)
(5.46026, 1.838554, -14.893979), (5.627603, 1.828637, -14.891783), (5.631421, 1.793264, -15.05693)
(5.627603, 1.828637, -14.891783), (5.624084, 1.857693, -14.725142), (5.794652, 1.815898, -14.889398)
(5.627603, 1.828637, -14.891783), (5.794652, 1.815898, -14.889398), (5.798707, 1.781661, -15.054508)
(5.794652, 1.815898, -14.889398), (5.790749, 1.843621, -14.722758), (5.961231, 1.801084, -14.887001)
(5.794652, 1.815898, -14.889398), (5.961231, 1.801084, -14.887001), (5.965553, 1.768201, -15.052089)
(5.961231, 1.801084, -14.887001), (5.956914, 1.827341, -14.720379), (6.127111, 1.783227, -14.884445)
(5.961231, 1.801084, -14.887001), (6.127111, 1.783227, -14.884445), (6.131716, 1.751879, -15.049463)
(5.457085, 1.868575, -14.72733), (5.624084, 1.857693, -14.725142), (5.627603, 1.828637, -14.891783)
(5.457085, 1.868575, -14.72733), (5.454289, 1.89384, -14.559713), (5.624084, 1.857693, -14.725142)
(5.624084, 1.857693, -14.725142), (5.790749, 1.843621, -14.722758), (5.794652, 1.815898, -14.889398)
(5.624084, 1.857693, -14.725142), (5.620882, 1.88152, -14.557455), (5.790749, 1.843621, -14.722758)
# 6.376924216646669, 0, -15.058625250020004
(6.140239, 1.671383, -15.373868), (6.305542, 1.654643, -15.370675), (6.309118, 1.608406, -15.529646)
(6.140239, 1.671383, -15.373868), (6.136131, 1.714486, -15.2127), (6.305542, 1.654643, -15.370675)
(6.305542, 1.654643, -15.370675), (6.469672, 1.634542, -15.367045), (6.473053, 1.589637, -15.525789)
(6.305542, 1.654643, -15.370675), (6.301446, 1.69616, -15.209609), (6.469672, 1.634542, -15.367045)
(6.469672, 1.634542, -15.367045), (6.632619, 1.611617, -15.363132), (6.635787, 1.567929, -15.521576)
(6.469672, 1.634542, -15.367045), (6.465652, 1.674759, -15.206242), (6.632619, 1.611617, -15.363132)
(6.632619, 1.611617, -15.363132), (6.7941, 1.585194, -15.358679), (6.797099, 1.542875, -15.516819)
(6.632619, 1.611617, -15.363132), (6.628656, 1.650452, -15.202607), (6.7941, 1.585194, -15.358679)
(6.136131, 1.714486, -15.2127), (6.131716, 1.751879, -15.049463), (6.301446, 1.69616, -15.209609)
(6.136131, 1.714486, -15.2127), (6.301446, 1.69616, -15.209609), (6.305542, 1.654643, -15.370675)
(6.301446, 1.69616, -15.209609), (6.465652, 1.674759, -15.206242), (6.469672, 1.634542, -15.367045)
(6.301446, 1.69616, -15.209609), (6.296959, 1.732382, -15.046595), (6.465652, 1.674759, -15.206242)
(6.465652, 1.674759, -15.206242), (6.461018, 1.709224, -15.04339), (6.628656, 1.650452, -15.202607)
(6.465652, 1.674759, -15.206242), (6.628656, 1.650452, -15.202607), (6.632619, 1.611617, -15.363132)
(6.628656, 1.650452, -15.202607), (6.790289, 1.622967, -15.198587), (6.7941, 1.585194, -15.358679)
(6.628656, 1.650452, -15.202607), (6.623957, 1.683598, -15.040068), (6.790289, 1.622967, -15.198587)
(6.131716, 1.751879, -15.049463), (6.296959, 1.732382, -15.046595), (6.301446, 1.69616, -15.209609)
(6.131716, 1.751879, -15.049463), (6.127111, 1.783227, -14.884445), (6.296959, 1.732382, -15.046595)
(6.296959, 1.732382, -15.046595), (6.461018, 1.709224, -15.04339), (6.465652, 1.674759, -15.206242)
(6.296959, 1.732382, -15.046595), (6.292038, 1.761898, -14.881663), (6.461018, 1.709224, -15.04339)
(6.461018, 1.709224, -15.04339), (6.623957, 1.683598, -15.040068), (6.628656, 1.650452, -15.202607)
(6.461018, 1.709224, -15.04339), (6.455901, 1.737593, -14.878755), (6.623957, 1.683598, -15.040068)
(6.623957, 1.683598, -15.040068), (6.785567, 1.654891, -15.036448), (6.790289, 1.622967, -15.198587)
(6.623957, 1.683598, -15.040068), (6.618654, 1.710724, -14.875756), (6.785567, 1.654891, -15.036448)
(6.127111, 1.783227, -14.884445), (6.122334, 1.80769, -14.717857), (6.292038, 1.761898, -14.881663)
(6.127111, 1.783227, -14.884445), (6.292038, 1.761898, -14.881663), (6.296959, 1.732382, -15.046595)
(6.292038, 1.761898, -14.881663), (6.286862, 1.785042, -14.715265), (6.455901, 1.737593, -14.878755)
(6.292038, 1.761898, -14.881663), (6.455901, 1.737593, -14.878755), (6.461018, 1.709224, -15.04339)
(6.455901, 1.737593, -14.878755), (6.450376, 1.759501, -14.712616), (6.618654, 1.710724, -14.875756)
(6.455901, 1.737593, -14.878755), (6.618654, 1.710724, -14.875756), (6.623957, 1.683598, -15.040068)
(6.618654, 1.710724, -14.875756), (6.612792, 1.731271, -14.709917), (6.780105, 1.680729, -14.87253)
(6.618654, 1.710724, -14.875756), (6.780105, 1.680729, -14.87253), (6.785567, 1.654891, -15.036448)
# 7.044694449980003, 0, -15.058625250020004
(6.7941, 1.585194, -15.358679), (6.954151, 1.555708, -15.353771), (6.956893, 1.514497, -15.511477)
(6.7941, 1.585194, -15.358679), (6.790289, 1.622967, -15.198587), (6.954151, 1.555708, -15.353771)
(6.954151, 1.555708, -15.353771), (7.112769, 1.523298, -15.348407), (7.115263, 1.483206, -15.505665)
(6.954151, 1.555708, -15.353771), (6.950427, 1.592145, -15.194081), (7.112769, 1.523298, -15.348407)
(7.112769, 1.523298, -15.348407), (7.270001, 1.488162, -15.342603), (7.272297, 1.449328, -15.499449)
(7.112769, 1.523298, -15.348407), (7.10919, 1.55858, -15.189204), (7.270001, 1.488162, -15.342603)
(7.270001, 1.488162, -15.342603), (7.425878, 1.450417, -15.33635), (7.428026, 1.412961, -15.49283)
(7.270001, 1.488162, -15.342603), (7.266556, 1.522255, -15.183893), (7.425878, 1.450417, -15.33635)
(6.790289, 1.622967, -15.198587), (6.785567, 1.654891, -15.036448), (6.950427, 1.592145, -15.194081)
(6.790289, 1.622967, -15.198587), (6.950427, 1.592145, -15.194081), (6.954151, 1.555708, -15.353771)
(6.950427, 1.592145, -15.194081), (6.945766, 1.623071, -15.032461), (7.10919, 1.55858, -15.189204)
(6.950427, 1.592145, -15.194081), (7.10919, 1.55858, -15.189204), (7.112769, 1.523298, -15.348407)
(7.10919, 1.55858, -15.189204), (7.104463, 1.587949, -15.028001), (7.266556, 1.522255, -15.183893)
(7.10919, 1.55858, -15.189204), (7.266556, 1.522255, -15.183893), (7.270001, 1.488162, -15.342603)
(7.266556, 1.522255, -15.183893), (7.422642, 1.483537, -15.178189), (7.425878, 1.450417, -15.33635)
(7.266556, 1.522255, -15.183893), (7.261981, 1.550838, -15.023314), (7.422642, 1.483537, -15.178189)
(6.785567, 1.654891, -15.036448), (6.945766, 1.623071, -15.032461), (6.950427, 1.592145, -15.194081)
(6.785567, 1.654891, -15.036448), (6.780105, 1.680729, -14.87253), (6.945766, 1.623071, -15.032461)
(6.945766, 1.623071, -15.032461), (7.104463, 1.587949, -15.028001), (7.10919, 1.55858, -15.189204)
(6.945766, 1.623071, -15.032461), (6.940147, 1.647506, -14.868965), (7.104463, 1.587949, -15.028001)
(7.104463, 1.587949, -15.028001), (7.261981, 1.550838, -15.023314), (7.266556, 1.522255, -15.183893)
(7.104463, 1.587949, -15.028001), (7.09887, 1.611615, -14.865122), (7.261981, 1.550838, -15.023314)
(7.261981, 1.550838, -15.023314), (7.418237, 1.511335, -15.018242), (7.422642, 1.483537, -15.178189)
(7.261981, 1.550838, -15.023314), (7.256448, 1.573784, -14.861071), (7.418237, 1.511335, -15.018242)
(6.780105, 1.680729, -14.87253), (6.773927, 1.69984, -14.707036), (6.940147, 1.647506, -14.868965)
(6.780105, 1.680729, -14.87253), (6.940147, 1.647506, -14.868965), (6.945766, 1.623071, -15.032461)
(6.940147, 1.647506, -14.868965), (6.933832, 1.665831, -14.704003), (7.09887, 1.611615, -14.865122)
(6.940147, 1.647506, -14.868965), (7.09887, 1.611615, -14.865122), (7.104463, 1.587949, -15.028001)
(7.09887, 1.611615, -14.865122), (7.092459, 1.629133, -14.700737), (7.256448, 1.573784, -14.861071)
(7.09887, 1.611615, -14.865122), (7.256448, 1.573784, -14.861071), (7.261981, 1.550838, -15.023314)
(7.256448, 1.573784, -14.861071), (7.250018, 1.590689, -14.697322), (7.412806, 1.533605, -14.856667)
(7.256448, 1.573784, -14.861071), (7.412806, 1.533605, -14.856667), (7.418237, 1.511335, -15.018242)
# 7.712464683313336, 0, -15.058625250020004
(7.425878, 1.450417, -15.33635), (7.580595, 1.410533, -15.329779), (7.582548, 1.374334, -15.485868)
(7.425878, 1.450417, -15.33635), (7.422642, 1.483537, -15.178189), (7.580595, 1.410533, -15.329779)
(7.580595, 1.410533, -15.329779), (7.734307, 1.368774, -15.32295), (7.736087, 1.333876, -15.478699)
(7.580595, 1.410533, -15.329779), (7.577522, 1.442518, -15.172098), (7.734307, 1.368774, -15.32295)
(7.734307, 1.368774, -15.32295), (7.887183, 1.325419, -15.31595), (7.888844, 1.29195, -15.471425)
(7.734307, 1.368774, -15.32295), (7.731427, 1.399714, -15.165747), (7.887183, 1.325419, -15.31595)
(7.887183, 1.325419, -15.31595), (8.039326, 1.280527, -15.308788), (8.040927, 1.248655, -15.464076)
(7.887183, 1.325419, -15.31595), (7.884468, 1.355229, -15.159154), (8.039326, 1.280527, -15.308788)
(8.039326, 1.280527, -15.308788), (8.190989, 1.234577, -15.301599), (8.192459, 1.204113, -15.456681)
(8.039326, 1.280527, -15.308788), (8.036831, 1.309378, -15.152408), (8.190989, 1.234577, -15.301599)
(7.422642, 1.483537, -15.178189), (7.418237, 1.511335, -15.018242), (7.577522, 1.442518, -15.172098)
(7.422642, 1.483537, -15.178189), (7.577522, 1.442518, -15.172098), (7.580595, 1.410533, -15.329779)
(7.577522, 1.442518, -15.172098), (7.573335, 1.469641, -15.012797), (7.731427, 1.399714, -15.165747)
(7.577522, 1.442518, -15.172098), (7.731427, 1.399714, -15.165747), (7.734307, 1.368774, -15.32295)
(7.731427, 1.399714, -15.165747), (7.727368, 1.425833, -15.006972), (7.884468, 1.355229, -15.159154)
(7.731427, 1.399714, -15.165747), (7.884468, 1.355229, -15.159154), (7.887183, 1.325419, -15.31595)
(7.884468, 1.355229, -15.159154), (8.036831, 1.309378, -15.152408), (8.039326, 1.280527, -15.308788)
(7.884468, 1.355229, -15.159154), (7.880664, 1.380747, -15.000974), (8.036831, 1.309378, -15.152408)
(8.036831, 1.309378, -15.152408), (8.033273, 1.334245, -14.994756), (8.188642, 1.262244, -15.145531)
(8.036831, 1.309378, -15.152408), (8.188642, 1.262244, -15.145531), (8.190989, 1.234577, -15.301599)
(7.418237, 1.511335, -15.018242), (7.573335, 1.469641, -15.012797), (7.577522, 1.442518, -15.172098)
(7.418237, 1.511335, -15.018242), (7.412806, 1.533605, -14.856667), (7.573335, 1.469641, -15.012797)
(7.573335, 1.469641, -15.012797), (7.727368, 1.425833, -15.006972), (7.731427, 1.399714, -15.165747)
(7.573335, 1.469641, -15.012797), (7.568023, 1.491218, -14.851873), (7.727368, 1.425833, -15.006972)
(7.727368, 1.425833, -15.006972), (7.880664, 1.380747, -15.000974), (7.884468, 1.355229, -15.159154)
(7.727368, 1.425833, -15.006972), (7.722316, 1.447151, -14.846785), (7.880664, 1.380747, -15.000974)
(7.880664, 1.380747, -15.000974), (8.033273, 1.334245, -14.994756), (8.036831, 1.309378, -15.152408)
(7.880664, 1.380747, -15.000974), (7.87587, 1.40177, -14.841466), (8.033273, 1.334245, -14.994756)
(8.033273, 1.334245, -14.994756), (8.185362, 1.286561, -14.988385), (8.188642, 1.262244, -15.145531)
(8.033273, 1.334245, -14.994756), (8.028759, 1.355004, -14.835894), (8.185362, 1.286561, -14.988385)
(7.412806, 1.533605, -14.856667), (7.406404, 1.549932, -14.693583), (7.568023, 1.491218, -14.851873)
(7.412806, 1.533605, -14.856667), (7.568023, 1.491218, -14.851873), (7.573335, 1.469641, -15.012797)
(7.568023, 1.491218, -14.851873), (7.561802, 1.507423, -14.689558), (7.722316, 1.447151, -14.846785)
(7.568023, 1.491218, -14.851873), (7.722316, 1.447151, -14.846785), (7.727368, 1.425833, -15.006972)
(7.722316, 1.447151, -14.846785), (7.716338, 1.463375, -14.685258), (7.87587, 1.40177, -14.841466)
(7.722316, 1.447151, -14.846785), (7.87587, 1.40177, -14.841466), (7.880664, 1.380747, -15.000974)
(7.87587, 1.40177, -14.841466), (7.870157, 1.418029, -14.680696), (8.028759, 1.355004, -14.835894)
(7.87587, 1.40177, -14.841466), (8.028759, 1.355004, -14.835894), (8.033273, 1.334245, -14.994756)
(8.028759, 1.355004, -14.835894), (8.023331, 1.371287, -14.675835), (8.181113, 1.306949, -14.830089)
(8.028759, 1.355004, -14.835894), (8.181113, 1.306949, -14.830089), (8.185362, 1.286561, -14.988385)
# 8.380234916646671, 0, -15.058625250020004
(8.190989, 1.234577, -15.301599), (8.34234, 1.187816, -15.294446), (8.343696, 1.158771, -15.449362)
(8.190989, 1.234577, -15.301599), (8.188642, 1.262244, -15.145531), (8.34234, 1.187816, -15.294446)
(8.34234, 1.187816, -15.294446), (8.493538, 1.140506, -15.287384), (8.494824, 1.112975, -15.44219)
(8.34234, 1.187816, -15.294446), (8.340159, 1.21437, -15.138663), (8.493538, 1.140506, -15.287384)
(8.493538, 1.140506, -15.287384), (8.644665, 1.092727, -15.280418), (8.645904, 1.06675, -15.435156)
(8.493538, 1.140506, -15.287384), (8.491495, 1.165872, -15.131823), (8.644665, 1.092727, -15.280418)
(8.644665, 1.092727, -15.280418), (8.795887, 1.044888, -15.27363), (8.797033, 1.02028, -15.428287)
(8.644665, 1.092727, -15.280418), (8.642786, 1.117023, -15.125075), (8.795887, 1.044888, -15.27363)
(8.188642, 1.262244, -15.145531), (8.185362, 1.286561, -14.988385), (8.340159, 1.21437, -15.138663)
(8.188642, 1.262244, -15.145531), (8.340159, 1.21437, -15.138663), (8.34234, 1.187816, -15.294446)
(8.340159, 1.21437, -15.138663), (8.337049, 1.237735, -14.981871), (8.491495, 1.165872, -15.131823)
(8.340159, 1.21437, -15.138663), (8.491495, 1.165872, -15.131823), (8.493538, 1.140506, -15.287384)
(8.491495, 1.165872, -15.131823), (8.642786, 1.117023, -15.125075), (8.644665, 1.092727, -15.280418)
(8.491495, 1.165872, -15.131823), (8.488642, 1.188632, -14.975431), (8.642786, 1.117023, -15.125075)
(8.642786, 1.117023, -15.125075), (8.640171, 1.139119, -14.96902), (8.794131, 1.06801, -15.118445)
(8.642786, 1.117023, -15.125075), (8.794131, 1.06801, -15.118445), (8.795887, 1.044888, -15.27363)
(8.185362, 1.286561, -14.988385), (8.337049, 1.237735, -14.981871), (8.340159, 1.21437, -15.138663)
(8.185362, 1.286561, -14.988385), (8.181113, 1.306949, -14.830089), (8.337049, 1.237735, -14.981871)
(8.337049, 1.237735, -14.981871), (8.488642, 1.188632, -14.975431), (8.491495, 1.165872, -15.131823)
(8.337049, 1.237735, -14.981871), (8.333141, 1.258027, -14.824161), (8.488642, 1.188632, -14.975431)
(8.488642, 1.188632, -14.975431), (8.640171, 1.139119, -14.96902), (8.642786, 1.117023, -15.125075)
(8.488642, 1.188632, -14.975431), (8.485037, 1.208693, -14.818215), (8.640171, 1.139119, -14.96902)
(8.640171, 1.139119, -14.96902), (8.79175, 1.08945, -14.96269), (8.794131, 1.06801, -15.118445)
(8.640171, 1.139119, -14.96902), (8.636859, 1.158906, -14.812248), (8.79175, 1.08945, -14.96269)
(8.181113, 1.306949, -14.830089), (8.176059, 1.323565, -14.670765), (8.333141, 1.258027, -14.824161)
(8.181113, 1.306949, -14.830089), (8.333141, 1.258027, -14.824161), (8.337049, 1.237735, -14.981871)
(8.333141, 1.258027, -14.824161), (8.328448, 1.274883, -14.665493), (8.485037, 1.208693, -14.818215)
(8.333141, 1.258027, -14.824161), (8.485037, 1.208693, -14.818215), (8.488642, 1.188632, -14.975431)
(8.485037, 1.208693, -14.818215), (8.480702, 1.225788, -14.660157), (8.636859, 1.158906, -14.812248)
(8.485037, 1.208693, -14.818215), (8.636859, 1.158906, -14.812248), (8.640171, 1.139119, -14.96902)
(8.636859, 1.158906, -14.812248), (8.632868, 1.176159, -14.654722), (8.788705, 1.108881, -14.806293)
(8.636859, 1.158906, -14.812248), (8.788705, 1.108881, -14.806293), (8.79175, 1.08945, -14.96269)
# 9.048005149980003, 0, -15.058625250020004
(8.795887, 1.044888, -15.27363), (8.947275, 0.997162, -15.267038), (8.948351, 0.973919, -15.421638)
(8.795887, 1.044888, -15.27363), (8.794131, 1.06801, -15.118445), (8.947275, 0.997162, -15.267038)
(8.947275, 0.997162, -15.267038), (9.098937, 0.949898, -15.260702), (9.099942, 0.927941, -15.41525)
(8.947275, 0.997162, -15.267038), (8.945661, 1.019222, -15.112001), (9.098937, 0.949898, -15.260702)
(9.098937, 0.949898, -15.260702), (9.250875, 0.903213, -15.254614), (9.251815, 0.882436, -15.409113)
(9.098937, 0.949898, -15.260702), (9.097445, 0.970911, -15.105792), (9.250875, 0.903213, -15.254614)
(9.250875, 0.903213, -15.254614), (9.403128, 0.857336, -15.248796), (9.403994, 0.837618, -15.40325)
(9.250875, 0.903213, -15.254614), (9.249507, 0.923251, -15.099819), (9.403128, 0.857336, -15.248796)
(8.794131, 1.06801, -15.118445), (8.945661, 1.019222, -15.112001), (8.947275, 0.997162, -15.267038)
(8.794131, 1.06801, -15.118445), (8.79175, 1.08945, -14.96269), (8.945661, 1.019222, -15.112001)
(8.945661, 1.019222, -15.112001), (8.943468, 1.039884, -14.956476), (9.097445, 0.970911, -15.105792)
(8.945661, 1.019222, -15.112001), (9.097445, 0.970911, -15.105792), (9.098937, 0.949898, -15.260702)
(9.097445, 0.970911, -15.105792), (9.249507, 0.923251, -15.099819), (9.250875, 0.903213, -15.254614)
(9.097445, 0.970911, -15.105792), (9.095444, 0.990877, -14.950487), (9.249507, 0.923251, -15.099819)
(9.249507, 0.923251, -15.099819), (9.247688, 0.942557, -14.944712), (9.401873, 0.876505, -15.09411)
(9.249507, 0.923251, -15.099819), (9.401873, 0.876505, -15.09411), (9.403128, 0.857336, -15.248796)
(8.79175, 1.08945, -14.96269), (8.943468, 1.039884, -14.956476), (8.945661, 1.019222, -15.112001)
(8.79175, 1.08945, -14.96269), (8.788705, 1.108881, -14.806293), (8.943468, 1.039884, -14.956476)
(8.943468, 1.039884, -14.956476), (9.095444, 0.990877, -14.950487), (9.097445, 0.970911, -15.105792)
(8.943468, 1.039884, -14.956476), (8.940712, 1.059081, -14.800449), (9.095444, 0.990877, -14.950487)
(9.095444, 0.990877, -14.950487), (9.247688, 0.942557, -14.944712), (9.249507, 0.923251, -15.099819)
(9.095444, 0.990877, -14.950487), (9.092949, 1.009779, -14.794778), (9.247688, 0.942557, -14.944712)
(9.247688, 0.942557, -14.944712), (9.400224, 0.895193, -14.939182), (9.401873, 0.876505, -15.09411)
(9.247688, 0.942557, -14.944712), (9.245432, 0.961153, -14.789284), (9.400224, 0.895193, -14.939182)
(8.788705, 1.108881, -14.806293), (8.785084, 1.126423, -14.649292), (8.940712, 1.059081, -14.800449)
(8.788705, 1.108881, -14.806293), (8.940712, 1.059081, -14.800449), (8.943468, 1.039884, -14.956476)
(8.940712, 1.059081, -14.800449), (8.937436, 1.07684, -14.643921), (9.092949, 1.009779, -14.794778)
(8.940712, 1.059081, -14.800449), (9.092949, 1.009779, -14.794778), (9.095444, 0.990877, -14.950487)
(9.092949, 1.009779, -14.794778), (9.089986, 1.027673, -14.638657), (9.245432, 0.961153, -14.789284)
(9.092949, 1.009779, -14.794778), (9.245432, 0.961153, -14.789284), (9.247688, 0.942557, -14.944712)
(9.245432, 0.961153, -14.789284), (9.242756, 0.979191, -14.633531), (9.398182, 0.913548, -14.784008)
(9.245432, 0.961153, -14.789284), (9.398182, 0.913548, -14.784008), (9.400224, 0.895193, -14.939182)
# 9.71577538331334, 0, -15.058625250020004
(9.709342, 0.750741, -15.392361), (9.708605, 0.768655, -15.238017), (9.862498, 0.708994, -15.387354)
(9.709342, 0.750741, -15.392361), (9.862498, 0.708994, -15.387354), (9.86291, 0.691902, -15.541582)
(9.862498, 0.708994, -15.387354), (9.86182, 0.72627, -15.233083), (10.015964, 0.668734, -15.382663)
(9.862498, 0.708994, -15.387354), (10.015964, 0.668734, -15.382663), (10.016352, 0.652242, -15.536842)
(10.015964, 0.668734, -15.382663), (10.015333, 0.685378, -15.228457), (10.169722, 0.63014, -15.378302)
(10.015964, 0.668734, -15.382663), (10.169722, 0.63014, -15.378302), (10.170089, 0.614097, -15.532416)
(9.403128, 0.857336, -15.248796), (9.555706, 0.812435, -15.243264), (9.556503, 0.793689, -15.397665)
(9.403128, 0.857336, -15.248796), (9.401873, 0.876505, -15.09411), (9.555706, 0.812435, -15.243264)
(9.555706, 0.812435, -15.243264), (9.708605, 0.768655, -15.238017), (9.709342, 0.750741, -15.392361)
(9.555706, 0.812435, -15.243264), (9.554558, 0.830849, -15.088684), (9.708605, 0.768655, -15.238017)
(9.708605, 0.768655, -15.238017), (9.86182, 0.72627, -15.233083), (9.862498, 0.708994, -15.387354)
(9.708605, 0.768655, -15.238017), (9.707559, 0.78645, -15.08355), (9.86182, 0.72627, -15.233083)
(9.86182, 0.72627, -15.233083), (10.015333, 0.685378, -15.228457), (10.015964, 0.668734, -15.382663)
(9.86182, 0.72627, -15.233083), (9.860863, 0.743512, -15.078727), (10.015333, 0.685378, -15.228457)
(10.015333, 0.685378, -15.228457), (10.169132, 0.646321, -15.224172), (10.169722, 0.63014, -15.378302)
(10.015333, 0.685378, -15.228457), (10.014459, 0.702372, -15.07424), (10.169132, 0.646321, -15.224172)
(9.401873, 0.876505, -15.09411), (9.400224, 0.895193, -14.939182), (9.554558, 0.830849, -15.088684)
(9.401873, 0.876505, -15.09411), (9.554558, 0.830849, -15.088684), (9.555706, 0.812435, -15.243264)
(9.554558, 0.830849, -15.088684), (9.553059, 0.849104, -14.933931), (9.707559, 0.78645, -15.08355)
(9.554558, 0.830849, -15.088684), (9.707559, 0.78645, -15.08355), (9.708605, 0.768655, -15.238017)
(9.707559, 0.78645, -15.08355), (9.860863, 0.743512, -15.078727), (9.86182, 0.72627, -15.233083)
(9.707559, 0.78645, -15.08355), (9.706202, 0.80426, -14.928965), (9.860863, 0.743512, -15.078727)
(9.860863, 0.743512, -15.078727), (9.859632, 0.760989, -14.924301), (10.014459, 0.702372, -15.07424)
(9.860863, 0.743512, -15.078727), (10.014459, 0.702372, -15.07424), (10.015333, 0.685378, -15.228457)
(10.014459, 0.702372, -15.07424), (10.013337, 0.719571, -14.919972), (10.168327, 0.663172, -15.070096)
(10.014459, 0.702372, -15.07424), (10.168327, 0.663172, -15.070096), (10.169132, 0.646321, -15.224172)
(9.400224, 0.895193, -14.939182), (9.553059, 0.849104, -14.933931), (9.554558, 0.830849, -15.088684)
(9.400224, 0.895193, -14.939182), (9.398182, 0.913548, -14.784008), (9.553059, 0.849104, -14.933931)
(9.553059, 0.849104, -14.933931), (9.706202, 0.80426, -14.928965), (9.707559, 0.78645, -15.08355)
(9.553059, 0.849104, -14.933931), (9.551221, 0.867222, -14.778996), (9.706202, 0.80426, -14.928965)
(9.706202, 0.80426, -14.928965), (9.859632, 0.760989, -14.924301), (9.860863, 0.743512, -15.078727)
(9.706202, 0.80426, -14.928965), (9.704544, 0.822213, -14.774258), (9.859632, 0.760989, -14.924301)
(9.859632, 0.760989, -14.924301), (10.013337, 0.719571, -14.919972), (10.014459, 0.702372, -15.07424)
(9.859632, 0.760989, -14.924301), (9.858137, 0.778882, -14.769819), (10.013337, 0.719571, -14.919972)
(10.013337, 0.719571, -14.919972), (10.167302, 0.680339, -14.916002), (10.168327, 0.663172, -15.070096)
(10.013337, 0.719571, -14.919972), (10.011979, 0.737639, -14.765728), (10.167302, 0.680339, -14.916002)
(9.398182, 0.913548, -14.784008), (9.395781, 0.931699, -14.6286), (9.551221, 0.867222, -14.778996)
(9.398182, 0.913548, -14.784008), (9.551221, 0.867222, -14.778996), (9.553059, 0.849104, -14.933931)
(9.551221, 0.867222, -14.778996), (9.549061, 0.885504, -14.623901), (9.704544, 0.822213, -14.774258)
(9.551221, 0.867222, -14.778996), (9.704544, 0.822213, -14.774258), (9.706202, 0.80426, -14.928965)
(9.704544, 0.822213, -14.774258), (9.702602, 0.840646, -14.619459), (9.858137, 0.778882, -14.769819)
(9.704544, 0.822213, -14.774258), (9.858137, 0.778882, -14.769819), (9.859632, 0.760989, -14.924301)
(9.858137, 0.778882, -14.769819), (9.856383, 0.797586, -14.615307), (10.011979, 0.737639, -14.765728)
(9.858137, 0.778882, -14.769819), (10.011979, 0.737639, -14.765728), (10.013337, 0.719571, -14.919972)
(10.011979, 0.737639, -14.765728), (10.010391, 0.756436, -14.611463), (10.166059, 0.698628, -14.761982)
(10.011979, 0.737639, -14.765728), (10.166059, 0.698628, -14.761982), (10.167302, 0.680339, -14.916002)
