# 10.383545616646671, 0, -2.370990816686664
(10.480536, 2.457821, -2.70196), (10.439674, 2.457821, -2.659994), (10.509342, 2.456886, -2.590551)
(10.480536, 2.457821, -2.70196), (10.408911, 2.457817, -2.769907), (10.439674, 2.457821, -2.659994)
(10.439674, 2.457821, -2.659994), (10.486408, 1.653806, -2.713659), (10.554878, 1.652886, -2.645465)
(10.439674, 2.457821, -2.659994), (10.368351, 2.457816, -2.727655), (10.486408, 1.653806, -2.713659)
(10.567057, 2.447348, -2.649099), (10.550497, 2.456887, -2.632227), (10.620256, 2.455838, -2.562271)
(10.567057, 2.447348, -2.649099), (10.496994, 2.448281, -2.71893), (10.550497, 2.456887, -2.632227)
(10.165653, 2.062693, -2.647038), (10.167953, 2.049854, -2.490375), (10.334551, 2.073968, -2.640632)
(10.165653, 2.062693, -2.647038), (10.334551, 2.073968, -2.640632), (10.334356, 2.082633, -2.798055)
(10.334551, 2.073968, -2.640632), (10.3362, 2.063022, -2.483684), (10.504379, 2.082384, -2.633417)
(10.334551, 2.073968, -2.640632), (10.504379, 2.082384, -2.633417), (10.504723, 2.089988, -2.790945)
(10.504379, 2.082384, -2.633417), (10.505161, 2.073436, -2.476353), (10.674366, 2.089925, -2.625415)
(10.504379, 2.082384, -2.633417), (10.674366, 2.089925, -2.625415), (10.675257, 2.097093, -2.782821)
(10.550497, 2.456887, -2.632227), (10.509342, 2.456886, -2.590551), (10.57881, 2.455836, -2.520886)
(10.550497, 2.456887, -2.632227), (10.480536, 2.457821, -2.70196), (10.509342, 2.456886, -2.590551)
(10.674366, 2.089925, -2.625415), (10.674462, 2.08211, -2.468385), (10.844064, 2.097936, -2.616648)
(10.674366, 2.089925, -2.625415), (10.844064, 2.097936, -2.616648), (10.845214, 2.105873, -2.773772)
(10.509342, 2.456886, -2.590551), (10.554878, 1.652886, -2.645465), (10.623146, 1.651858, -2.577078)
(10.509342, 2.456886, -2.590551), (10.439674, 2.457821, -2.659994), (10.554878, 1.652886, -2.645465)
(10.636916, 2.446299, -2.579046), (10.620256, 2.455838, -2.562271), (10.690022, 2.454792, -2.492322)
(10.636916, 2.446299, -2.579046), (10.567057, 2.447348, -2.649099), (10.620256, 2.455838, -2.562271)
(10.620256, 2.455838, -2.562271), (10.57881, 2.455836, -2.520886), (10.648285, 2.45479, -2.45123)
(10.620256, 2.455838, -2.562271), (10.550497, 2.456887, -2.632227), (10.57881, 2.455836, -2.520886)
(10.57881, 2.455836, -2.520886), (10.623146, 1.651858, -2.577078), (10.691431, 1.650838, -2.50871)
(10.57881, 2.455836, -2.520886), (10.509342, 2.456886, -2.590551), (10.623146, 1.651858, -2.577078)
(10.706779, 2.445253, -2.509), (10.690022, 2.454792, -2.492322), (10.759768, 2.453733, -2.422354)
(10.706779, 2.445253, -2.509), (10.636916, 2.446299, -2.579046), (10.690022, 2.454792, -2.492322)
(10.690022, 2.454792, -2.492322), (10.648285, 2.45479, -2.45123), (10.717743, 2.453733, -2.381556)
(10.690022, 2.454792, -2.492322), (10.620256, 2.455838, -2.562271), (10.648285, 2.45479, -2.45123)
(10.167953, 2.049854, -2.490375), (10.3362, 2.063022, -2.483684), (10.334551, 2.073968, -2.640632)
(10.167953, 2.049854, -2.490375), (10.171033, 2.036168, -2.334225), (10.3362, 2.063022, -2.483684)
(10.3362, 2.063022, -2.483684), (10.505161, 2.073436, -2.476353), (10.504379, 2.082384, -2.633417)
(10.3362, 2.063022, -2.483684), (10.338498, 2.051639, -2.327252), (10.505161, 2.073436, -2.476353)
(10.505161, 2.073436, -2.476353), (10.674462, 2.08211, -2.468385), (10.674366, 2.089925, -2.625415)
(10.505161, 2.073436, -2.476353), (10.506835, 2.063579, -2.31976), (10.674462, 2.08211, -2.468385)
(10.674462, 2.08211, -2.468385), (10.843726, 2.090223, -2.459796), (10.844064, 2.097936, -2.616648)
(10.674462, 2.08211, -2.468385), (10.675496, 2.073428, -2.311767), (10.843726, 2.090223, -2.459796)
(10.648285, 2.45479, -2.45123), (10.691431, 1.650838, -2.50871), (10.759706, 1.649812, -2.440329)
(10.648285, 2.45479, -2.45123), (10.57881, 2.455836, -2.520886), (10.691431, 1.650838, -2.50871)
(10.171033, 2.036168, -2.334225), (10.338498, 2.051639, -2.327252), (10.3362, 2.063022, -2.483684)
(10.171033, 2.036168, -2.334225), (10.175184, 2.02094, -2.178527), (10.338498, 2.051639, -2.327252)
(10.338498, 2.051639, -2.327252), (10.341903, 2.038752, -2.17125), (10.506835, 2.063579, -2.31976)
(10.338498, 2.051639, -2.327252), (10.506835, 2.063579, -2.31976), (10.505161, 2.073436, -2.476353)
(10.506835, 2.063579, -2.31976), (10.50948, 2.052718, -2.163563), (10.675496, 2.073428, -2.311767)
(10.506835, 2.063579, -2.31976), (10.675496, 2.073428, -2.311767), (10.674462, 2.08211, -2.468385)
(10.675496, 2.073428, -2.311767), (10.677629, 2.063592, -2.15549), (10.844258, 2.081948, -2.303291)
(10.675496, 2.073428, -2.311767), (10.844258, 2.081948, -2.303291), (10.843726, 2.090223, -2.459796)
(10.175184, 2.02094, -2.178527), (10.341903, 2.038752, -2.17125), (10.338498, 2.051639, -2.327252)
(10.175184, 2.02094, -2.178527), (10.180488, 2.003886, -2.02325), (10.341903, 2.038752, -2.17125)
(10.341903, 2.038752, -2.17125), (10.50948, 2.052718, -2.163563), (10.506835, 2.063579, -2.31976)
(10.341903, 2.038752, -2.17125), (10.346479, 2.024096, -2.01565), (10.50948, 2.052718, -2.163563)
(10.50948, 2.052718, -2.163563), (10.677629, 2.063592, -2.15549), (10.675496, 2.073428, -2.311767)
(10.50948, 2.052718, -2.163563), (10.513391, 2.039964, -2.007738), (10.677629, 2.063592, -2.15549)
(10.677629, 2.063592, -2.15549), (10.845748, 2.073081, -2.147063), (10.844258, 2.081948, -2.303291)
(10.677629, 2.063592, -2.15549), (10.680723, 2.052855, -1.999539), (10.845748, 2.073081, -2.147063)
# 11.051315849980007, 0, -2.370990816686664
(10.762766, 2.455845, -2.704562), (10.833529, 2.454798, -2.633609), (10.798148, 2.455847, -2.739889)
(10.762766, 2.455845, -2.704562), (10.745559, 2.446305, -2.687521), (10.816183, 2.445257, -2.616709)
(10.762766, 2.455845, -2.704562), (10.798148, 2.455847, -2.739889), (10.727136, 2.456894, -2.81109)
(10.762766, 2.455845, -2.704562), (10.692003, 2.456892, -2.775516), (10.745559, 2.446305, -2.687521)
(10.904787, 2.4548, -2.703766), (10.976013, 2.453733, -2.632281), (10.993281, 2.444194, -2.649259)
(10.904787, 2.4548, -2.703766), (10.83353, 2.455849, -2.77522), (10.798148, 2.455847, -2.739889)
(11.190779, 2.451561, -2.698184), (11.173576, 2.442022, -2.681967), (11.261036, 2.449382, -2.62381)
(11.190779, 2.451561, -2.698184), (11.261036, 2.449382, -2.62381), (11.307882, 2.449385, -2.668048)
(10.745559, 2.446305, -2.687521), (10.636916, 2.446299, -2.579046), (10.706779, 2.445253, -2.509)
(10.745559, 2.446305, -2.687521), (10.674934, 2.447352, -2.758337), (10.636916, 2.446299, -2.579046)
(11.173576, 2.442022, -2.681967), (11.062684, 2.442017, -2.575793), (11.243703, 2.439843, -2.60773)
(11.173576, 2.442022, -2.681967), (11.243703, 2.439843, -2.60773), (11.261036, 2.449382, -2.62381)
(10.869158, 2.454799, -2.668686), (10.904787, 2.4548, -2.703766), (10.798148, 2.455847, -2.739889)
(11.307882, 2.449385, -2.668048), (11.261036, 2.449382, -2.62381), (11.378433, 2.447198, -2.593332)
(11.307882, 2.449385, -2.668048), (11.378433, 2.447198, -2.593332), (11.32251, 1.682458, -2.567459)
(10.993281, 2.444194, -2.649259), (10.976013, 2.453733, -2.632281), (11.062684, 2.442017, -2.575793)
(10.993281, 2.444194, -2.649259), (11.062684, 2.442017, -2.575793), (11.173576, 2.442022, -2.681967)
(11.253716, 1.68459, -2.640131), (11.307882, 2.449385, -2.668048), (11.32251, 1.682458, -2.567459)
(10.833529, 2.454798, -2.633609), (10.904263, 2.453733, -2.562625), (10.869158, 2.454799, -2.668686)
(10.833529, 2.454798, -2.633609), (10.816183, 2.445257, -2.616709), (10.88678, 2.444194, -2.545868)
(10.833529, 2.454798, -2.633609), (10.869158, 2.454799, -2.668686), (10.798148, 2.455847, -2.739889)
(10.833529, 2.454798, -2.633609), (10.762766, 2.455845, -2.704562), (10.816183, 2.445257, -2.616709)
(10.976013, 2.453733, -2.632281), (11.045319, 2.451555, -2.558914), (11.062684, 2.442017, -2.575793)
(10.976013, 2.453733, -2.632281), (10.904787, 2.4548, -2.703766), (10.869158, 2.454799, -2.668686)
(11.261036, 2.449382, -2.62381), (11.243703, 2.439843, -2.60773), (11.331283, 2.447196, -2.549417)
(11.261036, 2.449382, -2.62381), (11.331283, 2.447196, -2.549417), (11.378433, 2.447198, -2.593332)
(10.816183, 2.445257, -2.616709), (10.706779, 2.445253, -2.509), (10.776623, 2.444194, -2.438931)
(10.816183, 2.445257, -2.616709), (10.745559, 2.446305, -2.687521), (10.706779, 2.445253, -2.509)
(10.844064, 2.097936, -2.616648), (10.843726, 2.090223, -2.459796), (11.013161, 2.10795, -2.607106)
(10.844064, 2.097936, -2.616648), (11.013161, 2.10795, -2.607106), (11.01424, 2.118096, -2.763778)
(11.243703, 2.439843, -2.60773), (11.13208, 2.439837, -2.502322), (11.31382, 2.437658, -2.533481)
(11.243703, 2.439843, -2.60773), (11.31382, 2.437658, -2.533481), (11.331283, 2.447196, -2.549417)
(11.013161, 2.10795, -2.607106), (11.012627, 2.099259, -2.450598), (11.181264, 2.121917, -2.596874)
(11.013161, 2.10795, -2.607106), (11.181264, 2.121917, -2.596874), (11.182024, 2.135339, -2.75297)
(10.940138, 2.453733, -2.597455), (10.976013, 2.453733, -2.632281), (10.869158, 2.454799, -2.668686)
(11.181264, 2.121917, -2.596874), (11.180817, 2.110503, -2.440902), (11.348338, 2.139948, -2.586187)
(11.181264, 2.121917, -2.596874), (11.348338, 2.139948, -2.586187), (11.348513, 2.158466, -2.741573)
(11.378433, 2.447198, -2.593332), (11.331283, 2.447196, -2.549417), (11.4487, 2.444845, -2.518366)
(11.378433, 2.447198, -2.593332), (11.4487, 2.444845, -2.518366), (11.391028, 1.680167, -2.494562)
(11.348338, 2.139948, -2.586187), (11.34816, 2.124857, -2.430838), (11.514503, 2.161643, -2.575249)
(11.348338, 2.139948, -2.586187), (11.514503, 2.161643, -2.575249), (11.514071, 2.1858, -2.7299)
(11.062684, 2.442017, -2.575793), (11.045319, 2.451555, -2.558914), (11.13208, 2.439837, -2.502322)
(11.062684, 2.442017, -2.575793), (11.13208, 2.439837, -2.502322), (11.243703, 2.439843, -2.60773)
(11.32251, 1.682458, -2.567459), (11.378433, 2.447198, -2.593332), (11.391028, 1.680167, -2.494562)
(10.904263, 2.453733, -2.562625), (10.973088, 2.451552, -2.489756), (10.940138, 2.453733, -2.597455)
(10.904263, 2.453733, -2.562625), (10.88678, 2.444194, -2.545868), (10.955471, 2.442013, -2.473139)
(10.904263, 2.453733, -2.562625), (10.940138, 2.453733, -2.597455), (10.869158, 2.454799, -2.668686)
(10.904263, 2.453733, -2.562625), (10.833529, 2.454798, -2.633609), (10.88678, 2.444194, -2.545868)
(11.045319, 2.451555, -2.558914), (11.114617, 2.449375, -2.485544), (11.13208, 2.439837, -2.502322)
(11.045319, 2.451555, -2.558914), (10.976013, 2.453733, -2.632281), (10.940138, 2.453733, -2.597455)
(11.331283, 2.447196, -2.549417), (11.31382, 2.437658, -2.533481), (11.401248, 2.444845, -2.474777)
(11.331283, 2.447196, -2.549417), (11.401248, 2.444845, -2.474777), (11.4487, 2.444845, -2.518366)
(10.88678, 2.444194, -2.545868), (10.776623, 2.444194, -2.438931), (10.844579, 2.442008, -2.366964)
(10.88678, 2.444194, -2.545868), (10.816183, 2.445257, -2.616709), (10.776623, 2.444194, -2.438931)
(11.31382, 2.437658, -2.533481), (11.201471, 2.437654, -2.428848), (11.383657, 2.435308, -2.458982)
(11.31382, 2.437658, -2.533481), (11.383657, 2.435308, -2.458982), (11.401248, 2.444845, -2.474777)
(11.009203, 2.451554, -2.524335), (11.045319, 2.451555, -2.558914), (10.940138, 2.453733, -2.597455)
(11.13208, 2.439837, -2.502322), (11.114617, 2.449375, -2.485544), (11.201471, 2.437654, -2.428848)
(11.13208, 2.439837, -2.502322), (11.201471, 2.437654, -2.428848), (11.31382, 2.437658, -2.533481)
(10.973088, 2.451552, -2.489756), (11.041912, 2.449371, -2.416885), (11.009203, 2.451554, -2.524335)
(10.973088, 2.451552, -2.489756), (10.955471, 2.442013, -2.473139), (11.02416, 2.439832, -2.400412)
(10.973088, 2.451552, -2.489756), (11.009203, 2.451554, -2.524335), (10.940138, 2.453733, -2.597455)
(10.973088, 2.451552, -2.489756), (10.904263, 2.453733, -2.562625), (10.955471, 2.442013, -2.473139)
(11.114617, 2.449375, -2.485544), (11.183913, 2.447191, -2.412168), (11.201471, 2.437654, -2.428848)
(11.114617, 2.449375, -2.485544), (11.045319, 2.451555, -2.558914), (11.009203, 2.451554, -2.524335)
(10.955471, 2.442013, -2.473139), (10.844579, 2.442008, -2.366964), (10.912539, 2.439826, -2.295008)
(10.955471, 2.442013, -2.473139), (10.88678, 2.444194, -2.545868), (10.844579, 2.442008, -2.366964)
(10.843726, 2.090223, -2.459796), (11.012627, 2.099259, -2.450598), (11.013161, 2.10795, -2.607106)
(10.843726, 2.090223, -2.459796), (10.844258, 2.081948, -2.303291), (11.012627, 2.099259, -2.450598)
(11.383657, 2.435308, -2.458982), (11.270591, 2.435307, -2.355124), (11.451763, 2.431934, -2.38294)
(11.383657, 2.435308, -2.458982), (11.451763, 2.431934, -2.38294), (11.469481, 2.44147, -2.398596)
(11.078264, 2.449373, -2.451215), (11.114617, 2.449375, -2.485544), (11.009203, 2.451554, -2.524335)
(11.012627, 2.099259, -2.450598), (11.180817, 2.110503, -2.440902), (11.181264, 2.121917, -2.596874)
(11.012627, 2.099259, -2.450598), (11.012827, 2.090322, -2.294367), (11.180817, 2.110503, -2.440902)
(11.180817, 2.110503, -2.440902), (11.34816, 2.124857, -2.430838), (11.348338, 2.139948, -2.586187)
(11.180817, 2.110503, -2.440902), (11.180929, 2.099805, -2.285075), (11.34816, 2.124857, -2.430838)
(10.776623, 2.444194, -2.438931), (10.759768, 2.453733, -2.422354), (10.827629, 2.451546, -2.350482)
(10.776623, 2.444194, -2.438931), (10.706779, 2.445253, -2.509), (10.759768, 2.453733, -2.422354)
(11.34816, 2.124857, -2.430838), (11.514693, 2.142071, -2.420589), (11.514503, 2.161643, -2.575249)
(11.34816, 2.124857, -2.430838), (11.34836, 2.11112, -2.275541), (11.514693, 2.142071, -2.420589)
(11.201471, 2.437654, -2.428848), (11.183913, 2.447191, -2.412168), (11.270591, 2.435307, -2.355124)
(11.201471, 2.437654, -2.428848), (11.270591, 2.435307, -2.355124), (11.383657, 2.435308, -2.458982)
(10.759768, 2.453733, -2.422354), (10.717743, 2.453733, -2.381556), (10.785323, 2.451544, -2.309977)
(10.759768, 2.453733, -2.422354), (10.690022, 2.454792, -2.492322), (10.717743, 2.453733, -2.381556)
(11.041912, 2.449371, -2.416885), (11.110735, 2.447188, -2.344012), (11.078264, 2.449373, -2.451215)
(11.041912, 2.449371, -2.416885), (11.02416, 2.439832, -2.400412), (11.092852, 2.43765, -2.327685)
(11.041912, 2.449371, -2.416885), (11.078264, 2.449373, -2.451215), (11.009203, 2.451554, -2.524335)
(11.041912, 2.449371, -2.416885), (10.973088, 2.451552, -2.489756), (11.02416, 2.439832, -2.400412)
(11.183913, 2.447191, -2.412168), (11.252938, 2.444843, -2.338544), (11.270591, 2.435307, -2.355124)
(11.183913, 2.447191, -2.412168), (11.114617, 2.449375, -2.485544), (11.078264, 2.449373, -2.451215)
(11.02416, 2.439832, -2.400412), (10.912539, 2.439826, -2.295008), (10.980503, 2.437646, -2.22305)
(11.02416, 2.439832, -2.400412), (10.955471, 2.442013, -2.473139), (10.912539, 2.439826, -2.295008)
(10.717743, 2.453733, -2.381556), (10.759706, 1.649812, -2.440329), (10.826045, 1.647668, -2.370214)
(10.717743, 2.453733, -2.381556), (10.648285, 2.45479, -2.45123), (10.759706, 1.649812, -2.440329)
(11.147325, 2.44719, -2.378088), (11.183913, 2.447191, -2.412168), (11.078264, 2.449373, -2.451215)
(10.844579, 2.442008, -2.366964), (10.827629, 2.451546, -2.350482), (10.895494, 2.449363, -2.278623)
(10.844579, 2.442008, -2.366964), (10.776623, 2.444194, -2.438931), (10.827629, 2.451546, -2.350482)
(11.270591, 2.435307, -2.355124), (11.252938, 2.444843, -2.338544), (11.338001, 2.431929, -2.279846)
(11.270591, 2.435307, -2.355124), (11.338001, 2.431929, -2.279846), (11.451763, 2.431934, -2.38294)
(10.827629, 2.451546, -2.350482), (10.785323, 2.451544, -2.309977), (10.85291, 2.449361, -2.238409)
(10.827629, 2.451546, -2.350482), (10.759768, 2.453733, -2.422354), (10.785323, 2.451544, -2.309977)
(11.110735, 2.447188, -2.344012), (11.179293, 2.444843, -2.270895), (11.147325, 2.44719, -2.378088)
(11.110735, 2.447188, -2.344012), (11.092852, 2.43765, -2.327685), (11.161278, 2.435306, -2.254709)
(11.110735, 2.447188, -2.344012), (11.147325, 2.44719, -2.378088), (11.078264, 2.449373, -2.451215)
(11.110735, 2.447188, -2.344012), (11.041912, 2.449371, -2.416885), (11.092852, 2.43765, -2.327685)
(11.252938, 2.444843, -2.338544), (11.320257, 2.441463, -2.263364), (11.338001, 2.431929, -2.279846)
(11.252938, 2.444843, -2.338544), (11.183913, 2.447191, -2.412168), (11.147325, 2.44719, -2.378088)
(11.092852, 2.43765, -2.327685), (10.980503, 2.437646, -2.22305), (11.048212, 2.435305, -2.150851)
(11.092852, 2.43765, -2.327685), (11.02416, 2.439832, -2.400412), (10.980503, 2.437646, -2.22305)
(10.785323, 2.451544, -2.309977), (10.826045, 1.647668, -2.370214), (10.892401, 1.645534, -2.300119)
(10.785323, 2.451544, -2.309977), (10.717743, 2.453733, -2.381556), (10.826045, 1.647668, -2.370214)
(11.216116, 2.444843, -2.304718), (11.252938, 2.444843, -2.338544), (11.147325, 2.44719, -2.378088)
(10.844258, 2.081948, -2.303291), (11.012827, 2.090322, -2.294367), (11.012627, 2.099259, -2.450598)
(10.844258, 2.081948, -2.303291), (10.845748, 2.073081, -2.147063), (11.012827, 2.090322, -2.294367)
(10.912539, 2.439826, -2.295008), (10.895494, 2.449363, -2.278623), (10.963367, 2.447183, -2.206762)
(10.912539, 2.439826, -2.295008), (10.844579, 2.442008, -2.366964), (10.895494, 2.449363, -2.278623)
(11.012827, 2.090322, -2.294367), (11.013834, 2.081502, -2.138325), (11.180929, 2.099805, -2.285075)
(11.012827, 2.090322, -2.294367), (11.180929, 2.099805, -2.285075), (11.180817, 2.110503, -2.440902)
(11.180929, 2.099805, -2.285075), (11.34836, 2.11112, -2.275541), (11.34816, 2.124857, -2.430838)
(11.180929, 2.099805, -2.285075), (11.181646, 2.089879, -2.129352), (11.34836, 2.11112, -2.275541)
(11.338001, 2.431929, -2.279846), (11.320257, 2.441463, -2.263364), (11.405405, 2.428546, -2.204562)
(11.338001, 2.431929, -2.279846), (11.405405, 2.428546, -2.204562), (11.519859, 2.428553, -2.306888)
(10.895494, 2.449363, -2.278623), (10.85291, 2.449361, -2.238409), (10.920506, 2.447181, -2.166845)
(10.895494, 2.449363, -2.278623), (10.827629, 2.451546, -2.350482), (10.85291, 2.449361, -2.238409)
(11.34836, 2.11112, -2.275541), (11.348982, 2.099215, -2.120244), (11.515066, 2.124708, -2.26589)
(11.34836, 2.11112, -2.275541), (11.515066, 2.124708, -2.26589), (11.514693, 2.142071, -2.420589)
(11.179293, 2.444843, -2.270895), (11.246158, 2.44146, -2.196213), (11.216116, 2.444843, -2.304718)
(11.179293, 2.444843, -2.270895), (11.161278, 2.435306, -2.254709), (11.228014, 2.431924, -2.18017)
(11.179293, 2.444843, -2.270895), (11.216116, 2.444843, -2.304718), (11.147325, 2.44719, -2.378088)
(11.179293, 2.444843, -2.270895), (11.110735, 2.447188, -2.344012), (11.161278, 2.435306, -2.254709)
(11.320257, 2.441463, -2.263364), (11.38757, 2.43808, -2.188177), (11.405405, 2.428546, -2.204562)
(11.320257, 2.441463, -2.263364), (11.252938, 2.444843, -2.338544), (11.216116, 2.444843, -2.304718)
(11.161278, 2.435306, -2.254709), (11.048212, 2.435305, -2.150851), (11.114251, 2.431919, -2.077075)
(11.161278, 2.435306, -2.254709), (11.092852, 2.43765, -2.327685), (11.048212, 2.435305, -2.150851)
(10.85291, 2.449361, -2.238409), (10.892401, 1.645534, -2.300119), (10.958775, 1.643411, -2.230032)
(10.85291, 2.449361, -2.238409), (10.785323, 2.451544, -2.309977), (10.892401, 1.645534, -2.300119)
(11.283207, 2.441462, -2.229788), (11.320257, 2.441463, -2.263364), (11.216116, 2.444843, -2.304718)
(10.980503, 2.437646, -2.22305), (10.963367, 2.447183, -2.206762), (11.030983, 2.444842, -2.134662)
(10.980503, 2.437646, -2.22305), (10.912539, 2.439826, -2.295008), (10.963367, 2.447183, -2.206762)
(10.963367, 2.447183, -2.206762), (10.920506, 2.447181, -2.166845), (10.987848, 2.444841, -2.095037)
(10.963367, 2.447183, -2.206762), (10.895494, 2.449363, -2.278623), (10.920506, 2.447181, -2.166845)
(11.246158, 2.44146, -2.196213), (11.313021, 2.438076, -2.121527), (11.283207, 2.441462, -2.229788)
(11.246158, 2.44146, -2.196213), (11.228014, 2.431924, -2.18017), (11.294748, 2.428541, -2.105631)
(11.246158, 2.44146, -2.196213), (11.283207, 2.441462, -2.229788), (11.216116, 2.444843, -2.304718)
(11.246158, 2.44146, -2.196213), (11.179293, 2.444843, -2.270895), (11.228014, 2.431924, -2.18017)
(11.228014, 2.431924, -2.18017), (11.114251, 2.431919, -2.077075), (11.180294, 2.428535, -2.003305)
(11.228014, 2.431924, -2.18017), (11.161278, 2.435306, -2.254709), (11.114251, 2.431919, -2.077075)
(10.920506, 2.447181, -2.166845), (10.958775, 1.643411, -2.230032), (11.024899, 1.641134, -2.159735)
(10.920506, 2.447181, -2.166845), (10.85291, 2.449361, -2.238409), (10.958775, 1.643411, -2.230032)
(11.350295, 2.438078, -2.154852), (11.38757, 2.43808, -2.188177), (11.283207, 2.441462, -2.229788)
(11.048212, 2.435305, -2.150851), (11.030983, 2.444842, -2.134662), (11.096933, 2.441453, -2.06098)
(11.048212, 2.435305, -2.150851), (10.980503, 2.437646, -2.22305), (11.030983, 2.444842, -2.134662)
(10.845748, 2.073081, -2.147063), (11.013834, 2.081502, -2.138325), (11.012827, 2.090322, -2.294367)
(10.845748, 2.073081, -2.147063), (10.84815, 2.063721, -1.991087), (11.013834, 2.081502, -2.138325)
(11.013834, 2.081502, -2.138325), (11.181646, 2.089879, -2.129352), (11.180929, 2.099805, -2.285075)
(11.013834, 2.081502, -2.138325), (11.015669, 2.07272, -1.982449), (11.181646, 2.089879, -2.129352)
(11.030983, 2.444842, -2.134662), (10.987848, 2.444841, -2.095037), (11.053534, 2.441452, -2.021649)
(11.030983, 2.444842, -2.134662), (10.963367, 2.447183, -2.206762), (10.987848, 2.444841, -2.095037)
(11.181646, 2.089879, -2.129352), (11.348982, 2.099215, -2.120244), (11.34836, 2.11112, -2.275541)
(11.181646, 2.089879, -2.129352), (11.183081, 2.080778, -1.973702), (11.348982, 2.099215, -2.120244)
(11.313021, 2.438076, -2.121527), (11.37988, 2.434692, -2.046842), (11.350295, 2.438078, -2.154852)
(11.313021, 2.438076, -2.121527), (11.294748, 2.428541, -2.105631), (11.361482, 2.425158, -2.031092)
(11.313021, 2.438076, -2.121527), (11.350295, 2.438078, -2.154852), (11.283207, 2.441462, -2.229788)
(11.313021, 2.438076, -2.121527), (11.246158, 2.44146, -2.196213), (11.294748, 2.428541, -2.105631)
(11.348982, 2.099215, -2.120244), (11.515697, 2.109879, -2.111109), (11.515066, 2.124708, -2.26589)
(11.348982, 2.099215, -2.120244), (11.35013, 2.088769, -1.964931), (11.515697, 2.109879, -2.111109)
(11.294748, 2.428541, -2.105631), (11.180294, 2.428535, -2.003305), (11.24634, 2.425154, -1.929541)
(11.294748, 2.428541, -2.105631), (11.228014, 2.431924, -2.18017), (11.180294, 2.428535, -2.003305)
(10.987848, 2.444841, -2.095037), (11.024899, 1.641134, -2.159735), (11.089336, 1.637821, -2.087985)
(10.987848, 2.444841, -2.095037), (10.920506, 2.447181, -2.166845), (11.024899, 1.641134, -2.159735)
(11.114251, 2.431919, -2.077075), (11.096933, 2.441453, -2.06098), (11.162889, 2.438068, -1.987302)
(11.114251, 2.431919, -2.077075), (11.048212, 2.435305, -2.150851), (11.096933, 2.441453, -2.06098)
(11.096933, 2.441453, -2.06098), (11.053534, 2.441452, -2.021649), (11.119225, 2.438066, -1.948267)
(11.096933, 2.441453, -2.06098), (11.030983, 2.444842, -2.134662), (11.053534, 2.441452, -2.021649)
(11.37988, 2.434692, -2.046842), (11.446224, 2.430977, -1.97171), (11.417378, 2.434693, -2.079916)
(11.37988, 2.434692, -2.046842), (11.361482, 2.425158, -2.031092), (11.427701, 2.421444, -1.956106)
(11.37988, 2.434692, -2.046842), (11.417378, 2.434693, -2.079916), (11.350295, 2.438078, -2.154852)
(11.37988, 2.434692, -2.046842), (11.313021, 2.438076, -2.121527), (11.361482, 2.425158, -2.031092)
# 11.71908608331334, 0, -2.370990816686664
(12.007209, 2.288697, -2.695909), (12.171392, 2.324375, -2.685813), (12.170122, 2.369705, -2.838583)
(12.007209, 2.288697, -2.695909), (12.008575, 2.249414, -2.543138), (12.171392, 2.324375, -2.685813)
(11.514503, 2.161643, -2.575249), (11.514693, 2.142071, -2.420589), (11.679774, 2.187765, -2.564251)
(11.514503, 2.161643, -2.575249), (11.679774, 2.187765, -2.564251), (11.678833, 2.2175, -2.718189)
(11.679774, 2.187765, -2.564251), (11.680345, 2.163302, -2.41031), (11.84435, 2.217731, -2.553472)
(11.679774, 2.187765, -2.564251), (11.84435, 2.217731, -2.553472), (11.843109, 2.252334, -2.706749)
(11.84435, 2.217731, -2.553472), (11.845299, 2.187655, -2.400212), (12.008575, 2.249414, -2.543138)
(11.84435, 2.217731, -2.553472), (12.008575, 2.249414, -2.543138), (12.007209, 2.288697, -2.695909)
(12.008575, 2.249414, -2.543138), (12.009734, 2.214245, -2.390487), (12.172652, 2.281424, -2.533454)
(12.008575, 2.249414, -2.543138), (12.172652, 2.281424, -2.533454), (12.171392, 2.324375, -2.685813)
(11.4487, 2.444845, -2.518366), (11.401248, 2.444845, -2.474777), (11.517225, 2.441472, -2.441861)
(11.4487, 2.444845, -2.518366), (11.517225, 2.441472, -2.441861), (11.457794, 1.676865, -2.420248)
(11.391028, 1.680167, -2.494562), (11.4487, 2.444845, -2.518366), (11.457794, 1.676865, -2.420248)
(11.401248, 2.444845, -2.474777), (11.383657, 2.435308, -2.458982), (11.469481, 2.44147, -2.398596)
(11.401248, 2.444845, -2.474777), (11.469481, 2.44147, -2.398596), (11.517225, 2.441472, -2.441861)
(11.517225, 2.441472, -2.441861), (11.469481, 2.44147, -2.398596), (11.585737, 2.438091, -2.365344)
(11.517225, 2.441472, -2.441861), (11.585737, 2.438091, -2.365344), (11.52456, 1.673562, -2.345929)
(11.514693, 2.142071, -2.420589), (11.680345, 2.163302, -2.41031), (11.679774, 2.187765, -2.564251)
(11.514693, 2.142071, -2.420589), (11.515066, 2.124708, -2.26589), (11.680345, 2.163302, -2.41031)
(11.457794, 1.676865, -2.420248), (11.517225, 2.441472, -2.441861), (11.52456, 1.673562, -2.345929)
(11.680345, 2.163302, -2.41031), (11.845299, 2.187655, -2.400212), (11.84435, 2.217731, -2.553472)
(11.680345, 2.163302, -2.41031), (11.680994, 2.141339, -2.256257), (11.845299, 2.187655, -2.400212)
(11.845299, 2.187655, -2.400212), (12.009734, 2.214245, -2.390487), (12.008575, 2.249414, -2.543138)
(11.845299, 2.187655, -2.400212), (11.846169, 2.161141, -2.246812), (12.009734, 2.214245, -2.390487)
(11.469481, 2.44147, -2.398596), (11.451763, 2.431934, -2.38294), (11.537703, 2.438088, -2.3224)
(11.469481, 2.44147, -2.398596), (11.537703, 2.438088, -2.3224), (11.585737, 2.438091, -2.365344)
(12.009734, 2.214245, -2.390487), (12.17382, 2.241983, -2.381346), (12.172652, 2.281424, -2.533454)
(12.009734, 2.214245, -2.390487), (12.010771, 2.18297, -2.237716), (12.17382, 2.241983, -2.381346)
(11.451763, 2.431934, -2.38294), (11.338001, 2.431929, -2.279846), (11.519859, 2.428553, -2.306888)
(11.451763, 2.431934, -2.38294), (11.519859, 2.428553, -2.306888), (11.537703, 2.438088, -2.3224)
(11.585737, 2.438091, -2.365344), (11.537703, 2.438088, -2.3224), (11.654233, 2.434701, -2.288818)
(11.585737, 2.438091, -2.365344), (11.654233, 2.434701, -2.288818), (11.591326, 1.670259, -2.271612)
(11.52456, 1.673562, -2.345929), (11.585737, 2.438091, -2.365344), (11.591326, 1.670259, -2.271612)
(11.537703, 2.438088, -2.3224), (11.519859, 2.428553, -2.306888), (11.605909, 2.434699, -2.246198)
(11.537703, 2.438088, -2.3224), (11.605909, 2.434699, -2.246198), (11.654233, 2.434701, -2.288818)
(11.519859, 2.428553, -2.306888), (11.405405, 2.428546, -2.204562), (11.587943, 2.425165, -2.230829)
(11.519859, 2.428553, -2.306888), (11.587943, 2.425165, -2.230829), (11.605909, 2.434699, -2.246198)
(11.654233, 2.434701, -2.288818), (11.605909, 2.434699, -2.246198), (11.722187, 2.430981, -2.211847)
(11.654233, 2.434701, -2.288818), (11.722187, 2.430981, -2.211847), (11.657561, 1.666635, -2.19689)
(11.591326, 1.670259, -2.271612), (11.654233, 2.434701, -2.288818), (11.657561, 1.666635, -2.19689)
(11.515066, 2.124708, -2.26589), (11.680994, 2.141339, -2.256257), (11.680345, 2.163302, -2.41031)
(11.515066, 2.124708, -2.26589), (11.515697, 2.109879, -2.111109), (11.680994, 2.141339, -2.256257)
(11.680994, 2.141339, -2.256257), (11.68173, 2.122745, -2.102061), (11.846169, 2.161141, -2.246812)
(11.680994, 2.141339, -2.256257), (11.846169, 2.161141, -2.246812), (11.845299, 2.187655, -2.400212)
(11.846169, 2.161141, -2.246812), (11.847061, 2.138177, -2.093235), (12.010771, 2.18297, -2.237716)
(11.846169, 2.161141, -2.246812), (12.010771, 2.18297, -2.237716), (12.009734, 2.214245, -2.390487)
(11.605909, 2.434699, -2.246198), (11.587943, 2.425165, -2.230829), (11.67358, 2.43098, -2.169553)
(11.605909, 2.434699, -2.246198), (11.67358, 2.43098, -2.169553), (11.722187, 2.430981, -2.211847)
(12.010771, 2.18297, -2.237716), (12.011745, 2.155916, -2.08478), (12.174903, 2.206269, -2.229157)
(12.010771, 2.18297, -2.237716), (12.174903, 2.206269, -2.229157), (12.17382, 2.241983, -2.381346)
(11.587943, 2.425165, -2.230829), (11.472802, 2.425161, -2.129275), (11.655491, 2.421447, -2.154325)
(11.587943, 2.425165, -2.230829), (11.655491, 2.421447, -2.154325), (11.67358, 2.43098, -2.169553)
(11.722187, 2.430981, -2.211847), (11.67358, 2.43098, -2.169553), (11.788651, 2.426355, -2.133673)
(11.722187, 2.430981, -2.211847), (11.788651, 2.426355, -2.133673), (11.722316, 1.662114, -2.121042)
(11.405405, 2.428546, -2.204562), (11.38757, 2.43808, -2.188177), (11.472802, 2.425161, -2.129275)
(11.405405, 2.428546, -2.204562), (11.472802, 2.425161, -2.129275), (11.587943, 2.425165, -2.230829)
(11.657561, 1.666635, -2.19689), (11.722187, 2.430981, -2.211847), (11.722316, 1.662114, -2.121042)
(11.38757, 2.43808, -2.188177), (11.454877, 2.434694, -2.112988), (11.472802, 2.425161, -2.129275)
(11.38757, 2.43808, -2.188177), (11.320257, 2.441463, -2.263364), (11.283207, 2.441462, -2.229788)
(11.67358, 2.43098, -2.169553), (11.655491, 2.421447, -2.154325), (11.73977, 2.426353, -2.091693)
(11.67358, 2.43098, -2.169553), (11.73977, 2.426353, -2.091693), (11.788651, 2.426355, -2.133673)
(11.655491, 2.421447, -2.154325), (11.539675, 2.421446, -2.053543), (11.721561, 2.416821, -2.076609)
(11.655491, 2.421447, -2.154325), (11.721561, 2.416821, -2.076609), (11.73977, 2.426353, -2.091693)
(11.788651, 2.426355, -2.133673), (11.73977, 2.426353, -2.091693), (11.855101, 2.421721, -2.055484)
(11.788651, 2.426355, -2.133673), (11.855101, 2.421721, -2.055484), (11.787072, 1.657594, -2.045197)
(11.472802, 2.425161, -2.129275), (11.454877, 2.434694, -2.112988), (11.539675, 2.421446, -2.053543)
(11.472802, 2.425161, -2.129275), (11.539675, 2.421446, -2.053543), (11.655491, 2.421447, -2.154325)
(11.722316, 1.662114, -2.121042), (11.788651, 2.426355, -2.133673), (11.787072, 1.657594, -2.045197)
(11.454877, 2.434694, -2.112988), (11.521661, 2.430978, -2.037354), (11.539675, 2.421446, -2.053543)
(11.454877, 2.434694, -2.112988), (11.38757, 2.43808, -2.188177), (11.350295, 2.438078, -2.154852)
(11.515697, 2.109879, -2.111109), (11.68173, 2.122745, -2.102061), (11.680994, 2.141339, -2.256257)
(11.515697, 2.109879, -2.111109), (11.516695, 2.097259, -1.956226), (11.68173, 2.122745, -2.102061)
(11.68173, 2.122745, -2.102061), (11.847061, 2.138177, -2.093235), (11.846169, 2.161141, -2.246812)
(11.68173, 2.122745, -2.102061), (11.682695, 2.107119, -1.947694), (11.847061, 2.138177, -2.093235)
(11.847061, 2.138177, -2.093235), (12.011745, 2.155916, -2.08478), (12.010771, 2.18297, -2.237716)
(11.847061, 2.138177, -2.093235), (11.848054, 2.118962, -1.939445), (12.011745, 2.155916, -2.08478)
(11.73977, 2.426353, -2.091693), (11.721561, 2.416821, -2.076609), (11.805948, 2.421719, -2.013824)
(11.73977, 2.426353, -2.091693), (11.805948, 2.421719, -2.013824), (11.855101, 2.421721, -2.055484)
(12.011745, 2.155916, -2.08478), (12.175942, 2.174575, -2.076815), (12.174903, 2.206269, -2.229157)
(12.011745, 2.155916, -2.08478), (12.012811, 2.132324, -1.931589), (12.175942, 2.174575, -2.076815)
(11.417378, 2.434693, -2.079916), (11.454877, 2.434694, -2.112988), (11.350295, 2.438078, -2.154852)
(11.721561, 2.416821, -2.076609), (11.605091, 2.416816, -1.976583), (11.787621, 2.412188, -1.998883)
(11.721561, 2.416821, -2.076609), (11.787621, 2.412188, -1.998883), (11.805948, 2.421719, -2.013824)
(11.855101, 2.421721, -2.055484), (11.805948, 2.421719, -2.013824), (11.921537, 2.417078, -1.977285)
(11.855101, 2.421721, -2.055484), (11.921537, 2.417078, -1.977285), (11.85183, 1.653075, -1.969348)
(11.539675, 2.421446, -2.053543), (11.521661, 2.430978, -2.037354), (11.605091, 2.416816, -1.976583)
(11.539675, 2.421446, -2.053543), (11.605091, 2.416816, -1.976583), (11.721561, 2.416821, -2.076609)
(11.787072, 1.657594, -2.045197), (11.855101, 2.421721, -2.055484), (11.85183, 1.653075, -1.969348)
(11.521661, 2.430978, -2.037354), (11.586992, 2.426346, -1.960489), (11.605091, 2.416816, -1.976583)
(11.521661, 2.430978, -2.037354), (11.454877, 2.434694, -2.112988), (11.417378, 2.434693, -2.079916)
# 12.386856316646675, 0, -2.370990816686664
(12.171392, 2.324375, -2.685813), (12.335776, 2.35832, -2.67678), (12.334951, 2.405479, -2.829391)
(12.171392, 2.324375, -2.685813), (12.172652, 2.281424, -2.533454), (12.335776, 2.35832, -2.67678)
(12.335776, 2.35832, -2.67678), (12.500422, 2.389277, -2.669044), (12.500145, 2.43757, -2.821643)
(12.335776, 2.35832, -2.67678), (12.336727, 2.312672, -2.524725), (12.500422, 2.389277, -2.669044)
(12.500422, 2.389277, -2.669044), (12.665323, 2.416212, -2.662842), (12.665611, 2.465407, -2.815399)
(12.500422, 2.389277, -2.669044), (12.500933, 2.341644, -2.517216), (12.665323, 2.416212, -2.662842)
(12.665323, 2.416212, -2.662842), (12.830363, 2.438846, -2.658065), (12.831244, 2.488425, -2.810763)
(12.665323, 2.416212, -2.662842), (12.665286, 2.367317, -2.511025), (12.830363, 2.438846, -2.658065)
(12.172652, 2.281424, -2.533454), (12.17382, 2.241983, -2.381346), (12.336727, 2.312672, -2.524725)
(12.172652, 2.281424, -2.533454), (12.336727, 2.312672, -2.524725), (12.335776, 2.35832, -2.67678)
(12.336727, 2.312672, -2.524725), (12.337725, 2.26971, -2.373069), (12.500933, 2.341644, -2.517216)
(12.336727, 2.312672, -2.524725), (12.500933, 2.341644, -2.517216), (12.500422, 2.389277, -2.669044)
(12.500933, 2.341644, -2.517216), (12.501589, 2.295911, -2.365817), (12.665286, 2.367317, -2.511025)
(12.500933, 2.341644, -2.517216), (12.665286, 2.367317, -2.511025), (12.665323, 2.416212, -2.662842)
(12.665286, 2.367317, -2.511025), (12.665485, 2.319539, -2.359791), (12.829738, 2.389132, -2.506166)
(12.665286, 2.367317, -2.511025), (12.829738, 2.389132, -2.506166), (12.830363, 2.438846, -2.658065)
(12.17382, 2.241983, -2.381346), (12.337725, 2.26971, -2.373069), (12.336727, 2.312672, -2.524725)
(12.17382, 2.241983, -2.381346), (12.174903, 2.206269, -2.229157), (12.337725, 2.26971, -2.373069)
(12.337725, 2.26971, -2.373069), (12.501589, 2.295911, -2.365817), (12.500933, 2.341644, -2.517216)
(12.337725, 2.26971, -2.373069), (12.338713, 2.229967, -2.221343), (12.501589, 2.295911, -2.365817)
(12.501589, 2.295911, -2.365817), (12.665485, 2.319539, -2.359791), (12.665286, 2.367317, -2.511025)
(12.501589, 2.295911, -2.365817), (12.502329, 2.252928, -2.214491), (12.665485, 2.319539, -2.359791)
(12.665485, 2.319539, -2.359791), (12.829408, 2.339839, -2.354992), (12.829738, 2.389132, -2.506166)
(12.665485, 2.319539, -2.359791), (12.665849, 2.273947, -2.208709), (12.829408, 2.339839, -2.354992)
(12.174903, 2.206269, -2.229157), (12.338713, 2.229967, -2.221343), (12.337725, 2.26971, -2.373069)
(12.174903, 2.206269, -2.229157), (12.175942, 2.174575, -2.076815), (12.338713, 2.229967, -2.221343)
(12.338713, 2.229967, -2.221343), (12.339706, 2.193954, -2.069533), (12.502329, 2.252928, -2.214491)
(12.338713, 2.229967, -2.221343), (12.502329, 2.252928, -2.214491), (12.501589, 2.295911, -2.365817)
(12.502329, 2.252928, -2.214491), (12.665849, 2.273947, -2.208709), (12.665485, 2.319539, -2.359791)
(12.502329, 2.252928, -2.214491), (12.503151, 2.2131, -2.063099), (12.665849, 2.273947, -2.208709)
(12.665849, 2.273947, -2.208709), (12.666368, 2.231039, -2.057709), (12.829309, 2.292164, -2.204089)
(12.665849, 2.273947, -2.208709), (12.829309, 2.292164, -2.204089), (12.829408, 2.339839, -2.354992)
(12.175942, 2.174575, -2.076815), (12.339706, 2.193954, -2.069533), (12.338713, 2.229967, -2.221343)
(12.175942, 2.174575, -2.076815), (12.177037, 2.146565, -1.92423), (12.339706, 2.193954, -2.069533)
(12.339706, 2.193954, -2.069533), (12.503151, 2.2131, -2.063099), (12.502329, 2.252928, -2.214491)
(12.339706, 2.193954, -2.069533), (12.340763, 2.161635, -1.917521), (12.503151, 2.2131, -2.063099)
(12.503151, 2.2131, -2.063099), (12.666368, 2.231039, -2.057709), (12.665849, 2.273947, -2.208709)
(12.503151, 2.2131, -2.063099), (12.504058, 2.176881, -1.911627), (12.666368, 2.231039, -2.057709)
(12.666368, 2.231039, -2.057709), (12.829437, 2.246608, -2.053356), (12.829309, 2.292164, -2.204089)
(12.666368, 2.231039, -2.057709), (12.66704, 2.191167, -1.906648), (12.829437, 2.246608, -2.053356)
# 13.054626549980007, 0, -2.370990816686664
(12.830363, 2.438846, -2.658065), (12.995474, 2.456388, -2.654961), (12.996925, 2.505971, -2.807894)
(12.830363, 2.438846, -2.658065), (12.829738, 2.389132, -2.506166), (12.995474, 2.456388, -2.654961)
(12.995474, 2.456388, -2.654961), (13.160544, 2.46834, -2.65362), (13.162519, 2.517431, -2.806919)
(12.995474, 2.456388, -2.654961), (12.99426, 2.406266, -2.502901), (13.160544, 2.46834, -2.65362)
(13.325443, 2.474115, -2.654168), (13.490037, 2.474105, -2.656349), (13.492846, 2.521687, -2.810371)
(13.325443, 2.474115, -2.654168), (13.323147, 2.424372, -2.501521), (13.490037, 2.474105, -2.656349)
(13.160544, 2.46834, -2.65362), (13.325443, 2.474115, -2.654168), (13.327874, 2.522703, -2.807768)
(13.160544, 2.46834, -2.65362), (13.15877, 2.418055, -2.501375), (13.325443, 2.474115, -2.654168)
(12.829738, 2.389132, -2.506166), (12.829408, 2.339839, -2.354992), (12.99426, 2.406266, -2.502901)
(12.829738, 2.389132, -2.506166), (12.99426, 2.406266, -2.502901), (12.995474, 2.456388, -2.654961)
(12.99426, 2.406266, -2.502901), (12.993361, 2.355876, -2.351727), (13.15877, 2.418055, -2.501375)
(12.99426, 2.406266, -2.502901), (13.15877, 2.418055, -2.501375), (13.160544, 2.46834, -2.65362)
(13.323147, 2.424372, -2.501521), (13.321093, 2.373679, -2.349811), (13.487287, 2.425145, -2.50328)
(13.323147, 2.424372, -2.501521), (13.487287, 2.425145, -2.50328), (13.490037, 2.474105, -2.656349)
(13.15877, 2.418055, -2.501375), (13.157281, 2.367273, -2.349987), (13.323147, 2.424372, -2.501521)
(13.15877, 2.418055, -2.501375), (13.323147, 2.424372, -2.501521), (13.325443, 2.474115, -2.654168)
(12.829408, 2.339839, -2.354992), (12.993361, 2.355876, -2.351727), (12.99426, 2.406266, -2.502901)
(12.829408, 2.339839, -2.354992), (12.829309, 2.292164, -2.204089), (12.993361, 2.355876, -2.351727)
(12.993361, 2.355876, -2.351727), (13.157281, 2.367273, -2.349987), (13.15877, 2.418055, -2.501375)
(12.993361, 2.355876, -2.351727), (12.992729, 2.30682, -2.200806), (13.157281, 2.367273, -2.349987)
(13.157281, 2.367273, -2.349987), (13.321093, 2.373679, -2.349811), (13.323147, 2.424372, -2.501521)
(13.157281, 2.367273, -2.349987), (13.156095, 2.317188, -2.199032), (13.321093, 2.373679, -2.349811)
(13.321093, 2.373679, -2.349811), (13.484715, 2.374807, -2.351224), (13.487287, 2.425145, -2.50328)
(13.321093, 2.373679, -2.349811), (13.319344, 2.323109, -2.198678), (13.484715, 2.374807, -2.351224)
(12.829309, 2.292164, -2.204089), (12.992729, 2.30682, -2.200806), (12.993361, 2.355876, -2.351727)
(12.829309, 2.292164, -2.204089), (12.829437, 2.246608, -2.053356), (12.992729, 2.30682, -2.200806)
(12.992729, 2.30682, -2.200806), (12.992384, 2.259192, -2.050225), (13.156095, 2.317188, -2.199032)
(12.992729, 2.30682, -2.200806), (13.156095, 2.317188, -2.199032), (13.157281, 2.367273, -2.349987)
(13.156095, 2.317188, -2.199032), (13.155222, 2.268128, -2.04844), (13.319344, 2.323109, -2.198678)
(13.156095, 2.317188, -2.199032), (13.319344, 2.323109, -2.198678), (13.321093, 2.373679, -2.349811)
(13.319344, 2.323109, -2.198678), (13.317938, 2.272759, -2.048169), (13.482424, 2.324119, -2.199848)
(13.319344, 2.323109, -2.198678), (13.482424, 2.324119, -2.199848), (13.484715, 2.374807, -2.351224)
(12.829437, 2.246608, -2.053356), (12.992384, 2.259192, -2.050225), (12.992729, 2.30682, -2.200806)
(12.829437, 2.246608, -2.053356), (12.829775, 2.203607, -1.902643), (12.992384, 2.259192, -2.050225)
(12.992384, 2.259192, -2.050225), (13.155222, 2.268128, -2.04844), (13.156095, 2.317188, -2.199032)
(12.992384, 2.259192, -2.050225), (12.992306, 2.213607, -1.899778), (13.155222, 2.268128, -2.04844)
(13.155222, 2.268128, -2.04844), (13.317938, 2.272759, -2.048169), (13.319344, 2.323109, -2.198678)
(13.155222, 2.268128, -2.04844), (13.154671, 2.220403, -1.898215), (13.317938, 2.272759, -2.048169)
(13.317938, 2.272759, -2.048169), (13.480463, 2.273341, -2.049107), (13.482424, 2.324119, -2.199848)
(13.317938, 2.272759, -2.048169), (13.316866, 2.223562, -1.897939), (13.480463, 2.273341, -2.049107)
# 13.722396783313343, 0, -2.370990816686664
(13.980483, 2.435495, -2.673055), (14.142473, 2.41025, -2.681497), (14.145836, 2.451393, -2.837204)
(13.980483, 2.435495, -2.673055), (13.976947, 2.390488, -2.518638), (14.142473, 2.41025, -2.681497)
(13.8177, 2.454924, -2.665863), (13.980483, 2.435495, -2.673055), (13.983841, 2.4785, -2.828382)
(13.8177, 2.454924, -2.665863), (13.814312, 2.408205, -2.511941), (13.980483, 2.435495, -2.673055)
(13.654166, 2.467753, -2.660268), (13.8177, 2.454924, -2.665863), (13.820954, 2.499473, -2.820827)
(13.654166, 2.467753, -2.660268), (13.651056, 2.419838, -2.506761), (13.8177, 2.454924, -2.665863)
(13.490037, 2.474105, -2.656349), (13.654166, 2.467753, -2.660268), (13.657263, 2.514018, -2.81474)
(13.490037, 2.474105, -2.656349), (13.487287, 2.425145, -2.50328), (13.654166, 2.467753, -2.660268)
(13.976947, 2.390488, -2.518638), (13.973327, 2.343436, -2.365199), (14.138879, 2.36708, -2.526628)
(13.976947, 2.390488, -2.518638), (14.138879, 2.36708, -2.526628), (14.142473, 2.41025, -2.681497)
(13.814312, 2.408205, -2.511941), (13.810942, 2.359751, -2.358989), (13.976947, 2.390488, -2.518638)
(13.814312, 2.408205, -2.511941), (13.976947, 2.390488, -2.518638), (13.980483, 2.435495, -2.673055)
(13.651056, 2.419838, -2.506761), (13.648033, 2.370089, -2.354342), (13.814312, 2.408205, -2.511941)
(13.651056, 2.419838, -2.506761), (13.814312, 2.408205, -2.511941), (13.8177, 2.454924, -2.665863)
(13.487287, 2.425145, -2.50328), (13.484715, 2.374807, -2.351224), (13.651056, 2.419838, -2.506761)
(13.487287, 2.425145, -2.50328), (13.651056, 2.419838, -2.506761), (13.654166, 2.467753, -2.660268)
(13.973327, 2.343436, -2.365199), (14.135113, 2.321712, -2.372696), (14.138879, 2.36708, -2.526628)
(13.973327, 2.343436, -2.365199), (13.969807, 2.295261, -2.212506), (14.135113, 2.321712, -2.372696)
(13.810942, 2.359751, -2.358989), (13.973327, 2.343436, -2.365199), (13.976947, 2.390488, -2.518638)
(13.810942, 2.359751, -2.358989), (13.807741, 2.310304, -2.206804), (13.973327, 2.343436, -2.365199)
(13.648033, 2.370089, -2.354342), (13.810942, 2.359751, -2.358989), (13.814312, 2.408205, -2.511941)
(13.648033, 2.370089, -2.354342), (13.645253, 2.32, -2.202529), (13.810942, 2.359751, -2.358989)
(13.484715, 2.374807, -2.351224), (13.648033, 2.370089, -2.354342), (13.651056, 2.419838, -2.506761)
(13.484715, 2.374807, -2.351224), (13.482424, 2.324119, -2.199848), (13.648033, 2.370089, -2.354342)
(13.969807, 2.295261, -2.212506), (13.966457, 2.245735, -2.06066), (14.131361, 2.274956, -2.219527)
(13.969807, 2.295261, -2.212506), (14.131361, 2.274956, -2.219527), (14.135113, 2.321712, -2.372696)
(13.807741, 2.310304, -2.206804), (13.969807, 2.295261, -2.212506), (13.973327, 2.343436, -2.365199)
(13.807741, 2.310304, -2.206804), (13.80479, 2.26021, -2.055292), (13.969807, 2.295261, -2.212506)
(13.645253, 2.32, -2.202529), (13.642767, 2.269255, -2.051471), (13.807741, 2.310304, -2.206804)
(13.645253, 2.32, -2.202529), (13.807741, 2.310304, -2.206804), (13.810942, 2.359751, -2.358989)
(13.482424, 2.324119, -2.199848), (13.645253, 2.32, -2.202529), (13.648033, 2.370089, -2.354342)
(13.482424, 2.324119, -2.199848), (13.480463, 2.273341, -2.049107), (13.645253, 2.32, -2.202529)
(13.966457, 2.245735, -2.06066), (14.127705, 2.226669, -2.067194), (14.131361, 2.274956, -2.219527)
(13.966457, 2.245735, -2.06066), (13.963366, 2.195139, -1.90959), (14.127705, 2.226669, -2.067194)
(13.80479, 2.26021, -2.055292), (13.966457, 2.245735, -2.06066), (13.969807, 2.295261, -2.212506)
(13.80479, 2.26021, -2.055292), (13.802148, 2.208996, -1.904659), (13.966457, 2.245735, -2.06066)
(13.642767, 2.269255, -2.051471), (13.80479, 2.26021, -2.055292), (13.807741, 2.310304, -2.206804)
(13.642767, 2.269255, -2.051471), (13.640625, 2.218356, -1.901015), (13.80479, 2.26021, -2.055292)
(13.480463, 2.273341, -2.049107), (13.642767, 2.269255, -2.051471), (13.645253, 2.32, -2.202529)
(13.480463, 2.273341, -2.049107), (13.478852, 2.22306, -1.898806), (13.642767, 2.269255, -2.051471)
# 14.390167016646675, 0, -2.370990816686664
(14.463601, 2.341857, -2.701791), (14.622633, 2.299086, -2.713313), (14.625591, 2.33392, -2.869884)
(14.463601, 2.341857, -2.701791), (14.460108, 2.302429, -2.546246), (14.622633, 2.299086, -2.713313)
(14.303535, 2.378989, -2.691128), (14.463601, 2.341857, -2.701791), (14.466726, 2.37874, -2.858152)
(14.303535, 2.378989, -2.691128), (14.299966, 2.337714, -2.535878), (14.463601, 2.341857, -2.701791)
(14.142473, 2.41025, -2.681497), (14.303535, 2.378989, -2.691128), (14.306826, 2.418137, -2.84717)
(14.142473, 2.41025, -2.681497), (14.138879, 2.36708, -2.526628), (14.303535, 2.378989, -2.691128)
(14.61934, 2.261961, -2.557445), (14.615736, 2.222554, -2.402311), (14.777693, 2.216882, -2.569252)
(14.61934, 2.261961, -2.557445), (14.777693, 2.216882, -2.569252), (14.780767, 2.251736, -2.725372)
(14.460108, 2.302429, -2.546246), (14.456363, 2.260887, -2.391465), (14.61934, 2.261961, -2.557445)
(14.460108, 2.302429, -2.546246), (14.61934, 2.261961, -2.557445), (14.622633, 2.299086, -2.713313)
(14.299966, 2.337714, -2.535878), (14.296142, 2.294055, -2.381529), (14.460108, 2.302429, -2.546246)
(14.299966, 2.337714, -2.535878), (14.460108, 2.302429, -2.546246), (14.463601, 2.341857, -2.701791)
(14.138879, 2.36708, -2.526628), (14.135113, 2.321712, -2.372696), (14.299966, 2.337714, -2.535878)
(14.138879, 2.36708, -2.526628), (14.299966, 2.337714, -2.535878), (14.303535, 2.378989, -2.691128)
(14.615736, 2.222554, -2.402311), (14.774255, 2.179476, -2.41386), (14.777693, 2.216882, -2.569252)
(14.615736, 2.222554, -2.402311), (14.611977, 2.181552, -2.24782), (14.774255, 2.179476, -2.41386)
(14.456363, 2.260887, -2.391465), (14.615736, 2.222554, -2.402311), (14.61934, 2.261961, -2.557445)
(14.456363, 2.260887, -2.391465), (14.452511, 2.217836, -2.237361), (14.615736, 2.222554, -2.402311)
(14.296142, 2.294055, -2.381529), (14.456363, 2.260887, -2.391465), (14.460108, 2.302429, -2.546246)
(14.296142, 2.294055, -2.381529), (14.292301, 2.249171, -2.227842), (14.456363, 2.260887, -2.391465)
(14.135113, 2.321712, -2.372696), (14.296142, 2.294055, -2.381529), (14.299966, 2.337714, -2.535878)
(14.135113, 2.321712, -2.372696), (14.131361, 2.274956, -2.219527), (14.296142, 2.294055, -2.381529)
(14.611977, 2.181552, -2.24782), (14.608034, 2.138344, -2.094147), (14.770632, 2.140446, -2.259074)
(14.611977, 2.181552, -2.24782), (14.770632, 2.140446, -2.259074), (14.774255, 2.179476, -2.41386)
(14.452511, 2.217836, -2.237361), (14.448593, 2.173057, -2.084018), (14.611977, 2.181552, -2.24782)
(14.452511, 2.217836, -2.237361), (14.611977, 2.181552, -2.24782), (14.615736, 2.222554, -2.402311)
(14.292301, 2.249171, -2.227842), (14.288445, 2.202454, -2.075008), (14.452511, 2.217836, -2.237361)
(14.292301, 2.249171, -2.227842), (14.452511, 2.217836, -2.237361), (14.456363, 2.260887, -2.391465)
(14.131361, 2.274956, -2.219527), (14.292301, 2.249171, -2.227842), (14.296142, 2.294055, -2.381529)
(14.131361, 2.274956, -2.219527), (14.127705, 2.226669, -2.067194), (14.292301, 2.249171, -2.227842)
(14.608034, 2.138344, -2.094147), (14.766803, 2.099368, -2.105014), (14.770632, 2.140446, -2.259074)
(14.608034, 2.138344, -2.094147), (14.604013, 2.093132, -1.941282), (14.766803, 2.099368, -2.105014)
(14.448593, 2.173057, -2.084018), (14.608034, 2.138344, -2.094147), (14.611977, 2.181552, -2.24782)
(14.448593, 2.173057, -2.084018), (14.444628, 2.125908, -1.93164), (14.608034, 2.138344, -2.094147)
(14.288445, 2.202454, -2.075008), (14.448593, 2.173057, -2.084018), (14.452511, 2.217836, -2.237361)
(14.288445, 2.202454, -2.075008), (14.284681, 2.153979, -1.923035), (14.448593, 2.173057, -2.084018)
(14.127705, 2.226669, -2.067194), (14.288445, 2.202454, -2.075008), (14.292301, 2.249171, -2.227842)
(14.127705, 2.226669, -2.067194), (14.12423, 2.176988, -1.915673), (14.288445, 2.202454, -2.075008)
# 15.05793724998001, 0, -2.370990816686664
(15.247086, 2.053538, -2.607347), (15.244404, 2.022946, -2.451379), (15.401935, 1.991457, -2.620369)
(15.247086, 2.053538, -2.607347), (15.401935, 1.991457, -2.620369), (15.403955, 2.017038, -2.777029)
(15.091509, 2.11224, -2.594374), (15.088538, 2.079229, -2.43857), (15.247086, 2.053538, -2.607347)
(15.091509, 2.11224, -2.594374), (15.247086, 2.053538, -2.607347), (15.249384, 2.081529, -2.763911)
(14.935098, 2.16699, -2.581599), (14.931842, 2.131561, -2.426008), (15.091509, 2.11224, -2.594374)
(14.935098, 2.16699, -2.581599), (15.091509, 2.11224, -2.594374), (15.09411, 2.14273, -2.750804)
(14.777693, 2.216882, -2.569252), (14.774255, 2.179476, -2.41386), (14.935098, 2.16699, -2.581599)
(14.777693, 2.216882, -2.569252), (14.935098, 2.16699, -2.581599), (14.937922, 2.199571, -2.737911)
(15.244404, 2.022946, -2.451379), (15.399508, 1.963097, -2.46429), (15.401935, 1.991457, -2.620369)
(15.244404, 2.022946, -2.451379), (15.241505, 1.990628, -2.295938), (15.399508, 1.963097, -2.46429)
(15.088538, 2.079229, -2.43857), (15.244404, 2.022946, -2.451379), (15.247086, 2.053538, -2.607347)
(15.088538, 2.079229, -2.43857), (15.085379, 2.044647, -2.283301), (15.244404, 2.022946, -2.451379)
(14.931842, 2.131561, -2.426008), (15.088538, 2.079229, -2.43857), (15.091509, 2.11224, -2.594374)
(14.931842, 2.131561, -2.426008), (14.928446, 2.094786, -2.270944), (15.088538, 2.079229, -2.43857)
(14.774255, 2.179476, -2.41386), (14.931842, 2.131561, -2.426008), (14.935098, 2.16699, -2.581599)
(14.774255, 2.179476, -2.41386), (14.770632, 2.140446, -2.259074), (14.931842, 2.131561, -2.426008)
(15.241505, 1.990628, -2.295938), (15.238314, 1.956115, -2.141115), (15.396866, 1.933009, -2.308718)
(15.241505, 1.990628, -2.295938), (15.396866, 1.933009, -2.308718), (15.399508, 1.963097, -2.46429)
(15.085379, 2.044647, -2.283301), (15.241505, 1.990628, -2.295938), (15.244404, 2.022946, -2.451379)
(15.085379, 2.044647, -2.283301), (15.081963, 2.008041, -2.128658), (15.241505, 1.990628, -2.295938)
(14.928446, 2.094786, -2.270944), (14.924793, 2.055866, -2.116572), (15.085379, 2.044647, -2.283301)
(14.928446, 2.094786, -2.270944), (15.085379, 2.044647, -2.283301), (15.088538, 2.079229, -2.43857)
(14.770632, 2.140446, -2.259074), (14.928446, 2.094786, -2.270944), (14.931842, 2.131561, -2.426008)
(14.770632, 2.140446, -2.259074), (14.766803, 2.099368, -2.105014), (14.928446, 2.094786, -2.270944)
(15.238314, 1.956115, -2.141115), (15.393936, 1.900803, -2.153721), (15.396866, 1.933009, -2.308718)
(15.238314, 1.956115, -2.141115), (15.234791, 1.919138, -1.986978), (15.393936, 1.900803, -2.153721)
(15.081963, 2.008041, -2.128658), (15.238314, 1.956115, -2.141115), (15.241505, 1.990628, -2.295938)
(15.081963, 2.008041, -2.128658), (15.078206, 1.968751, -1.974784), (15.238314, 1.956115, -2.141115)
(14.924793, 2.055866, -2.116572), (15.081963, 2.008041, -2.128658), (15.085379, 2.044647, -2.283301)
(14.924793, 2.055866, -2.116572), (14.920887, 2.014596, -1.962961), (15.081963, 2.008041, -2.128658)
(14.766803, 2.099368, -2.105014), (14.924793, 2.055866, -2.116572), (14.928446, 2.094786, -2.270944)
(14.766803, 2.099368, -2.105014), (14.7628, 2.056127, -1.951734), (14.924793, 2.055866, -2.116572)
# 15.725707483313343, 0, -2.370990816686664
(16.01465, 1.710191, -2.671529), (16.013214, 1.691191, -2.515143), (16.16666, 1.633652, -2.683661)
(16.01465, 1.710191, -2.671529), (16.16666, 1.633652, -2.683661), (16.167566, 1.647723, -2.840511)
(15.862236, 1.784419, -2.659072), (15.860585, 1.763152, -2.502744), (16.01465, 1.710191, -2.671529)
(15.862236, 1.784419, -2.659072), (16.01465, 1.710191, -2.671529), (16.015736, 1.726438, -2.828359)
(15.7094, 1.856436, -2.646336), (15.707488, 1.832703, -2.490083), (15.862236, 1.784419, -2.659072)
(15.7094, 1.856436, -2.646336), (15.862236, 1.784419, -2.659072), (15.863538, 1.803008, -2.815872)
(15.556028, 1.925744, -2.633394), (15.553828, 1.899498, -2.477234), (15.7094, 1.856436, -2.646336)
(15.556028, 1.925744, -2.633394), (15.7094, 1.856436, -2.646336), (15.71096, 1.877548, -2.803091)
(15.401935, 1.991457, -2.620369), (15.399508, 1.963097, -2.46429), (15.556028, 1.925744, -2.633394)
(15.401935, 1.991457, -2.620369), (15.556028, 1.925744, -2.633394), (15.557796, 1.948996, -2.790115)
(16.013214, 1.691191, -2.515143), (16.165407, 1.616782, -2.527222), (16.16666, 1.633652, -2.683661)
(16.013214, 1.691191, -2.515143), (16.011536, 1.670287, -2.359199), (16.165407, 1.616782, -2.527222)
(15.860585, 1.763152, -2.502744), (16.013214, 1.691191, -2.515143), (16.01465, 1.710191, -2.671529)
(15.860585, 1.763152, -2.502744), (15.858692, 1.739991, -2.34688), (16.013214, 1.691191, -2.515143)
(15.707488, 1.832703, -2.490083), (15.860585, 1.763152, -2.502744), (15.862236, 1.784419, -2.659072)
(15.707488, 1.832703, -2.490083), (15.705356, 1.807223, -2.334305), (15.860585, 1.763152, -2.502744)
(15.553828, 1.899498, -2.477234), (15.707488, 1.832703, -2.490083), (15.7094, 1.856436, -2.646336)
(15.553828, 1.899498, -2.477234), (15.551467, 1.871813, -2.321542), (15.707488, 1.832703, -2.490083)
(15.399508, 1.963097, -2.46429), (15.553828, 1.899498, -2.477234), (15.556028, 1.925744, -2.633394)
(15.399508, 1.963097, -2.46429), (15.396866, 1.933009, -2.308718), (15.553828, 1.899498, -2.477234)
(16.011536, 1.670287, -2.359199), (16.163952, 1.598269, -2.371197), (16.165407, 1.616782, -2.527222)
(16.011536, 1.670287, -2.359199), (16.009563, 1.647239, -2.20372), (16.163952, 1.598269, -2.371197)
(15.858692, 1.739991, -2.34688), (15.856471, 1.714486, -2.19152), (16.011536, 1.670287, -2.359199)
(15.858692, 1.739991, -2.34688), (16.011536, 1.670287, -2.359199), (16.013214, 1.691191, -2.515143)
(15.705356, 1.807223, -2.334305), (15.702954, 1.779741, -2.179036), (15.858692, 1.739991, -2.34688)
(15.705356, 1.807223, -2.334305), (15.858692, 1.739991, -2.34688), (15.860585, 1.763152, -2.502744)
(15.551467, 1.871813, -2.321542), (15.548803, 1.84195, -2.1664), (15.705356, 1.807223, -2.334305)
(15.551467, 1.871813, -2.321542), (15.705356, 1.807223, -2.334305), (15.707488, 1.832703, -2.490083)
(15.396866, 1.933009, -2.308718), (15.551467, 1.871813, -2.321542), (15.553828, 1.899498, -2.477234)
(15.396866, 1.933009, -2.308718), (15.393936, 1.900803, -2.153721), (15.551467, 1.871813, -2.321542)
(16.009563, 1.647239, -2.20372), (16.162212, 1.577663, -2.215603), (16.163952, 1.598269, -2.371197)
(16.009563, 1.647239, -2.20372), (16.007307, 1.622149, -2.048715), (16.162212, 1.577663, -2.215603)
(15.856471, 1.714486, -2.19152), (16.009563, 1.647239, -2.20372), (16.011536, 1.670287, -2.359199)
(15.856471, 1.714486, -2.19152), (15.853966, 1.686966, -2.036668), (16.009563, 1.647239, -2.20372)
(15.702954, 1.779741, -2.179036), (15.856471, 1.714486, -2.19152), (15.858692, 1.739991, -2.34688)
(15.702954, 1.779741, -2.179036), (15.700173, 1.749671, -2.024348), (15.856471, 1.714486, -2.19152)
(15.548803, 1.84195, -2.1664), (15.702954, 1.779741, -2.179036), (15.705356, 1.807223, -2.334305)
(15.548803, 1.84195, -2.1664), (15.545796, 1.809651, -2.011861), (15.702954, 1.779741, -2.179036)
(15.393936, 1.900803, -2.153721), (15.548803, 1.84195, -2.1664), (15.551467, 1.871813, -2.321542)
(15.393936, 1.900803, -2.153721), (15.390668, 1.866151, -1.999366), (15.548803, 1.84195, -2.1664)
(16.007307, 1.622149, -2.048715), (16.004707, 1.594797, -1.894197), (16.160187, 1.555001, -2.060446)
(16.007307, 1.622149, -2.048715), (16.160187, 1.555001, -2.060446), (16.162212, 1.577663, -2.215603)
# 16.39347771664668, 0, -2.370990816686664
(16.318348, 1.555029, -2.695405), (16.317297, 1.540521, -2.538911), (16.469862, 1.475156, -2.706706)
(16.318348, 1.555029, -2.695405), (16.469862, 1.475156, -2.706706), (16.470486, 1.48518, -2.863588)
(16.16666, 1.633652, -2.683661), (16.165407, 1.616782, -2.527222), (16.318348, 1.555029, -2.695405)
(16.16666, 1.633652, -2.683661), (16.318348, 1.555029, -2.695405), (16.319117, 1.567146, -2.852274)
(16.620575, 1.384321, -2.560927), (16.772148, 1.305281, -2.571148), (16.772764, 1.313738, -2.727806)
(16.620575, 1.384321, -2.560927), (16.619631, 1.37227, -2.40467), (16.772148, 1.305281, -2.571148)
(16.468975, 1.462779, -2.550159), (16.620575, 1.384321, -2.560927), (16.621315, 1.394663, -2.717525)
(16.468975, 1.462779, -2.550159), (16.46788, 1.448678, -2.39398), (16.620575, 1.384321, -2.560927)
(16.317297, 1.540521, -2.538911), (16.468975, 1.462779, -2.550159), (16.469862, 1.475156, -2.706706)
(16.317297, 1.540521, -2.538911), (16.316021, 1.524175, -2.382809), (16.468975, 1.462779, -2.550159)
(16.165407, 1.616782, -2.527222), (16.317297, 1.540521, -2.538911), (16.318348, 1.555029, -2.695405)
(16.165407, 1.616782, -2.527222), (16.163952, 1.598269, -2.371197), (16.317297, 1.540521, -2.538911)
(16.619631, 1.37227, -2.40467), (16.771349, 1.295245, -2.414823), (16.772148, 1.305281, -2.571148)
(16.619631, 1.37227, -2.40467), (16.618464, 1.358442, -2.248744), (16.771349, 1.295245, -2.414823)
(16.46788, 1.448678, -2.39398), (16.466539, 1.432666, -2.238164), (16.619631, 1.37227, -2.40467)
(16.46788, 1.448678, -2.39398), (16.619631, 1.37227, -2.40467), (16.620575, 1.384321, -2.560927)
(16.316021, 1.524175, -2.382809), (16.46788, 1.448678, -2.39398), (16.468975, 1.462779, -2.550159)
(16.316021, 1.524175, -2.382809), (16.314507, 1.506003, -2.227106), (16.46788, 1.448678, -2.39398)
(16.163952, 1.598269, -2.371197), (16.162212, 1.577663, -2.215603), (16.316021, 1.524175, -2.382809)
(16.163952, 1.598269, -2.371197), (16.316021, 1.524175, -2.382809), (16.317297, 1.540521, -2.538911)
(16.618464, 1.358442, -2.248744), (16.770342, 1.283506, -2.258789), (16.771349, 1.295245, -2.414823)
(16.618464, 1.358442, -2.248744), (16.617073, 1.342916, -2.093141), (16.770342, 1.283506, -2.258789)
(16.466539, 1.432666, -2.238164), (16.618464, 1.358442, -2.248744), (16.619631, 1.37227, -2.40467)
(16.466539, 1.432666, -2.238164), (16.464949, 1.414816, -2.08271), (16.618464, 1.358442, -2.248744)
(16.314507, 1.506003, -2.227106), (16.466539, 1.432666, -2.238164), (16.46788, 1.448678, -2.39398)
(16.314507, 1.506003, -2.227106), (16.312683, 1.485662, -2.071798), (16.466539, 1.432666, -2.238164)
(16.162212, 1.577663, -2.215603), (16.314507, 1.506003, -2.227106), (16.316021, 1.524175, -2.382809)
(16.162212, 1.577663, -2.215603), (16.160187, 1.555001, -2.060446), (16.314507, 1.506003, -2.227106)
(16.617073, 1.342916, -2.093141), (16.615444, 1.325714, -1.93784), (16.769133, 1.270168, -2.103038)
(16.617073, 1.342916, -2.093141), (16.769133, 1.270168, -2.103038), (16.770342, 1.283506, -2.258789)
(16.464949, 1.414816, -2.08271), (16.463097, 1.395183, -1.927601), (16.617073, 1.342916, -2.093141)
(16.464949, 1.414816, -2.08271), (16.617073, 1.342916, -2.093141), (16.618464, 1.358442, -2.248744)
(16.312683, 1.485662, -2.071798), (16.310591, 1.463443, -1.916884), (16.464949, 1.414816, -2.08271)
(16.312683, 1.485662, -2.071798), (16.464949, 1.414816, -2.08271), (16.466539, 1.432666, -2.238164)
(16.160187, 1.555001, -2.060446), (16.157827, 1.530117, -1.905731), (16.312683, 1.485662, -2.071798)
(16.160187, 1.555001, -2.060446), (16.312683, 1.485662, -2.071798), (16.314507, 1.506003, -2.227106)
# 17.061247949980007, 0, -2.370990816686664
(17.379679, 0.993798, -2.605888), (17.529556, 0.915464, -2.613661), (17.531322, 0.918768, -2.769986)
(17.379679, 0.993798, -2.605888), (17.378868, 0.989635, -2.449419), (17.529556, 0.915464, -2.613661)
(17.227589, 1.070245, -2.598181), (17.379679, 0.993798, -2.605888), (17.380083, 0.996211, -2.762667)
(17.227589, 1.070245, -2.598181), (17.227108, 1.065281, -2.441636), (17.379679, 0.993798, -2.605888)
(17.075588, 1.14778, -2.589811), (17.227589, 1.070245, -2.598181), (17.227905, 1.07372, -2.754957)
(17.075588, 1.14778, -2.589811), (17.07502, 1.141279, -2.433336), (17.227589, 1.070245, -2.598181)
(16.923796, 1.22627, -2.580788), (17.075588, 1.14778, -2.589811), (17.075989, 1.152709, -2.746542)
(16.923796, 1.22627, -2.580788), (16.923119, 1.218055, -2.424385), (17.075588, 1.14778, -2.589811)
(16.772148, 1.305281, -2.571148), (16.923796, 1.22627, -2.580788), (16.924294, 1.232861, -2.737483)
(16.772148, 1.305281, -2.571148), (16.771349, 1.295245, -2.414823), (16.923796, 1.22627, -2.580788)
(17.378868, 0.989635, -2.449419), (17.377644, 0.983834, -2.29322), (17.527365, 0.910498, -2.457628)
(17.378868, 0.989635, -2.449419), (17.527365, 0.910498, -2.457628), (17.529556, 0.915464, -2.613661)
(17.227108, 1.065281, -2.441636), (17.378868, 0.989635, -2.449419), (17.379679, 0.993798, -2.605888)
(17.227108, 1.065281, -2.441636), (17.22645, 1.0589, -2.285293), (17.378868, 0.989635, -2.449419)
(17.07502, 1.141279, -2.433336), (17.074287, 1.133277, -2.277071), (17.227108, 1.065281, -2.441636)
(17.07502, 1.141279, -2.433336), (17.227108, 1.065281, -2.441636), (17.227589, 1.070245, -2.598181)
(16.923119, 1.218055, -2.424385), (16.922256, 1.208291, -2.268249), (17.07502, 1.141279, -2.433336)
(16.923119, 1.218055, -2.424385), (17.07502, 1.141279, -2.433336), (17.075588, 1.14778, -2.589811)
(16.771349, 1.295245, -2.414823), (16.770342, 1.283506, -2.258789), (16.923119, 1.218055, -2.424385)
(16.771349, 1.295245, -2.414823), (16.923119, 1.218055, -2.424385), (16.923796, 1.22627, -2.580788)
(17.377644, 0.983834, -2.29322), (17.525181, 0.904558, -2.301729), (17.527365, 0.910498, -2.457628)
(17.377644, 0.983834, -2.29322), (17.376312, 0.97692, -2.137186), (17.525181, 0.904558, -2.301729)
(17.22645, 1.0589, -2.285293), (17.377644, 0.983834, -2.29322), (17.378868, 0.989635, -2.449419)
(17.22645, 1.0589, -2.285293), (17.225599, 1.051224, -2.129163), (17.377644, 0.983834, -2.29322)
(17.074287, 1.133277, -2.277071), (17.22645, 1.0589, -2.285293), (17.227108, 1.065281, -2.441636)
(17.074287, 1.133277, -2.277071), (17.073393, 1.12395, -2.12104), (17.22645, 1.0589, -2.285293)
(16.922256, 1.208291, -2.268249), (17.074287, 1.133277, -2.277071), (17.07502, 1.141279, -2.433336)
(16.922256, 1.208291, -2.268249), (16.921207, 1.196997, -2.112345), (17.074287, 1.133277, -2.277071)
(16.770342, 1.283506, -2.258789), (16.922256, 1.208291, -2.268249), (16.923119, 1.218055, -2.424385)
(16.770342, 1.283506, -2.258789), (16.769133, 1.270168, -2.103038), (16.922256, 1.208291, -2.268249)
(17.376312, 0.97692, -2.137186), (17.374931, 0.969075, -1.981265), (17.523251, 0.898069, -2.145835)
(17.376312, 0.97692, -2.137186), (17.523251, 0.898069, -2.145835), (17.525181, 0.904558, -2.301729)
(17.225599, 1.051224, -2.129163), (17.224554, 1.042357, -1.973225), (17.376312, 0.97692, -2.137186)
(17.225599, 1.051224, -2.129163), (17.376312, 0.97692, -2.137186), (17.377644, 0.983834, -2.29322)
(17.073393, 1.12395, -2.12104), (17.072338, 1.113411, -1.965211), (17.225599, 1.051224, -2.129163)
(17.073393, 1.12395, -2.12104), (17.225599, 1.051224, -2.129163), (17.22645, 1.0589, -2.285293)
(16.921207, 1.196997, -2.112345), (16.919994, 1.184406, -1.956679), (17.073393, 1.12395, -2.12104)
(16.921207, 1.196997, -2.112345), (17.073393, 1.12395, -2.12104), (17.074287, 1.133277, -2.277071)
(16.769133, 1.270168, -2.103038), (16.767714, 1.255298, -1.947545), (16.921207, 1.196997, -2.112345)
(16.769133, 1.270168, -2.103038), (16.921207, 1.196997, -2.112345), (16.922256, 1.208291, -2.268249)
# 17.729018183313343, 0, -2.370990816686664
(17.964817, 0.669113, -2.63803), (18.108332, 0.58781, -2.645472), (18.116533, 0.597509, -2.799637)
(17.964817, 0.669113, -2.63803), (17.958509, 0.660804, -2.48334), (18.108332, 0.58781, -2.645472)
(17.821079, 0.751585, -2.630064), (17.964817, 0.669113, -2.63803), (17.971441, 0.67699, -2.792708)
(17.821079, 0.751585, -2.630064), (17.816221, 0.74466, -2.474905), (17.964817, 0.669113, -2.63803)
(17.676336, 0.83421, -2.62182), (17.821079, 0.751585, -2.630064), (17.826174, 0.757936, -2.785256)
(17.676336, 0.83421, -2.62182), (17.672798, 0.828321, -2.466234), (17.821079, 0.751585, -2.630064)
(17.529556, 0.915464, -2.613661), (17.676336, 0.83421, -2.62182), (17.679808, 0.839028, -2.777569)
(17.529556, 0.915464, -2.613661), (17.527365, 0.910498, -2.457628), (17.676336, 0.83421, -2.62182)
(17.958509, 0.660804, -2.48334), (17.952616, 0.652247, -2.328503), (18.100206, 0.577353, -2.491292)
(17.958509, 0.660804, -2.48334), (18.100206, 0.577353, -2.491292), (18.108332, 0.58781, -2.645472)
(17.816221, 0.74466, -2.474905), (17.958509, 0.660804, -2.48334), (17.964817, 0.669113, -2.63803)
(17.816221, 0.74466, -2.474905), (17.811909, 0.737636, -2.319633), (17.958509, 0.660804, -2.48334)
(17.672798, 0.828321, -2.466234), (17.669605, 0.821999, -2.310632), (17.816221, 0.74466, -2.474905)
(17.672798, 0.828321, -2.466234), (17.816221, 0.74466, -2.474905), (17.821079, 0.751585, -2.630064)
(17.527365, 0.910498, -2.457628), (17.672798, 0.828321, -2.466234), (17.676336, 0.83421, -2.62182)
(17.527365, 0.910498, -2.457628), (17.525181, 0.904558, -2.301729), (17.672798, 0.828321, -2.466234)
(17.952616, 0.652247, -2.328503), (18.092253, 0.56629, -2.33701), (18.100206, 0.577353, -2.491292)
(17.952616, 0.652247, -2.328503), (17.947163, 0.643499, -2.173493), (18.092253, 0.56629, -2.33701)
(17.811909, 0.737636, -2.319633), (17.952616, 0.652247, -2.328503), (17.958509, 0.660804, -2.48334)
(17.811909, 0.737636, -2.319633), (17.808224, 0.730663, -2.164187), (17.952616, 0.652247, -2.328503)
(17.669605, 0.821999, -2.310632), (17.811909, 0.737636, -2.319633), (17.816221, 0.74466, -2.474905)
(17.669605, 0.821999, -2.310632), (17.667028, 0.815684, -2.154908), (17.811909, 0.737636, -2.319633)
(17.525181, 0.904558, -2.301729), (17.669605, 0.821999, -2.310632), (17.672798, 0.828321, -2.466234)
(17.525181, 0.904558, -2.301729), (17.523251, 0.898069, -2.145835), (17.669605, 0.821999, -2.310632)
(17.947163, 0.643499, -2.173493), (17.941973, 0.634302, -2.018254), (18.084522, 0.554642, -2.18251)
(17.947163, 0.643499, -2.173493), (18.084522, 0.554642, -2.18251), (18.092253, 0.56629, -2.33701)
(17.808224, 0.730663, -2.164187), (17.804926, 0.723467, -2.008569), (17.947163, 0.643499, -2.173493)
(17.808224, 0.730663, -2.164187), (17.947163, 0.643499, -2.173493), (17.952616, 0.652247, -2.328503)
(17.667028, 0.815684, -2.154908), (17.664948, 0.809268, -1.999048), (17.808224, 0.730663, -2.164187)
(17.667028, 0.815684, -2.154908), (17.808224, 0.730663, -2.164187), (17.811909, 0.737636, -2.319633)
(17.523251, 0.898069, -2.145835), (17.521681, 0.891263, -1.989903), (17.667028, 0.815684, -2.154908)
(17.523251, 0.898069, -2.145835), (17.667028, 0.815684, -2.154908), (17.669605, 0.821999, -2.310632)
# 18.39678841664667, 0, -2.370990816686664
(18.6786, 0.238087, -2.665622), (18.820679, 0.137975, -2.667195), (18.836145, 0.158267, -2.819324)
(18.6786, 0.238087, -2.665622), (18.662632, 0.215224, -2.51339), (18.820679, 0.137975, -2.667195)
(18.537169, 0.334552, -2.662473), (18.6786, 0.238087, -2.665622), (18.69385, 0.259014, -2.817965)
(18.537169, 0.334552, -2.662473), (18.522434, 0.313501, -2.509911), (18.6786, 0.238087, -2.665622)
(18.395142, 0.424475, -2.657948), (18.537169, 0.334552, -2.662473), (18.551399, 0.354483, -2.815202)
(18.395142, 0.424475, -2.657948), (18.382387, 0.406503, -2.504847), (18.537169, 0.334552, -2.662473)
(18.251938, 0.507336, -2.652181), (18.395142, 0.424475, -2.657948), (18.407444, 0.44089, -2.81109)
(18.251938, 0.507336, -2.652181), (18.241592, 0.493589, -2.498558), (18.395142, 0.424475, -2.657948)
(18.108332, 0.58781, -2.645472), (18.251938, 0.507336, -2.652181), (18.26202, 0.519785, -2.805825)
(18.108332, 0.58781, -2.645472), (18.100206, 0.577353, -2.491292), (18.251938, 0.507336, -2.652181)
(18.662632, 0.215224, -2.51339), (18.804409, 0.115575, -2.515224), (18.820679, 0.137975, -2.667195)
(18.662632, 0.215224, -2.51339), (18.646276, 0.191124, -2.361189), (18.804409, 0.115575, -2.515224)
(18.522434, 0.313501, -2.509911), (18.507444, 0.291055, -2.357233), (18.662632, 0.215224, -2.51339)
(18.522434, 0.313501, -2.509911), (18.662632, 0.215224, -2.51339), (18.6786, 0.238087, -2.665622)
(18.382387, 0.406503, -2.504847), (18.522434, 0.313501, -2.509911), (18.537169, 0.334552, -2.662473)
(18.382387, 0.406503, -2.504847), (18.369448, 0.387379, -2.351656), (18.522434, 0.313501, -2.509911)
(18.241592, 0.493589, -2.498558), (18.23115, 0.478593, -2.344777), (18.382387, 0.406503, -2.504847)
(18.241592, 0.493589, -2.498558), (18.382387, 0.406503, -2.504847), (18.395142, 0.424475, -2.657948)
(18.100206, 0.577353, -2.491292), (18.092253, 0.56629, -2.33701), (18.241592, 0.493589, -2.498558)
(18.100206, 0.577353, -2.491292), (18.241592, 0.493589, -2.498558), (18.251938, 0.507336, -2.652181)
(18.646276, 0.191124, -2.361189), (18.787868, 0.09171, -2.363144), (18.804409, 0.115575, -2.515224)
(18.646276, 0.191124, -2.361189), (18.630629, 0.166971, -2.208478), (18.787868, 0.09171, -2.363144)
(18.507444, 0.291055, -2.357233), (18.646276, 0.191124, -2.361189), (18.662632, 0.215224, -2.51339)
(18.507444, 0.291055, -2.357233), (18.492758, 0.268359, -2.204312), (18.646276, 0.191124, -2.361189)
(18.369448, 0.387379, -2.351656), (18.507444, 0.291055, -2.357233), (18.522434, 0.313501, -2.509911)
(18.369448, 0.387379, -2.351656), (18.356703, 0.367853, -2.19829), (18.507444, 0.291055, -2.357233)
(18.23115, 0.478593, -2.344777), (18.369448, 0.387379, -2.351656), (18.382387, 0.406503, -2.504847)
(18.23115, 0.478593, -2.344777), (18.220886, 0.463125, -2.190859), (18.369448, 0.387379, -2.351656)
(18.092253, 0.56629, -2.33701), (18.23115, 0.478593, -2.344777), (18.241592, 0.493589, -2.498558)
(18.092253, 0.56629, -2.33701), (18.084522, 0.554642, -2.18251), (18.23115, 0.478593, -2.344777)
(18.630629, 0.166971, -2.208478), (18.616198, 0.144108, -2.055177), (18.771704, 0.067657, -2.21077)
(18.630629, 0.166971, -2.208478), (18.771704, 0.067657, -2.21077), (18.787868, 0.09171, -2.363144)
(18.492758, 0.268359, -2.204312), (18.479187, 0.246203, -2.050715), (18.630629, 0.166971, -2.208478)
(18.492758, 0.268359, -2.204312), (18.630629, 0.166971, -2.208478), (18.646276, 0.191124, -2.361189)
(18.356703, 0.367853, -2.19829), (18.344591, 0.348142, -2.044449), (18.492758, 0.268359, -2.204312)
(18.356703, 0.367853, -2.19829), (18.492758, 0.268359, -2.204312), (18.507444, 0.291055, -2.357233)
(18.220886, 0.463125, -2.190859), (18.21101, 0.447078, -2.036578), (18.356703, 0.367853, -2.19829)
(18.220886, 0.463125, -2.190859), (18.356703, 0.367853, -2.19829), (18.369448, 0.387379, -2.351656)
(18.084522, 0.554642, -2.18251), (18.077089, 0.54244, -2.027749), (18.220886, 0.463125, -2.190859)
(18.084522, 0.554642, -2.18251), (18.220886, 0.463125, -2.190859), (18.23115, 0.478593, -2.344777)
(18.616198, 0.144108, -2.055177), (18.756874, 0.045113, -2.057741), (18.771704, 0.067657, -2.21077)
(18.616198, 0.144108, -2.055177), (18.601885, 0.121363, -1.90174), (18.756874, 0.045113, -2.057741)
(18.479187, 0.246203, -2.050715), (18.616198, 0.144108, -2.055177), (18.630629, 0.166971, -2.208478)
(18.479187, 0.246203, -2.050715), (18.465786, 0.224635, -1.897095), (18.616198, 0.144108, -2.055177)
(18.344591, 0.348142, -2.044449), (18.479187, 0.246203, -2.050715), (18.492758, 0.268359, -2.204312)
(18.344591, 0.348142, -2.044449), (18.333023, 0.329114, -1.890387), (18.479187, 0.246203, -2.050715)
# 19.064558649980007, 0, -2.370990816686664
(18.96463, 0.038998, -2.667402), (19.111662, -0.054185, -2.666281), (19.125483, -0.039315, -2.818342)
(18.96463, 0.038998, -2.667402), (18.948759, 0.018319, -2.515533), (19.111662, -0.054185, -2.666281)
(18.820679, 0.137975, -2.667195), (18.96463, 0.038998, -2.667402), (18.979641, 0.057222, -2.819408)
(18.820679, 0.137975, -2.667195), (18.804409, 0.115575, -2.515224), (18.96463, 0.038998, -2.667402)
(19.111662, -0.054185, -2.666281), (19.262196, -0.137936, -2.664251), (19.274452, -0.126633, -2.816468)
(19.111662, -0.054185, -2.666281), (19.096682, -0.072444, -2.514424), (19.262196, -0.137936, -2.664251)
(19.262196, -0.137936, -2.664251), (19.416435, -0.20952, -2.661671), (19.426802, -0.201717, -2.814207)
(19.262196, -0.137936, -2.664251), (19.24888, -0.152533, -2.512186), (19.416435, -0.20952, -2.661671)
(18.948759, 0.018319, -2.515533), (19.096682, -0.072444, -2.514424), (19.111662, -0.054185, -2.666281)
(18.948759, 0.018319, -2.515533), (18.932529, -0.003986, -2.363597), (19.096682, -0.072444, -2.514424)
(18.804409, 0.115575, -2.515224), (18.787868, 0.09171, -2.363144), (18.948759, 0.018319, -2.515533)
(18.804409, 0.115575, -2.515224), (18.948759, 0.018319, -2.515533), (18.96463, 0.038998, -2.667402)
(19.096682, -0.072444, -2.514424), (19.081404, -0.092114, -2.362503), (19.24888, -0.152533, -2.512186)
(19.096682, -0.072444, -2.514424), (19.24888, -0.152533, -2.512186), (19.262196, -0.137936, -2.664251)
(19.24888, -0.152533, -2.512186), (19.234949, -0.169293, -2.360161), (19.405071, -0.220378, -2.509296)
(19.24888, -0.152533, -2.512186), (19.405071, -0.220378, -2.509296), (19.416435, -0.20952, -2.661671)
(18.932529, -0.003986, -2.363597), (19.081404, -0.092114, -2.362503), (19.096682, -0.072444, -2.514424)
(18.932529, -0.003986, -2.363597), (18.916533, -0.026767, -2.211412), (19.081404, -0.092114, -2.362503)
(18.787868, 0.09171, -2.363144), (18.932529, -0.003986, -2.363597), (18.948759, 0.018319, -2.515533)
(18.787868, 0.09171, -2.363144), (18.771704, 0.067657, -2.21077), (18.932529, -0.003986, -2.363597)
(19.081404, -0.092114, -2.362503), (19.234949, -0.169293, -2.360161), (19.24888, -0.152533, -2.512186)
(19.081404, -0.092114, -2.362503), (19.066349, -0.112321, -2.210328), (19.234949, -0.169293, -2.360161)
(19.234949, -0.169293, -2.360161), (19.393585, -0.231838, -2.356909), (19.405071, -0.220378, -2.509296)
(19.234949, -0.169293, -2.360161), (19.22167, -0.185393, -2.207801), (19.393585, -0.231838, -2.356909)
(19.393585, -0.231838, -2.356909), (19.555647, -0.282536, -2.353366), (19.565163, -0.274136, -2.506124)
(19.393585, -0.231838, -2.356909), (19.381905, -0.244917, -2.204374), (19.555647, -0.282536, -2.353366)
(18.916533, -0.026767, -2.211412), (18.902002, -0.047756, -2.05852), (19.066349, -0.112321, -2.210328)
(18.916533, -0.026767, -2.211412), (19.066349, -0.112321, -2.210328), (19.081404, -0.092114, -2.362503)
(18.771704, 0.067657, -2.21077), (18.756874, 0.045113, -2.057741), (18.916533, -0.026767, -2.211412)
(18.771704, 0.067657, -2.21077), (18.916533, -0.026767, -2.211412), (18.932529, -0.003986, -2.363597)
(19.066349, -0.112321, -2.210328), (19.052891, -0.130214, -2.057436), (19.22167, -0.185393, -2.207801)
(19.066349, -0.112321, -2.210328), (19.22167, -0.185393, -2.207801), (19.234949, -0.169293, -2.360161)
(19.22167, -0.185393, -2.207801), (19.209148, -0.200775, -2.054993), (19.381905, -0.244917, -2.204374)
(19.22167, -0.185393, -2.207801), (19.381905, -0.244917, -2.204374), (19.393585, -0.231838, -2.356909)
(19.381905, -0.244917, -2.204374), (19.370895, -0.257209, -2.051453), (19.545895, -0.292403, -2.200527)
(19.381905, -0.244917, -2.204374), (19.545895, -0.292403, -2.200527), (19.555647, -0.282536, -2.353366)
(18.902002, -0.047756, -2.05852), (19.052891, -0.130214, -2.057436), (19.066349, -0.112321, -2.210328)
(18.902002, -0.047756, -2.05852), (18.887619, -0.06918, -1.905315), (19.052891, -0.130214, -2.057436)
(18.756874, 0.045113, -2.057741), (18.902002, -0.047756, -2.05852), (18.916533, -0.026767, -2.211412)
(18.756874, 0.045113, -2.057741), (18.742283, 0.02254, -1.904434), (18.902002, -0.047756, -2.05852)
(19.052891, -0.130214, -2.057436), (19.209148, -0.200775, -2.054993), (19.22167, -0.185393, -2.207801)
(19.052891, -0.130214, -2.057436), (19.038797, -0.150433, -1.904408), (19.209148, -0.200775, -2.054993)
(19.209148, -0.200775, -2.054993), (19.370895, -0.257209, -2.051453), (19.381905, -0.244917, -2.204374)
(19.209148, -0.200775, -2.054993), (19.196381, -0.218013, -1.90187), (19.370895, -0.257209, -2.051453)
(19.370895, -0.257209, -2.051453), (19.536636, -0.301721, -2.047384), (19.545895, -0.292403, -2.200527)
(19.370895, -0.257209, -2.051453), (19.359409, -0.27207, -1.898251), (19.536636, -0.301721, -2.047384)
# 19.732328883313336, 0, -2.370990816686664
(19.416435, -0.20952, -2.661671), (19.574259, -0.267218, -2.658934), (19.582445, -0.262996, -2.81193)
(19.416435, -0.20952, -2.661671), (19.405071, -0.220378, -2.509296), (19.574259, -0.267218, -2.658934)
(19.574259, -0.267218, -2.658934), (19.735229, -0.310482, -2.656452), (19.741156, -0.309342, -2.810012)
(19.574259, -0.267218, -2.658934), (19.565163, -0.274136, -2.506124), (19.735229, -0.310482, -2.656452)
(19.735229, -0.310482, -2.656452), (19.898106, -0.343728, -2.654369), (19.902002, -0.343753, -2.808668)
(19.735229, -0.310482, -2.656452), (19.728411, -0.314489, -2.503054), (19.898106, -0.343728, -2.654369)
(19.405071, -0.220378, -2.509296), (19.393585, -0.231838, -2.356909), (19.565163, -0.274136, -2.506124)
(19.405071, -0.220378, -2.509296), (19.565163, -0.274136, -2.506124), (19.574259, -0.267218, -2.658934)
(19.565163, -0.274136, -2.506124), (19.728411, -0.314489, -2.503054), (19.735229, -0.310482, -2.656452)
(19.565163, -0.274136, -2.506124), (19.555647, -0.282536, -2.353366), (19.728411, -0.314489, -2.503054)
(19.728411, -0.314489, -2.503054), (19.72113, -0.319944, -2.349764), (19.893608, -0.345264, -2.50029)
(19.728411, -0.314489, -2.503054), (19.893608, -0.345264, -2.50029), (19.898106, -0.343728, -2.654369)
(19.555647, -0.282536, -2.353366), (19.72113, -0.319944, -2.349764), (19.728411, -0.314489, -2.503054)
(19.555647, -0.282536, -2.353366), (19.545895, -0.292403, -2.200527), (19.72113, -0.319944, -2.349764)
(19.72113, -0.319944, -2.349764), (19.888754, -0.347954, -2.346311), (19.893608, -0.345264, -2.50029)
(19.72113, -0.319944, -2.349764), (19.713619, -0.326611, -2.196443), (19.888754, -0.347954, -2.346311)
(19.545895, -0.292403, -2.200527), (19.536636, -0.301721, -2.047384), (19.713619, -0.326611, -2.196443)
(19.545895, -0.292403, -2.200527), (19.713619, -0.326611, -2.196443), (19.72113, -0.319944, -2.349764)
(19.713619, -0.326611, -2.196443), (19.706341, -0.333328, -2.042899), (19.88357, -0.352058, -2.192345)
(19.713619, -0.326611, -2.196443), (19.88357, -0.352058, -2.192345), (19.888754, -0.347954, -2.346311)
(19.536636, -0.301721, -2.047384), (19.706341, -0.333328, -2.042899), (19.713619, -0.326611, -2.196443)
(19.536636, -0.301721, -2.047384), (19.52696, -0.313521, -1.893948), (19.706341, -0.333328, -2.042899)
(19.706341, -0.333328, -2.042899), (19.878168, -0.357414, -2.038259), (19.88357, -0.352058, -2.192345)
(19.706341, -0.333328, -2.042899), (19.698523, -0.342714, -1.889133), (19.878168, -0.357414, -2.038259)
