# 0.3669921166466698, 0, 11.65218408331334
(0.116288, -0.822236, 11.407436), (0.273746, -0.829959, 11.407976), (0.273432, -0.847146, 11.251848)
(0.116288, -0.822236, 11.407436), (0.116707, -0.803054, 11.563478), (0.273746, -0.829959, 11.407976)
(0.273746, -0.829959, 11.407976), (0.431347, -0.836931, 11.4085), (0.431054, -0.854728, 11.252348)
(0.273746, -0.829959, 11.407976), (0.274144, -0.810084, 11.564036), (0.431347, -0.836931, 11.4085)
(0.431347, -0.836931, 11.4085), (0.589083, -0.843142, 11.409006), (0.58884, -0.861047, 11.252819)
(0.431347, -0.836931, 11.4085), (0.431725, -0.816339, 11.564575), (0.589083, -0.843142, 11.409006)
(0.589083, -0.843142, 11.409006), (0.74702, -0.84727, 11.409462), (0.74672, -0.867151, 11.25329)
(0.589083, -0.843142, 11.409006), (0.589483, -0.821126, 11.565077), (0.74702, -0.84727, 11.409462)
(0.116707, -0.803054, 11.563478), (0.117293, -0.780042, 11.719441), (0.274144, -0.810084, 11.564036)
(0.116707, -0.803054, 11.563478), (0.274144, -0.810084, 11.564036), (0.273746, -0.829959, 11.407976)
(0.274144, -0.810084, 11.564036), (0.274708, -0.786273, 11.720009), (0.431725, -0.816339, 11.564575)
(0.274144, -0.810084, 11.564036), (0.431725, -0.816339, 11.564575), (0.431347, -0.836931, 11.4085)
(0.431725, -0.816339, 11.564575), (0.432306, -0.791046, 11.720541), (0.589483, -0.821126, 11.565077)
(0.431725, -0.816339, 11.564575), (0.589483, -0.821126, 11.565077), (0.589083, -0.843142, 11.409006)
(0.589483, -0.821126, 11.565077), (0.590007, -0.795534, 11.721059), (0.747367, -0.825108, 11.565561)
(0.589483, -0.821126, 11.565077), (0.747367, -0.825108, 11.565561), (0.74702, -0.84727, 11.409462)
(0.117293, -0.780042, 11.719441), (0.274708, -0.786273, 11.720009), (0.274144, -0.810084, 11.564036)
(0.117293, -0.780042, 11.719441), (0.117963, -0.754485, 11.875362), (0.274708, -0.786273, 11.720009)
(0.274708, -0.786273, 11.720009), (0.432306, -0.791046, 11.720541), (0.431725, -0.816339, 11.564575)
(0.274708, -0.786273, 11.720009), (0.275355, -0.759822, 11.875934), (0.432306, -0.791046, 11.720541)
(0.432306, -0.791046, 11.720541), (0.590007, -0.795534, 11.721059), (0.589483, -0.821126, 11.565077)
(0.432306, -0.791046, 11.720541), (0.43289, -0.764342, 11.876478), (0.590007, -0.795534, 11.721059)
(0.590007, -0.795534, 11.721059), (0.747879, -0.798425, 11.72154), (0.747367, -0.825108, 11.565561)
(0.590007, -0.795534, 11.721059), (0.590604, -0.767281, 11.876982), (0.747879, -0.798425, 11.72154)
(0.117963, -0.754485, 11.875362), (0.118766, -0.725704, 12.03124), (0.275355, -0.759822, 11.875934)
(0.117963, -0.754485, 11.875362), (0.275355, -0.759822, 11.875934), (0.274708, -0.786273, 11.720009)
(0.275355, -0.759822, 11.875934), (0.43289, -0.764342, 11.876478), (0.432306, -0.791046, 11.720541)
(0.275355, -0.759822, 11.875934), (0.276133, -0.73008, 12.031808), (0.43289, -0.764342, 11.876478)
(0.43289, -0.764342, 11.876478), (0.433636, -0.733665, 12.032347), (0.590604, -0.767281, 11.876982)
(0.43289, -0.764342, 11.876478), (0.590604, -0.767281, 11.876982), (0.590007, -0.795534, 11.721059)
(0.590604, -0.767281, 11.876982), (0.748417, -0.769836, 11.877472), (0.747879, -0.798425, 11.72154)
(0.590604, -0.767281, 11.876982), (0.591267, -0.736547, 12.032857), (0.748417, -0.769836, 11.877472)
# 1.0347623499800032, 0, 11.65218408331334
(0.74702, -0.84727, 11.409462), (0.904986, -0.852217, 11.409945), (0.904733, -0.872205, 11.253739)
(0.74702, -0.84727, 11.409462), (0.747367, -0.825108, 11.565561), (0.904986, -0.852217, 11.409945)
(0.904986, -0.852217, 11.409945), (1.06308, -0.856014, 11.4104), (1.062852, -0.876473, 11.254175)
(0.904986, -0.852217, 11.409945), (0.905309, -0.829418, 11.566056), (1.06308, -0.856014, 11.4104)
(1.06308, -0.856014, 11.4104), (1.221288, -0.858633, 11.41083), (1.22111, -0.878826, 11.25456)
(1.06308, -0.856014, 11.4104), (1.063383, -0.832543, 11.566525), (1.221288, -0.858633, 11.41083)
(1.221288, -0.858633, 11.41083), (1.379656, -0.858201, 11.411173), (1.379427, -0.880841, 11.25495)
(1.221288, -0.858633, 11.41083), (1.221615, -0.833407, 11.566927), (1.379656, -0.858201, 11.411173)
(0.747367, -0.825108, 11.565561), (0.747879, -0.798425, 11.72154), (0.905309, -0.829418, 11.566056)
(0.747367, -0.825108, 11.565561), (0.905309, -0.829418, 11.566056), (0.904986, -0.852217, 11.409945)
(0.905309, -0.829418, 11.566056), (0.905793, -0.801929, 11.722033), (1.063383, -0.832543, 11.566525)
(0.905309, -0.829418, 11.566056), (1.063383, -0.832543, 11.566525), (1.06308, -0.856014, 11.4104)
(1.063383, -0.832543, 11.566525), (1.063879, -0.803235, 11.722468), (1.221615, -0.833407, 11.566927)
(1.063383, -0.832543, 11.566525), (1.221615, -0.833407, 11.566927), (1.221288, -0.858633, 11.41083)
(1.221615, -0.833407, 11.566927), (1.222045, -0.803968, 11.722887), (1.379919, -0.83345, 11.567311)
(1.221615, -0.833407, 11.566927), (1.379919, -0.83345, 11.567311), (1.379656, -0.858201, 11.411173)
(0.747879, -0.798425, 11.72154), (0.905793, -0.801929, 11.722033), (0.905309, -0.829418, 11.566056)
(0.747879, -0.798425, 11.72154), (0.748417, -0.769836, 11.877472), (0.905793, -0.801929, 11.722033)
(0.905793, -0.801929, 11.722033), (1.063879, -0.803235, 11.722468), (1.063383, -0.832543, 11.566525)
(0.905793, -0.801929, 11.722033), (0.90632, -0.772141, 11.877951), (1.063879, -0.803235, 11.722468)
(1.063879, -0.803235, 11.722468), (1.222045, -0.803968, 11.722887), (1.221615, -0.833407, 11.566927)
(1.063879, -0.803235, 11.722468), (1.064336, -0.773577, 11.878404), (1.222045, -0.803968, 11.722887)
(1.222045, -0.803968, 11.722887), (1.380296, -0.80377, 11.72328), (1.379919, -0.83345, 11.567311)
(1.222045, -0.803968, 11.722887), (1.222497, -0.772843, 11.878795), (1.380296, -0.80377, 11.72328)
(0.748417, -0.769836, 11.877472), (0.749098, -0.737254, 12.03332), (0.90632, -0.772141, 11.877951)
(0.748417, -0.769836, 11.877472), (0.90632, -0.772141, 11.877951), (0.905793, -0.801929, 11.722033)
(0.90632, -0.772141, 11.877951), (1.064336, -0.773577, 11.878404), (1.063879, -0.803235, 11.722468)
(0.90632, -0.772141, 11.877951), (0.906956, -0.73878, 12.033787), (1.064336, -0.773577, 11.878404)
(1.064336, -0.773577, 11.878404), (1.064926, -0.739452, 12.034225), (1.222497, -0.772843, 11.878795)
(1.064336, -0.773577, 11.878404), (1.222497, -0.772843, 11.878795), (1.222045, -0.803968, 11.722887)
(1.222497, -0.772843, 11.878795), (1.380708, -0.771927, 11.879177), (1.380296, -0.80377, 11.72328)
(1.222497, -0.772843, 11.878795), (1.222997, -0.739225, 12.034634), (1.380708, -0.771927, 11.879177)
# 1.7025325833133367, 0, 11.65218408331334
(1.379656, -0.858201, 11.411173), (1.538025, -0.858799, 11.411562), (1.537841, -0.881191, 11.255299)
(1.379656, -0.858201, 11.411173), (1.379919, -0.83345, 11.567311), (1.538025, -0.858799, 11.411562)
(1.538025, -0.858799, 11.411562), (1.696481, -0.857504, 11.411904), (1.696322, -0.880195, 11.255623)
(1.538025, -0.858799, 11.411562), (1.538262, -0.833562, 11.567709), (1.696481, -0.857504, 11.411904)
(1.696481, -0.857504, 11.411904), (1.855003, -0.854236, 11.412197), (1.85488, -0.876431, 11.255873)
(1.696481, -0.857504, 11.411904), (1.696696, -0.831721, 11.568051), (1.855003, -0.854236, 11.412197)
(1.855003, -0.854236, 11.412197), (2.013589, -0.846825, 11.412352), (2.013455, -0.871838, 11.256114)
(1.855003, -0.854236, 11.412197), (1.855215, -0.826579, 11.568291), (2.013589, -0.846825, 11.412352)
(2.013589, -0.846825, 11.412352), (2.172159, -0.8401, 11.412555), (2.172058, -0.864803, 11.256289)
(2.013589, -0.846825, 11.412352), (2.013755, -0.819685, 11.568478), (2.172159, -0.8401, 11.412555)
(1.379919, -0.83345, 11.567311), (1.380296, -0.80377, 11.72328), (1.538262, -0.833562, 11.567709)
(1.379919, -0.83345, 11.567311), (1.538262, -0.833562, 11.567709), (1.538025, -0.858799, 11.411562)
(1.538262, -0.833562, 11.567709), (1.538611, -0.803033, 11.723661), (1.696696, -0.831721, 11.568051)
(1.538262, -0.833562, 11.567709), (1.696696, -0.831721, 11.568051), (1.696481, -0.857504, 11.411904)
(1.696696, -0.831721, 11.568051), (1.697026, -0.799368, 11.723948), (1.855215, -0.826579, 11.568291)
(1.696696, -0.831721, 11.568051), (1.855215, -0.826579, 11.568291), (1.855003, -0.854236, 11.412197)
(1.855215, -0.826579, 11.568291), (1.855474, -0.794885, 11.724215), (2.013755, -0.819685, 11.568478)
(1.855215, -0.826579, 11.568291), (2.013755, -0.819685, 11.568478), (2.013589, -0.846825, 11.412352)
(2.013755, -0.819685, 11.568478), (2.013967, -0.787181, 11.724367), (2.172295, -0.812524, 11.568671)
(2.013755, -0.819685, 11.568478), (2.172295, -0.812524, 11.568671), (2.172159, -0.8401, 11.412555)
(1.380296, -0.80377, 11.72328), (1.538611, -0.803033, 11.723661), (1.538262, -0.833562, 11.567709)
(1.380296, -0.80377, 11.72328), (1.380708, -0.771927, 11.879177), (1.538611, -0.803033, 11.723661)
(1.538611, -0.803033, 11.723661), (1.697026, -0.799368, 11.723948), (1.696696, -0.831721, 11.568051)
(1.538611, -0.803033, 11.723661), (1.538986, -0.770272, 11.879534), (1.697026, -0.799368, 11.723948)
(1.697026, -0.799368, 11.723948), (1.855474, -0.794885, 11.724215), (1.855215, -0.826579, 11.568291)
(1.697026, -0.799368, 11.723948), (1.697337, -0.767141, 11.879841), (1.855474, -0.794885, 11.724215)
(1.855474, -0.794885, 11.724215), (2.013967, -0.787181, 11.724367), (2.013755, -0.819685, 11.568478)
(1.855474, -0.794885, 11.724215), (1.855755, -0.760892, 11.880041), (2.013967, -0.787181, 11.724367)
(2.013967, -0.787181, 11.724367), (2.17246, -0.779595, 11.724539), (2.172295, -0.812524, 11.568671)
(2.013967, -0.787181, 11.724367), (2.014187, -0.753547, 11.880201), (2.17246, -0.779595, 11.724539)
(1.380708, -0.771927, 11.879177), (1.381213, -0.735965, 12.034958), (1.538986, -0.770272, 11.879534)
(1.380708, -0.771927, 11.879177), (1.538986, -0.770272, 11.879534), (1.538611, -0.803033, 11.723661)
(1.538986, -0.770272, 11.879534), (1.697337, -0.767141, 11.879841), (1.697026, -0.799368, 11.723948)
(1.538986, -0.770272, 11.879534), (1.53943, -0.733825, 12.035294), (1.697337, -0.767141, 11.879841)
(1.697337, -0.767141, 11.879841), (1.697719, -0.730186, 12.035574), (1.855755, -0.760892, 11.880041)
(1.697337, -0.767141, 11.879841), (1.855755, -0.760892, 11.880041), (1.855474, -0.794885, 11.724215)
(1.855755, -0.760892, 11.880041), (2.014187, -0.753547, 11.880201), (2.013967, -0.787181, 11.724367)
(1.855755, -0.760892, 11.880041), (1.856062, -0.724875, 12.035791), (2.014187, -0.753547, 11.880201)
(2.014187, -0.753547, 11.880201), (2.014441, -0.715445, 12.035866), (2.172633, -0.744892, 11.880317)
(2.014187, -0.753547, 11.880201), (2.172633, -0.744892, 11.880317), (2.17246, -0.779595, 11.724539)
# 2.37030281664667, 0, 11.65218408331334
(2.647785, -0.800918, 11.412516), (2.80622, -0.783612, 11.412359), (2.806241, -0.810775, 11.256186)
(2.647785, -0.800918, 11.412516), (2.647817, -0.771623, 11.568552), (2.80622, -0.783612, 11.412359)
(2.172159, -0.8401, 11.412555), (2.330738, -0.830547, 11.412672), (2.330665, -0.855625, 11.256411)
(2.172159, -0.8401, 11.412555), (2.172295, -0.812524, 11.568671), (2.330738, -0.830547, 11.412672)
(2.330738, -0.830547, 11.412672), (2.489297, -0.818072, 11.412691), (2.489249, -0.842862, 11.25641)
(2.330738, -0.830547, 11.412672), (2.330842, -0.802383, 11.568767), (2.489297, -0.818072, 11.412691)
(2.489297, -0.818072, 11.412691), (2.647785, -0.800918, 11.412516), (2.647779, -0.827786, 11.256329)
(2.489297, -0.818072, 11.412691), (2.489359, -0.788093, 11.5687), (2.647785, -0.800918, 11.412516)
(2.647817, -0.771623, 11.568552), (2.647824, -0.737728, 11.724329), (2.806213, -0.753605, 11.568352)
(2.647817, -0.771623, 11.568552), (2.806213, -0.753605, 11.568352), (2.80622, -0.783612, 11.412359)
(2.172295, -0.812524, 11.568671), (2.17246, -0.779595, 11.724539), (2.330842, -0.802383, 11.568767)
(2.172295, -0.812524, 11.568671), (2.330842, -0.802383, 11.568767), (2.330738, -0.830547, 11.412672)
(2.489359, -0.788093, 11.5687), (2.489412, -0.75412, 11.724492), (2.647817, -0.771623, 11.568552)
(2.489359, -0.788093, 11.5687), (2.647817, -0.771623, 11.568552), (2.647785, -0.800918, 11.412516)
(2.330842, -0.802383, 11.568767), (2.33095, -0.767858, 11.724552), (2.489359, -0.788093, 11.5687)
(2.330842, -0.802383, 11.568767), (2.489359, -0.788093, 11.5687), (2.489297, -0.818072, 11.412691)
(2.647824, -0.737728, 11.724329), (2.806169, -0.718964, 11.72407), (2.806213, -0.753605, 11.568352)
(2.647824, -0.737728, 11.724329), (2.647835, -0.701696, 11.879983), (2.806169, -0.718964, 11.72407)
(2.489412, -0.75412, 11.724492), (2.647824, -0.737728, 11.724329), (2.647817, -0.771623, 11.568552)
(2.489412, -0.75412, 11.724492), (2.489481, -0.718569, 11.880196), (2.647824, -0.737728, 11.724329)
(2.17246, -0.779595, 11.724539), (2.33095, -0.767858, 11.724552), (2.330842, -0.802383, 11.568767)
(2.17246, -0.779595, 11.724539), (2.172633, -0.744892, 11.880317), (2.33095, -0.767858, 11.724552)
(2.33095, -0.767858, 11.724552), (2.489412, -0.75412, 11.724492), (2.489359, -0.788093, 11.5687)
(2.33095, -0.767858, 11.724552), (2.331079, -0.733714, 11.880337), (2.489412, -0.75412, 11.724492)
(2.647835, -0.701696, 11.879983), (2.647807, -0.661763, 12.035439), (2.80612, -0.682179, 11.879654)
(2.647835, -0.701696, 11.879983), (2.80612, -0.682179, 11.879654), (2.806169, -0.718964, 11.72407)
(2.489481, -0.718569, 11.880196), (2.647835, -0.701696, 11.879983), (2.647824, -0.737728, 11.724329)
(2.489481, -0.718569, 11.880196), (2.489549, -0.680709, 12.035781), (2.647835, -0.701696, 11.879983)
(2.172633, -0.744892, 11.880317), (2.331079, -0.733714, 11.880337), (2.33095, -0.767858, 11.724552)
(2.172633, -0.744892, 11.880317), (2.172818, -0.706509, 12.035943), (2.331079, -0.733714, 11.880337)
(2.331079, -0.733714, 11.880337), (2.331196, -0.694983, 12.035919), (2.489481, -0.718569, 11.880196)
(2.331079, -0.733714, 11.880337), (2.489481, -0.718569, 11.880196), (2.489412, -0.75412, 11.724492)
# 3.038073049980004, 0, 11.65218408331334
(3.280761, -0.711458, 11.410933), (3.438641, -0.682568, 11.410192), (3.438873, -0.713802, 11.254292)
(3.280761, -0.711458, 11.410933), (3.280597, -0.678589, 11.566716), (3.438641, -0.682568, 11.410192)
(3.122751, -0.739183, 11.41161), (3.280761, -0.711458, 11.410933), (3.280945, -0.742022, 11.254979)
(3.122751, -0.739183, 11.41161), (3.122626, -0.706607, 11.567429), (3.280761, -0.711458, 11.410933)
(2.96455, -0.762992, 11.41206), (3.122751, -0.739183, 11.41161), (3.122843, -0.767445, 11.255504)
(2.96455, -0.762992, 11.41206), (2.964499, -0.73209, 11.567994), (3.122751, -0.739183, 11.41161)
(2.80622, -0.783612, 11.412359), (2.96455, -0.762992, 11.41206), (2.964611, -0.790879, 11.25593)
(2.80622, -0.783612, 11.412359), (2.806213, -0.753605, 11.568352), (2.96455, -0.762992, 11.41206)
(3.280597, -0.678589, 11.566716), (3.280387, -0.642072, 11.722239), (3.438417, -0.648727, 11.565895)
(3.280597, -0.678589, 11.566716), (3.438417, -0.648727, 11.565895), (3.438641, -0.682568, 11.410192)
(3.122626, -0.706607, 11.567429), (3.122477, -0.67088, 11.72303), (3.280597, -0.678589, 11.566716)
(3.122626, -0.706607, 11.567429), (3.280597, -0.678589, 11.566716), (3.280761, -0.711458, 11.410933)
(2.964499, -0.73209, 11.567994), (2.964382, -0.696096, 11.723609), (3.122626, -0.706607, 11.567429)
(2.964499, -0.73209, 11.567994), (3.122626, -0.706607, 11.567429), (3.122751, -0.739183, 11.41161)
(2.806213, -0.753605, 11.568352), (2.806169, -0.718964, 11.72407), (2.964499, -0.73209, 11.567994)
(2.806213, -0.753605, 11.568352), (2.964499, -0.73209, 11.567994), (2.96455, -0.762992, 11.41206)
(3.280387, -0.642072, 11.722239), (3.438153, -0.611525, 11.721343), (3.438417, -0.648727, 11.565895)
(3.280387, -0.642072, 11.722239), (3.280189, -0.603919, 11.877643), (3.438153, -0.611525, 11.721343)
(3.122477, -0.67088, 11.72303), (3.280387, -0.642072, 11.722239), (3.280597, -0.678589, 11.566716)
(3.122477, -0.67088, 11.72303), (3.122317, -0.632876, 11.878476), (3.280387, -0.642072, 11.722239)
(2.964382, -0.696096, 11.723609), (3.122477, -0.67088, 11.72303), (3.122626, -0.706607, 11.567429)
(2.964382, -0.696096, 11.723609), (2.9643, -0.659457, 11.879169), (3.122477, -0.67088, 11.72303)
(2.806169, -0.718964, 11.72407), (2.964382, -0.696096, 11.723609), (2.964499, -0.73209, 11.567994)
(2.806169, -0.718964, 11.72407), (2.80612, -0.682179, 11.879654), (2.964382, -0.696096, 11.723609)
(3.280189, -0.603919, 11.877643), (3.27992, -0.562496, 12.032834), (3.43789, -0.572408, 11.876645)
(3.280189, -0.603919, 11.877643), (3.43789, -0.572408, 11.876645), (3.438153, -0.611525, 11.721343)
(3.122317, -0.632876, 11.878476), (3.280189, -0.603919, 11.877643), (3.280387, -0.642072, 11.722239)
(3.122317, -0.632876, 11.878476), (3.122137, -0.59272, 12.033788), (3.280189, -0.603919, 11.877643)
(2.9643, -0.659457, 11.879169), (2.964148, -0.61896, 12.034507), (3.122317, -0.632876, 11.878476)
(2.9643, -0.659457, 11.879169), (3.122317, -0.632876, 11.878476), (3.122477, -0.67088, 11.72303)
(2.80612, -0.682179, 11.879654), (2.9643, -0.659457, 11.879169), (2.964382, -0.696096, 11.723609)
(2.80612, -0.682179, 11.879654), (2.80603, -0.642022, 12.035054), (2.9643, -0.659457, 11.879169)
# 3.705843283313337, 0, 11.65218408331334
(3.911005, -0.581117, 11.406881), (4.068032, -0.544299, 11.405488), (4.068596, -0.580557, 11.250011)
(3.911005, -0.581117, 11.406881), (3.910554, -0.543879, 11.562279), (4.068032, -0.544299, 11.405488)
(3.753782, -0.61711, 11.408175), (3.911005, -0.581117, 11.406881), (3.911484, -0.616207, 11.251305)
(3.753782, -0.61711, 11.408175), (3.753398, -0.580725, 11.563652), (3.911005, -0.581117, 11.406881)
(3.596318, -0.650969, 11.409271), (3.753782, -0.61711, 11.408175), (3.754149, -0.650408, 11.252441)
(3.596318, -0.650969, 11.409271), (3.596025, -0.616025, 11.564878), (3.753782, -0.61711, 11.408175)
(3.438641, -0.682568, 11.410192), (3.596318, -0.650969, 11.409271), (3.596617, -0.683263, 11.253456)
(3.438641, -0.682568, 11.410192), (3.438417, -0.648727, 11.565895), (3.596318, -0.650969, 11.409271)
(3.910554, -0.543879, 11.562279), (3.910102, -0.50435, 11.717466), (4.067494, -0.505858, 11.560772)
(3.910554, -0.543879, 11.562279), (4.067494, -0.505858, 11.560772), (4.068032, -0.544299, 11.405488)
(3.753398, -0.580725, 11.563652), (3.753009, -0.541979, 11.718926), (3.910554, -0.543879, 11.562279)
(3.753398, -0.580725, 11.563652), (3.910554, -0.543879, 11.562279), (3.911005, -0.581117, 11.406881)
(3.596025, -0.616025, 11.564878), (3.595685, -0.577741, 11.720215), (3.753398, -0.580725, 11.563652)
(3.596025, -0.616025, 11.564878), (3.753398, -0.580725, 11.563652), (3.753782, -0.61711, 11.408175)
(3.438417, -0.648727, 11.565895), (3.438153, -0.611525, 11.721343), (3.596025, -0.616025, 11.564878)
(3.438417, -0.648727, 11.565895), (3.596025, -0.616025, 11.564878), (3.596318, -0.650969, 11.409271)
(3.910102, -0.50435, 11.717466), (4.066964, -0.465328, 11.715853), (4.067494, -0.505858, 11.560772)
(3.910102, -0.50435, 11.717466), (3.909665, -0.463082, 11.872502), (4.066964, -0.465328, 11.715853)
(3.753009, -0.541979, 11.718926), (3.910102, -0.50435, 11.717466), (3.910554, -0.543879, 11.562279)
(3.753009, -0.541979, 11.718926), (3.752632, -0.501427, 11.874054), (3.910102, -0.50435, 11.717466)
(3.595685, -0.577741, 11.720215), (3.753009, -0.541979, 11.718926), (3.753398, -0.580725, 11.563652)
(3.595685, -0.577741, 11.720215), (3.595382, -0.538196, 11.875453), (3.753009, -0.541979, 11.718926)
(3.438153, -0.611525, 11.721343), (3.595685, -0.577741, 11.720215), (3.596025, -0.616025, 11.564878)
(3.438153, -0.611525, 11.721343), (3.43789, -0.572408, 11.876645), (3.595685, -0.577741, 11.720215)
(3.909665, -0.463082, 11.872502), (3.909207, -0.419937, 12.027378), (4.066461, -0.423277, 11.87079)
(3.909665, -0.463082, 11.872502), (4.066461, -0.423277, 11.87079), (4.066964, -0.465328, 11.715853)
(3.752632, -0.501427, 11.874054), (3.909665, -0.463082, 11.872502), (3.910102, -0.50435, 11.717466)
(3.752632, -0.501427, 11.874054), (3.752245, -0.459054, 12.029037), (3.909665, -0.463082, 11.872502)
(3.595382, -0.538196, 11.875453), (3.595022, -0.496012, 12.030497), (3.752632, -0.501427, 11.874054)
(3.595382, -0.538196, 11.875453), (3.752632, -0.501427, 11.874054), (3.753009, -0.541979, 11.718926)
(3.43789, -0.572408, 11.876645), (3.595382, -0.538196, 11.875453), (3.595685, -0.577741, 11.720215)
(3.43789, -0.572408, 11.876645), (3.437576, -0.530639, 12.031765), (3.595382, -0.538196, 11.875453)
# 4.373613516646671, 0, 11.65218408331334
(4.693893, -0.391009, 11.398721), (4.849856, -0.353483, 11.396881), (4.850934, -0.396021, 11.24202)
(4.693893, -0.391009, 11.398721), (4.69297, -0.347964, 11.553545), (4.849856, -0.353483, 11.396881)
(4.537739, -0.429222, 11.400524), (4.693893, -0.391009, 11.398721), (4.69487, -0.432418, 11.24374)
(4.537739, -0.429222, 11.400524), (4.536912, -0.38727, 11.555458), (4.693893, -0.391009, 11.398721)
(4.381393, -0.467879, 11.402287), (4.537739, -0.429222, 11.400524), (4.538613, -0.469426, 11.245426)
(4.381393, -0.467879, 11.402287), (4.38066, -0.427002, 11.557326), (4.537739, -0.429222, 11.400524)
(4.224827, -0.506388, 11.403948), (4.381393, -0.467879, 11.402287), (4.382154, -0.506697, 11.247047)
(4.224827, -0.506388, 11.403948), (4.224195, -0.466741, 11.559114), (4.381393, -0.467879, 11.402287)
(4.068032, -0.544299, 11.405488), (4.224827, -0.506388, 11.403948), (4.225487, -0.543941, 11.24859)
(4.068032, -0.544299, 11.405488), (4.067494, -0.505858, 11.560772), (4.224827, -0.506388, 11.403948)
(4.69297, -0.347964, 11.553545), (4.692111, -0.303743, 11.708236), (4.848842, -0.309433, 11.551607)
(4.69297, -0.347964, 11.553545), (4.848842, -0.309433, 11.551607), (4.849856, -0.353483, 11.396881)
(4.536912, -0.38727, 11.555458), (4.536137, -0.34395, 11.710242), (4.69297, -0.347964, 11.553545)
(4.536912, -0.38727, 11.555458), (4.69297, -0.347964, 11.553545), (4.693893, -0.391009, 11.398721)
(4.38066, -0.427002, 11.557326), (4.37997, -0.384609, 11.712208), (4.536912, -0.38727, 11.555458)
(4.38066, -0.427002, 11.557326), (4.536912, -0.38727, 11.555458), (4.537739, -0.429222, 11.400524)
(4.224195, -0.466741, 11.559114), (4.223579, -0.425198, 11.714085), (4.38066, -0.427002, 11.557326)
(4.224195, -0.466741, 11.559114), (4.38066, -0.427002, 11.557326), (4.381393, -0.467879, 11.402287)
(4.067494, -0.505858, 11.560772), (4.066964, -0.465328, 11.715853), (4.224195, -0.466741, 11.559114)
(4.067494, -0.505858, 11.560772), (4.224195, -0.466741, 11.559114), (4.224827, -0.506388, 11.403948)
(4.692111, -0.303743, 11.708236), (4.847901, -0.264392, 11.706213), (4.848842, -0.309433, 11.551607)
(4.692111, -0.303743, 11.708236), (4.691328, -0.258746, 11.862823), (4.847901, -0.264392, 11.706213)
(4.536137, -0.34395, 11.710242), (4.692111, -0.303743, 11.708236), (4.69297, -0.347964, 11.553545)
(4.536137, -0.34395, 11.710242), (4.535427, -0.299685, 11.864912), (4.692111, -0.303743, 11.708236)
(4.37997, -0.384609, 11.712208), (4.536137, -0.34395, 11.710242), (4.536912, -0.38727, 11.555458)
(4.37997, -0.384609, 11.712208), (4.379329, -0.341059, 11.866959), (4.536137, -0.34395, 11.710242)
(4.223579, -0.425198, 11.714085), (4.37997, -0.384609, 11.712208), (4.38066, -0.427002, 11.557326)
(4.223579, -0.425198, 11.714085), (4.223014, -0.382443, 11.868935), (4.37997, -0.384609, 11.712208)
(4.066964, -0.465328, 11.715853), (4.223579, -0.425198, 11.714085), (4.224195, -0.466741, 11.559114)
(4.066964, -0.465328, 11.715853), (4.066461, -0.423277, 11.87079), (4.223579, -0.425198, 11.714085)
(4.691328, -0.258746, 11.862823), (4.84705, -0.218694, 11.860733), (4.847901, -0.264392, 11.706213)
(4.691328, -0.258746, 11.862823), (4.690607, -0.213316, 12.017331), (4.84705, -0.218694, 11.860733)
(4.535427, -0.299685, 11.864912), (4.534762, -0.25474, 12.019482), (4.691328, -0.258746, 11.862823)
(4.535427, -0.299685, 11.864912), (4.691328, -0.258746, 11.862823), (4.692111, -0.303743, 11.708236)
(4.379329, -0.341059, 11.866959), (4.535427, -0.299685, 11.864912), (4.536137, -0.34395, 11.710242)
(4.379329, -0.341059, 11.866959), (4.378726, -0.296609, 12.021605), (4.535427, -0.299685, 11.864912)
(4.223014, -0.382443, 11.868935), (4.222462, -0.338439, 12.023651), (4.379329, -0.341059, 11.866959)
(4.223014, -0.382443, 11.868935), (4.379329, -0.341059, 11.866959), (4.37997, -0.384609, 11.712208)
(4.066461, -0.423277, 11.87079), (4.223014, -0.382443, 11.868935), (4.223579, -0.425198, 11.714085)
(4.066461, -0.423277, 11.87079), (4.065958, -0.379719, 12.025587), (4.223014, -0.382443, 11.868935)
# 5.041383749980003, 0, 11.65218408331334
(5.316809, -0.248659, 11.391499), (5.472229, -0.217161, 11.389854), (5.473643, -0.263259, 11.235405)
(5.316809, -0.248659, 11.391499), (5.31556, -0.202103, 11.545968), (5.472229, -0.217161, 11.389854)
(5.161289, -0.282014, 11.393237), (5.316809, -0.248659, 11.391499), (5.318154, -0.29401, 11.236959)
(5.161289, -0.282014, 11.393237), (5.16011, -0.236234, 11.547781), (5.316809, -0.248659, 11.391499)
(5.005646, -0.317021, 11.395041), (5.161289, -0.282014, 11.393237), (5.16255, -0.326499, 11.238596)
(5.005646, -0.317021, 11.395041), (5.004545, -0.272076, 11.549672), (5.161289, -0.282014, 11.393237)
(4.849856, -0.353483, 11.396881), (5.005646, -0.317021, 11.395041), (5.006819, -0.360581, 11.240291)
(4.849856, -0.353483, 11.396881), (4.848842, -0.309433, 11.551607), (5.005646, -0.317021, 11.395041)
(5.31556, -0.202103, 11.545968), (5.314427, -0.155004, 11.700392), (5.470919, -0.169958, 11.544252)
(5.31556, -0.202103, 11.545968), (5.470919, -0.169958, 11.544252), (5.472229, -0.217161, 11.389854)
(5.16011, -0.236234, 11.547781), (5.159033, -0.18975, 11.702257), (5.31556, -0.202103, 11.545968)
(5.16011, -0.236234, 11.547781), (5.31556, -0.202103, 11.545968), (5.316809, -0.248659, 11.391499)
(5.004545, -0.272076, 11.549672), (5.003533, -0.22629, 11.70421), (5.16011, -0.236234, 11.547781)
(5.004545, -0.272076, 11.549672), (5.16011, -0.236234, 11.547781), (5.161289, -0.282014, 11.393237)
(4.848842, -0.309433, 11.551607), (4.847901, -0.264392, 11.706213), (5.004545, -0.272076, 11.549672)
(4.848842, -0.309433, 11.551607), (5.004545, -0.272076, 11.549672), (5.005646, -0.317021, 11.395041)
(5.314427, -0.155004, 11.700392), (5.469744, -0.122381, 11.698637), (5.470919, -0.169958, 11.544252)
(5.314427, -0.155004, 11.700392), (5.313413, -0.107645, 11.854783), (5.469744, -0.122381, 11.698637)
(5.159033, -0.18975, 11.702257), (5.314427, -0.155004, 11.700392), (5.31556, -0.202103, 11.545968)
(5.159033, -0.18975, 11.702257), (5.158063, -0.142891, 11.856682), (5.314427, -0.155004, 11.700392)
(5.003533, -0.22629, 11.70421), (5.159033, -0.18975, 11.702257), (5.16011, -0.236234, 11.547781)
(5.003533, -0.22629, 11.70421), (5.002618, -0.179984, 11.858672), (5.159033, -0.18975, 11.702257)
(4.847901, -0.264392, 11.706213), (5.003533, -0.22629, 11.70421), (5.004545, -0.272076, 11.549672)
(4.847901, -0.264392, 11.706213), (4.84705, -0.218694, 11.860733), (5.003533, -0.22629, 11.70421)
(5.313413, -0.107645, 11.854783), (5.468695, -0.074538, 11.853006), (5.469744, -0.122381, 11.698637)
(5.313413, -0.107645, 11.854783), (5.312514, -0.060579, 12.009164), (5.468695, -0.074538, 11.853006)
(5.158063, -0.142891, 11.856682), (5.157195, -0.096181, 12.011071), (5.313413, -0.107645, 11.854783)
(5.158063, -0.142891, 11.856682), (5.313413, -0.107645, 11.854783), (5.314427, -0.155004, 11.700392)
(5.002618, -0.179984, 11.858672), (5.158063, -0.142891, 11.856682), (5.159033, -0.18975, 11.702257)
(5.002618, -0.179984, 11.858672), (5.001792, -0.133603, 12.013083), (5.158063, -0.142891, 11.856682)
(4.84705, -0.218694, 11.860733), (4.846274, -0.172784, 12.015182), (5.002618, -0.179984, 11.858672)
(4.84705, -0.218694, 11.860733), (5.002618, -0.179984, 11.858672), (5.003533, -0.22629, 11.70421)
# 5.709153983313337, 0, 11.65218408331334
(5.938125, -0.134903, 11.385645), (6.093376, -0.11138, 11.384511), (6.09499, -0.159882, 11.230416)
(5.938125, -0.134903, 11.385645), (5.936694, -0.08613, 11.539861), (6.093376, -0.11138, 11.384511)
(5.782867, -0.160345, 11.38692), (5.938125, -0.134903, 11.385645), (5.939694, -0.182772, 11.231457)
(5.782867, -0.160345, 11.38692), (5.781472, -0.112115, 11.541197), (5.938125, -0.134903, 11.385645)
(5.62757, -0.187685, 11.388322), (5.782867, -0.160345, 11.38692), (5.784389, -0.207598, 11.232643)
(5.62757, -0.187685, 11.388322), (5.626216, -0.139985, 11.542662), (5.782867, -0.160345, 11.38692)
(5.472229, -0.217161, 11.389854), (5.62757, -0.187685, 11.388322), (5.629045, -0.234429, 11.233965)
(5.472229, -0.217161, 11.389854), (5.470919, -0.169958, 11.544252), (5.62757, -0.187685, 11.388322)
(5.936694, -0.08613, 11.539861), (5.935444, -0.037256, 11.694151), (6.091917, -0.062079, 11.538664)
(5.936694, -0.08613, 11.539861), (6.091917, -0.062079, 11.538664), (6.093376, -0.11138, 11.384511)
(5.781472, -0.112115, 11.541197), (5.780237, -0.063643, 11.695518), (5.936694, -0.08613, 11.539861)
(5.781472, -0.112115, 11.541197), (5.936694, -0.08613, 11.539861), (5.938125, -0.134903, 11.385645)
(5.626216, -0.139985, 11.542662), (5.625005, -0.091911, 11.697006), (5.781472, -0.112115, 11.541197)
(5.626216, -0.139985, 11.542662), (5.781472, -0.112115, 11.541197), (5.782867, -0.160345, 11.38692)
(5.470919, -0.169958, 11.544252), (5.469744, -0.122381, 11.698637), (5.626216, -0.139985, 11.542662)
(5.470919, -0.169958, 11.544252), (5.626216, -0.139985, 11.542662), (5.62757, -0.187685, 11.388322)
(5.935444, -0.037256, 11.694151), (6.090662, -0.012864, 11.692929), (6.091917, -0.062079, 11.538664)
(5.935444, -0.037256, 11.694151), (5.934359, 0.011414, 11.848505), (6.090662, -0.012864, 11.692929)
(5.780237, -0.063643, 11.695518), (5.935444, -0.037256, 11.694151), (5.936694, -0.08613, 11.539861)
(5.780237, -0.063643, 11.695518), (5.779154, -0.0152, 11.849872), (5.935444, -0.037256, 11.694151)
(5.625005, -0.091911, 11.697006), (5.780237, -0.063643, 11.695518), (5.781472, -0.112115, 11.541197)
(5.625005, -0.091911, 11.697006), (5.623936, -0.04378, 11.851368), (5.780237, -0.063643, 11.695518)
(5.469744, -0.122381, 11.698637), (5.625005, -0.091911, 11.697006), (5.626216, -0.139985, 11.542662)
(5.469744, -0.122381, 11.698637), (5.468695, -0.074538, 11.853006), (5.625005, -0.091911, 11.697006)
(5.934359, 0.011414, 11.848505), (6.089576, 0.036085, 11.847275), (6.090662, -0.012864, 11.692929)
(5.934359, 0.011414, 11.848505), (5.933456, 0.059136, 12.002955), (6.089576, 0.036085, 11.847275)
(5.779154, -0.0152, 11.849872), (5.778236, 0.032449, 12.004294), (5.934359, 0.011414, 11.848505)
(5.779154, -0.0152, 11.849872), (5.934359, 0.011414, 11.848505), (5.935444, -0.037256, 11.694151)
(5.623936, -0.04378, 11.851368), (5.779154, -0.0152, 11.849872), (5.780237, -0.063643, 11.695518)
(5.623936, -0.04378, 11.851368), (5.623009, 0.00386, 12.005762), (5.779154, -0.0152, 11.849872)
(5.468695, -0.074538, 11.853006), (5.467776, -0.027168, 12.007387), (5.623936, -0.04378, 11.851368)
(5.468695, -0.074538, 11.853006), (5.623936, -0.04378, 11.851368), (5.625005, -0.091911, 11.697006)
# 6.376924216646669, 0, 11.65218408331334
(6.559329, -0.050556, 11.381955), (6.714754, -0.032482, 11.381357), (6.716561, -0.084749, 11.227704)
(6.559329, -0.050556, 11.381955), (6.557771, 0.000906, 11.535872), (6.714754, -0.032482, 11.381357)
(6.403975, -0.069518, 11.382689), (6.559329, -0.050556, 11.381955), (6.561074, -0.10157, 11.228172)
(6.403975, -0.069518, 11.382689), (6.402457, -0.018955, 11.536693), (6.559329, -0.050556, 11.381955)
(6.248651, -0.089649, 11.383523), (6.403975, -0.069518, 11.382689), (6.405663, -0.119489, 11.228782)
(6.248651, -0.089649, 11.383523), (6.247171, -0.039819, 11.537617), (6.403975, -0.069518, 11.382689)
(6.093376, -0.11138, 11.384511), (6.248651, -0.089649, 11.383523), (6.250309, -0.138847, 11.229529)
(6.093376, -0.11138, 11.384511), (6.091917, -0.062079, 11.538664), (6.248651, -0.089649, 11.383523)
(6.557771, 0.000906, 11.535872), (6.556471, 0.051744, 11.689989), (6.713157, 0.020018, 11.535172)
(6.557771, 0.000906, 11.535872), (6.713157, 0.020018, 11.535172), (6.714754, -0.032482, 11.381357)
(6.402457, -0.018955, 11.536693), (6.401169, 0.03127, 11.690861), (6.557771, 0.000906, 11.535872)
(6.402457, -0.018955, 11.536693), (6.557771, 0.000906, 11.535872), (6.559329, -0.050556, 11.381955)
(6.247171, -0.039819, 11.537617), (6.245902, 0.009866, 11.691838), (6.402457, -0.018955, 11.536693)
(6.247171, -0.039819, 11.537617), (6.402457, -0.018955, 11.536693), (6.403975, -0.069518, 11.382689)
(6.091917, -0.062079, 11.538664), (6.090662, -0.012864, 11.692929), (6.247171, -0.039819, 11.537617)
(6.091917, -0.062079, 11.538664), (6.247171, -0.039819, 11.537617), (6.248651, -0.089649, 11.383523)
(6.556471, 0.051744, 11.689989), (6.711848, 0.071527, 11.689238), (6.713157, 0.020018, 11.535172)
(6.556471, 0.051744, 11.689989), (6.555412, 0.101314, 11.844299), (6.711848, 0.071527, 11.689238)
(6.401169, 0.03127, 11.690861), (6.556471, 0.051744, 11.689989), (6.557771, 0.000906, 11.535872)
(6.401169, 0.03127, 11.690861), (6.400102, 0.08056, 11.845192), (6.556471, 0.051744, 11.689989)
(6.245902, 0.009866, 11.691838), (6.401169, 0.03127, 11.690861), (6.402457, -0.018955, 11.536693)
(6.245902, 0.009866, 11.691838), (6.244827, 0.058955, 11.846179), (6.401169, 0.03127, 11.690861)
(6.090662, -0.012864, 11.692929), (6.245902, 0.009866, 11.691838), (6.247171, -0.039819, 11.537617)
(6.090662, -0.012864, 11.692929), (6.089576, 0.036085, 11.847275), (6.245902, 0.009866, 11.691838)
(6.710783, 0.121496, 11.843509), (6.710023, 0.168847, 11.998058), (6.866241, 0.141374, 11.842837)
(6.710783, 0.121496, 11.843509), (6.866241, 0.141374, 11.842837), (6.867297, 0.091118, 11.688593)
(6.555412, 0.101314, 11.844299), (6.710783, 0.121496, 11.843509), (6.711848, 0.071527, 11.689238)
(6.555412, 0.101314, 11.844299), (6.554625, 0.148732, 11.998845), (6.710783, 0.121496, 11.843509)
(6.400102, 0.08056, 11.845192), (6.399284, 0.128052, 11.999725), (6.555412, 0.101314, 11.844299)
(6.400102, 0.08056, 11.845192), (6.555412, 0.101314, 11.844299), (6.556471, 0.051744, 11.689989)
(6.244827, 0.058955, 11.846179), (6.400102, 0.08056, 11.845192), (6.401169, 0.03127, 11.690861)
(6.244827, 0.058955, 11.846179), (6.243966, 0.10671, 12.000677), (6.400102, 0.08056, 11.845192)
(6.089576, 0.036085, 11.847275), (6.088696, 0.083833, 12.001751), (6.244827, 0.058955, 11.846179)
(6.089576, 0.036085, 11.847275), (6.244827, 0.058955, 11.846179), (6.245902, 0.009866, 11.691838)
# 7.044694449980003, 0, 11.65218408331334
(7.337432, 0.038845, 11.38026), (7.493391, 0.058738, 11.380378), (7.495564, -0.003605, 11.227441)
(7.337432, 0.038845, 11.38026), (7.335616, 0.097347, 11.533624), (7.493391, 0.058738, 11.380378)
(7.181613, 0.020234, 11.380338), (7.337432, 0.038845, 11.38026), (7.339528, -0.021079, 11.227179)
(7.181613, 0.020234, 11.380338), (7.179853, 0.076998, 11.533813), (7.337432, 0.038845, 11.38026)
(7.02591, 0.002476, 11.380566), (7.181613, 0.020234, 11.380338), (7.183623, -0.037379, 11.227102)
(7.02591, 0.002476, 11.380566), (7.024214, 0.057563, 11.534166), (7.181613, 0.020234, 11.380338)
(6.870275, -0.014924, 11.380888), (7.02591, 0.002476, 11.380566), (7.027835, -0.053048, 11.22717)
(6.870275, -0.014924, 11.380888), (6.868641, 0.038753, 11.534609), (7.02591, 0.002476, 11.380566)
(6.714754, -0.032482, 11.381357), (6.870275, -0.014924, 11.380888), (6.872151, -0.068677, 11.227377)
(6.714754, -0.032482, 11.381357), (6.713157, 0.020018, 11.535172), (6.870275, -0.014924, 11.380888)
(7.335616, 0.097347, 11.533624), (7.334209, 0.152549, 11.687414), (7.491541, 0.118902, 11.533665)
(7.335616, 0.097347, 11.533624), (7.491541, 0.118902, 11.533665), (7.493391, 0.058738, 11.380378)
(7.179853, 0.076998, 11.533813), (7.178454, 0.131298, 11.68765), (7.335616, 0.097347, 11.533624)
(7.179853, 0.076998, 11.533813), (7.335616, 0.097347, 11.533624), (7.337432, 0.038845, 11.38026)
(7.024214, 0.057563, 11.534166), (7.022841, 0.110838, 11.688072), (7.179853, 0.076998, 11.533813)
(7.024214, 0.057563, 11.534166), (7.179853, 0.076998, 11.533813), (7.181613, 0.020234, 11.380338)
(6.868641, 0.038753, 11.534609), (6.867297, 0.091118, 11.688593), (7.024214, 0.057563, 11.534166)
(6.868641, 0.038753, 11.534609), (7.024214, 0.057563, 11.534166), (7.02591, 0.002476, 11.380566)
(6.713157, 0.020018, 11.535172), (6.711848, 0.071527, 11.689238), (6.868641, 0.038753, 11.534609)
(6.713157, 0.020018, 11.535172), (6.868641, 0.038753, 11.534609), (6.870275, -0.014924, 11.380888)
(7.334209, 0.152549, 11.687414), (7.490108, 0.174986, 11.687389), (7.491541, 0.118902, 11.533665)
(7.334209, 0.152549, 11.687414), (7.333148, 0.203872, 11.841545), (7.490108, 0.174986, 11.687389)
(7.178454, 0.131298, 11.68765), (7.334209, 0.152549, 11.687414), (7.335616, 0.097347, 11.533624)
(7.178454, 0.131298, 11.68765), (7.177395, 0.182286, 11.841821), (7.334209, 0.152549, 11.687414)
(7.022841, 0.110838, 11.688072), (7.178454, 0.131298, 11.68765), (7.179853, 0.076998, 11.533813)
(7.022841, 0.110838, 11.688072), (7.021776, 0.161489, 11.842272), (7.178454, 0.131298, 11.68765)
(6.867297, 0.091118, 11.688593), (7.022841, 0.110838, 11.688072), (7.024214, 0.057563, 11.534166)
(6.867297, 0.091118, 11.688593), (6.866241, 0.141374, 11.842837), (7.022841, 0.110838, 11.688072)
(6.711848, 0.071527, 11.689238), (6.867297, 0.091118, 11.688593), (6.868641, 0.038753, 11.534609)
(6.711848, 0.071527, 11.689238), (6.710783, 0.121496, 11.843509), (6.867297, 0.091118, 11.688593)
(7.333148, 0.203872, 11.841545), (7.332533, 0.250075, 11.996135), (7.48908, 0.226243, 11.841528)
(7.333148, 0.203872, 11.841545), (7.48908, 0.226243, 11.841528), (7.490108, 0.174986, 11.687389)
(7.177395, 0.182286, 11.841821), (7.333148, 0.203872, 11.841545), (7.334209, 0.152549, 11.687414)
(7.177395, 0.182286, 11.841821), (7.176737, 0.228944, 11.996392), (7.333148, 0.203872, 11.841545)
(7.021776, 0.161489, 11.842272), (7.021081, 0.208436, 11.996834), (7.177395, 0.182286, 11.841821)
(7.021776, 0.161489, 11.842272), (7.177395, 0.182286, 11.841821), (7.178454, 0.131298, 11.68765)
(6.866241, 0.141374, 11.842837), (7.021776, 0.161489, 11.842272), (7.022841, 0.110838, 11.688072)
(6.866241, 0.141374, 11.842837), (6.865499, 0.188671, 11.99738), (7.021776, 0.161489, 11.842272)
# 7.712464683313336, 0, 11.65218408331334
(7.493391, 0.058738, 11.380378), (7.649518, 0.080155, 11.380754), (7.651735, 0.015369, 11.227907)
(7.493391, 0.058738, 11.380378), (7.491541, 0.118902, 11.533665), (7.649518, 0.080155, 11.380754)
(7.649518, 0.080155, 11.380754), (7.805747, 0.103627, 11.38133), (7.808018, 0.036398, 11.228577)
(7.649518, 0.080155, 11.380754), (7.64761, 0.142004, 11.533937), (7.805747, 0.103627, 11.38133)
(7.805747, 0.103627, 11.38133), (7.962133, 0.129406, 11.382199), (7.96443, 0.060202, 11.229486)
(7.805747, 0.103627, 11.38133), (7.803812, 0.167001, 11.534454), (7.962133, 0.129406, 11.382199)
(7.962133, 0.129406, 11.382199), (8.11869, 0.157368, 11.383398), (8.120977, 0.086907, 11.230663)
(7.962133, 0.129406, 11.382199), (7.960207, 0.193674, 11.53533), (8.11869, 0.157368, 11.383398)
(7.491541, 0.118902, 11.533665), (7.490108, 0.174986, 11.687389), (7.64761, 0.142004, 11.533937)
(7.491541, 0.118902, 11.533665), (7.64761, 0.142004, 11.533937), (7.649518, 0.080155, 11.380754)
(7.64761, 0.142004, 11.533937), (7.646161, 0.198811, 11.687617), (7.803812, 0.167001, 11.534454)
(7.64761, 0.142004, 11.533937), (7.803812, 0.167001, 11.534454), (7.805747, 0.103627, 11.38133)
(7.803812, 0.167001, 11.534454), (7.802384, 0.224127, 11.688146), (7.960207, 0.193674, 11.53533)
(7.803812, 0.167001, 11.534454), (7.960207, 0.193674, 11.53533), (7.962133, 0.129406, 11.382199)
(7.960207, 0.193674, 11.53533), (7.958834, 0.250399, 11.689089), (8.116821, 0.221562, 11.536617)
(7.960207, 0.193674, 11.53533), (8.116821, 0.221562, 11.536617), (8.11869, 0.157368, 11.383398)
(7.490108, 0.174986, 11.687389), (7.646161, 0.198811, 11.687617), (7.64761, 0.142004, 11.533937)
(7.490108, 0.174986, 11.687389), (7.48908, 0.226243, 11.841528), (7.646161, 0.198811, 11.687617)
(7.646161, 0.198811, 11.687617), (7.802384, 0.224127, 11.688146), (7.803812, 0.167001, 11.534454)
(7.646161, 0.198811, 11.687617), (7.645174, 0.249785, 11.841779), (7.802384, 0.224127, 11.688146)
(7.802384, 0.224127, 11.688146), (7.958834, 0.250399, 11.689089), (7.960207, 0.193674, 11.53533)
(7.802384, 0.224127, 11.688146), (7.801452, 0.274471, 11.84236), (7.958834, 0.250399, 11.689089)
(7.958834, 0.250399, 11.689089), (8.115481, 0.277564, 11.69043), (8.116821, 0.221562, 11.536617)
(7.958834, 0.250399, 11.689089), (7.957952, 0.299846, 11.843356), (8.115481, 0.277564, 11.69043)
(7.48908, 0.226243, 11.841528), (7.645174, 0.249785, 11.841779), (7.646161, 0.198811, 11.687617)
(7.48908, 0.226243, 11.841528), (7.488513, 0.271818, 11.99614), (7.645174, 0.249785, 11.841779)
(7.645174, 0.249785, 11.841779), (7.644716, 0.294068, 11.996496), (7.801452, 0.274471, 11.84236)
(7.645174, 0.249785, 11.841779), (7.801452, 0.274471, 11.84236), (7.802384, 0.224127, 11.688146)
(7.801452, 0.274471, 11.84236), (7.957952, 0.299846, 11.843356), (7.958834, 0.250399, 11.689089)
(7.801452, 0.274471, 11.84236), (7.801082, 0.317413, 11.997161), (7.957952, 0.299846, 11.843356)
(7.957952, 0.299846, 11.843356), (7.957668, 0.341166, 11.998252), (8.114693, 0.325281, 11.844821)
(7.957952, 0.299846, 11.843356), (8.114693, 0.325281, 11.844821), (8.115481, 0.277564, 11.69043)
# 8.380234916646671, 0, 11.65218408331334
(8.11869, 0.157368, 11.383398), (8.275434, 0.186802, 11.384945), (8.277637, 0.11634, 11.232067)
(8.11869, 0.157368, 11.383398), (8.116821, 0.221562, 11.536617), (8.275434, 0.186802, 11.384945)
(8.275434, 0.186802, 11.384945), (8.432275, 0.21783, 11.386711), (8.434397, 0.148064, 11.233684)
(8.275434, 0.186802, 11.384945), (8.273616, 0.250335, 11.538262), (8.432275, 0.21783, 11.386711)
(8.432275, 0.21783, 11.386711), (8.589231, 0.249278, 11.388706), (8.591224, 0.181372, 11.23546)
(8.432275, 0.21783, 11.386711), (8.430542, 0.279823, 11.540188), (8.589231, 0.249278, 11.388706)
(8.589231, 0.249278, 11.388706), (8.746271, 0.280371, 11.390875), (8.748098, 0.21512, 11.237363)
(8.589231, 0.249278, 11.388706), (8.587622, 0.308811, 11.542389), (8.746271, 0.280371, 11.390875)
(8.116821, 0.221562, 11.536617), (8.115481, 0.277564, 11.69043), (8.273616, 0.250335, 11.538262)
(8.116821, 0.221562, 11.536617), (8.273616, 0.250335, 11.538262), (8.275434, 0.186802, 11.384945)
(8.273616, 0.250335, 11.538262), (8.272347, 0.304785, 11.692191), (8.430542, 0.279823, 11.540188)
(8.273616, 0.250335, 11.538262), (8.430542, 0.279823, 11.540188), (8.432275, 0.21783, 11.386711)
(8.430542, 0.279823, 11.540188), (8.429355, 0.332177, 11.694261), (8.587622, 0.308811, 11.542389)
(8.430542, 0.279823, 11.540188), (8.587622, 0.308811, 11.542389), (8.589231, 0.249278, 11.388706)
(8.587622, 0.308811, 11.542389), (8.586542, 0.358456, 11.696642), (8.744818, 0.336727, 11.544806)
(8.587622, 0.308811, 11.542389), (8.744818, 0.336727, 11.544806), (8.746271, 0.280371, 11.390875)
(8.115481, 0.277564, 11.69043), (8.272347, 0.304785, 11.692191), (8.273616, 0.250335, 11.538262)
(8.115481, 0.277564, 11.69043), (8.114693, 0.325281, 11.844821), (8.272347, 0.304785, 11.692191)
(8.272347, 0.304785, 11.692191), (8.429355, 0.332177, 11.694261), (8.430542, 0.279823, 11.540188)
(8.272347, 0.304785, 11.692191), (8.271623, 0.350706, 11.846685), (8.429355, 0.332177, 11.694261)
(8.429355, 0.332177, 11.694261), (8.586542, 0.358456, 11.696642), (8.587622, 0.308811, 11.542389)
(8.429355, 0.332177, 11.694261), (8.428715, 0.37575, 11.848894), (8.586542, 0.358456, 11.696642)
(8.586542, 0.358456, 11.696642), (8.743834, 0.383873, 11.69922), (8.744818, 0.336727, 11.544806)
(8.586542, 0.358456, 11.696642), (8.585967, 0.399815, 11.851396), (8.743834, 0.383873, 11.69922)
(8.114693, 0.325281, 11.844821), (8.271623, 0.350706, 11.846685), (8.272347, 0.304785, 11.692191)
(8.114693, 0.325281, 11.844821), (8.114483, 0.364846, 11.999807), (8.271623, 0.350706, 11.846685)
(8.271623, 0.350706, 11.846685), (8.271509, 0.387997, 12.001806), (8.428715, 0.37575, 11.848894)
(8.271623, 0.350706, 11.846685), (8.428715, 0.37575, 11.848894), (8.429355, 0.332177, 11.694261)
(8.428715, 0.37575, 11.848894), (8.585967, 0.399815, 11.851396), (8.586542, 0.358456, 11.696642)
(8.428715, 0.37575, 11.848894), (8.428661, 0.41097, 12.004107), (8.585967, 0.399815, 11.851396)
(8.585967, 0.399815, 11.851396), (8.585954, 0.433125, 12.006684), (8.743345, 0.422779, 11.854107)
(8.585967, 0.399815, 11.851396), (8.743345, 0.422779, 11.854107), (8.743834, 0.383873, 11.69922)
# 9.048005149980003, 0, 11.65218408331334
(8.746271, 0.280371, 11.390875), (8.903358, 0.310438, 11.393158), (8.904982, 0.248747, 11.23934)
(8.746271, 0.280371, 11.390875), (8.744818, 0.336727, 11.544806), (8.903358, 0.310438, 11.393158)
(8.903358, 0.310438, 11.393158), (9.060422, 0.339937, 11.395473), (9.061845, 0.281569, 11.241364)
(8.903358, 0.310438, 11.393158), (8.90206, 0.36383, 11.547325), (9.060422, 0.339937, 11.395473)
(9.060422, 0.339937, 11.395473), (9.217432, 0.368383, 11.397782), (9.218649, 0.313364, 11.243385)
(9.060422, 0.339937, 11.395473), (9.059292, 0.390236, 11.549882), (9.217432, 0.368383, 11.397782)
(9.217432, 0.368383, 11.397782), (9.374342, 0.395694, 11.400021), (9.375355, 0.343817, 11.245351)
(9.217432, 0.368383, 11.397782), (9.216475, 0.415705, 11.552424), (9.374342, 0.395694, 11.400021)
(9.374342, 0.395694, 11.400021), (9.531115, 0.421637, 11.402147), (9.531939, 0.372992, 11.247227)
(9.374342, 0.395694, 11.400021), (9.373553, 0.440163, 11.554882), (9.531115, 0.421637, 11.402147)
(8.744818, 0.336727, 11.544806), (8.743834, 0.383873, 11.69922), (8.90206, 0.36383, 11.547325)
(8.744818, 0.336727, 11.544806), (8.90206, 0.36383, 11.547325), (8.903358, 0.310438, 11.393158)
(8.90206, 0.36383, 11.547325), (8.901191, 0.408374, 11.701916), (9.059292, 0.390236, 11.549882)
(8.90206, 0.36383, 11.547325), (9.059292, 0.390236, 11.549882), (9.060422, 0.339937, 11.395473)
(9.059292, 0.390236, 11.549882), (9.058548, 0.432174, 11.70465), (9.216475, 0.415705, 11.552424)
(9.059292, 0.390236, 11.549882), (9.216475, 0.415705, 11.552424), (9.217432, 0.368383, 11.397782)
(9.216475, 0.415705, 11.552424), (9.215857, 0.455169, 11.707358), (9.373553, 0.440163, 11.554882)
(9.216475, 0.415705, 11.552424), (9.373553, 0.440163, 11.554882), (9.374342, 0.395694, 11.400021)
(9.373553, 0.440163, 11.554882), (9.373052, 0.477573, 11.709975), (9.530483, 0.463722, 11.557209)
(9.373553, 0.440163, 11.554882), (9.530483, 0.463722, 11.557209), (9.531115, 0.421637, 11.402147)
(8.743834, 0.383873, 11.69922), (8.901191, 0.408374, 11.701916), (8.90206, 0.36383, 11.547325)
(8.743834, 0.383873, 11.69922), (8.743345, 0.422779, 11.854107), (8.901191, 0.408374, 11.701916)
(8.901191, 0.408374, 11.701916), (9.058548, 0.432174, 11.70465), (9.059292, 0.390236, 11.549882)
(8.901191, 0.408374, 11.701916), (8.900777, 0.445153, 11.856919), (9.058548, 0.432174, 11.70465)
(9.058548, 0.432174, 11.70465), (9.215857, 0.455169, 11.707358), (9.216475, 0.415705, 11.552424)
(9.058548, 0.432174, 11.70465), (9.058212, 0.466986, 11.85977), (9.215857, 0.455169, 11.707358)
(9.215857, 0.455169, 11.707358), (9.373052, 0.477573, 11.709975), (9.373553, 0.440163, 11.554882)
(9.215857, 0.455169, 11.707358), (9.215592, 0.488319, 11.862584), (9.373052, 0.477573, 11.709975)
(9.373052, 0.477573, 11.709975), (9.530094, 0.499186, 11.712448), (9.530483, 0.463722, 11.557209)
(9.373052, 0.477573, 11.709975), (9.37286, 0.509071, 11.8653), (9.530094, 0.499186, 11.712448)
(8.743345, 0.422779, 11.854107), (8.900777, 0.445153, 11.856919), (8.901191, 0.408374, 11.701916)
(8.743345, 0.422779, 11.854107), (8.743359, 0.454488, 12.00945), (8.900777, 0.445153, 11.856919)
(8.900777, 0.445153, 11.856919), (8.900832, 0.47517, 12.012329), (9.058212, 0.466986, 11.85977)
(8.900777, 0.445153, 11.856919), (9.058212, 0.466986, 11.85977), (9.058548, 0.432174, 11.70465)
(9.058212, 0.466986, 11.85977), (9.215592, 0.488319, 11.862584), (9.215857, 0.455169, 11.707358)
(9.058212, 0.466986, 11.85977), (9.058288, 0.495668, 12.015224), (9.215592, 0.488319, 11.862584)
(9.215592, 0.488319, 11.862584), (9.215687, 0.515824, 12.018087), (9.37286, 0.509071, 11.8653)
(9.215592, 0.488319, 11.862584), (9.37286, 0.509071, 11.8653), (9.373052, 0.477573, 11.709975)
(9.37286, 0.509071, 11.8653), (9.529963, 0.529302, 11.867867), (9.530094, 0.499186, 11.712448)
(9.37286, 0.509071, 11.8653), (9.372968, 0.535556, 12.020849), (9.529963, 0.529302, 11.867867)
# 9.71577538331334, 0, 11.65218408331334
(9.531115, 0.421637, 11.402147), (9.687728, 0.446675, 11.404109), (9.688375, 0.400639, 11.248961)
(9.531115, 0.421637, 11.402147), (9.530483, 0.463722, 11.557209), (9.687728, 0.446675, 11.404109)
(9.687728, 0.446675, 11.404109), (9.844168, 0.470183, 11.40589), (9.844654, 0.42652, 11.250535)
(9.687728, 0.446675, 11.404109), (9.687239, 0.486551, 11.559358), (9.844168, 0.470183, 11.40589)
(9.844168, 0.470183, 11.40589), (10.000448, 0.491724, 11.40747), (10.000786, 0.450067, 11.251926)
(9.844168, 0.470183, 11.40589), (9.843815, 0.508011, 11.561306), (10.000448, 0.491724, 11.40747)
(10.000448, 0.491724, 11.40747), (10.15659, 0.510748, 11.408846), (10.156793, 0.471088, 11.253141)
(10.000448, 0.491724, 11.40747), (10.000216, 0.527479, 11.56303), (10.15659, 0.510748, 11.408846)
(9.530483, 0.463722, 11.557209), (9.530094, 0.499186, 11.712448), (9.687239, 0.486551, 11.559358)
(9.530483, 0.463722, 11.557209), (9.687239, 0.486551, 11.559358), (9.687728, 0.446675, 11.404109)
(9.687239, 0.486551, 11.559358), (9.686954, 0.520231, 11.71473), (9.843815, 0.508011, 11.561306)
(9.687239, 0.486551, 11.559358), (9.843815, 0.508011, 11.561306), (9.844168, 0.470183, 11.40589)
(9.843815, 0.508011, 11.561306), (9.843624, 0.539941, 11.716797), (10.000216, 0.527479, 11.56303)
(9.843815, 0.508011, 11.561306), (10.000216, 0.527479, 11.56303), (10.000448, 0.491724, 11.40747)
(10.000216, 0.527479, 11.56303), (10.000116, 0.558194, 11.718644), (10.156469, 0.544749, 11.564541)
(10.000216, 0.527479, 11.56303), (10.156469, 0.544749, 11.564541), (10.15659, 0.510748, 11.408846)
(9.530094, 0.499186, 11.712448), (9.686954, 0.520231, 11.71473), (9.687239, 0.486551, 11.559358)
(9.530094, 0.499186, 11.712448), (9.529963, 0.529302, 11.867867), (9.686954, 0.520231, 11.71473)
(9.686954, 0.520231, 11.71473), (9.843624, 0.539941, 11.716797), (9.843815, 0.508011, 11.561306)
(9.686954, 0.520231, 11.71473), (9.686883, 0.548929, 11.870237), (9.843624, 0.539941, 11.716797)
(9.843624, 0.539941, 11.716797), (10.000116, 0.558194, 11.718644), (10.000216, 0.527479, 11.56303)
(9.843624, 0.539941, 11.716797), (9.84361, 0.567449, 11.872391), (10.000116, 0.558194, 11.718644)
(10.000116, 0.558194, 11.718644), (10.156452, 0.574322, 11.720263), (10.156469, 0.544749, 11.564541)
(10.000116, 0.558194, 11.718644), (10.000154, 0.584298, 11.874315), (10.156452, 0.574322, 11.720263)
(9.529963, 0.529302, 11.867867), (9.530088, 0.554636, 12.02346), (9.686883, 0.548929, 11.870237)
(9.529963, 0.529302, 11.867867), (9.686883, 0.548929, 11.870237), (9.686954, 0.520231, 11.71473)
(9.686883, 0.548929, 11.870237), (9.84361, 0.567449, 11.872391), (9.843624, 0.539941, 11.716797)
(9.686883, 0.548929, 11.870237), (9.687021, 0.573156, 12.025877), (9.84361, 0.567449, 11.872391)
(9.84361, 0.567449, 11.872391), (9.843761, 0.59058, 12.028073), (10.000154, 0.584298, 11.874315)
(9.84361, 0.567449, 11.872391), (10.000154, 0.584298, 11.874315), (10.000116, 0.558194, 11.718644)
(10.000154, 0.584298, 11.874315), (10.156544, 0.599264, 11.876005), (10.156452, 0.574322, 11.720263)
(10.000154, 0.584298, 11.874315), (10.000323, 0.606429, 12.030041), (10.156544, 0.599264, 11.876005)
