# 10.383545616646671, 0, -10.384233616686664
(10.639574, 2.03528, -10.689229), (10.798761, 2.082107, -10.707294), (10.80763, 2.000539, -10.860802)
(10.639574, 2.03528, -10.689229), (10.630207, 2.113736, -10.533766), (10.798761, 2.082107, -10.707294)
(10.480977, 1.990168, -10.672335), (10.639574, 2.03528, -10.689229), (10.648928, 1.95674, -10.843316)
(10.480977, 1.990168, -10.672335), (10.471275, 2.066067, -10.516565), (10.639574, 2.03528, -10.689229)
(10.322994, 1.947356, -10.65674), (10.480977, 1.990168, -10.672335), (10.490727, 1.914532, -10.826937)
(10.322994, 1.947356, -10.65674), (10.313009, 2.020631, -10.500713), (10.480977, 1.990168, -10.672335)
(10.165655, 1.907165, -10.642509), (10.322994, 1.947356, -10.65674), (10.333088, 1.874746, -10.811778)
(10.165655, 1.907165, -10.642509), (10.155397, 1.977596, -10.486249), (10.322994, 1.947356, -10.65674)
(10.630207, 2.113736, -10.533766), (10.620943, 2.190874, -10.376945), (10.789805, 2.163171, -10.552176)
(10.630207, 2.113736, -10.533766), (10.789805, 2.163171, -10.552176), (10.798761, 2.082107, -10.707294)
(10.471275, 2.066067, -10.516565), (10.461689, 2.140831, -10.359556), (10.630207, 2.113736, -10.533766)
(10.471275, 2.066067, -10.516565), (10.630207, 2.113736, -10.533766), (10.639574, 2.03528, -10.689229)
(10.313009, 2.020631, -10.500713), (10.303125, 2.092947, -10.343542), (10.471275, 2.066067, -10.516565)
(10.313009, 2.020631, -10.500713), (10.471275, 2.066067, -10.516565), (10.480977, 1.990168, -10.672335)
(10.155397, 1.977596, -10.486249), (10.145322, 2.047462, -10.328969), (10.313009, 2.020631, -10.500713)
(10.155397, 1.977596, -10.486249), (10.313009, 2.020631, -10.500713), (10.322994, 1.947356, -10.65674)
(10.620943, 2.190874, -10.376945), (10.780951, 2.242652, -10.395542), (10.789805, 2.163171, -10.552176)
(10.620943, 2.190874, -10.376945), (10.612249, 2.265446, -10.218637), (10.780951, 2.242652, -10.395542)
(10.461689, 2.140831, -10.359556), (10.620943, 2.190874, -10.376945), (10.630207, 2.113736, -10.533766)
(10.461689, 2.140831, -10.359556), (10.452627, 2.213471, -10.201225), (10.620943, 2.190874, -10.376945)
(10.303125, 2.092947, -10.343542), (10.461689, 2.140831, -10.359556), (10.471275, 2.066067, -10.516565)
(10.303125, 2.092947, -10.343542), (10.293745, 2.163542, -10.185179), (10.461689, 2.140831, -10.359556)
(10.145322, 2.047462, -10.328969), (10.303125, 2.092947, -10.343542), (10.313009, 2.020631, -10.500713)
(10.145322, 2.047462, -10.328969), (10.135773, 2.115973, -10.170612), (10.303125, 2.092947, -10.343542)
(10.612249, 2.265446, -10.218637), (10.604228, 2.336407, -10.058795), (10.772544, 2.319202, -10.23726)
(10.612249, 2.265446, -10.218637), (10.772544, 2.319202, -10.23726), (10.780951, 2.242652, -10.395542)
(10.452627, 2.213471, -10.201225), (10.444188, 2.282956, -10.041479), (10.612249, 2.265446, -10.218637)
(10.452627, 2.213471, -10.201225), (10.612249, 2.265446, -10.218637), (10.620943, 2.190874, -10.376945)
(10.293745, 2.163542, -10.185179), (10.285087, 2.231302, -10.02551), (10.452627, 2.213471, -10.201225)
(10.293745, 2.163542, -10.185179), (10.452627, 2.213471, -10.201225), (10.461689, 2.140831, -10.359556)
(10.135773, 2.115973, -10.170612), (10.293745, 2.163542, -10.185179), (10.303125, 2.092947, -10.343542)
(10.135773, 2.115973, -10.170612), (10.126904, 2.181999, -10.011049), (10.293745, 2.163542, -10.185179)
(10.604228, 2.336407, -10.058795), (10.764852, 2.391739, -10.077313), (10.772544, 2.319202, -10.23726)
(10.604228, 2.336407, -10.058795), (10.597246, 2.402309, -9.897262), (10.764852, 2.391739, -10.077313)
# 11.051315849980007, 0, -10.384233616686664
(10.798761, 2.082107, -10.707294), (10.958454, 2.130025, -10.726351), (10.966793, 2.045456, -10.8792)
(10.798761, 2.082107, -10.707294), (10.789805, 2.163171, -10.552176), (10.958454, 2.130025, -10.726351)
(11.271807, 2.313586, -10.611559), (11.264423, 2.399707, -10.455402), (11.4334, 2.360604, -10.631394)
(11.271807, 2.313586, -10.611559), (11.4334, 2.360604, -10.631394), (11.44009, 2.269899, -10.785202)
(11.110658, 2.264271, -10.591509), (11.102718, 2.34826, -10.43519), (11.271807, 2.313586, -10.611559)
(11.110658, 2.264271, -10.591509), (11.271807, 2.313586, -10.611559), (11.279137, 2.225197, -10.765734)
(10.949992, 2.213645, -10.571528), (10.941557, 2.295471, -10.415081), (11.110658, 2.264271, -10.591509)
(10.949992, 2.213645, -10.571528), (11.110658, 2.264271, -10.591509), (11.118597, 2.178165, -10.745992)
(10.789805, 2.163171, -10.552176), (10.780951, 2.242652, -10.395542), (10.949992, 2.213645, -10.571528)
(10.789805, 2.163171, -10.552176), (10.949992, 2.213645, -10.571528), (10.958454, 2.130025, -10.726351)
(11.264423, 2.399707, -10.455402), (11.426631, 2.448631, -10.475307), (11.4334, 2.360604, -10.631394)
(11.264423, 2.399707, -10.455402), (11.25741, 2.480857, -10.296773), (11.426631, 2.448631, -10.475307)
(11.102718, 2.34826, -10.43519), (11.264423, 2.399707, -10.455402), (11.271807, 2.313586, -10.611559)
(11.102718, 2.34826, -10.43519), (11.095172, 2.428086, -10.276736), (11.264423, 2.399707, -10.455402)
(10.941557, 2.295471, -10.415081), (11.102718, 2.34826, -10.43519), (11.110658, 2.264271, -10.591509)
(10.941557, 2.295471, -10.415081), (10.933505, 2.373903, -10.256791), (11.102718, 2.34826, -10.43519)
(10.780951, 2.242652, -10.395542), (10.941557, 2.295471, -10.415081), (10.949992, 2.213645, -10.571528)
(10.780951, 2.242652, -10.395542), (10.772544, 2.319202, -10.23726), (10.941557, 2.295471, -10.415081)
(11.25741, 2.480857, -10.296773), (11.250953, 2.557261, -10.136215), (11.420174, 2.531178, -10.31651)
(11.25741, 2.480857, -10.296773), (11.420174, 2.531178, -10.31651), (11.426631, 2.448631, -10.475307)
(11.095172, 2.428086, -10.276736), (11.25741, 2.480857, -10.296773), (11.264423, 2.399707, -10.455402)
(11.095172, 2.428086, -10.276736), (11.088188, 2.503667, -10.116524), (11.25741, 2.480857, -10.296773)
(10.933505, 2.373903, -10.256791), (10.926167, 2.447915, -10.096703), (11.095172, 2.428086, -10.276736)
(10.933505, 2.373903, -10.256791), (11.095172, 2.428086, -10.276736), (11.102718, 2.34826, -10.43519)
(10.772544, 2.319202, -10.23726), (10.933505, 2.373903, -10.256791), (10.941557, 2.295471, -10.415081)
(10.772544, 2.319202, -10.23726), (10.764852, 2.391739, -10.077313), (10.933505, 2.373903, -10.256791)
(11.250953, 2.557261, -10.136215), (11.4142, 2.608742, -10.155682), (11.420174, 2.531178, -10.31651)
(11.250953, 2.557261, -10.136215), (11.245445, 2.626977, -9.973433), (11.4142, 2.608742, -10.155682)
(11.088188, 2.503667, -10.116524), (11.250953, 2.557261, -10.136215), (11.25741, 2.480857, -10.296773)
(11.088188, 2.503667, -10.116524), (11.082334, 2.572306, -9.954051), (11.250953, 2.557261, -10.136215)
(10.926167, 2.447915, -10.096703), (11.088188, 2.503667, -10.116524), (11.095172, 2.428086, -10.276736)
(10.926167, 2.447915, -10.096703), (10.919862, 2.515987, -9.934643), (11.088188, 2.503667, -10.116524)
(10.764852, 2.391739, -10.077313), (10.926167, 2.447915, -10.096703), (10.933505, 2.373903, -10.256791)
(10.764852, 2.391739, -10.077313), (10.758183, 2.458838, -9.915548), (10.926167, 2.447915, -10.096703)
# 11.71908608331334, 0, -10.384233616686664
(11.922135, 2.469109, -10.682386), (11.917469, 2.561875, -10.52672), (12.087025, 2.488042, -10.694063)
(11.922135, 2.469109, -10.682386), (12.087025, 2.488042, -10.694063), (12.090918, 2.3903, -10.846045)
(11.758398, 2.439984, -10.667428), (11.753024, 2.531137, -10.511457), (11.922135, 2.469109, -10.682386)
(11.758398, 2.439984, -10.667428), (11.922135, 2.469109, -10.682386), (11.926679, 2.373003, -10.835075)
(11.595554, 2.403185, -10.650178), (11.589443, 2.493106, -10.494218), (11.758398, 2.439984, -10.667428)
(11.595554, 2.403185, -10.650178), (11.758398, 2.439984, -10.667428), (11.763635, 2.345891, -10.820797)
(11.4334, 2.360604, -10.631394), (11.426631, 2.448631, -10.475307), (11.595554, 2.403185, -10.650178)
(11.4334, 2.360604, -10.631394), (11.595554, 2.403185, -10.650178), (11.601525, 2.310878, -10.803907)
(11.917469, 2.561875, -10.52672), (12.0831, 2.581731, -10.538596), (12.087025, 2.488042, -10.694063)
(11.917469, 2.561875, -10.52672), (11.913031, 2.647276, -10.367296), (12.0831, 2.581731, -10.538596)
(11.753024, 2.531137, -10.511457), (11.917469, 2.561875, -10.52672), (11.922135, 2.469109, -10.682386)
(11.753024, 2.531137, -10.511457), (11.747839, 2.616105, -10.35233), (11.917469, 2.561875, -10.52672)
(11.589443, 2.493106, -10.494218), (11.753024, 2.531137, -10.511457), (11.758398, 2.439984, -10.667428)
(11.589443, 2.493106, -10.494218), (11.583578, 2.577151, -10.33532), (11.753024, 2.531137, -10.511457)
(11.426631, 2.448631, -10.475307), (11.589443, 2.493106, -10.494218), (11.595554, 2.403185, -10.650178)
(11.426631, 2.448631, -10.475307), (11.420174, 2.531178, -10.31651), (11.589443, 2.493106, -10.494218)
(11.913031, 2.647276, -10.367296), (11.908864, 2.726768, -10.205364), (12.079275, 2.668913, -10.379507)
(11.913031, 2.647276, -10.367296), (12.079275, 2.668913, -10.379507), (12.0831, 2.581731, -10.538596)
(11.747839, 2.616105, -10.35233), (11.742949, 2.696002, -10.191031), (11.913031, 2.647276, -10.367296)
(11.747839, 2.616105, -10.35233), (11.913031, 2.647276, -10.367296), (11.917469, 2.561875, -10.52672)
(11.583578, 2.577151, -10.33532), (11.57814, 2.655752, -10.174192), (11.747839, 2.616105, -10.35233)
(11.583578, 2.577151, -10.33532), (11.747839, 2.616105, -10.35233), (11.753024, 2.531137, -10.511457)
(11.420174, 2.531178, -10.31651), (11.583578, 2.577151, -10.33532), (11.589443, 2.493106, -10.494218)
(11.420174, 2.531178, -10.31651), (11.4142, 2.608742, -10.155682), (11.583578, 2.577151, -10.33532)
(11.908864, 2.726768, -10.205364), (12.075706, 2.749135, -10.217401), (12.079275, 2.668913, -10.379507)
(11.908864, 2.726768, -10.205364), (11.905375, 2.798017, -10.040616), (12.075706, 2.749135, -10.217401)
(11.742949, 2.696002, -10.191031), (11.908864, 2.726768, -10.205364), (11.913031, 2.647276, -10.367296)
(11.742949, 2.696002, -10.191031), (11.73896, 2.76665, -10.026664), (11.908864, 2.726768, -10.205364)
(11.57814, 2.655752, -10.174192), (11.742949, 2.696002, -10.191031), (11.747839, 2.616105, -10.35233)
(11.57814, 2.655752, -10.174192), (11.573545, 2.726726, -10.010514), (11.742949, 2.696002, -10.191031)
(11.4142, 2.608742, -10.155682), (11.57814, 2.655752, -10.174192), (11.583578, 2.577151, -10.33532)
(11.4142, 2.608742, -10.155682), (11.409107, 2.679301, -9.992508), (11.57814, 2.655752, -10.174192)
# 12.386856316646675, 0, -10.384233616686664
(12.420982, 2.488811, -10.704632), (12.418288, 2.584163, -10.550188), (12.589962, 2.468996, -10.702762)
(12.420982, 2.488811, -10.704632), (12.589962, 2.468996, -10.702762), (12.592288, 2.369071, -10.852499)
(12.589962, 2.468996, -10.702762), (12.587766, 2.564705, -10.549068), (12.759863, 2.435414, -10.695906)
(12.589962, 2.468996, -10.702762), (12.759863, 2.435414, -10.695906), (12.76176, 2.336041, -10.845061)
(12.253298, 2.494799, -10.701559), (12.250014, 2.589677, -10.546614), (12.420982, 2.488811, -10.704632)
(12.253298, 2.494799, -10.701559), (12.420982, 2.488811, -10.704632), (12.423737, 2.389374, -10.855269)
(12.087025, 2.488042, -10.694063), (12.0831, 2.581731, -10.538596), (12.253298, 2.494799, -10.701559)
(12.087025, 2.488042, -10.694063), (12.253298, 2.494799, -10.701559), (12.256541, 2.396382, -10.853108)
(12.418288, 2.584163, -10.550188), (12.587766, 2.564705, -10.549068), (12.589962, 2.468996, -10.702762)
(12.418288, 2.584163, -10.550188), (12.415668, 2.672756, -10.391678), (12.587766, 2.564705, -10.549068)
(12.587766, 2.564705, -10.549068), (12.758111, 2.530562, -10.542772), (12.759863, 2.435414, -10.695906)
(12.587766, 2.564705, -10.549068), (12.585659, 2.653118, -10.390917), (12.758111, 2.530562, -10.542772)
(12.250014, 2.589677, -10.546614), (12.418288, 2.584163, -10.550188), (12.420982, 2.488811, -10.704632)
(12.250014, 2.589677, -10.546614), (12.246788, 2.678249, -10.387943), (12.418288, 2.584163, -10.550188)
(12.0831, 2.581731, -10.538596), (12.250014, 2.589677, -10.546614), (12.253298, 2.494799, -10.701559)
(12.0831, 2.581731, -10.538596), (12.079275, 2.668913, -10.379507), (12.250014, 2.589677, -10.546614)
(12.415668, 2.672756, -10.391678), (12.413137, 2.754915, -10.230036), (12.585659, 2.653118, -10.390917)
(12.415668, 2.672756, -10.391678), (12.585659, 2.653118, -10.390917), (12.587766, 2.564705, -10.549068)
(12.585659, 2.653118, -10.390917), (12.58362, 2.734768, -10.229361), (12.756406, 2.619207, -10.385393)
(12.585659, 2.653118, -10.390917), (12.756406, 2.619207, -10.385393), (12.758111, 2.530562, -10.542772)
(12.246788, 2.678249, -10.387943), (12.243769, 2.759362, -10.225916), (12.415668, 2.672756, -10.391678)
(12.246788, 2.678249, -10.387943), (12.415668, 2.672756, -10.391678), (12.418288, 2.584163, -10.550188)
(12.079275, 2.668913, -10.379507), (12.246788, 2.678249, -10.387943), (12.250014, 2.589677, -10.546614)
(12.079275, 2.668913, -10.379507), (12.075706, 2.749135, -10.217401), (12.246788, 2.678249, -10.387943)
(12.413137, 2.754915, -10.230036), (12.58362, 2.734768, -10.229361), (12.585659, 2.653118, -10.390917)
(12.413137, 2.754915, -10.230036), (12.41107, 2.826794, -10.064556), (12.58362, 2.734768, -10.229361)
(12.58362, 2.734768, -10.229361), (12.754736, 2.700993, -10.224391), (12.756406, 2.619207, -10.385393)
(12.58362, 2.734768, -10.229361), (12.581855, 2.807615, -10.064282), (12.754736, 2.700993, -10.224391)
(12.243769, 2.759362, -10.225916), (12.413137, 2.754915, -10.230036), (12.415668, 2.672756, -10.391678)
(12.243769, 2.759362, -10.225916), (12.241245, 2.831415, -10.060601), (12.413137, 2.754915, -10.230036)
(12.075706, 2.749135, -10.217401), (12.243769, 2.759362, -10.225916), (12.246788, 2.678249, -10.387943)
(12.075706, 2.749135, -10.217401), (12.072699, 2.820944, -10.052334), (12.243769, 2.759362, -10.225916)
(12.41107, 2.826794, -10.064556), (12.409616, 2.888466, -9.89571), (12.581855, 2.807615, -10.064282)
(12.41107, 2.826794, -10.064556), (12.581855, 2.807615, -10.064282), (12.58362, 2.734768, -10.229361)
(12.581855, 2.807615, -10.064282), (12.580544, 2.870497, -9.895748), (12.753222, 2.774466, -10.059839)
(12.581855, 2.807615, -10.064282), (12.753222, 2.774466, -10.059839), (12.754736, 2.700993, -10.224391)
(12.241245, 2.831415, -10.060601), (12.239586, 2.892112, -9.891706), (12.41107, 2.826794, -10.064556)
(12.241245, 2.831415, -10.060601), (12.41107, 2.826794, -10.064556), (12.413137, 2.754915, -10.230036)
(12.072699, 2.820944, -10.052334), (12.070642, 2.882096, -9.883978), (12.241245, 2.831415, -10.060601)
(12.072699, 2.820944, -10.052334), (12.241245, 2.831415, -10.060601), (12.243769, 2.759362, -10.225916)
# 13.054626549980007, 0, -10.384233616686664
(12.759863, 2.435414, -10.695906), (12.758111, 2.530562, -10.542772), (12.930119, 2.38938, -10.684523)
(12.759863, 2.435414, -10.695906), (12.930119, 2.38938, -10.684523), (12.9316, 2.292047, -10.833735)
(12.930119, 2.38938, -10.684523), (12.928757, 2.483403, -10.531863), (13.100171, 2.333631, -10.669766)
(12.930119, 2.38938, -10.684523), (13.100171, 2.333631, -10.669766), (13.101305, 2.238772, -10.819145)
(13.100171, 2.333631, -10.669766), (13.099135, 2.425403, -10.517159), (13.269625, 2.270427, -10.652556)
(13.100171, 2.333631, -10.669766), (13.269625, 2.270427, -10.652556), (13.270468, 2.178691, -10.802368)
(13.269625, 2.270427, -10.652556), (13.268853, 2.359516, -10.49987), (13.438224, 2.201952, -10.633821)
(13.269625, 2.270427, -10.652556), (13.438224, 2.201952, -10.633821), (13.438863, 2.113973, -10.784354)
(12.758111, 2.530562, -10.542772), (12.928757, 2.483403, -10.531863), (12.930119, 2.38938, -10.684523)
(12.758111, 2.530562, -10.542772), (12.756406, 2.619207, -10.385393), (12.928757, 2.483403, -10.531863)
(12.928757, 2.483403, -10.531863), (13.099135, 2.425403, -10.517159), (13.100171, 2.333631, -10.669766)
(12.928757, 2.483403, -10.531863), (12.927401, 2.571681, -10.375221), (13.099135, 2.425403, -10.517159)
(13.099135, 2.425403, -10.517159), (13.268853, 2.359516, -10.49987), (13.269625, 2.270427, -10.652556)
(13.099135, 2.425403, -10.517159), (13.098061, 2.51203, -10.36086), (13.268853, 2.359516, -10.49987)
(13.268853, 2.359516, -10.49987), (13.437607, 2.287533, -10.48068), (13.438224, 2.201952, -10.633821)
(13.268853, 2.359516, -10.49987), (13.267982, 2.443765, -10.343683), (13.437607, 2.287533, -10.48068)
(12.756406, 2.619207, -10.385393), (12.927401, 2.571681, -10.375221), (12.928757, 2.483403, -10.531863)
(12.756406, 2.619207, -10.385393), (12.754736, 2.700993, -10.224391), (12.927401, 2.571681, -10.375221)
(12.927401, 2.571681, -10.375221), (12.926037, 2.653177, -10.214846), (13.098061, 2.51203, -10.36086)
(12.927401, 2.571681, -10.375221), (13.098061, 2.51203, -10.36086), (13.099135, 2.425403, -10.517159)
(13.098061, 2.51203, -10.36086), (13.09697, 2.592941, -10.201199), (13.267982, 2.443765, -10.343683)
(13.098061, 2.51203, -10.36086), (13.267982, 2.443765, -10.343683), (13.268853, 2.359516, -10.49987)
(13.267982, 2.443765, -10.343683), (13.267052, 2.522574, -10.184246), (13.436899, 2.369224, -10.32457)
(13.267982, 2.443765, -10.343683), (13.436899, 2.369224, -10.32457), (13.437607, 2.287533, -10.48068)
(12.754736, 2.700993, -10.224391), (12.926037, 2.653177, -10.214846), (12.927401, 2.571681, -10.375221)
(12.754736, 2.700993, -10.224391), (12.753222, 2.774466, -10.059839), (12.926037, 2.653177, -10.214846)
(12.926037, 2.653177, -10.214846), (13.09697, 2.592941, -10.201199), (13.098061, 2.51203, -10.36086)
(12.926037, 2.653177, -10.214846), (12.924736, 2.726756, -10.050898), (13.09697, 2.592941, -10.201199)
(13.09697, 2.592941, -10.201199), (13.267052, 2.522574, -10.184246), (13.267982, 2.443765, -10.343683)
(13.09697, 2.592941, -10.201199), (13.095835, 2.665803, -10.03778), (13.267052, 2.522574, -10.184246)
(13.267052, 2.522574, -10.184246), (13.436094, 2.445956, -10.165425), (13.436899, 2.369224, -10.32457)
(13.267052, 2.522574, -10.184246), (13.266067, 2.594771, -10.021532), (13.436094, 2.445956, -10.165425)
(12.753222, 2.774466, -10.059839), (12.752019, 2.83818, -9.891719), (12.924736, 2.726756, -10.050898)
(12.753222, 2.774466, -10.059839), (12.924736, 2.726756, -10.050898), (12.926037, 2.653177, -10.214846)
(12.924736, 2.726756, -10.050898), (12.923601, 2.790848, -9.883298), (13.095835, 2.665803, -10.03778)
(12.924736, 2.726756, -10.050898), (13.095835, 2.665803, -10.03778), (13.09697, 2.592941, -10.201199)
# 13.722396783313343, 0, -10.384233616686664
(13.438224, 2.201952, -10.633821), (13.437607, 2.287533, -10.48068), (13.605837, 2.130091, -10.614349)
(13.438224, 2.201952, -10.633821), (13.605837, 2.130091, -10.614349), (13.606421, 2.046423, -10.7659)
(13.605837, 2.130091, -10.614349), (13.60531, 2.211945, -10.460661), (13.772511, 2.056664, -10.594969)
(13.605837, 2.130091, -10.614349), (13.772511, 2.056664, -10.594969), (13.773058, 1.977202, -10.747437)
(13.772511, 2.056664, -10.594969), (13.771967, 2.134442, -10.440558), (13.938221, 1.98256, -10.576033)
(13.772511, 2.056664, -10.594969), (13.938221, 1.98256, -10.576033), (13.938799, 1.907389, -10.729464)
(13.938221, 1.98256, -10.576033), (13.93765, 2.056301, -10.420932), (14.103134, 1.908736, -10.558001)
(13.938221, 1.98256, -10.576033), (14.103134, 1.908736, -10.558001), (14.103742, 1.837706, -10.71232)
(13.437607, 2.287533, -10.48068), (13.60531, 2.211945, -10.460661), (13.605837, 2.130091, -10.614349)
(13.437607, 2.287533, -10.48068), (13.436899, 2.369224, -10.32457), (13.60531, 2.211945, -10.460661)
(13.60531, 2.211945, -10.460661), (13.771967, 2.134442, -10.440558), (13.772511, 2.056664, -10.594969)
(13.60531, 2.211945, -10.460661), (13.604694, 2.290588, -10.304421), (13.771967, 2.134442, -10.440558)
(13.771967, 2.134442, -10.440558), (13.93765, 2.056301, -10.420932), (13.938221, 1.98256, -10.576033)
(13.771967, 2.134442, -10.440558), (13.771326, 2.209453, -10.283936), (13.93765, 2.056301, -10.420932)
(13.93765, 2.056301, -10.420932), (14.10248, 1.97845, -10.402187), (14.103134, 1.908736, -10.558001)
(13.93765, 2.056301, -10.420932), (13.936964, 2.12763, -10.263901), (14.10248, 1.97845, -10.402187)
(13.436899, 2.369224, -10.32457), (13.604694, 2.290588, -10.304421), (13.60531, 2.211945, -10.460661)
(13.436899, 2.369224, -10.32457), (13.436094, 2.445956, -10.165425), (13.604694, 2.290588, -10.304421)
(13.604694, 2.290588, -10.304421), (13.603953, 2.364765, -10.145412), (13.771326, 2.209453, -10.283936)
(13.604694, 2.290588, -10.304421), (13.771326, 2.209453, -10.283936), (13.771967, 2.134442, -10.440558)
(13.771326, 2.209453, -10.283936), (13.936964, 2.12763, -10.263901), (13.93765, 2.056301, -10.420932)
(13.771326, 2.209453, -10.283936), (13.770618, 2.280821, -10.124969), (13.936964, 2.12763, -10.263901)
(13.936964, 2.12763, -10.263901), (13.936162, 2.195575, -10.104738), (14.101721, 2.046072, -10.244713)
(13.936964, 2.12763, -10.263901), (14.101721, 2.046072, -10.244713), (14.10248, 1.97845, -10.402187)
(13.436094, 2.445956, -10.165425), (13.603953, 2.364765, -10.145412), (13.604694, 2.290588, -10.304421)
(13.436094, 2.445956, -10.165425), (13.435211, 2.516819, -10.003261), (13.603953, 2.364765, -10.145412)
(13.603953, 2.364765, -10.145412), (13.770618, 2.280821, -10.124969), (13.771326, 2.209453, -10.283936)
(13.603953, 2.364765, -10.145412), (13.603107, 2.433652, -9.983627), (13.770618, 2.280821, -10.124969)
(13.770618, 2.280821, -10.124969), (13.936162, 2.195575, -10.104738), (13.936964, 2.12763, -10.263901)
(13.770618, 2.280821, -10.124969), (13.769731, 2.34711, -9.963373), (13.936162, 2.195575, -10.104738)
(13.936162, 2.195575, -10.104738), (14.100843, 2.110728, -10.085383), (14.101721, 2.046072, -10.244713)
(13.936162, 2.195575, -10.104738), (13.935265, 2.259384, -9.943375), (14.100843, 2.110728, -10.085383)
# 14.390167016646675, 0, -10.384233616686664
(14.103742, 1.837706, -10.71232), (14.267946, 1.768509, -10.696159), (14.26835, 1.700906, -10.850134)
(14.103742, 1.837706, -10.71232), (14.103134, 1.908736, -10.558001), (14.267946, 1.768509, -10.696159)
(14.267946, 1.768509, -10.696159), (14.431393, 1.700026, -10.681058), (14.431777, 1.636115, -10.835875)
(14.267946, 1.768509, -10.696159), (14.267248, 1.835547, -10.541011), (14.431393, 1.700026, -10.681058)
(14.431393, 1.700026, -10.681058), (14.594135, 1.632325, -10.667059), (14.594427, 1.571801, -10.822573)
(14.431393, 1.700026, -10.681058), (14.430677, 1.763307, -10.525193), (14.594135, 1.632325, -10.667059)
(14.594135, 1.632325, -10.667059), (14.75626, 1.565341, -10.654137), (14.756454, 1.507898, -10.810211)
(14.594135, 1.632325, -10.667059), (14.593467, 1.692101, -10.510576), (14.75626, 1.565341, -10.654137)
(14.103134, 1.908736, -10.558001), (14.10248, 1.97845, -10.402187), (14.267248, 1.835547, -10.541011)
(14.103134, 1.908736, -10.558001), (14.267248, 1.835547, -10.541011), (14.267946, 1.768509, -10.696159)
(14.267248, 1.835547, -10.541011), (14.266523, 1.901378, -10.384544), (14.430677, 1.763307, -10.525193)
(14.267248, 1.835547, -10.541011), (14.430677, 1.763307, -10.525193), (14.431393, 1.700026, -10.681058)
(14.430677, 1.763307, -10.525193), (14.429869, 1.825399, -10.368132), (14.593467, 1.692101, -10.510576)
(14.430677, 1.763307, -10.525193), (14.593467, 1.692101, -10.510576), (14.594135, 1.632325, -10.667059)
(14.593467, 1.692101, -10.510576), (14.592649, 1.750696, -10.352993), (14.755653, 1.621881, -10.497137)
(14.593467, 1.692101, -10.510576), (14.755653, 1.621881, -10.497137), (14.75626, 1.565341, -10.654137)
(14.10248, 1.97845, -10.402187), (14.266523, 1.901378, -10.384544), (14.267248, 1.835547, -10.541011)
(14.10248, 1.97845, -10.402187), (14.101721, 2.046072, -10.244713), (14.266523, 1.901378, -10.384544)
(14.266523, 1.901378, -10.384544), (14.429869, 1.825399, -10.368132), (14.430677, 1.763307, -10.525193)
(14.266523, 1.901378, -10.384544), (14.265684, 1.965339, -10.226621), (14.429869, 1.825399, -10.368132)
(14.429869, 1.825399, -10.368132), (14.592649, 1.750696, -10.352993), (14.593467, 1.692101, -10.510576)
(14.429869, 1.825399, -10.368132), (14.428928, 1.885735, -10.209772), (14.592649, 1.750696, -10.352993)
(14.592649, 1.750696, -10.352993), (14.754827, 1.677199, -10.339123), (14.755653, 1.621881, -10.497137)
(14.592649, 1.750696, -10.352993), (14.591618, 1.807568, -10.194256), (14.754827, 1.677199, -10.339123)
(14.101721, 2.046072, -10.244713), (14.265684, 1.965339, -10.226621), (14.266523, 1.901378, -10.384544)
(14.101721, 2.046072, -10.244713), (14.100843, 2.110728, -10.085383), (14.265684, 1.965339, -10.226621)
(14.265684, 1.965339, -10.226621), (14.264717, 2.026645, -10.067085), (14.428928, 1.885735, -10.209772)
(14.265684, 1.965339, -10.226621), (14.428928, 1.885735, -10.209772), (14.429869, 1.825399, -10.368132)
(14.428928, 1.885735, -10.209772), (14.42788, 1.943731, -10.050014), (14.591618, 1.807568, -10.194256)
(14.428928, 1.885735, -10.209772), (14.591618, 1.807568, -10.194256), (14.592649, 1.750696, -10.352993)
(14.591618, 1.807568, -10.194256), (14.590436, 1.862217, -10.034283), (14.753769, 1.730841, -10.180055)
(14.591618, 1.807568, -10.194256), (14.753769, 1.730841, -10.180055), (14.754827, 1.677199, -10.339123)
(14.100843, 2.110728, -10.085383), (14.264717, 2.026645, -10.067085), (14.265684, 1.965339, -10.226621)
(14.100843, 2.110728, -10.085383), (14.099883, 2.171756, -9.924132), (14.264717, 2.026645, -10.067085)
(14.264717, 2.026645, -10.067085), (14.42788, 1.943731, -10.050014), (14.428928, 1.885735, -10.209772)
(14.264717, 2.026645, -10.067085), (14.263658, 2.084682, -9.905859), (14.42788, 1.943731, -10.050014)
# 15.05793724998001, 0, -10.384233616686664
(14.75626, 1.565341, -10.654137), (14.917812, 1.498987, -10.642239), (14.917839, 1.444342, -10.798742)
(14.75626, 1.565341, -10.654137), (14.755653, 1.621881, -10.497137), (14.917812, 1.498987, -10.642239)
(14.917812, 1.498987, -10.642239), (15.078716, 1.433061, -10.631287), (15.078572, 1.380998, -10.788111)
(14.917812, 1.498987, -10.642239), (14.91724, 1.552509, -10.48483), (15.078716, 1.433061, -10.631287)
(15.078716, 1.433061, -10.631287), (15.238982, 1.367335, -10.621172), (15.23862, 1.317655, -10.778225)
(15.078716, 1.433061, -10.631287), (15.078289, 1.483832, -10.473555), (15.238982, 1.367335, -10.621172)
(15.238982, 1.367335, -10.621172), (15.398674, 1.301666, -10.611783), (15.398071, 1.254222, -10.768995)
(15.238982, 1.367335, -10.621172), (15.238718, 1.415554, -10.463199), (15.398674, 1.301666, -10.611783)
(14.755653, 1.621881, -10.497137), (14.754827, 1.677199, -10.339123), (14.91724, 1.552509, -10.48483)
(14.755653, 1.621881, -10.497137), (14.91724, 1.552509, -10.48483), (14.917812, 1.498987, -10.642239)
(14.91724, 1.552509, -10.48483), (14.916463, 1.604802, -10.326463), (15.078289, 1.483832, -10.473555)
(14.91724, 1.552509, -10.48483), (15.078289, 1.483832, -10.473555), (15.078716, 1.433061, -10.631287)
(15.078289, 1.483832, -10.473555), (15.077576, 1.533301, -10.314915), (15.238718, 1.415554, -10.463199)
(15.078289, 1.483832, -10.473555), (15.238718, 1.415554, -10.463199), (15.238982, 1.367335, -10.621172)
(15.238718, 1.415554, -10.463199), (15.238155, 1.462465, -10.304359), (15.398635, 1.347568, -10.453646)
(15.238718, 1.415554, -10.463199), (15.398635, 1.347568, -10.453646), (15.398674, 1.301666, -10.611783)
(14.754827, 1.677199, -10.339123), (14.916463, 1.604802, -10.326463), (14.91724, 1.552509, -10.48483)
(14.754827, 1.677199, -10.339123), (14.753769, 1.730841, -10.180055), (14.916463, 1.604802, -10.326463)
(14.916463, 1.604802, -10.326463), (15.077576, 1.533301, -10.314915), (15.078289, 1.483832, -10.473555)
(14.916463, 1.604802, -10.326463), (14.915422, 1.655435, -10.167118), (15.077576, 1.533301, -10.314915)
(15.077576, 1.533301, -10.314915), (15.238155, 1.462465, -10.304359), (15.238718, 1.415554, -10.463199)
(15.077576, 1.533301, -10.314915), (15.076555, 1.581088, -10.155362), (15.238155, 1.462465, -10.304359)
(15.238155, 1.462465, -10.304359), (15.398227, 1.392087, -10.294666), (15.398635, 1.347568, -10.453646)
(15.238155, 1.462465, -10.304359), (15.23723, 1.507653, -10.144652), (15.398227, 1.392087, -10.294666)
(14.753769, 1.730841, -10.180055), (14.915422, 1.655435, -10.167118), (14.916463, 1.604802, -10.326463)
(14.753769, 1.730841, -10.180055), (14.75253, 1.782382, -10.019895), (14.915422, 1.655435, -10.167118)
(14.915422, 1.655435, -10.167118), (14.914154, 1.704028, -10.006799), (15.076555, 1.581088, -10.155362)
(14.915422, 1.655435, -10.167118), (15.076555, 1.581088, -10.155362), (15.077576, 1.533301, -10.314915)
(15.076555, 1.581088, -10.155362), (15.23723, 1.507653, -10.144652), (15.238155, 1.462465, -10.304359)
(15.076555, 1.581088, -10.155362), (15.075313, 1.626945, -9.994911), (15.23723, 1.507653, -10.144652)
(15.23723, 1.507653, -10.144652), (15.236002, 1.550872, -9.984122), (15.397432, 1.434903, -10.134853)
(15.23723, 1.507653, -10.144652), (15.397432, 1.434903, -10.134853), (15.398227, 1.392087, -10.294666)
# 15.725707483313343, 0, -10.384233616686664
(15.398674, 1.301666, -10.611783), (15.557783, 1.23589, -10.603025), (15.556866, 1.19049, -10.760312)
(15.398674, 1.301666, -10.611783), (15.398635, 1.347568, -10.453646), (15.557783, 1.23589, -10.603025)
(15.557783, 1.23589, -10.603025), (15.71615, 1.169624, -10.594738), (15.71494, 1.126229, -10.752067)
(15.557783, 1.23589, -10.603025), (15.557913, 1.279507, -10.444763), (15.71615, 1.169624, -10.594738)
(15.71615, 1.169624, -10.594738), (15.873757, 1.102735, -10.586806), (15.872177, 1.061179, -10.744103)
(15.71615, 1.169624, -10.594738), (15.716566, 1.211237, -10.436426), (15.873757, 1.102735, -10.586806)
(15.873757, 1.102735, -10.586806), (16.030613, 1.035201, -10.579163), (16.028728, 0.995546, -10.736425)
(15.873757, 1.102735, -10.586806), (15.874525, 1.142543, -10.428518), (16.030613, 1.035201, -10.579163)
(16.030613, 1.035201, -10.579163), (16.186695, 0.96702, -10.571726), (16.184469, 0.929191, -10.728903)
(16.030613, 1.035201, -10.579163), (16.031712, 1.073248, -10.420927), (16.186695, 0.96702, -10.571726)
(15.398635, 1.347568, -10.453646), (15.398227, 1.392087, -10.294666), (15.557913, 1.279507, -10.444763)
(15.398635, 1.347568, -10.453646), (15.557913, 1.279507, -10.444763), (15.557783, 1.23589, -10.603025)
(15.557913, 1.279507, -10.444763), (15.557713, 1.321843, -10.285697), (15.716566, 1.211237, -10.436426)
(15.557913, 1.279507, -10.444763), (15.716566, 1.211237, -10.436426), (15.71615, 1.169624, -10.594738)
(15.716566, 1.211237, -10.436426), (15.716579, 1.251505, -10.277328), (15.874525, 1.142543, -10.428518)
(15.716566, 1.211237, -10.436426), (15.874525, 1.142543, -10.428518), (15.873757, 1.102735, -10.586806)
(15.874525, 1.142543, -10.428518), (15.874847, 1.181013, -10.26945), (16.031712, 1.073248, -10.420927)
(15.874525, 1.142543, -10.428518), (16.031712, 1.073248, -10.420927), (16.030613, 1.035201, -10.579163)
(16.031712, 1.073248, -10.420927), (16.032307, 1.109959, -10.261909), (16.188007, 1.003215, -10.413524)
(16.031712, 1.073248, -10.420927), (16.188007, 1.003215, -10.413524), (16.186695, 0.96702, -10.571726)
(15.398227, 1.392087, -10.294666), (15.557713, 1.321843, -10.285697), (15.557913, 1.279507, -10.444763)
(15.398227, 1.392087, -10.294666), (15.397432, 1.434903, -10.134853), (15.557713, 1.321843, -10.285697)
(15.557713, 1.321843, -10.285697), (15.716579, 1.251505, -10.277328), (15.716566, 1.211237, -10.436426)
(15.557713, 1.321843, -10.285697), (15.557108, 1.362525, -10.125834), (15.716579, 1.251505, -10.277328)
(15.716579, 1.251505, -10.277328), (15.874847, 1.181013, -10.26945), (15.874525, 1.142543, -10.428518)
(15.716579, 1.251505, -10.277328), (15.716145, 1.290144, -10.117455), (15.874847, 1.181013, -10.26945)
(15.874847, 1.181013, -10.26945), (16.032307, 1.109959, -10.261909), (16.031712, 1.073248, -10.420927)
(15.874847, 1.181013, -10.26945), (15.874607, 1.217763, -10.109606), (16.032307, 1.109959, -10.261909)
(16.032307, 1.109959, -10.261909), (16.188908, 1.038305, -10.254603), (16.188007, 1.003215, -10.413524)
(16.032307, 1.109959, -10.261909), (16.032349, 1.145094, -10.102142), (16.188908, 1.038305, -10.254603)
(15.397432, 1.434903, -10.134853), (15.557108, 1.362525, -10.125834), (15.557713, 1.321843, -10.285697)
(15.397432, 1.434903, -10.134853), (15.396292, 1.475763, -9.974267), (15.557108, 1.362525, -10.125834)
(15.557108, 1.362525, -10.125834), (15.556088, 1.401229, -9.96523), (15.716145, 1.290144, -10.117455)
(15.557108, 1.362525, -10.125834), (15.716145, 1.290144, -10.117455), (15.716579, 1.251505, -10.277328)
(15.716145, 1.290144, -10.117455), (15.715315, 1.326941, -9.956879), (15.874607, 1.217763, -10.109606)
(15.716145, 1.290144, -10.117455), (15.874607, 1.217763, -10.109606), (15.874847, 1.181013, -10.26945)
(15.874607, 1.217763, -10.109606), (15.873891, 1.252636, -9.949081), (16.032349, 1.145094, -10.102142)
(15.874607, 1.217763, -10.109606), (16.032349, 1.145094, -10.102142), (16.032307, 1.109959, -10.261909)
(16.032349, 1.145094, -10.102142), (16.189268, 1.07199, -10.094961), (16.188908, 1.038305, -10.254603)
(16.032349, 1.145094, -10.102142), (16.031864, 1.178416, -9.941715), (16.189268, 1.07199, -10.094961)
# 16.39347771664668, 0, -10.384233616686664
(16.493168, 0.794502, -10.713974), (16.495884, 0.82851, -10.55696), (16.646185, 0.726797, -10.706529)
(16.493168, 0.794502, -10.713974), (16.646185, 0.726797, -10.706529), (16.642649, 0.693964, -10.862552)
(16.646185, 0.726797, -10.706529), (16.798328, 0.659414, -10.699083), (16.794657, 0.628809, -10.855021)
(16.646185, 0.726797, -10.706529), (16.64909, 0.758871, -10.549616), (16.798328, 0.659414, -10.699083)
(16.186695, 0.96702, -10.571726), (16.341785, 0.898036, -10.564339), (16.339308, 0.862122, -10.721447)
(16.186695, 0.96702, -10.571726), (16.188007, 1.003215, -10.413524), (16.341785, 0.898036, -10.564339)
(16.341785, 0.898036, -10.564339), (16.495884, 0.82851, -10.55696), (16.493168, 0.794502, -10.713974)
(16.341785, 0.898036, -10.564339), (16.343424, 0.932599, -10.406258), (16.495884, 0.82851, -10.55696)
(16.495884, 0.82851, -10.55696), (16.64909, 0.758871, -10.549616), (16.646185, 0.726797, -10.706529)
(16.495884, 0.82851, -10.55696), (16.497795, 0.861426, -10.399012), (16.64909, 0.758871, -10.549616)
(16.64909, 0.758871, -10.549616), (16.801416, 0.689515, -10.542308), (16.798328, 0.659414, -10.699083)
(16.64909, 0.758871, -10.549616), (16.651285, 0.79017, -10.391838), (16.801416, 0.689515, -10.542308)
(16.188007, 1.003215, -10.413524), (16.188908, 1.038305, -10.254603), (16.343424, 0.932599, -10.406258)
(16.188007, 1.003215, -10.413524), (16.343424, 0.932599, -10.406258), (16.341785, 0.898036, -10.564339)
(16.343424, 0.932599, -10.406258), (16.344587, 0.966083, -10.247451), (16.497795, 0.861426, -10.399012)
(16.343424, 0.932599, -10.406258), (16.497795, 0.861426, -10.399012), (16.495884, 0.82851, -10.55696)
(16.497795, 0.861426, -10.399012), (16.499283, 0.893434, -10.240379), (16.651285, 0.79017, -10.391838)
(16.497795, 0.861426, -10.399012), (16.651285, 0.79017, -10.391838), (16.64909, 0.758871, -10.549616)
(16.651285, 0.79017, -10.391838), (16.653027, 0.820681, -10.233383), (16.803759, 0.719171, -10.384673)
(16.651285, 0.79017, -10.391838), (16.803759, 0.719171, -10.384673), (16.801416, 0.689515, -10.542308)
(16.188908, 1.038305, -10.254603), (16.344587, 0.966083, -10.247451), (16.343424, 0.932599, -10.406258)
(16.188908, 1.038305, -10.254603), (16.189268, 1.07199, -10.094961), (16.344587, 0.966083, -10.247451)
(16.344587, 0.966083, -10.247451), (16.499283, 0.893434, -10.240379), (16.497795, 0.861426, -10.399012)
(16.344587, 0.966083, -10.247451), (16.3452, 0.998316, -10.087943), (16.499283, 0.893434, -10.240379)
(16.499283, 0.893434, -10.240379), (16.653027, 0.820681, -10.233383), (16.651285, 0.79017, -10.391838)
(16.499283, 0.893434, -10.240379), (16.50021, 0.924366, -10.081066), (16.653027, 0.820681, -10.233383)
(16.653027, 0.820681, -10.233383), (16.805386, 0.747375, -10.226392), (16.803759, 0.719171, -10.384673)
(16.653027, 0.820681, -10.233383), (16.653971, 0.849705, -10.074259), (16.805386, 0.747375, -10.226392)
(16.189268, 1.07199, -10.094961), (16.189053, 1.103945, -9.934665), (16.3452, 0.998316, -10.087943)
(16.189268, 1.07199, -10.094961), (16.3452, 0.998316, -10.087943), (16.344587, 0.966083, -10.247451)
(16.3452, 0.998316, -10.087943), (16.50021, 0.924366, -10.081066), (16.499283, 0.893434, -10.240379)
(16.3452, 0.998316, -10.087943), (16.345314, 1.029094, -9.92783), (16.50021, 0.924366, -10.081066)
(16.50021, 0.924366, -10.081066), (16.500477, 0.953746, -9.921139), (16.653971, 0.849705, -10.074259)
(16.50021, 0.924366, -10.081066), (16.653971, 0.849705, -10.074259), (16.653027, 0.820681, -10.233383)
(16.653971, 0.849705, -10.074259), (16.805786, 0.773237, -10.06745), (16.805386, 0.747375, -10.226392)
(16.653971, 0.849705, -10.074259), (16.653791, 0.876338, -9.914511), (16.805786, 0.773237, -10.06745)
# 17.061247949980007, 0, -10.384233616686664
(16.798328, 0.659414, -10.699083), (16.801416, 0.689515, -10.542308), (16.949638, 0.592975, -10.691666)
(16.798328, 0.659414, -10.699083), (16.949638, 0.592975, -10.691666), (16.945936, 0.564702, -10.847546)
(16.949638, 0.592975, -10.691666), (17.100214, 0.528328, -10.68432), (17.096586, 0.502408, -10.840176)
(16.949638, 0.592975, -10.691666), (16.952805, 0.621045, -10.535), (17.100214, 0.528328, -10.68432)
(17.100214, 0.528328, -10.68432), (17.103388, 0.554158, -10.527782), (17.250326, 0.466023, -10.677206)
(17.100214, 0.528328, -10.68432), (17.250326, 0.466023, -10.677206), (17.246826, 0.442522, -10.833038)
(17.250326, 0.466023, -10.677206), (17.400112, 0.406869, -10.670381), (17.396816, 0.385839, -10.826208)
(17.250326, 0.466023, -10.677206), (17.253139, 0.489078, -10.520737), (17.400112, 0.406869, -10.670381)
(16.801416, 0.689515, -10.542308), (16.952805, 0.621045, -10.535), (16.949638, 0.592975, -10.691666)
(16.801416, 0.689515, -10.542308), (16.803759, 0.719171, -10.384673), (16.952805, 0.621045, -10.535)
(16.952805, 0.621045, -10.535), (17.103388, 0.554158, -10.527782), (17.100214, 0.528328, -10.68432)
(16.952805, 0.621045, -10.535), (16.955114, 0.648494, -10.377551), (17.103388, 0.554158, -10.527782)
(17.103388, 0.554158, -10.527782), (17.253139, 0.489078, -10.520737), (17.250326, 0.466023, -10.677206)
(17.103388, 0.554158, -10.527782), (17.10519, 0.578277, -10.370488), (17.253139, 0.489078, -10.520737)
(17.253139, 0.489078, -10.520737), (17.402367, 0.426722, -10.513963), (17.400112, 0.406869, -10.670381)
(17.253139, 0.489078, -10.520737), (17.254349, 0.509854, -10.363573), (17.402367, 0.426722, -10.513963)
(16.803759, 0.719171, -10.384673), (16.805386, 0.747375, -10.226392), (16.955114, 0.648494, -10.377551)
(16.803759, 0.719171, -10.384673), (16.955114, 0.648494, -10.377551), (16.952805, 0.621045, -10.535)
(16.955114, 0.648494, -10.377551), (16.956093, 0.673354, -10.219416), (17.10519, 0.578277, -10.370488)
(16.955114, 0.648494, -10.377551), (17.10519, 0.578277, -10.370488), (17.103388, 0.554158, -10.527782)
(17.10519, 0.578277, -10.370488), (17.10561, 0.599843, -10.212534), (17.254349, 0.509854, -10.363573)
(17.10519, 0.578277, -10.370488), (17.254349, 0.509854, -10.363573), (17.253139, 0.489078, -10.520737)
(17.254349, 0.509854, -10.363573), (17.254208, 0.52835, -10.205791), (17.402996, 0.444598, -10.356913)
(17.254349, 0.509854, -10.363573), (17.402996, 0.444598, -10.356913), (17.402367, 0.426722, -10.513963)
(16.805386, 0.747375, -10.226392), (16.956093, 0.673354, -10.219416), (16.955114, 0.648494, -10.377551)
(16.805386, 0.747375, -10.226392), (16.805786, 0.773237, -10.06745), (16.956093, 0.673354, -10.219416)
(16.956093, 0.673354, -10.219416), (17.10561, 0.599843, -10.212534), (17.10519, 0.578277, -10.370488)
(16.956093, 0.673354, -10.219416), (16.955902, 0.69614, -10.060655), (17.10561, 0.599843, -10.212534)
(17.10561, 0.599843, -10.212534), (17.254208, 0.52835, -10.205791), (17.254349, 0.509854, -10.363573)
(17.10561, 0.599843, -10.212534), (17.104853, 0.619714, -10.053976), (17.254208, 0.52835, -10.205791)
(17.254208, 0.52835, -10.205791), (17.402365, 0.460166, -10.199305), (17.402996, 0.444598, -10.356913)
(17.254208, 0.52835, -10.205791), (17.252991, 0.545355, -10.047462), (17.402365, 0.460166, -10.199305)
(16.805786, 0.773237, -10.06745), (16.805124, 0.79709, -9.907906), (16.955902, 0.69614, -10.060655)
(16.805786, 0.773237, -10.06745), (16.955902, 0.69614, -10.060655), (16.956093, 0.673354, -10.219416)
(16.955902, 0.69614, -10.060655), (16.9548, 0.71726, -9.901348), (17.104853, 0.619714, -10.053976)
(16.955902, 0.69614, -10.060655), (17.104853, 0.619714, -10.053976), (17.10561, 0.599843, -10.212534)
(17.104853, 0.619714, -10.053976), (17.103216, 0.638253, -9.894903), (17.252991, 0.545355, -10.047462)
(17.104853, 0.619714, -10.053976), (17.252991, 0.545355, -10.047462), (17.254208, 0.52835, -10.205791)
# 17.729018183313343, 0, -10.384233616686664
(17.400112, 0.406869, -10.670381), (17.402367, 0.426722, -10.513963), (17.549723, 0.351487, -10.663937)
(17.400112, 0.406869, -10.670381), (17.549723, 0.351487, -10.663937), (17.546747, 0.332952, -10.819786)
(17.549723, 0.351487, -10.663937), (17.699402, 0.300571, -10.657968), (17.6968, 0.284241, -10.813848)
(17.549723, 0.351487, -10.663937), (17.551407, 0.368389, -10.507547), (17.699402, 0.300571, -10.657968)
(17.699402, 0.300571, -10.657968), (17.700617, 0.314783, -10.501606), (17.849394, 0.254329, -10.652542)
(17.699402, 0.300571, -10.657968), (17.849394, 0.254329, -10.652542), (17.847151, 0.240272, -10.808463)
(17.849394, 0.254329, -10.652542), (17.999722, 0.211978, -10.647406), (17.99765, 0.197961, -10.803183)
(17.849394, 0.254329, -10.652542), (17.85026, 0.266382, -10.496206), (17.999722, 0.211978, -10.647406)
(17.999722, 0.211978, -10.647406), (18.000448, 0.22292, -10.49128), (18.14999, 0.167133, -10.641666)
(17.999722, 0.211978, -10.647406), (18.14999, 0.167133, -10.641666), (18.147936, 0.149237, -10.797422)
(17.402367, 0.426722, -10.513963), (17.551407, 0.368389, -10.507547), (17.549723, 0.351487, -10.663937)
(17.402367, 0.426722, -10.513963), (17.402996, 0.444598, -10.356913), (17.551407, 0.368389, -10.507547)
(17.551407, 0.368389, -10.507547), (17.700617, 0.314783, -10.501606), (17.699402, 0.300571, -10.657968)
(17.551407, 0.368389, -10.507547), (17.551575, 0.383389, -10.350618), (17.700617, 0.314783, -10.501606)
(17.700617, 0.314783, -10.501606), (17.85026, 0.266382, -10.496206), (17.849394, 0.254329, -10.652542)
(17.700617, 0.314783, -10.501606), (17.700401, 0.327155, -10.34478), (17.85026, 0.266382, -10.496206)
(17.85026, 0.266382, -10.496206), (18.000448, 0.22292, -10.49128), (17.999722, 0.211978, -10.647406)
(17.85026, 0.266382, -10.496206), (17.849749, 0.276558, -10.339464), (18.000448, 0.22292, -10.49128)
(18.000448, 0.22292, -10.49128), (18.150812, 0.180164, -10.485673), (18.14999, 0.167133, -10.641666)
(18.000448, 0.22292, -10.49128), (17.999828, 0.231939, -10.334732), (18.150812, 0.180164, -10.485673)
(17.402996, 0.444598, -10.356913), (17.402365, 0.460166, -10.199305), (17.551575, 0.383389, -10.350618)
(17.402996, 0.444598, -10.356913), (17.551575, 0.383389, -10.350618), (17.551407, 0.368389, -10.507547)
(17.551575, 0.383389, -10.350618), (17.550508, 0.396386, -10.193181), (17.700401, 0.327155, -10.34478)
(17.551575, 0.383389, -10.350618), (17.700401, 0.327155, -10.34478), (17.700617, 0.314783, -10.501606)
(17.700401, 0.327155, -10.34478), (17.698996, 0.337681, -10.1875), (17.849749, 0.276558, -10.339464)
(17.700401, 0.327155, -10.34478), (17.849749, 0.276558, -10.339464), (17.85026, 0.266382, -10.496206)
(17.849749, 0.276558, -10.339464), (17.848103, 0.285111, -10.182333), (17.999828, 0.231939, -10.334732)
(17.849749, 0.276558, -10.339464), (17.999828, 0.231939, -10.334732), (18.000448, 0.22292, -10.49128)
(17.999828, 0.231939, -10.334732), (17.998055, 0.23878, -10.177731), (18.150291, 0.189193, -10.329441)
(17.999828, 0.231939, -10.334732), (18.150291, 0.189193, -10.329441), (18.150812, 0.180164, -10.485673)
(17.402365, 0.460166, -10.199305), (17.550508, 0.396386, -10.193181), (17.551575, 0.383389, -10.350618)
(17.402365, 0.460166, -10.199305), (17.40074, 0.474409, -10.041207), (17.550508, 0.396386, -10.193181)
(17.550508, 0.396386, -10.193181), (17.698996, 0.337681, -10.1875), (17.700401, 0.327155, -10.34478)
(17.550508, 0.396386, -10.193181), (17.5485, 0.408233, -10.035301), (17.698996, 0.337681, -10.1875)
(17.698996, 0.337681, -10.1875), (17.848103, 0.285111, -10.182333), (17.849749, 0.276558, -10.339464)
(17.698996, 0.337681, -10.1875), (17.696693, 0.347416, -10.029836), (17.848103, 0.285111, -10.182333)
(17.848103, 0.285111, -10.182333), (17.998055, 0.23878, -10.177731), (17.999828, 0.231939, -10.334732)
(17.848103, 0.285111, -10.182333), (17.845613, 0.292782, -10.024862), (17.998055, 0.23878, -10.177731)
(17.998055, 0.23878, -10.177731), (18.148685, 0.196151, -10.172912), (18.150291, 0.189193, -10.329441)
(17.998055, 0.23878, -10.177731), (17.99548, 0.24473, -10.020432), (18.148685, 0.196151, -10.172912)
# 18.39678841664667, 0, -10.384233616686664
(18.14999, 0.167133, -10.641666), (18.299843, 0.111422, -10.634245), (18.29775, 0.088292, -10.790048)
(18.14999, 0.167133, -10.641666), (18.150812, 0.180164, -10.485673), (18.299843, 0.111422, -10.634245)
(18.299843, 0.111422, -10.634245), (18.301001, 0.130264, -10.478485), (18.449207, 0.042106, -10.624594)
(18.299843, 0.111422, -10.634245), (18.449207, 0.042106, -10.624594), (18.447178, 0.014829, -10.780693)
(18.449207, 0.042106, -10.624594), (18.598349, -0.037474, -10.612986), (18.596403, -0.068077, -10.769566)
(18.449207, 0.042106, -10.624594), (18.450788, 0.066722, -10.468806), (18.598349, -0.037474, -10.612986)
(18.598349, -0.037474, -10.612986), (18.600271, -0.007292, -10.457146), (18.747623, -0.121473, -10.600418)
(18.598349, -0.037474, -10.612986), (18.747623, -0.121473, -10.600418), (18.745775, -0.154828, -10.757515)
(18.150812, 0.180164, -10.485673), (18.301001, 0.130264, -10.478485), (18.299843, 0.111422, -10.634245)
(18.150812, 0.180164, -10.485673), (18.150291, 0.189193, -10.329441), (18.301001, 0.130264, -10.478485)
(18.301001, 0.130264, -10.478485), (18.450788, 0.066722, -10.468806), (18.449207, 0.042106, -10.624594)
(18.301001, 0.130264, -10.478485), (18.300823, 0.143707, -10.322639), (18.450788, 0.066722, -10.468806)
(18.450788, 0.066722, -10.468806), (18.600271, -0.007292, -10.457146), (18.598349, -0.037474, -10.612986)
(18.450788, 0.066722, -10.468806), (18.451145, 0.08681, -10.313334), (18.600271, -0.007292, -10.457146)
(18.600271, -0.007292, -10.457146), (18.749496, -0.088458, -10.444121), (18.747623, -0.121473, -10.600418)
(18.600271, -0.007292, -10.457146), (18.601189, 0.018418, -10.301746), (18.749496, -0.088458, -10.444121)
(18.150291, 0.189193, -10.329441), (18.148685, 0.196151, -10.172912), (18.300823, 0.143707, -10.322639)
(18.150291, 0.189193, -10.329441), (18.300823, 0.143707, -10.322639), (18.301001, 0.130264, -10.478485)
(18.300823, 0.143707, -10.322639), (18.299557, 0.152491, -10.166644), (18.451145, 0.08681, -10.313334)
(18.300823, 0.143707, -10.322639), (18.451145, 0.08681, -10.313334), (18.450788, 0.066722, -10.468806)
(18.451145, 0.08681, -10.313334), (18.450409, 0.101375, -10.157939), (18.601189, 0.018418, -10.301746)
(18.451145, 0.08681, -10.313334), (18.601189, 0.018418, -10.301746), (18.600271, -0.007292, -10.457146)
(18.601189, 0.018418, -10.301746), (18.601027, 0.038816, -10.146715), (18.751009, -0.0578, -10.28864)
(18.601189, 0.018418, -10.301746), (18.751009, -0.0578, -10.28864), (18.749496, -0.088458, -10.444121)
(18.148685, 0.196151, -10.172912), (18.299557, 0.152491, -10.166644), (18.300823, 0.143707, -10.322639)
(18.148685, 0.196151, -10.172912), (18.146236, 0.201666, -10.015998), (18.299557, 0.152491, -10.166644)
(18.299557, 0.152491, -10.166644), (18.450409, 0.101375, -10.157939), (18.451145, 0.08681, -10.313334)
(18.299557, 0.152491, -10.166644), (18.297518, 0.159113, -10.010419), (18.450409, 0.101375, -10.157939)
(18.450409, 0.101375, -10.157939), (18.601027, 0.038816, -10.146715), (18.601189, 0.018418, -10.301746)
(18.450409, 0.101375, -10.157939), (18.448833, 0.111315, -10.00244), (18.601027, 0.038816, -10.146715)
(18.601027, 0.038816, -10.146715), (18.751459, -0.032085, -10.133818), (18.751009, -0.0578, -10.28864)
(18.601027, 0.038816, -10.146715), (18.600023, 0.053988, -9.991882), (18.751459, -0.032085, -10.133818)
# 19.064558649980007, 0, -10.384233616686664
(18.747623, -0.121473, -10.600418), (18.897301, -0.205179, -10.587687), (18.895657, -0.239315, -10.745591)
(18.747623, -0.121473, -10.600418), (18.749496, -0.088458, -10.444121), (18.897301, -0.205179, -10.587687)
(18.897301, -0.205179, -10.587687), (18.898977, -0.170704, -10.430792), (19.047684, -0.283066, -10.575802)
(18.897301, -0.205179, -10.587687), (19.047684, -0.283066, -10.575802), (19.046349, -0.316328, -10.734662)
(19.047684, -0.283066, -10.575802), (19.199112, -0.349738, -10.565754), (19.198095, -0.381411, -10.725493)
(19.047684, -0.283066, -10.575802), (19.049141, -0.248128, -10.418255), (19.199112, -0.349738, -10.565754)
(19.199112, -0.349738, -10.565754), (19.200249, -0.315955, -10.407448), (19.351831, -0.400892, -10.558317)
(19.199112, -0.349738, -10.565754), (19.351831, -0.400892, -10.558317), (19.351122, -0.430422, -10.718809)
(19.351831, -0.400892, -10.558317), (19.505962, -0.433589, -10.55401), (19.505552, -0.460481, -10.715084)
(19.351831, -0.400892, -10.558317), (19.352617, -0.369292, -10.399255), (19.505962, -0.433589, -10.55401)
(18.749496, -0.088458, -10.444121), (18.898977, -0.170704, -10.430792), (18.897301, -0.205179, -10.587687)
(18.749496, -0.088458, -10.444121), (18.751009, -0.0578, -10.28864), (18.898977, -0.170704, -10.430792)
(18.898977, -0.170704, -10.430792), (19.049141, -0.248128, -10.418255), (19.047684, -0.283066, -10.575802)
(18.898977, -0.170704, -10.430792), (18.900696, -0.137104, -10.275041), (19.049141, -0.248128, -10.418255)
(19.049141, -0.248128, -10.418255), (19.200249, -0.315955, -10.407448), (19.199112, -0.349738, -10.565754)
(19.049141, -0.248128, -10.418255), (19.050568, -0.2144, -10.261964), (19.200249, -0.315955, -10.407448)
(19.200249, -0.315955, -10.407448), (19.352617, -0.369292, -10.399255), (19.351831, -0.400892, -10.558317)
(19.200249, -0.315955, -10.407448), (19.201378, -0.282906, -10.250578), (19.352617, -0.369292, -10.399255)
(19.352617, -0.369292, -10.399255), (19.506407, -0.40464, -10.394353), (19.505962, -0.433589, -10.55401)
(19.352617, -0.369292, -10.399255), (19.353411, -0.33783, -10.2418), (19.506407, -0.40464, -10.394353)
(18.751009, -0.0578, -10.28864), (18.751459, -0.032085, -10.133818), (18.900696, -0.137104, -10.275041)
(18.751009, -0.0578, -10.28864), (18.900696, -0.137104, -10.275041), (18.898977, -0.170704, -10.430792)
(18.900696, -0.137104, -10.275041), (18.90173, -0.10758, -10.120191), (19.050568, -0.2144, -10.261964)
(18.900696, -0.137104, -10.275041), (19.050568, -0.2144, -10.261964), (19.049141, -0.248128, -10.418255)
(19.050568, -0.2144, -10.261964), (19.051954, -0.182305, -10.106995), (19.201378, -0.282906, -10.250578)
(19.050568, -0.2144, -10.261964), (19.201378, -0.282906, -10.250578), (19.200249, -0.315955, -10.407448)
(19.201378, -0.282906, -10.250578), (19.202492, -0.250982, -10.095302), (19.353411, -0.33783, -10.2418)
(19.201378, -0.282906, -10.250578), (19.353411, -0.33783, -10.2418), (19.352617, -0.369292, -10.399255)
(19.353411, -0.33783, -10.2418), (19.354174, -0.307469, -10.086106), (19.506876, -0.375488, -10.23637)
(19.353411, -0.33783, -10.2418), (19.506876, -0.375488, -10.23637), (19.506407, -0.40464, -10.394353)
(18.751459, -0.032085, -10.133818), (18.90173, -0.10758, -10.120191), (18.900696, -0.137104, -10.275041)
(18.751459, -0.032085, -10.133818), (18.751017, -0.012233, -9.979427), (18.90173, -0.10758, -10.120191)
(18.90173, -0.10758, -10.120191), (19.051954, -0.182305, -10.106995), (19.050568, -0.2144, -10.261964)
(18.90173, -0.10758, -10.120191), (18.901903, -0.083371, -9.96616), (19.051954, -0.182305, -10.106995)
(19.051954, -0.182305, -10.106995), (19.202492, -0.250982, -10.095302), (19.201378, -0.282906, -10.250578)
(19.051954, -0.182305, -10.106995), (19.05266, -0.155454, -9.953113), (19.202492, -0.250982, -10.095302)
(19.202492, -0.250982, -10.095302), (19.354174, -0.307469, -10.086106), (19.353411, -0.33783, -10.2418)
(19.202492, -0.250982, -10.095302), (19.2034, -0.223181, -9.941396), (19.354174, -0.307469, -10.086106)
(19.354174, -0.307469, -10.086106), (19.507263, -0.347545, -10.080238), (19.506876, -0.375488, -10.23637)
(19.354174, -0.307469, -10.086106), (19.354778, -0.280519, -9.932055), (19.507263, -0.347545, -10.080238)
# 19.732328883313336, 0, -10.384233616686664
(19.818459, -0.45981, -10.717157), (19.97666, -0.430223, -10.722699), (19.977001, -0.443796, -10.885053)
(19.818459, -0.45981, -10.717157), (19.818436, -0.438188, -10.555731), (19.97666, -0.430223, -10.722699)
(19.505552, -0.460481, -10.715084), (19.661367, -0.470331, -10.714529), (19.661375, -0.489609, -10.877254)
(19.505552, -0.460481, -10.715084), (19.505962, -0.433589, -10.55401), (19.661367, -0.470331, -10.714529)
(19.661367, -0.470331, -10.714529), (19.818459, -0.45981, -10.717157), (19.818687, -0.475875, -10.879879)
(19.661367, -0.470331, -10.714529), (19.66152, -0.446163, -10.553132), (19.818459, -0.45981, -10.717157)
(19.818436, -0.438188, -10.555731), (19.81839, -0.414927, -10.395642), (19.976517, -0.411257, -10.561515)
(19.818436, -0.438188, -10.555731), (19.976517, -0.411257, -10.561515), (19.97666, -0.430223, -10.722699)
(19.505962, -0.433589, -10.55401), (19.506407, -0.40464, -10.394353), (19.66152, -0.446163, -10.553132)
(19.505962, -0.433589, -10.55401), (19.66152, -0.446163, -10.553132), (19.661367, -0.470331, -10.714529)
(19.66152, -0.446163, -10.553132), (19.818436, -0.438188, -10.555731), (19.818459, -0.45981, -10.717157)
(19.66152, -0.446163, -10.553132), (19.66169, -0.419938, -10.393137), (19.818436, -0.438188, -10.555731)
(19.81839, -0.414927, -10.395642), (19.976326, -0.391026, -10.401537), (19.976517, -0.411257, -10.561515)
(19.81839, -0.414927, -10.395642), (19.818371, -0.390888, -10.237165), (19.976326, -0.391026, -10.401537)
(19.506407, -0.40464, -10.394353), (19.66169, -0.419938, -10.393137), (19.66152, -0.446163, -10.553132)
(19.506407, -0.40464, -10.394353), (19.506876, -0.375488, -10.23637), (19.66169, -0.419938, -10.393137)
(19.66169, -0.419938, -10.393137), (19.81839, -0.414927, -10.395642), (19.818436, -0.438188, -10.555731)
(19.66169, -0.419938, -10.393137), (19.661871, -0.393366, -10.234816), (19.81839, -0.414927, -10.395642)
(19.818371, -0.390888, -10.237165), (19.81819, -0.368715, -10.080349), (19.976168, -0.369588, -10.243057)
(19.818371, -0.390888, -10.237165), (19.976168, -0.369588, -10.243057), (19.976326, -0.391026, -10.401537)
(19.506876, -0.375488, -10.23637), (19.507263, -0.347545, -10.080238), (19.661871, -0.393366, -10.234816)
(19.506876, -0.375488, -10.23637), (19.661871, -0.393366, -10.234816), (19.66169, -0.419938, -10.393137)
(19.661871, -0.393366, -10.234816), (19.661947, -0.368185, -10.078287), (19.818371, -0.390888, -10.237165)
(19.661871, -0.393366, -10.234816), (19.818371, -0.390888, -10.237165), (19.81839, -0.414927, -10.395642)
(19.81819, -0.368715, -10.080349), (19.9758, -0.350595, -10.086073), (19.976168, -0.369588, -10.243057)
(19.81819, -0.368715, -10.080349), (19.817877, -0.349244, -9.925263), (19.9758, -0.350595, -10.086073)
(19.507263, -0.347545, -10.080238), (19.661947, -0.368185, -10.078287), (19.661871, -0.393366, -10.234816)
(19.507263, -0.347545, -10.080238), (19.507566, -0.322328, -9.925927), (19.661947, -0.368185, -10.078287)
(19.661947, -0.368185, -10.078287), (19.81819, -0.368715, -10.080349), (19.818371, -0.390888, -10.237165)
(19.661947, -0.368185, -10.078287), (19.661919, -0.345693, -9.923598), (19.81819, -0.368715, -10.080349)
