# 10.383545616646671, 0, -1.0354503500199972
(10.061818, 1.849642, -1.26211), (10.223358, 1.887951, -1.252865), (10.212726, 1.915506, -1.406153)
(10.061818, 1.849642, -1.26211), (10.073687, 1.818639, -1.10949), (10.223358, 1.887951, -1.252865)
(10.223358, 1.887951, -1.252865), (10.385505, 1.922242, -1.243437), (10.375525, 1.94732, -1.397081)
(10.223358, 1.887951, -1.252865), (10.234745, 1.858943, -1.09992), (10.385505, 1.922242, -1.243437)
(10.385505, 1.922242, -1.243437), (10.548143, 1.952574, -1.233888), (10.539005, 1.974564, -1.387906)
(10.385505, 1.922242, -1.243437), (10.396244, 1.89576, -1.090137), (10.548143, 1.952574, -1.233888)
(10.548143, 1.952574, -1.233888), (10.711179, 1.978985, -1.224298), (10.702916, 1.997906, -1.378679)
(10.548143, 1.952574, -1.233888), (10.558168, 1.928712, -1.080222), (10.711179, 1.978985, -1.224298)
(10.711179, 1.978985, -1.224298), (10.874537, 2.001501, -1.214762), (10.867125, 2.017643, -1.369471)
(10.711179, 1.978985, -1.224298), (10.720396, 1.958, -1.070251), (10.874537, 2.001501, -1.214762)
(10.073687, 1.818639, -1.10949), (10.086149, 1.786755, -0.957119), (10.234745, 1.858943, -1.09992)
(10.073687, 1.818639, -1.10949), (10.234745, 1.858943, -1.09992), (10.223358, 1.887951, -1.252865)
(10.234745, 1.858943, -1.09992), (10.396244, 1.89576, -1.090137), (10.385505, 1.922242, -1.243437)
(10.234745, 1.858943, -1.09992), (10.246824, 1.828607, -0.947274), (10.396244, 1.89576, -1.090137)
(10.396244, 1.89576, -1.090137), (10.407822, 1.867313, -0.937183), (10.558168, 1.928712, -1.080222)
(10.396244, 1.89576, -1.090137), (10.558168, 1.928712, -1.080222), (10.548143, 1.952574, -1.233888)
(10.558168, 1.928712, -1.080222), (10.569113, 1.902573, -0.92692), (10.720396, 1.958, -1.070251)
(10.558168, 1.928712, -1.080222), (10.720396, 1.958, -1.070251), (10.711179, 1.978985, -1.224298)
(10.086149, 1.786755, -0.957119), (10.246824, 1.828607, -0.947274), (10.234745, 1.858943, -1.09992)
(10.086149, 1.786755, -0.957119), (10.098981, 1.754781, -0.804921), (10.246824, 1.828607, -0.947274)
(10.246824, 1.828607, -0.947274), (10.407822, 1.867313, -0.937183), (10.396244, 1.89576, -1.090137)
(10.246824, 1.828607, -0.947274), (10.259419, 1.797556, -0.794859), (10.407822, 1.867313, -0.937183)
(10.407822, 1.867313, -0.937183), (10.569113, 1.902573, -0.92692), (10.558168, 1.928712, -1.080222)
(10.407822, 1.867313, -0.937183), (10.420056, 1.837513, -0.784506), (10.569113, 1.902573, -0.92692)
(10.569113, 1.902573, -0.92692), (10.730684, 1.934029, -0.916597), (10.720396, 1.958, -1.070251)
(10.569113, 1.902573, -0.92692), (10.580875, 1.874274, -0.773945), (10.730684, 1.934029, -0.916597)
(10.098981, 1.754781, -0.804921), (10.112036, 1.72322, -0.652803), (10.259419, 1.797556, -0.794859)
(10.098981, 1.754781, -0.804921), (10.259419, 1.797556, -0.794859), (10.246824, 1.828607, -0.947274)
(10.259419, 1.797556, -0.794859), (10.272384, 1.766254, -0.642582), (10.420056, 1.837513, -0.784506)
(10.259419, 1.797556, -0.794859), (10.420056, 1.837513, -0.784506), (10.407822, 1.867313, -0.937183)
(10.420056, 1.837513, -0.784506), (10.432798, 1.806749, -0.632026), (10.580875, 1.874274, -0.773945)
(10.420056, 1.837513, -0.784506), (10.580875, 1.874274, -0.773945), (10.569113, 1.902573, -0.92692)
(10.580875, 1.874274, -0.773945), (10.593245, 1.844537, -0.621219), (10.741815, 1.907823, -0.763276)
(10.580875, 1.874274, -0.773945), (10.741815, 1.907823, -0.763276), (10.730684, 1.934029, -0.916597)
# 11.051315849980007, 0, -1.0354503500199972
(11.031679, 2.033322, -1.360425), (11.038276, 2.019561, -1.205447), (11.196545, 2.044943, -1.351686)
(11.031679, 2.033322, -1.360425), (11.196545, 2.044943, -1.351686), (11.19184, 2.05476, -1.50707)
(11.196545, 2.044943, -1.351686), (11.202245, 2.033692, -1.196447), (11.361462, 2.053529, -1.343306)
(11.196545, 2.044943, -1.351686), (11.361462, 2.053529, -1.343306), (11.357471, 2.06217, -1.498763)
(11.361462, 2.053529, -1.343306), (11.366362, 2.044103, -1.187885), (11.526321, 2.059527, -1.33538)
(11.361462, 2.053529, -1.343306), (11.526321, 2.059527, -1.33538), (11.522914, 2.067871, -1.490799)
(10.874537, 2.001501, -1.214762), (11.038276, 2.019561, -1.205447), (11.031679, 2.033322, -1.360425)
(10.874537, 2.001501, -1.214762), (10.882917, 1.983354, -1.060342), (11.038276, 2.019561, -1.205447)
(11.038276, 2.019561, -1.205447), (11.202245, 2.033692, -1.196447), (11.196545, 2.044943, -1.351686)
(11.038276, 2.019561, -1.205447), (11.045732, 2.004498, -1.050639), (11.202245, 2.033692, -1.196447)
(11.202245, 2.033692, -1.196447), (11.366362, 2.044103, -1.187885), (11.361462, 2.053529, -1.343306)
(11.202245, 2.033692, -1.196447), (11.208854, 2.021072, -1.041322), (11.366362, 2.044103, -1.187885)
(11.366362, 2.044103, -1.187885), (11.530561, 2.050982, -1.179898), (11.526321, 2.059527, -1.33538)
(11.366362, 2.044103, -1.187885), (11.372138, 2.033639, -1.032488), (11.530561, 2.050982, -1.179898)
(10.720396, 1.958, -1.070251), (10.730684, 1.934029, -0.916597), (10.882917, 1.983354, -1.060342)
(10.720396, 1.958, -1.070251), (10.882917, 1.983354, -1.060342), (10.874537, 2.001501, -1.214762)
(10.882917, 1.983354, -1.060342), (11.045732, 2.004498, -1.050639), (11.038276, 2.019561, -1.205447)
(10.882917, 1.983354, -1.060342), (10.892384, 1.962227, -0.906291), (11.045732, 2.004498, -1.050639)
(11.045732, 2.004498, -1.050639), (11.05432, 1.986324, -0.896178), (11.208854, 2.021072, -1.041322)
(11.045732, 2.004498, -1.050639), (11.208854, 2.021072, -1.041322), (11.202245, 2.033692, -1.196447)
(11.208854, 2.021072, -1.041322), (11.216515, 2.00592, -0.886441), (11.372138, 2.033639, -1.032488)
(11.208854, 2.021072, -1.041322), (11.372138, 2.033639, -1.032488), (11.366362, 2.044103, -1.187885)
(11.372138, 2.033639, -1.032488), (11.379004, 2.020536, -0.877301), (11.535602, 2.041931, -1.024327)
(11.372138, 2.033639, -1.032488), (11.535602, 2.041931, -1.024327), (11.530561, 2.050982, -1.179898)
(10.730684, 1.934029, -0.916597), (10.892384, 1.962227, -0.906291), (10.882917, 1.983354, -1.060342)
(10.730684, 1.934029, -0.916597), (10.741815, 1.907823, -0.763276), (10.892384, 1.962227, -0.906291)
(10.892384, 1.962227, -0.906291), (11.05432, 1.986324, -0.896178), (11.045732, 2.004498, -1.050639)
(10.892384, 1.962227, -0.906291), (10.902829, 1.938199, -0.752606), (11.05432, 1.986324, -0.896178)
(11.05432, 1.986324, -0.896178), (11.216515, 2.00592, -0.886441), (11.208854, 2.021072, -1.041322)
(11.05432, 1.986324, -0.896178), (11.063976, 1.964819, -0.742092), (11.216515, 2.00592, -0.886441)
(11.216515, 2.00592, -0.886441), (11.379004, 2.020536, -0.877301), (11.372138, 2.033639, -1.032488)
(11.216515, 2.00592, -0.886441), (11.22534, 1.986917, -0.731953), (11.379004, 2.020536, -0.877301)
(11.379004, 2.020536, -0.877301), (11.541606, 2.031079, -0.86882), (11.535602, 2.041931, -1.024327)
(11.379004, 2.020536, -0.877301), (11.386881, 2.004585, -0.722348), (11.541606, 2.031079, -0.86882)
(10.741815, 1.907823, -0.763276), (10.753697, 1.879387, -0.610262), (10.902829, 1.938199, -0.752606)
(10.741815, 1.907823, -0.763276), (10.902829, 1.938199, -0.752606), (10.892384, 1.962227, -0.906291)
(10.902829, 1.938199, -0.752606), (10.914127, 1.911356, -0.59927), (11.063976, 1.964819, -0.742092)
(10.902829, 1.938199, -0.752606), (11.063976, 1.964819, -0.742092), (11.05432, 1.986324, -0.896178)
(11.063976, 1.964819, -0.742092), (11.074604, 1.939774, -0.588408), (11.22534, 1.986917, -0.731953)
(11.063976, 1.964819, -0.742092), (11.22534, 1.986917, -0.731953), (11.216515, 2.00592, -0.886441)
(11.22534, 1.986917, -0.731953), (11.235149, 1.96435, -0.577843), (11.386881, 2.004585, -0.722348)
(11.22534, 1.986917, -0.731953), (11.386881, 2.004585, -0.722348), (11.379004, 2.020536, -0.877301)
# 11.71908608331334, 0, -1.0354503500199972
(11.955853, 2.387469, -1.353055), (12.016975, 2.380257, -1.273742), (11.995185, 2.38747, -1.383926)
(11.955853, 2.387469, -1.353055), (11.936408, 2.37795, -1.338608), (11.997427, 2.37074, -1.259434)
(11.955853, 2.387469, -1.353055), (11.995185, 2.38747, -1.383926), (11.933117, 2.394153, -1.462912)
(11.955853, 2.387469, -1.353055), (11.893972, 2.394152, -1.431803), (11.936408, 2.37795, -1.338608)
(11.628489, 2.400063, -1.346738), (11.653358, 1.597513, -1.429196), (11.714148, 1.591765, -1.354477)
(11.628489, 2.400063, -1.346738), (11.56653, 2.405981, -1.423404), (11.653358, 1.597513, -1.429196)
(11.936408, 2.37795, -1.338608), (11.815639, 2.377947, -1.243817), (11.876106, 2.370735, -1.165351)
(11.936408, 2.37795, -1.338608), (11.874634, 2.384631, -1.417215), (11.815639, 2.377947, -1.243817)
(11.526321, 2.059527, -1.33538), (11.530561, 2.050982, -1.179898), (11.691114, 2.063056, -1.328063)
(11.526321, 2.059527, -1.33538), (11.691114, 2.063056, -1.328063), (11.688154, 2.07213, -1.483315)
(11.691114, 2.063056, -1.328063), (11.694807, 2.054455, -1.172651), (11.855702, 2.064845, -1.321432)
(11.691114, 2.063056, -1.328063), (11.855702, 2.064845, -1.321432), (11.853071, 2.075556, -1.476388)
(11.754437, 2.384629, -1.321701), (11.736307, 2.394149, -1.306516), (11.79744, 2.387465, -1.228716)
(11.754437, 2.384629, -1.321701), (11.692171, 2.390543, -1.398733), (11.736307, 2.394149, -1.306516)
(11.855702, 2.064845, -1.321432), (11.858932, 2.055324, -1.166193), (12.019926, 2.065531, -1.315504)
(11.855702, 2.064845, -1.321432), (12.019926, 2.065531, -1.315504), (12.017557, 2.078703, -1.470084)
(12.019926, 2.065531, -1.315504), (12.022796, 2.054178, -1.160563), (12.183693, 2.06549, -1.310304)
(12.019926, 2.065531, -1.315504), (12.183693, 2.06549, -1.310304), (12.181536, 2.081713, -1.464413)
(11.736307, 2.394149, -1.306516), (11.690453, 2.394149, -1.270076), (11.751366, 2.387465, -1.192554)
(11.736307, 2.394149, -1.306516), (11.674116, 2.400064, -1.383459), (11.690453, 2.394149, -1.270076)
(12.016975, 2.380257, -1.273742), (12.078096, 2.373044, -1.194425), (12.056487, 2.380259, -1.304382)
(12.016975, 2.380257, -1.273742), (11.997427, 2.37074, -1.259434), (12.058445, 2.363529, -1.180257)
(12.016975, 2.380257, -1.273742), (12.056487, 2.380259, -1.304382), (11.995185, 2.38747, -1.383926)
(12.016975, 2.380257, -1.273742), (11.955853, 2.387469, -1.353055), (11.997427, 2.37074, -1.259434)
(11.690453, 2.394149, -1.270076), (11.714148, 1.591765, -1.354477), (11.773894, 1.58526, -1.278948)
(11.690453, 2.394149, -1.270076), (11.628489, 2.400063, -1.346738), (11.714148, 1.591765, -1.354477)
(11.997427, 2.37074, -1.259434), (11.876106, 2.370735, -1.165351), (11.936575, 2.363524, -1.086885)
(11.997427, 2.37074, -1.259434), (11.936408, 2.37795, -1.338608), (11.876106, 2.370735, -1.165351)
(11.815639, 2.377947, -1.243817), (11.79744, 2.387465, -1.228716), (11.857837, 2.38025, -1.150331)
(11.815639, 2.377947, -1.243817), (11.754437, 2.384629, -1.321701), (11.79744, 2.387465, -1.228716)
(11.79744, 2.387465, -1.228716), (11.751366, 2.387465, -1.192554), (11.811553, 2.380248, -1.114438)
(11.79744, 2.387465, -1.228716), (11.736307, 2.394149, -1.306516), (11.751366, 2.387465, -1.192554)
(11.751366, 2.387465, -1.192554), (11.773894, 1.58526, -1.278948), (11.832924, 1.578233, -1.202864)
(11.751366, 2.387465, -1.192554), (11.690453, 2.394149, -1.270076), (11.773894, 1.58526, -1.278948)
(11.530561, 2.050982, -1.179898), (11.694807, 2.054455, -1.172651), (11.691114, 2.063056, -1.328063)
(11.530561, 2.050982, -1.179898), (11.535602, 2.041931, -1.024327), (11.694807, 2.054455, -1.172651)
(11.694807, 2.054455, -1.172651), (11.858932, 2.055324, -1.166193), (11.855702, 2.064845, -1.321432)
(11.694807, 2.054455, -1.172651), (11.699189, 2.046074, -1.017003), (11.858932, 2.055324, -1.166193)
(11.858932, 2.055324, -1.166193), (12.022796, 2.054178, -1.160563), (12.019926, 2.065531, -1.315504)
(11.858932, 2.055324, -1.166193), (11.862798, 2.046468, -1.010638), (12.022796, 2.054178, -1.160563)
(11.876106, 2.370735, -1.165351), (11.857837, 2.38025, -1.150331), (11.918238, 2.373038, -1.071947)
(11.876106, 2.370735, -1.165351), (11.815639, 2.377947, -1.243817), (11.857837, 2.38025, -1.150331)
(12.022796, 2.054178, -1.160563), (12.18628, 2.051566, -1.15578), (12.183693, 2.06549, -1.310304)
(12.022796, 2.054178, -1.160563), (12.026237, 2.043979, -1.005231), (12.18628, 2.051566, -1.15578)
(11.857837, 2.38025, -1.150331), (11.811553, 2.380248, -1.114438), (11.871745, 2.373036, -1.036325)
(11.857837, 2.38025, -1.150331), (11.79744, 2.387465, -1.228716), (11.811553, 2.380248, -1.114438)
(11.811553, 2.380248, -1.114438), (11.832924, 1.578233, -1.202864), (11.891972, 1.571218, -1.126789)
(11.811553, 2.380248, -1.114438), (11.751366, 2.387465, -1.192554), (11.832924, 1.578233, -1.202864)
(11.936575, 2.363524, -1.086885), (11.918238, 2.373038, -1.071947), (11.978643, 2.365828, -0.993566)
(11.936575, 2.363524, -1.086885), (11.876106, 2.370735, -1.165351), (11.918238, 2.373038, -1.071947)
(11.918238, 2.373038, -1.071947), (11.871745, 2.373036, -1.036325), (11.931942, 2.365827, -0.958218)
(11.918238, 2.373038, -1.071947), (11.857837, 2.38025, -1.150331), (11.871745, 2.373036, -1.036325)
(11.871745, 2.373036, -1.036325), (11.891972, 1.571218, -1.126789), (11.951035, 1.564215, -1.050724)
(11.871745, 2.373036, -1.036325), (11.811553, 2.380248, -1.114438), (11.891972, 1.571218, -1.126789)
(11.535602, 2.041931, -1.024327), (11.699189, 2.046074, -1.017003), (11.694807, 2.054455, -1.172651)
(11.535602, 2.041931, -1.024327), (11.541606, 2.031079, -0.86882), (11.699189, 2.046074, -1.017003)
(11.699189, 2.046074, -1.017003), (11.704436, 2.036623, -0.861293), (11.862798, 2.046468, -1.010638)
(11.699189, 2.046074, -1.017003), (11.862798, 2.046468, -1.010638), (11.858932, 2.055324, -1.166193)
(11.862798, 2.046468, -1.010638), (11.867394, 2.037453, -0.854861), (12.026237, 2.043979, -1.005231)
(11.862798, 2.046468, -1.010638), (12.026237, 2.043979, -1.005231), (12.022796, 2.054178, -1.160563)
(11.997047, 2.356316, -1.008423), (11.978643, 2.365828, -0.993566), (12.037692, 2.357567, -0.914138)
(11.997047, 2.356316, -1.008423), (11.936575, 2.363524, -1.086885), (11.978643, 2.365828, -0.993566)
(12.026237, 2.043979, -1.005231), (12.030353, 2.034037, -0.849621), (12.189378, 2.039217, -1.000805)
(12.026237, 2.043979, -1.005231), (12.189378, 2.039217, -1.000805), (12.18628, 2.051566, -1.15578)
(11.978643, 2.365828, -0.993566), (11.931942, 2.365827, -0.958218), (11.990799, 2.357566, -0.879045)
(11.978643, 2.365828, -0.993566), (11.918238, 2.373038, -1.071947), (11.931942, 2.365827, -0.958218)
(11.931942, 2.365827, -0.958218), (11.951035, 1.564215, -1.050724), (12.008769, 1.556171, -0.973641)
(11.931942, 2.365827, -0.958218), (11.871745, 2.373036, -1.036325), (11.951035, 1.564215, -1.050724)
(12.037692, 2.357567, -0.914138), (11.990799, 2.357566, -0.879045), (12.049347, 2.349062, -0.799626)
(12.037692, 2.357567, -0.914138), (11.978643, 2.365828, -0.993566), (11.990799, 2.357566, -0.879045)
(11.990799, 2.357566, -0.879045), (12.008769, 1.556171, -0.973641), (12.066204, 1.547895, -0.896326)
(11.990799, 2.357566, -0.879045), (11.931942, 2.365827, -0.958218), (12.008769, 1.556171, -0.973641)
(11.541606, 2.031079, -0.86882), (11.704436, 2.036623, -0.861293), (11.699189, 2.046074, -1.017003)
(11.541606, 2.031079, -0.86882), (11.548606, 2.017605, -0.713473), (11.704436, 2.036623, -0.861293)
(11.704436, 2.036623, -0.861293), (11.867394, 2.037453, -0.854861), (11.862798, 2.046468, -1.010638)
(11.704436, 2.036623, -0.861293), (11.710608, 2.025082, -0.705633), (11.867394, 2.037453, -0.854861)
(11.867394, 2.037453, -0.854861), (12.030353, 2.034037, -0.849621), (12.026237, 2.043979, -1.005231)
(11.867394, 2.037453, -0.854861), (11.872856, 2.026835, -0.699047), (12.030353, 2.034037, -0.849621)
(12.030353, 2.034037, -0.849621), (12.193056, 2.027806, -0.845426), (12.189378, 2.039217, -1.000805)
(12.030353, 2.034037, -0.849621), (12.035178, 2.023635, -0.693759), (12.193056, 2.027806, -0.845426)
(12.049347, 2.349062, -0.799626), (12.066204, 1.547895, -0.896326), (12.123653, 1.539629, -0.819023)
(12.049347, 2.349062, -0.799626), (11.990799, 2.357566, -0.879045), (12.066204, 1.547895, -0.896326)
(11.386881, 2.004585, -0.722348), (11.395812, 1.984682, -0.567779), (11.548606, 2.017605, -0.713473)
(11.386881, 2.004585, -0.722348), (11.548606, 2.017605, -0.713473), (11.541606, 2.031079, -0.86882)
(11.548606, 2.017605, -0.713473), (11.556652, 2.000259, -0.558457), (11.710608, 2.025082, -0.705633)
(11.548606, 2.017605, -0.713473), (11.710608, 2.025082, -0.705633), (11.704436, 2.036623, -0.861293)
(11.710608, 2.025082, -0.705633), (11.717791, 2.00996, -0.550227), (11.872856, 2.026835, -0.699047)
(11.710608, 2.025082, -0.705633), (11.872856, 2.026835, -0.699047), (11.867394, 2.037453, -0.854861)
# 12.386856316646675, 0, -1.0354503500199972
(12.29814, 2.363538, -1.363904), (12.17627, 2.363533, -1.270531), (12.360226, 2.356319, -1.28332)
(12.29814, 2.363538, -1.363904), (12.360226, 2.356319, -1.28332), (12.379521, 2.365831, -1.297)
(12.114722, 2.370745, -1.350397), (12.095999, 2.380261, -1.335022), (12.17627, 2.363533, -1.270531)
(12.114722, 2.370745, -1.350397), (12.17627, 2.363533, -1.270531), (12.29814, 2.363538, -1.363904)
(12.348456, 1.603147, -1.347751), (12.430897, 2.365831, -1.335886), (12.407884, 1.595101, -1.268387)
(12.430897, 2.365831, -1.335886), (12.379521, 2.365831, -1.297), (12.491807, 2.357579, -1.253985)
(12.430897, 2.365831, -1.335886), (12.491807, 2.357579, -1.253985), (12.407884, 1.595101, -1.268387)
(12.095999, 2.380261, -1.335022), (12.157476, 2.373047, -1.255242), (12.17627, 2.363533, -1.270531)
(12.095999, 2.380261, -1.335022), (12.034516, 2.387471, -1.414798), (11.995185, 2.38747, -1.383926)
(12.183693, 2.06549, -1.310304), (12.18628, 2.051566, -1.15578), (12.346937, 2.065084, -1.305874)
(12.183693, 2.06549, -1.310304), (12.346937, 2.065084, -1.305874), (12.344963, 2.084804, -1.459445)
(12.346937, 2.065084, -1.305874), (12.349281, 2.048083, -1.15186), (12.509619, 2.064508, -1.302251)
(12.346937, 2.065084, -1.305874), (12.509619, 2.064508, -1.302251), (12.507844, 2.087891, -1.455242)
(12.056487, 2.380259, -1.304382), (12.095999, 2.380261, -1.335022), (11.995185, 2.38747, -1.383926)
(12.509619, 2.064508, -1.302251), (12.511744, 2.043894, -1.148774), (12.671762, 2.0634, -1.299464)
(12.509619, 2.064508, -1.302251), (12.671762, 2.0634, -1.299464), (12.670197, 2.090691, -1.451888)
(12.671762, 2.0634, -1.299464), (12.673656, 2.039057, -1.146563), (12.833425, 2.061176, -1.297507)
(12.671762, 2.0634, -1.299464), (12.833425, 2.061176, -1.297507), (12.832115, 2.092267, -1.449374)
(12.379521, 2.365831, -1.297), (12.360226, 2.356319, -1.28332), (12.44022, 2.357578, -1.21538)
(12.379521, 2.365831, -1.297), (12.44022, 2.357578, -1.21538), (12.491807, 2.357579, -1.253985)
(12.360226, 2.356319, -1.28332), (12.237812, 2.356318, -1.190662), (12.420831, 2.348068, -1.201832)
(12.360226, 2.356319, -1.28332), (12.420831, 2.348068, -1.201832), (12.44022, 2.357578, -1.21538)
(12.17627, 2.363533, -1.270531), (12.157476, 2.373047, -1.255242), (12.237812, 2.356318, -1.190662)
(12.17627, 2.363533, -1.270531), (12.237812, 2.356318, -1.190662), (12.360226, 2.356319, -1.28332)
(12.407884, 1.595101, -1.268387), (12.491807, 2.357579, -1.253985), (12.466972, 1.586818, -1.18882)
(12.157476, 2.373047, -1.255242), (12.218949, 2.365829, -1.175459), (12.237812, 2.356318, -1.190662)
(12.157476, 2.373047, -1.255242), (12.095999, 2.380261, -1.335022), (12.056487, 2.380259, -1.304382)
(12.491807, 2.357579, -1.253985), (12.44022, 2.357578, -1.21538), (12.552359, 2.349082, -1.171873)
(12.491807, 2.357579, -1.253985), (12.552359, 2.349082, -1.171873), (12.466972, 1.586818, -1.18882)
(12.117786, 2.373045, -1.224833), (12.157476, 2.373047, -1.255242), (12.056487, 2.380259, -1.304382)
(12.44022, 2.357578, -1.21538), (12.420831, 2.348068, -1.201832), (12.500566, 2.34908, -1.133545)
(12.44022, 2.357578, -1.21538), (12.500566, 2.34908, -1.133545), (12.552359, 2.349082, -1.171873)
(12.420831, 2.348068, -1.201832), (12.297914, 2.348065, -1.109844), (12.481085, 2.339572, -1.120128)
(12.420831, 2.348068, -1.201832), (12.481085, 2.339572, -1.120128), (12.500566, 2.34908, -1.133545)
(12.078096, 2.373044, -1.194425), (12.139215, 2.365829, -1.115107), (12.117786, 2.373045, -1.224833)
(12.078096, 2.373044, -1.194425), (12.058445, 2.363529, -1.180257), (12.119461, 2.356317, -1.10108)
(12.078096, 2.373044, -1.194425), (12.117786, 2.373045, -1.224833), (12.056487, 2.380259, -1.304382)
(12.078096, 2.373044, -1.194425), (12.016975, 2.380257, -1.273742), (12.058445, 2.363529, -1.180257)
(12.237812, 2.356318, -1.190662), (12.218949, 2.365829, -1.175459), (12.297914, 2.348065, -1.109844)
(12.237812, 2.356318, -1.190662), (12.297914, 2.348065, -1.109844), (12.420831, 2.348068, -1.201832)
(12.466972, 1.586818, -1.18882), (12.552359, 2.349082, -1.171873), (12.526064, 1.578537, -1.109255)
(12.058445, 2.363529, -1.180257), (11.936575, 2.363524, -1.086885), (11.997047, 2.356316, -1.008423)
(12.058445, 2.363529, -1.180257), (11.997427, 2.37074, -1.259434), (11.936575, 2.363524, -1.086885)
(12.218949, 2.365829, -1.175459), (12.278988, 2.357574, -1.094717), (12.297914, 2.348065, -1.109844)
(12.218949, 2.365829, -1.175459), (12.157476, 2.373047, -1.255242), (12.117786, 2.373045, -1.224833)
(12.552359, 2.349082, -1.171873), (12.500566, 2.34908, -1.133545), (12.612898, 2.340576, -1.089756)
(12.552359, 2.349082, -1.171873), (12.612898, 2.340576, -1.089756), (12.526064, 1.578537, -1.109255)
(12.18628, 2.051566, -1.15578), (12.349281, 2.048083, -1.15186), (12.346937, 2.065084, -1.305874)
(12.18628, 2.051566, -1.15578), (12.189378, 2.039217, -1.000805), (12.349281, 2.048083, -1.15186)
(12.349281, 2.048083, -1.15186), (12.511744, 2.043894, -1.148774), (12.509619, 2.064508, -1.302251)
(12.349281, 2.048083, -1.15186), (12.352091, 2.032909, -0.997319), (12.511744, 2.043894, -1.148774)
(12.511744, 2.043894, -1.148774), (12.673656, 2.039057, -1.146563), (12.671762, 2.0634, -1.299464)
(12.511744, 2.043894, -1.148774), (12.514292, 2.02549, -0.99476), (12.673656, 2.039057, -1.146563)
(12.673656, 2.039057, -1.146563), (12.835056, 2.033088, -1.145179), (12.833425, 2.061176, -1.297507)
(12.673656, 2.039057, -1.146563), (12.675945, 2.017066, -0.993087), (12.835056, 2.033088, -1.145179)
(12.179083, 2.365829, -1.145283), (12.218949, 2.365829, -1.175459), (12.117786, 2.373045, -1.224833)
(12.500566, 2.34908, -1.133545), (12.481085, 2.339572, -1.120128), (12.5609, 2.340575, -1.051706)
(12.500566, 2.34908, -1.133545), (12.5609, 2.340575, -1.051706), (12.612898, 2.340576, -1.089756)
(12.481085, 2.339572, -1.120128), (12.357676, 2.339568, -1.0288), (12.541328, 2.33107, -1.03842)
(12.481085, 2.339572, -1.120128), (12.541328, 2.33107, -1.03842), (12.5609, 2.340575, -1.051706)
(12.139215, 2.365829, -1.115107), (12.198925, 2.357571, -1.034801), (12.179083, 2.365829, -1.145283)
(12.139215, 2.365829, -1.115107), (12.119461, 2.356317, -1.10108), (12.179075, 2.348062, -1.020908)
(12.139215, 2.365829, -1.115107), (12.179083, 2.365829, -1.145283), (12.117786, 2.373045, -1.224833)
(12.139215, 2.365829, -1.115107), (12.078096, 2.373044, -1.194425), (12.119461, 2.356317, -1.10108)
(12.297914, 2.348065, -1.109844), (12.278988, 2.357574, -1.094717), (12.357676, 2.339568, -1.0288)
(12.297914, 2.348065, -1.109844), (12.357676, 2.339568, -1.0288), (12.481085, 2.339572, -1.120128)
(12.526064, 1.578537, -1.109255), (12.612898, 2.340576, -1.089756), (12.58502, 1.570154, -1.029614)
(12.119461, 2.356317, -1.10108), (11.997047, 2.356316, -1.008423), (12.056158, 2.348058, -0.92892)
(12.119461, 2.356317, -1.10108), (12.058445, 2.363529, -1.180257), (11.997047, 2.356316, -1.008423)
(12.278988, 2.357574, -1.094717), (12.338688, 2.349073, -1.013749), (12.357676, 2.339568, -1.0288)
(12.278988, 2.357574, -1.094717), (12.218949, 2.365829, -1.175459), (12.179083, 2.365829, -1.145283)
(12.612898, 2.340576, -1.089756), (12.5609, 2.340575, -1.051706), (12.673285, 2.331959, -1.007561)
(12.612898, 2.340576, -1.089756), (12.673285, 2.331959, -1.007561), (12.58502, 1.570154, -1.029614)
(12.238956, 2.357573, -1.064758), (12.278988, 2.357574, -1.094717), (12.179083, 2.365829, -1.145283)
(12.5609, 2.340575, -1.051706), (12.541328, 2.33107, -1.03842), (12.621086, 2.331959, -0.969787)
(12.5609, 2.340575, -1.051706), (12.621086, 2.331959, -0.969787), (12.673285, 2.331959, -1.007561)
(12.541328, 2.33107, -1.03842), (12.417431, 2.331067, -0.947756), (12.601424, 2.322458, -0.956631)
(12.541328, 2.33107, -1.03842), (12.601424, 2.322458, -0.956631), (12.621086, 2.331959, -0.969787)
(12.198925, 2.357571, -1.034801), (12.258305, 2.34907, -0.954263), (12.238956, 2.357573, -1.064758)
(12.198925, 2.357571, -1.034801), (12.179075, 2.348062, -1.020908), (12.238361, 2.339563, -0.940503)
(12.198925, 2.357571, -1.034801), (12.238956, 2.357573, -1.064758), (12.179083, 2.365829, -1.145283)
(12.198925, 2.357571, -1.034801), (12.139215, 2.365829, -1.115107), (12.179075, 2.348062, -1.020908)
(12.58502, 1.570154, -1.029614), (12.673285, 2.331959, -1.007561), (12.642456, 1.560637, -0.94916)
(12.357676, 2.339568, -1.0288), (12.338688, 2.349073, -1.013749), (12.417431, 2.331067, -0.947756)
(12.357676, 2.339568, -1.0288), (12.417431, 2.331067, -0.947756), (12.541328, 2.33107, -1.03842)
(12.179075, 2.348062, -1.020908), (12.056158, 2.348058, -0.92892), (12.114952, 2.339558, -0.849176)
(12.179075, 2.348062, -1.020908), (12.119461, 2.356317, -1.10108), (12.056158, 2.348058, -0.92892)
(12.338688, 2.349073, -1.013749), (12.398382, 2.34057, -0.93278), (12.417431, 2.331067, -0.947756)
(12.338688, 2.349073, -1.013749), (12.278988, 2.357574, -1.094717), (12.238956, 2.357573, -1.064758)
(12.673285, 2.331959, -1.007561), (12.621086, 2.331959, -0.969787), (12.7321, 2.322205, -0.924588)
(12.673285, 2.331959, -1.007561), (12.7321, 2.322205, -0.924588), (12.642456, 1.560637, -0.94916)
(12.189378, 2.039217, -1.000805), (12.352091, 2.032909, -0.997319), (12.349281, 2.048083, -1.15186)
(12.189378, 2.039217, -1.000805), (12.193056, 2.027806, -0.845426), (12.352091, 2.032909, -0.997319)
(12.352091, 2.032909, -0.997319), (12.355412, 2.019214, -0.842303), (12.514292, 2.02549, -0.99476)
(12.352091, 2.032909, -0.997319), (12.514292, 2.02549, -0.99476), (12.511744, 2.043894, -1.148774)
(12.514292, 2.02549, -0.99476), (12.517305, 2.008892, -0.840189), (12.675945, 2.017066, -0.993087)
(12.514292, 2.02549, -0.99476), (12.675945, 2.017066, -0.993087), (12.673656, 2.039057, -1.146563)
(12.675945, 2.017066, -0.993087), (12.678669, 1.997214, -0.83904), (12.837071, 2.007501, -0.992264)
(12.675945, 2.017066, -0.993087), (12.837071, 2.007501, -0.992264), (12.835056, 2.033088, -1.145179)
(12.298496, 2.349072, -0.984006), (12.338688, 2.349073, -1.013749), (12.238956, 2.357573, -1.064758)
(12.621086, 2.331959, -0.969787), (12.601424, 2.322458, -0.956631), (12.679722, 2.322203, -0.887063)
(12.621086, 2.331959, -0.969787), (12.679722, 2.322203, -0.887063), (12.7321, 2.322205, -0.924588)
(12.601424, 2.322458, -0.956631), (12.477047, 2.322458, -0.866627), (12.65998, 2.312705, -0.874026)
(12.601424, 2.322458, -0.956631), (12.65998, 2.312705, -0.874026), (12.679722, 2.322203, -0.887063)
(12.258305, 2.34907, -0.954263), (12.317681, 2.340568, -0.873727), (12.298496, 2.349072, -0.984006)
(12.258305, 2.34907, -0.954263), (12.238361, 2.339563, -0.940503), (12.297646, 2.331063, -0.860101)
(12.258305, 2.34907, -0.954263), (12.298496, 2.349072, -0.984006), (12.238956, 2.357573, -1.064758)
(12.258305, 2.34907, -0.954263), (12.198925, 2.357571, -1.034801), (12.238361, 2.339563, -0.940503)
(12.642456, 1.560637, -0.94916), (12.7321, 2.322205, -0.924588), (12.699894, 1.551123, -0.868704)
(12.417431, 2.331067, -0.947756), (12.398382, 2.34057, -0.93278), (12.477047, 2.322458, -0.866627)
(12.417431, 2.331067, -0.947756), (12.477047, 2.322458, -0.866627), (12.601424, 2.322458, -0.956631)
(12.238361, 2.339563, -0.940503), (12.114952, 2.339558, -0.849176), (12.173748, 2.33106, -0.769437)
(12.238361, 2.339563, -0.940503), (12.179075, 2.348062, -1.020908), (12.114952, 2.339558, -0.849176)
(12.398382, 2.34057, -0.93278), (12.457937, 2.331959, -0.851727), (12.477047, 2.322458, -0.866627)
(12.398382, 2.34057, -0.93278), (12.338688, 2.349073, -1.013749), (12.298496, 2.349072, -0.984006)
(12.056158, 2.348058, -0.92892), (12.037692, 2.357567, -0.914138), (12.096427, 2.349064, -0.834467)
(12.056158, 2.348058, -0.92892), (11.997047, 2.356316, -1.008423), (12.037692, 2.357567, -0.914138)
(12.358031, 2.340569, -0.903254), (12.398382, 2.34057, -0.93278), (12.298496, 2.349072, -0.984006)
(12.679722, 2.322203, -0.887063), (12.65998, 2.312705, -0.874026), (12.73835, 2.312441, -0.804334)
(12.679722, 2.322203, -0.887063), (12.73835, 2.312441, -0.804334), (12.790905, 2.312443, -0.84161)
(12.65998, 2.312705, -0.874026), (12.535177, 2.312701, -0.784613), (12.718528, 2.302946, -0.791416)
(12.65998, 2.312705, -0.874026), (12.718528, 2.302946, -0.791416), (12.73835, 2.312441, -0.804334)
(12.317681, 2.340568, -0.873727), (12.376925, 2.331958, -0.793102), (12.358031, 2.340569, -0.903254)
(12.317681, 2.340568, -0.873727), (12.297646, 2.331063, -0.860101), (12.356797, 2.322457, -0.779609)
(12.317681, 2.340568, -0.873727), (12.358031, 2.340569, -0.903254), (12.298496, 2.349072, -0.984006)
(12.317681, 2.340568, -0.873727), (12.258305, 2.34907, -0.954263), (12.297646, 2.331063, -0.860101)
(12.699894, 1.551123, -0.868704), (12.790905, 2.312443, -0.84161), (12.757337, 1.541611, -0.788248)
(12.477047, 2.322458, -0.866627), (12.457937, 2.331959, -0.851727), (12.535177, 2.312701, -0.784613)
(12.477047, 2.322458, -0.866627), (12.535177, 2.312701, -0.784613), (12.65998, 2.312705, -0.874026)
(12.297646, 2.331063, -0.860101), (12.173748, 2.33106, -0.769437), (12.23242, 2.322457, -0.689604)
(12.297646, 2.331063, -0.860101), (12.238361, 2.339563, -0.940503), (12.173748, 2.33106, -0.769437)
(12.457937, 2.331959, -0.851727), (12.516016, 2.322199, -0.769777), (12.535177, 2.312701, -0.784613)
(12.457937, 2.331959, -0.851727), (12.398382, 2.34057, -0.93278), (12.358031, 2.340569, -0.903254)
(12.114952, 2.339558, -0.849176), (12.096427, 2.349064, -0.834467), (12.155163, 2.340563, -0.754801)
(12.114952, 2.339558, -0.849176), (12.056158, 2.348058, -0.92892), (12.096427, 2.349064, -0.834467)
(12.193056, 2.027806, -0.845426), (12.355412, 2.019214, -0.842303), (12.352091, 2.032909, -0.997319)
(12.193056, 2.027806, -0.845426), (12.197366, 2.016616, -0.689687), (12.355412, 2.019214, -0.842303)
(12.355412, 2.019214, -0.842303), (12.517305, 2.008892, -0.840189), (12.514292, 2.02549, -0.99476)
(12.355412, 2.019214, -0.842303), (12.3593, 2.006288, -0.686839), (12.517305, 2.008892, -0.840189)
(12.517305, 2.008892, -0.840189), (12.678669, 1.997214, -0.83904), (12.675945, 2.017066, -0.993087)
(12.517305, 2.008892, -0.840189), (12.52083, 1.993527, -0.685123), (12.678669, 1.997214, -0.83904)
(12.678669, 1.997214, -0.83904), (12.839499, 1.984254, -0.838745), (12.837071, 2.007501, -0.992264)
(12.678669, 1.997214, -0.83904), (12.681866, 1.979027, -0.684402), (12.839499, 1.984254, -0.838745)
(12.096427, 2.349064, -0.834467), (12.049347, 2.349062, -0.799626), (12.107896, 2.340562, -0.720213)
(12.096427, 2.349064, -0.834467), (12.037692, 2.357567, -0.914138), (12.049347, 2.349062, -0.799626)
(12.417431, 2.331958, -0.822414), (12.457937, 2.331959, -0.851727), (12.358031, 2.340569, -0.903254)
(12.376925, 2.331958, -0.793102), (12.434726, 2.322196, -0.711536), (12.417431, 2.331958, -0.822414)
(12.376925, 2.331958, -0.793102), (12.356797, 2.322457, -0.779609), (12.414516, 2.312698, -0.698165)
(12.376925, 2.331958, -0.793102), (12.417431, 2.331958, -0.822414), (12.358031, 2.340569, -0.903254)
(12.376925, 2.331958, -0.793102), (12.317681, 2.340568, -0.873727), (12.356797, 2.322457, -0.779609)
(12.718528, 2.302946, -0.791416), (12.593304, 2.302942, -0.702595), (12.777069, 2.293181, -0.708802)
(12.718528, 2.302946, -0.791416), (12.777069, 2.293181, -0.708802), (12.79697, 2.302673, -0.7216)
(12.535177, 2.312701, -0.784613), (12.516016, 2.322199, -0.769777), (12.593304, 2.302942, -0.702595)
(12.535177, 2.312701, -0.784613), (12.593304, 2.302942, -0.702595), (12.718528, 2.302946, -0.791416)
(12.356797, 2.322457, -0.779609), (12.23242, 2.322457, -0.689604), (12.289714, 2.312695, -0.608751)
(12.356797, 2.322457, -0.779609), (12.297646, 2.331063, -0.860101), (12.23242, 2.322457, -0.689604)
(12.516016, 2.322199, -0.769777), (12.574091, 2.312436, -0.687824), (12.593304, 2.302942, -0.702595)
(12.516016, 2.322199, -0.769777), (12.457937, 2.331959, -0.851727), (12.417431, 2.331958, -0.822414)
(12.173748, 2.33106, -0.769437), (12.155163, 2.340563, -0.754801), (12.213777, 2.331958, -0.675041)
(12.173748, 2.33106, -0.769437), (12.114952, 2.339558, -0.849176), (12.155163, 2.340563, -0.754801)
(12.155163, 2.340563, -0.754801), (12.107896, 2.340562, -0.720213), (12.166327, 2.331958, -0.640705)
(12.155163, 2.340563, -0.754801), (12.096427, 2.349064, -0.834467), (12.107896, 2.340562, -0.720213)
(12.47537, 2.322197, -0.740657), (12.516016, 2.322199, -0.769777), (12.417431, 2.331958, -0.822414)
(12.107896, 2.340562, -0.720213), (12.123653, 1.539629, -0.819023), (12.180995, 1.531268, -0.741631)
(12.107896, 2.340562, -0.720213), (12.049347, 2.349062, -0.799626), (12.123653, 1.539629, -0.819023)
(12.434726, 2.322196, -0.711536), (12.492525, 2.312433, -0.629971), (12.47537, 2.322197, -0.740657)
(12.434726, 2.322196, -0.711536), (12.414516, 2.312698, -0.698165), (12.472234, 2.302938, -0.61672)
(12.434726, 2.322196, -0.711536), (12.47537, 2.322197, -0.740657), (12.417431, 2.331958, -0.822414)
(12.434726, 2.322196, -0.711536), (12.376925, 2.331958, -0.793102), (12.414516, 2.312698, -0.698165)
(12.593304, 2.302942, -0.702595), (12.574091, 2.312436, -0.687824), (12.651425, 2.293179, -0.620576)
(12.593304, 2.302942, -0.702595), (12.651425, 2.293179, -0.620576), (12.777069, 2.293181, -0.708802)
# 13.054626549980007, 0, -1.0354503500199972
(12.833425, 2.061176, -1.297507), (12.835056, 2.033088, -1.145179), (12.994637, 2.057647, -1.29645)
(12.833425, 2.061176, -1.297507), (12.994637, 2.057647, -1.29645), (12.993631, 2.092342, -1.447794)
(13.315884, 2.045206, -1.297215), (13.316509, 2.006688, -1.146398), (13.475989, 2.035629, -1.298976)
(13.315884, 2.045206, -1.297215), (13.475989, 2.035629, -1.298976), (13.476162, 2.079527, -1.449106)
(12.994637, 2.057647, -1.29645), (12.995972, 2.025938, -1.14469), (13.155441, 2.052467, -1.296361)
(12.994637, 2.057647, -1.29645), (13.155441, 2.052467, -1.296361), (13.154789, 2.090487, -1.44721)
(13.155441, 2.052467, -1.296361), (13.156443, 2.017231, -1.145097), (13.315884, 2.045206, -1.297215)
(13.155441, 2.052467, -1.296361), (13.315884, 2.045206, -1.297215), (13.315626, 2.086323, -1.447688)
(13.316509, 2.006688, -1.146398), (13.476204, 1.994103, -1.148587), (13.475989, 2.035629, -1.298976)
(13.316509, 2.006688, -1.146398), (13.31752, 1.970765, -0.995044), (13.476204, 1.994103, -1.148587)
(12.835056, 2.033088, -1.145179), (12.995972, 2.025938, -1.14469), (12.994637, 2.057647, -1.29645)
(12.835056, 2.033088, -1.145179), (12.837071, 2.007501, -0.992264), (12.995972, 2.025938, -1.14469)
(13.156443, 2.017231, -1.145097), (13.316509, 2.006688, -1.146398), (13.315884, 2.045206, -1.297215)
(13.156443, 2.017231, -1.145097), (13.157822, 1.984587, -0.993249), (13.316509, 2.006688, -1.146398)
(12.995972, 2.025938, -1.14469), (13.156443, 2.017231, -1.145097), (13.155441, 2.052467, -1.296361)
(12.995972, 2.025938, -1.14469), (12.997686, 1.996726, -0.992312), (13.156443, 2.017231, -1.145097)
(13.31752, 1.970765, -0.995044), (13.318937, 1.937533, -0.843116), (13.476814, 1.955105, -0.997704)
(13.31752, 1.970765, -0.995044), (13.476814, 1.955105, -0.997704), (13.476204, 1.994103, -1.148587)
(13.157822, 1.984587, -0.993249), (13.159607, 1.954515, -0.840788), (13.31752, 1.970765, -0.995044)
(13.157822, 1.984587, -0.993249), (13.31752, 1.970765, -0.995044), (13.316509, 2.006688, -1.146398)
(12.997686, 1.996726, -0.992312), (12.999805, 1.970049, -0.839329), (13.157822, 1.984587, -0.993249)
(12.997686, 1.996726, -0.992312), (13.157822, 1.984587, -0.993249), (13.156443, 2.017231, -1.145097)
(12.837071, 2.007501, -0.992264), (12.997686, 1.996726, -0.992312), (12.995972, 2.025938, -1.14469)
(12.837071, 2.007501, -0.992264), (12.839499, 1.984254, -0.838745), (12.997686, 1.996726, -0.992312)
(12.7321, 2.322205, -0.924588), (12.679722, 2.322203, -0.887063), (12.790905, 2.312443, -0.84161)
(12.7321, 2.322205, -0.924588), (12.790905, 2.312443, -0.84161), (12.699894, 1.551123, -0.868704)
(13.318937, 1.937533, -0.843116), (13.47784, 1.918744, -0.846266), (13.476814, 1.955105, -0.997704)
(13.318937, 1.937533, -0.843116), (13.320774, 1.906881, -0.690524), (13.47784, 1.918744, -0.846266)
(12.790905, 2.312443, -0.84161), (12.73835, 2.312441, -0.804334), (12.849701, 2.302674, -0.758627)
(12.790905, 2.312443, -0.84161), (12.849701, 2.302674, -0.758627), (12.757337, 1.541611, -0.788248)
(13.159607, 1.954515, -0.840788), (13.318937, 1.937533, -0.843116), (13.31752, 1.970765, -0.995044)
(13.159607, 1.954515, -0.840788), (13.161801, 1.927019, -0.687682), (13.318937, 1.937533, -0.843116)
(12.999805, 1.970049, -0.839329), (13.159607, 1.954515, -0.840788), (13.157822, 1.984587, -0.993249)
(12.999805, 1.970049, -0.839329), (13.002348, 1.94569, -0.685695), (13.159607, 1.954515, -0.840788)
(12.839499, 1.984254, -0.838745), (12.999805, 1.970049, -0.839329), (12.997686, 1.996726, -0.992312)
(12.839499, 1.984254, -0.838745), (12.842374, 1.963046, -0.684595), (12.999805, 1.970049, -0.839329)
(12.73835, 2.312441, -0.804334), (12.718528, 2.302946, -0.791416), (12.79697, 2.302673, -0.7216)
(12.73835, 2.312441, -0.804334), (12.79697, 2.302673, -0.7216), (12.849701, 2.302674, -0.758627)
(12.757337, 1.541611, -0.788248), (12.849701, 2.302674, -0.758627), (12.814163, 1.531598, -0.707506)
(12.849701, 2.302674, -0.758627), (12.79697, 2.302673, -0.7216), (12.907851, 2.292397, -0.675396)
(12.849701, 2.302674, -0.758627), (12.907851, 2.292397, -0.675396), (12.814163, 1.531598, -0.707506)
(12.79697, 2.302673, -0.7216), (12.777069, 2.293181, -0.708802), (12.854958, 2.292397, -0.638601)
(12.79697, 2.302673, -0.7216), (12.854958, 2.292397, -0.638601), (12.907851, 2.292397, -0.675396)
(12.777069, 2.293181, -0.708802), (12.651425, 2.293179, -0.620576), (12.834982, 2.282908, -0.625918)
(12.777069, 2.293181, -0.708802), (12.834982, 2.282908, -0.625918), (12.854958, 2.292397, -0.638601)
(12.814163, 1.531598, -0.707506), (12.907851, 2.292397, -0.675396), (12.870139, 1.520892, -0.626369)
# 13.722396783313343, 0, -1.0354503500199972
(13.954526, 1.991421, -1.310119), (13.953348, 1.942763, -1.160601), (14.113483, 1.971377, -1.315637)
(13.954526, 1.991421, -1.310119), (14.113483, 1.971377, -1.315637), (14.115602, 2.022588, -1.46513)
(13.795291, 2.008847, -1.305449), (13.794604, 1.962209, -1.15573), (13.954526, 1.991421, -1.310119)
(13.795291, 2.008847, -1.305449), (13.954526, 1.991421, -1.310119), (13.956142, 2.041407, -1.459643)
(13.635782, 2.023581, -1.301706), (13.635561, 1.979319, -1.151711), (13.795291, 2.008847, -1.305449)
(13.635782, 2.023581, -1.301706), (13.795291, 2.008847, -1.305449), (13.796405, 2.057257, -1.455048)
(13.475989, 2.035629, -1.298976), (13.476204, 1.994103, -1.148587), (13.635782, 2.023581, -1.301706)
(13.475989, 2.035629, -1.298976), (13.635782, 2.023581, -1.301706), (13.636417, 2.069904, -1.451547)
(13.953348, 1.942763, -1.160601), (14.111815, 1.920999, -1.166288), (14.113483, 1.971377, -1.315637)
(13.953348, 1.942763, -1.160601), (13.952599, 1.896027, -1.010802), (14.111815, 1.920999, -1.166288)
(13.794604, 1.962209, -1.15573), (13.953348, 1.942763, -1.160601), (13.954526, 1.991421, -1.310119)
(13.794604, 1.962209, -1.15573), (13.794327, 1.917773, -1.005621), (13.953348, 1.942763, -1.160601)
(13.635561, 1.979319, -1.151711), (13.794604, 1.962209, -1.15573), (13.795291, 2.008847, -1.305449)
(13.635561, 1.979319, -1.151711), (13.635739, 1.937455, -1.00123), (13.794604, 1.962209, -1.15573)
(13.476204, 1.994103, -1.148587), (13.635561, 1.979319, -1.151711), (13.635782, 2.023581, -1.301706)
(13.476204, 1.994103, -1.148587), (13.476814, 1.955105, -0.997704), (13.635561, 1.979319, -1.151711)
(13.952599, 1.896027, -1.010802), (13.952312, 1.851534, -0.860648), (14.11058, 1.872239, -1.016754)
(13.952599, 1.896027, -1.010802), (14.11058, 1.872239, -1.016754), (14.111815, 1.920999, -1.166288)
(13.794327, 1.917773, -1.005621), (13.79449, 1.875727, -0.855058), (13.952599, 1.896027, -1.010802)
(13.794327, 1.917773, -1.005621), (13.952599, 1.896027, -1.010802), (13.953348, 1.942763, -1.160601)
(13.635739, 1.937455, -1.00123), (13.636346, 1.898152, -0.850253), (13.794327, 1.917773, -1.005621)
(13.635739, 1.937455, -1.00123), (13.794327, 1.917773, -1.005621), (13.794604, 1.962209, -1.15573)
(13.476814, 1.955105, -0.997704), (13.635739, 1.937455, -1.00123), (13.635561, 1.979319, -1.151711)
(13.476814, 1.955105, -0.997704), (13.47784, 1.918744, -0.846266), (13.635739, 1.937455, -1.00123)
(13.952312, 1.851534, -0.860648), (14.109812, 1.825441, -0.866936), (14.11058, 1.872239, -1.016754)
(13.952312, 1.851534, -0.860648), (13.952482, 1.809536, -0.709992), (14.109812, 1.825441, -0.866936)
(13.79449, 1.875727, -0.855058), (13.952312, 1.851534, -0.860648), (13.952599, 1.896027, -1.010802)
(13.79449, 1.875727, -0.855058), (13.795115, 1.836392, -0.703965), (13.952312, 1.851534, -0.860648)
(13.636346, 1.898152, -0.850253), (13.79449, 1.875727, -0.855058), (13.794327, 1.917773, -1.005621)
(13.636346, 1.898152, -0.850253), (13.637395, 1.861539, -0.698678), (13.79449, 1.875727, -0.855058)
(13.47784, 1.918744, -0.846266), (13.636346, 1.898152, -0.850253), (13.635739, 1.937455, -1.00123)
(13.47784, 1.918744, -0.846266), (13.479294, 1.885043, -0.694191), (13.636346, 1.898152, -0.850253)
(13.952482, 1.809536, -0.709992), (13.953131, 1.770359, -0.558742), (14.109515, 1.780951, -0.7167)
(13.952482, 1.809536, -0.709992), (14.109515, 1.780951, -0.7167), (14.109812, 1.825441, -0.866936)
(13.795115, 1.836392, -0.703965), (13.796197, 1.799907, -0.552221), (13.952482, 1.809536, -0.709992)
(13.795115, 1.836392, -0.703965), (13.952482, 1.809536, -0.709992), (13.952312, 1.851534, -0.860648)
# 14.390167016646675, 0, -1.0354503500199972
(14.588902, 1.893838, -1.337653), (14.585828, 1.841204, -1.188219), (14.746868, 1.862318, -1.346566)
(14.588902, 1.893838, -1.337653), (14.746868, 1.862318, -1.346566), (14.750629, 1.913346, -1.496799)
(14.430674, 1.92262, -1.329452), (14.428043, 1.870154, -1.180167), (14.588902, 1.893838, -1.337653)
(14.430674, 1.92262, -1.329452), (14.588902, 1.893838, -1.337653), (14.592337, 1.945738, -1.487568)
(14.272198, 1.948519, -1.322071), (14.270043, 1.896777, -1.172836), (14.430674, 1.92262, -1.329452)
(14.272198, 1.948519, -1.322071), (14.430674, 1.92262, -1.329452), (14.433712, 1.974984, -1.479079)
(14.113483, 1.971377, -1.315637), (14.111815, 1.920999, -1.166288), (14.272198, 1.948519, -1.322071)
(14.113483, 1.971377, -1.315637), (14.272198, 1.948519, -1.322071), (14.274794, 2.000511, -1.471605)
(14.585828, 1.841204, -1.188219), (14.743403, 1.809947, -1.196938), (14.746868, 1.862318, -1.346566)
(14.585828, 1.841204, -1.188219), (14.583145, 1.788857, -1.038948), (14.743403, 1.809947, -1.196938)
(14.428043, 1.870154, -1.180167), (14.585828, 1.841204, -1.188219), (14.588902, 1.893838, -1.337653)
(14.428043, 1.870154, -1.180167), (14.425827, 1.818538, -1.030894), (14.585828, 1.841204, -1.188219)
(14.270043, 1.896777, -1.172836), (14.428043, 1.870154, -1.180167), (14.430674, 1.92262, -1.329452)
(14.270043, 1.896777, -1.172836), (14.268309, 1.846391, -1.023458), (14.428043, 1.870154, -1.180167)
(14.111815, 1.920999, -1.166288), (14.270043, 1.896777, -1.172836), (14.272198, 1.948519, -1.322071)
(14.111815, 1.920999, -1.166288), (14.11058, 1.872239, -1.016754), (14.270043, 1.896777, -1.172836)
(14.583145, 1.788857, -1.038948), (14.580935, 1.737233, -0.889754), (14.7403, 1.757339, -1.047595)
(14.583145, 1.788857, -1.038948), (14.7403, 1.757339, -1.047595), (14.743403, 1.809947, -1.196938)
(14.425827, 1.818538, -1.030894), (14.424067, 1.768125, -0.88154), (14.583145, 1.788857, -1.038948)
(14.425827, 1.818538, -1.030894), (14.583145, 1.788857, -1.038948), (14.585828, 1.841204, -1.188219)
(14.268309, 1.846391, -1.023458), (14.267046, 1.797596, -0.873914), (14.425827, 1.818538, -1.030894)
(14.268309, 1.846391, -1.023458), (14.425827, 1.818538, -1.030894), (14.428043, 1.870154, -1.180167)
(14.11058, 1.872239, -1.016754), (14.268309, 1.846391, -1.023458), (14.270043, 1.896777, -1.172836)
(14.11058, 1.872239, -1.016754), (14.109812, 1.825441, -0.866936), (14.268309, 1.846391, -1.023458)
(14.580935, 1.737233, -0.889754), (14.737617, 1.704966, -0.898426), (14.7403, 1.757339, -1.047595)
(14.580935, 1.737233, -0.889754), (14.579193, 1.687004, -0.740418), (14.737617, 1.704966, -0.898426)
(14.424067, 1.768125, -0.88154), (14.580935, 1.737233, -0.889754), (14.583145, 1.788857, -1.038948)
(14.424067, 1.768125, -0.88154), (14.422822, 1.719497, -0.731988), (14.580935, 1.737233, -0.889754)
(14.267046, 1.797596, -0.873914), (14.424067, 1.768125, -0.88154), (14.425827, 1.818538, -1.030894)
(14.267046, 1.797596, -0.873914), (14.266273, 1.750872, -0.724049), (14.424067, 1.768125, -0.88154)
(14.109812, 1.825441, -0.866936), (14.267046, 1.797596, -0.873914), (14.268309, 1.846391, -1.023458)
(14.109812, 1.825441, -0.866936), (14.109515, 1.780951, -0.7167), (14.267046, 1.797596, -0.873914)
(14.579193, 1.687004, -0.740418), (14.577975, 1.638758, -0.590811), (14.735392, 1.653476, -0.749246)
(14.579193, 1.687004, -0.740418), (14.735392, 1.653476, -0.749246), (14.737617, 1.704966, -0.898426)
(14.422822, 1.719497, -0.731988), (14.422091, 1.673177, -0.582055), (14.579193, 1.687004, -0.740418)
(14.422822, 1.719497, -0.731988), (14.579193, 1.687004, -0.740418), (14.580935, 1.737233, -0.889754)
(14.266273, 1.750872, -0.724049), (14.266027, 1.706779, -0.57373), (14.422822, 1.719497, -0.731988)
(14.266273, 1.750872, -0.724049), (14.422822, 1.719497, -0.731988), (14.424067, 1.768125, -0.88154)
(14.109515, 1.780951, -0.7167), (14.109717, 1.739217, -0.565933), (14.266273, 1.750872, -0.724049)
(14.109515, 1.780951, -0.7167), (14.266273, 1.750872, -0.724049), (14.267046, 1.797596, -0.873914)
# 15.05793724998001, 0, -1.0354503500199972
(15.061856, 1.789658, -1.366578), (15.057863, 1.739677, -1.21629), (15.218749, 1.748549, -1.377421)
(15.061856, 1.789658, -1.366578), (15.218749, 1.748549, -1.377421), (15.222893, 1.794479, -1.528762)
(14.904543, 1.827655, -1.356232), (14.900763, 1.776064, -1.206342), (15.061856, 1.789658, -1.366578)
(14.904543, 1.827655, -1.356232), (15.061856, 1.789658, -1.366578), (15.065983, 1.837741, -1.517517)
(14.746868, 1.862318, -1.346566), (14.743403, 1.809947, -1.196938), (14.904543, 1.827655, -1.356232)
(14.746868, 1.862318, -1.346566), (14.904543, 1.827655, -1.356232), (14.908534, 1.877362, -1.506817)
(15.371067, 1.658832, -1.237488), (15.527042, 1.614555, -1.248424), (15.531081, 1.657931, -1.399886)
(15.371067, 1.658832, -1.237488), (15.367055, 1.61127, -1.086955), (15.527042, 1.614555, -1.248424)
(15.214649, 1.700442, -1.226751), (15.371067, 1.658832, -1.237488), (15.375177, 1.704674, -1.38856)
(15.214649, 1.700442, -1.226751), (15.210715, 1.650826, -1.076602), (15.371067, 1.658832, -1.237488)
(15.057863, 1.739677, -1.21629), (15.214649, 1.700442, -1.226751), (15.218749, 1.748549, -1.377421)
(15.057863, 1.739677, -1.21629), (15.054107, 1.688378, -1.066507), (15.214649, 1.700442, -1.226751)
(14.900763, 1.776064, -1.206342), (15.057863, 1.739677, -1.21629), (15.061856, 1.789658, -1.366578)
(14.900763, 1.776064, -1.206342), (14.897287, 1.723896, -1.056795), (15.057863, 1.739677, -1.21629)
(14.743403, 1.809947, -1.196938), (14.900763, 1.776064, -1.206342), (14.904543, 1.827655, -1.356232)
(14.743403, 1.809947, -1.196938), (14.7403, 1.757339, -1.047595), (14.900763, 1.776064, -1.206342)
(15.367055, 1.61127, -1.086955), (15.523056, 1.569506, -1.097476), (15.527042, 1.614555, -1.248424)
(15.367055, 1.61127, -1.086955), (15.363205, 1.562171, -0.936904), (15.523056, 1.569506, -1.097476)
(15.210715, 1.650826, -1.076602), (15.207016, 1.599936, -0.926904), (15.367055, 1.61127, -1.086955)
(15.210715, 1.650826, -1.076602), (15.367055, 1.61127, -1.086955), (15.371067, 1.658832, -1.237488)
(15.054107, 1.688378, -1.066507), (15.050653, 1.636399, -0.91706), (15.210715, 1.650826, -1.076602)
(15.054107, 1.688378, -1.066507), (15.210715, 1.650826, -1.076602), (15.214649, 1.700442, -1.226751)
(14.897287, 1.723896, -1.056795), (14.894184, 1.671367, -0.907546), (15.054107, 1.688378, -1.066507)
(14.897287, 1.723896, -1.056795), (15.054107, 1.688378, -1.066507), (15.057863, 1.739677, -1.21629)
(14.7403, 1.757339, -1.047595), (14.897287, 1.723896, -1.056795), (14.900763, 1.776064, -1.206342)
(14.7403, 1.757339, -1.047595), (14.737617, 1.704966, -0.898426), (14.897287, 1.723896, -1.056795)
(15.363205, 1.562171, -0.936904), (15.519163, 1.522697, -0.947026), (15.523056, 1.569506, -1.097476)
(15.363205, 1.562171, -0.936904), (15.359585, 1.511968, -0.787236), (15.519163, 1.522697, -0.947026)
(15.207016, 1.599936, -0.926904), (15.363205, 1.562171, -0.936904), (15.367055, 1.61127, -1.086955)
(15.207016, 1.599936, -0.926904), (15.20363, 1.548425, -0.777512), (15.363205, 1.562171, -0.936904)
(15.050653, 1.636399, -0.91706), (15.207016, 1.599936, -0.926904), (15.210715, 1.650826, -1.076602)
(15.050653, 1.636399, -0.91706), (15.047594, 1.584157, -0.767874), (15.207016, 1.599936, -0.926904)
(14.894184, 1.671367, -0.907546), (15.050653, 1.636399, -0.91706), (15.054107, 1.688378, -1.066507)
(14.894184, 1.671367, -0.907546), (14.89151, 1.619184, -0.758416), (15.050653, 1.636399, -0.91706)
(14.737617, 1.704966, -0.898426), (14.894184, 1.671367, -0.907546), (14.897287, 1.723896, -1.056795)
(14.737617, 1.704966, -0.898426), (14.735392, 1.653476, -0.749246), (14.894184, 1.671367, -0.907546)
(15.359585, 1.511968, -0.787236), (15.35627, 1.461106, -0.637854), (15.515423, 1.474423, -0.797006)
(15.359585, 1.511968, -0.787236), (15.515423, 1.474423, -0.797006), (15.519163, 1.522697, -0.947026)
(15.20363, 1.548425, -0.777512), (15.200621, 1.496813, -0.628309), (15.359585, 1.511968, -0.787236)
(15.20363, 1.548425, -0.777512), (15.359585, 1.511968, -0.787236), (15.363205, 1.562171, -0.936904)
(15.047594, 1.584157, -0.767874), (15.044979, 1.532454, -0.61875), (15.20363, 1.548425, -0.777512)
(15.047594, 1.584157, -0.767874), (15.20363, 1.548425, -0.777512), (15.207016, 1.599936, -0.926904)
(14.89151, 1.619184, -0.758416), (14.889346, 1.56809, -0.609251), (15.047594, 1.584157, -0.767874)
(14.89151, 1.619184, -0.758416), (15.047594, 1.584157, -0.767874), (15.050653, 1.636399, -0.91706)
(14.735392, 1.653476, -0.749246), (14.733686, 1.603566, -0.599907), (14.89151, 1.619184, -0.758416)
(14.735392, 1.653476, -0.749246), (14.89151, 1.619184, -0.758416), (14.894184, 1.671367, -0.907546)
# 15.725707483313343, 0, -1.0354503500199972
(15.992138, 1.467637, -1.280872), (16.146292, 1.414236, -1.291204), (16.149469, 1.445943, -1.444189)
(15.992138, 1.467637, -1.280872), (15.988632, 1.431255, -1.128707), (16.146292, 1.414236, -1.291204)
(15.837565, 1.518839, -1.270237), (15.992138, 1.467637, -1.280872), (15.995564, 1.50229, -1.433491)
(15.837565, 1.518839, -1.270237), (15.833855, 1.479414, -1.118474), (15.992138, 1.467637, -1.280872)
(15.682544, 1.567858, -1.259383), (15.837565, 1.518839, -1.270237), (15.841232, 1.556489, -1.422483)
(15.682544, 1.567858, -1.259383), (15.678662, 1.525496, -1.108031), (15.837565, 1.518839, -1.270237)
(15.527042, 1.614555, -1.248424), (15.682544, 1.567858, -1.259383), (15.686422, 1.608453, -1.411242)
(15.527042, 1.614555, -1.248424), (15.523056, 1.569506, -1.097476), (15.682544, 1.567858, -1.259383)
(15.988632, 1.431255, -1.128707), (16.143032, 1.381099, -1.138644), (16.146292, 1.414236, -1.291204)
(15.988632, 1.431255, -1.128707), (15.985056, 1.392975, -0.976998), (16.143032, 1.381099, -1.138644)
(15.833855, 1.479414, -1.118474), (15.830112, 1.438023, -0.96719), (15.988632, 1.431255, -1.128707)
(15.833855, 1.479414, -1.118474), (15.988632, 1.431255, -1.128707), (15.992138, 1.467637, -1.280872)
(15.678662, 1.525496, -1.108031), (15.674818, 1.481358, -0.95716), (15.833855, 1.479414, -1.118474)
(15.678662, 1.525496, -1.108031), (15.833855, 1.479414, -1.118474), (15.837565, 1.518839, -1.270237)
(15.523056, 1.569506, -1.097476), (15.519163, 1.522697, -0.947026), (15.678662, 1.525496, -1.108031)
(15.523056, 1.569506, -1.097476), (15.678662, 1.525496, -1.108031), (15.682544, 1.567858, -1.259383)
(15.985056, 1.392975, -0.976998), (16.139631, 1.345999, -0.986518), (16.143032, 1.381099, -1.138644)
(15.985056, 1.392975, -0.976998), (15.981409, 1.352823, -0.825729), (16.139631, 1.345999, -0.986518)
(15.830112, 1.438023, -0.96719), (15.985056, 1.392975, -0.976998), (15.988632, 1.431255, -1.128707)
(15.830112, 1.438023, -0.96719), (15.826388, 1.394898, -0.816349), (15.985056, 1.392975, -0.976998)
(15.674818, 1.481358, -0.95716), (15.830112, 1.438023, -0.96719), (15.833855, 1.479414, -1.118474)
(15.674818, 1.481358, -0.95716), (15.671049, 1.435431, -0.806745), (15.830112, 1.438023, -0.96719)
(15.519163, 1.522697, -0.947026), (15.674818, 1.481358, -0.95716), (15.678662, 1.525496, -1.108031)
(15.519163, 1.522697, -0.947026), (15.515423, 1.474423, -0.797006), (15.674818, 1.481358, -0.95716)
(15.981409, 1.352823, -0.825729), (15.977673, 1.310671, -0.674878), (16.136063, 1.308876, -0.834828)
(15.981409, 1.352823, -0.825729), (16.136063, 1.308876, -0.834828), (16.139631, 1.345999, -0.986518)
(15.826388, 1.394898, -0.816349), (15.822688, 1.350085, -0.665914), (15.981409, 1.352823, -0.825729)
(15.826388, 1.394898, -0.816349), (15.981409, 1.352823, -0.825729), (15.985056, 1.392975, -0.976998)
(15.671049, 1.435431, -0.806745), (15.667405, 1.388136, -0.656713), (15.826388, 1.394898, -0.816349)
(15.671049, 1.435431, -0.806745), (15.826388, 1.394898, -0.816349), (15.830112, 1.438023, -0.96719)
(15.515423, 1.474423, -0.797006), (15.511899, 1.424997, -0.647343), (15.671049, 1.435431, -0.806745)
(15.515423, 1.474423, -0.797006), (15.671049, 1.435431, -0.806745), (15.674818, 1.481358, -0.95716)
# 16.39347771664668, 0, -1.0354503500199972
(16.607054, 1.243695, -1.319802), (16.760267, 1.183743, -1.328403), (16.762449, 1.203737, -1.482774)
(16.607054, 1.243695, -1.319802), (16.604374, 1.219407, -1.166128), (16.760267, 1.183743, -1.328403)
(16.453684, 1.302118, -1.310707), (16.607054, 1.243695, -1.319802), (16.609444, 1.266345, -1.473839)
(16.453684, 1.302118, -1.310707), (16.450844, 1.275013, -1.157392), (16.607054, 1.243695, -1.319802)
(16.300117, 1.359016, -1.301163), (16.453684, 1.302118, -1.310707), (16.456322, 1.327685, -1.464404)
(16.300117, 1.359016, -1.301163), (16.297073, 1.328883, -1.148221), (16.453684, 1.302118, -1.310707)
(16.146292, 1.414236, -1.291204), (16.300117, 1.359016, -1.301163), (16.303024, 1.387643, -1.45451)
(16.146292, 1.414236, -1.291204), (16.143032, 1.381099, -1.138644), (16.300117, 1.359016, -1.301163)
(16.604374, 1.219407, -1.166128), (16.757748, 1.162334, -1.174397), (16.760267, 1.183743, -1.328403)
(16.604374, 1.219407, -1.166128), (16.60124, 1.192974, -1.01285), (16.757748, 1.162334, -1.174397)
(16.450844, 1.275013, -1.157392), (16.447643, 1.245644, -1.004483), (16.604374, 1.219407, -1.166128)
(16.450844, 1.275013, -1.157392), (16.604374, 1.219407, -1.166128), (16.607054, 1.243695, -1.319802)
(16.297073, 1.328883, -1.148221), (16.293842, 1.297004, -0.995694), (16.450844, 1.275013, -1.157392)
(16.297073, 1.328883, -1.148221), (16.450844, 1.275013, -1.157392), (16.453684, 1.302118, -1.310707)
(16.143032, 1.381099, -1.138644), (16.139631, 1.345999, -0.986518), (16.297073, 1.328883, -1.148221)
(16.143032, 1.381099, -1.138644), (16.297073, 1.328883, -1.148221), (16.300117, 1.359016, -1.301163)
(16.60124, 1.192974, -1.01285), (16.754574, 1.138485, -1.020774), (16.757748, 1.162334, -1.174397)
(16.60124, 1.192974, -1.01285), (16.597536, 1.164232, -0.859988), (16.754574, 1.138485, -1.020774)
(16.447643, 1.245644, -1.004483), (16.60124, 1.192974, -1.01285), (16.604374, 1.219407, -1.166128)
(16.447643, 1.245644, -1.004483), (16.444059, 1.214256, -0.851995), (16.60124, 1.192974, -1.01285)
(16.293842, 1.297004, -0.995694), (16.447643, 1.245644, -1.004483), (16.450844, 1.275013, -1.157392)
(16.293842, 1.297004, -0.995694), (16.290274, 1.26264, -0.843599), (16.447643, 1.245644, -1.004483)
(16.139631, 1.345999, -0.986518), (16.293842, 1.297004, -0.995694), (16.297073, 1.328883, -1.148221)
(16.139631, 1.345999, -0.986518), (16.136063, 1.308876, -0.834828), (16.293842, 1.297004, -0.995694)
(16.597536, 1.164232, -0.859988), (16.592981, 1.132205, -0.707525), (16.75062, 1.112041, -0.867561)
(16.597536, 1.164232, -0.859988), (16.75062, 1.112041, -0.867561), (16.754574, 1.138485, -1.020774)
(16.444059, 1.214256, -0.851995), (16.439892, 1.180042, -0.699914), (16.597536, 1.164232, -0.859988)
(16.444059, 1.214256, -0.851995), (16.597536, 1.164232, -0.859988), (16.60124, 1.192974, -1.01285)
(16.290274, 1.26264, -0.843599), (16.286324, 1.225795, -0.69192), (16.444059, 1.214256, -0.851995)
(16.290274, 1.26264, -0.843599), (16.444059, 1.214256, -0.851995), (16.447643, 1.245644, -1.004483)
(16.136063, 1.308876, -0.834828), (16.132244, 1.26932, -0.683563), (16.290274, 1.26264, -0.843599)
(16.136063, 1.308876, -0.834828), (16.290274, 1.26264, -0.843599), (16.293842, 1.297004, -0.995694)
(16.592981, 1.132205, -0.707525), (16.74531, 1.081279, -0.714738), (16.75062, 1.112041, -0.867561)
(16.592981, 1.132205, -0.707525), (16.587885, 1.098194, -0.555428), (16.74531, 1.081279, -0.714738)
# 17.061247949980007, 0, -1.0354503500199972
(17.369129, 0.929819, -1.358709), (17.515848, 0.85751, -1.366607), (17.518286, 0.868369, -1.522143)
(17.369129, 0.929819, -1.358709), (17.366045, 0.915713, -1.203649), (17.515848, 0.85751, -1.366607)
(17.218689, 0.996762, -1.351394), (17.369129, 0.929819, -1.358709), (17.371355, 0.941906, -1.514047)
(17.218689, 0.996762, -1.351394), (17.215813, 0.981166, -1.196574), (17.369129, 0.929819, -1.358709)
(17.066309, 1.060445, -1.344127), (17.218689, 0.996762, -1.351394), (17.220623, 1.010066, -1.506554)
(17.066309, 1.060445, -1.344127), (17.063742, 1.043398, -1.189533), (17.218689, 0.996762, -1.351394)
(16.913374, 1.122653, -1.336505), (17.066309, 1.060445, -1.344127), (17.068233, 1.075606, -1.499054)
(16.913374, 1.122653, -1.336505), (16.910879, 1.10354, -1.182184), (17.066309, 1.060445, -1.344127)
(16.760267, 1.183743, -1.328403), (16.913374, 1.122653, -1.336505), (16.915394, 1.140077, -1.491172)
(16.760267, 1.183743, -1.328403), (16.757748, 1.162334, -1.174397), (16.913374, 1.122653, -1.336505)
(17.366045, 0.915713, -1.203649), (17.360798, 0.89743, -1.049059), (17.511791, 0.843567, -1.211441)
(17.366045, 0.915713, -1.203649), (17.511791, 0.843567, -1.211441), (17.515848, 0.85751, -1.366607)
(17.215813, 0.981166, -1.196574), (17.366045, 0.915713, -1.203649), (17.369129, 0.929819, -1.358709)
(17.215813, 0.981166, -1.196574), (17.211424, 0.962194, -1.042152), (17.366045, 0.915713, -1.203649)
(17.063742, 1.043398, -1.189533), (17.05983, 1.022901, -1.035333), (17.215813, 0.981166, -1.196574)
(17.063742, 1.043398, -1.189533), (17.215813, 0.981166, -1.196574), (17.218689, 0.996762, -1.351394)
(16.910879, 1.10354, -1.182184), (16.907642, 1.0822, -1.028247), (17.063742, 1.043398, -1.189533)
(16.910879, 1.10354, -1.182184), (17.063742, 1.043398, -1.189533), (17.066309, 1.060445, -1.344127)
(16.757748, 1.162334, -1.174397), (16.754574, 1.138485, -1.020774), (16.910879, 1.10354, -1.182184)
(16.757748, 1.162334, -1.174397), (16.910879, 1.10354, -1.182184), (16.913374, 1.122653, -1.336505)
(17.360798, 0.89743, -1.049059), (17.5056, 0.825666, -1.056664), (17.511791, 0.843567, -1.211441)
(17.360798, 0.89743, -1.049059), (17.353228, 0.87458, -0.894861), (17.5056, 0.825666, -1.056664)
(17.211424, 0.962194, -1.042152), (17.360798, 0.89743, -1.049059), (17.366045, 0.915713, -1.203649)
(17.211424, 0.962194, -1.042152), (17.205313, 0.939511, -0.888115), (17.360798, 0.89743, -1.049059)
(17.05983, 1.022901, -1.035333), (17.211424, 0.962194, -1.042152), (17.215813, 0.981166, -1.196574)
(17.05983, 1.022901, -1.035333), (17.054632, 0.999334, -0.881523), (17.211424, 0.962194, -1.042152)
(16.907642, 1.0822, -1.028247), (17.05983, 1.022901, -1.035333), (17.063742, 1.043398, -1.189533)
(16.907642, 1.0822, -1.028247), (16.903074, 1.057059, -0.874714), (17.05983, 1.022901, -1.035333)
(16.754574, 1.138485, -1.020774), (16.907642, 1.0822, -1.028247), (16.910879, 1.10354, -1.182184)
(16.754574, 1.138485, -1.020774), (16.75062, 1.112041, -0.867561), (16.907642, 1.0822, -1.028247)
(17.353228, 0.87458, -0.894861), (17.342186, 0.845026, -0.741096), (17.496227, 0.801939, -0.902327)
(17.353228, 0.87458, -0.894861), (17.496227, 0.801939, -0.902327), (17.5056, 0.825666, -1.056664)
(17.205313, 0.939511, -0.888115), (17.196423, 0.91103, -0.734487), (17.353228, 0.87458, -0.894861)
(17.205313, 0.939511, -0.888115), (17.353228, 0.87458, -0.894861), (17.360798, 0.89743, -1.049059)
(17.054632, 0.999334, -0.881523), (17.047245, 0.970687, -0.728108), (17.205313, 0.939511, -0.888115)
(17.054632, 0.999334, -0.881523), (17.205313, 0.939511, -0.888115), (17.211424, 0.962194, -1.042152)
(16.903074, 1.057059, -0.874714), (16.896982, 1.027954, -0.721569), (17.054632, 0.999334, -0.881523)
(16.903074, 1.057059, -0.874714), (17.054632, 0.999334, -0.881523), (17.05983, 1.022901, -1.035333)
(16.75062, 1.112041, -0.867561), (16.74531, 1.081279, -0.714738), (16.903074, 1.057059, -0.874714)
(16.75062, 1.112041, -0.867561), (16.903074, 1.057059, -0.874714), (16.907642, 1.0822, -1.028247)
(17.342186, 0.845026, -0.741096), (17.483852, 0.772417, -0.748253), (17.496227, 0.801939, -0.902327)
(17.342186, 0.845026, -0.741096), (17.330788, 0.814116, -0.587293), (17.483852, 0.772417, -0.748253)
(17.196423, 0.91103, -0.734487), (17.342186, 0.845026, -0.741096), (17.353228, 0.87458, -0.894861)
(17.196423, 0.91103, -0.734487), (17.18642, 0.879947, -0.581035), (17.342186, 0.845026, -0.741096)
(17.047245, 0.970687, -0.728108), (17.196423, 0.91103, -0.734487), (17.205313, 0.939511, -0.888115)
(17.047245, 0.970687, -0.728108), (17.039015, 0.940015, -0.574951), (17.196423, 0.91103, -0.734487)
(16.896982, 1.027954, -0.721569), (17.047245, 0.970687, -0.728108), (17.054632, 0.999334, -0.881523)
(16.896982, 1.027954, -0.721569), (16.889956, 0.99642, -0.568749), (17.047245, 0.970687, -0.728108)
(16.74531, 1.081279, -0.714738), (16.896982, 1.027954, -0.721569), (16.903074, 1.057059, -0.874714)
(16.74531, 1.081279, -0.714738), (16.73959, 1.049386, -0.562271), (16.896982, 1.027954, -0.721569)
# 17.729018183313343, 0, -1.0354503500199972
(17.515848, 0.85751, -1.366607), (17.65621, 0.776314, -1.37569), (17.659674, 0.78728, -1.53126)
(17.515848, 0.85751, -1.366607), (17.511791, 0.843567, -1.211441), (17.65621, 0.776314, -1.37569)
(18.039549, 0.472928, -1.251401), (18.02935, 0.453545, -1.095702), (18.16387, 0.363917, -1.26125)
(18.039549, 0.472928, -1.251401), (18.16387, 0.363917, -1.26125), (18.173983, 0.382439, -1.416906)
(17.914101, 0.576935, -1.240868), (17.904835, 0.558258, -1.085406), (18.039549, 0.472928, -1.251401)
(17.914101, 0.576935, -1.240868), (18.039549, 0.472928, -1.251401), (18.048279, 0.489549, -1.406955)
(17.785185, 0.673671, -1.230302), (17.914101, 0.576935, -1.240868), (17.921303, 0.591744, -1.396347)
(17.785185, 0.673671, -1.230302), (17.776823, 0.655401, -1.075111), (17.914101, 0.576935, -1.240868)
(17.651306, 0.762613, -1.220379), (17.643766, 0.744248, -1.065449), (17.785185, 0.673671, -1.230302)
(17.651306, 0.762613, -1.220379), (17.785185, 0.673671, -1.230302), (17.79125, 0.687809, -1.385703)
(17.511791, 0.843567, -1.211441), (17.5056, 0.825666, -1.056664), (17.651306, 0.762613, -1.220379)
(17.511791, 0.843567, -1.211441), (17.651306, 0.762613, -1.220379), (17.65621, 0.776314, -1.37569)
(18.02935, 0.453545, -1.095702), (18.152508, 0.342474, -1.105133), (18.16387, 0.363917, -1.26125)
(18.02935, 0.453545, -1.095702), (18.016954, 0.429505, -0.939673), (18.152508, 0.342474, -1.105133)
(17.904835, 0.558258, -1.085406), (18.02935, 0.453545, -1.095702), (18.039549, 0.472928, -1.251401)
(17.904835, 0.558258, -1.085406), (17.893251, 0.53515, -0.929887), (18.02935, 0.453545, -1.095702)
(17.776823, 0.655401, -1.075111), (17.904835, 0.558258, -1.085406), (17.914101, 0.576935, -1.240868)
(17.776823, 0.655401, -1.075111), (17.765944, 0.632412, -0.920028), (17.904835, 0.558258, -1.085406)
(17.643766, 0.744248, -1.065449), (17.776823, 0.655401, -1.075111), (17.785185, 0.673671, -1.230302)
(17.643766, 0.744248, -1.065449), (17.633652, 0.721068, -0.910753), (17.776823, 0.655401, -1.075111)
(17.5056, 0.825666, -1.056664), (17.643766, 0.744248, -1.065449), (17.651306, 0.762613, -1.220379)
(17.5056, 0.825666, -1.056664), (17.496227, 0.801939, -0.902327), (17.643766, 0.744248, -1.065449)
(18.016954, 0.429505, -0.939673), (18.002739, 0.401103, -0.783111), (18.139734, 0.318175, -0.948638)
(18.016954, 0.429505, -0.939673), (18.139734, 0.318175, -0.948638), (18.152508, 0.342474, -1.105133)
(17.893251, 0.53515, -0.929887), (17.878914, 0.506113, -0.774076), (18.016954, 0.429505, -0.939673)
(17.893251, 0.53515, -0.929887), (18.016954, 0.429505, -0.939673), (18.02935, 0.453545, -1.095702)
(17.765944, 0.632412, -0.920028), (17.752155, 0.603655, -0.764918), (17.893251, 0.53515, -0.929887)
(17.765944, 0.632412, -0.920028), (17.893251, 0.53515, -0.929887), (17.904835, 0.558258, -1.085406)
(17.633652, 0.721068, -0.910753), (17.620527, 0.692076, -0.756203), (17.765944, 0.632412, -0.920028)
(17.633652, 0.721068, -0.910753), (17.765944, 0.632412, -0.920028), (17.776823, 0.655401, -1.075111)
(17.496227, 0.801939, -0.902327), (17.483852, 0.772417, -0.748253), (17.633652, 0.721068, -0.910753)
(17.496227, 0.801939, -0.902327), (17.633652, 0.721068, -0.910753), (17.643766, 0.744248, -1.065449)
(18.002739, 0.401103, -0.783111), (18.125708, 0.29004, -0.791279), (18.139734, 0.318175, -0.948638)
(18.002739, 0.401103, -0.783111), (17.987221, 0.369641, -0.62603), (18.125708, 0.29004, -0.791279)
(17.878914, 0.506113, -0.774076), (18.002739, 0.401103, -0.783111), (18.016954, 0.429505, -0.939673)
(17.878914, 0.506113, -0.774076), (17.86348, 0.474554, -0.617909), (18.002739, 0.401103, -0.783111)
(17.752155, 0.603655, -0.764918), (17.878914, 0.506113, -0.774076), (17.893251, 0.53515, -0.929887)
(17.752155, 0.603655, -0.764918), (17.73687, 0.571313, -0.609516), (17.878914, 0.506113, -0.774076)
(17.620527, 0.692076, -0.756203), (17.752155, 0.603655, -0.764918), (17.765944, 0.632412, -0.920028)
(17.620527, 0.692076, -0.756203), (17.606056, 0.659821, -0.601475), (17.752155, 0.603655, -0.764918)
(17.483852, 0.772417, -0.748253), (17.620527, 0.692076, -0.756203), (17.633652, 0.721068, -0.910753)
(17.483852, 0.772417, -0.748253), (17.470657, 0.740603, -0.594065), (17.620527, 0.692076, -0.756203)
# 18.39678841664667, 0, -1.0354503500199972
(18.689821, -0.065609, -1.284111), (18.67758, -0.088812, -1.126805), (18.835855, -0.154523, -1.284989)
(18.689821, -0.065609, -1.284111), (18.835855, -0.154523, -1.284989), (18.848417, -0.132223, -1.441271)
(18.550621, 0.033781, -1.281312), (18.537308, 0.009448, -1.12465), (18.689821, -0.065609, -1.284111)
(18.550621, 0.033781, -1.281312), (18.689821, -0.065609, -1.284111), (18.702747, -0.042669, -1.440249)
(18.41721, 0.140572, -1.276659), (18.404543, 0.117255, -1.120062), (18.550621, 0.033781, -1.281312)
(18.41721, 0.140572, -1.276659), (18.550621, 0.033781, -1.281312), (18.563354, 0.056462, -1.437364)
(18.289049, 0.252005, -1.269811), (18.41721, 0.140572, -1.276659), (18.429564, 0.162505, -1.432498)
(18.289049, 0.252005, -1.269811), (18.276937, 0.22958, -1.113456), (18.41721, 0.140572, -1.276659)
(18.16387, 0.363917, -1.26125), (18.152508, 0.342474, -1.105133), (18.289049, 0.252005, -1.269811)
(18.16387, 0.363917, -1.26125), (18.289049, 0.252005, -1.269811), (18.300306, 0.272386, -1.425646)
(18.67758, -0.088812, -1.126805), (18.823433, -0.178054, -1.127743), (18.835855, -0.154523, -1.284989)
(18.67758, -0.088812, -1.126805), (18.664803, -0.114077, -0.968723), (18.823433, -0.178054, -1.127743)
(18.537308, 0.009448, -1.12465), (18.67758, -0.088812, -1.126805), (18.689821, -0.065609, -1.284111)
(18.537308, 0.009448, -1.12465), (18.524744, -0.015414, -0.966599), (18.67758, -0.088812, -1.126805)
(18.404543, 0.117255, -1.120062), (18.537308, 0.009448, -1.12465), (18.550621, 0.033781, -1.281312)
(18.404543, 0.117255, -1.120062), (18.391296, 0.091986, -0.962663), (18.537308, 0.009448, -1.12465)
(18.276937, 0.22958, -1.113456), (18.404543, 0.117255, -1.120062), (18.41721, 0.140572, -1.276659)
(18.276937, 0.22958, -1.113456), (18.263824, 0.204782, -0.956505), (18.404543, 0.117255, -1.120062)
(18.152508, 0.342474, -1.105133), (18.276937, 0.22958, -1.113456), (18.289049, 0.252005, -1.269811)
(18.152508, 0.342474, -1.105133), (18.139734, 0.318175, -0.948638), (18.276937, 0.22958, -1.113456)
(18.664803, -0.114077, -0.968723), (18.653337, -0.13871, -0.809149), (18.810926, -0.203153, -0.969556)
(18.664803, -0.114077, -0.968723), (18.810926, -0.203153, -0.969556), (18.823433, -0.178054, -1.127743)
(18.524744, -0.015414, -0.966599), (18.51284, -0.040699, -0.807224), (18.664803, -0.114077, -0.968723)
(18.524744, -0.015414, -0.966599), (18.664803, -0.114077, -0.968723), (18.67758, -0.088812, -1.126805)
(18.391296, 0.091986, -0.962663), (18.378765, 0.065551, -0.803667), (18.524744, -0.015414, -0.966599)
(18.391296, 0.091986, -0.962663), (18.524744, -0.015414, -0.966599), (18.537308, 0.009448, -1.12465)
(18.263824, 0.204782, -0.956505), (18.250177, 0.177158, -0.79842), (18.391296, 0.091986, -0.962663)
(18.263824, 0.204782, -0.956505), (18.391296, 0.091986, -0.962663), (18.404543, 0.117255, -1.120062)
(18.139734, 0.318175, -0.948638), (18.125708, 0.29004, -0.791279), (18.263824, 0.204782, -0.956505)
(18.139734, 0.318175, -0.948638), (18.263824, 0.204782, -0.956505), (18.276937, 0.22958, -1.113456)
(18.653337, -0.13871, -0.809149), (18.800343, -0.226617, -0.809733), (18.810926, -0.203153, -0.969556)
(18.653337, -0.13871, -0.809149), (18.640869, -0.166211, -0.64885), (18.800343, -0.226617, -0.809733)
(18.51284, -0.040699, -0.807224), (18.653337, -0.13871, -0.809149), (18.664803, -0.114077, -0.968723)
(18.51284, -0.040699, -0.807224), (18.499344, -0.069377, -0.647331), (18.653337, -0.13871, -0.809149)
(18.378765, 0.065551, -0.803667), (18.51284, -0.040699, -0.807224), (18.524744, -0.015414, -0.966599)
(18.378765, 0.065551, -0.803667), (18.364161, 0.035896, -0.644508), (18.51284, -0.040699, -0.807224)
(18.250177, 0.177158, -0.79842), (18.378765, 0.065551, -0.803667), (18.391296, 0.091986, -0.962663)
(18.250177, 0.177158, -0.79842), (18.235497, 0.147218, -0.639691), (18.378765, 0.065551, -0.803667)
(18.125708, 0.29004, -0.791279), (18.250177, 0.177158, -0.79842), (18.263824, 0.204782, -0.956505)
(18.125708, 0.29004, -0.791279), (18.110561, 0.259551, -0.633394), (18.250177, 0.177158, -0.79842)
# 19.064558649980007, 0, -1.0354503500199972
(18.835855, -0.154523, -1.284989), (18.98892, -0.230888, -1.284177), (19.001518, -0.208531, -1.440325)
(18.835855, -0.154523, -1.284989), (18.823433, -0.178054, -1.127743), (18.98892, -0.230888, -1.284177)
(18.98892, -0.230888, -1.284177), (18.976685, -0.254207, -1.126992), (19.149576, -0.292035, -1.281718)
(18.98892, -0.230888, -1.284177), (19.149576, -0.292035, -1.281718), (19.161268, -0.27123, -1.437936)
(19.149576, -0.292035, -1.281718), (19.137486, -0.315358, -1.124716), (19.316261, -0.339604, -1.278244)
(19.149576, -0.292035, -1.281718), (19.316261, -0.339604, -1.278244), (19.327171, -0.320043, -1.434394)
(19.316261, -0.339604, -1.278244), (19.306202, -0.35923, -1.120944), (19.488764, -0.373248, -1.273796)
(19.316261, -0.339604, -1.278244), (19.488764, -0.373248, -1.273796), (19.498535, -0.355483, -1.429938)
(18.823433, -0.178054, -1.127743), (18.976685, -0.254207, -1.126992), (18.98892, -0.230888, -1.284177)
(18.823433, -0.178054, -1.127743), (18.810926, -0.203153, -0.969556), (18.976685, -0.254207, -1.126992)
(18.976685, -0.254207, -1.126992), (19.137486, -0.315358, -1.124716), (19.149576, -0.292035, -1.281718)
(18.976685, -0.254207, -1.126992), (18.964817, -0.278552, -0.968722), (19.137486, -0.315358, -1.124716)
(19.137486, -0.315358, -1.124716), (19.306202, -0.35923, -1.120944), (19.316261, -0.339604, -1.278244)
(19.137486, -0.315358, -1.124716), (19.127186, -0.337096, -0.966222), (19.306202, -0.35923, -1.120944)
(19.306202, -0.35923, -1.120944), (19.479202, -0.392333, -1.11674), (19.488764, -0.373248, -1.273796)
(19.306202, -0.35923, -1.120944), (19.296143, -0.380815, -0.962748), (19.479202, -0.392333, -1.11674)
(18.810926, -0.203153, -0.969556), (18.800343, -0.226617, -0.809733), (18.964817, -0.278552, -0.968722)
(18.810926, -0.203153, -0.969556), (18.964817, -0.278552, -0.968722), (18.976685, -0.254207, -1.126992)
(18.964817, -0.278552, -0.968722), (18.955782, -0.299501, -0.808614), (19.127186, -0.337096, -0.966222)
(18.964817, -0.278552, -0.968722), (19.127186, -0.337096, -0.966222), (19.137486, -0.315358, -1.124716)
(19.127186, -0.337096, -0.966222), (19.117996, -0.358478, -0.806487), (19.296143, -0.380815, -0.962748)
(19.127186, -0.337096, -0.966222), (19.296143, -0.380815, -0.962748), (19.306202, -0.35923, -1.120944)
(19.296143, -0.380815, -0.962748), (19.287573, -0.401213, -0.803245), (19.469713, -0.413093, -0.958811)
(19.296143, -0.380815, -0.962748), (19.469713, -0.413093, -0.958811), (19.479202, -0.392333, -1.11674)
(18.800343, -0.226617, -0.809733), (18.955782, -0.299501, -0.808614), (18.964817, -0.278552, -0.968722)
(18.800343, -0.226617, -0.809733), (18.788952, -0.252871, -0.64916), (18.955782, -0.299501, -0.808614)
(18.955782, -0.299501, -0.808614), (19.117996, -0.358478, -0.806487), (19.127186, -0.337096, -0.966222)
(18.955782, -0.299501, -0.808614), (18.944405, -0.326373, -0.64823), (19.117996, -0.358478, -0.806487)
(19.117996, -0.358478, -0.806487), (19.287573, -0.401213, -0.803245), (19.296143, -0.380815, -0.962748)
(19.117996, -0.358478, -0.806487), (19.108292, -0.382804, -0.645976), (19.287573, -0.401213, -0.803245)
(19.287573, -0.401213, -0.803245), (19.461647, -0.432696, -0.799625), (19.469713, -0.413093, -0.958811)
(19.287573, -0.401213, -0.803245), (19.278181, -0.425245, -0.643128), (19.461647, -0.432696, -0.799625)
# 19.732328883313336, 0, -1.0354503500199972
(19.488764, -0.373248, -1.273796), (19.665897, -0.395115, -1.268551), (19.674629, -0.378684, -1.424602)
(19.488764, -0.373248, -1.273796), (19.479202, -0.392333, -1.11674), (19.665897, -0.395115, -1.268551)
(19.665897, -0.395115, -1.268551), (19.657152, -0.413113, -1.111703), (19.845867, -0.409911, -1.262528)
(19.665897, -0.395115, -1.268551), (19.845867, -0.409911, -1.262528), (19.853193, -0.395271, -1.418714)
(19.479202, -0.392333, -1.11674), (19.657152, -0.413113, -1.111703), (19.665897, -0.395115, -1.268551)
(19.479202, -0.392333, -1.11674), (19.469713, -0.413093, -0.958811), (19.657152, -0.413113, -1.111703)
(19.657152, -0.413113, -1.111703), (19.838366, -0.425875, -1.105851), (19.845867, -0.409911, -1.262528)
(19.657152, -0.413113, -1.111703), (19.648563, -0.432358, -0.954019), (19.838366, -0.425875, -1.105851)
(19.469713, -0.413093, -0.958811), (19.461647, -0.432696, -0.799625), (19.648563, -0.432358, -0.954019)
(19.469713, -0.413093, -0.958811), (19.648563, -0.432358, -0.954019), (19.657152, -0.413113, -1.111703)
(19.648563, -0.432358, -0.954019), (19.641243, -0.450703, -0.795107), (19.830893, -0.443366, -0.94831)
(19.648563, -0.432358, -0.954019), (19.830893, -0.443366, -0.94831), (19.838366, -0.425875, -1.105851)
(19.461647, -0.432696, -0.799625), (19.641243, -0.450703, -0.795107), (19.648563, -0.432358, -0.954019)
(19.461647, -0.432696, -0.799625), (19.45327, -0.454835, -0.639784), (19.641243, -0.450703, -0.795107)
(19.641243, -0.450703, -0.795107), (19.823874, -0.461207, -0.789995), (19.830893, -0.443366, -0.94831)
(19.641243, -0.450703, -0.795107), (19.633493, -0.471405, -0.635783), (19.823874, -0.461207, -0.789995)
