# -19.66611488335333, 0, 6.31002221664667
(-19.854343, -0.492646, 6.105524), (-19.694115, -0.484881, 6.109171), (-19.695358, -0.477378, 5.946414)
(-19.854343, -0.492646, 6.105524), (-19.855164, -0.491254, 6.267771), (-19.694115, -0.484881, 6.109171)
(-19.694115, -0.484881, 6.109171), (-19.539873, -0.454222, 6.112492), (-19.541452, -0.445513, 5.949821)
(-19.694115, -0.484881, 6.109171), (-19.694626, -0.484771, 6.271473), (-19.539873, -0.454222, 6.112492)
(-19.539873, -0.454222, 6.112492), (-19.391752, -0.400247, 6.115423), (-19.393618, -0.390911, 5.953064)
(-19.539873, -0.454222, 6.112492), (-19.540045, -0.455237, 6.274661), (-19.391752, -0.400247, 6.115423)
(-19.391752, -0.400247, 6.115423), (-19.249424, -0.324399, 6.117988), (-19.251562, -0.314754, 5.956171)
(-19.391752, -0.400247, 6.115423), (-19.391514, -0.40243, 6.277262), (-19.249424, -0.324399, 6.117988)
(-19.855164, -0.491254, 6.267771), (-19.857603, -0.483532, 6.429034), (-19.694626, -0.484771, 6.271473)
(-19.855164, -0.491254, 6.267771), (-19.694626, -0.484771, 6.271473), (-19.694115, -0.484881, 6.109171)
(-19.694626, -0.484771, 6.271473), (-19.696783, -0.477719, 6.432755), (-19.540045, -0.455237, 6.274661)
(-19.694626, -0.484771, 6.271473), (-19.540045, -0.455237, 6.274661), (-19.539873, -0.454222, 6.112492)
(-19.540045, -0.455237, 6.274661), (-19.391514, -0.40243, 6.277262), (-19.391752, -0.400247, 6.115423)
(-19.540045, -0.455237, 6.274661), (-19.541828, -0.449013, 6.435818), (-19.391514, -0.40243, 6.277262)
(-19.391514, -0.40243, 6.277262), (-19.392864, -0.397073, 6.438122), (-19.24877, -0.327302, 6.279299)
(-19.391514, -0.40243, 6.277262), (-19.24877, -0.327302, 6.279299), (-19.249424, -0.324399, 6.117988)
(-19.857603, -0.483532, 6.429034), (-19.696783, -0.477719, 6.432755), (-19.694626, -0.484771, 6.271473)
(-19.857603, -0.483532, 6.429034), (-19.861565, -0.469546, 6.589081), (-19.696783, -0.477719, 6.432755)
(-19.696783, -0.477719, 6.432755), (-19.541828, -0.449013, 6.435818), (-19.540045, -0.455237, 6.274661)
(-19.696783, -0.477719, 6.432755), (-19.700485, -0.464312, 6.592751), (-19.541828, -0.449013, 6.435818)
(-19.541828, -0.449013, 6.435818), (-19.392864, -0.397073, 6.438122), (-19.391514, -0.40243, 6.277262)
(-19.541828, -0.449013, 6.435818), (-19.545212, -0.436201, 6.595675), (-19.392864, -0.397073, 6.438122)
(-19.392864, -0.397073, 6.438122), (-19.249632, -0.322991, 6.439674), (-19.24877, -0.327302, 6.279299)
(-19.392864, -0.397073, 6.438122), (-19.395876, -0.38478, 6.597742), (-19.249632, -0.322991, 6.439674)
(-19.861565, -0.469546, 6.589081), (-19.867149, -0.449812, 6.747716), (-19.700485, -0.464312, 6.592751)
(-19.861565, -0.469546, 6.589081), (-19.700485, -0.464312, 6.592751), (-19.696783, -0.477719, 6.432755)
(-19.700485, -0.464312, 6.592751), (-19.705893, -0.444422, 6.751322), (-19.545212, -0.436201, 6.595675)
(-19.700485, -0.464312, 6.592751), (-19.545212, -0.436201, 6.595675), (-19.541828, -0.449013, 6.435818)
(-19.545212, -0.436201, 6.595675), (-19.550308, -0.416523, 6.754112), (-19.395876, -0.38478, 6.597742)
(-19.545212, -0.436201, 6.595675), (-19.395876, -0.38478, 6.597742), (-19.392864, -0.397073, 6.438122)
(-19.395876, -0.38478, 6.597742), (-19.400549, -0.365474, 6.755982), (-19.252256, -0.310796, 6.598958)
(-19.395876, -0.38478, 6.597742), (-19.252256, -0.310796, 6.598958), (-19.249632, -0.322991, 6.439674)
# -18.99834465002, 0, 6.31002221664667
(-19.249424, -0.324399, 6.117988), (-19.112288, -0.229278, 6.12024), (-19.114683, -0.219478, 5.959192)
(-19.249424, -0.324399, 6.117988), (-19.24877, -0.327302, 6.279299), (-19.112288, -0.229278, 6.12024)
(-19.112288, -0.229278, 6.12024), (-18.979277, -0.119099, 6.122251), (-18.981899, -0.109507, 5.962179)
(-19.112288, -0.229278, 6.12024), (-19.111168, -0.232921, 6.28081), (-18.979277, -0.119099, 6.122251)
(-18.979277, -0.119099, 6.122251), (-18.848356, -0.001402, 6.124079), (-18.851126, 0.007578, 5.965131)
(-18.979277, -0.119099, 6.122251), (-18.977753, -0.122947, 6.281887), (-18.848356, -0.001402, 6.124079)
(-18.848356, -0.001402, 6.124079), (-18.71686, 0.113363, 6.125767), (-18.719652, 0.12153, 5.96795)
(-18.848356, -0.001402, 6.124079), (-18.846611, -0.00488, 6.282681), (-18.71686, 0.113363, 6.125767)
(-18.71686, 0.113363, 6.125767), (-18.582394, 0.215897, 6.127316), (-18.584999, 0.222764, 5.97053)
(-18.71686, 0.113363, 6.125767), (-18.715063, 0.110698, 6.283307), (-18.582394, 0.215897, 6.127316)
(-19.24877, -0.327302, 6.279299), (-19.249632, -0.322991, 6.439674), (-19.111168, -0.232921, 6.28081)
(-19.24877, -0.327302, 6.279299), (-19.111168, -0.232921, 6.28081), (-19.112288, -0.229278, 6.12024)
(-19.111168, -0.232921, 6.28081), (-19.111546, -0.228899, 6.440575), (-18.977753, -0.122947, 6.281887)
(-19.111168, -0.232921, 6.28081), (-18.977753, -0.122947, 6.281887), (-18.979277, -0.119099, 6.122251)
(-18.977753, -0.122947, 6.281887), (-18.846611, -0.00488, 6.282681), (-18.848356, -0.001402, 6.124079)
(-18.977753, -0.122947, 6.281887), (-18.977612, -0.119847, 6.440865), (-18.846611, -0.00488, 6.282681)
(-18.846611, -0.00488, 6.282681), (-18.846027, -0.002313, 6.440752), (-18.715063, 0.110698, 6.283307)
(-18.846611, -0.00488, 6.282681), (-18.715063, 0.110698, 6.283307), (-18.71686, 0.113363, 6.125767)
(-18.715063, 0.110698, 6.283307), (-18.714161, 0.113036, 6.440405), (-18.580624, 0.21388, 6.283855)
(-18.715063, 0.110698, 6.283307), (-18.580624, 0.21388, 6.283855), (-18.582394, 0.215897, 6.127316)
(-19.249632, -0.322991, 6.439674), (-19.111546, -0.228899, 6.440575), (-19.111168, -0.232921, 6.28081)
(-19.249632, -0.322991, 6.439674), (-19.252256, -0.310796, 6.598958), (-19.111546, -0.228899, 6.440575)
(-18.714161, 0.113036, 6.440405), (-18.579239, 0.214838, 6.439967), (-18.580624, 0.21388, 6.283855)
(-18.714161, 0.113036, 6.440405), (-18.714045, 0.119586, 6.596879), (-18.579239, 0.214838, 6.439967)
(-19.111546, -0.228899, 6.440575), (-18.977612, -0.119847, 6.440865), (-18.977753, -0.122947, 6.281887)
(-19.111546, -0.228899, 6.440575), (-19.113672, -0.21748, 6.59938), (-18.977612, -0.119847, 6.440865)
(-18.846027, -0.002313, 6.440752), (-18.714161, 0.113036, 6.440405), (-18.715063, 0.110698, 6.283307)
(-18.846027, -0.002313, 6.440752), (-18.84671, 0.006363, 6.598129), (-18.714161, 0.113036, 6.440405)
(-18.977612, -0.119847, 6.440865), (-18.846027, -0.002313, 6.440752), (-18.846611, -0.00488, 6.282681)
(-18.977612, -0.119847, 6.440865), (-18.979088, -0.109428, 6.599044), (-18.846027, -0.002313, 6.440752)
(-18.714045, 0.119586, 6.596879), (-18.71452, 0.128921, 6.752647), (-18.57859, 0.219809, 6.595603)
(-18.714045, 0.119586, 6.596879), (-18.57859, 0.219809, 6.595603), (-18.579239, 0.214838, 6.439967)
(-18.84671, 0.006363, 6.598129), (-18.84823, 0.018874, 6.754546), (-18.714045, 0.119586, 6.596879)
(-18.84671, 0.006363, 6.598129), (-18.714045, 0.119586, 6.596879), (-18.714161, 0.113036, 6.440405)
(-19.252256, -0.310796, 6.598958), (-19.256359, -0.292559, 6.756888), (-19.113672, -0.21748, 6.59938)
(-19.252256, -0.310796, 6.598958), (-19.113672, -0.21748, 6.59938), (-19.111546, -0.228899, 6.440575)
(-18.979088, -0.109428, 6.599044), (-18.981617, -0.094355, 6.75607), (-18.84671, 0.006363, 6.598129)
(-18.979088, -0.109428, 6.599044), (-18.84671, 0.006363, 6.598129), (-18.846027, -0.002313, 6.440752)
(-19.113672, -0.21748, 6.59938), (-19.117081, -0.200534, 6.756911), (-18.979088, -0.109428, 6.599044)
(-19.113672, -0.21748, 6.59938), (-18.979088, -0.109428, 6.599044), (-18.977612, -0.119847, 6.440865)
# -18.330574416686666, 0, 6.31002221664667
(-18.000648, 0.451602, 5.977322), (-17.998701, 0.444695, 6.131628), (-17.847008, 0.479836, 5.978477)
(-18.000648, 0.451602, 5.977322), (-17.847008, 0.479836, 5.978477), (-17.848818, 0.488057, 5.824299)
(-18.582394, 0.215897, 6.127316), (-18.443426, 0.300286, 6.128697), (-18.445774, 0.306063, 5.972781)
(-18.582394, 0.215897, 6.127316), (-18.580624, 0.21388, 6.283855), (-18.443426, 0.300286, 6.128697)
(-18.443426, 0.300286, 6.128697), (-18.299074, 0.363547, 6.129839), (-18.301254, 0.369139, 5.974604)
(-18.443426, 0.300286, 6.128697), (-18.441658, 0.298262, 6.284363), (-18.299074, 0.363547, 6.129839)
(-18.299074, 0.363547, 6.129839), (-18.150394, 0.409989, 6.130788), (-18.152395, 0.415872, 5.976064)
(-18.299074, 0.363547, 6.129839), (-18.297426, 0.361279, 6.284821), (-18.150394, 0.409989, 6.130788)
(-18.150394, 0.409989, 6.130788), (-17.998701, 0.444695, 6.131628), (-18.000648, 0.451602, 5.977322)
(-18.150394, 0.409989, 6.130788), (-18.14863, 0.40606, 6.285247), (-17.998701, 0.444695, 6.131628)
(-17.998701, 0.444695, 6.131628), (-17.845043, 0.471569, 6.132419), (-17.847008, 0.479836, 5.978477)
(-17.998701, 0.444695, 6.131628), (-17.996824, 0.438868, 6.28568), (-17.845043, 0.471569, 6.132419)
(-18.580624, 0.21388, 6.283855), (-18.579239, 0.214838, 6.439967), (-18.441658, 0.298262, 6.284363)
(-18.580624, 0.21388, 6.283855), (-18.441658, 0.298262, 6.284363), (-18.443426, 0.300286, 6.128697)
(-18.441658, 0.298262, 6.284363), (-18.297426, 0.361279, 6.284821), (-18.299074, 0.363547, 6.129839)
(-18.441658, 0.298262, 6.284363), (-18.440163, 0.298713, 6.439646), (-18.297426, 0.361279, 6.284821)
(-18.297426, 0.361279, 6.284821), (-18.295895, 0.360753, 6.439447), (-18.14863, 0.40606, 6.285247)
(-18.297426, 0.361279, 6.284821), (-18.14863, 0.40606, 6.285247), (-18.150394, 0.409989, 6.130788)
(-18.14863, 0.40606, 6.285247), (-18.146954, 0.403527, 6.439388), (-17.996824, 0.438868, 6.28568)
(-18.14863, 0.40606, 6.285247), (-17.996824, 0.438868, 6.28568), (-17.998701, 0.444695, 6.131628)
(-17.996824, 0.438868, 6.28568), (-17.994921, 0.433806, 6.439452), (-17.843082, 0.463951, 6.286132)
(-17.996824, 0.438868, 6.28568), (-17.843082, 0.463951, 6.286132), (-17.845043, 0.471569, 6.132419)
(-18.146954, 0.403527, 6.439388), (-17.994921, 0.433806, 6.439452), (-17.996824, 0.438868, 6.28568)
(-18.146954, 0.403527, 6.439388), (-18.145206, 0.401659, 6.593228), (-17.994921, 0.433806, 6.439452)
(-18.295895, 0.360753, 6.439447), (-18.146954, 0.403527, 6.439388), (-18.14863, 0.40606, 6.285247)
(-18.295895, 0.360753, 6.439447), (-18.294439, 0.361559, 6.593718), (-18.146954, 0.403527, 6.439388)
(-18.440163, 0.298713, 6.439646), (-18.295895, 0.360753, 6.439447), (-18.297426, 0.361279, 6.284821)
(-18.440163, 0.298713, 6.439646), (-18.439018, 0.301635, 6.59452), (-18.295895, 0.360753, 6.439447)
(-18.579239, 0.214838, 6.439967), (-18.440163, 0.298713, 6.439646), (-18.441658, 0.298262, 6.284363)
(-18.579239, 0.214838, 6.439967), (-18.57859, 0.219809, 6.595603), (-18.440163, 0.298713, 6.439646)
(-18.145206, 0.401659, 6.593228), (-18.143524, 0.400691, 6.746854), (-17.993063, 0.429721, 6.592984)
(-18.145206, 0.401659, 6.593228), (-17.993063, 0.429721, 6.592984), (-17.994921, 0.433806, 6.439452)
(-18.294439, 0.361559, 6.593718), (-18.29283, 0.362232, 6.747711), (-18.145206, 0.401659, 6.593228)
(-18.294439, 0.361559, 6.593718), (-18.145206, 0.401659, 6.593228), (-18.146954, 0.403527, 6.439388)
(-18.439018, 0.301635, 6.59452), (-18.437937, 0.305198, 6.749014), (-18.294439, 0.361559, 6.593718)
(-18.439018, 0.301635, 6.59452), (-18.294439, 0.361559, 6.593718), (-18.295895, 0.360753, 6.439447)
(-18.57859, 0.219809, 6.595603), (-18.57822, 0.226295, 6.750718), (-18.439018, 0.301635, 6.59452)
(-18.57859, 0.219809, 6.595603), (-18.439018, 0.301635, 6.59452), (-18.440163, 0.298713, 6.439646)
# -17.662804183353337, 0, 6.31002221664667
(-17.847008, 0.479836, 5.978477), (-17.845043, 0.471569, 6.132419), (-17.692141, 0.502778, 5.979571)
(-17.847008, 0.479836, 5.978477), (-17.692141, 0.502778, 5.979571), (-17.693981, 0.512157, 5.825741)
(-17.692141, 0.502778, 5.979571), (-17.69018, 0.49332, 6.133194), (-17.536591, 0.52233, 5.980657)
(-17.692141, 0.502778, 5.979571), (-17.536591, 0.52233, 5.980657), (-17.538425, 0.532639, 5.827138)
(-17.536591, 0.52233, 5.980657), (-17.534716, 0.512165, 6.134011), (-17.380713, 0.539854, 5.981775)
(-17.536591, 0.52233, 5.980657), (-17.380713, 0.539854, 5.981775), (-17.382477, 0.550702, 5.828519)
(-17.380713, 0.539854, 5.981775), (-17.378963, 0.529325, 6.134911), (-17.224686, 0.556091, 5.982956)
(-17.380713, 0.539854, 5.981775), (-17.224686, 0.556091, 5.982956), (-17.226351, 0.567255, 5.829921)
(-17.845043, 0.471569, 6.132419), (-17.69018, 0.49332, 6.133194), (-17.692141, 0.502778, 5.979571)
(-17.845043, 0.471569, 6.132419), (-17.843082, 0.463951, 6.286132), (-17.69018, 0.49332, 6.133194)
(-17.69018, 0.49332, 6.133194), (-17.534716, 0.512165, 6.134011), (-17.536591, 0.52233, 5.980657)
(-17.69018, 0.49332, 6.133194), (-17.688244, 0.484464, 6.286628), (-17.534716, 0.512165, 6.134011)
(-17.534716, 0.512165, 6.134011), (-17.378963, 0.529325, 6.134911), (-17.380713, 0.539854, 5.981775)
(-17.534716, 0.512165, 6.134011), (-17.532873, 0.502577, 6.28722), (-17.378963, 0.529325, 6.134911)
(-17.378963, 0.529325, 6.134911), (-17.223095, 0.545465, 6.135916), (-17.224686, 0.556091, 5.982956)
(-17.378963, 0.529325, 6.134911), (-17.377296, 0.519525, 6.287949), (-17.223095, 0.545465, 6.135916)
(-17.843082, 0.463951, 6.286132), (-17.688244, 0.484464, 6.286628), (-17.69018, 0.49332, 6.133194)
(-17.843082, 0.463951, 6.286132), (-17.841131, 0.457051, 6.439617), (-17.688244, 0.484464, 6.286628)
(-17.688244, 0.484464, 6.286628), (-17.686346, 0.476348, 6.439889), (-17.532873, 0.502577, 6.28722)
(-17.688244, 0.484464, 6.286628), (-17.532873, 0.502577, 6.28722), (-17.534716, 0.512165, 6.134011)
(-17.532873, 0.502577, 6.28722), (-17.531124, 0.493874, 6.440311), (-17.377296, 0.519525, 6.287949)
(-17.532873, 0.502577, 6.28722), (-17.377296, 0.519525, 6.287949), (-17.378963, 0.529325, 6.134911)
(-17.377296, 0.519525, 6.287949), (-17.375755, 0.510744, 6.440939), (-17.221626, 0.535733, 6.288832)
(-17.377296, 0.519525, 6.287949), (-17.221626, 0.535733, 6.288832), (-17.223095, 0.545465, 6.135916)
(-17.994921, 0.433806, 6.439452), (-17.841131, 0.457051, 6.439617), (-17.843082, 0.463951, 6.286132)
(-17.994921, 0.433806, 6.439452), (-17.993063, 0.429721, 6.592984), (-17.841131, 0.457051, 6.439617)
(-17.841131, 0.457051, 6.439617), (-17.686346, 0.476348, 6.439889), (-17.688244, 0.484464, 6.286628)
(-17.841131, 0.457051, 6.439617), (-17.839237, 0.451098, 6.592916), (-17.686346, 0.476348, 6.439889)
(-17.686346, 0.476348, 6.439889), (-17.531124, 0.493874, 6.440311), (-17.532873, 0.502577, 6.28722)
(-17.686346, 0.476348, 6.439889), (-17.68454, 0.469242, 6.593025), (-17.531124, 0.493874, 6.440311)
(-17.531124, 0.493874, 6.440311), (-17.375755, 0.510744, 6.440939), (-17.377296, 0.519525, 6.287949)
(-17.531124, 0.493874, 6.440311), (-17.529503, 0.486315, 6.59335), (-17.375755, 0.510744, 6.440939)
(-17.375755, 0.510744, 6.440939), (-17.22032, 0.527122, 6.441748), (-17.221626, 0.535733, 6.288832)
(-17.375755, 0.510744, 6.440939), (-17.37438, 0.503178, 6.593925), (-17.22032, 0.527122, 6.441748)
(-17.839237, 0.451098, 6.592916), (-17.837461, 0.446288, 6.74612), (-17.68454, 0.469242, 6.593025)
(-17.839237, 0.451098, 6.592916), (-17.68454, 0.469242, 6.593025), (-17.686346, 0.476348, 6.439889)
(-17.993063, 0.429721, 6.592984), (-17.991293, 0.426649, 6.746355), (-17.839237, 0.451098, 6.592916)
(-17.993063, 0.429721, 6.592984), (-17.839237, 0.451098, 6.592916), (-17.841131, 0.457051, 6.439617)
(-17.68454, 0.469242, 6.593025), (-17.682888, 0.46345, 6.74614), (-17.529503, 0.486315, 6.59335)
(-17.68454, 0.469242, 6.593025), (-17.529503, 0.486315, 6.59335), (-17.531124, 0.493874, 6.440311)
(-17.529503, 0.486315, 6.59335), (-17.528084, 0.480215, 6.746439), (-17.37438, 0.503178, 6.593925)
(-17.529503, 0.486315, 6.59335), (-17.37438, 0.503178, 6.593925), (-17.375755, 0.510744, 6.440939)
(-17.37438, 0.503178, 6.593925), (-17.373236, 0.497164, 6.747036), (-17.21921, 0.519828, 6.594721)
(-17.37438, 0.503178, 6.593925), (-17.21921, 0.519828, 6.594721), (-17.22032, 0.527122, 6.441748)
# -16.99503395002, 0, 6.31002221664667
(-17.224686, 0.556091, 5.982956), (-17.223095, 0.545465, 6.135916), (-17.068556, 0.571241, 5.984194)
(-17.224686, 0.556091, 5.982956), (-17.068556, 0.571241, 5.984194), (-17.070099, 0.582532, 5.831341)
(-17.068556, 0.571241, 5.984194), (-17.067146, 0.560709, 6.137024), (-16.912342, 0.585335, 5.98548)
(-17.068556, 0.571241, 5.984194), (-16.912342, 0.585335, 5.98548), (-16.91375, 0.596631, 5.832773)
(-16.912342, 0.585335, 5.98548), (-16.911108, 0.575031, 6.138211), (-16.756023, 0.598353, 5.986795)
(-16.912342, 0.585335, 5.98548), (-16.756023, 0.598353, 5.986795), (-16.757307, 0.609532, 5.834205)
(-16.756023, 0.598353, 5.986795), (-16.754953, 0.588311, 6.139446), (-16.599562, 0.610169, 5.988104)
(-16.756023, 0.598353, 5.986795), (-16.599562, 0.610169, 5.988104), (-16.600729, 0.621235, 5.835614)
(-17.223095, 0.545465, 6.135916), (-17.067146, 0.560709, 6.137024), (-17.068556, 0.571241, 5.984194)
(-17.223095, 0.545465, 6.135916), (-17.221626, 0.535733, 6.288832), (-17.067146, 0.560709, 6.137024)
(-17.067146, 0.560709, 6.137024), (-16.911108, 0.575031, 6.138211), (-16.912342, 0.585335, 5.98548)
(-17.067146, 0.560709, 6.137024), (-17.065884, 0.551211, 6.289847), (-16.911108, 0.575031, 6.138211)
(-16.911108, 0.575031, 6.138211), (-16.754953, 0.588311, 6.139446), (-16.756023, 0.598353, 5.986795)
(-16.911108, 0.575031, 6.138211), (-16.910059, 0.565902, 6.290981), (-16.754953, 0.588311, 6.139446)
(-16.754953, 0.588311, 6.139446), (-16.598644, 0.600399, 6.140691), (-16.599562, 0.610169, 5.988104)
(-16.754953, 0.588311, 6.139446), (-16.754105, 0.579587, 6.29218), (-16.598644, 0.600399, 6.140691)
(-17.221626, 0.535733, 6.288832), (-17.065884, 0.551211, 6.289847), (-17.067146, 0.560709, 6.137024)
(-17.221626, 0.535733, 6.288832), (-17.22032, 0.527122, 6.441748), (-17.065884, 0.551211, 6.289847)
(-17.065884, 0.551211, 6.289847), (-17.064819, 0.542965, 6.442726), (-16.910059, 0.565902, 6.290981)
(-17.065884, 0.551211, 6.289847), (-16.910059, 0.565902, 6.290981), (-16.911108, 0.575031, 6.138211)
(-16.910059, 0.565902, 6.290981), (-16.909229, 0.5581, 6.443841), (-16.754105, 0.579587, 6.29218)
(-16.910059, 0.565902, 6.290981), (-16.754105, 0.579587, 6.29218), (-16.754953, 0.588311, 6.139446)
(-16.754105, 0.579587, 6.29218), (-16.753511, 0.572361, 6.445085), (-16.59798, 0.592096, 6.293404)
(-16.754105, 0.579587, 6.29218), (-16.59798, 0.592096, 6.293404), (-16.598644, 0.600399, 6.140691)
(-17.22032, 0.527122, 6.441748), (-17.064819, 0.542965, 6.442726), (-17.065884, 0.551211, 6.289847)
(-17.22032, 0.527122, 6.441748), (-17.21921, 0.519828, 6.594721), (-17.064819, 0.542965, 6.442726)
(-17.064819, 0.542965, 6.442726), (-16.909229, 0.5581, 6.443841), (-16.910059, 0.565902, 6.290981)
(-17.064819, 0.542965, 6.442726), (-17.063984, 0.536139, 6.595726), (-16.909229, 0.5581, 6.443841)
(-16.909229, 0.5581, 6.443841), (-16.753511, 0.572361, 6.445085), (-16.754105, 0.579587, 6.29218)
(-16.909229, 0.5581, 6.443841), (-16.908661, 0.55186, 6.596913), (-16.753511, 0.572361, 6.445085)
(-16.753511, 0.572361, 6.445085), (-16.597593, 0.585372, 6.446309), (-16.59798, 0.592096, 6.293404)
(-16.753511, 0.572361, 6.445085), (-16.75318, 0.566658, 6.598205), (-16.597593, 0.585372, 6.446309)
(-17.21921, 0.519828, 6.594721), (-17.218359, 0.514157, 6.747896), (-17.063984, 0.536139, 6.595726)
(-17.21921, 0.519828, 6.594721), (-17.063984, 0.536139, 6.595726), (-17.064819, 0.542965, 6.442726)
(-17.063984, 0.536139, 6.595726), (-17.063423, 0.530971, 6.74901), (-16.908661, 0.55186, 6.596913)
(-17.063984, 0.536139, 6.595726), (-16.908661, 0.55186, 6.596913), (-16.909229, 0.5581, 6.443841)
(-16.908661, 0.55186, 6.596913), (-16.908356, 0.547173, 6.750283), (-16.75318, 0.566658, 6.598205)
(-16.908661, 0.55186, 6.596913), (-16.75318, 0.566658, 6.598205), (-16.753511, 0.572361, 6.445085)
(-16.75318, 0.566658, 6.598205), (-16.753113, 0.5625, 6.751668), (-16.597483, 0.580242, 6.599473)
(-16.75318, 0.566658, 6.598205), (-16.597483, 0.580242, 6.599473), (-16.597593, 0.585372, 6.446309)
# -16.32726371668667, 0, 6.31002221664667
(-16.335649, 1.163988, 5.978102), (-16.312183, 1.173525, 5.972103), (-16.361645, 1.16672, 5.881491)
(-16.335649, 1.163988, 5.978102), (-16.361645, 1.16672, 5.881491), (-16.510052, 1.16672, 5.920817)
(-16.599562, 0.610169, 5.988104), (-16.598644, 0.600399, 6.140691), (-16.44293, 0.620598, 5.989379)
(-16.599562, 0.610169, 5.988104), (-16.44293, 0.620598, 5.989379), (-16.443993, 0.631531, 5.836971)
(-16.44293, 0.620598, 5.989379), (-16.442158, 0.611111, 6.141918), (-16.286104, 0.629442, 5.990589)
(-16.44293, 0.620598, 5.989379), (-16.286104, 0.629442, 5.990589), (-16.287071, 0.640247, 5.838248)
(-15.995216, 1.170794, 5.990189), (-15.938667, 1.170794, 5.974939), (-15.964443, 1.173525, 5.879141)
(-15.995216, 1.170794, 5.990189), (-15.969404, 1.168062, 6.086118), (-15.938667, 1.170794, 5.974939)
(-16.286104, 0.629442, 5.990589), (-16.285448, 0.620256, 6.143081), (-16.129044, 0.636564, 5.991707)
(-16.286104, 0.629442, 5.990589), (-16.129044, 0.636564, 5.991707), (-16.129948, 0.647214, 5.839426)
(-16.129044, 0.636564, 5.991707), (-16.128481, 0.627667, 6.144153), (-15.971708, 0.641791, 5.992705)
(-16.129044, 0.636564, 5.991707), (-15.971708, 0.641791, 5.992705), (-15.972571, 0.652317, 5.840478)
(-16.01811, 1.161257, 5.996093), (-15.995216, 1.170794, 5.990189), (-16.021025, 1.173525, 5.894267)
(-16.01811, 1.161257, 5.996093), (-15.992283, 1.158525, 6.092076), (-15.995216, 1.170794, 5.990189)
(-16.517849, 0.408838, 6.005214), (-16.568983, 1.173525, 6.040753), (-16.54398, 0.411578, 5.907915)
(-16.483967, 1.163988, 6.017752), (-16.335649, 1.163988, 5.978102), (-16.510052, 1.16672, 5.920817)
(-16.483967, 1.163988, 6.017752), (-16.510052, 1.16672, 5.920817), (-16.532833, 1.176256, 5.927132)
(-16.506741, 1.173525, 6.024113), (-16.483967, 1.163988, 6.017752), (-16.532833, 1.176256, 5.927132)
(-16.506741, 1.173525, 6.024113), (-16.532833, 1.176256, 5.927132), (-16.595116, 1.176256, 5.943636)
(-16.16634, 1.161257, 6.036067), (-16.01811, 1.161257, 5.996093), (-16.043934, 1.163988, 5.900118)
(-16.16634, 1.161257, 6.036067), (-16.140429, 1.158525, 6.132372), (-16.01811, 1.161257, 5.996093)
(-16.568983, 1.173525, 6.040753), (-16.506741, 1.173525, 6.024113), (-16.595116, 1.176256, 5.943636)
(-16.568983, 1.173525, 6.040753), (-16.595116, 1.176256, 5.943636), (-16.54398, 0.411578, 5.907915)
(-16.189655, 1.170794, 6.042623), (-16.215578, 1.173525, 5.946277), (-16.237928, 1.170794, 6.055641)
(-16.189655, 1.170794, 6.042623), (-16.16634, 1.161257, 6.036067), (-16.192249, 1.163988, 5.939768)
(-16.189655, 1.170794, 6.042623), (-16.237928, 1.170794, 6.055641), (-16.211977, 1.168062, 6.152099)
(-16.189655, 1.170794, 6.042623), (-16.163729, 1.168062, 6.138976), (-16.16634, 1.161257, 6.036067)
(-16.237928, 1.170794, 6.055641), (-16.286205, 1.170794, 6.068659), (-16.211977, 1.168062, 6.152099)
(-16.286205, 1.170794, 6.068659), (-16.312183, 1.173525, 5.972103), (-16.335649, 1.163988, 5.978102)
(-16.286205, 1.170794, 6.068659), (-16.260221, 1.168062, 6.165223), (-16.211977, 1.168062, 6.152099)
(-16.309654, 1.161257, 6.074714), (-16.286205, 1.170794, 6.068659), (-16.335649, 1.163988, 5.978102)
(-16.309654, 1.161257, 6.074714), (-16.335649, 1.163988, 5.978102), (-16.483967, 1.163988, 6.017752)
(-16.491716, 0.406098, 6.102513), (-16.542854, 1.170793, 6.137869), (-16.517849, 0.408838, 6.005214)
(-16.457884, 1.161257, 6.114687), (-16.309654, 1.161257, 6.074714), (-16.483967, 1.163988, 6.017752)
(-16.457884, 1.161257, 6.114687), (-16.483967, 1.163988, 6.017752), (-16.506741, 1.173525, 6.024113)
(-16.480644, 1.170793, 6.121093), (-16.457884, 1.161257, 6.114687), (-16.506741, 1.173525, 6.024113)
(-16.480644, 1.170793, 6.121093), (-16.506741, 1.173525, 6.024113), (-16.568983, 1.173525, 6.040753)
(-16.140429, 1.158525, 6.132372), (-15.992283, 1.158525, 6.092076), (-16.01811, 1.161257, 5.996093)
(-16.140429, 1.158525, 6.132372), (-16.113995, 1.15589, 6.228568), (-15.992283, 1.158525, 6.092076)
(-16.542854, 1.170793, 6.137869), (-16.480644, 1.170793, 6.121093), (-16.568983, 1.173525, 6.040753)
(-16.542854, 1.170793, 6.137869), (-16.568983, 1.173525, 6.040753), (-16.517849, 0.408838, 6.005214)
(-16.163729, 1.168062, 6.138976), (-16.189655, 1.170794, 6.042623), (-16.211977, 1.168062, 6.152099)
(-16.163729, 1.168062, 6.138976), (-16.140429, 1.158525, 6.132372), (-16.16634, 1.161257, 6.036067)
(-16.163729, 1.168062, 6.138976), (-16.211977, 1.168062, 6.152099), (-16.185505, 1.165427, 6.248425)
(-16.163729, 1.168062, 6.138976), (-16.137281, 1.165427, 6.235211), (-16.140429, 1.158525, 6.132372)
(-16.598644, 0.600399, 6.140691), (-16.442158, 0.611111, 6.141918), (-16.44293, 0.620598, 5.989379)
(-16.598644, 0.600399, 6.140691), (-16.59798, 0.592096, 6.293404), (-16.442158, 0.611111, 6.141918)
(-16.442158, 0.611111, 6.141918), (-16.285448, 0.620256, 6.143081), (-16.286104, 0.629442, 5.990589)
(-16.442158, 0.611111, 6.141918), (-16.441654, 0.603228, 6.2946), (-16.285448, 0.620256, 6.143081)
(-16.285448, 0.620256, 6.143081), (-16.128481, 0.627667, 6.144153), (-16.129044, 0.636564, 5.991707)
(-16.285448, 0.620256, 6.143081), (-16.285097, 0.612814, 6.29575), (-16.128481, 0.627667, 6.144153)
(-16.128481, 0.627667, 6.144153), (-15.971228, 0.633168, 6.145112), (-15.971708, 0.641791, 5.992705)
(-16.128481, 0.627667, 6.144153), (-16.128258, 0.62066, 6.296803), (-15.971228, 0.633168, 6.145112)
(-16.211977, 1.168062, 6.152099), (-16.260221, 1.168062, 6.165223), (-16.185505, 1.165427, 6.248425)
(-16.260221, 1.168062, 6.165223), (-16.286205, 1.170794, 6.068659), (-16.309654, 1.161257, 6.074714)
(-16.260221, 1.168062, 6.165223), (-16.233727, 1.165427, 6.261639), (-16.185505, 1.165427, 6.248425)
(-16.283657, 1.158525, 6.171332), (-16.260221, 1.168062, 6.165223), (-16.309654, 1.161257, 6.074714)
(-16.283657, 1.158525, 6.171332), (-16.309654, 1.161257, 6.074714), (-16.457884, 1.161257, 6.114687)
(-16.46558, 0.403358, 6.199819), (-16.51672, 1.168062, 6.234992), (-16.491716, 0.406098, 6.102513)
(-16.431805, 1.158525, 6.211628), (-16.283657, 1.158525, 6.171332), (-16.457884, 1.161257, 6.114687)
(-16.431805, 1.158525, 6.211628), (-16.457884, 1.161257, 6.114687), (-16.480644, 1.170793, 6.121093)
(-16.454546, 1.168062, 6.218081), (-16.431805, 1.158525, 6.211628), (-16.480644, 1.170793, 6.121093)
(-16.454546, 1.168062, 6.218081), (-16.480644, 1.170793, 6.121093), (-16.542854, 1.170793, 6.137869)
(-16.113995, 1.15589, 6.228568), (-15.965925, 1.15589, 6.187995), (-15.992283, 1.158525, 6.092076)
(-16.113995, 1.15589, 6.228568), (-16.087452, 1.153275, 6.324742), (-15.965925, 1.15589, 6.187995)
(-16.51672, 1.168062, 6.234992), (-16.454546, 1.168062, 6.218081), (-16.542854, 1.170793, 6.137869)
(-16.51672, 1.168062, 6.234992), (-16.542854, 1.170793, 6.137869), (-16.491716, 0.406098, 6.102513)
(-16.137281, 1.165427, 6.235211), (-16.163729, 1.168062, 6.138976), (-16.185505, 1.165427, 6.248425)
(-16.137281, 1.165427, 6.235211), (-16.113995, 1.15589, 6.228568), (-16.140429, 1.158525, 6.132372)
(-16.137281, 1.165427, 6.235211), (-16.185505, 1.165427, 6.248425), (-16.158928, 1.162812, 6.344725)
(-16.137281, 1.165427, 6.235211), (-16.110729, 1.162812, 6.331424), (-16.113995, 1.15589, 6.228568)
(-16.185505, 1.165427, 6.248425), (-16.233727, 1.165427, 6.261639), (-16.158928, 1.162812, 6.344725)
(-16.233727, 1.165427, 6.261639), (-16.260221, 1.168062, 6.165223), (-16.283657, 1.158525, 6.171332)
(-16.233727, 1.165427, 6.261639), (-16.207127, 1.162812, 6.358026), (-16.158928, 1.162812, 6.344725)
(-16.257149, 1.15589, 6.267795), (-16.233727, 1.165427, 6.261639), (-16.283657, 1.158525, 6.171332)
(-16.257149, 1.15589, 6.267795), (-16.283657, 1.158525, 6.171332), (-16.431805, 1.158525, 6.211628)
(-16.59798, 0.592096, 6.293404), (-16.441654, 0.603228, 6.2946), (-16.442158, 0.611111, 6.141918)
(-16.59798, 0.592096, 6.293404), (-16.597593, 0.585372, 6.446309), (-16.441654, 0.603228, 6.2946)
(-16.441654, 0.603228, 6.2946), (-16.441454, 0.597026, 6.447512), (-16.285097, 0.612814, 6.29575)
(-16.441654, 0.603228, 6.2946), (-16.285097, 0.612814, 6.29575), (-16.285448, 0.620256, 6.143081)
(-16.285097, 0.612814, 6.29575), (-16.285065, 0.607155, 6.448661), (-16.128258, 0.62066, 6.296803)
(-16.285097, 0.612814, 6.29575), (-16.128258, 0.62066, 6.296803), (-16.128481, 0.627667, 6.144153)
(-16.128258, 0.62066, 6.296803), (-16.128387, 0.615564, 6.449756), (-15.971118, 0.626597, 6.297749)
(-16.128258, 0.62066, 6.296803), (-15.971118, 0.626597, 6.297749), (-15.971228, 0.633168, 6.145112)
(-16.438951, 0.400716, 6.296865), (-16.490093, 1.165427, 6.331887), (-16.46558, 0.403358, 6.199819)
(-16.405216, 1.15589, 6.308368), (-16.257149, 1.15589, 6.267795), (-16.431805, 1.158525, 6.211628)
(-16.405216, 1.15589, 6.308368), (-16.431805, 1.158525, 6.211628), (-16.454546, 1.168062, 6.218081)
(-16.427952, 1.165427, 6.314859), (-16.405216, 1.15589, 6.308368), (-16.454546, 1.168062, 6.218081)
(-16.427952, 1.165427, 6.314859), (-16.454546, 1.168062, 6.218081), (-16.51672, 1.168062, 6.234992)
(-16.087452, 1.153275, 6.324742), (-15.939457, 1.153275, 6.283902), (-15.965925, 1.15589, 6.187995)
(-16.087452, 1.153275, 6.324742), (-16.060911, 1.150659, 6.420916), (-15.939457, 1.153275, 6.283902)
(-16.110729, 1.162812, 6.331424), (-16.137281, 1.165427, 6.235211), (-16.158928, 1.162812, 6.344725)
(-16.110729, 1.162812, 6.331424), (-16.087452, 1.153275, 6.324742), (-16.113995, 1.15589, 6.228568)
(-16.110729, 1.162812, 6.331424), (-16.158928, 1.162812, 6.344725), (-16.132351, 1.160196, 6.441025)
(-16.110729, 1.162812, 6.331424), (-16.084179, 1.160197, 6.427637), (-16.087452, 1.153275, 6.324742)
(-16.490093, 1.165427, 6.331887), (-16.427952, 1.165427, 6.314859), (-16.51672, 1.168062, 6.234992)
(-16.490093, 1.165427, 6.331887), (-16.51672, 1.168062, 6.234992), (-16.46558, 0.403358, 6.199819)
(-16.158928, 1.162812, 6.344725), (-16.207127, 1.162812, 6.358026), (-16.132351, 1.160196, 6.441025)
(-16.207127, 1.162812, 6.358026), (-16.233727, 1.165427, 6.261639), (-16.257149, 1.15589, 6.267795)
(-16.207127, 1.162812, 6.358026), (-16.180525, 1.160196, 6.454412), (-16.132351, 1.160196, 6.441025)
(-16.230537, 1.153275, 6.364227), (-16.207127, 1.162812, 6.358026), (-16.257149, 1.15589, 6.267795)
(-16.230537, 1.153275, 6.364227), (-16.257149, 1.15589, 6.267795), (-16.405216, 1.15589, 6.308368)
(-16.41222, 0.398094, 6.393858), (-16.463366, 1.162812, 6.428736), (-16.438951, 0.400716, 6.296865)
(-16.378532, 1.153274, 6.405066), (-16.230537, 1.153275, 6.364227), (-16.405216, 1.15589, 6.308368)
(-16.378532, 1.153274, 6.405066), (-16.405216, 1.15589, 6.308368), (-16.427952, 1.165427, 6.314859)
(-16.401257, 1.162812, 6.411596), (-16.378532, 1.153274, 6.405066), (-16.427952, 1.165427, 6.314859)
(-16.401257, 1.162812, 6.411596), (-16.427952, 1.165427, 6.314859), (-16.490093, 1.165427, 6.331887)
(-16.060911, 1.150659, 6.420916), (-15.912991, 1.150659, 6.379809), (-15.939457, 1.153275, 6.283902)
(-16.060911, 1.150659, 6.420916), (-16.034092, 1.148094, 6.51703), (-15.912991, 1.150659, 6.379809)
(-16.084179, 1.160197, 6.427637), (-16.110729, 1.162812, 6.331424), (-16.132351, 1.160196, 6.441025)
(-16.084179, 1.160197, 6.427637), (-16.060911, 1.150659, 6.420916), (-16.087452, 1.153275, 6.324742)
(-16.084179, 1.160197, 6.427637), (-16.132351, 1.160196, 6.441025), (-16.105497, 1.157631, 6.537255)
(-16.084179, 1.160197, 6.427637), (-16.057346, 1.157631, 6.523787), (-16.060911, 1.150659, 6.420916)
(-16.463366, 1.162812, 6.428736), (-16.401257, 1.162812, 6.411596), (-16.490093, 1.165427, 6.331887)
(-16.463366, 1.162812, 6.428736), (-16.490093, 1.165427, 6.331887), (-16.438951, 0.400716, 6.296865)
(-16.132351, 1.160196, 6.441025), (-16.180525, 1.160196, 6.454412), (-16.105497, 1.157631, 6.537255)
(-16.597593, 0.585372, 6.446309), (-16.441454, 0.597026, 6.447512), (-16.441654, 0.603228, 6.2946)
(-16.597593, 0.585372, 6.446309), (-16.597483, 0.580242, 6.599473), (-16.441454, 0.597026, 6.447512)
(-16.441454, 0.597026, 6.447512), (-16.285065, 0.607155, 6.448661), (-16.285097, 0.612814, 6.29575)
(-16.441454, 0.597026, 6.447512), (-16.441549, 0.592498, 6.600731), (-16.285065, 0.607155, 6.448661)
(-16.285065, 0.607155, 6.448661), (-16.128387, 0.615564, 6.449756), (-16.128258, 0.62066, 6.296803)
(-16.285065, 0.607155, 6.448661), (-16.285347, 0.603252, 6.601947), (-16.128387, 0.615564, 6.449756)
(-16.128387, 0.615564, 6.449756), (-15.971385, 0.622079, 6.45069), (-15.971118, 0.626597, 6.297749)
(-16.128387, 0.615564, 6.449756), (-16.128843, 0.612313, 6.603055), (-15.971385, 0.622079, 6.45069)
(-16.180525, 1.160196, 6.454412), (-16.207127, 1.162812, 6.358026), (-16.230537, 1.153275, 6.364227)
(-16.180525, 1.160196, 6.454412), (-16.153652, 1.157631, 6.550723), (-16.105497, 1.157631, 6.537255)
(-16.203922, 1.150659, 6.460658), (-16.180525, 1.160196, 6.454412), (-16.230537, 1.153275, 6.364227)
(-16.203922, 1.150659, 6.460658), (-16.230537, 1.153275, 6.364227), (-16.378532, 1.153274, 6.405066)
(-16.38549, 0.395473, 6.490851), (-16.436638, 1.160196, 6.525584), (-16.41222, 0.398094, 6.393858)
(-16.351845, 1.150659, 6.501765), (-16.203922, 1.150659, 6.460658), (-16.378532, 1.153274, 6.405066)
(-16.351845, 1.150659, 6.501765), (-16.378532, 1.153274, 6.405066), (-16.401257, 1.162812, 6.411596)
(-16.374556, 1.160196, 6.508332), (-16.351845, 1.150659, 6.501765), (-16.401257, 1.162812, 6.411596)
(-16.374556, 1.160196, 6.508332), (-16.401257, 1.162812, 6.411596), (-16.463366, 1.162812, 6.428736)
(-16.034092, 1.148094, 6.51703), (-15.886242, 1.148094, 6.475677), (-15.912991, 1.150659, 6.379809)
(-16.034092, 1.148094, 6.51703), (-16.007015, 1.145574, 6.613096), (-15.886242, 1.148094, 6.475677)
(-16.057346, 1.157631, 6.523787), (-16.084179, 1.160197, 6.427637), (-16.105497, 1.157631, 6.537255)
(-16.057346, 1.157631, 6.523787), (-16.034092, 1.148094, 6.51703), (-16.060911, 1.150659, 6.420916)
(-16.057346, 1.157631, 6.523787), (-16.105497, 1.157631, 6.537255), (-16.078392, 1.155111, 6.633429)
(-16.057346, 1.157631, 6.523787), (-16.03026, 1.155111, 6.619887), (-16.034092, 1.148094, 6.51703)
(-16.436638, 1.160196, 6.525584), (-16.374556, 1.160196, 6.508332), (-16.463366, 1.162812, 6.428736)
(-16.436638, 1.160196, 6.525584), (-16.463366, 1.162812, 6.428736), (-16.41222, 0.398094, 6.393858)
(-16.105497, 1.157631, 6.537255), (-16.153652, 1.157631, 6.550723), (-16.078392, 1.155111, 6.633429)
(-16.153652, 1.157631, 6.550723), (-16.180525, 1.160196, 6.454412), (-16.203922, 1.150659, 6.460658)
(-16.153652, 1.157631, 6.550723), (-16.126522, 1.155111, 6.64697), (-16.078392, 1.155111, 6.633429)
(-16.177036, 1.148094, 6.55701), (-16.153652, 1.157631, 6.550723), (-16.203922, 1.150659, 6.460658)
(-16.177036, 1.148094, 6.55701), (-16.203922, 1.150659, 6.460658), (-16.351845, 1.150659, 6.501765)
(-16.358494, 0.392902, 6.587719), (-16.409641, 1.157631, 6.622321), (-16.38549, 0.395473, 6.490851)
(-16.324892, 1.148094, 6.598363), (-16.177036, 1.148094, 6.55701), (-16.351845, 1.150659, 6.501765)
(-16.324892, 1.148094, 6.598363), (-16.351845, 1.150659, 6.501765), (-16.374556, 1.160196, 6.508332)
(-16.597483, 0.580242, 6.599473), (-16.597641, 0.57667, 6.75303), (-16.441549, 0.592498, 6.600731)
(-16.597483, 0.580242, 6.599473), (-16.441549, 0.592498, 6.600731), (-16.441454, 0.597026, 6.447512)
(-16.441549, 0.592498, 6.600731), (-16.441916, 0.589542, 6.754382), (-16.285347, 0.603252, 6.601947)
(-16.441549, 0.592498, 6.600731), (-16.285347, 0.603252, 6.601947), (-16.285065, 0.607155, 6.448661)
(-16.285347, 0.603252, 6.601947), (-16.285902, 0.60094, 6.755658), (-16.128843, 0.612313, 6.603055)
(-16.285347, 0.603252, 6.601947), (-16.128843, 0.612313, 6.603055), (-16.128387, 0.615564, 6.449756)
(-16.128843, 0.612313, 6.603055), (-16.129585, 0.610702, 6.756815), (-15.972009, 0.619524, 6.604008)
(-16.128843, 0.612313, 6.603055), (-15.972009, 0.619524, 6.604008), (-15.971385, 0.622079, 6.45069)
(-16.347593, 1.157631, 6.604966), (-16.324892, 1.148094, 6.598363), (-16.374556, 1.160196, 6.508332)
(-16.347593, 1.157631, 6.604966), (-16.374556, 1.160196, 6.508332), (-16.436638, 1.160196, 6.525584)
(-16.007015, 1.145574, 6.613096), (-15.859226, 1.145574, 6.571516), (-15.886242, 1.148094, 6.475677)
(-16.007015, 1.145574, 6.613096), (-15.979939, 1.143054, 6.709156), (-15.859226, 1.145574, 6.571516)
(-16.03026, 1.155111, 6.619887), (-16.057346, 1.157631, 6.523787), (-16.078392, 1.155111, 6.633429)
(-16.03026, 1.155111, 6.619887), (-16.007015, 1.145574, 6.613096), (-16.034092, 1.148094, 6.51703)
(-16.03026, 1.155111, 6.619887), (-16.078392, 1.155111, 6.633429), (-16.051287, 1.152591, 6.729596)
(-16.03026, 1.155111, 6.619887), (-16.003178, 1.152591, 6.71598), (-16.007015, 1.145574, 6.613096)
(-16.409641, 1.157631, 6.622321), (-16.347593, 1.157631, 6.604966), (-16.436638, 1.160196, 6.525584)
(-16.409641, 1.157631, 6.622321), (-16.436638, 1.160196, 6.525584), (-16.38549, 0.395473, 6.490851)
(-16.078392, 1.155111, 6.633429), (-16.126522, 1.155111, 6.64697), (-16.051287, 1.152591, 6.729596)
# -15.659493483353337, 0, 6.31002221664667
(-15.971708, 0.641791, 5.992705), (-15.971228, 0.633168, 6.145112), (-15.814094, 0.644889, 5.993562)
(-15.971708, 0.641791, 5.992705), (-15.814094, 0.644889, 5.993562), (-15.814934, 0.655283, 5.841369)
(-15.814094, 0.644889, 5.993562), (-15.813673, 0.636549, 6.145943), (-15.656186, 0.645637, 5.994245)
(-15.814094, 0.644889, 5.993562), (-15.656186, 0.645637, 5.994245), (-15.657025, 0.655899, 5.842068)
(-15.656186, 0.645637, 5.994245), (-15.655786, 0.637614, 6.14661), (-15.497962, 0.643895, 5.994731)
(-15.656186, 0.645637, 5.994245), (-15.497962, 0.643895, 5.994731), (-15.498856, 0.653968, 5.842535)
(-15.497962, 0.643895, 5.994731), (-15.497543, 0.63618, 6.147101), (-15.339417, 0.639491, 5.994994)
(-15.497962, 0.643895, 5.994731), (-15.339417, 0.639491, 5.994994), (-15.340401, 0.649393, 5.842753)
(-15.339417, 0.639491, 5.994994), (-15.338942, 0.632058, 6.147394), (-15.180576, 0.632248, 5.994987)
(-15.339417, 0.639491, 5.994994), (-15.180576, 0.632248, 5.994987), (-15.181702, 0.64197, 5.842662)
(-15.912889, 1.168062, 6.070745), (-15.987104, 0.364326, 6.068584), (-16.012962, 0.367067, 5.972307)
(-15.912889, 1.168062, 6.070745), (-15.88657, 1.165427, 6.166512), (-15.987104, 0.364326, 6.068584)
(-15.969404, 1.168062, 6.086118), (-15.912889, 1.168062, 6.070745), (-15.938667, 1.170794, 5.974939)
(-15.969404, 1.168062, 6.086118), (-15.943058, 1.165427, 6.181991), (-15.912889, 1.168062, 6.070745)
(-15.992283, 1.158525, 6.092076), (-15.969404, 1.168062, 6.086118), (-15.995216, 1.170794, 5.990189)
(-15.992283, 1.158525, 6.092076), (-15.965925, 1.15589, 6.187995), (-15.969404, 1.168062, 6.086118)
(-15.971228, 0.633168, 6.145112), (-15.813673, 0.636549, 6.145943), (-15.814094, 0.644889, 5.993562)
(-15.971228, 0.633168, 6.145112), (-15.971118, 0.626597, 6.297749), (-15.813673, 0.636549, 6.145943)
(-15.813673, 0.636549, 6.145943), (-15.655786, 0.637614, 6.14661), (-15.656186, 0.645637, 5.994245)
(-15.813673, 0.636549, 6.145943), (-15.813646, 0.630432, 6.298557), (-15.655786, 0.637614, 6.14661)
(-15.655786, 0.637614, 6.14661), (-15.497543, 0.63618, 6.147101), (-15.497962, 0.643895, 5.994731)
(-15.655786, 0.637614, 6.14661), (-15.655821, 0.631957, 6.299225), (-15.497543, 0.63618, 6.147101)
(-15.497543, 0.63618, 6.147101), (-15.338942, 0.632058, 6.147394), (-15.339417, 0.639491, 5.994994)
(-15.497543, 0.63618, 6.147101), (-15.497602, 0.630975, 6.299721), (-15.338942, 0.632058, 6.147394)
(-15.338942, 0.632058, 6.147394), (-15.179989, 0.625071, 6.14745), (-15.180576, 0.632248, 5.994987)
(-15.338942, 0.632058, 6.147394), (-15.338976, 0.62727, 6.300037), (-15.179989, 0.625071, 6.14745)
(-15.88657, 1.165427, 6.166512), (-15.96072, 0.361684, 6.16475), (-15.987104, 0.364326, 6.068584)
(-15.88657, 1.165427, 6.166512), (-15.860142, 1.162812, 6.262274), (-15.96072, 0.361684, 6.16475)
(-15.943058, 1.165427, 6.181991), (-15.88657, 1.165427, 6.166512), (-15.912889, 1.168062, 6.070745)
(-15.943058, 1.165427, 6.181991), (-15.916599, 1.162812, 6.277854), (-15.88657, 1.165427, 6.166512)
(-15.965925, 1.15589, 6.187995), (-15.943058, 1.165427, 6.181991), (-15.969404, 1.168062, 6.086118)
(-15.965925, 1.15589, 6.187995), (-15.939457, 1.153275, 6.283902), (-15.943058, 1.165427, 6.181991)
(-15.860142, 1.162812, 6.262274), (-15.934223, 0.359062, 6.260893), (-15.96072, 0.361684, 6.16475)
(-15.860142, 1.162812, 6.262274), (-15.833714, 1.160197, 6.358035), (-15.934223, 0.359062, 6.260893)
(-15.916599, 1.162812, 6.277854), (-15.860142, 1.162812, 6.262274), (-15.88657, 1.165427, 6.166512)
(-15.916599, 1.162812, 6.277854), (-15.890148, 1.160197, 6.373717), (-15.860142, 1.162812, 6.262274)
(-15.939457, 1.153275, 6.283902), (-15.916599, 1.162812, 6.277854), (-15.943058, 1.165427, 6.181991)
(-15.939457, 1.153275, 6.283902), (-15.912991, 1.150659, 6.379809), (-15.916599, 1.162812, 6.277854)
(-15.971118, 0.626597, 6.297749), (-15.813646, 0.630432, 6.298557), (-15.813673, 0.636549, 6.145943)
(-15.971118, 0.626597, 6.297749), (-15.971385, 0.622079, 6.45069), (-15.813646, 0.630432, 6.298557)
(-15.813646, 0.630432, 6.298557), (-15.814034, 0.626511, 6.451492), (-15.655821, 0.631957, 6.299225)
(-15.813646, 0.630432, 6.298557), (-15.655821, 0.631957, 6.299225), (-15.655786, 0.637614, 6.14661)
(-15.655821, 0.631957, 6.299225), (-15.656299, 0.628652, 6.452156), (-15.497602, 0.630975, 6.299721)
(-15.655821, 0.631957, 6.299225), (-15.497602, 0.630975, 6.299721), (-15.497543, 0.63618, 6.147101)
(-15.497602, 0.630975, 6.299721), (-15.498137, 0.628238, 6.452684), (-15.338976, 0.62727, 6.300037)
(-15.497602, 0.630975, 6.299721), (-15.338976, 0.62727, 6.300037), (-15.338942, 0.632058, 6.147394)
(-15.338976, 0.62727, 6.300037), (-15.179935, 0.620651, 6.300143), (-15.179989, 0.625071, 6.14745)
(-15.338976, 0.62727, 6.300037), (-15.339525, 0.625115, 6.453013), (-15.179935, 0.620651, 6.300143)
(-15.833714, 1.160197, 6.358035), (-15.907732, 0.35644, 6.357037), (-15.934223, 0.359062, 6.260893)
(-15.833714, 1.160197, 6.358035), (-15.807003, 1.157631, 6.453768), (-15.907732, 0.35644, 6.357037)
(-15.890148, 1.160197, 6.373717), (-15.833714, 1.160197, 6.358035), (-15.860142, 1.162812, 6.262274)
(-15.890148, 1.160197, 6.373717), (-15.863407, 1.157631, 6.469544), (-15.833714, 1.160197, 6.358035)
(-15.912991, 1.150659, 6.379809), (-15.890148, 1.160197, 6.373717), (-15.916599, 1.162812, 6.277854)
(-15.912991, 1.150659, 6.379809), (-15.886242, 1.148094, 6.475677), (-15.890148, 1.160197, 6.373717)
(-15.971385, 0.622079, 6.45069), (-15.814034, 0.626511, 6.451492), (-15.813646, 0.630432, 6.298557)
(-15.971385, 0.622079, 6.45069), (-15.972009, 0.619524, 6.604008), (-15.814034, 0.626511, 6.451492)
(-15.814034, 0.626511, 6.451492), (-15.656299, 0.628652, 6.452156), (-15.655821, 0.631957, 6.299225)
(-15.814034, 0.626511, 6.451492), (-15.814802, 0.624673, 6.604834), (-15.656299, 0.628652, 6.452156)
(-15.656299, 0.628652, 6.452156), (-15.498137, 0.628238, 6.452684), (-15.497602, 0.630975, 6.299721)
(-15.656299, 0.628652, 6.452156), (-15.65719, 0.62753, 6.60553), (-15.498137, 0.628238, 6.452684)
(-15.498137, 0.628238, 6.452684), (-15.339525, 0.625115, 6.453013), (-15.338976, 0.62727, 6.300037)
(-15.498137, 0.628238, 6.452684), (-15.49912, 0.62786, 6.606064), (-15.339525, 0.625115, 6.453013)
(-15.339525, 0.625115, 6.453013), (-15.180441, 0.618993, 6.453154), (-15.179935, 0.620651, 6.300143)
(-15.339525, 0.625115, 6.453013), (-15.340562, 0.625448, 6.606412), (-15.180441, 0.618993, 6.453154)
(-15.807003, 1.157631, 6.453768), (-15.880955, 0.353869, 6.453121), (-15.907732, 0.35644, 6.357037)
(-15.807003, 1.157631, 6.453768), (-15.780022, 1.155111, 6.549482), (-15.880955, 0.353869, 6.453121)
(-15.863407, 1.157631, 6.469544), (-15.807003, 1.157631, 6.453768), (-15.833714, 1.160197, 6.358035)
(-15.863407, 1.157631, 6.469544), (-15.836403, 1.155111, 6.565345), (-15.807003, 1.157631, 6.453768)
(-15.886242, 1.148094, 6.475677), (-15.863407, 1.157631, 6.469544), (-15.890148, 1.160197, 6.373717)
(-15.886242, 1.148094, 6.475677), (-15.859226, 1.145574, 6.571516), (-15.863407, 1.157631, 6.469544)
(-15.780022, 1.155111, 6.549482), (-15.85392, 0.351343, 6.549158), (-15.880955, 0.353869, 6.453121)
(-15.780022, 1.155111, 6.549482), (-15.753048, 1.152591, 6.645189), (-15.85392, 0.351343, 6.549158)
(-15.836403, 1.155111, 6.565345), (-15.780022, 1.155111, 6.549482), (-15.807003, 1.157631, 6.453768)
(-15.836403, 1.155111, 6.565345), (-15.809404, 1.152591, 6.661138), (-15.780022, 1.155111, 6.549482)
(-15.859226, 1.145574, 6.571516), (-15.836403, 1.155111, 6.565345), (-15.863407, 1.157631, 6.469544)
(-15.859226, 1.145574, 6.571516), (-15.832216, 1.143054, 6.667346), (-15.836403, 1.155111, 6.565345)
(-15.972009, 0.619524, 6.604008), (-15.972928, 0.618675, 6.75782), (-15.814802, 0.624673, 6.604834)
(-15.972009, 0.619524, 6.604008), (-15.814802, 0.624673, 6.604834), (-15.814034, 0.626511, 6.451492)
(-15.814802, 0.624673, 6.604834), (-15.815884, 0.624616, 6.758699), (-15.65719, 0.62753, 6.60553)
(-15.814802, 0.624673, 6.604834), (-15.65719, 0.62753, 6.60553), (-15.656299, 0.628652, 6.452156)
(-15.65719, 0.62753, 6.60553), (-15.658418, 0.628319, 6.759414), (-15.49912, 0.62786, 6.606064)
(-15.65719, 0.62753, 6.60553), (-15.49912, 0.62786, 6.606064), (-15.498137, 0.628238, 6.452684)
(-15.49912, 0.62786, 6.606064), (-15.500477, 0.62949, 6.759975), (-15.340562, 0.625448, 6.606412)
(-15.49912, 0.62786, 6.606064), (-15.340562, 0.625448, 6.606412), (-15.339525, 0.625115, 6.453013)
(-15.340562, 0.625448, 6.606412), (-15.342015, 0.627909, 6.760345), (-15.181474, 0.619944, 6.606584)
(-15.340562, 0.625448, 6.606412), (-15.181474, 0.619944, 6.606584), (-15.180441, 0.618993, 6.453154)
# -14.991723250020002, 0, 6.31002221664667
(-14.702761, 0.592687, 5.992927), (-14.701442, 0.585713, 6.145755), (-14.543318, 0.573429, 5.991458)
(-14.702761, 0.592687, 5.992927), (-14.543318, 0.573429, 5.991458), (-14.545567, 0.582808, 5.838515)
(-14.862188, 0.608881, 5.993985), (-14.861169, 0.601987, 6.146676), (-14.702761, 0.592687, 5.992927)
(-14.862188, 0.608881, 5.993985), (-14.702761, 0.592687, 5.992927), (-14.704659, 0.602021, 5.840147)
(-15.021479, 0.622061, 5.994664), (-15.020705, 0.615087, 6.147228), (-14.862188, 0.608881, 5.993985)
(-15.021479, 0.622061, 5.994664), (-14.862188, 0.608881, 5.993985), (-14.863764, 0.618281, 5.841379)
(-15.180576, 0.632248, 5.994987), (-15.179989, 0.625071, 6.14745), (-15.021479, 0.622061, 5.994664)
(-15.180576, 0.632248, 5.994987), (-15.021479, 0.622061, 5.994664), (-15.022797, 0.631609, 5.842218)
(-14.701442, 0.585713, 6.145755), (-14.54167, 0.566196, 6.144415), (-14.543318, 0.573429, 5.991458)
(-14.701442, 0.585713, 6.145755), (-14.700676, 0.581534, 6.298764), (-14.54167, 0.566196, 6.144415)
(-14.861169, 0.601987, 6.146676), (-14.701442, 0.585713, 6.145755), (-14.702761, 0.592687, 5.992927)
(-14.861169, 0.601987, 6.146676), (-14.860725, 0.597917, 6.29956), (-14.701442, 0.585713, 6.145755)
(-15.020705, 0.615087, 6.147228), (-14.861169, 0.601987, 6.146676), (-14.862188, 0.608881, 5.993985)
(-15.020705, 0.615087, 6.147228), (-15.020503, 0.61092, 6.300001), (-14.861169, 0.601987, 6.146676)
(-15.179989, 0.625071, 6.14745), (-15.020705, 0.615087, 6.147228), (-15.021479, 0.622061, 5.994664)
(-15.179989, 0.625071, 6.14745), (-15.179935, 0.620651, 6.300143), (-15.020705, 0.615087, 6.147228)
(-14.700676, 0.581534, 6.298764), (-14.540503, 0.561708, 6.297564), (-14.54167, 0.566196, 6.144415)
(-14.700676, 0.581534, 6.298764), (-14.700538, 0.580283, 6.452035), (-14.540503, 0.561708, 6.297564)
(-14.860725, 0.597917, 6.29956), (-14.860892, 0.596753, 6.452723), (-14.700676, 0.581534, 6.298764)
(-14.860725, 0.597917, 6.29956), (-14.700676, 0.581534, 6.298764), (-14.701442, 0.585713, 6.145755)
(-15.020503, 0.61092, 6.300001), (-15.020885, 0.609626, 6.453074), (-14.860725, 0.597917, 6.29956)
(-15.020503, 0.61092, 6.300001), (-14.860725, 0.597917, 6.29956), (-14.861169, 0.601987, 6.146676)
(-15.179935, 0.620651, 6.300143), (-15.180441, 0.618993, 6.453154), (-15.020503, 0.61092, 6.300001)
(-15.179935, 0.620651, 6.300143), (-15.020503, 0.61092, 6.300001), (-15.020705, 0.615087, 6.147228)
(-14.700538, 0.580283, 6.452035), (-14.539968, 0.560103, 6.450949), (-14.540503, 0.561708, 6.297564)
(-14.700538, 0.580283, 6.452035), (-14.701056, 0.581898, 6.60567), (-14.539968, 0.560103, 6.450949)
(-14.860892, 0.596753, 6.452723), (-14.700538, 0.580283, 6.452035), (-14.700676, 0.581534, 6.298764)
(-14.860892, 0.596753, 6.452723), (-14.861678, 0.598406, 6.606275), (-14.700538, 0.580283, 6.452035)
(-15.020885, 0.609626, 6.453074), (-14.860892, 0.596753, 6.452723), (-14.860725, 0.597917, 6.29956)
(-15.020885, 0.609626, 6.453074), (-15.021839, 0.611028, 6.606558), (-14.860892, 0.596753, 6.452723)
(-15.180441, 0.618993, 6.453154), (-15.020885, 0.609626, 6.453074), (-15.020503, 0.61092, 6.300001)
(-15.180441, 0.618993, 6.453154), (-15.181474, 0.619944, 6.606584), (-15.020885, 0.609626, 6.453074)
(-14.701056, 0.581898, 6.60567), (-14.702234, 0.586066, 6.759787), (-14.540144, 0.561362, 6.604675)
(-14.701056, 0.581898, 6.60567), (-14.540144, 0.561362, 6.604675), (-14.539968, 0.560103, 6.450949)
(-14.861678, 0.598406, 6.606275), (-14.863045, 0.602537, 6.760325), (-14.701056, 0.581898, 6.60567)
(-14.861678, 0.598406, 6.606275), (-14.701056, 0.581898, 6.60567), (-14.700538, 0.580283, 6.452035)
(-15.021839, 0.611028, 6.606558), (-15.023313, 0.6148, 6.760555), (-14.861678, 0.598406, 6.606275)
(-15.021839, 0.611028, 6.606558), (-14.861678, 0.598406, 6.606275), (-14.860892, 0.596753, 6.452723)
(-15.181474, 0.619944, 6.606584), (-15.182972, 0.623128, 6.76055), (-15.021839, 0.611028, 6.606558)
(-15.181474, 0.619944, 6.606584), (-15.021839, 0.611028, 6.606558), (-15.020885, 0.609626, 6.453074)
# -14.32395301668667, 0, 6.31002221664667
(-14.066074, 0.497468, 5.984685), (-14.063326, 0.488763, 6.138006), (-13.907681, 0.466651, 5.981793)
(-14.066074, 0.497468, 5.984685), (-13.907681, 0.466651, 5.981793), (-13.911162, 0.477497, 5.828398)
(-14.224913, 0.525635, 5.987279), (-14.222486, 0.51758, 6.140508), (-14.066074, 0.497468, 5.984685)
(-14.224913, 0.525635, 5.987279), (-14.066074, 0.497468, 5.984685), (-14.069332, 0.507771, 5.831371)
(-14.38402, 0.551017, 5.989554), (-14.38198, 0.543444, 6.142655), (-14.224913, 0.525635, 5.987279)
(-14.38402, 0.551017, 5.989554), (-14.224913, 0.525635, 5.987279), (-14.227861, 0.535484, 5.834065)
(-14.543318, 0.573429, 5.991458), (-14.54167, 0.566196, 6.144415), (-14.38402, 0.551017, 5.989554)
(-14.543318, 0.573429, 5.991458), (-14.38402, 0.551017, 5.989554), (-14.386601, 0.560602, 5.836479)
(-14.063326, 0.488763, 6.138006), (-13.904748, 0.457236, 6.135192), (-13.907681, 0.466651, 5.981793)
(-14.063326, 0.488763, 6.138006), (-14.061062, 0.482206, 6.291449), (-13.904748, 0.457236, 6.135192)
(-14.222486, 0.51758, 6.140508), (-14.063326, 0.488763, 6.138006), (-14.066074, 0.497468, 5.984685)
(-14.222486, 0.51758, 6.140508), (-14.220542, 0.511879, 6.293873), (-14.063326, 0.488763, 6.138006)
(-14.38198, 0.543444, 6.142655), (-14.222486, 0.51758, 6.140508), (-14.224913, 0.525635, 5.987279)
(-14.38198, 0.543444, 6.142655), (-14.380411, 0.538443, 6.295923), (-14.222486, 0.51758, 6.140508)
(-14.54167, 0.566196, 6.144415), (-14.38198, 0.543444, 6.142655), (-14.38402, 0.551017, 5.989554)
(-14.54167, 0.566196, 6.144415), (-14.540503, 0.561708, 6.297564), (-14.38198, 0.543444, 6.142655)
(-14.061062, 0.482206, 6.291449), (-13.902178, 0.449758, 6.288711), (-13.904748, 0.457236, 6.135192)
(-14.061062, 0.482206, 6.291449), (-14.059402, 0.47807, 6.445096), (-13.902178, 0.449758, 6.288711)
(-14.220542, 0.511879, 6.293873), (-14.219252, 0.508755, 6.447449), (-14.061062, 0.482206, 6.291449)
(-14.220542, 0.511879, 6.293873), (-14.061062, 0.482206, 6.291449), (-14.063326, 0.488763, 6.138006)
(-14.380411, 0.538443, 6.295923), (-14.379448, 0.536219, 6.449419), (-14.220542, 0.511879, 6.293873)
(-14.380411, 0.538443, 6.295923), (-14.220542, 0.511879, 6.293873), (-14.222486, 0.51758, 6.140508)
(-14.540503, 0.561708, 6.297564), (-14.539968, 0.560103, 6.450949), (-14.380411, 0.538443, 6.295923)
(-14.540503, 0.561708, 6.297564), (-14.380411, 0.538443, 6.295923), (-14.38198, 0.543444, 6.142655)
(-14.059402, 0.47807, 6.445096), (-13.900223, 0.444511, 6.442422), (-13.902178, 0.449758, 6.288711)
(-14.059402, 0.47807, 6.445096), (-14.058403, 0.476528, 6.599046), (-13.900223, 0.444511, 6.442422)
(-14.219252, 0.508755, 6.447449), (-14.059402, 0.47807, 6.445096), (-14.061062, 0.482206, 6.291449)
(-14.219252, 0.508755, 6.447449), (-14.218635, 0.508352, 6.601345), (-14.059402, 0.47807, 6.445096)
(-14.379448, 0.536219, 6.449419), (-14.219252, 0.508755, 6.447449), (-14.220542, 0.511879, 6.293873)
(-14.379448, 0.536219, 6.449419), (-14.379252, 0.536767, 6.603234), (-14.219252, 0.508755, 6.447449)
(-14.539968, 0.560103, 6.450949), (-14.379448, 0.536219, 6.449419), (-14.380411, 0.538443, 6.295923)
(-14.539968, 0.560103, 6.450949), (-14.540144, 0.561362, 6.604675), (-14.379448, 0.536219, 6.449419)
(-14.058403, 0.476528, 6.599046), (-14.058176, 0.477578, 6.753417), (-13.898911, 0.441682, 6.596418)
(-14.058403, 0.476528, 6.599046), (-13.898911, 0.441682, 6.596418), (-13.900223, 0.444511, 6.442422)
(-14.218635, 0.508352, 6.601345), (-14.218788, 0.510582, 6.755677), (-14.058403, 0.476528, 6.599046)
(-14.218635, 0.508352, 6.601345), (-14.058403, 0.476528, 6.599046), (-14.059402, 0.47807, 6.445096)
(-14.379252, 0.536767, 6.603234), (-14.379807, 0.539969, 6.757501), (-14.218635, 0.508352, 6.601345)
(-14.379252, 0.536767, 6.603234), (-14.218635, 0.508352, 6.601345), (-14.219252, 0.508755, 6.447449)
(-14.540144, 0.561362, 6.604675), (-14.541061, 0.565214, 6.758864), (-14.379252, 0.536767, 6.603234)
(-14.540144, 0.561362, 6.604675), (-14.379252, 0.536767, 6.603234), (-14.379448, 0.536219, 6.449419)
# -13.656182783353334, 0, 6.31002221664667
(-13.749866, 0.433648, 5.978673), (-13.746796, 0.423639, 6.132171), (-13.592587, 0.399404, 5.975454)
(-13.749866, 0.433648, 5.978673), (-13.592587, 0.399404, 5.975454), (-13.596178, 0.411192, 5.821894)
(-13.907681, 0.466651, 5.981793), (-13.904748, 0.457236, 6.135192), (-13.749866, 0.433648, 5.978673)
(-13.907681, 0.466651, 5.981793), (-13.749866, 0.433648, 5.978673), (-13.753423, 0.445041, 5.825206)
(-13.432674, 0.354013, 6.125961), (-13.276366, 0.320354, 6.123012), (-13.279213, 0.331078, 5.969148)
(-13.432674, 0.354013, 6.125961), (-13.430006, 0.344337, 6.279765), (-13.276366, 0.320354, 6.123012)
(-13.589463, 0.388881, 6.129056), (-13.432674, 0.354013, 6.125961), (-13.435713, 0.364835, 5.972242)
(-13.589463, 0.388881, 6.129056), (-13.586718, 0.379741, 6.282748), (-13.432674, 0.354013, 6.125961)
(-13.746796, 0.423639, 6.132171), (-13.589463, 0.388881, 6.129056), (-13.592587, 0.399404, 5.975454)
(-13.746796, 0.423639, 6.132171), (-13.744093, 0.415272, 6.285769), (-13.589463, 0.388881, 6.129056)
(-13.904748, 0.457236, 6.135192), (-13.746796, 0.423639, 6.132171), (-13.749866, 0.433648, 5.978673)
(-13.904748, 0.457236, 6.135192), (-13.902178, 0.449758, 6.288711), (-13.746796, 0.423639, 6.132171)
(-13.430006, 0.344337, 6.279765), (-13.273791, 0.310123, 6.276913), (-13.276366, 0.320354, 6.123012)
(-13.430006, 0.344337, 6.279765), (-13.427825, 0.336172, 6.433727), (-13.273791, 0.310123, 6.276913)
(-13.586718, 0.379741, 6.282748), (-13.584571, 0.372468, 6.436625), (-13.430006, 0.344337, 6.279765)
(-13.586718, 0.379741, 6.282748), (-13.430006, 0.344337, 6.279765), (-13.432674, 0.354013, 6.125961)
(-13.744093, 0.415272, 6.285769), (-13.741902, 0.408862, 6.439543), (-13.586718, 0.379741, 6.282748)
(-13.744093, 0.415272, 6.285769), (-13.586718, 0.379741, 6.282748), (-13.589463, 0.388881, 6.129056)
(-13.902178, 0.449758, 6.288711), (-13.900223, 0.444511, 6.442422), (-13.744093, 0.415272, 6.285769)
(-13.902178, 0.449758, 6.288711), (-13.744093, 0.415272, 6.285769), (-13.746796, 0.423639, 6.132171)
(-13.427825, 0.336172, 6.433727), (-13.271679, 0.301335, 6.430976), (-13.273791, 0.310123, 6.276913)
(-13.427825, 0.336172, 6.433727), (-13.426144, 0.329762, 6.587923), (-13.271679, 0.301335, 6.430976)
(-13.584571, 0.372468, 6.436625), (-13.427825, 0.336172, 6.433727), (-13.430006, 0.344337, 6.279765)
(-13.584571, 0.372468, 6.436625), (-13.582928, 0.367093, 6.590745), (-13.427825, 0.336172, 6.433727)
(-13.741902, 0.408862, 6.439543), (-13.584571, 0.372468, 6.436625), (-13.586718, 0.379741, 6.282748)
(-13.741902, 0.408862, 6.439543), (-13.74044, 0.40476, 6.593606), (-13.584571, 0.372468, 6.436625)
(-13.900223, 0.444511, 6.442422), (-13.741902, 0.408862, 6.439543), (-13.744093, 0.415272, 6.285769)
(-13.900223, 0.444511, 6.442422), (-13.898911, 0.441682, 6.596418), (-13.741902, 0.408862, 6.439543)
(-13.426144, 0.329762, 6.587923), (-13.425142, 0.325871, 6.742496), (-13.270059, 0.294242, 6.58527)
(-13.426144, 0.329762, 6.587923), (-13.270059, 0.294242, 6.58527), (-13.271679, 0.301335, 6.430976)
(-13.582928, 0.367093, 6.590745), (-13.581993, 0.364219, 6.745252), (-13.426144, 0.329762, 6.587923)
(-13.582928, 0.367093, 6.590745), (-13.426144, 0.329762, 6.587923), (-13.427825, 0.336172, 6.433727)
(-13.74044, 0.40476, 6.593606), (-13.739702, 0.403187, 6.748066), (-13.582928, 0.367093, 6.590745)
(-13.74044, 0.40476, 6.593606), (-13.582928, 0.367093, 6.590745), (-13.584571, 0.372468, 6.436625)
(-13.898911, 0.441682, 6.596418), (-13.898431, 0.441429, 6.750836), (-13.74044, 0.40476, 6.593606)
(-13.898911, 0.441682, 6.596418), (-13.74044, 0.40476, 6.593606), (-13.741902, 0.408862, 6.439543)
# -12.988412550020001, 0, 6.31002221664667
(-12.808634, 0.233613, 6.115663), (-12.652837, 0.211605, 6.113904), (-12.654642, 0.221967, 5.95964)
(-12.808634, 0.233613, 6.115663), (-12.80677, 0.22348, 6.269911), (-12.652837, 0.211605, 6.113904)
(-12.964449, 0.259602, 6.117817), (-12.808634, 0.233613, 6.115663), (-12.810747, 0.244237, 5.961486)
(-12.964449, 0.259602, 6.117817), (-12.962322, 0.249283, 6.271955), (-12.808634, 0.233613, 6.115663)
(-13.120331, 0.288675, 6.12028), (-12.964449, 0.259602, 6.117817), (-12.966854, 0.270378, 5.963737)
(-13.120331, 0.288675, 6.12028), (-13.11797, 0.278357, 6.274305), (-12.964449, 0.259602, 6.117817)
(-13.276366, 0.320354, 6.123012), (-13.120331, 0.288675, 6.12028), (-13.122979, 0.299386, 5.966293)
(-13.276366, 0.320354, 6.123012), (-13.273791, 0.310123, 6.276913), (-13.120331, 0.288675, 6.12028)
(-12.80677, 0.22348, 6.269911), (-12.651234, 0.201276, 6.2682), (-12.652837, 0.211605, 6.113904)
(-12.80677, 0.22348, 6.269911), (-12.805231, 0.214445, 6.424311), (-12.651234, 0.201276, 6.2682)
(-12.962322, 0.249283, 6.271955), (-12.960596, 0.24047, 6.426283), (-12.80677, 0.22348, 6.269911)
(-12.962322, 0.249283, 6.271955), (-12.80677, 0.22348, 6.269911), (-12.808634, 0.233613, 6.115663)
(-13.11797, 0.278357, 6.274305), (-13.115978, 0.269051, 6.428462), (-12.962322, 0.249283, 6.271955)
(-13.11797, 0.278357, 6.274305), (-12.962322, 0.249283, 6.271955), (-12.964449, 0.259602, 6.117817)
(-13.273791, 0.310123, 6.276913), (-13.271679, 0.301335, 6.430976), (-13.11797, 0.278357, 6.274305)
(-13.273791, 0.310123, 6.276913), (-13.11797, 0.278357, 6.274305), (-13.120331, 0.288675, 6.12028)
(-12.805231, 0.214445, 6.424311), (-12.649898, 0.192092, 6.422654), (-12.651234, 0.201276, 6.2682)
(-12.805231, 0.214445, 6.424311), (-12.804016, 0.206629, 6.578889), (-12.649898, 0.192092, 6.422654)
(-12.960596, 0.24047, 6.426283), (-12.805231, 0.214445, 6.424311), (-12.80677, 0.22348, 6.269911)
(-12.960596, 0.24047, 6.426283), (-12.959237, 0.232863, 6.580791), (-12.805231, 0.214445, 6.424311)
(-13.115978, 0.269051, 6.428462), (-12.960596, 0.24047, 6.426283), (-12.962322, 0.249283, 6.271955)
(-13.115978, 0.269051, 6.428462), (-13.114514, 0.261851, 6.582892), (-12.960596, 0.24047, 6.426283)
(-13.271679, 0.301335, 6.430976), (-13.115978, 0.269051, 6.428462), (-13.11797, 0.278357, 6.274305)
(-13.271679, 0.301335, 6.430976), (-13.270059, 0.294242, 6.58527), (-13.115978, 0.269051, 6.428462)
(-12.804016, 0.206629, 6.578889), (-12.803184, 0.201094, 6.733768), (-12.64885, 0.184253, 6.577296)
(-12.804016, 0.206629, 6.578889), (-12.64885, 0.184253, 6.577296), (-12.649898, 0.192092, 6.422654)
(-12.959237, 0.232863, 6.580791), (-12.958313, 0.22749, 6.735606), (-12.804016, 0.206629, 6.578889)
(-12.959237, 0.232863, 6.580791), (-12.804016, 0.206629, 6.578889), (-12.805231, 0.214445, 6.424311)
(-13.114514, 0.261851, 6.582892), (-13.113529, 0.256813, 6.737637), (-12.959237, 0.232863, 6.580791)
(-13.114514, 0.261851, 6.582892), (-12.959237, 0.232863, 6.580791), (-12.960596, 0.24047, 6.426283)
(-13.270059, 0.294242, 6.58527), (-13.269092, 0.289875, 6.739953), (-13.114514, 0.261851, 6.582892)
(-13.270059, 0.294242, 6.58527), (-13.114514, 0.261851, 6.582892), (-13.115978, 0.269051, 6.428462)
# -12.320642316686666, 0, 6.31002221664667
(-12.029026, 0.16576, 6.110961), (-11.87286, 0.165037, 6.11125), (-11.873283, 0.178145, 5.95722)
(-12.029026, 0.16576, 6.110961), (-12.028445, 0.153956, 6.265171), (-11.87286, 0.165037, 6.11125)
(-12.185105, 0.170721, 6.111072), (-12.029026, 0.16576, 6.110961), (-12.029688, 0.177765, 5.956802)
(-12.185105, 0.170721, 6.111072), (-12.184287, 0.159753, 6.265377), (-12.029026, 0.16576, 6.110961)
(-12.341095, 0.180333, 6.111631), (-12.185105, 0.170721, 6.111072), (-12.186028, 0.18222, 5.956855)
(-12.341095, 0.180333, 6.111631), (-12.34003, 0.169732, 6.265968), (-12.185105, 0.170721, 6.111072)
(-12.496994, 0.193501, 6.112525), (-12.341095, 0.180333, 6.111631), (-12.342301, 0.191376, 5.957375)
(-12.496994, 0.193501, 6.112525), (-12.495669, 0.183396, 6.266891), (-12.341095, 0.180333, 6.111631)
(-12.652837, 0.211605, 6.113904), (-12.496994, 0.193501, 6.112525), (-12.498502, 0.204339, 5.95827)
(-12.652837, 0.211605, 6.113904), (-12.651234, 0.201276, 6.2682), (-12.496994, 0.193501, 6.112525)
(-12.028445, 0.153956, 6.265171), (-12.02797, 0.143486, 6.419546), (-11.872496, 0.152671, 6.265378)
(-12.028445, 0.153956, 6.265171), (-11.872496, 0.152671, 6.265378), (-11.87286, 0.165037, 6.11125)
(-12.184287, 0.159753, 6.265377), (-12.028445, 0.153956, 6.265171), (-12.029026, 0.16576, 6.110961)
(-12.184287, 0.159753, 6.265377), (-12.18361, 0.149881, 6.41983), (-12.028445, 0.153956, 6.265171)
(-12.34003, 0.169732, 6.265968), (-12.339139, 0.160375, 6.42047), (-12.184287, 0.159753, 6.265377)
(-12.34003, 0.169732, 6.265968), (-12.184287, 0.159753, 6.265377), (-12.185105, 0.170721, 6.111072)
(-12.495669, 0.183396, 6.266891), (-12.494545, 0.173866, 6.421354), (-12.34003, 0.169732, 6.265968)
(-12.495669, 0.183396, 6.266891), (-12.34003, 0.169732, 6.265968), (-12.341095, 0.180333, 6.111631)
(-12.651234, 0.201276, 6.2682), (-12.649898, 0.192092, 6.422654), (-12.495669, 0.183396, 6.266891)
(-12.651234, 0.201276, 6.2682), (-12.495669, 0.183396, 6.266891), (-12.496994, 0.193501, 6.112525)
(-12.02797, 0.143486, 6.419546), (-11.872215, 0.141386, 6.419635), (-11.872496, 0.152671, 6.265378)
(-12.02797, 0.143486, 6.419546), (-12.027631, 0.134463, 6.574092), (-11.872215, 0.141386, 6.419635)
(-12.18361, 0.149881, 6.41983), (-12.02797, 0.143486, 6.419546), (-12.028445, 0.153956, 6.265171)
(-12.18361, 0.149881, 6.41983), (-12.183095, 0.141215, 6.57444), (-12.02797, 0.143486, 6.419546)
(-12.339139, 0.160375, 6.42047), (-12.18361, 0.149881, 6.41983), (-12.184287, 0.159753, 6.265377)
(-12.339139, 0.160375, 6.42047), (-12.338448, 0.152134, 6.575126), (-12.18361, 0.149881, 6.41983)
(-12.494545, 0.173866, 6.421354), (-12.339139, 0.160375, 6.42047), (-12.34003, 0.169732, 6.265968)
(-12.494545, 0.173866, 6.421354), (-12.493688, 0.166287, 6.57606), (-12.339139, 0.160375, 6.42047)
(-12.649898, 0.192092, 6.422654), (-12.494545, 0.173866, 6.421354), (-12.495669, 0.183396, 6.266891)
(-12.649898, 0.192092, 6.422654), (-12.64885, 0.184253, 6.577296), (-12.494545, 0.173866, 6.421354)
(-12.027631, 0.134463, 6.574092), (-12.027447, 0.127956, 6.728898), (-11.872043, 0.13215, 6.574109)
(-12.027631, 0.134463, 6.574092), (-11.872043, 0.13215, 6.574109), (-11.872215, 0.141386, 6.419635)
(-12.183095, 0.141215, 6.57444), (-12.182768, 0.134834, 6.729302), (-12.027631, 0.134463, 6.574092)
(-12.183095, 0.141215, 6.57444), (-12.027631, 0.134463, 6.574092), (-12.02797, 0.143486, 6.419546)
(-12.338448, 0.152134, 6.575126), (-12.337978, 0.145977, 6.730028), (-12.183095, 0.141215, 6.57444)
(-12.338448, 0.152134, 6.575126), (-12.183095, 0.141215, 6.57444), (-12.18361, 0.149881, 6.41983)
(-12.493688, 0.166287, 6.57606), (-12.493092, 0.160599, 6.731005), (-12.338448, 0.152134, 6.575126)
(-12.493688, 0.166287, 6.57606), (-12.338448, 0.152134, 6.575126), (-12.339139, 0.160375, 6.42047)
(-12.64885, 0.184253, 6.577296), (-12.648145, 0.178929, 6.732249), (-12.493688, 0.166287, 6.57606)
(-12.64885, 0.184253, 6.577296), (-12.493688, 0.166287, 6.57606), (-12.494545, 0.173866, 6.421354)
# -11.652872083353333, 0, 6.31002221664667
(-11.87286, 0.165037, 6.11125), (-11.716613, 0.168383, 6.111913), (-11.716823, 0.182598, 5.958016)
(-11.87286, 0.165037, 6.11125), (-11.872496, 0.152671, 6.265378), (-11.716613, 0.168383, 6.111913)
(-11.716613, 0.168383, 6.111913), (-11.560291, 0.175555, 6.112909), (-11.560314, 0.190644, 5.959125)
(-11.716613, 0.168383, 6.111913), (-11.716444, 0.155191, 6.265922), (-11.560291, 0.175555, 6.112909)
(-11.560291, 0.175555, 6.112909), (-11.403893, 0.186328, 6.11419), (-11.403752, 0.202226, 5.960512)
(-11.560291, 0.175555, 6.112909), (-11.560295, 0.161586, 6.266796), (-11.403893, 0.186328, 6.11419)
(-11.403893, 0.186328, 6.11419), (-11.247424, 0.199943, 6.115656), (-11.247143, 0.216782, 5.962083)
(-11.403893, 0.186328, 6.11419), (-11.404052, 0.171406, 6.267938), (-11.247424, 0.199943, 6.115656)
(-11.872496, 0.152671, 6.265378), (-11.872215, 0.141386, 6.419635), (-11.716444, 0.155191, 6.265922)
(-11.872496, 0.152671, 6.265378), (-11.716444, 0.155191, 6.265922), (-11.716613, 0.168383, 6.111913)
(-11.716444, 0.155191, 6.265922), (-11.716339, 0.143747, 6.420105), (-11.560295, 0.161586, 6.266796)
(-11.716444, 0.155191, 6.265922), (-11.560295, 0.161586, 6.266796), (-11.560291, 0.175555, 6.112909)
(-11.560295, 0.161586, 6.266796), (-11.404052, 0.171406, 6.267938), (-11.403893, 0.186328, 6.11419)
(-11.560295, 0.161586, 6.266796), (-11.560352, 0.149165, 6.420818), (-11.404052, 0.171406, 6.267938)
(-11.404052, 0.171406, 6.267938), (-11.404257, 0.158043, 6.421793), (-11.247726, 0.184252, 6.269278)
(-11.404052, 0.171406, 6.267938), (-11.247726, 0.184252, 6.269278), (-11.247424, 0.199943, 6.115656)
(-11.872215, 0.141386, 6.419635), (-11.716339, 0.143747, 6.420105), (-11.716444, 0.155191, 6.265922)
(-11.872215, 0.141386, 6.419635), (-11.872043, 0.13215, 6.574109), (-11.716339, 0.143747, 6.420105)
(-11.716339, 0.143747, 6.420105), (-11.560352, 0.149165, 6.420818), (-11.560295, 0.161586, 6.266796)
(-11.716339, 0.143747, 6.420105), (-11.716326, 0.133642, 6.574423), (-11.560352, 0.149165, 6.420818)
(-11.560352, 0.149165, 6.420818), (-11.404257, 0.158043, 6.421793), (-11.404052, 0.171406, 6.267938)
(-11.560352, 0.149165, 6.420818), (-11.560487, 0.138231, 6.574967), (-11.404257, 0.158043, 6.421793)
(-11.404257, 0.158043, 6.421793), (-11.248068, 0.169948, 6.422964), (-11.247726, 0.184252, 6.269278)
(-11.404257, 0.158043, 6.421793), (-11.404532, 0.146327, 6.575762), (-11.248068, 0.169948, 6.422964)
(-11.872043, 0.13215, 6.574109), (-11.872001, 0.124805, 6.728768), (-11.716326, 0.133642, 6.574423)
(-11.872043, 0.13215, 6.574109), (-11.716326, 0.133642, 6.574423), (-11.716339, 0.143747, 6.420105)
(-11.716326, 0.133642, 6.574423), (-11.716424, 0.125611, 6.728925), (-11.560487, 0.138231, 6.574967)
(-11.716326, 0.133642, 6.574423), (-11.560487, 0.138231, 6.574967), (-11.560352, 0.149165, 6.420818)
(-11.560487, 0.138231, 6.574967), (-11.560722, 0.129419, 6.729286), (-11.404532, 0.146327, 6.575762)
(-11.560487, 0.138231, 6.574967), (-11.404532, 0.146327, 6.575762), (-11.404257, 0.158043, 6.421793)
(-11.404532, 0.146327, 6.575762), (-11.404902, 0.13681, 6.729879), (-11.248474, 0.15753, 6.576746)
(-11.404532, 0.146327, 6.575762), (-11.248474, 0.15753, 6.576746), (-11.248068, 0.169948, 6.422964)
# -10.985101850019998, 0, 6.31002221664667
(-11.247424, 0.199943, 6.115656), (-11.09089, 0.215938, 6.117235), (-11.090474, 0.233571, 5.963748)
(-11.247424, 0.199943, 6.115656), (-11.247726, 0.184252, 6.269278), (-11.09089, 0.215938, 6.117235)
(-11.09089, 0.215938, 6.117235), (-10.93428, 0.233698, 6.118842), (-10.933741, 0.251998, 5.965423)
(-11.09089, 0.215938, 6.117235), (-11.091319, 0.199408, 6.270731), (-10.93428, 0.233698, 6.118842)
(-10.93428, 0.233698, 6.118842), (-10.777575, 0.252751, 6.120393), (-10.776919, 0.271639, 5.967037)
(-10.93428, 0.233698, 6.118842), (-10.934832, 0.216423, 6.272226), (-10.777575, 0.252751, 6.120393)
(-10.777575, 0.252751, 6.120393), (-10.620776, 0.272397, 6.121836), (-10.620001, 0.291933, 5.968515)
(-10.777575, 0.252751, 6.120393), (-10.778252, 0.234727, 6.273687), (-10.620776, 0.272397, 6.121836)
(-11.247726, 0.184252, 6.269278), (-11.248068, 0.169948, 6.422964), (-11.091319, 0.199408, 6.270731)
(-11.247726, 0.184252, 6.269278), (-11.091319, 0.199408, 6.270731), (-11.09089, 0.215938, 6.117235)
(-11.091319, 0.199408, 6.270731), (-11.091789, 0.184416, 6.42426), (-10.934832, 0.216423, 6.272226)
(-11.091319, 0.199408, 6.270731), (-10.934832, 0.216423, 6.272226), (-10.93428, 0.233698, 6.118842)
(-10.934832, 0.216423, 6.272226), (-10.778252, 0.234727, 6.273687), (-10.777575, 0.252751, 6.120393)
(-10.934832, 0.216423, 6.272226), (-10.935422, 0.200581, 6.4256), (-10.778252, 0.234727, 6.273687)
(-10.778252, 0.234727, 6.273687), (-10.778962, 0.218101, 6.42692), (-10.621572, 0.253771, 6.275048)
(-10.778252, 0.234727, 6.273687), (-10.621572, 0.253771, 6.275048), (-10.620776, 0.272397, 6.121836)
(-11.248068, 0.169948, 6.422964), (-11.091789, 0.184416, 6.42426), (-11.091319, 0.199408, 6.270731)
(-11.248068, 0.169948, 6.422964), (-11.248474, 0.15753, 6.576746), (-11.091789, 0.184416, 6.42426)
(-11.091789, 0.184416, 6.42426), (-10.935422, 0.200581, 6.4256), (-10.934832, 0.216423, 6.272226)
(-11.091789, 0.184416, 6.42426), (-11.092319, 0.171081, 6.57784), (-10.935422, 0.200581, 6.4256)
(-10.935422, 0.200581, 6.4256), (-10.778962, 0.218101, 6.42692), (-10.778252, 0.234727, 6.273687)
(-10.935422, 0.200581, 6.4256), (-10.936075, 0.186423, 6.578984), (-10.778962, 0.218101, 6.42692)
(-10.778962, 0.218101, 6.42692), (-10.622405, 0.236427, 6.428161), (-10.621572, 0.253771, 6.275048)
(-10.778962, 0.218101, 6.42692), (-10.779738, 0.203198, 6.580124), (-10.622405, 0.236427, 6.428161)
(-11.248474, 0.15753, 6.576746), (-11.248974, 0.147037, 6.73063), (-11.092319, 0.171081, 6.57784)
(-11.248474, 0.15753, 6.576746), (-11.092319, 0.171081, 6.57784), (-11.091789, 0.184416, 6.42426)
(-11.092319, 0.171081, 6.57784), (-11.092947, 0.159754, 6.731493), (-10.936075, 0.186423, 6.578984)
(-11.092319, 0.171081, 6.57784), (-10.936075, 0.186423, 6.578984), (-10.935422, 0.200581, 6.4256)
(-10.936075, 0.186423, 6.578984), (-10.936823, 0.174386, 6.732409), (-10.779738, 0.203198, 6.580124)
(-10.936075, 0.186423, 6.578984), (-10.779738, 0.203198, 6.580124), (-10.778962, 0.218101, 6.42692)
(-10.779738, 0.203198, 6.580124), (-10.78061, 0.190528, 6.733332), (-10.623302, 0.220916, 6.581199)
(-10.779738, 0.203198, 6.580124), (-10.623302, 0.220916, 6.581199), (-10.622405, 0.236427, 6.428161)
# -10.317331616686666, 0, 6.31002221664667
(-10.620776, 0.272397, 6.121836), (-10.463879, 0.292132, 6.123142), (-10.462982, 0.312287, 5.969838)
(-10.620776, 0.272397, 6.121836), (-10.621572, 0.253771, 6.275048), (-10.463879, 0.292132, 6.123142)
(-10.463879, 0.292132, 6.123142), (-10.306882, 0.311532, 6.124282), (-10.30587, 0.33229, 5.970991)
(-10.463879, 0.292132, 6.123142), (-10.464794, 0.272874, 6.27629), (-10.306882, 0.311532, 6.124282)
(-10.306882, 0.311532, 6.124282), (-10.149771, 0.330162, 6.125193), (-10.148643, 0.351543, 5.971904)
(-10.306882, 0.311532, 6.124282), (-10.307912, 0.291633, 6.277378), (-10.149771, 0.330162, 6.125193)
(-10.149771, 0.330162, 6.125193), (-9.992557, 0.347607, 6.12587), (-9.991301, 0.369527, 5.972511)
(-10.149771, 0.330162, 6.125193), (-10.15092, 0.309611, 6.278272), (-9.992557, 0.347607, 6.12587)
(-9.992557, 0.347607, 6.12587), (-9.835244, 0.363475, 6.126269), (-9.833864, 0.385889, 5.97282)
(-9.992557, 0.347607, 6.12587), (-9.99382, 0.326394, 6.278923), (-9.835244, 0.363475, 6.126269)
(-10.621572, 0.253771, 6.275048), (-10.622405, 0.236427, 6.428161), (-10.464794, 0.272874, 6.27629)
(-10.621572, 0.253771, 6.275048), (-10.464794, 0.272874, 6.27629), (-10.463879, 0.292132, 6.123142)
(-10.464794, 0.272874, 6.27629), (-10.465744, 0.25498, 6.429282), (-10.307912, 0.291633, 6.277378)
(-10.464794, 0.272874, 6.27629), (-10.307912, 0.291633, 6.277378), (-10.306882, 0.311532, 6.124282)
(-10.307912, 0.291633, 6.277378), (-10.15092, 0.309611, 6.278272), (-10.149771, 0.330162, 6.125193)
(-10.307912, 0.291633, 6.277378), (-10.308979, 0.273021, 6.430289), (-10.15092, 0.309611, 6.278272)
(-10.15092, 0.309611, 6.278272), (-10.152105, 0.290295, 6.431127), (-9.99382, 0.326394, 6.278923)
(-10.15092, 0.309611, 6.278272), (-9.99382, 0.326394, 6.278923), (-9.992557, 0.347607, 6.12587)
(-9.99382, 0.326394, 6.278923), (-9.995124, 0.306409, 6.431765), (-9.836625, 0.341608, 6.27934)
(-9.99382, 0.326394, 6.278923), (-9.836625, 0.341608, 6.27934), (-9.835244, 0.363475, 6.126269)
(-10.622405, 0.236427, 6.428161), (-10.465744, 0.25498, 6.429282), (-10.464794, 0.272874, 6.27629)
(-10.622405, 0.236427, 6.428161), (-10.623302, 0.220916, 6.581199), (-10.465744, 0.25498, 6.429282)
(-10.465744, 0.25498, 6.429282), (-10.308979, 0.273021, 6.430289), (-10.307912, 0.291633, 6.277378)
(-10.465744, 0.25498, 6.429282), (-10.466764, 0.238755, 6.58218), (-10.308979, 0.273021, 6.430289)
(-10.308979, 0.273021, 6.430289), (-10.152105, 0.290295, 6.431127), (-10.15092, 0.309611, 6.278272)
(-10.308979, 0.273021, 6.430289), (-10.310115, 0.256087, 6.58306), (-10.152105, 0.290295, 6.431127)
(-10.152105, 0.290295, 6.431127), (-9.995124, 0.306409, 6.431765), (-9.99382, 0.326394, 6.278923)
(-10.152105, 0.290295, 6.431127), (-10.153356, 0.272668, 6.5838), (-9.995124, 0.306409, 6.431765)
(-9.995124, 0.306409, 6.431765), (-9.838041, 0.320991, 6.432184), (-9.836625, 0.341608, 6.27934)
(-9.995124, 0.306409, 6.431765), (-9.996485, 0.288121, 6.584362), (-9.838041, 0.320991, 6.432184)
(-10.623302, 0.220916, 6.581199), (-10.624296, 0.207494, 6.734207), (-10.466764, 0.238755, 6.58218)
(-10.623302, 0.220916, 6.581199), (-10.466764, 0.238755, 6.58218), (-10.465744, 0.25498, 6.429282)
(-10.466764, 0.238755, 6.58218), (-10.467876, 0.224684, 6.73501), (-10.310115, 0.256087, 6.58306)
(-10.466764, 0.238755, 6.58218), (-10.310115, 0.256087, 6.58306), (-10.308979, 0.273021, 6.430289)
(-10.310115, 0.256087, 6.58306), (-10.311344, 0.241342, 6.73573), (-10.153356, 0.272668, 6.5838)
(-10.310115, 0.256087, 6.58306), (-10.153356, 0.272668, 6.5838), (-10.152105, 0.290295, 6.431127)
(-10.153356, 0.272668, 6.5838), (-10.154696, 0.257272, 6.736335), (-9.996485, 0.288121, 6.584362)
(-10.153356, 0.272668, 6.5838), (-9.996485, 0.288121, 6.584362), (-9.995124, 0.306409, 6.431765)
(-9.996485, 0.288121, 6.584362), (-9.997932, 0.271993, 6.736823), (-9.839512, 0.302029, 6.584754)
(-9.996485, 0.288121, 6.584362), (-9.839512, 0.302029, 6.584754), (-9.838041, 0.320991, 6.432184)
