# 0.3669921166466698, 0, -1.7032205833533307
(0.626288, 0.587774, -1.989507), (0.780078, 0.547319, -1.993933), (0.779898, 0.538334, -2.15163)
(0.626288, 0.587774, -1.989507), (0.626407, 0.595651, -1.831391), (0.780078, 0.547319, -1.993933)
(0.472513, 0.632423, -1.984451), (0.626288, 0.587774, -1.989507), (0.626059, 0.577463, -2.147712)
(0.472513, 0.632423, -1.984451), (0.472767, 0.64162, -1.8258), (0.626288, 0.587774, -1.989507)
(0.318687, 0.680025, -1.978924), (0.472513, 0.632423, -1.984451), (0.472162, 0.62068, -2.143152)
(0.318687, 0.680025, -1.978924), (0.319121, 0.690624, -1.81972), (0.472513, 0.632423, -1.984451)
(0.164723, 0.729266, -1.973063), (0.318687, 0.680025, -1.978924), (0.31819, 0.666605, -2.138197)
(0.164723, 0.729266, -1.973063), (0.165383, 0.741188, -1.813335), (0.318687, 0.680025, -1.978924)
(0.626407, 0.595651, -1.831391), (0.780126, 0.554374, -1.836254), (0.780078, 0.547319, -1.993933)
(0.626407, 0.595651, -1.831391), (0.626446, 0.600706, -1.673444), (0.780126, 0.554374, -1.836254)
(0.472767, 0.64162, -1.8258), (0.472953, 0.64741, -1.667404), (0.626407, 0.595651, -1.831391)
(0.472767, 0.64162, -1.8258), (0.626407, 0.595651, -1.831391), (0.626288, 0.587774, -1.989507)
(0.319121, 0.690624, -1.81972), (0.472767, 0.64162, -1.8258), (0.472513, 0.632423, -1.984451)
(0.319121, 0.690624, -1.81972), (0.319521, 0.697404, -1.660824), (0.472767, 0.64162, -1.8258)
(0.165383, 0.741188, -1.813335), (0.166064, 0.749536, -1.653917), (0.319121, 0.690624, -1.81972)
(0.165383, 0.741188, -1.813335), (0.319121, 0.690624, -1.81972), (0.318687, 0.680025, -1.978924)
(0.626446, 0.600706, -1.673444), (0.780074, 0.558697, -1.678779), (0.780126, 0.554374, -1.836254)
(0.626446, 0.600706, -1.673444), (0.626534, 0.603338, -1.515692), (0.780074, 0.558697, -1.678779)
(0.472953, 0.64741, -1.667404), (0.626446, 0.600706, -1.673444), (0.626407, 0.595651, -1.831391)
(0.472953, 0.64741, -1.667404), (0.473199, 0.649908, -1.509318), (0.626446, 0.600706, -1.673444)
(0.319521, 0.697404, -1.660824), (0.472953, 0.64741, -1.667404), (0.472767, 0.64162, -1.8258)
(0.319521, 0.697404, -1.660824), (0.319957, 0.700227, -1.502379), (0.472953, 0.64741, -1.667404)
(0.166064, 0.749536, -1.653917), (0.319521, 0.697404, -1.660824), (0.319121, 0.690624, -1.81972)
(0.166064, 0.749536, -1.653917), (0.166785, 0.752366, -1.495165), (0.319521, 0.697404, -1.660824)
(0.626534, 0.603338, -1.515692), (0.626594, 0.602132, -1.358469), (0.780049, 0.56116, -1.521406)
(0.626534, 0.603338, -1.515692), (0.780049, 0.56116, -1.521406), (0.780074, 0.558697, -1.678779)
(0.473199, 0.649908, -1.509318), (0.473412, 0.648625, -1.351784), (0.626534, 0.603338, -1.515692)
(0.473199, 0.649908, -1.509318), (0.626534, 0.603338, -1.515692), (0.626446, 0.600706, -1.673444)
(0.319957, 0.700227, -1.502379), (0.320412, 0.699133, -1.344496), (0.473199, 0.649908, -1.509318)
(0.319957, 0.700227, -1.502379), (0.473199, 0.649908, -1.509318), (0.472953, 0.64741, -1.667404)
(0.166785, 0.752366, -1.495165), (0.167548, 0.752113, -1.336872), (0.319957, 0.700227, -1.502379)
(0.166785, 0.752366, -1.495165), (0.319957, 0.700227, -1.502379), (0.319521, 0.697404, -1.660824)
# 1.0347623499800032, 0, -1.7032205833533307
(1.242153, 0.457319, -2.003159), (1.396531, 0.438725, -2.004889), (1.396221, 0.43477, -2.161137)
(1.242153, 0.457319, -2.003159), (1.242253, 0.461622, -1.846647), (1.396531, 0.438725, -2.004889)
(1.087966, 0.481546, -2.000793), (1.242153, 0.457319, -2.003159), (1.241921, 0.45164, -2.159738)
(1.087966, 0.481546, -2.000793), (1.088009, 0.486882, -1.843936), (1.242153, 0.457319, -2.003159)
(0.933954, 0.511657, -1.997719), (1.087966, 0.481546, -2.000793), (1.087788, 0.474803, -2.157683)
(0.933954, 0.511657, -1.997719), (0.933978, 0.51788, -1.840472), (1.087966, 0.481546, -2.000793)
(0.780078, 0.547319, -1.993933), (0.933954, 0.511657, -1.997719), (0.933799, 0.503632, -2.155019)
(0.780078, 0.547319, -1.993933), (0.780126, 0.554374, -1.836254), (0.933954, 0.511657, -1.997719)
(1.242253, 0.461622, -1.846647), (1.396736, 0.442392, -1.848602), (1.396531, 0.438725, -2.004889)
(1.242253, 0.461622, -1.846647), (1.242273, 0.464909, -1.690149), (1.396736, 0.442392, -1.848602)
(1.088009, 0.486882, -1.843936), (1.087953, 0.490457, -1.687172), (1.242253, 0.461622, -1.846647)
(1.088009, 0.486882, -1.843936), (1.242253, 0.461622, -1.846647), (1.242153, 0.457319, -2.003159)
(0.933978, 0.51788, -1.840472), (1.088009, 0.486882, -1.843936), (1.087966, 0.481546, -2.000793)
(0.933978, 0.51788, -1.840472), (0.933905, 0.521976, -1.683343), (1.088009, 0.486882, -1.843936)
(0.780126, 0.554374, -1.836254), (0.780074, 0.558697, -1.678779), (0.933978, 0.51788, -1.840472)
(0.780126, 0.554374, -1.836254), (0.933978, 0.51788, -1.840472), (0.933954, 0.511657, -1.997719)
(1.242273, 0.464909, -1.690149), (1.396849, 0.444753, -1.692403), (1.396736, 0.442392, -1.848602)
(1.242273, 0.464909, -1.690149), (1.242297, 0.467223, -1.533664), (1.396849, 0.444753, -1.692403)
(1.087953, 0.490457, -1.687172), (1.242273, 0.464909, -1.690149), (1.242253, 0.461622, -1.846647)
(1.087953, 0.490457, -1.687172), (1.087936, 0.493207, -1.530365), (1.242273, 0.464909, -1.690149)
(0.933905, 0.521976, -1.683343), (1.087953, 0.490457, -1.687172), (1.088009, 0.486882, -1.843936)
(0.933905, 0.521976, -1.683343), (0.933826, 0.524201, -1.526339), (1.087953, 0.490457, -1.687172)
(0.780074, 0.558697, -1.678779), (0.933905, 0.521976, -1.683343), (0.933978, 0.51788, -1.840472)
(0.780074, 0.558697, -1.678779), (0.780049, 0.56116, -1.521406), (0.933905, 0.521976, -1.683343)
(1.242297, 0.467223, -1.533664), (1.24228, 0.467247, -1.377418), (1.396952, 0.446405, -1.536211)
(1.242297, 0.467223, -1.533664), (1.396952, 0.446405, -1.536211), (1.396849, 0.444753, -1.692403)
(1.087936, 0.493207, -1.530365), (1.087841, 0.492818, -1.373944), (1.242297, 0.467223, -1.533664)
(1.087936, 0.493207, -1.530365), (1.242297, 0.467223, -1.533664), (1.242273, 0.464909, -1.690149)
(0.933826, 0.524201, -1.526339), (0.933718, 0.523538, -1.369675), (1.087936, 0.493207, -1.530365)
(0.933826, 0.524201, -1.526339), (1.087936, 0.493207, -1.530365), (1.087953, 0.490457, -1.687172)
(0.780049, 0.56116, -1.521406), (0.779959, 0.559971, -1.364513), (0.933826, 0.524201, -1.526339)
(0.780049, 0.56116, -1.521406), (0.933826, 0.524201, -1.526339), (0.933905, 0.521976, -1.683343)
(1.24228, 0.467247, -1.377418), (1.397002, 0.44618, -1.380208), (1.396952, 0.446405, -1.536211)
(1.24228, 0.467247, -1.377418), (1.242252, 0.465205, -1.221398), (1.397002, 0.44618, -1.380208)
(1.087841, 0.492818, -1.373944), (1.24228, 0.467247, -1.377418), (1.242297, 0.467223, -1.533664)
(1.087841, 0.492818, -1.373944), (1.087784, 0.490344, -1.217739), (1.24228, 0.467247, -1.377418)
(0.933718, 0.523538, -1.369675), (1.087841, 0.492818, -1.373944), (1.087936, 0.493207, -1.530365)
(0.933718, 0.523538, -1.369675), (0.933736, 0.520887, -1.213204), (1.087841, 0.492818, -1.373944)
# 1.7025325833133367, 0, -1.7032205833533307
(1.860955, 0.417392, -2.006518), (2.016212, 0.419085, -2.006239), (2.015476, 0.425248, -2.161383)
(1.860955, 0.417392, -2.006518), (1.861529, 0.414664, -1.851095), (2.016212, 0.419085, -2.006239)
(1.705928, 0.419472, -2.00646), (1.860955, 0.417392, -2.006518), (1.860329, 0.42039, -2.161941)
(1.705928, 0.419472, -2.00646), (1.706367, 0.41927, -1.850761), (1.860955, 0.417392, -2.006518)
(2.016212, 0.419085, -2.006239), (2.171705, 0.422917, -2.005778), (2.170851, 0.432242, -2.160657)
(2.016212, 0.419085, -2.006239), (2.016933, 0.413526, -1.851092), (2.171705, 0.422917, -2.005778)
(1.551122, 0.426361, -2.005947), (1.705928, 0.419472, -2.00646), (1.705416, 0.419791, -2.162148)
(1.551122, 0.426361, -2.005947), (1.551436, 0.428281, -1.849966), (1.705928, 0.419472, -2.00646)
(1.396531, 0.438725, -2.004889), (1.551122, 0.426361, -2.005947), (1.550713, 0.424172, -2.161926)
(1.396531, 0.438725, -2.004889), (1.396736, 0.442392, -1.848602), (1.551122, 0.426361, -2.005947)
(1.861529, 0.414664, -1.851095), (2.016933, 0.413526, -1.851092), (2.016212, 0.419085, -2.006239)
(1.861529, 0.414664, -1.851095), (1.862076, 0.412206, -1.695667), (2.016933, 0.413526, -1.851092)
(2.016933, 0.413526, -1.851092), (2.017642, 0.408399, -1.695952), (2.172572, 0.414228, -1.850918)
(2.016933, 0.413526, -1.851092), (2.172572, 0.414228, -1.850918), (2.171705, 0.422917, -2.005778)
(1.706367, 0.41927, -1.850761), (1.706751, 0.418878, -1.695074), (1.861529, 0.414664, -1.851095)
(1.706367, 0.41927, -1.850761), (1.861529, 0.414664, -1.851095), (1.860955, 0.417392, -2.006518)
(1.551436, 0.428281, -1.849966), (1.706367, 0.41927, -1.850761), (1.705928, 0.419472, -2.00646)
(1.551436, 0.428281, -1.849966), (1.551682, 0.429644, -1.694005), (1.706367, 0.41927, -1.850761)
(1.396736, 0.442392, -1.848602), (1.396849, 0.444753, -1.692403), (1.551436, 0.428281, -1.849966)
(1.396736, 0.442392, -1.848602), (1.551436, 0.428281, -1.849966), (1.551122, 0.426361, -2.005947)
(2.017642, 0.408399, -1.695952), (2.173458, 0.406283, -1.696064), (2.172572, 0.414228, -1.850918)
(2.017642, 0.408399, -1.695952), (2.018364, 0.403765, -1.540804), (2.173458, 0.406283, -1.696064)
(1.862076, 0.412206, -1.695667), (2.017642, 0.408399, -1.695952), (2.016933, 0.413526, -1.851092)
(1.862076, 0.412206, -1.695667), (1.862626, 0.409887, -1.540237), (2.017642, 0.408399, -1.695952)
(1.706751, 0.418878, -1.695074), (1.862076, 0.412206, -1.695667), (1.861529, 0.414664, -1.851095)
(1.706751, 0.418878, -1.695074), (1.707144, 0.418542, -1.539357), (1.862076, 0.412206, -1.695667)
(1.551682, 0.429644, -1.694005), (1.706751, 0.418878, -1.695074), (1.706367, 0.41927, -1.850761)
(1.551682, 0.429644, -1.694005), (1.551902, 0.430325, -1.538079), (1.706751, 0.418878, -1.695074)
(1.396849, 0.444753, -1.692403), (1.551682, 0.429644, -1.694005), (1.551436, 0.428281, -1.849966)
(1.396849, 0.444753, -1.692403), (1.396952, 0.446405, -1.536211), (1.551682, 0.429644, -1.694005)
(2.018364, 0.403765, -1.540804), (2.019062, 0.39945, -1.38564), (2.174361, 0.399122, -1.541195)
(2.018364, 0.403765, -1.540804), (2.174361, 0.399122, -1.541195), (2.173458, 0.406283, -1.696064)
(1.862626, 0.409887, -1.540237), (1.863151, 0.40735, -1.384825), (2.018364, 0.403765, -1.540804)
(1.862626, 0.409887, -1.540237), (2.018364, 0.403765, -1.540804), (2.017642, 0.408399, -1.695952)
(1.707144, 0.418542, -1.539357), (1.70749, 0.417204, -1.383737), (1.862626, 0.409887, -1.540237)
(1.707144, 0.418542, -1.539357), (1.862626, 0.409887, -1.540237), (1.862076, 0.412206, -1.695667)
(1.551902, 0.430325, -1.538079), (1.552095, 0.429863, -1.382247), (1.707144, 0.418542, -1.539357)
(1.551902, 0.430325, -1.538079), (1.707144, 0.418542, -1.539357), (1.706751, 0.418878, -1.695074)
(1.396952, 0.446405, -1.536211), (1.397002, 0.44618, -1.380208), (1.551902, 0.430325, -1.538079)
(1.396952, 0.446405, -1.536211), (1.551902, 0.430325, -1.538079), (1.551682, 0.429644, -1.694005)
(2.019062, 0.39945, -1.38564), (2.17525, 0.39286, -1.386271), (2.174361, 0.399122, -1.541195)
(2.019062, 0.39945, -1.38564), (2.019771, 0.395765, -1.230409), (2.17525, 0.39286, -1.386271)
(1.863151, 0.40735, -1.384825), (2.019062, 0.39945, -1.38564), (2.018364, 0.403765, -1.540804)
(1.863151, 0.40735, -1.384825), (1.86366, 0.404653, -1.229429), (2.019062, 0.39945, -1.38564)
(1.70749, 0.417204, -1.383737), (1.863151, 0.40735, -1.384825), (1.862626, 0.409887, -1.540237)
(1.70749, 0.417204, -1.383737), (1.707842, 0.415349, -1.228153), (1.863151, 0.40735, -1.384825)
(1.552095, 0.429863, -1.382247), (1.70749, 0.417204, -1.383737), (1.707144, 0.418542, -1.539357)
(1.552095, 0.429863, -1.382247), (1.552337, 0.428624, -1.22645), (1.70749, 0.417204, -1.383737)
(1.397002, 0.44618, -1.380208), (1.552095, 0.429863, -1.382247), (1.551902, 0.430325, -1.538079)
(1.397002, 0.44618, -1.380208), (1.397152, 0.445127, -1.224211), (1.552095, 0.429863, -1.382247)
# 2.37030281664667, 0, -1.7032205833533307
(2.171705, 0.422917, -2.005778), (2.327453, 0.427105, -2.005292), (2.326482, 0.439521, -2.159915)
(2.171705, 0.422917, -2.005778), (2.172572, 0.414228, -1.850918), (2.327453, 0.427105, -2.005292)
(2.327453, 0.427105, -2.005292), (2.483477, 0.429794, -2.00493), (2.482379, 0.445028, -2.159306)
(2.327453, 0.427105, -2.005292), (2.32847, 0.415354, -1.850709), (2.483477, 0.429794, -2.00493)
(2.483477, 0.429794, -2.00493), (2.639785, 0.429454, -2.004793), (2.63856, 0.447072, -2.158936)
(2.483477, 0.429794, -2.00493), (2.484644, 0.415246, -1.850609), (2.639785, 0.429454, -2.004793)
(2.639785, 0.429454, -2.004793), (2.796386, 0.42491, -2.004947), (2.795039, 0.444456, -2.158857)
(2.639785, 0.429454, -2.004793), (2.641105, 0.412472, -1.850725), (2.796386, 0.42491, -2.004947)
(2.172572, 0.414228, -1.850918), (2.32847, 0.415354, -1.850709), (2.327453, 0.427105, -2.005292)
(2.172572, 0.414228, -1.850918), (2.173458, 0.406283, -1.696064), (2.32847, 0.415354, -1.850709)
(2.641105, 0.412472, -1.850725), (2.642476, 0.396805, -1.696661), (2.797824, 0.406224, -1.851093)
(2.641105, 0.412472, -1.850725), (2.797824, 0.406224, -1.851093), (2.796386, 0.42491, -2.004947)
(2.32847, 0.415354, -1.850709), (2.329528, 0.404508, -1.696141), (2.484644, 0.415246, -1.850609)
(2.32847, 0.415354, -1.850709), (2.484644, 0.415246, -1.850609), (2.483477, 0.429794, -2.00493)
(2.484644, 0.415246, -1.850609), (2.641105, 0.412472, -1.850725), (2.639785, 0.429454, -2.004793)
(2.484644, 0.415246, -1.850609), (2.485873, 0.401733, -1.69631), (2.641105, 0.412472, -1.850725)
(2.642476, 0.396805, -1.696661), (2.799299, 0.389134, -1.69722), (2.797824, 0.406224, -1.851093)
(2.642476, 0.396805, -1.696661), (2.64385, 0.383023, -1.542516), (2.799299, 0.389134, -1.69722)
(2.485873, 0.401733, -1.69631), (2.642476, 0.396805, -1.696661), (2.641105, 0.412472, -1.850725)
(2.485873, 0.401733, -1.69631), (2.487122, 0.389717, -1.541962), (2.642476, 0.396805, -1.696661)
(2.329528, 0.404508, -1.696141), (2.485873, 0.401733, -1.69631), (2.484644, 0.415246, -1.850609)
(2.329528, 0.404508, -1.696141), (2.330621, 0.394824, -1.541544), (2.485873, 0.401733, -1.69631)
(2.173458, 0.406283, -1.696064), (2.329528, 0.404508, -1.696141), (2.32847, 0.415354, -1.850709)
(2.173458, 0.406283, -1.696064), (2.174361, 0.399122, -1.541195), (2.329528, 0.404508, -1.696141)
(2.64385, 0.383023, -1.542516), (2.645155, 0.371564, -1.388201), (2.800743, 0.374355, -1.543219)
(2.64385, 0.383023, -1.542516), (2.800743, 0.374355, -1.543219), (2.799299, 0.389134, -1.69722)
(2.487122, 0.389717, -1.541962), (2.488329, 0.379599, -1.387484), (2.64385, 0.383023, -1.542516)
(2.487122, 0.389717, -1.541962), (2.64385, 0.383023, -1.542516), (2.642476, 0.396805, -1.696661)
(2.330621, 0.394824, -1.541544), (2.331681, 0.386519, -1.386856), (2.487122, 0.389717, -1.541962)
(2.330621, 0.394824, -1.541544), (2.487122, 0.389717, -1.541962), (2.485873, 0.401733, -1.69631)
(2.174361, 0.399122, -1.541195), (2.17525, 0.39286, -1.386271), (2.330621, 0.394824, -1.541544)
(2.174361, 0.399122, -1.541195), (2.330621, 0.394824, -1.541544), (2.329528, 0.404508, -1.696141)
(2.645155, 0.371564, -1.388201), (2.802091, 0.362252, -1.389008), (2.800743, 0.374355, -1.543219)
(2.645155, 0.371564, -1.388201), (2.646341, 0.362702, -1.233649), (2.802091, 0.362252, -1.389008)
(2.488329, 0.379599, -1.387484), (2.645155, 0.371564, -1.388201), (2.64385, 0.383023, -1.542516)
(2.488329, 0.379599, -1.387484), (2.48945, 0.371571, -1.232823), (2.645155, 0.371564, -1.388201)
(2.331681, 0.386519, -1.386856), (2.488329, 0.379599, -1.387484), (2.487122, 0.389717, -1.541962)
(2.331681, 0.386519, -1.386856), (2.332687, 0.379793, -1.232034), (2.488329, 0.379599, -1.387484)
(2.17525, 0.39286, -1.386271), (2.331681, 0.386519, -1.386856), (2.330621, 0.394824, -1.541544)
(2.17525, 0.39286, -1.386271), (2.176115, 0.387673, -1.231253), (2.331681, 0.386519, -1.386856)
# 3.038073049980004, 0, -1.7032205833533307
(3.267557, 0.387422, -2.006483), (3.424832, 0.3711, -2.006848), (3.423429, 0.392852, -2.159681)
(3.267557, 0.387422, -2.006483), (3.269032, 0.368348, -1.853151), (3.424832, 0.3711, -2.006848)
(3.110337, 0.402933, -2.005929), (3.267557, 0.387422, -2.006483), (3.266074, 0.409293, -2.159643)
(3.110337, 0.402933, -2.005929), (3.111862, 0.383251, -1.85243), (3.267557, 0.387422, -2.006483)
(2.953257, 0.415867, -2.005361), (3.110337, 0.402933, -2.005929), (3.108839, 0.424575, -2.159366)
(2.953257, 0.415867, -2.005361), (2.954766, 0.396297, -1.851692), (3.110337, 0.402933, -2.005929)
(2.796386, 0.42491, -2.004947), (2.953257, 0.415867, -2.005361), (2.951814, 0.436722, -2.159045)
(2.796386, 0.42491, -2.004947), (2.797824, 0.406224, -1.851093), (2.953257, 0.415867, -2.005361)
(3.269032, 0.368348, -1.853151), (3.27044, 0.352288, -1.699591), (3.426189, 0.353054, -1.853708)
(3.269032, 0.368348, -1.853151), (3.426189, 0.353054, -1.853708), (3.424832, 0.3711, -2.006848)
(3.111862, 0.383251, -1.85243), (3.269032, 0.368348, -1.853151), (3.267557, 0.387422, -2.006483)
(3.111862, 0.383251, -1.85243), (3.113358, 0.366063, -1.698791), (3.269032, 0.368348, -1.853151)
(2.954766, 0.396297, -1.851692), (2.956283, 0.378707, -1.697956), (3.111862, 0.383251, -1.85243)
(2.954766, 0.396297, -1.851692), (3.111862, 0.383251, -1.85243), (3.110337, 0.402933, -2.005929)
(2.797824, 0.406224, -1.851093), (2.954766, 0.396297, -1.851692), (2.953257, 0.415867, -2.005361)
(2.797824, 0.406224, -1.851093), (2.799299, 0.389134, -1.69722), (2.954766, 0.396297, -1.851692)
(3.27044, 0.352288, -1.699591), (3.427453, 0.338654, -1.700223), (3.426189, 0.353054, -1.853708)
(3.27044, 0.352288, -1.699591), (3.271709, 0.339712, -1.545688), (3.427453, 0.338654, -1.700223)
(3.113358, 0.366063, -1.698791), (3.27044, 0.352288, -1.699591), (3.269032, 0.368348, -1.853151)
(3.113358, 0.366063, -1.698791), (3.114743, 0.352036, -1.544889), (3.27044, 0.352288, -1.699591)
(2.956283, 0.378707, -1.697956), (3.113358, 0.366063, -1.698791), (3.111862, 0.383251, -1.85243)
(2.956283, 0.378707, -1.697956), (2.957731, 0.363869, -1.544033), (3.113358, 0.366063, -1.698791)
(2.799299, 0.389134, -1.69722), (2.956283, 0.378707, -1.697956), (2.954766, 0.396297, -1.851692)
(2.799299, 0.389134, -1.69722), (2.800743, 0.374355, -1.543219), (2.956283, 0.378707, -1.697956)
(3.271709, 0.339712, -1.545688), (3.27283, 0.329971, -1.391465), (3.428562, 0.327967, -1.546309)
(3.271709, 0.339712, -1.545688), (3.428562, 0.327967, -1.546309), (3.427453, 0.338654, -1.700223)
(3.114743, 0.352036, -1.544889), (3.11599, 0.340918, -1.390706), (3.271709, 0.339712, -1.545688)
(3.114743, 0.352036, -1.544889), (3.271709, 0.339712, -1.545688), (3.27044, 0.352288, -1.699591)
(2.957731, 0.363869, -1.544033), (2.959058, 0.351885, -1.389864), (3.114743, 0.352036, -1.544889)
(2.957731, 0.363869, -1.544033), (3.114743, 0.352036, -1.544889), (3.113358, 0.366063, -1.698791)
(2.800743, 0.374355, -1.543219), (2.802091, 0.362252, -1.389008), (2.957731, 0.363869, -1.544033)
(2.800743, 0.374355, -1.543219), (2.957731, 0.363869, -1.544033), (2.956283, 0.378707, -1.697956)
(3.27283, 0.329971, -1.391465), (3.429521, 0.319999, -1.392028), (3.428562, 0.327967, -1.546309)
(3.27283, 0.329971, -1.391465), (3.273756, 0.323054, -1.236858), (3.429521, 0.319999, -1.392028)
(3.11599, 0.340918, -1.390706), (3.27283, 0.329971, -1.391465), (3.271709, 0.339712, -1.545688)
(3.11599, 0.340918, -1.390706), (3.117059, 0.332644, -1.236195), (3.27283, 0.329971, -1.391465)
(2.959058, 0.351885, -1.389864), (3.11599, 0.340918, -1.390706), (3.114743, 0.352036, -1.544889)
(2.959058, 0.351885, -1.389864), (2.960218, 0.342848, -1.235389), (3.11599, 0.340918, -1.390706)
(2.802091, 0.362252, -1.389008), (2.959058, 0.351885, -1.389864), (2.957731, 0.363869, -1.544033)
(2.802091, 0.362252, -1.389008), (2.803288, 0.353037, -1.234518), (2.959058, 0.351885, -1.389864)
# 3.705843283313337, 0, -1.7032205833533307
(3.582098, 0.355741, -2.006859), (3.739299, 0.342724, -2.006429), (3.738245, 0.363838, -2.158415)
(3.582098, 0.355741, -2.006859), (3.583282, 0.33882, -1.853967), (3.739299, 0.342724, -2.006429)
(3.424832, 0.3711, -2.006848), (3.582098, 0.355741, -2.006859), (3.580842, 0.377237, -2.159297)
(3.424832, 0.3711, -2.006848), (3.426189, 0.353054, -1.853708), (3.582098, 0.355741, -2.006859)
(3.739299, 0.342724, -2.006429), (3.896388, 0.332854, -2.005561), (3.895571, 0.353759, -2.157028)
(3.739299, 0.342724, -2.006429), (3.740265, 0.326935, -1.853835), (3.896388, 0.332854, -2.005561)
(3.896388, 0.332854, -2.005561), (4.053294, 0.327042, -2.004275), (4.052728, 0.347697, -2.155211)
(3.896388, 0.332854, -2.005561), (3.897101, 0.318317, -1.853279), (4.053294, 0.327042, -2.004275)
(3.583282, 0.33882, -1.853967), (3.584353, 0.326228, -1.700588), (3.740265, 0.326935, -1.853835)
(3.583282, 0.33882, -1.853967), (3.740265, 0.326935, -1.853835), (3.739299, 0.342724, -2.006429)
(3.740265, 0.326935, -1.853835), (3.897101, 0.318317, -1.853279), (3.896388, 0.332854, -2.005561)
(3.740265, 0.326935, -1.853835), (3.741111, 0.316178, -1.700595), (3.897101, 0.318317, -1.853279)
(3.426189, 0.353054, -1.853708), (3.583282, 0.33882, -1.853967), (3.582098, 0.355741, -2.006859)
(3.426189, 0.353054, -1.853708), (3.427453, 0.338654, -1.700223), (3.583282, 0.33882, -1.853967)
(3.897101, 0.318317, -1.853279), (3.897707, 0.309062, -1.70024), (4.053751, 0.313228, -1.852376)
(3.897101, 0.318317, -1.853279), (4.053751, 0.313228, -1.852376), (4.053294, 0.327042, -2.004275)
(3.741111, 0.316178, -1.700595), (3.897707, 0.309062, -1.70024), (3.897101, 0.318317, -1.853279)
(3.741111, 0.316178, -1.700595), (3.741811, 0.309641, -1.546714), (3.897707, 0.309062, -1.70024)
(3.584353, 0.326228, -1.700588), (3.741111, 0.316178, -1.700595), (3.740265, 0.326935, -1.853835)
(3.584353, 0.326228, -1.700588), (3.585262, 0.317779, -1.546655), (3.741111, 0.316178, -1.700595)
(3.897707, 0.309062, -1.70024), (4.054111, 0.30517, -1.699576), (4.053751, 0.313228, -1.852376)
(3.897707, 0.309062, -1.70024), (3.898191, 0.304094, -1.546474), (4.054111, 0.30517, -1.699576)
(3.427453, 0.338654, -1.700223), (3.584353, 0.326228, -1.700588), (3.583282, 0.33882, -1.853967)
(3.427453, 0.338654, -1.700223), (3.428562, 0.327967, -1.546309), (3.584353, 0.326228, -1.700588)
(3.741811, 0.309641, -1.546714), (3.7424, 0.305309, -1.392384), (3.898191, 0.304094, -1.546474)
(3.741811, 0.309641, -1.546714), (3.898191, 0.304094, -1.546474), (3.897707, 0.309062, -1.70024)
(3.585262, 0.317779, -1.546655), (3.586043, 0.31165, -1.392337), (3.741811, 0.309641, -1.546714)
(3.585262, 0.317779, -1.546655), (3.741811, 0.309641, -1.546714), (3.741111, 0.316178, -1.700595)
(3.898191, 0.304094, -1.546474), (3.898587, 0.301283, -1.392186), (4.05437, 0.30149, -1.545961)
(3.898191, 0.304094, -1.546474), (4.05437, 0.30149, -1.545961), (4.054111, 0.30517, -1.699576)
(3.428562, 0.327967, -1.546309), (3.429521, 0.319999, -1.392028), (3.585262, 0.317779, -1.546655)
(3.428562, 0.327967, -1.546309), (3.585262, 0.317779, -1.546655), (3.584353, 0.326228, -1.700588)
(3.7424, 0.305309, -1.392384), (3.898587, 0.301283, -1.392186), (3.898191, 0.304094, -1.546474)
(3.7424, 0.305309, -1.392384), (3.742869, 0.302376, -1.237648), (3.898587, 0.301283, -1.392186)
(3.586043, 0.31165, -1.392337), (3.7424, 0.305309, -1.392384), (3.741811, 0.309641, -1.546714)
(3.586043, 0.31165, -1.392337), (3.586676, 0.307376, -1.237626), (3.7424, 0.305309, -1.392384)
(3.898587, 0.301283, -1.392186), (4.054564, 0.300037, -1.391741), (4.05437, 0.30149, -1.545961)
(3.898587, 0.301283, -1.392186), (3.898868, 0.29979, -1.237418), (4.054564, 0.300037, -1.391741)
(3.429521, 0.319999, -1.392028), (3.586043, 0.31165, -1.392337), (3.585262, 0.317779, -1.546655)
(3.429521, 0.319999, -1.392028), (3.430301, 0.314443, -1.237351), (3.586043, 0.31165, -1.392337)
# 4.373613516646671, 0, -1.7032205833533307
(4.053294, 0.327042, -2.004275), (4.209929, 0.325435, -2.002706), (4.209605, 0.346001, -2.153106)
(4.053294, 0.327042, -2.004275), (4.053751, 0.313228, -1.852376), (4.209929, 0.325435, -2.002706)
(4.209929, 0.325435, -2.002706), (4.366193, 0.327958, -2.001029), (4.366094, 0.348334, -2.150942)
(4.209929, 0.325435, -2.002706), (4.210144, 0.312024, -1.851213), (4.366193, 0.327958, -2.001029)
(4.366193, 0.327958, -2.001029), (4.521965, 0.334584, -1.999413), (4.522059, 0.35484, -2.14889)
(4.366193, 0.327958, -2.001029), (4.366186, 0.314803, -1.849925), (4.521965, 0.334584, -1.999413)
(4.521965, 0.334584, -1.999413), (4.677157, 0.344906, -1.998043), (4.677427, 0.364793, -2.147165)
(4.521965, 0.334584, -1.999413), (4.521754, 0.321694, -1.848655), (4.677157, 0.344906, -1.998043)
(4.677157, 0.344906, -1.998043), (4.831681, 0.358931, -1.997017), (4.832099, 0.378436, -2.145844)
(4.677157, 0.344906, -1.998043), (4.676771, 0.332224, -1.847592), (4.831681, 0.358931, -1.997017)
(4.053751, 0.313228, -1.852376), (4.210144, 0.312024, -1.851213), (4.209929, 0.325435, -2.002706)
(4.053751, 0.313228, -1.852376), (4.054111, 0.30517, -1.699576), (4.210144, 0.312024, -1.851213)
(4.210144, 0.312024, -1.851213), (4.210268, 0.304671, -1.698696), (4.366186, 0.314803, -1.849925)
(4.210144, 0.312024, -1.851213), (4.366186, 0.314803, -1.849925), (4.366193, 0.327958, -2.001029)
(4.366186, 0.314803, -1.849925), (4.521754, 0.321694, -1.848655), (4.521965, 0.334584, -1.999413)
(4.366186, 0.314803, -1.849925), (4.366089, 0.307927, -1.697692), (4.521754, 0.321694, -1.848655)
(4.521754, 0.321694, -1.848655), (4.521471, 0.314934, -1.696714), (4.676771, 0.332224, -1.847592)
(4.521754, 0.321694, -1.848655), (4.676771, 0.332224, -1.847592), (4.677157, 0.344906, -1.998043)
(4.676771, 0.332224, -1.847592), (4.831142, 0.346511, -1.846826), (4.831681, 0.358931, -1.997017)
(4.676771, 0.332224, -1.847592), (4.676311, 0.325653, -1.695901), (4.831142, 0.346511, -1.846826)
(4.054111, 0.30517, -1.699576), (4.210268, 0.304671, -1.698696), (4.210144, 0.312024, -1.851213)
(4.054111, 0.30517, -1.699576), (4.05437, 0.30149, -1.545961), (4.210268, 0.304671, -1.698696)
(4.210268, 0.304671, -1.698696), (4.366089, 0.307927, -1.697692), (4.366186, 0.314803, -1.849925)
(4.210268, 0.304671, -1.698696), (4.210298, 0.302071, -1.545246), (4.366089, 0.307927, -1.697692)
(4.366089, 0.307927, -1.697692), (4.521471, 0.314934, -1.696714), (4.521754, 0.321694, -1.848655)
(4.366089, 0.307927, -1.697692), (4.365912, 0.305879, -1.544457), (4.521471, 0.314934, -1.696714)
(4.521471, 0.314934, -1.696714), (4.676311, 0.325653, -1.695901), (4.676771, 0.332224, -1.847592)
(4.521471, 0.314934, -1.696714), (4.52111, 0.313117, -1.543705), (4.676311, 0.325653, -1.695901)
(4.676311, 0.325653, -1.695901), (4.830532, 0.340058, -1.695363), (4.831142, 0.346511, -1.846826)
(4.676311, 0.325653, -1.695901), (4.675786, 0.323957, -1.543102), (4.830532, 0.340058, -1.695363)
(4.05437, 0.30149, -1.545961), (4.054564, 0.300037, -1.391741), (4.210298, 0.302071, -1.545246)
(4.05437, 0.30149, -1.545961), (4.210298, 0.302071, -1.545246), (4.210268, 0.304671, -1.698696)
(4.210298, 0.302071, -1.545246), (4.210291, 0.301664, -1.391135), (4.365912, 0.305879, -1.544457)
(4.210298, 0.302071, -1.545246), (4.365912, 0.305879, -1.544457), (4.366089, 0.307927, -1.697692)
(4.365912, 0.305879, -1.544457), (4.365711, 0.306239, -1.390479), (4.52111, 0.313117, -1.543705)
(4.365912, 0.305879, -1.544457), (4.52111, 0.313117, -1.543705), (4.521471, 0.314934, -1.696714)
(4.52111, 0.313117, -1.543705), (4.520733, 0.313948, -1.389878), (4.675786, 0.323957, -1.543102)
(4.52111, 0.313117, -1.543705), (4.675786, 0.323957, -1.543102), (4.676311, 0.325653, -1.695901)
(4.675786, 0.323957, -1.543102), (4.675241, 0.325162, -1.389418), (4.829834, 0.338721, -1.542727)
(4.675786, 0.323957, -1.543102), (4.829834, 0.338721, -1.542727), (4.830532, 0.340058, -1.695363)
(4.054564, 0.300037, -1.391741), (4.210291, 0.301664, -1.391135), (4.210298, 0.302071, -1.545246)
(4.054564, 0.300037, -1.391741), (4.054672, 0.299647, -1.237015), (4.210291, 0.301664, -1.391135)
(4.210291, 0.301664, -1.391135), (4.365711, 0.306239, -1.390479), (4.365912, 0.305879, -1.544457)
(4.210291, 0.301664, -1.391135), (4.210232, 0.302177, -1.23649), (4.365711, 0.306239, -1.390479)
(4.365711, 0.306239, -1.390479), (4.520733, 0.313948, -1.389878), (4.52111, 0.313117, -1.543705)
(4.365711, 0.306239, -1.390479), (4.365473, 0.307611, -1.235916), (4.520733, 0.313948, -1.389878)
(4.520733, 0.313948, -1.389878), (4.675241, 0.325162, -1.389418), (4.675786, 0.323957, -1.543102)
(4.520733, 0.313948, -1.389878), (4.520307, 0.31615, -1.235394), (4.675241, 0.325162, -1.389418)
(4.675241, 0.325162, -1.389418), (4.829144, 0.34016, -1.389181), (4.829834, 0.338721, -1.542727)
(4.675241, 0.325162, -1.389418), (4.674654, 0.327975, -1.235024), (4.829144, 0.34016, -1.389181)
# 5.041383749980003, 0, -1.7032205833533307
(4.831681, 0.358931, -1.997017), (4.9855, 0.376508, -1.996394), (4.986058, 0.3953, -2.145004)
(4.831681, 0.358931, -1.997017), (4.831142, 0.346511, -1.846826), (4.9855, 0.376508, -1.996394)
(4.9855, 0.376508, -1.996394), (5.138637, 0.397188, -1.996202), (5.139319, 0.415243, -2.144631)
(4.9855, 0.376508, -1.996394), (4.984818, 0.364522, -1.846413), (5.138637, 0.397188, -1.996202)
(5.291127, 0.421086, -1.996354), (5.443101, 0.447554, -1.996795), (5.444095, 0.463093, -2.145036)
(5.291127, 0.421086, -1.996354), (5.290131, 0.411019, -1.846632), (5.443101, 0.447554, -1.996795)
(5.138637, 0.397188, -1.996202), (5.291127, 0.421086, -1.996354), (5.291961, 0.437958, -2.144671)
(5.138637, 0.397188, -1.996202), (5.137783, 0.386281, -1.846343), (5.291127, 0.421086, -1.996354)
(4.831142, 0.346511, -1.846826), (4.830532, 0.340058, -1.695363), (4.984818, 0.364522, -1.846413)
(4.831142, 0.346511, -1.846826), (4.984818, 0.364522, -1.846413), (4.9855, 0.376508, -1.996394)
(5.290131, 0.411019, -1.846632), (5.441949, 0.438466, -1.847198), (5.443101, 0.447554, -1.996795)
(5.290131, 0.411019, -1.846632), (5.28904, 0.406475, -1.695607), (5.441949, 0.438466, -1.847198)
(4.984818, 0.364522, -1.846413), (5.137783, 0.386281, -1.846343), (5.138637, 0.397188, -1.996202)
(4.984818, 0.364522, -1.846413), (4.984052, 0.358487, -1.695126), (5.137783, 0.386281, -1.846343)
(5.137783, 0.386281, -1.846343), (5.136866, 0.380793, -1.69521), (5.290131, 0.411019, -1.846632)
(5.137783, 0.386281, -1.846343), (5.290131, 0.411019, -1.846632), (5.291127, 0.421086, -1.996354)
(5.28904, 0.406475, -1.695607), (5.44069, 0.434877, -1.69629), (5.441949, 0.438466, -1.847198)
(5.28904, 0.406475, -1.695607), (5.287899, 0.406348, -1.543383), (5.44069, 0.434877, -1.69629)
(4.830532, 0.340058, -1.695363), (4.984052, 0.358487, -1.695126), (4.984818, 0.364522, -1.846413)
(4.830532, 0.340058, -1.695363), (4.829834, 0.338721, -1.542727), (4.984052, 0.358487, -1.695126)
(5.136866, 0.380793, -1.69521), (5.28904, 0.406475, -1.695607), (5.290131, 0.411019, -1.846632)
(5.136866, 0.380793, -1.69521), (5.13587, 0.380126, -1.542862), (5.28904, 0.406475, -1.695607)
(4.984052, 0.358487, -1.695126), (5.136866, 0.380793, -1.69521), (5.137783, 0.386281, -1.846343)
(4.984052, 0.358487, -1.695126), (4.983211, 0.357353, -1.542651), (5.136866, 0.380793, -1.69521)
(5.287899, 0.406348, -1.543383), (5.286781, 0.408961, -1.390176), (5.43936, 0.435927, -1.544112)
(5.287899, 0.406348, -1.543383), (5.43936, 0.435927, -1.544112), (5.44069, 0.434877, -1.69629)
(5.13587, 0.380126, -1.542862), (5.134908, 0.382138, -1.389559), (5.287899, 0.406348, -1.543383)
(5.13587, 0.380126, -1.542862), (5.287899, 0.406348, -1.543383), (5.28904, 0.406475, -1.695607)
(4.829834, 0.338721, -1.542727), (4.829144, 0.34016, -1.389181), (4.983211, 0.357353, -1.542651)
(4.829834, 0.338721, -1.542727), (4.983211, 0.357353, -1.542651), (4.984052, 0.358487, -1.695126)
(4.983211, 0.357353, -1.542651), (4.982377, 0.359111, -1.389224), (5.13587, 0.380126, -1.542862)
(4.983211, 0.357353, -1.542651), (5.13587, 0.380126, -1.542862), (5.136866, 0.380793, -1.69521)
(5.286781, 0.408961, -1.390176), (5.438079, 0.439277, -1.391006), (5.43936, 0.435927, -1.544112)
(5.286781, 0.408961, -1.390176), (5.28566, 0.413732, -1.236076), (5.438079, 0.439277, -1.391006)
(5.134908, 0.382138, -1.389559), (5.286781, 0.408961, -1.390176), (5.287899, 0.406348, -1.543383)
(5.134908, 0.382138, -1.389559), (5.133913, 0.386385, -1.235394), (5.286781, 0.408961, -1.390176)
(4.982377, 0.359111, -1.389224), (5.134908, 0.382138, -1.389559), (5.13587, 0.380126, -1.542862)
(4.982377, 0.359111, -1.389224), (4.981526, 0.36278, -1.235), (5.134908, 0.382138, -1.389559)
(4.829144, 0.34016, -1.389181), (4.982377, 0.359111, -1.389224), (4.983211, 0.357353, -1.542651)
(4.829144, 0.34016, -1.389181), (4.828421, 0.343406, -1.234878), (4.982377, 0.359111, -1.389224)
# 5.709153983313337, 0, -1.7032205833533307
(5.897598, 0.536924, -1.998901), (6.049178, 0.568553, -1.999556), (6.050618, 0.579253, -2.147775)
(5.897598, 0.536924, -1.998901), (5.895874, 0.53193, -1.849451), (6.049178, 0.568553, -1.999556)
(5.746159, 0.506016, -1.998156), (5.897598, 0.536924, -1.998901), (5.89905, 0.54822, -2.14715)
(5.746159, 0.506016, -1.998156), (5.744626, 0.499658, -1.848687), (5.897598, 0.536924, -1.998901)
(5.59472, 0.475988, -1.997436), (5.746159, 0.506016, -1.998156), (5.747495, 0.518587, -2.146379)
(5.59472, 0.475988, -1.997436), (5.593389, 0.468161, -1.847932), (5.746159, 0.506016, -1.998156)
(5.443101, 0.447554, -1.996795), (5.59472, 0.475988, -1.997436), (5.595891, 0.490011, -2.145652)
(5.443101, 0.447554, -1.996795), (5.441949, 0.438466, -1.847198), (5.59472, 0.475988, -1.997436)
(5.895874, 0.53193, -1.849451), (6.047297, 0.56469, -1.850105), (6.049178, 0.568553, -1.999556)
(5.895874, 0.53193, -1.849451), (5.89401, 0.532143, -1.698795), (6.047297, 0.56469, -1.850105)
(5.744626, 0.499658, -1.848687), (5.742975, 0.498506, -1.697976), (5.895874, 0.53193, -1.849451)
(5.744626, 0.499658, -1.848687), (5.895874, 0.53193, -1.849451), (5.897598, 0.536924, -1.998901)
(5.593389, 0.468161, -1.847932), (5.744626, 0.499658, -1.848687), (5.746159, 0.506016, -1.998156)
(5.593389, 0.468161, -1.847932), (5.591937, 0.46581, -1.697114), (5.744626, 0.499658, -1.848687)
(5.441949, 0.438466, -1.847198), (5.44069, 0.434877, -1.69629), (5.593389, 0.468161, -1.847932)
(5.441949, 0.438466, -1.847198), (5.593389, 0.468161, -1.847932), (5.59472, 0.475988, -1.997436)
(5.89401, 0.532143, -1.698795), (6.045232, 0.566137, -1.699489), (6.047297, 0.56469, -1.850105)
(5.89401, 0.532143, -1.698795), (5.892109, 0.536555, -1.546898), (6.045232, 0.566137, -1.699489)
(5.742975, 0.498506, -1.697976), (5.89401, 0.532143, -1.698795), (5.895874, 0.53193, -1.849451)
(5.742975, 0.498506, -1.697976), (5.741283, 0.501673, -1.545984), (5.89401, 0.532143, -1.698795)
(5.591937, 0.46581, -1.697114), (5.742975, 0.498506, -1.697976), (5.744626, 0.499658, -1.848687)
(5.591937, 0.46581, -1.697114), (5.590434, 0.467899, -1.545015), (5.742975, 0.498506, -1.697976)
(5.44069, 0.434877, -1.69629), (5.591937, 0.46581, -1.697114), (5.593389, 0.468161, -1.847932)
(5.44069, 0.434877, -1.69629), (5.43936, 0.435927, -1.544112), (5.591937, 0.46581, -1.697114)
(5.892109, 0.536555, -1.546898), (5.890218, 0.543521, -1.39401), (6.043136, 0.571946, -1.547605)
(5.892109, 0.536555, -1.546898), (6.043136, 0.571946, -1.547605), (6.045232, 0.566137, -1.699489)
(5.741283, 0.501673, -1.545984), (5.739605, 0.507241, -1.393047), (5.892109, 0.536555, -1.546898)
(5.741283, 0.501673, -1.545984), (5.892109, 0.536555, -1.546898), (5.89401, 0.532143, -1.698795)
(5.590434, 0.467899, -1.545015), (5.588961, 0.472317, -1.391983), (5.741283, 0.501673, -1.545984)
(5.590434, 0.467899, -1.545015), (5.741283, 0.501673, -1.545984), (5.742975, 0.498506, -1.697976)
(5.43936, 0.435927, -1.544112), (5.438079, 0.439277, -1.391006), (5.590434, 0.467899, -1.545015)
(5.43936, 0.435927, -1.544112), (5.590434, 0.467899, -1.545015), (5.591937, 0.46581, -1.697114)
(6.041019, 0.580291, -1.394779), (6.192192, 0.616908, -1.395298), (6.194518, 0.607213, -1.548087)
(6.041019, 0.580291, -1.394779), (6.039018, 0.590239, -1.240985), (6.192192, 0.616908, -1.395298)
(5.890218, 0.543521, -1.39401), (6.041019, 0.580291, -1.394779), (6.043136, 0.571946, -1.547605)
(5.890218, 0.543521, -1.39401), (5.888442, 0.552179, -1.240111), (6.041019, 0.580291, -1.394779)
(5.739605, 0.507241, -1.393047), (5.890218, 0.543521, -1.39401), (5.892109, 0.536555, -1.546898)
(5.739605, 0.507241, -1.393047), (5.738019, 0.514692, -1.239094), (5.890218, 0.543521, -1.39401)
(5.588961, 0.472317, -1.391983), (5.739605, 0.507241, -1.393047), (5.741283, 0.501673, -1.545984)
(5.588961, 0.472317, -1.391983), (5.587556, 0.478446, -1.238046), (5.739605, 0.507241, -1.393047)
(5.438079, 0.439277, -1.391006), (5.588961, 0.472317, -1.391983), (5.590434, 0.467899, -1.545015)
(5.438079, 0.439277, -1.391006), (5.436835, 0.444555, -1.236994), (5.588961, 0.472317, -1.391983)
# 6.376924216646669, 0, -1.7032205833533307
(6.353, 0.634377, -2.000087), (6.505085, 0.669912, -1.999599), (6.5046, 0.686776, -2.146807)
(6.353, 0.634377, -2.000087), (6.351206, 0.631091, -1.850663), (6.505085, 0.669912, -1.999599)
(6.200978, 0.600962, -1.999991), (6.353, 0.634377, -2.000087), (6.353549, 0.647615, -2.147817)
(6.200978, 0.600962, -1.999991), (6.199047, 0.597728, -1.850543), (6.353, 0.634377, -2.000087)
(6.505085, 0.669912, -1.999599), (6.656961, 0.708721, -1.998334), (6.654995, 0.731043, -2.144814)
(6.505085, 0.669912, -1.999599), (6.503757, 0.665064, -1.850377), (6.656961, 0.708721, -1.998334)
(6.049178, 0.568553, -1.999556), (6.200978, 0.600962, -1.999991), (6.202164, 0.612066, -2.148078)
(6.049178, 0.568553, -1.999556), (6.047297, 0.56469, -1.850105), (6.200978, 0.600962, -1.999991)
(6.656961, 0.708721, -1.998334), (6.80834, 0.751849, -1.996174), (6.804666, 0.780308, -2.141932)
(6.656961, 0.708721, -1.998334), (6.656549, 0.700496, -1.849527), (6.80834, 0.751849, -1.996174)
(6.351206, 0.631091, -1.850663), (6.348891, 0.634245, -1.700022), (6.503757, 0.665064, -1.850377)
(6.351206, 0.631091, -1.850663), (6.503757, 0.665064, -1.850377), (6.505085, 0.669912, -1.999599)
(6.199047, 0.597728, -1.850543), (6.351206, 0.631091, -1.850663), (6.353, 0.634377, -2.000087)
(6.199047, 0.597728, -1.850543), (6.196818, 0.600263, -1.699914), (6.351206, 0.631091, -1.850663)
(6.503757, 0.665064, -1.850377), (6.656549, 0.700496, -1.849527), (6.656961, 0.708721, -1.998334)
(6.503757, 0.665064, -1.850377), (6.501528, 0.668101, -1.699746), (6.656549, 0.700496, -1.849527)
(6.047297, 0.56469, -1.850105), (6.045232, 0.566137, -1.699489), (6.199047, 0.597728, -1.850543)
(6.047297, 0.56469, -1.850105), (6.199047, 0.597728, -1.850543), (6.200978, 0.600962, -1.999991)
(6.656549, 0.700496, -1.849527), (6.654708, 0.702123, -1.69903), (6.809306, 0.738541, -1.847952)
(6.656549, 0.700496, -1.849527), (6.809306, 0.738541, -1.847952), (6.80834, 0.751849, -1.996174)
(6.348891, 0.634245, -1.700022), (6.501528, 0.668101, -1.699746), (6.503757, 0.665064, -1.850377)
(6.348891, 0.634245, -1.700022), (6.346412, 0.642102, -1.548239), (6.501528, 0.668101, -1.699746)
(6.196818, 0.600263, -1.699914), (6.348891, 0.634245, -1.700022), (6.351206, 0.631091, -1.850663)
(6.196818, 0.600263, -1.699914), (6.194518, 0.607213, -1.548087), (6.348891, 0.634245, -1.700022)
(6.501528, 0.668101, -1.699746), (6.654708, 0.702123, -1.69903), (6.656549, 0.700496, -1.849527)
(6.501528, 0.668101, -1.699746), (6.498948, 0.676475, -1.547969), (6.654708, 0.702123, -1.69903)
(6.045232, 0.566137, -1.699489), (6.196818, 0.600263, -1.699914), (6.199047, 0.597728, -1.850543)
(6.045232, 0.566137, -1.699489), (6.043136, 0.571946, -1.547605), (6.196818, 0.600263, -1.699914)
(6.654708, 0.702123, -1.69903), (6.808267, 0.737277, -1.697724), (6.809306, 0.738541, -1.847952)
(6.654708, 0.702123, -1.69903), (6.652178, 0.710496, -1.54722), (6.808267, 0.737277, -1.697724)
(6.346412, 0.642102, -1.548239), (6.343874, 0.652956, -1.395509), (6.498948, 0.676475, -1.547969)
(6.346412, 0.642102, -1.548239), (6.498948, 0.676475, -1.547969), (6.501528, 0.668101, -1.699746)
(6.194518, 0.607213, -1.548087), (6.192192, 0.616908, -1.395298), (6.346412, 0.642102, -1.548239)
(6.194518, 0.607213, -1.548087), (6.346412, 0.642102, -1.548239), (6.348891, 0.634245, -1.700022)
(6.498948, 0.676475, -1.547969), (6.49626, 0.688247, -1.395234), (6.652178, 0.710496, -1.54722)
(6.498948, 0.676475, -1.547969), (6.652178, 0.710496, -1.54722), (6.654708, 0.702123, -1.69903)
(6.043136, 0.571946, -1.547605), (6.041019, 0.580291, -1.394779), (6.194518, 0.607213, -1.548087)
(6.043136, 0.571946, -1.547605), (6.194518, 0.607213, -1.548087), (6.196818, 0.600263, -1.699914)
(6.652178, 0.710496, -1.54722), (6.649404, 0.722764, -1.394476), (6.806037, 0.744548, -1.545978)
(6.652178, 0.710496, -1.54722), (6.806037, 0.744548, -1.545978), (6.808267, 0.737277, -1.697724)
(6.343874, 0.652956, -1.395509), (6.49626, 0.688247, -1.395234), (6.498948, 0.676475, -1.547969)
(6.343874, 0.652956, -1.395509), (6.341513, 0.665643, -1.241692), (6.49626, 0.688247, -1.395234)
(6.192192, 0.616908, -1.395298), (6.343874, 0.652956, -1.395509), (6.346412, 0.642102, -1.548239)
(6.192192, 0.616908, -1.395298), (6.189969, 0.62825, -1.241557), (6.343874, 0.652956, -1.395509)
(6.49626, 0.688247, -1.395234), (6.649404, 0.722764, -1.394476), (6.652178, 0.710496, -1.54722)
(6.49626, 0.688247, -1.395234), (6.493695, 0.702117, -1.241469), (6.649404, 0.722764, -1.394476)
(6.649404, 0.722764, -1.394476), (6.803313, 0.756694, -1.393225), (6.806037, 0.744548, -1.545978)
(6.649404, 0.722764, -1.394476), (6.64664, 0.737548, -1.240795), (6.803313, 0.756694, -1.393225)
# 7.044694449980003, 0, -1.7032205833533307
(6.80834, 0.751849, -1.996174), (6.958857, 0.800704, -1.992985), (6.953284, 0.836091, -2.138014)
(6.80834, 0.751849, -1.996174), (6.809306, 0.738541, -1.847952), (6.958857, 0.800704, -1.992985)
(6.958857, 0.800704, -1.992985), (7.108506, 0.854817, -1.988963), (7.101235, 0.896032, -2.133531)
(6.958857, 0.800704, -1.992985), (6.961531, 0.78125, -1.8454), (7.108506, 0.854817, -1.988963)
(7.108506, 0.854817, -1.988963), (7.257231, 0.914384, -1.984185), (7.24844, 0.960752, -2.128471)
(7.108506, 0.854817, -1.988963), (7.113063, 0.828616, -1.842005), (7.257231, 0.914384, -1.984185)
(7.257231, 0.914384, -1.984185), (7.405248, 0.978389, -1.978889), (7.395316, 1.028246, -2.123194)
(7.257231, 0.914384, -1.984185), (7.263677, 0.881436, -1.837762), (7.405248, 0.978389, -1.978889)
(6.809306, 0.738541, -1.847952), (6.961531, 0.78125, -1.8454), (6.958857, 0.800704, -1.992985)
(6.809306, 0.738541, -1.847952), (6.808267, 0.737277, -1.697724), (6.961531, 0.78125, -1.8454)
(6.961531, 0.78125, -1.8454), (6.961846, 0.774929, -1.695682), (7.113063, 0.828616, -1.842005)
(6.961531, 0.78125, -1.8454), (7.113063, 0.828616, -1.842005), (7.108506, 0.854817, -1.988963)
(7.113063, 0.828616, -1.842005), (7.263677, 0.881436, -1.837762), (7.257231, 0.914384, -1.984185)
(7.113063, 0.828616, -1.842005), (7.115054, 0.816333, -1.692819), (7.263677, 0.881436, -1.837762)
(7.263677, 0.881436, -1.837762), (7.267614, 0.862167, -1.689165), (7.413344, 0.939679, -1.832785)
(7.263677, 0.881436, -1.837762), (7.413344, 0.939679, -1.832785), (7.405248, 0.978389, -1.978889)
(6.808267, 0.737277, -1.697724), (6.961846, 0.774929, -1.695682), (6.961531, 0.78125, -1.8454)
(6.808267, 0.737277, -1.697724), (6.806037, 0.744548, -1.545978), (6.961846, 0.774929, -1.695682)
(6.961846, 0.774929, -1.695682), (7.115054, 0.816333, -1.692819), (7.113063, 0.828616, -1.842005)
(6.961846, 0.774929, -1.695682), (6.960347, 0.779465, -1.544154), (7.115054, 0.816333, -1.692819)
(7.115054, 0.816333, -1.692819), (7.267614, 0.862167, -1.689165), (7.263677, 0.881436, -1.837762)
(7.115054, 0.816333, -1.692819), (7.114792, 0.816366, -1.541666), (7.267614, 0.862167, -1.689165)
(7.267614, 0.862167, -1.689165), (7.419124, 0.914041, -1.684607), (7.413344, 0.939679, -1.832785)
(7.267614, 0.862167, -1.689165), (7.268894, 0.85699, -1.538376), (7.419124, 0.914041, -1.684607)
(6.806037, 0.744548, -1.545978), (6.803313, 0.756694, -1.393225), (6.960347, 0.779465, -1.544154)
(6.806037, 0.744548, -1.545978), (6.960347, 0.779465, -1.544154), (6.961846, 0.774929, -1.695682)
(6.960347, 0.779465, -1.544154), (6.957934, 0.790421, -1.391463), (7.114792, 0.816366, -1.541666)
(6.960347, 0.779465, -1.544154), (7.114792, 0.816366, -1.541666), (7.115054, 0.816333, -1.692819)
(7.114792, 0.816366, -1.541666), (7.113093, 0.824786, -1.389127), (7.268894, 0.85699, -1.538376)
(7.114792, 0.816366, -1.541666), (7.268894, 0.85699, -1.538376), (7.267614, 0.862167, -1.689165)
(7.268894, 0.85699, -1.538376), (7.26842, 0.861067, -1.386149), (7.422316, 0.902155, -1.534322)
(7.268894, 0.85699, -1.538376), (7.422316, 0.902155, -1.534322), (7.419124, 0.914041, -1.684607)
(6.803313, 0.756694, -1.393225), (6.957934, 0.790421, -1.391463), (6.960347, 0.779465, -1.544154)
(6.803313, 0.756694, -1.393225), (6.800465, 0.771978, -1.239549), (6.957934, 0.790421, -1.391463)
(6.957934, 0.790421, -1.391463), (7.113093, 0.824786, -1.389127), (7.114792, 0.816366, -1.541666)
(6.957934, 0.790421, -1.391463), (6.955164, 0.805689, -1.237727), (7.113093, 0.824786, -1.389127)
(7.113093, 0.824786, -1.389127), (7.26842, 0.861067, -1.386149), (7.268894, 0.85699, -1.538376)
(7.113093, 0.824786, -1.389127), (7.110582, 0.839153, -1.235422), (7.26842, 0.861067, -1.386149)
(7.26842, 0.861067, -1.386149), (7.423467, 0.900649, -1.382479), (7.422316, 0.902155, -1.534322)
(7.26842, 0.861067, -1.386149), (7.266554, 0.873089, -1.232603), (7.423467, 0.900649, -1.382479)
# 7.712464683313336, 0, -1.7032205833533307
(7.405248, 0.978389, -1.978889), (7.552872, 1.045389, -1.973326), (7.542089, 1.097731, -2.117826)
(7.405248, 0.978389, -1.978889), (7.413344, 0.939679, -1.832785), (7.552872, 1.045389, -1.973326)
(7.552872, 1.045389, -1.973326), (7.700314, 1.115017, -1.967544), (7.689009, 1.16832, -2.112467)
(7.552872, 1.045389, -1.973326), (7.562135, 1.003237, -1.827166), (7.700314, 1.115017, -1.967544)
(7.700314, 1.115017, -1.967544), (7.847966, 1.185736, -1.961722), (7.836369, 1.239198, -2.107175)
(7.700314, 1.115017, -1.967544), (7.710552, 1.069875, -1.821254), (7.847966, 1.185736, -1.961722)
(7.847966, 1.185736, -1.961722), (7.996113, 1.256516, -1.955943), (7.984412, 1.309178, -2.102051)
(7.847966, 1.185736, -1.961722), (7.858884, 1.138693, -1.815157), (7.996113, 1.256516, -1.955943)
(7.996113, 1.256516, -1.955943), (8.145002, 1.326692, -1.950212), (8.133365, 1.378016, -2.097023)
(7.996113, 1.256516, -1.955943), (8.007435, 1.208756, -1.808956), (8.145002, 1.326692, -1.950212)
(7.413344, 0.939679, -1.832785), (7.562135, 1.003237, -1.827166), (7.552872, 1.045389, -1.973326)
(7.413344, 0.939679, -1.832785), (7.419124, 0.914041, -1.684607), (7.562135, 1.003237, -1.827166)
(7.562135, 1.003237, -1.827166), (7.569587, 0.971839, -1.679276), (7.710552, 1.069875, -1.821254)
(7.562135, 1.003237, -1.827166), (7.710552, 1.069875, -1.821254), (7.700314, 1.115017, -1.967544)
(7.710552, 1.069875, -1.821254), (7.858884, 1.138693, -1.815157), (7.847966, 1.185736, -1.961722)
(7.710552, 1.069875, -1.821254), (7.719344, 1.034095, -1.673439), (7.858884, 1.138693, -1.815157)
(7.858884, 1.138693, -1.815157), (7.868741, 1.099424, -1.667301), (8.007435, 1.208756, -1.808956)
(7.858884, 1.138693, -1.815157), (8.007435, 1.208756, -1.808956), (7.996113, 1.256516, -1.955943)
(8.007435, 1.208756, -1.808956), (8.15654, 1.279179, -1.802687), (8.145002, 1.326692, -1.950212)
(8.007435, 1.208756, -1.808956), (8.018038, 1.167395, -1.660882), (8.15654, 1.279179, -1.802687)
(7.419124, 0.914041, -1.684607), (7.569587, 0.971839, -1.679276), (7.562135, 1.003237, -1.827166)
(7.419124, 0.914041, -1.684607), (7.422316, 0.902155, -1.534322), (7.569587, 0.971839, -1.679276)
(7.569587, 0.971839, -1.679276), (7.719344, 1.034095, -1.673439), (7.710552, 1.069875, -1.821254)
(7.569587, 0.971839, -1.679276), (7.574667, 0.953441, -1.529403), (7.719344, 1.034095, -1.673439)
(7.719344, 1.034095, -1.673439), (7.868741, 1.099424, -1.667301), (7.858884, 1.138693, -1.815157)
(7.719344, 1.034095, -1.673439), (7.726222, 1.009405, -1.523916), (7.868741, 1.099424, -1.667301)
(7.868741, 1.099424, -1.667301), (8.018038, 1.167395, -1.660882), (8.007435, 1.208756, -1.808956)
(7.868741, 1.099424, -1.667301), (7.877001, 1.070343, -1.517862), (8.018038, 1.167395, -1.660882)
(8.018038, 1.167395, -1.660882), (8.16766, 1.236434, -1.654335), (8.15654, 1.279179, -1.802687)
(8.018038, 1.167395, -1.660882), (8.027512, 1.134247, -1.511503), (8.16766, 1.236434, -1.654335)
(7.422316, 0.902155, -1.534322), (7.423467, 0.900649, -1.382479), (7.574667, 0.953441, -1.529403)
(7.422316, 0.902155, -1.534322), (7.574667, 0.953441, -1.529403), (7.569587, 0.971839, -1.679276)
(7.574667, 0.953441, -1.529403), (7.577774, 0.945065, -1.378048), (7.726222, 1.009405, -1.523916)
(7.574667, 0.953441, -1.529403), (7.726222, 1.009405, -1.523916), (7.719344, 1.034095, -1.673439)
(7.726222, 1.009405, -1.523916), (7.731205, 0.994592, -1.372943), (7.877001, 1.070343, -1.517862)
(7.726222, 1.009405, -1.523916), (7.877001, 1.070343, -1.517862), (7.868741, 1.099424, -1.667301)
(7.877001, 1.070343, -1.517862), (7.883732, 1.049447, -1.367214), (8.027512, 1.134247, -1.511503)
(7.877001, 1.070343, -1.517862), (8.027512, 1.134247, -1.511503), (8.018038, 1.167395, -1.660882)
(8.027512, 1.134247, -1.511503), (8.035686, 1.108412, -1.361043), (8.178061, 1.200138, -1.504928)
(8.027512, 1.134247, -1.511503), (8.178061, 1.200138, -1.504928), (8.16766, 1.236434, -1.654335)
(7.423467, 0.900649, -1.382479), (7.577774, 0.945065, -1.378048), (7.574667, 0.953441, -1.529403)
(7.423467, 0.900649, -1.382479), (7.422737, 0.908743, -1.229193), (7.577774, 0.945065, -1.378048)
(7.577774, 0.945065, -1.378048), (7.731205, 0.994592, -1.372943), (7.726222, 1.009405, -1.523916)
(7.577774, 0.945065, -1.378048), (7.578584, 0.948014, -1.22508), (7.731205, 0.994592, -1.372943)
(7.731205, 0.994592, -1.372943), (7.883732, 1.049447, -1.367214), (7.877001, 1.070343, -1.517862)
(7.731205, 0.994592, -1.372943), (7.733876, 0.991135, -1.220401), (7.883732, 1.049447, -1.367214)
# 8.380234916646671, 0, -1.7032205833533307
(8.145002, 1.326692, -1.950212), (8.294785, 1.395407, -1.944574), (8.283279, 1.444969, -2.092124)
(8.145002, 1.326692, -1.950212), (8.15654, 1.279179, -1.802687), (8.294785, 1.395407, -1.944574)
(8.294785, 1.395407, -1.944574), (8.445622, 1.46225, -1.938979), (8.434324, 1.509762, -2.087275)
(8.294785, 1.395407, -1.944574), (8.306403, 1.348562, -1.796491), (8.445622, 1.46225, -1.938979)
(8.445622, 1.46225, -1.938979), (8.597594, 1.526852, -1.933391), (8.586531, 1.572117, -2.082431)
(8.445622, 1.46225, -1.938979), (8.457185, 1.416541, -1.790319), (8.597594, 1.526852, -1.933391)
(8.597594, 1.526852, -1.933391), (8.75074, 1.588926, -1.927763), (8.739968, 1.631788, -2.077526)
(8.597594, 1.526852, -1.933391), (8.609046, 1.482639, -1.784132), (8.75074, 1.588926, -1.927763)
(8.15654, 1.279179, -1.802687), (8.16766, 1.236434, -1.654335), (8.306403, 1.348562, -1.796491)
(8.15654, 1.279179, -1.802687), (8.306403, 1.348562, -1.796491), (8.294785, 1.395407, -1.944574)
(8.306403, 1.348562, -1.796491), (8.457185, 1.416541, -1.790319), (8.445622, 1.46225, -1.938979)
(8.306403, 1.348562, -1.796491), (8.317865, 1.305417, -1.647748), (8.457185, 1.416541, -1.790319)
(8.457185, 1.416541, -1.790319), (8.468831, 1.373501, -1.641163), (8.609046, 1.482639, -1.784132)
(8.457185, 1.416541, -1.790319), (8.609046, 1.482639, -1.784132), (8.597594, 1.526852, -1.933391)
(8.609046, 1.482639, -1.784132), (8.762122, 1.54633, -1.777895), (8.75074, 1.588926, -1.927763)
(8.609046, 1.482639, -1.784132), (8.620803, 1.440151, -1.634528), (8.762122, 1.54633, -1.777895)
(8.16766, 1.236434, -1.654335), (8.317865, 1.305417, -1.647748), (8.306403, 1.348562, -1.796491)
(8.16766, 1.236434, -1.654335), (8.178061, 1.200138, -1.504928), (8.317865, 1.305417, -1.647748)
(8.317865, 1.305417, -1.647748), (8.468831, 1.373501, -1.641163), (8.457185, 1.416541, -1.790319)
(8.317865, 1.305417, -1.647748), (8.328921, 1.26714, -1.498193), (8.468831, 1.373501, -1.641163)
(8.468831, 1.373501, -1.641163), (8.620803, 1.440151, -1.634528), (8.609046, 1.482639, -1.784132)
(8.468831, 1.373501, -1.641163), (8.480395, 1.33428, -1.491334), (8.620803, 1.440151, -1.634528)
(8.620803, 1.440151, -1.634528), (8.773899, 1.504712, -1.627839), (8.762122, 1.54633, -1.777895)
(8.620803, 1.440151, -1.634528), (8.632717, 1.400293, -1.484439), (8.773899, 1.504712, -1.627839)
(8.178061, 1.200138, -1.504928), (8.187444, 1.170055, -1.354599), (8.328921, 1.26714, -1.498193)
(8.178061, 1.200138, -1.504928), (8.328921, 1.26714, -1.498193), (8.317865, 1.305417, -1.647748)
(8.328921, 1.26714, -1.498193), (8.339207, 1.234147, -1.347858), (8.480395, 1.33428, -1.491334)
(8.328921, 1.26714, -1.498193), (8.480395, 1.33428, -1.491334), (8.468831, 1.373501, -1.641163)
(8.480395, 1.33428, -1.491334), (8.491379, 1.299148, -1.340934), (8.632717, 1.400293, -1.484439)
(8.480395, 1.33428, -1.491334), (8.632717, 1.400293, -1.484439), (8.620803, 1.440151, -1.634528)
(8.632717, 1.400293, -1.484439), (8.644243, 1.363766, -1.333908), (8.786007, 1.464715, -1.477472)
(8.632717, 1.400293, -1.484439), (8.786007, 1.464715, -1.477472), (8.773899, 1.504712, -1.627839)
# 9.048005149980003, 0, -1.7032205833533307
(8.75074, 1.588926, -1.927763), (8.905176, 1.648075, -1.922037), (8.894683, 1.688521, -2.072501)
(8.75074, 1.588926, -1.927763), (8.762122, 1.54633, -1.777895), (8.905176, 1.648075, -1.922037)
(8.905176, 1.648075, -1.922037), (9.060931, 1.703992, -1.916171), (9.050777, 1.741903, -2.067303)
(8.905176, 1.648075, -1.922037), (8.916399, 1.607292, -1.771584), (9.060931, 1.703992, -1.916171)
(9.060931, 1.703992, -1.916171), (9.218005, 1.756419, -1.91012), (9.208178, 1.791839, -2.061891)
(9.060931, 1.703992, -1.916171), (9.071925, 1.665205, -1.765148), (9.218005, 1.756419, -1.91012)
(9.218005, 1.756419, -1.91012), (9.376468, 1.80492, -1.903847), (9.367105, 1.837577, -2.056227)
(9.218005, 1.756419, -1.91012), (9.22873, 1.719754, -1.758543), (9.376468, 1.80492, -1.903847)
(9.376468, 1.80492, -1.903847), (9.536184, 1.849521, -1.897323), (9.527242, 1.879593, -2.050278)
(9.376468, 1.80492, -1.903847), (9.386877, 1.770482, -1.751733), (9.536184, 1.849521, -1.897323)
(8.762122, 1.54633, -1.777895), (8.773899, 1.504712, -1.627839), (8.916399, 1.607292, -1.771584)
(8.762122, 1.54633, -1.777895), (8.916399, 1.607292, -1.771584), (8.905176, 1.648075, -1.922037)
(8.916399, 1.607292, -1.771584), (9.071925, 1.665205, -1.765148), (9.060931, 1.703992, -1.916171)
(8.916399, 1.607292, -1.771584), (8.928158, 1.566812, -1.621063), (9.071925, 1.665205, -1.765148)
(9.071925, 1.665205, -1.765148), (9.083575, 1.626149, -1.614164), (9.22873, 1.719754, -1.758543)
(9.071925, 1.665205, -1.765148), (9.22873, 1.719754, -1.758543), (9.218005, 1.756419, -1.91012)
(9.22873, 1.719754, -1.758543), (9.386877, 1.770482, -1.751733), (9.376468, 1.80492, -1.903847)
(9.22873, 1.719754, -1.758543), (9.240238, 1.682268, -1.607099), (9.386877, 1.770482, -1.751733)
(8.773899, 1.504712, -1.627839), (8.928158, 1.566812, -1.621063), (8.916399, 1.607292, -1.771584)
(8.773899, 1.504712, -1.627839), (8.786007, 1.464715, -1.477472), (8.928158, 1.566812, -1.621063)
(8.928158, 1.566812, -1.621063), (9.083575, 1.626149, -1.614164), (9.071925, 1.665205, -1.765148)
(8.928158, 1.566812, -1.621063), (8.940355, 1.52718, -1.470383), (9.083575, 1.626149, -1.614164)
(9.083575, 1.626149, -1.614164), (9.240238, 1.682268, -1.607099), (9.22873, 1.719754, -1.758543)
(9.083575, 1.626149, -1.614164), (9.095851, 1.587174, -1.463135), (9.240238, 1.682268, -1.607099)
(9.240238, 1.682268, -1.607099), (9.398104, 1.734925, -1.599833), (9.386877, 1.770482, -1.751733)
(9.240238, 1.682268, -1.607099), (9.252439, 1.644342, -1.45572), (9.398104, 1.734925, -1.599833)
(8.786007, 1.464715, -1.477472), (8.797922, 1.427277, -1.326793), (8.940355, 1.52718, -1.470383)
(8.786007, 1.464715, -1.477472), (8.940355, 1.52718, -1.470383), (8.928158, 1.566812, -1.621063)
(8.940355, 1.52718, -1.470383), (8.952562, 1.489384, -1.319505), (9.095851, 1.587174, -1.463135)
(8.940355, 1.52718, -1.470383), (9.095851, 1.587174, -1.463135), (9.083575, 1.626149, -1.614164)
(9.095851, 1.587174, -1.463135), (9.108227, 1.54946, -1.312033), (9.252439, 1.644342, -1.45572)
(9.095851, 1.587174, -1.463135), (9.252439, 1.644342, -1.45572), (9.240238, 1.682268, -1.607099)
(9.252439, 1.644342, -1.45572), (9.264891, 1.607086, -1.304367), (9.410112, 1.698419, -1.448094)
(9.252439, 1.644342, -1.45572), (9.410112, 1.698419, -1.448094), (9.398104, 1.734925, -1.599833)
# 9.71577538331334, 0, -1.7032205833533307
(10.015517, 1.979211, -2.030518), (10.022844, 1.956945, -1.876065), (10.180488, 2.003886, -2.02325)
(10.015517, 1.979211, -2.030518), (10.180488, 2.003886, -2.02325), (10.175184, 2.02094, -2.178527)
(9.536184, 1.849521, -1.897323), (9.697209, 1.889777, -1.890526), (9.688799, 1.917088, -2.044024)
(9.536184, 1.849521, -1.897323), (9.546174, 1.817538, -1.744689), (9.697209, 1.889777, -1.890526)
(9.697209, 1.889777, -1.890526), (9.859454, 1.925613, -1.883442), (9.851566, 1.950353, -2.037441)
(9.697209, 1.889777, -1.890526), (9.706652, 1.860548, -1.73739), (9.859454, 1.925613, -1.883442)
(9.859454, 1.925613, -1.883442), (10.022844, 1.956945, -1.876065), (10.015517, 1.979211, -2.030518)
(9.859454, 1.925613, -1.883442), (9.868277, 1.899254, -1.729824), (10.022844, 1.956945, -1.876065)
(10.022844, 1.956945, -1.876065), (10.187119, 1.984294, -1.868391), (10.180488, 2.003886, -2.02325)
(10.022844, 1.956945, -1.876065), (10.031063, 1.933232, -1.722003), (10.187119, 1.984294, -1.868391)
(9.386877, 1.770482, -1.751733), (9.398104, 1.734925, -1.599833), (9.546174, 1.817538, -1.744689)
(9.386877, 1.770482, -1.751733), (9.546174, 1.817538, -1.744689), (9.536184, 1.849521, -1.897323)
(9.546174, 1.817538, -1.744689), (9.706652, 1.860548, -1.73739), (9.697209, 1.889777, -1.890526)
(9.546174, 1.817538, -1.744689), (9.557096, 1.783982, -1.592337), (9.706652, 1.860548, -1.73739)
(9.706652, 1.860548, -1.73739), (9.717113, 1.8294, -1.584587), (9.868277, 1.899254, -1.729824)
(9.706652, 1.860548, -1.73739), (9.868277, 1.899254, -1.729824), (9.859454, 1.925613, -1.883442)
(9.868277, 1.899254, -1.729824), (10.031063, 1.933232, -1.722003), (10.022844, 1.956945, -1.876065)
(9.868277, 1.899254, -1.729824), (9.878219, 1.870613, -1.576581), (10.031063, 1.933232, -1.722003)
(10.031063, 1.933232, -1.722003), (10.040325, 1.907472, -1.56833), (10.194592, 1.963498, -1.713916)
(10.031063, 1.933232, -1.722003), (10.194592, 1.963498, -1.713916), (10.187119, 1.984294, -1.868391)
(9.398104, 1.734925, -1.599833), (9.557096, 1.783982, -1.592337), (9.546174, 1.817538, -1.744689)
(9.398104, 1.734925, -1.599833), (9.410112, 1.698419, -1.448094), (9.557096, 1.783982, -1.592337)
(9.557096, 1.783982, -1.592337), (9.717113, 1.8294, -1.584587), (9.706652, 1.860548, -1.73739)
(9.557096, 1.783982, -1.592337), (9.568831, 1.749182, -1.440223), (9.717113, 1.8294, -1.584587)
(9.717113, 1.8294, -1.584587), (9.878219, 1.870613, -1.576581), (9.868277, 1.899254, -1.729824)
(9.717113, 1.8294, -1.584587), (9.728559, 1.796346, -1.432089), (9.878219, 1.870613, -1.576581)
(9.878219, 1.870613, -1.576581), (10.040325, 1.907472, -1.56833), (10.031063, 1.933232, -1.722003)
(9.878219, 1.870613, -1.576581), (9.889156, 1.839919, -1.423691), (10.040325, 1.907472, -1.56833)
(10.040325, 1.907472, -1.56833), (10.203125, 1.940654, -1.559835), (10.194592, 1.963498, -1.713916)
(10.040325, 1.907472, -1.56833), (10.05061, 1.879551, -1.415039), (10.203125, 1.940654, -1.559835)
(9.410112, 1.698419, -1.448094), (9.422505, 1.662048, -1.29647), (9.568831, 1.749182, -1.440223)
(9.410112, 1.698419, -1.448094), (9.568831, 1.749182, -1.440223), (9.557096, 1.783982, -1.592337)
(9.568831, 1.749182, -1.440223), (9.581091, 1.713976, -1.288299), (9.728559, 1.796346, -1.432089)
(9.568831, 1.749182, -1.440223), (9.728559, 1.796346, -1.432089), (9.717113, 1.8294, -1.584587)
(9.728559, 1.796346, -1.432089), (9.740561, 1.762668, -1.279847), (9.889156, 1.839919, -1.423691)
(9.728559, 1.796346, -1.432089), (9.889156, 1.839919, -1.423691), (9.878219, 1.870613, -1.576581)
(9.889156, 1.839919, -1.423691), (9.900818, 1.807982, -1.271112), (10.05061, 1.879551, -1.415039)
(9.889156, 1.839919, -1.423691), (10.05061, 1.879551, -1.415039), (10.040325, 1.907472, -1.56833)
