# 10.383545616646671, 0, 1.6356305833133364
(10.075315, 1.456066, 1.354575), (10.078405, 1.438098, 1.514425), (10.244249, 1.46347, 1.360103)
(10.075315, 1.456066, 1.354575), (10.244249, 1.46347, 1.360103), (10.239399, 1.479988, 1.200977)
(10.244249, 1.46347, 1.360103), (10.247643, 1.444041, 1.51968), (10.41174, 1.468029, 1.365814)
(10.244249, 1.46347, 1.360103), (10.41174, 1.468029, 1.365814), (10.406355, 1.487567, 1.207283)
(10.41174, 1.468029, 1.365814), (10.577427, 1.470307, 1.371799), (10.571362, 1.493657, 1.214108)
(10.41174, 1.468029, 1.365814), (10.415562, 1.446412, 1.524905), (10.577427, 1.470307, 1.371799)
(10.577427, 1.470307, 1.371799), (10.581714, 1.445489, 1.530156), (10.740995, 1.471099, 1.378178)
(10.577427, 1.470307, 1.371799), (10.740995, 1.471099, 1.378178), (10.734429, 1.499072, 1.221455)
(10.078405, 1.438098, 1.514425), (10.247643, 1.444041, 1.51968), (10.244249, 1.46347, 1.360103)
(10.078405, 1.438098, 1.514425), (10.080236, 1.416126, 1.674254), (10.247643, 1.444041, 1.51968)
(10.247643, 1.444041, 1.51968), (10.415562, 1.446412, 1.524905), (10.41174, 1.468029, 1.365814)
(10.247643, 1.444041, 1.51968), (10.249632, 1.421221, 1.679369), (10.415562, 1.446412, 1.524905)
(10.415562, 1.446412, 1.524905), (10.581714, 1.445489, 1.530156), (10.577427, 1.470307, 1.371799)
(10.415562, 1.446412, 1.524905), (10.417746, 1.421943, 1.684261), (10.581714, 1.445489, 1.530156)
(10.581714, 1.445489, 1.530156), (10.745854, 1.442193, 1.535543), (10.740995, 1.471099, 1.378178)
(10.581714, 1.445489, 1.530156), (10.584185, 1.418501, 1.688914), (10.745854, 1.442193, 1.535543)
(10.080236, 1.416126, 1.674254), (10.080843, 1.390315, 1.833757), (10.249632, 1.421221, 1.679369)
(10.080236, 1.416126, 1.674254), (10.249632, 1.421221, 1.679369), (10.247643, 1.444041, 1.51968)
(10.249632, 1.421221, 1.679369), (10.250118, 1.394383, 1.838812), (10.417746, 1.421943, 1.684261)
(10.249632, 1.421221, 1.679369), (10.417746, 1.421943, 1.684261), (10.415562, 1.446412, 1.524905)
(10.417746, 1.421943, 1.684261), (10.418211, 1.393825, 1.843498), (10.584185, 1.418501, 1.688914)
(10.417746, 1.421943, 1.684261), (10.584185, 1.418501, 1.688914), (10.581714, 1.445489, 1.530156)
(10.584185, 1.418501, 1.688914), (10.584678, 1.388418, 1.847711), (10.748602, 1.411625, 1.693426)
(10.584185, 1.418501, 1.688914), (10.748602, 1.411625, 1.693426), (10.745854, 1.442193, 1.535543)
(10.080843, 1.390315, 1.833757), (10.250118, 1.394383, 1.838812), (10.249632, 1.421221, 1.679369)
(10.080843, 1.390315, 1.833757), (10.080279, 1.360981, 1.992673), (10.250118, 1.394383, 1.838812)
(10.250118, 1.394383, 1.838812), (10.418211, 1.393825, 1.843498), (10.417746, 1.421943, 1.684261)
(10.250118, 1.394383, 1.838812), (10.249279, 1.363935, 1.997711), (10.418211, 1.393825, 1.843498)
(10.418211, 1.393825, 1.843498), (10.584678, 1.388418, 1.847711), (10.584185, 1.418501, 1.688914)
(10.418211, 1.393825, 1.843498), (10.417175, 1.36219, 2.002273), (10.584678, 1.388418, 1.847711)
(10.584678, 1.388418, 1.847711), (10.749322, 1.378941, 1.851512), (10.748602, 1.411625, 1.693426)
(10.584678, 1.388418, 1.847711), (10.583576, 1.355392, 2.006204), (10.749322, 1.378941, 1.851512)
# 11.051315849980007, 0, 1.6356305833133364
(10.740995, 1.471099, 1.378178), (10.745854, 1.442193, 1.535543), (10.902623, 1.471414, 1.384977)
(10.740995, 1.471099, 1.378178), (10.902623, 1.471414, 1.384977), (10.895584, 1.504412, 1.229348)
(10.902623, 1.471414, 1.384977), (10.907738, 1.437582, 1.541235), (11.062241, 1.471991, 1.392318)
(10.902623, 1.471414, 1.384977), (11.062241, 1.471991, 1.392318), (11.054906, 1.510202, 1.23781)
(11.062241, 1.471991, 1.392318), (11.219931, 1.473511, 1.400277), (11.212299, 1.516882, 1.246922)
(11.062241, 1.471991, 1.392318), (11.067808, 1.432941, 1.547298), (11.219931, 1.473511, 1.400277)
(11.219931, 1.473511, 1.400277), (11.225813, 1.429063, 1.553938), (11.375765, 1.476501, 1.408896)
(11.219931, 1.473511, 1.400277), (11.375765, 1.476501, 1.408896), (11.368156, 1.524724, 1.256586)
(11.375765, 1.476501, 1.408896), (11.38187, 1.426744, 1.561253), (11.530262, 1.481296, 1.418087)
(11.375765, 1.476501, 1.408896), (11.530262, 1.481296, 1.418087), (11.52277, 1.533921, 1.266731)
(10.745854, 1.442193, 1.535543), (10.907738, 1.437582, 1.541235), (10.902623, 1.471414, 1.384977)
(10.745854, 1.442193, 1.535543), (10.748602, 1.411625, 1.693426), (10.907738, 1.437582, 1.541235)
(10.907738, 1.437582, 1.541235), (11.067808, 1.432941, 1.547298), (11.062241, 1.471991, 1.392318)
(10.907738, 1.437582, 1.541235), (10.910965, 1.402709, 1.697968), (11.067808, 1.432941, 1.547298)
(11.067808, 1.432941, 1.547298), (11.225813, 1.429063, 1.553938), (11.219931, 1.473511, 1.400277)
(11.067808, 1.432941, 1.547298), (11.071391, 1.393069, 1.702728), (11.225813, 1.429063, 1.553938)
(11.225813, 1.429063, 1.553938), (11.38187, 1.426744, 1.561253), (11.375765, 1.476501, 1.408896)
(11.225813, 1.429063, 1.553938), (11.229701, 1.383749, 1.707935), (11.38187, 1.426744, 1.561253)
(11.38187, 1.426744, 1.561253), (11.536155, 1.426649, 1.569287), (11.530262, 1.481296, 1.418087)
(11.38187, 1.426744, 1.561253), (11.385878, 1.375908, 1.713798), (11.536155, 1.426649, 1.569287)
(10.748602, 1.411625, 1.693426), (10.749322, 1.378941, 1.851512), (10.910965, 1.402709, 1.697968)
(10.748602, 1.411625, 1.693426), (10.910965, 1.402709, 1.697968), (10.907738, 1.437582, 1.541235)
(10.910965, 1.402709, 1.697968), (10.911938, 1.366388, 1.855045), (11.071391, 1.393069, 1.702728)
(10.910965, 1.402709, 1.697968), (11.071391, 1.393069, 1.702728), (11.067808, 1.432941, 1.547298)
(11.071391, 1.393069, 1.702728), (11.072643, 1.352282, 1.858553), (11.229701, 1.383749, 1.707935)
(11.071391, 1.393069, 1.702728), (11.229701, 1.383749, 1.707935), (11.225813, 1.429063, 1.553938)
(11.229701, 1.383749, 1.707935), (11.231151, 1.337847, 1.862311), (11.385878, 1.375908, 1.713798)
(11.229701, 1.383749, 1.707935), (11.385878, 1.375908, 1.713798), (11.38187, 1.426744, 1.561253)
(10.749322, 1.378941, 1.851512), (10.911938, 1.366388, 1.855045), (10.910965, 1.402709, 1.697968)
(10.749322, 1.378941, 1.851512), (10.748192, 1.343796, 2.009456), (10.911938, 1.366388, 1.855045)
(10.911938, 1.366388, 1.855045), (11.072643, 1.352282, 1.858553), (11.071391, 1.393069, 1.702728)
(10.911938, 1.366388, 1.855045), (10.910952, 1.328419, 2.012162), (11.072643, 1.352282, 1.858553)
(11.072643, 1.352282, 1.858553), (11.231151, 1.337847, 1.862311), (11.229701, 1.383749, 1.707935)
(11.072643, 1.352282, 1.858553), (11.071815, 1.310504, 2.014543), (11.231151, 1.337847, 1.862311)
(11.231151, 1.337847, 1.862311), (11.38769, 1.324469, 1.866555), (11.385878, 1.375908, 1.713798)
(11.231151, 1.337847, 1.862311), (11.230659, 1.291401, 2.016873), (11.38769, 1.324469, 1.866555)
# 11.71908608331334, 0, 1.6356305833133364
(11.530262, 1.481296, 1.418087), (11.536155, 1.426649, 1.569287), (11.683606, 1.488121, 1.427817)
(11.530262, 1.481296, 1.418087), (11.683606, 1.488121, 1.427817), (11.676408, 1.544576, 1.277277)
(11.683606, 1.488121, 1.427817), (11.836067, 1.496993, 1.437979), (11.829196, 1.556461, 1.288063)
(11.683606, 1.488121, 1.427817), (11.689425, 1.429021, 1.577928), (11.836067, 1.496993, 1.437979)
(11.836067, 1.496993, 1.437979), (11.841641, 1.434172, 1.587182), (11.987869, 1.507809, 1.448396)
(11.836067, 1.496993, 1.437979), (11.987869, 1.507809, 1.448396), (11.981544, 1.569538, 1.298944)
(11.987869, 1.507809, 1.448396), (11.993099, 1.442168, 1.596919), (12.139471, 1.520629, 1.458977)
(11.987869, 1.507809, 1.448396), (12.139471, 1.520629, 1.458977), (12.133723, 1.583736, 1.309793)
(11.536155, 1.426649, 1.569287), (11.689425, 1.429021, 1.577928), (11.683606, 1.488121, 1.427817)
(11.536155, 1.426649, 1.569287), (11.540385, 1.370392, 1.720368), (11.689425, 1.429021, 1.577928)
(11.689425, 1.429021, 1.577928), (11.841641, 1.434172, 1.587182), (11.836067, 1.496993, 1.437979)
(11.689425, 1.429021, 1.577928), (11.693629, 1.367752, 1.72767), (11.841641, 1.434172, 1.587182)
(11.841641, 1.434172, 1.587182), (11.993099, 1.442168, 1.596919), (11.987869, 1.507809, 1.448396)
(11.841641, 1.434172, 1.587182), (11.845686, 1.368568, 1.73575), (11.993099, 1.442168, 1.596919)
(11.993099, 1.442168, 1.596919), (12.144074, 1.452924, 1.606927), (12.139471, 1.520629, 1.458977)
(11.993099, 1.442168, 1.596919), (11.996785, 1.373107, 1.744508), (12.144074, 1.452924, 1.606927)
(11.385878, 1.375908, 1.713798), (11.38769, 1.324469, 1.866555), (11.540385, 1.370392, 1.720368)
(11.385878, 1.375908, 1.713798), (11.540385, 1.370392, 1.720368), (11.536155, 1.426649, 1.569287)
(11.540385, 1.370392, 1.720368), (11.542473, 1.313285, 1.871474), (11.693629, 1.367752, 1.72767)
(11.540385, 1.370392, 1.720368), (11.693629, 1.367752, 1.72767), (11.689425, 1.429021, 1.577928)
(11.693629, 1.367752, 1.72767), (11.695793, 1.305231, 1.877198), (11.845686, 1.368568, 1.73575)
(11.693629, 1.367752, 1.72767), (11.845686, 1.368568, 1.73575), (11.841641, 1.434172, 1.587182)
(11.845686, 1.368568, 1.73575), (11.847749, 1.301245, 1.883834), (11.996785, 1.373107, 1.744508)
(11.845686, 1.368568, 1.73575), (11.996785, 1.373107, 1.744508), (11.993099, 1.442168, 1.596919)
(11.996785, 1.373107, 1.744508), (11.998816, 1.301592, 1.891314), (12.14745, 1.38132, 1.753779)
(11.996785, 1.373107, 1.744508), (12.14745, 1.38132, 1.753779), (12.144074, 1.452924, 1.606927)
(11.38769, 1.324469, 1.866555), (11.542473, 1.313285, 1.871474), (11.540385, 1.370392, 1.720368)
(11.38769, 1.324469, 1.866555), (11.387455, 1.272692, 2.019478), (11.542473, 1.313285, 1.871474)
(11.542473, 1.313285, 1.871474), (11.695793, 1.305231, 1.877198), (11.693629, 1.367752, 1.72767)
(11.542473, 1.313285, 1.871474), (11.542516, 1.255841, 2.022641), (11.695793, 1.305231, 1.877198)
(11.695793, 1.305231, 1.877198), (11.847749, 1.301245, 1.883834), (11.845686, 1.368568, 1.73575)
(11.695793, 1.305231, 1.877198), (11.69601, 1.24215, 2.026609), (11.847749, 1.301245, 1.883834)
(11.847749, 1.301245, 1.883834), (11.998816, 1.301592, 1.891314), (11.996785, 1.373107, 1.744508)
(11.847749, 1.301245, 1.883834), (11.848131, 1.23276, 2.031553), (11.998816, 1.301592, 1.891314)
(11.998816, 1.301592, 1.891314), (12.149258, 1.306567, 1.899528), (12.14745, 1.38132, 1.753779)
(11.998816, 1.301592, 1.891314), (11.999154, 1.228551, 2.037533), (12.149258, 1.306567, 1.899528)
# 12.386856316646675, 0, 1.6356305833133364
(12.133723, 1.583736, 1.309793), (12.285961, 1.59887, 1.320459), (12.280094, 1.65776, 1.170181)
(12.133723, 1.583736, 1.309793), (12.139471, 1.520629, 1.458977), (12.285961, 1.59887, 1.320459)
(12.285961, 1.59887, 1.320459), (12.438404, 1.613674, 1.330405), (12.433253, 1.671558, 1.179807)
(12.285961, 1.59887, 1.320459), (12.291061, 1.535146, 1.46952), (12.438404, 1.613674, 1.330405)
(12.438404, 1.613674, 1.330405), (12.59129, 1.627223, 1.339206), (12.586878, 1.682202, 1.187787)
(12.438404, 1.613674, 1.330405), (12.442852, 1.55071, 1.479714), (12.59129, 1.627223, 1.339206)
(12.59129, 1.627223, 1.339206), (12.744769, 1.637765, 1.346136), (12.741096, 1.688797, 1.193739)
(12.59129, 1.627223, 1.339206), (12.595022, 1.56599, 1.488909), (12.744769, 1.637765, 1.346136)
(12.139471, 1.520629, 1.458977), (12.144074, 1.452924, 1.606927), (12.291061, 1.535146, 1.46952)
(12.139471, 1.520629, 1.458977), (12.291061, 1.535146, 1.46952), (12.285961, 1.59887, 1.320459)
(12.291061, 1.535146, 1.46952), (12.442852, 1.55071, 1.479714), (12.438404, 1.613674, 1.330405)
(12.291061, 1.535146, 1.46952), (12.295156, 1.466363, 1.617172), (12.442852, 1.55071, 1.479714)
(12.442852, 1.55071, 1.479714), (12.446383, 1.481905, 1.627298), (12.595022, 1.56599, 1.488909)
(12.442852, 1.55071, 1.479714), (12.595022, 1.56599, 1.488909), (12.59129, 1.627223, 1.339206)
(12.595022, 1.56599, 1.488909), (12.597934, 1.498652, 1.636813), (12.747783, 1.579977, 1.496649)
(12.595022, 1.56599, 1.488909), (12.747783, 1.579977, 1.496649), (12.744769, 1.637765, 1.346136)
(12.144074, 1.452924, 1.606927), (12.295156, 1.466363, 1.617172), (12.291061, 1.535146, 1.46952)
(12.144074, 1.452924, 1.606927), (12.14745, 1.38132, 1.753779), (12.295156, 1.466363, 1.617172)
(12.295156, 1.466363, 1.617172), (12.446383, 1.481905, 1.627298), (12.442852, 1.55071, 1.479714)
(12.295156, 1.466363, 1.617172), (12.298094, 1.392989, 1.763438), (12.446383, 1.481905, 1.627298)
(12.446383, 1.481905, 1.627298), (12.597934, 1.498652, 1.636813), (12.595022, 1.56599, 1.488909)
(12.446383, 1.481905, 1.627298), (12.448818, 1.407854, 1.773211), (12.597934, 1.498652, 1.636813)
(12.597934, 1.498652, 1.636813), (12.750021, 1.515231, 1.645025), (12.747783, 1.579977, 1.496649)
(12.597934, 1.498652, 1.636813), (12.599816, 1.425144, 1.782621), (12.750021, 1.515231, 1.645025)
(12.14745, 1.38132, 1.753779), (12.149258, 1.306567, 1.899528), (12.298094, 1.392989, 1.763438)
(12.14745, 1.38132, 1.753779), (12.298094, 1.392989, 1.763438), (12.295156, 1.466363, 1.617172)
(12.298094, 1.392989, 1.763438), (12.299594, 1.315833, 1.908315), (12.448818, 1.407854, 1.773211)
(12.298094, 1.392989, 1.763438), (12.448818, 1.407854, 1.773211), (12.446383, 1.481905, 1.627298)
(12.448818, 1.407854, 1.773211), (12.449907, 1.329351, 1.917378), (12.599816, 1.425144, 1.782621)
(12.448818, 1.407854, 1.773211), (12.599816, 1.425144, 1.782621), (12.597934, 1.498652, 1.636813)
(12.599816, 1.425144, 1.782621), (12.600537, 1.346535, 1.926479), (12.751352, 1.443983, 1.791248)
(12.599816, 1.425144, 1.782621), (12.751352, 1.443983, 1.791248), (12.750021, 1.515231, 1.645025)
(12.149258, 1.306567, 1.899528), (12.299594, 1.315833, 1.908315), (12.298094, 1.392989, 1.763438)
(12.149258, 1.306567, 1.899528), (12.149557, 1.229624, 2.044439), (12.299594, 1.315833, 1.908315)
(12.299594, 1.315833, 1.908315), (12.449907, 1.329351, 1.917378), (12.448818, 1.407854, 1.773211)
(12.299594, 1.315833, 1.908315), (12.299685, 1.235989, 2.052125), (12.449907, 1.329351, 1.917378)
(12.449907, 1.329351, 1.917378), (12.600537, 1.346535, 1.926479), (12.599816, 1.425144, 1.782621)
(12.449907, 1.329351, 1.917378), (12.449775, 1.247612, 2.060376), (12.600537, 1.346535, 1.926479)
(12.600537, 1.346535, 1.926479), (12.751645, 1.366703, 1.935198), (12.751352, 1.443983, 1.791248)
(12.600537, 1.346535, 1.926479), (12.600064, 1.264193, 2.068887), (12.751645, 1.366703, 1.935198)
# 13.054626549980007, 0, 1.6356305833133364
(12.744769, 1.637765, 1.346136), (12.898892, 1.644337, 1.350889), (12.895864, 1.690375, 1.197356)
(12.744769, 1.637765, 1.346136), (12.747783, 1.579977, 1.496649), (12.898892, 1.644337, 1.350889)
(13.363429, 1.625051, 1.347421), (13.518316, 1.605254, 1.340693), (13.516495, 1.630073, 1.18402)
(13.363429, 1.625051, 1.347421), (13.364674, 1.590203, 1.502166), (13.518316, 1.605254, 1.340693)
(12.898892, 1.644337, 1.350889), (13.053522, 1.644699, 1.352708), (13.051013, 1.685554, 1.198195)
(12.898892, 1.644337, 1.350889), (12.901248, 1.591242, 1.502439), (13.053522, 1.644699, 1.352708)
(13.208441, 1.638309, 1.351517), (13.363429, 1.625051, 1.347421), (13.361478, 1.654625, 1.191162)
(13.208441, 1.638309, 1.351517), (13.209902, 1.597258, 1.505351), (13.363429, 1.625051, 1.347421)
(13.053522, 1.644699, 1.352708), (13.208441, 1.638309, 1.351517), (13.206284, 1.673438, 1.196032)
(13.053522, 1.644699, 1.352708), (13.055355, 1.597617, 1.505519), (13.208441, 1.638309, 1.351517)
(12.747783, 1.579977, 1.496649), (12.750021, 1.515231, 1.645025), (12.901248, 1.591242, 1.502439)
(12.747783, 1.579977, 1.496649), (12.901248, 1.591242, 1.502439), (12.898892, 1.644337, 1.350889)
(13.364674, 1.590203, 1.502166), (13.365077, 1.547807, 1.654479), (13.519445, 1.575934, 1.495993)
(13.364674, 1.590203, 1.502166), (13.519445, 1.575934, 1.495993), (13.518316, 1.605254, 1.340693)
(12.901248, 1.591242, 1.502439), (13.055355, 1.597617, 1.505519), (13.053522, 1.644699, 1.352708)
(12.901248, 1.591242, 1.502439), (12.90285, 1.53074, 1.651706), (13.055355, 1.597617, 1.505519)
(13.209902, 1.597258, 1.505351), (13.210568, 1.548919, 1.656932), (13.364674, 1.590203, 1.502166)
(13.209902, 1.597258, 1.505351), (13.364674, 1.590203, 1.502166), (13.363429, 1.625051, 1.347421)
(13.055355, 1.597617, 1.505519), (13.056411, 1.542586, 1.65585), (13.209902, 1.597258, 1.505351)
(13.055355, 1.597617, 1.505519), (13.209902, 1.597258, 1.505351), (13.208441, 1.638309, 1.351517)
(12.750021, 1.515231, 1.645025), (12.90285, 1.53074, 1.651706), (12.901248, 1.591242, 1.502439)
(12.750021, 1.515231, 1.645025), (12.751352, 1.443983, 1.791248), (12.90285, 1.53074, 1.651706)
(12.90285, 1.53074, 1.651706), (13.056411, 1.542586, 1.65585), (13.055355, 1.597617, 1.505519)
(12.90285, 1.53074, 1.651706), (12.903608, 1.463012, 1.798558), (13.056411, 1.542586, 1.65585)
(13.365077, 1.547807, 1.654479), (13.519763, 1.540425, 1.649262), (13.519445, 1.575934, 1.495993)
(13.365077, 1.547807, 1.654479), (13.36465, 1.498365, 1.804441), (13.519763, 1.540425, 1.649262)
(13.056411, 1.542586, 1.65585), (13.210568, 1.548919, 1.656932), (13.209902, 1.597258, 1.505351)
(13.056411, 1.542586, 1.65585), (13.056639, 1.479884, 1.803612), (13.210568, 1.548919, 1.656932)
(13.210568, 1.548919, 1.656932), (13.365077, 1.547807, 1.654479), (13.364674, 1.590203, 1.502166)
(13.210568, 1.548919, 1.656932), (13.210386, 1.492212, 1.805669), (13.365077, 1.547807, 1.654479)
(12.751352, 1.443983, 1.791248), (12.751645, 1.366703, 1.935198), (12.903608, 1.463012, 1.798558)
(12.751352, 1.443983, 1.791248), (12.903608, 1.463012, 1.798558), (12.90285, 1.53074, 1.651706)
(12.903608, 1.463012, 1.798558), (12.903421, 1.388466, 1.942879), (13.056639, 1.479884, 1.803612)
(12.903608, 1.463012, 1.798558), (13.056639, 1.479884, 1.803612), (13.056411, 1.542586, 1.65585)
(13.056639, 1.479884, 1.803612), (13.055977, 1.409514, 1.948549), (13.210386, 1.492212, 1.805669)
(13.056639, 1.479884, 1.803612), (13.210386, 1.492212, 1.805669), (13.210568, 1.548919, 1.656932)
(13.36465, 1.498365, 1.804441), (13.363325, 1.440584, 1.951428), (13.519232, 1.498154, 1.800233)
(13.36465, 1.498365, 1.804441), (13.519232, 1.498154, 1.800233), (13.519763, 1.540425, 1.649262)
(13.210386, 1.492212, 1.805669), (13.209325, 1.427709, 1.951609), (13.36465, 1.498365, 1.804441)
(13.210386, 1.492212, 1.805669), (13.36465, 1.498365, 1.804441), (13.365077, 1.547807, 1.654479)
(12.751645, 1.366703, 1.935198), (12.903421, 1.388466, 1.942879), (12.903608, 1.463012, 1.798558)
(12.751645, 1.366703, 1.935198), (12.75083, 1.284896, 2.077346), (12.903421, 1.388466, 1.942879)
(12.903421, 1.388466, 1.942879), (13.055977, 1.409514, 1.948549), (13.056639, 1.479884, 1.803612)
(12.903421, 1.388466, 1.942879), (12.90222, 1.308562, 2.085084), (13.055977, 1.409514, 1.948549)
(13.055977, 1.409514, 1.948549), (13.209325, 1.427709, 1.951609), (13.210386, 1.492212, 1.805669)
(13.055977, 1.409514, 1.948549), (13.054385, 1.333295, 2.091279), (13.209325, 1.427709, 1.951609)
(13.363325, 1.440584, 1.951428), (13.517785, 1.44755, 1.948239), (13.519232, 1.498154, 1.800233)
(13.363325, 1.440584, 1.951428), (13.361155, 1.376216, 2.096043), (13.517785, 1.44755, 1.948239)
(13.209325, 1.427709, 1.951609), (13.363325, 1.440584, 1.951428), (13.36465, 1.498365, 1.804441)
(13.209325, 1.427709, 1.951609), (13.207387, 1.356602, 2.095091), (13.363325, 1.440584, 1.951428)
# 13.722396783313343, 0, 1.6356305833133364
(13.545924, 2.023308, 1.305317), (13.497644, 2.023308, 1.338477), (13.555395, 2.007385, 1.42128)
(13.545924, 2.023308, 1.305317), (13.489321, 2.038947, 1.222458), (13.497644, 2.023308, 1.338477)
(13.981027, 1.509704, 1.307387), (14.134565, 1.46861, 1.293352), (14.132728, 1.479797, 1.137011)
(13.981027, 1.509704, 1.307387), (13.982321, 1.494436, 1.46325), (14.134565, 1.46861, 1.293352)
(13.827131, 1.546558, 1.320177), (13.981027, 1.509704, 1.307387), (13.979234, 1.523548, 1.150735)
(13.827131, 1.546558, 1.320177), (13.828327, 1.527247, 1.476074), (13.981027, 1.509704, 1.307387)
(13.866435, 1.991457, 1.325408), (13.907292, 1.991457, 1.296586), (13.809786, 2.007382, 1.244202)
(13.67289, 1.578636, 1.331404), (13.827131, 1.546558, 1.320177), (13.825401, 1.563756, 1.163426)
(13.67289, 1.578636, 1.331404), (13.674051, 1.554934, 1.487227), (13.827131, 1.546558, 1.320177)
(13.497644, 2.023308, 1.338477), (13.484766, 1.229246, 1.19424), (13.540962, 1.213504, 1.276197)
(13.497644, 2.023308, 1.338477), (13.440878, 2.038948, 1.255379), (13.484766, 1.229246, 1.19424)
(13.518316, 1.605254, 1.340693), (13.67289, 1.578636, 1.331404), (13.671174, 1.599658, 1.174693)
(13.518316, 1.605254, 1.340693), (13.519445, 1.575934, 1.495993), (13.67289, 1.578636, 1.331404)
(13.825578, 1.991457, 1.35423), (13.883243, 1.975376, 1.435078), (13.866435, 1.991457, 1.325408)
(13.825578, 1.991457, 1.35423), (13.804911, 1.98204, 1.366943), (13.862663, 1.96596, 1.447933)
(13.825578, 1.991457, 1.35423), (13.866435, 1.991457, 1.325408), (13.809786, 2.007382, 1.244202)
(13.825578, 1.991457, 1.35423), (13.768749, 2.007382, 1.272767), (13.804911, 1.98204, 1.366943)
(13.983321, 1.965959, 1.361482), (13.964531, 1.975376, 1.376835), (14.041258, 1.94971, 1.4408)
(13.983321, 1.965959, 1.361482), (14.041258, 1.94971, 1.4408), (14.165287, 1.949709, 1.350317)
(13.804911, 1.98204, 1.366943), (13.679457, 1.982041, 1.455441), (13.737864, 1.965961, 1.537352)
(13.804911, 1.98204, 1.366943), (13.748011, 1.997963, 1.285361), (13.679457, 1.982041, 1.455441)
(13.622005, 1.997964, 1.373073), (13.603466, 2.007384, 1.387818), (13.661017, 1.991459, 1.470313)
(13.622005, 1.997964, 1.373073), (13.564564, 2.013885, 1.290698), (13.603466, 2.007384, 1.387818)
(13.964531, 1.975376, 1.376835), (14.022604, 1.959125, 1.45632), (14.041258, 1.94971, 1.4408)
(13.964531, 1.975376, 1.376835), (13.907292, 1.991457, 1.296586), (13.866435, 1.991457, 1.325408)
(13.603466, 2.007384, 1.387818), (13.555395, 2.007385, 1.42128), (13.613157, 1.991459, 1.504075)
(13.603466, 2.007384, 1.387818), (13.545924, 2.023308, 1.305317), (13.555395, 2.007385, 1.42128)
(13.923886, 1.975376, 1.405956), (13.964531, 1.975376, 1.376835), (13.866435, 1.991457, 1.325408)
(13.555395, 2.007385, 1.42128), (13.540962, 1.213504, 1.276197), (13.597165, 1.197761, 1.358156)
(13.555395, 2.007385, 1.42128), (13.497644, 2.023308, 1.338477), (13.540962, 1.213504, 1.276197)
(13.883243, 1.975376, 1.435078), (13.941817, 1.959126, 1.515256), (13.923886, 1.975376, 1.405956)
(13.883243, 1.975376, 1.435078), (13.862663, 1.96596, 1.447933), (13.921344, 1.949711, 1.52828)
(13.883243, 1.975376, 1.435078), (13.923886, 1.975376, 1.405956), (13.866435, 1.991457, 1.325408)
(13.883243, 1.975376, 1.435078), (13.825578, 1.991457, 1.35423), (13.862663, 1.96596, 1.447933)
(14.041258, 1.94971, 1.4408), (14.022604, 1.959125, 1.45632), (14.09919, 1.933461, 1.520117)
(14.041258, 1.94971, 1.4408), (14.09919, 1.933461, 1.520117), (14.22244, 1.933461, 1.428576)
(13.862663, 1.96596, 1.447933), (13.737864, 1.965961, 1.537352), (13.797315, 1.949713, 1.618764)
(13.862663, 1.96596, 1.447933), (13.804911, 1.98204, 1.366943), (13.737864, 1.965961, 1.537352)
(13.679457, 1.982041, 1.455441), (13.661017, 1.991459, 1.470313), (13.719542, 1.975377, 1.552369)
(13.679457, 1.982041, 1.455441), (13.622005, 1.997964, 1.373073), (13.661017, 1.991459, 1.470313)
(14.022604, 1.959125, 1.45632), (14.080675, 1.942874, 1.535803), (14.09919, 1.933461, 1.520117)
(14.022604, 1.959125, 1.45632), (13.964531, 1.975376, 1.376835), (13.923886, 1.975376, 1.405956)
(13.982321, 1.494436, 1.46325), (13.982876, 1.475499, 1.61756), (14.135969, 1.456821, 1.449013)
(13.982321, 1.494436, 1.46325), (14.135969, 1.456821, 1.449013), (14.134565, 1.46861, 1.293352)
(13.661017, 1.991459, 1.470313), (13.613157, 1.991459, 1.504075), (13.67193, 1.975377, 1.586481)
(13.661017, 1.991459, 1.470313), (13.603466, 2.007384, 1.387818), (13.613157, 1.991459, 1.504075)
(13.828327, 1.527247, 1.476074), (13.828817, 1.504136, 1.630523), (13.982321, 1.494436, 1.46325)
(13.828327, 1.527247, 1.476074), (13.982321, 1.494436, 1.46325), (13.981027, 1.509704, 1.307387)
(13.982211, 1.959125, 1.485788), (14.022604, 1.959125, 1.45632), (13.923886, 1.975376, 1.405956)
(13.674051, 1.554934, 1.487227), (13.674397, 1.52579, 1.641168), (13.828327, 1.527247, 1.476074)
(13.674051, 1.554934, 1.487227), (13.828327, 1.527247, 1.476074), (13.827131, 1.546558, 1.320177)
(13.519445, 1.575934, 1.495993), (13.674051, 1.554934, 1.487227), (13.67289, 1.578636, 1.331404)
(13.519445, 1.575934, 1.495993), (13.519763, 1.540425, 1.649262), (13.674051, 1.554934, 1.487227)
(13.613157, 1.991459, 1.504075), (13.597165, 1.197761, 1.358156), (13.654305, 1.181836, 1.439903)
(13.613157, 1.991459, 1.504075), (13.555395, 2.007385, 1.42128), (13.597165, 1.197761, 1.358156)
(13.941817, 1.959126, 1.515256), (14.000396, 1.942875, 1.595429), (13.982211, 1.959125, 1.485788)
(13.941817, 1.959126, 1.515256), (13.921344, 1.949711, 1.52828), (13.980028, 1.933462, 1.608621)
(13.941817, 1.959126, 1.515256), (13.982211, 1.959125, 1.485788), (13.923886, 1.975376, 1.405956)
(13.941817, 1.959126, 1.515256), (13.883243, 1.975376, 1.435078), (13.921344, 1.949711, 1.52828)
(13.921344, 1.949711, 1.52828), (13.797315, 1.949713, 1.618764), (13.856778, 1.933462, 1.700162)
(13.921344, 1.949711, 1.52828), (13.862663, 1.96596, 1.447933), (13.797315, 1.949713, 1.618764)
(13.737864, 1.965961, 1.537352), (13.719542, 1.975377, 1.552369), (13.779126, 1.959127, 1.633944)
(13.737864, 1.965961, 1.537352), (13.679457, 1.982041, 1.455441), (13.719542, 1.975377, 1.552369)
(13.719542, 1.975377, 1.552369), (13.67193, 1.975377, 1.586481), (13.731809, 1.959128, 1.668463)
(13.719542, 1.975377, 1.552369), (13.661017, 1.991459, 1.470313), (13.67193, 1.975377, 1.586481)
(14.040535, 1.942874, 1.565617), (14.080675, 1.942874, 1.535803), (13.982211, 1.959125, 1.485788)
(13.67193, 1.975377, 1.586481), (13.654305, 1.181836, 1.439903), (13.712473, 1.165712, 1.521418)
(13.67193, 1.975377, 1.586481), (13.613157, 1.991459, 1.504075), (13.654305, 1.181836, 1.439903)
(14.000396, 1.942875, 1.595429), (14.060486, 1.926501, 1.674455), (14.040535, 1.942874, 1.565617)
(14.000396, 1.942875, 1.595429), (13.980028, 1.933462, 1.608621), (14.040252, 1.917089, 1.687849)
(14.000396, 1.942875, 1.595429), (14.040535, 1.942874, 1.565617), (13.982211, 1.959125, 1.485788)
(14.000396, 1.942875, 1.595429), (13.941817, 1.959126, 1.515256), (13.980028, 1.933462, 1.608621)
(13.980028, 1.933462, 1.608621), (13.856778, 1.933462, 1.700162), (13.917947, 1.917089, 1.780651)
(13.980028, 1.933462, 1.608621), (13.921344, 1.949711, 1.52828), (13.856778, 1.933462, 1.700162)
(13.982876, 1.475499, 1.61756), (14.136758, 1.442819, 1.603468), (14.135969, 1.456821, 1.449013)
(13.982876, 1.475499, 1.61756), (13.982714, 1.452536, 1.770235), (14.136758, 1.442819, 1.603468)
(13.797315, 1.949713, 1.618764), (13.779126, 1.959127, 1.633944), (13.838726, 1.942875, 1.715506)
(13.797315, 1.949713, 1.618764), (13.737864, 1.965961, 1.537352), (13.779126, 1.959127, 1.633944)
(13.828817, 1.504136, 1.630523), (13.982876, 1.475499, 1.61756), (13.982321, 1.494436, 1.46325)
(13.828817, 1.504136, 1.630523), (13.828403, 1.474659, 1.782636), (13.982876, 1.475499, 1.61756)
(13.779126, 1.959127, 1.633944), (13.731809, 1.959128, 1.668463), (13.791706, 1.942876, 1.750428)
(13.779126, 1.959127, 1.633944), (13.719542, 1.975377, 1.552369), (13.731809, 1.959128, 1.668463)
(13.674397, 1.52579, 1.641168), (13.828817, 1.504136, 1.630523), (13.828327, 1.527247, 1.476074)
(13.674397, 1.52579, 1.641168), (13.673893, 1.490375, 1.792902), (13.828817, 1.504136, 1.630523)
(13.519763, 1.540425, 1.649262), (13.674397, 1.52579, 1.641168), (13.674051, 1.554934, 1.487227)
(13.519763, 1.540425, 1.649262), (13.519232, 1.498154, 1.800233), (13.674397, 1.52579, 1.641168)
(13.731809, 1.959128, 1.668463), (13.712473, 1.165712, 1.521418), (13.770655, 1.149587, 1.602932)
(13.731809, 1.959128, 1.668463), (13.67193, 1.975377, 1.586481), (13.712473, 1.165712, 1.521418)
(14.040252, 1.917089, 1.687849), (13.917947, 1.917089, 1.780651), (13.97985, 1.900664, 1.860743)
(14.040252, 1.917089, 1.687849), (13.980028, 1.933462, 1.608621), (13.917947, 1.917089, 1.780651)
(13.856778, 1.933462, 1.700162), (13.838726, 1.942875, 1.715506), (13.900057, 1.926501, 1.796183)
(13.856778, 1.933462, 1.700162), (13.797315, 1.949713, 1.618764), (13.838726, 1.942875, 1.715506)
(13.838726, 1.942875, 1.715506), (13.791706, 1.942876, 1.750428), (13.853397, 1.926501, 1.831587)
(13.838726, 1.942875, 1.715506), (13.779126, 1.959127, 1.633944), (13.791706, 1.942876, 1.750428)
(13.791706, 1.942876, 1.750428), (13.770655, 1.149587, 1.602932), (13.830544, 1.133293, 1.683933)
(13.791706, 1.942876, 1.750428), (13.731809, 1.959128, 1.668463), (13.770655, 1.149587, 1.602932)
(13.982714, 1.452536, 1.770235), (13.981672, 1.42338, 1.920612), (14.136868, 1.425571, 1.756433)
(13.982714, 1.452536, 1.770235), (14.136868, 1.425571, 1.756433), (14.136758, 1.442819, 1.603468)
(13.917947, 1.917089, 1.780651), (13.900057, 1.926501, 1.796183), (13.962133, 1.910075, 1.876474)
(13.917947, 1.917089, 1.780651), (13.856778, 1.933462, 1.700162), (13.900057, 1.926501, 1.796183)
(13.828403, 1.474659, 1.782636), (13.827086, 1.438249, 1.932247), (13.982714, 1.452536, 1.770235)
(13.828403, 1.474659, 1.782636), (13.982714, 1.452536, 1.770235), (13.982876, 1.475499, 1.61756)
(13.673893, 1.490375, 1.792902), (13.672423, 1.446523, 1.941628), (13.828403, 1.474659, 1.782636)
(13.673893, 1.490375, 1.792902), (13.828403, 1.474659, 1.782636), (13.828817, 1.504136, 1.630523)
(13.900057, 1.926501, 1.796183), (13.853397, 1.926501, 1.831587), (13.915866, 1.910075, 1.912388)
(13.900057, 1.926501, 1.796183), (13.838726, 1.942875, 1.715506), (13.853397, 1.926501, 1.831587)
(13.519232, 1.498154, 1.800233), (13.517785, 1.44755, 1.948239), (13.673893, 1.490375, 1.792902)
(13.519232, 1.498154, 1.800233), (13.673893, 1.490375, 1.792902), (13.674397, 1.52579, 1.641168)
(13.853397, 1.926501, 1.831587), (13.830544, 1.133293, 1.683933), (13.891175, 1.116926, 1.764713)
(13.853397, 1.926501, 1.831587), (13.791706, 1.942876, 1.750428), (13.830544, 1.133293, 1.683933)
(13.97985, 1.900664, 1.860743), (13.962133, 1.910075, 1.876474), (14.024424, 1.893646, 1.956635)
(13.97985, 1.900664, 1.860743), (13.917947, 1.917089, 1.780651), (13.962133, 1.910075, 1.876474)
(13.962133, 1.910075, 1.876474), (13.915866, 1.910075, 1.912388), (13.978559, 1.893646, 1.993062)
(13.962133, 1.910075, 1.876474), (13.900057, 1.926501, 1.796183), (13.915866, 1.910075, 1.912388)
(13.915866, 1.910075, 1.912388), (13.891175, 1.116926, 1.764713), (13.952027, 1.100551, 1.845418)
(13.915866, 1.910075, 1.912388), (13.853397, 1.926501, 1.831587), (13.891175, 1.116926, 1.764713)
(13.981672, 1.42338, 1.920612), (14.136125, 1.402857, 1.907281), (14.136868, 1.425571, 1.756433)
(13.981672, 1.42338, 1.920612), (13.979908, 1.389223, 2.069162), (14.136125, 1.402857, 1.907281)
(13.827086, 1.438249, 1.932247), (13.981672, 1.42338, 1.920612), (13.982714, 1.452536, 1.770235)
(13.827086, 1.438249, 1.932247), (13.825052, 1.39676, 2.080035), (13.981672, 1.42338, 1.920612)
(14.041962, 1.884236, 1.940704), (14.024424, 1.893646, 1.956635), (14.089349, 1.877201, 2.035287)
(14.041962, 1.884236, 1.940704), (13.97985, 1.900664, 1.860743), (14.024424, 1.893646, 1.956635)
(13.672423, 1.446523, 1.941628), (13.827086, 1.438249, 1.932247), (13.828403, 1.474659, 1.782636)
(13.672423, 1.446523, 1.941628), (13.670219, 1.397579, 2.088561), (13.827086, 1.438249, 1.932247)
(13.517785, 1.44755, 1.948239), (13.672423, 1.446523, 1.941628), (13.673893, 1.490375, 1.792902)
(13.517785, 1.44755, 1.948239), (13.515511, 1.390379, 2.093912), (13.672423, 1.446523, 1.941628)
(14.024424, 1.893646, 1.956635), (13.978559, 1.893646, 1.993062), (14.043978, 1.877201, 2.072327)
(14.024424, 1.893646, 1.956635), (13.962133, 1.910075, 1.876474), (13.978559, 1.893646, 1.993062)
# 14.390167016646675, 0, 1.6356305833133364
(14.172749, 1.188111, 1.312209), (14.294071, 1.942873, 1.377309), (14.229649, 1.171812, 1.389118)
(14.185296, 1.959123, 1.337631), (14.165287, 1.949709, 1.350317), (14.242345, 1.942874, 1.415728)
(14.185296, 1.959123, 1.337631), (14.242345, 1.942874, 1.415728), (14.294071, 1.942873, 1.377309)
(14.165287, 1.949709, 1.350317), (14.041258, 1.94971, 1.4408), (14.22244, 1.933461, 1.428576)
(14.165287, 1.949709, 1.350317), (14.22244, 1.933461, 1.428576), (14.242345, 1.942874, 1.415728)
(14.294071, 1.942873, 1.377309), (14.242345, 1.942874, 1.415728), (14.351908, 1.926499, 1.453333)
(14.294071, 1.942873, 1.377309), (14.351908, 1.926499, 1.453333), (14.229649, 1.171812, 1.389118)
(14.229649, 1.171812, 1.389118), (14.351908, 1.926499, 1.453333), (14.287029, 1.155442, 1.465549)
(14.594817, 1.321587, 1.401174), (14.596361, 1.319113, 1.55522), (14.74716, 1.270878, 1.384465)
(14.594817, 1.321587, 1.401174), (14.74716, 1.270878, 1.384465), (14.745017, 1.271468, 1.230005)
(14.242345, 1.942874, 1.415728), (14.22244, 1.933461, 1.428576), (14.300579, 1.926499, 1.49228)
(14.242345, 1.942874, 1.415728), (14.300579, 1.926499, 1.49228), (14.351908, 1.926499, 1.453333)
(14.442185, 1.369831, 1.417668), (14.443523, 1.364179, 1.57203), (14.594817, 1.321587, 1.401174)
(14.442185, 1.369831, 1.417668), (14.594817, 1.321587, 1.401174), (14.592877, 1.324643, 1.246376)
(14.22244, 1.933461, 1.428576), (14.09919, 1.933461, 1.520117), (14.280803, 1.917087, 1.505327)
(14.22244, 1.933461, 1.428576), (14.280803, 1.917087, 1.505327), (14.300579, 1.926499, 1.49228)
(14.289269, 1.415177, 1.433749), (14.290316, 1.405544, 1.588193), (14.442185, 1.369831, 1.417668)
(14.289269, 1.415177, 1.433749), (14.442185, 1.369831, 1.417668), (14.440434, 1.375471, 1.26253)
(14.135969, 1.456821, 1.449013), (14.289269, 1.415177, 1.433749), (14.287674, 1.423583, 1.278265)
(14.135969, 1.456821, 1.449013), (14.136758, 1.442819, 1.603468), (14.289269, 1.415177, 1.433749)
(14.351908, 1.926499, 1.453333), (14.300579, 1.926499, 1.49228), (14.410194, 1.910073, 1.528685)
(14.351908, 1.926499, 1.453333), (14.410194, 1.910073, 1.528685), (14.287029, 1.155442, 1.465549)
(14.287029, 1.155442, 1.465549), (14.410194, 1.910073, 1.528685), (14.344532, 1.139066, 1.541872)
(14.300579, 1.926499, 1.49228), (14.280803, 1.917087, 1.505327), (14.359296, 1.910073, 1.568192)
(14.300579, 1.926499, 1.49228), (14.359296, 1.910073, 1.568192), (14.410194, 1.910073, 1.528685)
(14.280803, 1.917087, 1.505327), (14.158498, 1.917088, 1.598127), (14.339662, 1.900662, 1.581453)
(14.280803, 1.917087, 1.505327), (14.339662, 1.900662, 1.581453), (14.359296, 1.910073, 1.568192)
(14.09919, 1.933461, 1.520117), (14.080675, 1.942874, 1.535803), (14.158498, 1.917088, 1.598127)
(14.09919, 1.933461, 1.520117), (14.158498, 1.917088, 1.598127), (14.280803, 1.917087, 1.505327)
(14.410194, 1.910073, 1.528685), (14.359296, 1.910073, 1.568192), (14.46858, 1.893647, 1.603872)
(14.410194, 1.910073, 1.528685), (14.46858, 1.893647, 1.603872), (14.344532, 1.139066, 1.541872)
(14.080675, 1.942874, 1.535803), (14.140149, 1.9265, 1.614008), (14.158498, 1.917088, 1.598127)
(14.080675, 1.942874, 1.535803), (14.022604, 1.959125, 1.45632), (13.982211, 1.959125, 1.485788)
(14.344532, 1.139066, 1.541872), (14.46858, 1.893647, 1.603872), (14.403932, 1.1226, 1.616354)
(14.596361, 1.319113, 1.55522), (14.749043, 1.271961, 1.538383), (14.74716, 1.270878, 1.384465)
(14.596361, 1.319113, 1.55522), (14.597453, 1.316014, 1.708309), (14.749043, 1.271961, 1.538383)
(14.359296, 1.910073, 1.568192), (14.339662, 1.900662, 1.581453), (14.418125, 1.893647, 1.643946)
(14.359296, 1.910073, 1.568192), (14.418125, 1.893647, 1.643946), (14.46858, 1.893647, 1.603872)
(14.443523, 1.364179, 1.57203), (14.596361, 1.319113, 1.55522), (14.594817, 1.321587, 1.401174)
(14.443523, 1.364179, 1.57203), (14.44422, 1.356418, 1.725042), (14.596361, 1.319113, 1.55522)
(14.339662, 1.900662, 1.581453), (14.218383, 1.900663, 1.675591), (14.398638, 1.884236, 1.657421)
(14.339662, 1.900662, 1.581453), (14.398638, 1.884236, 1.657421), (14.418125, 1.893647, 1.643946)
(14.290316, 1.405544, 1.588193), (14.443523, 1.364179, 1.57203), (14.442185, 1.369831, 1.417668)
(14.290316, 1.405544, 1.588193), (14.290722, 1.393358, 1.741263), (14.443523, 1.364179, 1.57203)
(14.158498, 1.917088, 1.598127), (14.140149, 1.9265, 1.614008), (14.218383, 1.900663, 1.675591)
(14.158498, 1.917088, 1.598127), (14.218383, 1.900663, 1.675591), (14.339662, 1.900662, 1.581453)
(14.136758, 1.442819, 1.603468), (14.290316, 1.405544, 1.588193), (14.289269, 1.415177, 1.433749)
(14.136758, 1.442819, 1.603468), (14.136868, 1.425571, 1.756433), (14.290316, 1.405544, 1.588193)
(14.46858, 1.893647, 1.603872), (14.418125, 1.893647, 1.643946), (14.528723, 1.877202, 1.676584)
(14.46858, 1.893647, 1.603872), (14.528723, 1.877202, 1.676584), (14.403932, 1.1226, 1.616354)
(14.140149, 1.9265, 1.614008), (14.200212, 1.910074, 1.691675), (14.218383, 1.900663, 1.675591)
(14.140149, 1.9265, 1.614008), (14.080675, 1.942874, 1.535803), (14.040535, 1.942874, 1.565617)
(14.403932, 1.1226, 1.616354), (14.528723, 1.877202, 1.676584), (14.463305, 1.106134, 1.690873)
(14.418125, 1.893647, 1.643946), (14.398638, 1.884236, 1.657421), (14.47881, 1.877202, 1.717332)
(14.418125, 1.893647, 1.643946), (14.47881, 1.877202, 1.717332), (14.528723, 1.877202, 1.676584)
(14.100318, 1.9265, 1.644232), (14.140149, 1.9265, 1.614008), (14.040535, 1.942874, 1.565617)
(14.398638, 1.884236, 1.657421), (14.278416, 1.884236, 1.752905), (14.459507, 1.867791, 1.73107)
(14.398638, 1.884236, 1.657421), (14.459507, 1.867791, 1.73107), (14.47881, 1.877202, 1.717332)
(14.060486, 1.926501, 1.674455), (14.121217, 1.910074, 1.752992), (14.100318, 1.9265, 1.644232)
(14.060486, 1.926501, 1.674455), (14.040252, 1.917089, 1.687849), (14.101129, 1.900663, 1.766605)
(14.060486, 1.926501, 1.674455), (14.100318, 1.9265, 1.644232), (14.040535, 1.942874, 1.565617)
(14.060486, 1.926501, 1.674455), (14.000396, 1.942875, 1.595429), (14.040252, 1.917089, 1.687849)
(14.218383, 1.900663, 1.675591), (14.200212, 1.910074, 1.691675), (14.278416, 1.884236, 1.752905)
(14.218383, 1.900663, 1.675591), (14.278416, 1.884236, 1.752905), (14.398638, 1.884236, 1.657421)
(14.528723, 1.877202, 1.676584), (14.47881, 1.877202, 1.717332), (14.588815, 1.860757, 1.749325)
(14.528723, 1.877202, 1.676584), (14.588815, 1.860757, 1.749325), (14.463305, 1.106134, 1.690873)
(14.463305, 1.106134, 1.690873), (14.588815, 1.860757, 1.749325), (14.524026, 1.089702, 1.764128)
(14.200212, 1.910074, 1.691675), (14.260427, 1.893646, 1.769194), (14.278416, 1.884236, 1.752905)
(14.200212, 1.910074, 1.691675), (14.140149, 1.9265, 1.614008), (14.100318, 1.9265, 1.644232)
(14.597453, 1.316014, 1.708309), (14.59793, 1.310615, 1.860112), (14.750551, 1.27337, 1.691524)
(14.597453, 1.316014, 1.708309), (14.750551, 1.27337, 1.691524), (14.749043, 1.271961, 1.538383)
(14.47881, 1.877202, 1.717332), (14.459507, 1.867791, 1.73107), (14.539455, 1.860757, 1.790739)
(14.47881, 1.877202, 1.717332), (14.539455, 1.860757, 1.790739), (14.588815, 1.860757, 1.749325)
(14.160714, 1.910074, 1.722333), (14.200212, 1.910074, 1.691675), (14.100318, 1.9265, 1.644232)
(14.44422, 1.356418, 1.725042), (14.444242, 1.345506, 1.876564), (14.597453, 1.316014, 1.708309)
(14.44422, 1.356418, 1.725042), (14.597453, 1.316014, 1.708309), (14.596361, 1.319113, 1.55522)
(14.459507, 1.867791, 1.73107), (14.34058, 1.86779, 1.828161), (14.520339, 1.851345, 1.804737)
(14.459507, 1.867791, 1.73107), (14.520339, 1.851345, 1.804737), (14.539455, 1.860757, 1.790739)
(14.290722, 1.393358, 1.741263), (14.290299, 1.37642, 1.892388), (14.44422, 1.356418, 1.725042)
(14.290722, 1.393358, 1.741263), (14.44422, 1.356418, 1.725042), (14.443523, 1.364179, 1.57203)
(14.588815, 1.860757, 1.749325), (14.539455, 1.860757, 1.790739), (14.650103, 1.844396, 1.820393)
(14.588815, 1.860757, 1.749325), (14.650103, 1.844396, 1.820393), (14.524026, 1.089702, 1.764128)
(14.278416, 1.884236, 1.752905), (14.260427, 1.893646, 1.769194), (14.34058, 1.86779, 1.828161)
(14.278416, 1.884236, 1.752905), (14.34058, 1.86779, 1.828161), (14.459507, 1.867791, 1.73107)
(14.121217, 1.910074, 1.752992), (14.182121, 1.893646, 1.831388), (14.160714, 1.910074, 1.722333)
(14.121217, 1.910074, 1.752992), (14.101129, 1.900663, 1.766605), (14.162183, 1.884236, 1.845221)
(14.121217, 1.910074, 1.752992), (14.160714, 1.910074, 1.722333), (14.100318, 1.9265, 1.644232)
(14.121217, 1.910074, 1.752992), (14.060486, 1.926501, 1.674455), (14.101129, 1.900663, 1.766605)
(14.136868, 1.425571, 1.756433), (14.136125, 1.402857, 1.907281), (14.290722, 1.393358, 1.741263)
(14.136868, 1.425571, 1.756433), (14.290722, 1.393358, 1.741263), (14.290316, 1.405544, 1.588193)
(14.524026, 1.089702, 1.764128), (14.650103, 1.844396, 1.820393), (14.585746, 1.073293, 1.836449)
(14.101129, 1.900663, 1.766605), (13.97985, 1.900664, 1.860743), (14.041962, 1.884236, 1.940704)
(14.101129, 1.900663, 1.766605), (14.040252, 1.917089, 1.687849), (13.97985, 1.900664, 1.860743)
(14.260427, 1.893646, 1.769194), (14.322811, 1.877201, 1.844689), (14.34058, 1.86779, 1.828161)
(14.260427, 1.893646, 1.769194), (14.200212, 1.910074, 1.691675), (14.160714, 1.910074, 1.722333)
(14.539455, 1.860757, 1.790739), (14.520339, 1.851345, 1.804737), (14.601361, 1.844396, 1.862534)
(14.539455, 1.860757, 1.790739), (14.601361, 1.844396, 1.862534), (14.650103, 1.844396, 1.820393)
(14.221274, 1.893646, 1.800291), (14.260427, 1.893646, 1.769194), (14.160714, 1.910074, 1.722333)
(14.520339, 1.851345, 1.804737), (14.402728, 1.851345, 1.903418), (14.582458, 1.834983, 1.876816)
(14.520339, 1.851345, 1.804737), (14.582458, 1.834983, 1.876816), (14.601361, 1.844396, 1.862534)
(14.650103, 1.844396, 1.820393), (14.601361, 1.844396, 1.862534), (14.712257, 1.828096, 1.890221)
(14.650103, 1.844396, 1.820393), (14.712257, 1.828096, 1.890221), (14.585746, 1.073293, 1.836449)
(14.34058, 1.86779, 1.828161), (14.322811, 1.877201, 1.844689), (14.402728, 1.851345, 1.903418)
(14.34058, 1.86779, 1.828161), (14.402728, 1.851345, 1.903418), (14.520339, 1.851345, 1.804737)
(14.182121, 1.893646, 1.831388), (14.245348, 1.877201, 1.907929), (14.221274, 1.893646, 1.800291)
(14.182121, 1.893646, 1.831388), (14.162183, 1.884236, 1.845221), (14.225598, 1.86779, 1.922031)
(14.182121, 1.893646, 1.831388), (14.221274, 1.893646, 1.800291), (14.160714, 1.910074, 1.722333)
(14.182121, 1.893646, 1.831388), (14.121217, 1.910074, 1.752992), (14.162183, 1.884236, 1.845221)
(14.585746, 1.073293, 1.836449), (14.712257, 1.828096, 1.890221), (14.648, 1.056929, 1.908298)
(14.322811, 1.877201, 1.844689), (14.385182, 1.860756, 1.920182), (14.402728, 1.851345, 1.903418)
(14.322811, 1.877201, 1.844689), (14.260427, 1.893646, 1.769194), (14.221274, 1.893646, 1.800291)
(14.162183, 1.884236, 1.845221), (14.041962, 1.884236, 1.940704), (14.106671, 1.86779, 2.019123)
(14.162183, 1.884236, 1.845221), (14.101129, 1.900663, 1.766605), (14.041962, 1.884236, 1.940704)
(14.59793, 1.310615, 1.860112), (14.751501, 1.273296, 1.843575), (14.750551, 1.27337, 1.691524)
(14.59793, 1.310615, 1.860112), (14.597897, 1.302828, 2.010781), (14.751501, 1.273296, 1.843575)
(14.601361, 1.844396, 1.862534), (14.582458, 1.834983, 1.876816), (14.664189, 1.828096, 1.933128)
(14.601361, 1.844396, 1.862534), (14.664189, 1.828096, 1.933128), (14.712257, 1.828096, 1.890221)
(14.28408, 1.877201, 1.876309), (14.322811, 1.877201, 1.844689), (14.221274, 1.893646, 1.800291)
(14.444242, 1.345506, 1.876564), (14.59793, 1.310615, 1.860112), (14.597453, 1.316014, 1.708309)
(14.444242, 1.345506, 1.876564), (14.443697, 1.331602, 2.026791), (14.59793, 1.310615, 1.860112)
(14.582458, 1.834983, 1.876816), (14.466321, 1.834982, 1.977228), (14.64552, 1.818682, 1.947714)
(14.582458, 1.834983, 1.876816), (14.64552, 1.818682, 1.947714), (14.664189, 1.828096, 1.933128)
(14.712257, 1.828096, 1.890221), (14.664189, 1.828096, 1.933128), (14.774839, 1.81186, 1.959429)
(14.712257, 1.828096, 1.890221), (14.774839, 1.81186, 1.959429), (14.648, 1.056929, 1.908298)
(14.290299, 1.37642, 1.892388), (14.444242, 1.345506, 1.876564), (14.44422, 1.356418, 1.725042)
(14.290299, 1.37642, 1.892388), (14.289322, 1.356407, 2.042224), (14.444242, 1.345506, 1.876564)
(14.402728, 1.851345, 1.903418), (14.385182, 1.860756, 1.920182), (14.466321, 1.834982, 1.977228)
(14.402728, 1.851345, 1.903418), (14.466321, 1.834982, 1.977228), (14.582458, 1.834983, 1.876816)
(14.136125, 1.402857, 1.907281), (14.290299, 1.37642, 1.892388), (14.290722, 1.393358, 1.741263)
(14.136125, 1.402857, 1.907281), (14.134702, 1.375718, 2.05646), (14.290299, 1.37642, 1.892388)
(14.245348, 1.877201, 1.907929), (14.308576, 1.860756, 1.984459), (14.28408, 1.877201, 1.876309)
(14.245348, 1.877201, 1.907929), (14.225598, 1.86779, 1.922031), (14.28902, 1.851345, 1.998826)
(14.245348, 1.877201, 1.907929), (14.28408, 1.877201, 1.876309), (14.221274, 1.893646, 1.800291)
(14.245348, 1.877201, 1.907929), (14.182121, 1.893646, 1.831388), (14.225598, 1.86779, 1.922031)
(14.648, 1.056929, 1.908298), (14.774839, 1.81186, 1.959429), (14.712356, 1.040738, 1.978211)
(14.385182, 1.860756, 1.920182), (14.449022, 1.844394, 1.994246), (14.466321, 1.834982, 1.977228)
(14.385182, 1.860756, 1.920182), (14.322811, 1.877201, 1.844689), (14.28408, 1.877201, 1.876309)
(14.225598, 1.86779, 1.922031), (14.106671, 1.86779, 2.019123), (14.171408, 1.851345, 2.097507)
(14.225598, 1.86779, 1.922031), (14.162183, 1.884236, 1.845221), (14.106671, 1.86779, 2.019123)
(14.664189, 1.828096, 1.933128), (14.64552, 1.818682, 1.947714), (14.727475, 1.81186, 2.003111)
(14.664189, 1.828096, 1.933128), (14.727475, 1.81186, 2.003111), (14.774839, 1.81186, 1.959429)
(14.64552, 1.818682, 1.947714), (14.530987, 1.818681, 2.049952), (14.709052, 1.802445, 2.018007)
(14.64552, 1.818682, 1.947714), (14.709052, 1.802445, 2.018007), (14.727475, 1.81186, 2.003111)
(14.346879, 1.860756, 1.952321), (14.385182, 1.860756, 1.920182), (14.28408, 1.877201, 1.876309)
# 15.05793724998001, 0, 1.6356305833133364
(15.354336, 1.058936, 1.320464), (15.505891, 1.008191, 1.306472), (15.50268, 1.002345, 1.153926)
(15.354336, 1.058936, 1.320464), (15.357615, 1.070849, 1.473641), (15.505891, 1.008191, 1.306472)
(15.202771, 1.111921, 1.335571), (15.205697, 1.121754, 1.488978), (15.354336, 1.058936, 1.320464)
(15.202771, 1.111921, 1.335571), (15.354336, 1.058936, 1.320464), (15.351276, 1.052981, 1.167421)
(15.051097, 1.165224, 1.35141), (15.053694, 1.172478, 1.505011), (15.202771, 1.111921, 1.335571)
(15.051097, 1.165224, 1.35141), (15.202771, 1.111921, 1.335571), (15.199932, 1.107059, 1.182159)
(14.899246, 1.218454, 1.367794), (14.901484, 1.222842, 1.521571), (15.051097, 1.165224, 1.35141)
(14.899246, 1.218454, 1.367794), (15.051097, 1.165224, 1.35141), (15.048483, 1.161567, 1.197606)
(14.74716, 1.270878, 1.384465), (14.899246, 1.218454, 1.367794), (14.896861, 1.216866, 1.21366)
(14.74716, 1.270878, 1.384465), (14.749043, 1.271961, 1.538383), (14.899246, 1.218454, 1.367794)
(15.357615, 1.070849, 1.473641), (15.509487, 1.021515, 1.459369), (15.505891, 1.008191, 1.306472)
(15.357615, 1.070849, 1.473641), (15.360903, 1.086937, 1.626774), (15.509487, 1.021515, 1.459369)
(15.205697, 1.121754, 1.488978), (15.357615, 1.070849, 1.473641), (15.354336, 1.058936, 1.320464)
(15.205697, 1.121754, 1.488978), (15.208519, 1.134587, 1.642125), (15.357615, 1.070849, 1.473641)
(15.053694, 1.172478, 1.505011), (15.205697, 1.121754, 1.488978), (15.202771, 1.111921, 1.335571)
(15.053694, 1.172478, 1.505011), (15.056042, 1.181922, 1.658172), (15.205697, 1.121754, 1.488978)
(14.901484, 1.222842, 1.521571), (15.053694, 1.172478, 1.505011), (15.051097, 1.165224, 1.35141)
(14.901484, 1.222842, 1.521571), (14.903413, 1.228434, 1.674731), (15.053694, 1.172478, 1.505011)
(14.749043, 1.271961, 1.538383), (14.901484, 1.222842, 1.521571), (14.899246, 1.218454, 1.367794)
(14.749043, 1.271961, 1.538383), (14.750551, 1.27337, 1.691524), (14.901484, 1.222842, 1.521571)
(15.360903, 1.086937, 1.626774), (15.36394, 1.105202, 1.779735), (15.513208, 1.040283, 1.612455)
(15.360903, 1.086937, 1.626774), (15.513208, 1.040283, 1.612455), (15.509487, 1.021515, 1.459369)
(15.208519, 1.134587, 1.642125), (15.211028, 1.148693, 1.79487), (15.360903, 1.086937, 1.626774)
(15.208519, 1.134587, 1.642125), (15.360903, 1.086937, 1.626774), (15.357615, 1.070849, 1.473641)
(15.056042, 1.181922, 1.658172), (15.058006, 1.191647, 1.8107), (15.208519, 1.134587, 1.642125)
(15.056042, 1.181922, 1.658172), (15.208519, 1.134587, 1.642125), (15.205697, 1.121754, 1.488978)
(14.903413, 1.228434, 1.674731), (14.904843, 1.23337, 1.827007), (15.056042, 1.181922, 1.658172)
(14.903413, 1.228434, 1.674731), (15.056042, 1.181922, 1.658172), (15.053694, 1.172478, 1.505011)
(14.750551, 1.27337, 1.691524), (14.751501, 1.273296, 1.843575), (14.903413, 1.228434, 1.674731)
(14.750551, 1.27337, 1.691524), (14.903413, 1.228434, 1.674731), (14.901484, 1.222842, 1.521571)
(15.36394, 1.105202, 1.779735), (15.516752, 1.062188, 1.765622), (15.513208, 1.040283, 1.612455)
(15.36394, 1.105202, 1.779735), (15.36661, 1.12312, 1.932216), (15.516752, 1.062188, 1.765622)
(15.211028, 1.148693, 1.79487), (15.36394, 1.105202, 1.779735), (15.360903, 1.086937, 1.626774)
(15.211028, 1.148693, 1.79487), (15.213137, 1.162104, 1.946995), (15.36394, 1.105202, 1.779735)
(15.058006, 1.191647, 1.8107), (15.211028, 1.148693, 1.79487), (15.208519, 1.134587, 1.642125)
(15.058006, 1.191647, 1.8107), (15.059572, 1.20031, 1.962469), (15.211028, 1.148693, 1.79487)
(14.904843, 1.23337, 1.827007), (15.058006, 1.191647, 1.8107), (15.056042, 1.181922, 1.658172)
(14.904843, 1.23337, 1.827007), (14.905872, 1.236968, 1.978431), (15.058006, 1.191647, 1.8107)
(14.751501, 1.273296, 1.843575), (14.904843, 1.23337, 1.827007), (14.903413, 1.228434, 1.674731)
(14.751501, 1.273296, 1.843575), (14.75197, 1.271233, 1.994606), (14.904843, 1.23337, 1.827007)
(15.36661, 1.12312, 1.932216), (15.519971, 1.083964, 1.918387), (15.516752, 1.062188, 1.765622)
(15.36661, 1.12312, 1.932216), (15.368752, 1.139082, 2.084136), (15.519971, 1.083964, 1.918387)
(15.213137, 1.162104, 1.946995), (15.214711, 1.173239, 2.098408), (15.36661, 1.12312, 1.932216)
(15.213137, 1.162104, 1.946995), (15.36661, 1.12312, 1.932216), (15.36394, 1.105202, 1.779735)
(14.774839, 1.81186, 1.959429), (14.727475, 1.81186, 2.003111), (14.839214, 1.795876, 2.026159)
(14.774839, 1.81186, 1.959429), (14.839214, 1.795876, 2.026159), (14.712356, 1.040738, 1.978211)
(15.059572, 1.20031, 1.962469), (15.213137, 1.162104, 1.946995), (15.211028, 1.148693, 1.79487)
(15.059572, 1.20031, 1.962469), (15.060614, 1.206535, 2.113383), (15.213137, 1.162104, 1.946995)
# 15.725707483313343, 0, 1.6356305833133364
(15.505891, 1.008191, 1.306472), (15.509487, 1.021515, 1.459369), (15.657566, 0.961871, 1.294056)
(15.505891, 1.008191, 1.306472), (15.657566, 0.961871, 1.294056), (15.654234, 0.956261, 1.141951)
(15.965538, 0.89763, 1.426613), (16.117605, 0.865794, 1.419699), (16.113272, 0.854505, 1.268243)
(15.965538, 0.89763, 1.426613), (15.970196, 0.918359, 1.579031), (16.117605, 0.865794, 1.419699)
(15.81345, 0.934645, 1.435703), (15.965538, 0.89763, 1.426613), (15.961328, 0.884485, 1.274741)
(15.81345, 0.934645, 1.435703), (15.817846, 0.955732, 1.588438), (15.965538, 0.89763, 1.426613)
(15.661407, 0.975556, 1.446573), (15.81345, 0.934645, 1.435703), (15.809369, 0.920168, 1.283368)
(15.661407, 0.975556, 1.446573), (15.665511, 0.996345, 1.599596), (15.81345, 0.934645, 1.435703)
(15.509487, 1.021515, 1.459369), (15.661407, 0.975556, 1.446573), (15.657566, 0.961871, 1.294056)
(15.509487, 1.021515, 1.459369), (15.513208, 1.040283, 1.612455), (15.661407, 0.975556, 1.446573)
(15.970196, 0.918359, 1.579031), (15.974918, 0.944333, 1.732077), (16.122467, 0.885267, 1.571789)
(15.970196, 0.918359, 1.579031), (16.122467, 0.885267, 1.571789), (16.117605, 0.865794, 1.419699)
(15.817846, 0.955732, 1.588438), (15.822238, 0.981284, 1.741604), (15.970196, 0.918359, 1.579031)
(15.817846, 0.955732, 1.588438), (15.970196, 0.918359, 1.579031), (15.965538, 0.89763, 1.426613)
(15.665511, 0.996345, 1.599596), (15.669516, 1.020608, 1.752807), (15.817846, 0.955732, 1.588438)
(15.665511, 0.996345, 1.599596), (15.817846, 0.955732, 1.588438), (15.81345, 0.934645, 1.435703)
(15.513208, 1.040283, 1.612455), (15.516752, 1.062188, 1.765622), (15.665511, 0.996345, 1.599596)
(15.513208, 1.040283, 1.612455), (15.665511, 0.996345, 1.599596), (15.661407, 0.975556, 1.446573)
(15.974918, 0.944333, 1.732077), (16.127449, 0.910499, 1.724645), (16.122467, 0.885267, 1.571789)
(15.974918, 0.944333, 1.732077), (15.979409, 0.971694, 1.885252), (16.127449, 0.910499, 1.724645)
(15.822238, 0.981284, 1.741604), (15.974918, 0.944333, 1.732077), (15.970196, 0.918359, 1.579031)
(15.822238, 0.981284, 1.741604), (15.826359, 1.007733, 1.894724), (15.974918, 0.944333, 1.732077)
(15.669516, 1.020608, 1.752807), (15.822238, 0.981284, 1.741604), (15.817846, 0.955732, 1.588438)
(15.669516, 1.020608, 1.752807), (15.673209, 1.045309, 1.905821), (15.822238, 0.981284, 1.741604)
(15.516752, 1.062188, 1.765622), (15.669516, 1.020608, 1.752807), (15.665511, 0.996345, 1.599596)
(15.516752, 1.062188, 1.765622), (15.519971, 1.083964, 1.918387), (15.669516, 1.020608, 1.752807)
(15.979409, 0.971694, 1.885252), (16.132271, 0.937478, 1.877692), (16.127449, 0.910499, 1.724645)
(15.979409, 0.971694, 1.885252), (15.983433, 0.998568, 2.038532), (16.132271, 0.937478, 1.877692)
(15.826359, 1.007733, 1.894724), (15.829987, 1.03332, 2.047803), (15.979409, 0.971694, 1.885252)
(15.826359, 1.007733, 1.894724), (15.979409, 0.971694, 1.885252), (15.974918, 0.944333, 1.732077)
(15.673209, 1.045309, 1.905821), (15.826359, 1.007733, 1.894724), (15.822238, 0.981284, 1.741604)
(15.673209, 1.045309, 1.905821), (15.676428, 1.06876, 2.058553), (15.826359, 1.007733, 1.894724)
(15.519971, 1.083964, 1.918387), (15.522665, 1.104102, 2.070767), (15.673209, 1.045309, 1.905821)
(15.519971, 1.083964, 1.918387), (15.673209, 1.045309, 1.905821), (15.669516, 1.020608, 1.752807)
# 16.39347771664668, 0, 1.6356305833133364
(16.569311, 0.780118, 1.410757), (16.716194, 0.743475, 1.410854), (16.709414, 0.733775, 1.259217)
(16.569311, 0.780118, 1.410757), (16.575514, 0.795976, 1.562356), (16.716194, 0.743475, 1.410854)
(16.716194, 0.743475, 1.410854), (16.860058, 0.698022, 1.412358), (16.851974, 0.687619, 1.260287)
(16.716194, 0.743475, 1.410854), (16.723482, 0.759981, 1.562577), (16.860058, 0.698022, 1.412358)
(16.420088, 0.810543, 1.412104), (16.569311, 0.780118, 1.410757), (16.563595, 0.77112, 1.259415)
(16.420088, 0.810543, 1.412104), (16.425594, 0.826871, 1.563727), (16.569311, 0.780118, 1.410757)
(16.26932, 0.837763, 1.414929), (16.420088, 0.810543, 1.412104), (16.415121, 0.801539, 1.26088)
(16.26932, 0.837763, 1.414929), (16.274414, 0.855692, 1.566786), (16.420088, 0.810543, 1.412104)
(16.117605, 0.865794, 1.419699), (16.26932, 0.837763, 1.414929), (16.264759, 0.828224, 1.263761)
(16.117605, 0.865794, 1.419699), (16.122467, 0.885267, 1.571789), (16.26932, 0.837763, 1.414929)
(16.575514, 0.795976, 1.562356), (16.581734, 0.816209, 1.714428), (16.723482, 0.759981, 1.562577)
(16.575514, 0.795976, 1.562356), (16.723482, 0.759981, 1.562577), (16.716194, 0.743475, 1.410854)
(16.723482, 0.759981, 1.562577), (16.730658, 0.780226, 1.714628), (16.868793, 0.715738, 1.56434)
(16.723482, 0.759981, 1.562577), (16.868793, 0.715738, 1.56434), (16.860058, 0.698022, 1.412358)
(16.425594, 0.826871, 1.563727), (16.431213, 0.848223, 1.715936), (16.575514, 0.795976, 1.562356)
(16.425594, 0.826871, 1.563727), (16.575514, 0.795976, 1.562356), (16.569311, 0.780118, 1.410757)
(16.274414, 0.855692, 1.566786), (16.279652, 0.878951, 1.719287), (16.425594, 0.826871, 1.563727)
(16.274414, 0.855692, 1.566786), (16.425594, 0.826871, 1.563727), (16.420088, 0.810543, 1.412104)
(16.122467, 0.885267, 1.571789), (16.127449, 0.910499, 1.724645), (16.274414, 0.855692, 1.566786)
(16.122467, 0.885267, 1.571789), (16.274414, 0.855692, 1.566786), (16.26932, 0.837763, 1.414929)
(16.581734, 0.816209, 1.714428), (16.730658, 0.780226, 1.714628), (16.723482, 0.759981, 1.562577)
(16.581734, 0.816209, 1.714428), (16.587755, 0.838744, 1.866976), (16.730658, 0.780226, 1.714628)
(16.431213, 0.848223, 1.715936), (16.581734, 0.816209, 1.714428), (16.575514, 0.795976, 1.562356)
(16.431213, 0.848223, 1.715936), (16.436687, 0.872232, 1.868666), (16.581734, 0.816209, 1.714428)
(16.279652, 0.878951, 1.719287), (16.431213, 0.848223, 1.715936), (16.425594, 0.826871, 1.563727)
(16.279652, 0.878951, 1.719287), (16.28476, 0.904691, 1.872205), (16.431213, 0.848223, 1.715936)
(16.127449, 0.910499, 1.724645), (16.279652, 0.878951, 1.719287), (16.274414, 0.855692, 1.566786)
(16.127449, 0.910499, 1.724645), (16.132271, 0.937478, 1.877692), (16.279652, 0.878951, 1.719287)
(16.587755, 0.838744, 1.866976), (16.737577, 0.802253, 1.867009), (16.730658, 0.780226, 1.714628)
(16.587755, 0.838744, 1.866976), (16.593243, 0.861681, 2.020061), (16.737577, 0.802253, 1.867009)
(16.436687, 0.872232, 1.868666), (16.441692, 0.896779, 2.021911), (16.587755, 0.838744, 1.866976)
(16.436687, 0.872232, 1.868666), (16.587755, 0.838744, 1.866976), (16.581734, 0.816209, 1.714428)
(16.28476, 0.904691, 1.872205), (16.436687, 0.872232, 1.868666), (16.431213, 0.848223, 1.715936)
(16.28476, 0.904691, 1.872205), (16.289461, 0.930803, 2.025474), (16.436687, 0.872232, 1.868666)
(16.132271, 0.937478, 1.877692), (16.136635, 0.964468, 2.031041), (16.28476, 0.904691, 1.872205)
(16.132271, 0.937478, 1.877692), (16.28476, 0.904691, 1.872205), (16.279652, 0.878951, 1.719287)
# 17.061247949980007, 0, 1.6356305833133364
(16.860058, 0.698022, 1.412358), (17.000444, 0.642748, 1.415265), (16.991217, 0.632278, 1.26251)
(16.860058, 0.698022, 1.412358), (16.868793, 0.715738, 1.56434), (17.000444, 0.642748, 1.415265)
(17.000444, 0.642748, 1.415265), (17.13792, 0.579157, 1.419228), (17.127235, 0.568847, 1.265813)
(17.000444, 0.642748, 1.415265), (17.011024, 0.661405, 1.567592), (17.13792, 0.579157, 1.419228)
(17.13792, 0.579157, 1.419228), (17.2728, 0.509659, 1.424093), (17.260677, 0.499186, 1.270002)
(17.13792, 0.579157, 1.419228), (17.150436, 0.598063, 1.572066), (17.2728, 0.509659, 1.424093)
(17.2728, 0.509659, 1.424093), (17.406019, 0.436927, 1.429555), (17.392506, 0.425311, 1.274881)
(17.2728, 0.509659, 1.424093), (17.287188, 0.528416, 1.577504), (17.406019, 0.436927, 1.429555)
(16.868793, 0.715738, 1.56434), (16.877481, 0.73744, 1.71639), (17.011024, 0.661405, 1.567592)
(16.868793, 0.715738, 1.56434), (17.011024, 0.661405, 1.567592), (17.000444, 0.642748, 1.415265)
(17.011024, 0.661405, 1.567592), (17.021696, 0.685151, 1.71973), (17.150436, 0.598063, 1.572066)
(17.011024, 0.661405, 1.567592), (17.150436, 0.598063, 1.572066), (17.13792, 0.579157, 1.419228)
(17.150436, 0.598063, 1.572066), (17.163443, 0.623522, 1.724404), (17.287188, 0.528416, 1.577504)
(17.150436, 0.598063, 1.572066), (17.287188, 0.528416, 1.577504), (17.2728, 0.509659, 1.424093)
(17.287188, 0.528416, 1.577504), (17.302465, 0.554678, 1.730157), (17.422239, 0.456793, 1.583396)
(17.287188, 0.528416, 1.577504), (17.422239, 0.456793, 1.583396), (17.406019, 0.436927, 1.429555)
(16.730658, 0.780226, 1.714628), (16.877481, 0.73744, 1.71639), (16.868793, 0.715738, 1.56434)
(16.730658, 0.780226, 1.714628), (16.737577, 0.802253, 1.867009), (16.877481, 0.73744, 1.71639)
(16.877481, 0.73744, 1.71639), (17.021696, 0.685151, 1.71973), (17.011024, 0.661405, 1.567592)
(16.877481, 0.73744, 1.71639), (16.88575, 0.760391, 1.868646), (17.021696, 0.685151, 1.71973)
(17.021696, 0.685151, 1.71973), (17.163443, 0.623522, 1.724404), (17.150436, 0.598063, 1.572066)
(17.021696, 0.685151, 1.71973), (17.031935, 0.710728, 1.871815), (17.163443, 0.623522, 1.724404)
(17.163443, 0.623522, 1.724404), (17.302465, 0.554678, 1.730157), (17.287188, 0.528416, 1.577504)
(17.163443, 0.623522, 1.724404), (17.175995, 0.651907, 1.876421), (17.302465, 0.554678, 1.730157)
(17.302465, 0.554678, 1.730157), (17.439632, 0.483047, 1.736394), (17.422239, 0.456793, 1.583396)
(17.302465, 0.554678, 1.730157), (17.317677, 0.584598, 1.882278), (17.439632, 0.483047, 1.736394)
(16.737577, 0.802253, 1.867009), (16.74379, 0.824058, 2.019919), (16.88575, 0.760391, 1.868646)
(16.737577, 0.802253, 1.867009), (16.88575, 0.760391, 1.868646), (16.877481, 0.73744, 1.71639)
(16.88575, 0.760391, 1.868646), (17.031935, 0.710728, 1.871815), (17.021696, 0.685151, 1.71973)
(16.88575, 0.760391, 1.868646), (16.893051, 0.782227, 2.021358), (17.031935, 0.710728, 1.871815)
(17.031935, 0.710728, 1.871815), (17.040733, 0.734038, 2.024321), (17.175995, 0.651907, 1.876421)
(17.031935, 0.710728, 1.871815), (17.175995, 0.651907, 1.876421), (17.163443, 0.623522, 1.724404)
(17.175995, 0.651907, 1.876421), (17.317677, 0.584598, 1.882278), (17.302465, 0.554678, 1.730157)
(17.175995, 0.651907, 1.876421), (17.18679, 0.678228, 2.028648), (17.317677, 0.584598, 1.882278)
(17.317677, 0.584598, 1.882278), (17.330765, 0.613837, 2.034288), (17.456789, 0.512991, 1.888764)
(17.317677, 0.584598, 1.882278), (17.456789, 0.512991, 1.888764), (17.439632, 0.483047, 1.736394)
# 17.729018183313343, 0, 1.6356305833133364
(18.051773, -0.001193, 1.308398), (18.071413, 0.019861, 1.464557), (18.192047, -0.086512, 1.314968)
(18.051773, -0.001193, 1.308398), (18.192047, -0.086512, 1.314968), (18.174841, -0.101167, 1.156132)
(17.406019, 0.436927, 1.429555), (17.538549, 0.361858, 1.435475), (17.523407, 0.347512, 1.280381)
(17.406019, 0.436927, 1.429555), (17.422239, 0.456793, 1.583396), (17.538549, 0.361858, 1.435475)
(17.538549, 0.361858, 1.435475), (17.670341, 0.282023, 1.442084), (17.653738, 0.265035, 1.286619)
(17.538549, 0.361858, 1.435475), (17.556311, 0.383571, 1.589589), (17.670341, 0.282023, 1.442084)
(17.670341, 0.282023, 1.442084), (17.802208, 0.197105, 1.449396), (17.784325, 0.178049, 1.293608)
(17.670341, 0.282023, 1.442084), (17.689569, 0.306251, 1.596319), (17.802208, 0.197105, 1.449396)
(17.802208, 0.197105, 1.449396), (17.935225, 0.108401, 1.45714), (17.916586, 0.088416, 1.301008)
(17.802208, 0.197105, 1.449396), (17.82243, 0.222983, 1.603698), (17.935225, 0.108401, 1.45714)
(17.935225, 0.108401, 1.45714), (18.071413, 0.019861, 1.464557), (18.051773, -0.001193, 1.308398)
(17.935225, 0.108401, 1.45714), (17.956045, 0.134884, 1.611398), (18.071413, 0.019861, 1.464557)
(17.422239, 0.456793, 1.583396), (17.439632, 0.483047, 1.736394), (17.556311, 0.383571, 1.589589)
(17.422239, 0.456793, 1.583396), (17.556311, 0.383571, 1.589589), (17.538549, 0.361858, 1.435475)
(17.556311, 0.383571, 1.589589), (17.57535, 0.410541, 1.7428), (17.689569, 0.306251, 1.596319)
(17.556311, 0.383571, 1.589589), (17.689569, 0.306251, 1.596319), (17.670341, 0.282023, 1.442084)
(17.689569, 0.306251, 1.596319), (17.709829, 0.33489, 1.749501), (17.82243, 0.222983, 1.603698)
(17.689569, 0.306251, 1.596319), (17.82243, 0.222983, 1.603698), (17.802208, 0.197105, 1.449396)
(17.82243, 0.222983, 1.603698), (17.843288, 0.252591, 1.756682), (17.956045, 0.134884, 1.611398)
(17.82243, 0.222983, 1.603698), (17.956045, 0.134884, 1.611398), (17.935225, 0.108401, 1.45714)
(17.956045, 0.134884, 1.611398), (17.976919, 0.164584, 1.764185), (18.09203, 0.045614, 1.618834)
(17.956045, 0.134884, 1.611398), (18.09203, 0.045614, 1.618834), (18.071413, 0.019861, 1.464557)
(17.439632, 0.483047, 1.736394), (17.57535, 0.410541, 1.7428), (17.556311, 0.383571, 1.589589)
(17.439632, 0.483047, 1.736394), (17.456789, 0.512991, 1.888764), (17.57535, 0.410541, 1.7428)
(17.57535, 0.410541, 1.7428), (17.709829, 0.33489, 1.749501), (17.689569, 0.306251, 1.596319)
(17.57535, 0.410541, 1.7428), (17.593992, 0.44039, 1.895331), (17.709829, 0.33489, 1.749501)
(17.709829, 0.33489, 1.749501), (17.843288, 0.252591, 1.756682), (17.82243, 0.222983, 1.603698)
(17.709829, 0.33489, 1.749501), (17.729418, 0.365298, 1.90195), (17.843288, 0.252591, 1.756682)
(17.843288, 0.252591, 1.756682), (17.976919, 0.164584, 1.764185), (17.956045, 0.134884, 1.611398)
(17.843288, 0.252591, 1.756682), (17.863117, 0.283557, 1.908879), (17.976919, 0.164584, 1.764185)
(17.976919, 0.164584, 1.764185), (18.112406, 0.074186, 1.77133), (18.09203, 0.045614, 1.618834)
(17.976919, 0.164584, 1.764185), (17.996126, 0.194456, 1.915982), (18.112406, 0.074186, 1.77133)
(17.456789, 0.512991, 1.888764), (17.593992, 0.44039, 1.895331), (17.57535, 0.410541, 1.7428)
(17.456789, 0.512991, 1.888764), (17.472368, 0.543613, 2.040765), (17.593992, 0.44039, 1.895331)
(17.593992, 0.44039, 1.895331), (17.610348, 0.469921, 2.047437), (17.729418, 0.365298, 1.90195)
(17.593992, 0.44039, 1.895331), (17.729418, 0.365298, 1.90195), (17.709829, 0.33489, 1.749501)
(17.729418, 0.365298, 1.90195), (17.863117, 0.283557, 1.908879), (17.843288, 0.252591, 1.756682)
(17.729418, 0.365298, 1.90195), (17.746542, 0.394416, 2.053978), (17.863117, 0.283557, 1.908879)
(17.863117, 0.283557, 1.908879), (17.880163, 0.312302, 2.060594), (17.996126, 0.194456, 1.915982)
(17.863117, 0.283557, 1.908879), (17.996126, 0.194456, 1.915982), (17.976919, 0.164584, 1.764185)
(17.996126, 0.194456, 1.915982), (18.130512, 0.102227, 1.922755), (18.112406, 0.074186, 1.77133)
(17.996126, 0.194456, 1.915982), (18.012524, 0.222429, 2.067293), (18.130512, 0.102227, 1.922755)
# 18.39678841664667, 0, 1.6356305833133364
(18.192047, -0.086512, 1.314968), (18.33852, -0.16495, 1.320145), (18.3214, -0.180436, 1.160748)
(18.192047, -0.086512, 1.314968), (18.211887, -0.065271, 1.471258), (18.33852, -0.16495, 1.320145)
(18.33852, -0.16495, 1.320145), (18.358494, -0.142815, 1.476325), (18.492008, -0.234043, 1.323015)
(18.33852, -0.16495, 1.320145), (18.492008, -0.234043, 1.323015), (18.474152, -0.252343, 1.163856)
(18.492008, -0.234043, 1.323015), (18.511406, -0.211422, 1.479323), (18.651035, -0.294585, 1.324103)
(18.492008, -0.234043, 1.323015), (18.651035, -0.294585, 1.324103), (18.633345, -0.31466, 1.165015)
(18.651035, -0.294585, 1.324103), (18.670538, -0.269138, 1.479469), (18.81583, -0.343531, 1.322702)
(18.651035, -0.294585, 1.324103), (18.81583, -0.343531, 1.322702), (18.798096, -0.366642, 1.164316)
(18.071413, 0.019861, 1.464557), (18.211887, -0.065271, 1.471258), (18.192047, -0.086512, 1.314968)
(18.071413, 0.019861, 1.464557), (18.09203, 0.045614, 1.618834), (18.211887, -0.065271, 1.471258)
(18.211887, -0.065271, 1.471258), (18.358494, -0.142815, 1.476325), (18.33852, -0.16495, 1.320145)
(18.211887, -0.065271, 1.471258), (18.232214, -0.040368, 1.625337), (18.358494, -0.142815, 1.476325)
(18.358494, -0.142815, 1.476325), (18.511406, -0.211422, 1.479323), (18.492008, -0.234043, 1.323015)
(18.358494, -0.142815, 1.476325), (18.378172, -0.118766, 1.630131), (18.511406, -0.211422, 1.479323)
(18.511406, -0.211422, 1.479323), (18.670538, -0.269138, 1.479469), (18.651035, -0.294585, 1.324103)
(18.511406, -0.211422, 1.479323), (18.530396, -0.187184, 1.6326), (18.670538, -0.269138, 1.479469)
(18.670538, -0.269138, 1.479469), (18.834229, -0.317396, 1.478024), (18.81583, -0.343531, 1.322702)
(18.670538, -0.269138, 1.479469), (18.688154, -0.245452, 1.632829), (18.834229, -0.317396, 1.478024)
(18.09203, 0.045614, 1.618834), (18.112406, 0.074186, 1.77133), (18.232214, -0.040368, 1.625337)
(18.09203, 0.045614, 1.618834), (18.232214, -0.040368, 1.625337), (18.211887, -0.065271, 1.471258)
(18.232214, -0.040368, 1.625337), (18.251631, -0.0137, 1.777506), (18.378172, -0.118766, 1.630131)
(18.232214, -0.040368, 1.625337), (18.378172, -0.118766, 1.630131), (18.358494, -0.142815, 1.476325)
(18.378172, -0.118766, 1.630131), (18.396236, -0.094349, 1.781832), (18.530396, -0.187184, 1.6326)
(18.378172, -0.118766, 1.630131), (18.530396, -0.187184, 1.6326), (18.511406, -0.211422, 1.479323)
(18.530396, -0.187184, 1.6326), (18.546743, -0.165073, 1.784072), (18.688154, -0.245452, 1.632829)
(18.530396, -0.187184, 1.6326), (18.688154, -0.245452, 1.632829), (18.670538, -0.269138, 1.479469)
(18.688154, -0.245452, 1.632829), (18.703083, -0.224322, 1.784103), (18.85099, -0.292493, 1.630993)
(18.688154, -0.245452, 1.632829), (18.85099, -0.292493, 1.630993), (18.834229, -0.317396, 1.478024)
(18.112406, 0.074186, 1.77133), (18.251631, -0.0137, 1.777506), (18.232214, -0.040368, 1.625337)
(18.112406, 0.074186, 1.77133), (18.130512, 0.102227, 1.922755), (18.251631, -0.0137, 1.777506)
(18.251631, -0.0137, 1.777506), (18.396236, -0.094349, 1.781832), (18.378172, -0.118766, 1.630131)
(18.251631, -0.0137, 1.777506), (18.268147, 0.011422, 1.928483), (18.396236, -0.094349, 1.781832)
(18.396236, -0.094349, 1.781832), (18.546743, -0.165073, 1.784072), (18.530396, -0.187184, 1.6326)
(18.396236, -0.094349, 1.781832), (18.410774, -0.0729, 1.932493), (18.546743, -0.165073, 1.784072)
(18.546743, -0.165073, 1.784072), (18.703083, -0.224322, 1.784103), (18.688154, -0.245452, 1.632829)
(18.546743, -0.165073, 1.784072), (18.559479, -0.146515, 1.934428), (18.703083, -0.224322, 1.784103)
(18.703083, -0.224322, 1.784103), (18.864704, -0.271309, 1.782102), (18.85099, -0.292493, 1.630993)
(18.703083, -0.224322, 1.784103), (18.714243, -0.207632, 1.934351), (18.864704, -0.271309, 1.782102)
(18.130512, 0.102227, 1.922755), (18.145363, 0.127473, 2.073574), (18.268147, 0.011422, 1.928483)
(18.130512, 0.102227, 1.922755), (18.268147, 0.011422, 1.928483), (18.251631, -0.0137, 1.777506)
(18.268147, 0.011422, 1.928483), (18.410774, -0.0729, 1.932493), (18.396236, -0.094349, 1.781832)
(18.268147, 0.011422, 1.928483), (18.281292, 0.033781, 2.078864), (18.410774, -0.0729, 1.932493)
(18.410774, -0.0729, 1.932493), (18.421991, -0.053902, 2.082577), (18.559479, -0.146515, 1.934428)
(18.410774, -0.0729, 1.932493), (18.559479, -0.146515, 1.934428), (18.546743, -0.165073, 1.784072)
(18.714243, -0.207632, 1.934351), (18.721703, -0.19521, 2.084247), (18.874453, -0.255625, 1.932334)
(18.714243, -0.207632, 1.934351), (18.874453, -0.255625, 1.932334), (18.864704, -0.271309, 1.782102)
(18.559479, -0.146515, 1.934428), (18.714243, -0.207632, 1.934351), (18.703083, -0.224322, 1.784103)
(18.559479, -0.146515, 1.934428), (18.568714, -0.131135, 2.084403), (18.714243, -0.207632, 1.934351)
# 19.064558649980007, 0, 1.6356305833133364
(19.334444, -0.414447, 1.307649), (19.349005, -0.384674, 1.462049), (19.511791, -0.41395, 1.300232)
(19.334444, -0.414447, 1.307649), (19.511791, -0.41395, 1.300232), (19.498035, -0.443436, 1.143811)
(19.158768, -0.402831, 1.313935), (19.174669, -0.375225, 1.468962), (19.334444, -0.414447, 1.307649)
(19.158768, -0.402831, 1.313935), (19.334444, -0.414447, 1.307649), (19.31955, -0.441963, 1.150592)
(18.985371, -0.380187, 1.319323), (19.002668, -0.352728, 1.474331), (19.158768, -0.402831, 1.313935)
(18.985371, -0.380187, 1.319323), (19.158768, -0.402831, 1.313935), (19.142757, -0.429008, 1.15644)
(18.81583, -0.343531, 1.322702), (18.985371, -0.380187, 1.319323), (18.968782, -0.403467, 1.160954)
(18.81583, -0.343531, 1.322702), (18.834229, -0.317396, 1.478024), (18.985371, -0.380187, 1.319323)
(19.349005, -0.384674, 1.462049), (19.525053, -0.384064, 1.454685), (19.511791, -0.41395, 1.300232)
(19.349005, -0.384674, 1.462049), (19.361963, -0.358052, 1.614941), (19.525053, -0.384064, 1.454685)
(19.174669, -0.375225, 1.468962), (19.349005, -0.384674, 1.462049), (19.334444, -0.414447, 1.307649)
(19.174669, -0.375225, 1.468962), (19.188908, -0.348358, 1.62156), (19.349005, -0.384674, 1.462049)
(19.002668, -0.352728, 1.474331), (19.174669, -0.375225, 1.468962), (19.158768, -0.402831, 1.313935)
(19.002668, -0.352728, 1.474331), (19.018301, -0.326899, 1.627146), (19.174669, -0.375225, 1.468962)
(18.834229, -0.317396, 1.478024), (19.002668, -0.352728, 1.474331), (18.985371, -0.380187, 1.319323)
(18.834229, -0.317396, 1.478024), (18.85099, -0.292493, 1.630993), (19.002668, -0.352728, 1.474331)
(19.361963, -0.358052, 1.614941), (19.372513, -0.335722, 1.766536), (19.537264, -0.356193, 1.607638)
(19.361963, -0.358052, 1.614941), (19.537264, -0.356193, 1.607638), (19.525053, -0.384064, 1.454685)
(19.188908, -0.348358, 1.62156), (19.199986, -0.327149, 1.772926), (19.361963, -0.358052, 1.614941)
(19.188908, -0.348358, 1.62156), (19.361963, -0.358052, 1.614941), (19.349005, -0.384674, 1.462049)
(19.018301, -0.326899, 1.627146), (19.030642, -0.305438, 1.778205), (19.188908, -0.348358, 1.62156)
(19.018301, -0.326899, 1.627146), (19.188908, -0.348358, 1.62156), (19.174669, -0.375225, 1.468962)
(18.85099, -0.292493, 1.630993), (18.864704, -0.271309, 1.782102), (19.018301, -0.326899, 1.627146)
(18.85099, -0.292493, 1.630993), (19.018301, -0.326899, 1.627146), (19.002668, -0.352728, 1.474331)
(19.372513, -0.335722, 1.766536), (19.547718, -0.332542, 1.759599), (19.537264, -0.356193, 1.607638)
(19.372513, -0.335722, 1.766536), (19.380894, -0.318576, 1.917553), (19.547718, -0.332542, 1.759599)
(19.199986, -0.327149, 1.772926), (19.372513, -0.335722, 1.766536), (19.361963, -0.358052, 1.614941)
(19.199986, -0.327149, 1.772926), (19.20816, -0.311316, 1.923557), (19.372513, -0.335722, 1.766536)
(19.030642, -0.305438, 1.778205), (19.199986, -0.327149, 1.772926), (19.188908, -0.348358, 1.62156)
(19.030642, -0.305438, 1.778205), (19.039227, -0.290379, 1.928636), (19.199986, -0.327149, 1.772926)
(18.864704, -0.271309, 1.782102), (19.030642, -0.305438, 1.778205), (19.018301, -0.326899, 1.627146)
(18.864704, -0.271309, 1.782102), (18.874453, -0.255625, 1.932334), (19.030642, -0.305438, 1.778205)
(19.380894, -0.318576, 1.917553), (19.386406, -0.307565, 2.068465), (19.556107, -0.314335, 1.911124)
(19.380894, -0.318576, 1.917553), (19.556107, -0.314335, 1.911124), (19.547718, -0.332542, 1.759599)
(19.20816, -0.311316, 1.923557), (19.380894, -0.318576, 1.917553), (19.372513, -0.335722, 1.766536)
(19.20816, -0.311316, 1.923557), (19.213406, -0.301381, 2.074008), (19.380894, -0.318576, 1.917553)
(19.039227, -0.290379, 1.928636), (19.044455, -0.280886, 2.078759), (19.20816, -0.311316, 1.923557)
(19.039227, -0.290379, 1.928636), (19.20816, -0.311316, 1.923557), (19.199986, -0.327149, 1.772926)
(18.874453, -0.255625, 1.932334), (19.039227, -0.290379, 1.928636), (19.030642, -0.305438, 1.778205)
(18.874453, -0.255625, 1.932334), (18.880461, -0.245266, 2.08229), (19.039227, -0.290379, 1.928636)
# 19.732328883313336, 0, 1.6356305833133364
(19.70248, -0.372877, 1.446773), (19.880363, -0.355104, 1.438781), (19.868887, -0.38577, 1.283932)
(19.70248, -0.372877, 1.446773), (19.714073, -0.344396, 1.600076), (19.880363, -0.355104, 1.438781)
(19.525053, -0.384064, 1.454685), (19.70248, -0.372877, 1.446773), (19.690178, -0.403287, 1.292301)
(19.525053, -0.384064, 1.454685), (19.537264, -0.356193, 1.607638), (19.70248, -0.372877, 1.446773)
(19.714073, -0.344396, 1.600076), (19.724121, -0.320424, 1.7526), (19.891113, -0.327029, 1.592622)
(19.714073, -0.344396, 1.600076), (19.891113, -0.327029, 1.592622), (19.880363, -0.355104, 1.438781)
(19.537264, -0.356193, 1.607638), (19.547718, -0.332542, 1.759599), (19.714073, -0.344396, 1.600076)
(19.537264, -0.356193, 1.607638), (19.714073, -0.344396, 1.600076), (19.70248, -0.372877, 1.446773)
(19.724121, -0.320424, 1.7526), (19.900497, -0.303411, 1.745874), (19.891113, -0.327029, 1.592622)
(19.724121, -0.320424, 1.7526), (19.732309, -0.301909, 1.904763), (19.900497, -0.303411, 1.745874)
(19.547718, -0.332542, 1.759599), (19.724121, -0.320424, 1.7526), (19.714073, -0.344396, 1.600076)
(19.547718, -0.332542, 1.759599), (19.556107, -0.314335, 1.911124), (19.724121, -0.320424, 1.7526)
(19.732309, -0.301909, 1.904763), (19.737907, -0.289988, 2.056928), (19.90822, -0.285138, 1.898759)
(19.732309, -0.301909, 1.904763), (19.90822, -0.285138, 1.898759), (19.900497, -0.303411, 1.745874)
(19.556107, -0.314335, 1.911124), (19.732309, -0.301909, 1.904763), (19.724121, -0.320424, 1.7526)
(19.556107, -0.314335, 1.911124), (19.561731, -0.302661, 2.062649), (19.732309, -0.301909, 1.904763)
