# -9.64956138335333, 0, 7.6455626833133365
(-9.84844, 0.246977, 7.346553), (-9.691736, 0.255907, 7.346601), (-9.689642, 0.261112, 7.194231)
(-9.84844, 0.246977, 7.346553), (-9.850624, 0.245637, 7.499163), (-9.691736, 0.255907, 7.346601)
(-9.691736, 0.255907, 7.346601), (-9.534901, 0.262568, 7.346685), (-9.532772, 0.268322, 7.194337)
(-9.691736, 0.255907, 7.346601), (-9.693957, 0.254113, 7.499139), (-9.534901, 0.262568, 7.346685)
(-9.534901, 0.262568, 7.346685), (-9.377948, 0.266792, 7.346802), (-9.375802, 0.273092, 7.194424)
(-9.534901, 0.262568, 7.346685), (-9.53714, 0.260279, 7.499194), (-9.377948, 0.266792, 7.346802)
(-9.377948, 0.266792, 7.346802), (-9.220903, 0.268461, 7.346938), (-9.218756, 0.275355, 7.19449)
(-9.377948, 0.266792, 7.346802), (-9.38019, 0.264002, 7.499337), (-9.220903, 0.268461, 7.346938)
(-9.693957, 0.254113, 7.499139), (-9.53714, 0.260279, 7.499194), (-9.534901, 0.262568, 7.346685)
(-9.693957, 0.254113, 7.499139), (-9.696297, 0.255634, 7.651918), (-9.53714, 0.260279, 7.499194)
(-9.850624, 0.245637, 7.499163), (-9.852942, 0.247492, 7.652002), (-9.693957, 0.254113, 7.499139)
(-9.850624, 0.245637, 7.499163), (-9.693957, 0.254113, 7.499139), (-9.691736, 0.255907, 7.346601)
(-9.53714, 0.260279, 7.499194), (-9.539484, 0.261377, 7.651944), (-9.38019, 0.264002, 7.499337)
(-9.53714, 0.260279, 7.499194), (-9.38019, 0.264002, 7.499337), (-9.377948, 0.266792, 7.346802)
(-9.38019, 0.264002, 7.499337), (-9.382521, 0.264657, 7.652113), (-9.22313, 0.265243, 7.499568)
(-9.38019, 0.264002, 7.499337), (-9.22313, 0.265243, 7.499568), (-9.220903, 0.268461, 7.346938)
(-9.696297, 0.255634, 7.651918), (-9.539484, 0.261377, 7.651944), (-9.53714, 0.260279, 7.499194)
(-9.696297, 0.255634, 7.651918), (-9.698734, 0.260236, 7.805035), (-9.539484, 0.261377, 7.651944)
(-9.539484, 0.261377, 7.651944), (-9.382521, 0.264657, 7.652113), (-9.38019, 0.264002, 7.499337)
(-9.539484, 0.261377, 7.651944), (-9.541911, 0.265652, 7.805057), (-9.382521, 0.264657, 7.652113)
(-9.852942, 0.247492, 7.652002), (-9.696297, 0.255634, 7.651918), (-9.693957, 0.254113, 7.499139)
(-9.852942, 0.247492, 7.652002), (-9.855366, 0.252396, 7.805197), (-9.696297, 0.255634, 7.651918)
(-9.382521, 0.264657, 7.652113), (-9.225429, 0.265404, 7.652411), (-9.22313, 0.265243, 7.499568)
(-9.382521, 0.264657, 7.652113), (-9.384921, 0.26853, 7.805231), (-9.225429, 0.265404, 7.652411)
(-9.698734, 0.260236, 7.805035), (-9.701261, 0.267491, 7.958476), (-9.541911, 0.265652, 7.805057)
(-9.698734, 0.260236, 7.805035), (-9.541911, 0.265652, 7.805057), (-9.539484, 0.261377, 7.651944)
(-9.541911, 0.265652, 7.805057), (-9.544418, 0.272637, 7.958464), (-9.384921, 0.26853, 7.805231)
(-9.541911, 0.265652, 7.805057), (-9.384921, 0.26853, 7.805231), (-9.382521, 0.264657, 7.652113)
(-9.855366, 0.252396, 7.805197), (-9.857891, 0.259871, 7.958702), (-9.698734, 0.260236, 7.805035)
(-9.855366, 0.252396, 7.805197), (-9.698734, 0.260236, 7.805035), (-9.696297, 0.255634, 7.651918)
(-9.384921, 0.26853, 7.805231), (-9.387386, 0.275181, 7.958656), (-9.227783, 0.268837, 7.805589)
(-9.384921, 0.26853, 7.805231), (-9.227783, 0.268837, 7.805589), (-9.225429, 0.265404, 7.652411)
(-9.544418, 0.272637, 7.958464), (-9.387386, 0.275181, 7.958656), (-9.384921, 0.26853, 7.805231)
(-9.544418, 0.272637, 7.958464), (-9.54697, 0.281918, 8.112266), (-9.387386, 0.275181, 7.958656)
(-9.701261, 0.267491, 7.958476), (-9.544418, 0.272637, 7.958464), (-9.541911, 0.265652, 7.805057)
(-9.701261, 0.267491, 7.958476), (-9.703839, 0.276963, 8.112318), (-9.544418, 0.272637, 7.958464)
(-9.387386, 0.275181, 7.958656), (-9.230187, 0.275088, 7.95906), (-9.227783, 0.268837, 7.805589)
(-9.387386, 0.275181, 7.958656), (-9.389889, 0.284206, 8.112462), (-9.230187, 0.275088, 7.95906)
(-9.857891, 0.259871, 7.958702), (-9.701261, 0.267491, 7.958476), (-9.698734, 0.260236, 7.805035)
(-9.857891, 0.259871, 7.958702), (-9.860478, 0.26949, 8.112616), (-9.701261, 0.267491, 7.958476)
# -8.981791150019998, 0, 7.6455626833133365
(-9.220903, 0.268461, 7.346938), (-9.063793, 0.267662, 7.347106), (-9.061657, 0.275104, 7.194542)
(-9.220903, 0.268461, 7.346938), (-9.22313, 0.265243, 7.499568), (-9.063793, 0.267662, 7.347106)
(-9.063793, 0.267662, 7.347106), (-8.906651, 0.264424, 7.347286), (-8.904538, 0.272408, 7.194576)
(-9.063793, 0.267662, 7.347106), (-9.065992, 0.263909, 7.499839), (-8.906651, 0.264424, 7.347286)
(-8.906651, 0.264424, 7.347286), (-8.749504, 0.258822, 7.347461), (-8.747426, 0.267277, 7.194571)
(-8.906651, 0.264424, 7.347286), (-8.908807, 0.260084, 7.500145), (-8.749504, 0.258822, 7.347461)
(-8.749504, 0.258822, 7.347461), (-8.592388, 0.251063, 7.347622), (-8.590358, 0.259949, 7.194524)
(-8.749504, 0.258822, 7.347461), (-8.751602, 0.253967, 7.500485), (-8.592388, 0.251063, 7.347622)
(-9.22313, 0.265243, 7.499568), (-9.225429, 0.265404, 7.652411), (-9.065992, 0.263909, 7.499839)
(-9.22313, 0.265243, 7.499568), (-9.065992, 0.263909, 7.499839), (-9.063793, 0.267662, 7.347106)
(-9.065992, 0.263909, 7.499839), (-8.908807, 0.260084, 7.500145), (-8.906651, 0.264424, 7.347286)
(-9.065992, 0.263909, 7.499839), (-9.068244, 0.263589, 7.652787), (-8.908807, 0.260084, 7.500145)
(-8.908807, 0.260084, 7.500145), (-8.910997, 0.259268, 7.653221), (-8.751602, 0.253967, 7.500485)
(-8.908807, 0.260084, 7.500145), (-8.751602, 0.253967, 7.500485), (-8.749504, 0.258822, 7.347461)
(-8.751602, 0.253967, 7.500485), (-8.59442, 0.245796, 7.500849), (-8.592388, 0.251063, 7.347622)
(-8.751602, 0.253967, 7.500485), (-8.753721, 0.252697, 7.653727), (-8.59442, 0.245796, 7.500849)
(-9.225429, 0.265404, 7.652411), (-9.068244, 0.263589, 7.652787), (-9.065992, 0.263909, 7.499839)
(-9.225429, 0.265404, 7.652411), (-9.227783, 0.268837, 7.805589), (-9.068244, 0.263589, 7.652787)
(-9.068244, 0.263589, 7.652787), (-8.910997, 0.259268, 7.653221), (-8.908807, 0.260084, 7.500145)
(-9.068244, 0.263589, 7.652787), (-9.070539, 0.266576, 7.806046), (-8.910997, 0.259268, 7.653221)
(-8.910997, 0.259268, 7.653221), (-8.753721, 0.252697, 7.653727), (-8.751602, 0.253967, 7.500485)
(-8.910997, 0.259268, 7.653221), (-8.913218, 0.261868, 7.806625), (-8.753721, 0.252697, 7.653727)
(-8.753721, 0.252697, 7.653727), (-8.596455, 0.244049, 7.654274), (-8.59442, 0.245796, 7.500849)
(-8.753721, 0.252697, 7.653727), (-8.755856, 0.254862, 7.807273), (-8.596455, 0.244049, 7.654274)
(-9.227783, 0.268837, 7.805589), (-9.230187, 0.275088, 7.95906), (-9.070539, 0.266576, 7.806046)
(-9.227783, 0.268837, 7.805589), (-9.070539, 0.266576, 7.806046), (-9.068244, 0.263589, 7.652787)
(-9.070539, 0.266576, 7.806046), (-9.072865, 0.272425, 7.95961), (-8.913218, 0.261868, 7.806625)
(-9.070539, 0.266576, 7.806046), (-8.913218, 0.261868, 7.806625), (-8.910997, 0.259268, 7.653221)
(-8.913218, 0.261868, 7.806625), (-8.915454, 0.267304, 7.9603), (-8.755856, 0.254862, 7.807273)
(-8.913218, 0.261868, 7.806625), (-8.755856, 0.254862, 7.807273), (-8.753721, 0.252697, 7.653727)
(-8.755856, 0.254862, 7.807273), (-8.75799, 0.259876, 7.961097), (-8.598491, 0.245757, 7.807982)
(-8.755856, 0.254862, 7.807273), (-8.598491, 0.245757, 7.807982), (-8.596455, 0.244049, 7.654274)
(-9.230187, 0.275088, 7.95906), (-9.072865, 0.272425, 7.95961), (-9.070539, 0.266576, 7.806046)
(-9.230187, 0.275088, 7.95906), (-9.232615, 0.28377, 8.112925), (-9.072865, 0.272425, 7.95961)
(-9.072865, 0.272425, 7.95961), (-8.915454, 0.267304, 7.9603), (-8.913218, 0.261868, 7.806625)
(-9.072865, 0.272425, 7.95961), (-9.075207, 0.28076, 8.113546), (-8.915454, 0.267304, 7.9603)
(-8.915454, 0.267304, 7.9603), (-8.75799, 0.259876, 7.961097), (-8.755856, 0.254862, 7.807273)
(-8.915454, 0.267304, 7.9603), (-8.917693, 0.275265, 8.11433), (-8.75799, 0.259876, 7.961097)
(-8.75799, 0.259876, 7.961097), (-8.600511, 0.250322, 7.961965), (-8.598491, 0.245757, 7.807982)
(-8.75799, 0.259876, 7.961097), (-8.760114, 0.267429, 8.115257), (-8.600511, 0.250322, 7.961965)
# -8.314020916686664, 0, 7.6455626833133365
(-8.592388, 0.251063, 7.347622), (-8.435328, 0.241215, 7.347749), (-8.433353, 0.250412, 7.194424)
(-8.592388, 0.251063, 7.347622), (-8.59442, 0.245796, 7.500849), (-8.435328, 0.241215, 7.347749)
(-8.435328, 0.241215, 7.347749), (-8.278358, 0.22954, 7.347836), (-8.276449, 0.238987, 7.194271)
(-8.435328, 0.241215, 7.347749), (-8.437284, 0.235575, 7.501194), (-8.278358, 0.22954, 7.347836)
(-8.278358, 0.22954, 7.347836), (-8.121499, 0.216239, 7.347876), (-8.119665, 0.225794, 7.194058)
(-8.278358, 0.22954, 7.347836), (-8.280229, 0.223581, 7.501514), (-8.121499, 0.216239, 7.347876)
(-8.121499, 0.216239, 7.347876), (-7.964775, 0.201465, 7.347865), (-7.963025, 0.211106, 7.193789)
(-8.121499, 0.216239, 7.347876), (-8.12328, 0.210097, 7.501802), (-7.964775, 0.201465, 7.347865)
(-8.59442, 0.245796, 7.500849), (-8.596455, 0.244049, 7.654274), (-8.437284, 0.235575, 7.501194)
(-8.59442, 0.245796, 7.500849), (-8.437284, 0.235575, 7.501194), (-8.435328, 0.241215, 7.347749)
(-8.437284, 0.235575, 7.501194), (-8.280229, 0.223581, 7.501514), (-8.278358, 0.22954, 7.347836)
(-8.437284, 0.235575, 7.501194), (-8.439227, 0.233462, 7.65483), (-8.280229, 0.223581, 7.501514)
(-8.280229, 0.223581, 7.501514), (-8.28207, 0.221112, 7.655373), (-8.12328, 0.210097, 7.501802)
(-8.280229, 0.223581, 7.501514), (-8.12328, 0.210097, 7.501802), (-8.121499, 0.216239, 7.347876)
(-8.12328, 0.210097, 7.501802), (-8.125018, 0.207408, 7.6559), (-7.96647, 0.195442, 7.502051)
(-8.12328, 0.210097, 7.501802), (-7.96647, 0.195442, 7.502051), (-7.964775, 0.201465, 7.347865)
(-8.596455, 0.244049, 7.654274), (-8.439227, 0.233462, 7.65483), (-8.437284, 0.235575, 7.501194)
(-8.596455, 0.244049, 7.654274), (-8.598491, 0.245757, 7.807982), (-8.439227, 0.233462, 7.65483)
(-8.439227, 0.233462, 7.65483), (-8.28207, 0.221112, 7.655373), (-8.280229, 0.223581, 7.501514)
(-8.439227, 0.233462, 7.65483), (-8.441154, 0.234759, 7.808729), (-8.28207, 0.221112, 7.655373)
(-8.28207, 0.221112, 7.655373), (-8.125018, 0.207408, 7.6559), (-8.12328, 0.210097, 7.501802)
(-8.28207, 0.221112, 7.655373), (-8.28389, 0.22215, 7.809492), (-8.125018, 0.207408, 7.6559)
(-8.125018, 0.207408, 7.6559), (-7.9681, 0.192557, 7.656387), (-7.96647, 0.195442, 7.502051)
(-8.125018, 0.207408, 7.6559), (-8.12672, 0.208111, 7.810229), (-7.9681, 0.192557, 7.656387)
(-8.598491, 0.245757, 7.807982), (-8.600511, 0.250322, 7.961965), (-8.441154, 0.234759, 7.808729)
(-8.598491, 0.245757, 7.807982), (-8.441154, 0.234759, 7.808729), (-8.439227, 0.233462, 7.65483)
(-8.441154, 0.234759, 7.808729), (-8.443055, 0.238923, 7.962898), (-8.28389, 0.22215, 7.809492)
(-8.441154, 0.234759, 7.808729), (-8.28389, 0.22215, 7.809492), (-8.28207, 0.221112, 7.655373)
(-8.28389, 0.22215, 7.809492), (-8.285664, 0.225919, 7.963853), (-8.12672, 0.208111, 7.810229)
(-8.28389, 0.22215, 7.809492), (-8.12672, 0.208111, 7.810229), (-8.125018, 0.207408, 7.6559)
(-8.12672, 0.208111, 7.810229), (-8.128368, 0.211533, 7.964792), (-7.969687, 0.192994, 7.810935)
(-8.12672, 0.208111, 7.810229), (-7.969687, 0.192994, 7.810935), (-7.9681, 0.192557, 7.656387)
(-8.600511, 0.250322, 7.961965), (-8.443055, 0.238923, 7.962898), (-8.441154, 0.234759, 7.808729)
(-8.600511, 0.250322, 7.961965), (-8.602509, 0.257479, 8.116302), (-8.443055, 0.238923, 7.962898)
(-8.443055, 0.238923, 7.962898), (-8.285664, 0.225919, 7.963853), (-8.28389, 0.22215, 7.809492)
(-8.443055, 0.238923, 7.962898), (-8.444924, 0.245674, 8.117396), (-8.285664, 0.225919, 7.963853)
(-8.285664, 0.225919, 7.963853), (-8.128368, 0.211533, 7.964792), (-8.12672, 0.208111, 7.810229)
(-8.285664, 0.225919, 7.963853), (-8.287399, 0.232252, 8.118516), (-8.128368, 0.211533, 7.964792)
(-8.128368, 0.211533, 7.964792), (-7.971208, 0.196039, 7.965698), (-7.969687, 0.192994, 7.810935)
(-8.128368, 0.211533, 7.964792), (-8.12997, 0.217456, 8.119632), (-7.971208, 0.196039, 7.965698)
# -7.64625068335333, 0, 7.6455626833133365
(-7.339579, 0.133719, 7.34731), (-7.183733, 0.115358, 7.347054), (-7.182445, 0.124056, 7.191815)
(-7.339579, 0.133719, 7.34731), (-7.340866, 0.127611, 7.502416), (-7.183733, 0.115358, 7.347054)
(-7.495605, 0.151582, 7.347524), (-7.339579, 0.133719, 7.34731), (-7.338199, 0.142704, 7.192273)
(-7.495605, 0.151582, 7.347524), (-7.49699, 0.14536, 7.502417), (-7.339579, 0.133719, 7.34731)
(-7.651818, 0.168988, 7.34769), (-7.495605, 0.151582, 7.347524), (-7.494129, 0.16078, 7.192707)
(-7.651818, 0.168988, 7.34769), (-7.653307, 0.162765, 7.502357), (-7.495605, 0.151582, 7.347524)
(-7.80821, 0.185659, 7.347804), (-7.651818, 0.168988, 7.34769), (-7.650249, 0.178417, 7.19311)
(-7.80821, 0.185659, 7.347804), (-7.809806, 0.179575, 7.502235), (-7.651818, 0.168988, 7.34769)
(-7.964775, 0.201465, 7.347865), (-7.80821, 0.185659, 7.347804), (-7.806549, 0.195213, 7.193472)
(-7.964775, 0.201465, 7.347865), (-7.96647, 0.195442, 7.502051), (-7.80821, 0.185659, 7.347804)
(-7.96647, 0.195442, 7.502051), (-7.9681, 0.192557, 7.656387), (-7.809806, 0.179575, 7.502235)
(-7.96647, 0.195442, 7.502051), (-7.809806, 0.179575, 7.502235), (-7.80821, 0.185659, 7.347804)
(-7.809806, 0.179575, 7.502235), (-7.653307, 0.162765, 7.502357), (-7.651818, 0.168988, 7.34769)
(-7.809806, 0.179575, 7.502235), (-7.811329, 0.176591, 7.656806), (-7.653307, 0.162765, 7.502357)
(-7.653307, 0.162765, 7.502357), (-7.654719, 0.159666, 7.657152), (-7.49699, 0.14536, 7.502417)
(-7.653307, 0.162765, 7.502357), (-7.49699, 0.14536, 7.502417), (-7.495605, 0.151582, 7.347524)
(-7.340866, 0.127611, 7.502416), (-7.342071, 0.124328, 7.657623), (-7.184926, 0.109319, 7.502354)
(-7.340866, 0.127611, 7.502416), (-7.184926, 0.109319, 7.502354), (-7.183733, 0.115358, 7.347054)
(-7.49699, 0.14536, 7.502417), (-7.340866, 0.127611, 7.502416), (-7.339579, 0.133719, 7.34731)
(-7.49699, 0.14536, 7.502417), (-7.498299, 0.142218, 7.657427), (-7.340866, 0.127611, 7.502416)
(-7.9681, 0.192557, 7.656387), (-7.811329, 0.176591, 7.656806), (-7.809806, 0.179575, 7.502235)
(-7.9681, 0.192557, 7.656387), (-7.969687, 0.192994, 7.810935), (-7.811329, 0.176591, 7.656806)
(-7.811329, 0.176591, 7.656806), (-7.654719, 0.159666, 7.657152), (-7.653307, 0.162765, 7.502357)
(-7.811329, 0.176591, 7.656806), (-7.812797, 0.176769, 7.811565), (-7.654719, 0.159666, 7.657152)
(-7.654719, 0.159666, 7.657152), (-7.498299, 0.142218, 7.657427), (-7.49699, 0.14536, 7.502417)
(-7.654719, 0.159666, 7.657152), (-7.65608, 0.159767, 7.812122), (-7.498299, 0.142218, 7.657427)
(-7.498299, 0.142218, 7.657427), (-7.342071, 0.124328, 7.657623), (-7.340866, 0.127611, 7.502416)
(-7.498299, 0.142218, 7.657427), (-7.499547, 0.142079, 7.812588), (-7.342071, 0.124328, 7.657623)
(-7.342071, 0.124328, 7.657623), (-7.186035, 0.105982, 7.657743), (-7.184926, 0.109319, 7.502354)
(-7.342071, 0.124328, 7.657623), (-7.343212, 0.123883, 7.812962), (-7.186035, 0.105982, 7.657743)
(-7.969687, 0.192994, 7.810935), (-7.971208, 0.196039, 7.965698), (-7.812797, 0.176769, 7.811565)
(-7.969687, 0.192994, 7.810935), (-7.812797, 0.176769, 7.811565), (-7.811329, 0.176591, 7.656806)
(-7.812797, 0.176769, 7.811565), (-7.814195, 0.179521, 7.966526), (-7.65608, 0.159767, 7.812122)
(-7.812797, 0.176769, 7.811565), (-7.65608, 0.159767, 7.812122), (-7.654719, 0.159666, 7.657152)
(-7.65608, 0.159767, 7.812122), (-7.657359, 0.162208, 7.967269), (-7.499547, 0.142079, 7.812588)
(-7.65608, 0.159767, 7.812122), (-7.499547, 0.142079, 7.812588), (-7.498299, 0.142218, 7.657427)
(-7.499547, 0.142079, 7.812588), (-7.500716, 0.144224, 7.967912), (-7.343212, 0.123883, 7.812962)
(-7.499547, 0.142079, 7.812588), (-7.343212, 0.123883, 7.812962), (-7.342071, 0.124328, 7.657623)
(-7.343212, 0.123883, 7.812962), (-7.344274, 0.12564, 7.968449), (-7.187078, 0.105252, 7.813247)
(-7.343212, 0.123883, 7.812962), (-7.187078, 0.105252, 7.813247), (-7.186035, 0.105982, 7.657743)
(-7.971208, 0.196039, 7.965698), (-7.814195, 0.179521, 7.966526), (-7.812797, 0.176769, 7.811565)
(-7.971208, 0.196039, 7.965698), (-7.972676, 0.20157, 8.120722), (-7.814195, 0.179521, 7.966526)
(-7.814195, 0.179521, 7.966526), (-7.657359, 0.162208, 7.967269), (-7.65608, 0.159767, 7.812122)
(-7.814195, 0.179521, 7.966526), (-7.815536, 0.184651, 8.121722), (-7.657359, 0.162208, 7.967269)
(-7.657359, 0.162208, 7.967269), (-7.500716, 0.144224, 7.967912), (-7.499547, 0.142079, 7.812588)
(-7.657359, 0.162208, 7.967269), (-7.658576, 0.166907, 8.122627), (-7.500716, 0.144224, 7.967912)
(-7.500716, 0.144224, 7.967912), (-7.344274, 0.12564, 7.968449), (-7.343212, 0.123883, 7.812962)
(-7.500716, 0.144224, 7.967912), (-7.501818, 0.148484, 8.123425), (-7.344274, 0.12564, 7.968449)
(-7.344274, 0.12564, 7.968449), (-7.188051, 0.10664, 7.968879), (-7.187078, 0.105252, 7.813247)
(-7.344274, 0.12564, 7.968449), (-7.345283, 0.129509, 8.124104), (-7.188051, 0.10664, 7.968879)
# -6.9784804500199975, 0, 7.6455626833133365
(-6.717232, 0.058657, 7.346134), (-6.562043, 0.039442, 7.345808), (-6.561049, 0.04769, 7.189983)
(-6.717232, 0.058657, 7.346134), (-6.718201, 0.052757, 7.501891), (-6.562043, 0.039442, 7.345808)
(-6.872569, 0.077806, 7.346457), (-6.717232, 0.058657, 7.346134), (-6.716182, 0.066891, 7.190421)
(-6.872569, 0.077806, 7.346457), (-6.873597, 0.071808, 7.502083), (-6.717232, 0.058657, 7.346134)
(-7.028067, 0.096704, 7.346767), (-6.872569, 0.077806, 7.346457), (-6.87145, 0.086079, 7.190879)
(-7.028067, 0.096704, 7.346767), (-7.02917, 0.090685, 7.50224), (-6.872569, 0.077806, 7.346457)
(-7.183733, 0.115358, 7.347054), (-7.028067, 0.096704, 7.346767), (-7.026867, 0.105184, 7.191348)
(-7.183733, 0.115358, 7.347054), (-7.184926, 0.109319, 7.502354), (-7.028067, 0.096704, 7.346767)
(-6.718201, 0.052757, 7.501891), (-6.719088, 0.048849, 7.657702), (-6.562959, 0.033309, 7.501671)
(-6.718201, 0.052757, 7.501891), (-6.562959, 0.033309, 7.501671), (-6.562043, 0.039442, 7.345808)
(-6.873597, 0.071808, 7.502083), (-6.874547, 0.068178, 7.657774), (-6.718201, 0.052757, 7.501891)
(-6.873597, 0.071808, 7.502083), (-6.718201, 0.052757, 7.501891), (-6.717232, 0.058657, 7.346134)
(-7.02917, 0.090685, 7.50224), (-7.030192, 0.087199, 7.657791), (-6.873597, 0.071808, 7.502083)
(-7.02917, 0.090685, 7.50224), (-6.873597, 0.071808, 7.502083), (-6.872569, 0.077806, 7.346457)
(-7.184926, 0.109319, 7.502354), (-7.02917, 0.090685, 7.50224), (-7.028067, 0.096704, 7.346767)
(-7.184926, 0.109319, 7.502354), (-7.186035, 0.105982, 7.657743), (-7.02917, 0.090685, 7.50224)
(-6.719088, 0.048849, 7.657702), (-6.563797, 0.029057, 7.657584), (-6.562959, 0.033309, 7.501671)
(-6.719088, 0.048849, 7.657702), (-6.719916, 0.047034, 7.813585), (-6.563797, 0.029057, 7.657584)
(-7.186035, 0.105982, 7.657743), (-7.030192, 0.087199, 7.657791), (-7.02917, 0.090685, 7.50224)
(-7.186035, 0.105982, 7.657743), (-7.187078, 0.105252, 7.813247), (-7.030192, 0.087199, 7.657791)
(-6.874547, 0.068178, 7.657774), (-6.719088, 0.048849, 7.657702), (-6.718201, 0.052757, 7.501891)
(-6.874547, 0.068178, 7.657774), (-6.875435, 0.066825, 7.813551), (-6.719088, 0.048849, 7.657702)
(-7.030192, 0.087199, 7.657791), (-6.874547, 0.068178, 7.657774), (-6.873597, 0.071808, 7.502083)
(-7.030192, 0.087199, 7.657791), (-7.031157, 0.086261, 7.813441), (-6.874547, 0.068178, 7.657774)
(-7.187078, 0.105252, 7.813247), (-7.188051, 0.10664, 7.968879), (-7.031157, 0.086261, 7.813441)
(-7.187078, 0.105252, 7.813247), (-7.031157, 0.086261, 7.813441), (-7.030192, 0.087199, 7.657791)
(-7.031157, 0.086261, 7.813441), (-7.032043, 0.087192, 7.969203), (-6.875435, 0.066825, 7.813551)
(-7.031157, 0.086261, 7.813441), (-6.875435, 0.066825, 7.813551), (-6.874547, 0.068178, 7.657774)
(-6.875435, 0.066825, 7.813551), (-6.87625, 0.067261, 7.96942), (-6.719916, 0.047034, 7.813585)
(-6.875435, 0.066825, 7.813551), (-6.719916, 0.047034, 7.813585), (-6.719088, 0.048849, 7.657702)
(-6.719916, 0.047034, 7.813585), (-6.720672, 0.046855, 7.969547), (-6.564574, 0.026684, 7.813556)
(-6.719916, 0.047034, 7.813585), (-6.564574, 0.026684, 7.813556), (-6.563797, 0.029057, 7.657584)
(-7.188051, 0.10664, 7.968879), (-7.032043, 0.087192, 7.969203), (-7.031157, 0.086261, 7.813441)
(-7.188051, 0.10664, 7.968879), (-7.188964, 0.109966, 8.124658), (-7.032043, 0.087192, 7.969203)
(-7.032043, 0.087192, 7.969203), (-6.87625, 0.067261, 7.96942), (-6.875435, 0.066825, 7.813551)
(-7.032043, 0.087192, 7.969203), (-7.032873, 0.089908, 8.125086), (-6.87625, 0.067261, 7.96942)
(-6.87625, 0.067261, 7.96942), (-6.720672, 0.046855, 7.969547), (-6.719916, 0.047034, 7.813585)
(-6.87625, 0.067261, 7.96942), (-6.877008, 0.069324, 8.125396), (-6.720672, 0.046855, 7.969547)
(-6.720672, 0.046855, 7.969547), (-6.565286, 0.025861, 7.969592), (-6.564574, 0.026684, 7.813556)
(-6.720672, 0.046855, 7.969547), (-6.721377, 0.048208, 8.125599), (-6.565286, 0.025861, 7.969592)
# -6.3107102166866635, 0, 7.6455626833133365
(-6.097188, -0.019282, 7.344895), (-5.942415, -0.039338, 7.344627), (-5.941479, -0.029293, 7.188554)
(-6.097188, -0.019282, 7.344895), (-6.098037, -0.026963, 7.500961), (-5.942415, -0.039338, 7.344627)
(-6.25204, 0.000492, 7.345183), (-6.097188, -0.019282, 7.344895), (-6.096266, -0.009929, 7.188861)
(-6.25204, 0.000492, 7.345183), (-6.252892, -0.006581, 7.501198), (-6.097188, -0.019282, 7.344895)
(-6.406985, 0.020079, 7.34549), (-6.25204, 0.000492, 7.345183), (-6.251111, 0.009284, 7.189199)
(-6.406985, 0.020079, 7.34549), (-6.407861, 0.013512, 7.501438), (-6.25204, 0.000492, 7.345183)
(-6.562043, 0.039442, 7.345808), (-6.406985, 0.020079, 7.34549), (-6.406033, 0.028528, 7.189576)
(-6.562043, 0.039442, 7.345808), (-6.562959, 0.033309, 7.501671), (-6.406985, 0.020079, 7.34549)
(-6.098037, -0.026963, 7.500961), (-6.098814, -0.033017, 7.65706), (-5.943274, -0.047777, 7.500729)
(-6.098037, -0.026963, 7.500961), (-5.943274, -0.047777, 7.500729), (-5.942415, -0.039338, 7.344627)
(-6.252892, -0.006581, 7.501198), (-6.098037, -0.026963, 7.500961), (-6.097188, -0.019282, 7.344895)
(-6.252892, -0.006581, 7.501198), (-6.253675, -0.0119, 7.657252), (-6.098037, -0.026963, 7.500961)
(-6.407861, 0.013512, 7.501438), (-6.408662, 0.008773, 7.65743), (-6.252892, -0.006581, 7.501198)
(-6.407861, 0.013512, 7.501438), (-6.252892, -0.006581, 7.501198), (-6.25204, 0.000492, 7.345183)
(-6.562959, 0.033309, 7.501671), (-6.407861, 0.013512, 7.501438), (-6.406985, 0.020079, 7.34549)
(-6.562959, 0.033309, 7.501671), (-6.563797, 0.029057, 7.657584), (-6.407861, 0.013512, 7.501438)
(-6.098814, -0.033017, 7.65706), (-5.944057, -0.054615, 7.656861), (-5.943274, -0.047777, 7.500729)
(-6.098814, -0.033017, 7.65706), (-6.099524, -0.037495, 7.813199), (-5.944057, -0.054615, 7.656861)
(-6.253675, -0.0119, 7.657252), (-6.098814, -0.033017, 7.65706), (-6.098037, -0.026963, 7.500961)
(-6.253675, -0.0119, 7.657252), (-6.254396, -0.015564, 7.81335), (-6.098814, -0.033017, 7.65706)
(-6.408662, 0.008773, 7.65743), (-6.253675, -0.0119, 7.657252), (-6.252892, -0.006581, 7.501198)
(-6.408662, 0.008773, 7.65743), (-6.409409, 0.005837, 7.813473), (-6.253675, -0.0119, 7.657252)
(-6.563797, 0.029057, 7.657584), (-6.408662, 0.008773, 7.65743), (-6.407861, 0.013512, 7.501438)
(-6.563797, 0.029057, 7.657584), (-6.564574, 0.026684, 7.813556), (-6.408662, 0.008773, 7.65743)
(-6.099524, -0.037495, 7.813199), (-6.100172, -0.040692, 7.969374), (-5.944769, -0.059946, 7.813028)
(-6.099524, -0.037495, 7.813199), (-5.944769, -0.059946, 7.813028), (-5.944057, -0.054615, 7.656861)
(-6.254396, -0.015564, 7.81335), (-6.255055, -0.017899, 7.969492), (-6.099524, -0.037495, 7.813199)
(-6.254396, -0.015564, 7.81335), (-6.099524, -0.037495, 7.813199), (-6.098814, -0.033017, 7.65706)
(-6.409409, 0.005837, 7.813473), (-6.410086, 0.004284, 7.96957), (-6.254396, -0.015564, 7.81335)
(-6.409409, 0.005837, 7.813473), (-6.254396, -0.015564, 7.81335), (-6.253675, -0.0119, 7.657252)
(-6.564574, 0.026684, 7.813556), (-6.565286, 0.025861, 7.969592), (-6.409409, 0.005837, 7.813473)
(-6.564574, 0.026684, 7.813556), (-6.409409, 0.005837, 7.813473), (-6.408662, 0.008773, 7.65743)
(-6.100172, -0.040692, 7.969374), (-5.945421, -0.064022, 7.969226), (-5.944769, -0.059946, 7.813028)
(-6.100172, -0.040692, 7.969374), (-6.100774, -0.042722, 8.12559), (-5.945421, -0.064022, 7.969226)
(-6.255055, -0.017899, 7.969492), (-6.100172, -0.040692, 7.969374), (-6.099524, -0.037495, 7.813199)
(-6.255055, -0.017899, 7.969492), (-6.255662, -0.019044, 8.125685), (-6.100172, -0.040692, 7.969374)
(-6.410086, 0.004284, 7.96957), (-6.255055, -0.017899, 7.969492), (-6.254396, -0.015564, 7.81335)
(-6.410086, 0.004284, 7.96957), (-6.410713, 0.004018, 8.125728), (-6.255055, -0.017899, 7.969492)
(-6.565286, 0.025861, 7.969592), (-6.410086, 0.004284, 7.96957), (-6.409409, 0.005837, 7.813473)
(-6.565286, 0.025861, 7.969592), (-6.565948, 0.026434, 8.125704), (-6.410086, 0.004284, 7.96957)
# -5.642939983353331, 0, 7.6455626833133365
(-5.323722, -0.12185, 7.343746), (-5.169059, -0.142851, 7.343561), (-5.167851, -0.127447, 7.187436)
(-5.323722, -0.12185, 7.343746), (-5.324741, -0.134122, 7.499902), (-5.169059, -0.142851, 7.343561)
(-5.478373, -0.100952, 7.343939), (-5.323722, -0.12185, 7.343746), (-5.32259, -0.10766, 7.187619)
(-5.478373, -0.100952, 7.343939), (-5.479335, -0.112145, 7.500093), (-5.323722, -0.12185, 7.343746)
(-5.633023, -0.080168, 7.344151), (-5.478373, -0.100952, 7.343939), (-5.477305, -0.087918, 7.187819)
(-5.633023, -0.080168, 7.344151), (-5.633945, -0.090438, 7.500292), (-5.478373, -0.100952, 7.343939)
(-5.787698, -0.059633, 7.344379), (-5.633023, -0.080168, 7.344151), (-5.632015, -0.068261, 7.188039)
(-5.787698, -0.059633, 7.344379), (-5.788583, -0.068953, 7.500504), (-5.633023, -0.080168, 7.344151)
(-5.942415, -0.039338, 7.344627), (-5.787698, -0.059633, 7.344379), (-5.786734, -0.04871, 7.188282)
(-5.942415, -0.039338, 7.344627), (-5.943274, -0.047777, 7.500729), (-5.787698, -0.059633, 7.344379)
(-5.324741, -0.134122, 7.499902), (-5.170145, -0.156267, 7.499719), (-5.169059, -0.142851, 7.343561)
(-5.324741, -0.134122, 7.499902), (-5.325656, -0.144702, 7.656086), (-5.170145, -0.156267, 7.499719)
(-5.479335, -0.112145, 7.500093), (-5.480206, -0.121762, 7.656271), (-5.324741, -0.134122, 7.499902)
(-5.479335, -0.112145, 7.500093), (-5.324741, -0.134122, 7.499902), (-5.323722, -0.12185, 7.343746)
(-5.633945, -0.090438, 7.500292), (-5.634778, -0.09908, 7.656464), (-5.479335, -0.112145, 7.500093)
(-5.633945, -0.090438, 7.500292), (-5.479335, -0.112145, 7.500093), (-5.478373, -0.100952, 7.343939)
(-5.788583, -0.068953, 7.500504), (-5.789387, -0.076678, 7.65666), (-5.633945, -0.090438, 7.500292)
(-5.788583, -0.068953, 7.500504), (-5.633945, -0.090438, 7.500292), (-5.633023, -0.080168, 7.344151)
(-5.943274, -0.047777, 7.500729), (-5.788583, -0.068953, 7.500504), (-5.787698, -0.059633, 7.344379)
(-5.943274, -0.047777, 7.500729), (-5.944057, -0.054615, 7.656861), (-5.788583, -0.068953, 7.500504)
(-5.325656, -0.144702, 7.656086), (-5.171108, -0.167824, 7.655906), (-5.170145, -0.156267, 7.499719)
(-5.325656, -0.144702, 7.656086), (-5.326468, -0.153657, 7.812294), (-5.171108, -0.167824, 7.655906)
(-5.480206, -0.121762, 7.656271), (-5.325656, -0.144702, 7.656086), (-5.324741, -0.134122, 7.499902)
(-5.480206, -0.121762, 7.656271), (-5.480985, -0.129793, 7.812477), (-5.325656, -0.144702, 7.656086)
(-5.634778, -0.09908, 7.656464), (-5.480206, -0.121762, 7.656271), (-5.479335, -0.112145, 7.500093)
(-5.634778, -0.09908, 7.656464), (-5.635526, -0.106191, 7.812662), (-5.480206, -0.121762, 7.656271)
(-5.789387, -0.076678, 7.65666), (-5.634778, -0.09908, 7.656464), (-5.633945, -0.090438, 7.500292)
(-5.789387, -0.076678, 7.65666), (-5.790112, -0.082858, 7.812848), (-5.634778, -0.09908, 7.656464)
(-5.944057, -0.054615, 7.656861), (-5.789387, -0.076678, 7.65666), (-5.788583, -0.068953, 7.500504)
(-5.944057, -0.054615, 7.656861), (-5.944769, -0.059946, 7.813028), (-5.789387, -0.076678, 7.65666)
(-5.326468, -0.153657, 7.812294), (-5.327197, -0.161322, 7.968524), (-5.171955, -0.177608, 7.812116)
(-5.326468, -0.153657, 7.812294), (-5.171955, -0.177608, 7.812116), (-5.171108, -0.167824, 7.655906)
(-5.480985, -0.129793, 7.812477), (-5.481687, -0.136597, 7.968704), (-5.326468, -0.153657, 7.812294)
(-5.480985, -0.129793, 7.812477), (-5.326468, -0.153657, 7.812294), (-5.325656, -0.144702, 7.656086)
(-5.635526, -0.106191, 7.812662), (-5.636205, -0.112081, 7.968884), (-5.480985, -0.129793, 7.812477)
(-5.635526, -0.106191, 7.812662), (-5.480985, -0.129793, 7.812477), (-5.480206, -0.121762, 7.656271)
(-5.790112, -0.082858, 7.812848), (-5.790773, -0.087846, 7.96906), (-5.635526, -0.106191, 7.812662)
(-5.790112, -0.082858, 7.812848), (-5.635526, -0.106191, 7.812662), (-5.634778, -0.09908, 7.656464)
(-5.944769, -0.059946, 7.813028), (-5.945421, -0.064022, 7.969226), (-5.790112, -0.082858, 7.812848)
(-5.944769, -0.059946, 7.813028), (-5.790112, -0.082858, 7.812848), (-5.789387, -0.076678, 7.65666)
(-5.327197, -0.161322, 7.968524), (-5.172713, -0.186111, 7.968347), (-5.171955, -0.177608, 7.812116)
(-5.327197, -0.161322, 7.968524), (-5.327852, -0.167855, 8.124772), (-5.172713, -0.186111, 7.968347)
(-5.481687, -0.136597, 7.968704), (-5.327197, -0.161322, 7.968524), (-5.326468, -0.153657, 7.812294)
(-5.481687, -0.136597, 7.968704), (-5.482322, -0.142284, 8.124953), (-5.327197, -0.161322, 7.968524)
(-5.636205, -0.112081, 7.968884), (-5.481687, -0.136597, 7.968704), (-5.480985, -0.129793, 7.812477)
(-5.636205, -0.112081, 7.968884), (-5.636821, -0.116891, 8.125132), (-5.481687, -0.136597, 7.968704)
(-5.790773, -0.087846, 7.96906), (-5.636205, -0.112081, 7.968884), (-5.635526, -0.106191, 7.812662)
(-5.790773, -0.087846, 7.96906), (-5.791377, -0.091741, 8.125302), (-5.636205, -0.112081, 7.968884)
(-5.945421, -0.064022, 7.969226), (-5.790773, -0.087846, 7.96906), (-5.790112, -0.082858, 7.812848)
(-5.945421, -0.064022, 7.969226), (-5.946019, -0.066983, 8.125459), (-5.790773, -0.087846, 7.96906)
# -4.975169750019997, 0, 7.6455626833133365
(-4.70488, -0.206188, 7.343047), (-4.55005, -0.227154, 7.342883), (-4.548529, -0.207174, 7.186754)
(-4.70488, -0.206188, 7.343047), (-4.706157, -0.222645, 7.499208), (-4.55005, -0.227154, 7.342883)
(-4.859652, -0.18511, 7.343214), (-4.70488, -0.206188, 7.343047), (-4.703437, -0.18729, 7.186919)
(-4.859652, -0.18511, 7.343214), (-4.860864, -0.200575, 7.499375), (-4.70488, -0.206188, 7.343047)
(-5.014372, -0.163946, 7.343385), (-4.859652, -0.18511, 7.343214), (-4.858286, -0.167322, 7.187088)
(-5.014372, -0.163946, 7.343385), (-5.015523, -0.178452, 7.499543), (-4.859652, -0.18511, 7.343214)
(-5.169059, -0.142851, 7.343561), (-5.014372, -0.163946, 7.343385), (-5.013087, -0.147355, 7.187259)
(-5.169059, -0.142851, 7.343561), (-5.170145, -0.156267, 7.499719), (-5.014372, -0.163946, 7.343385)
(-4.706157, -0.222645, 7.499208), (-4.551392, -0.244556, 7.499048), (-4.55005, -0.227154, 7.342883)
(-4.706157, -0.222645, 7.499208), (-4.707275, -0.236873, 7.655399), (-4.551392, -0.244556, 7.499048)
(-4.860864, -0.200575, 7.499375), (-4.861931, -0.213972, 7.655563), (-4.706157, -0.222645, 7.499208)
(-4.860864, -0.200575, 7.499375), (-4.706157, -0.222645, 7.499208), (-4.70488, -0.206188, 7.343047)
(-5.015523, -0.178452, 7.499543), (-4.860864, -0.200575, 7.499375), (-4.859652, -0.18511, 7.343214)
(-5.015523, -0.178452, 7.499543), (-5.016539, -0.190936, 7.655731), (-4.860864, -0.200575, 7.499375)
(-5.170145, -0.156267, 7.499719), (-5.171108, -0.167824, 7.655906), (-5.015523, -0.178452, 7.499543)
(-5.170145, -0.156267, 7.499719), (-5.015523, -0.178452, 7.499543), (-5.014372, -0.163946, 7.343385)
(-4.707275, -0.236873, 7.655399), (-4.552563, -0.259597, 7.655241), (-4.551392, -0.244556, 7.499048)
(-4.707275, -0.236873, 7.655399), (-4.708246, -0.24911, 7.811614), (-4.552563, -0.259597, 7.655241)
(-4.861931, -0.213972, 7.655563), (-4.707275, -0.236873, 7.655399), (-4.706157, -0.222645, 7.499208)
(-4.861931, -0.213972, 7.655563), (-4.862859, -0.225446, 7.811776), (-4.707275, -0.236873, 7.655399)
(-5.016539, -0.190936, 7.655731), (-4.861931, -0.213972, 7.655563), (-4.860864, -0.200575, 7.499375)
(-5.016539, -0.190936, 7.655731), (-5.017423, -0.201579, 7.811943), (-4.861931, -0.213972, 7.655563)
(-5.171108, -0.167824, 7.655906), (-5.016539, -0.190936, 7.655731), (-5.015523, -0.178452, 7.499543)
(-5.171108, -0.167824, 7.655906), (-5.171955, -0.177608, 7.812116), (-5.016539, -0.190936, 7.655731)
(-4.708246, -0.24911, 7.811614), (-4.709105, -0.259809, 7.967848), (-4.553568, -0.272464, 7.81146)
(-4.708246, -0.24911, 7.811614), (-4.553568, -0.272464, 7.81146), (-4.552563, -0.259597, 7.655241)
(-4.862859, -0.225446, 7.811776), (-4.863685, -0.235473, 7.968007), (-4.708246, -0.24911, 7.811614)
(-4.862859, -0.225446, 7.811776), (-4.708246, -0.24911, 7.811614), (-4.707275, -0.236873, 7.655399)
(-5.017423, -0.201579, 7.811943), (-5.018213, -0.210855, 7.968174), (-4.862859, -0.225446, 7.811776)
(-5.017423, -0.201579, 7.811943), (-4.862859, -0.225446, 7.811776), (-4.861931, -0.213972, 7.655563)
(-5.171955, -0.177608, 7.812116), (-5.172713, -0.186111, 7.968347), (-5.017423, -0.201579, 7.811943)
(-5.171955, -0.177608, 7.812116), (-5.017423, -0.201579, 7.811943), (-5.016539, -0.190936, 7.655731)
(-4.709105, -0.259809, 7.967848), (-4.554462, -0.283811, 7.967694), (-4.553568, -0.272464, 7.81146)
(-4.709105, -0.259809, 7.967848), (-4.709864, -0.269175, 8.124095), (-4.554462, -0.283811, 7.967694)
(-4.863685, -0.235473, 7.968007), (-4.709105, -0.259809, 7.967848), (-4.708246, -0.24911, 7.811614)
(-4.863685, -0.235473, 7.968007), (-4.864415, -0.244194, 8.124254), (-4.709105, -0.259809, 7.967848)
(-5.018213, -0.210855, 7.968174), (-4.863685, -0.235473, 7.968007), (-4.862859, -0.225446, 7.811776)
(-5.018213, -0.210855, 7.968174), (-5.018921, -0.218945, 8.12442), (-4.863685, -0.235473, 7.968007)
(-5.172713, -0.186111, 7.968347), (-5.018213, -0.210855, 7.968174), (-5.017423, -0.201579, 7.811943)
(-5.172713, -0.186111, 7.968347), (-5.173394, -0.193453, 8.124593), (-5.018213, -0.210855, 7.968174)
# -4.307399516686664, 0, 7.6455626833133365
(-4.085159, -0.288956, 7.34241), (-3.930038, -0.308903, 7.342265), (-3.928245, -0.285288, 7.186118)
(-4.085159, -0.288956, 7.34241), (-4.086659, -0.30857, 7.498589), (-3.930038, -0.308903, 7.342265)
(-4.240199, -0.268647, 7.342563), (-4.085159, -0.288956, 7.34241), (-4.083429, -0.26617, 7.186269)
(-4.240199, -0.268647, 7.342563), (-4.241642, -0.28751, 7.498737), (-4.085159, -0.288956, 7.34241)
(-4.395157, -0.247976, 7.342722), (-4.240199, -0.268647, 7.342563), (-4.238533, -0.246714, 7.186427)
(-4.395157, -0.247976, 7.342722), (-4.396557, -0.266215, 7.49889), (-4.240199, -0.268647, 7.342563)
(-4.55005, -0.227154, 7.342883), (-4.395157, -0.247976, 7.342722), (-4.393564, -0.227014, 7.18659)
(-4.55005, -0.227154, 7.342883), (-4.551392, -0.244556, 7.499048), (-4.395157, -0.247976, 7.342722)
(-4.086659, -0.30857, 7.498589), (-3.931601, -0.329306, 7.498448), (-3.930038, -0.308903, 7.342265)
(-4.086659, -0.30857, 7.498589), (-4.08797, -0.325613, 7.654798), (-3.931601, -0.329306, 7.498448)
(-4.241642, -0.28751, 7.498737), (-4.242908, -0.303951, 7.654939), (-4.086659, -0.30857, 7.498589)
(-4.241642, -0.28751, 7.498737), (-4.086659, -0.30857, 7.498589), (-4.085159, -0.288956, 7.34241)
(-4.396557, -0.266215, 7.49889), (-4.397776, -0.281968, 7.655087), (-4.241642, -0.28751, 7.498737)
(-4.396557, -0.266215, 7.49889), (-4.241642, -0.28751, 7.498737), (-4.240199, -0.268647, 7.342563)
(-4.551392, -0.244556, 7.499048), (-4.552563, -0.259597, 7.655241), (-4.396557, -0.266215, 7.49889)
(-4.551392, -0.244556, 7.499048), (-4.396557, -0.266215, 7.49889), (-4.395157, -0.247976, 7.342722)
(-4.08797, -0.325613, 7.654798), (-3.932957, -0.346935, 7.65466), (-3.931601, -0.329306, 7.498448)
(-4.08797, -0.325613, 7.654798), (-4.0891, -0.34031, 7.811029), (-3.932957, -0.346935, 7.65466)
(-4.242908, -0.303951, 7.654939), (-4.08797, -0.325613, 7.654798), (-4.086659, -0.30857, 7.498589)
(-4.242908, -0.303951, 7.654939), (-4.243997, -0.318081, 7.811166), (-4.08797, -0.325613, 7.654798)
(-4.397776, -0.281968, 7.655087), (-4.242908, -0.303951, 7.654939), (-4.241642, -0.28751, 7.498737)
(-4.397776, -0.281968, 7.655087), (-4.398825, -0.295509, 7.811309), (-4.242908, -0.303951, 7.654939)
(-4.552563, -0.259597, 7.655241), (-4.397776, -0.281968, 7.655087), (-4.396557, -0.266215, 7.49889)
(-4.552563, -0.259597, 7.655241), (-4.553568, -0.272464, 7.81146), (-4.397776, -0.281968, 7.655087)
(-4.0891, -0.34031, 7.811029), (-4.090096, -0.353246, 7.967276), (-3.934117, -0.362029, 7.810898)
(-4.0891, -0.34031, 7.811029), (-3.934117, -0.362029, 7.810898), (-3.932957, -0.346935, 7.65466)
(-4.243997, -0.318081, 7.811166), (-4.244961, -0.330553, 7.967409), (-4.0891, -0.34031, 7.811029)
(-4.243997, -0.318081, 7.811166), (-4.0891, -0.34031, 7.811029), (-4.08797, -0.325613, 7.654798)
(-4.398825, -0.295509, 7.811309), (-4.399752, -0.307425, 7.967547), (-4.243997, -0.318081, 7.811166)
(-4.398825, -0.295509, 7.811309), (-4.243997, -0.318081, 7.811166), (-4.242908, -0.303951, 7.654939)
(-4.553568, -0.272464, 7.81146), (-4.554462, -0.283811, 7.967694), (-4.398825, -0.295509, 7.811309)
(-4.553568, -0.272464, 7.81146), (-4.398825, -0.295509, 7.811309), (-4.397776, -0.281968, 7.655087)
(-4.090096, -0.353246, 7.967276), (-3.935149, -0.375413, 7.967149), (-3.934117, -0.362029, 7.810898)
(-4.090096, -0.353246, 7.967276), (-4.090976, -0.364667, 8.123535), (-3.935149, -0.375413, 7.967149)
(-4.244961, -0.330553, 7.967409), (-4.090096, -0.353246, 7.967276), (-4.0891, -0.34031, 7.811029)
(-4.244961, -0.330553, 7.967409), (-4.245811, -0.341531, 8.123664), (-4.090096, -0.353246, 7.967276)
(-4.399752, -0.307425, 7.967547), (-4.244961, -0.330553, 7.967409), (-4.243997, -0.318081, 7.811166)
(-4.399752, -0.307425, 7.967547), (-4.400574, -0.317938, 8.123799), (-4.244961, -0.330553, 7.967409)
(-4.554462, -0.283811, 7.967694), (-4.399752, -0.307425, 7.967547), (-4.398825, -0.295509, 7.811309)
(-4.554462, -0.283811, 7.967694), (-4.555254, -0.293785, 8.123943), (-4.399752, -0.307425, 7.967547)
# -3.6396292833533312, 0, 7.6455626833133365
(-3.308816, -0.385, 7.341756), (-3.153341, -0.402942, 7.341652), (-3.151298, -0.376342, 7.185485)
(-3.308816, -0.385, 7.341756), (-3.310566, -0.407573, 7.497955), (-3.153341, -0.402942, 7.341652)
(-3.464227, -0.366583, 7.341871), (-3.308816, -0.385, 7.341756), (-3.306813, -0.358817, 7.185592)
(-3.464227, -0.366583, 7.341871), (-3.465934, -0.388689, 7.498068), (-3.308816, -0.385, 7.341756)
(-3.619568, -0.347716, 7.341992), (-3.464227, -0.366583, 7.341871), (-3.462272, -0.340958, 7.185709)
(-3.619568, -0.347716, 7.341992), (-3.621229, -0.369314, 7.498187), (-3.464227, -0.366583, 7.341871)
(-3.774843, -0.328525, 7.342124), (-3.619568, -0.347716, 7.341992), (-3.617661, -0.322664, 7.185836)
(-3.774843, -0.328525, 7.342124), (-3.776459, -0.349588, 7.498313), (-3.619568, -0.347716, 7.341992)
(-3.930038, -0.308903, 7.342265), (-3.774843, -0.328525, 7.342124), (-3.772993, -0.304188, 7.185972)
(-3.930038, -0.308903, 7.342265), (-3.931601, -0.329306, 7.498448), (-3.774843, -0.328525, 7.342124)
(-3.310566, -0.407573, 7.497955), (-3.312084, -0.426996, 7.654185), (-3.155126, -0.425862, 7.497854)
(-3.310566, -0.407573, 7.497955), (-3.155126, -0.425862, 7.497854), (-3.153341, -0.402942, 7.341652)
(-3.465934, -0.388689, 7.498068), (-3.310566, -0.407573, 7.497955), (-3.308816, -0.385, 7.341756)
(-3.465934, -0.388689, 7.498068), (-3.467413, -0.40773, 7.654293), (-3.310566, -0.407573, 7.497955)
(-3.621229, -0.369314, 7.498187), (-3.622672, -0.38797, 7.654408), (-3.465934, -0.388689, 7.498068)
(-3.621229, -0.369314, 7.498187), (-3.465934, -0.388689, 7.498068), (-3.464227, -0.366583, 7.341871)
(-3.776459, -0.349588, 7.498313), (-3.621229, -0.369314, 7.498187), (-3.619568, -0.347716, 7.341992)
(-3.776459, -0.349588, 7.498313), (-3.777857, -0.367716, 7.654531), (-3.621229, -0.369314, 7.498187)
(-3.931601, -0.329306, 7.498448), (-3.932957, -0.346935, 7.65466), (-3.776459, -0.349588, 7.498313)
(-3.931601, -0.329306, 7.498448), (-3.776459, -0.349588, 7.498313), (-3.774843, -0.328525, 7.342124)
(-3.312084, -0.426996, 7.654185), (-3.156674, -0.445554, 7.654085), (-3.155126, -0.425862, 7.497854)
(-3.312084, -0.426996, 7.654185), (-3.313384, -0.443578, 7.810438), (-3.156674, -0.445554, 7.654085)
(-3.467413, -0.40773, 7.654293), (-3.312084, -0.426996, 7.654185), (-3.310566, -0.407573, 7.497955)
(-3.467413, -0.40773, 7.654293), (-3.46869, -0.424117, 7.810542), (-3.312084, -0.426996, 7.654185)
(-3.622672, -0.38797, 7.654408), (-3.467413, -0.40773, 7.654293), (-3.465934, -0.388689, 7.498068)
(-3.622672, -0.38797, 7.654408), (-3.623914, -0.403991, 7.810654), (-3.467413, -0.40773, 7.654293)
(-3.777857, -0.367716, 7.654531), (-3.622672, -0.38797, 7.654408), (-3.621229, -0.369314, 7.498187)
(-3.777857, -0.367716, 7.654531), (-3.779057, -0.383281, 7.810772), (-3.622672, -0.38797, 7.654408)
(-3.932957, -0.346935, 7.65466), (-3.777857, -0.367716, 7.654531), (-3.776459, -0.349588, 7.498313)
(-3.932957, -0.346935, 7.65466), (-3.934117, -0.362029, 7.810898), (-3.777857, -0.367716, 7.654531)
(-3.313384, -0.443578, 7.810438), (-3.314538, -0.458272, 7.966705), (-3.158007, -0.462438, 7.810339)
(-3.313384, -0.443578, 7.810438), (-3.158007, -0.462438, 7.810339), (-3.156674, -0.445554, 7.654085)
(-3.46869, -0.424117, 7.810542), (-3.469814, -0.438524, 7.966807), (-3.313384, -0.443578, 7.810438)
(-3.46869, -0.424117, 7.810542), (-3.313384, -0.443578, 7.810438), (-3.312084, -0.426996, 7.654185)
(-3.623914, -0.403991, 7.810654), (-3.62501, -0.418116, 7.966914), (-3.46869, -0.424117, 7.810542)
(-3.623914, -0.403991, 7.810654), (-3.46869, -0.424117, 7.810542), (-3.467413, -0.40773, 7.654293)
(-3.779057, -0.383281, 7.810772), (-3.780118, -0.397034, 7.967028), (-3.623914, -0.403991, 7.810654)
(-3.779057, -0.383281, 7.810772), (-3.623914, -0.403991, 7.810654), (-3.622672, -0.38797, 7.654408)
(-3.934117, -0.362029, 7.810898), (-3.935149, -0.375413, 7.967149), (-3.779057, -0.383281, 7.810772)
(-3.934117, -0.362029, 7.810898), (-3.779057, -0.383281, 7.810772), (-3.777857, -0.367716, 7.654531)
(-3.314538, -0.458272, 7.966705), (-3.159187, -0.477344, 7.966609), (-3.158007, -0.462438, 7.810339)
(-3.314538, -0.458272, 7.966705), (-3.315556, -0.47125, 8.122984), (-3.159187, -0.477344, 7.966609)
(-3.469814, -0.438524, 7.966807), (-3.314538, -0.458272, 7.966705), (-3.313384, -0.443578, 7.810438)
(-3.469814, -0.438524, 7.966807), (-3.470803, -0.451229, 8.123083), (-3.314538, -0.458272, 7.966705)
(-3.62501, -0.418116, 7.966914), (-3.469814, -0.438524, 7.966807), (-3.46869, -0.424117, 7.810542)
(-3.62501, -0.418116, 7.966914), (-3.62597, -0.430529, 8.123187), (-3.469814, -0.438524, 7.966807)
(-3.780118, -0.397034, 7.967028), (-3.62501, -0.418116, 7.966914), (-3.623914, -0.403991, 7.810654)
(-3.780118, -0.397034, 7.967028), (-3.781059, -0.409227, 8.123297), (-3.62501, -0.418116, 7.966914)
(-3.935149, -0.375413, 7.967149), (-3.780118, -0.397034, 7.967028), (-3.779057, -0.383281, 7.810772)
(-3.935149, -0.375413, 7.967149), (-3.93606, -0.387251, 8.123411), (-3.780118, -0.397034, 7.967028)
# -2.9718590500199973, 0, 7.6455626833133365
(-2.686534, -0.452898, 7.341392), (-2.530807, -0.467851, 7.341322), (-2.528622, -0.439724, 7.185161)
(-2.686534, -0.452898, 7.341392), (-2.688411, -0.476673, 7.497592), (-2.530807, -0.467851, 7.341322)
(-2.842205, -0.437091, 7.34147), (-2.686534, -0.452898, 7.341392), (-2.684381, -0.425125, 7.185228)
(-2.842205, -0.437091, 7.34147), (-2.844038, -0.460393, 7.497673), (-2.686534, -0.452898, 7.341392)
(-2.99781, -0.420428, 7.341555), (-2.842205, -0.437091, 7.34147), (-2.840087, -0.40971, 7.185303)
(-2.99781, -0.420428, 7.341555), (-2.999609, -0.443405, 7.49776), (-2.842205, -0.437091, 7.34147)
(-3.153341, -0.402942, 7.341652), (-2.99781, -0.420428, 7.341555), (-2.995724, -0.393371, 7.185387)
(-3.153341, -0.402942, 7.341652), (-3.155126, -0.425862, 7.497854), (-2.99781, -0.420428, 7.341555)
(-2.688411, -0.476673, 7.497592), (-2.690046, -0.497135, 7.653821), (-2.532719, -0.492018, 7.497517)
(-2.688411, -0.476673, 7.497592), (-2.532719, -0.492018, 7.497517), (-2.530807, -0.467851, 7.341322)
(-2.844038, -0.460393, 7.497673), (-2.688411, -0.476673, 7.497592), (-2.686534, -0.452898, 7.341392)
(-2.844038, -0.460393, 7.497673), (-2.845644, -0.480586, 7.653903), (-2.688411, -0.476673, 7.497592)
(-2.999609, -0.443405, 7.49776), (-3.001188, -0.463382, 7.653992), (-2.844038, -0.460393, 7.497673)
(-2.999609, -0.443405, 7.49776), (-2.844038, -0.460393, 7.497673), (-2.842205, -0.437091, 7.34147)
(-3.155126, -0.425862, 7.497854), (-3.156674, -0.445554, 7.654085), (-2.999609, -0.443405, 7.49776)
(-3.155126, -0.425862, 7.497854), (-2.999609, -0.443405, 7.49776), (-2.99781, -0.420428, 7.341555)
(-2.690046, -0.497135, 7.653821), (-2.534378, -0.512724, 7.653744), (-2.532719, -0.492018, 7.497517)
(-2.690046, -0.497135, 7.653821), (-2.691449, -0.514573, 7.810077), (-2.534378, -0.512724, 7.653744)
(-2.845644, -0.480586, 7.653903), (-2.690046, -0.497135, 7.653821), (-2.688411, -0.476673, 7.497592)
(-2.845644, -0.480586, 7.653903), (-2.847034, -0.497946, 7.810159), (-2.690046, -0.497135, 7.653821)
(-3.001188, -0.463382, 7.653992), (-2.845644, -0.480586, 7.653903), (-2.844038, -0.460393, 7.497673)
(-3.001188, -0.463382, 7.653992), (-3.002549, -0.480492, 7.810247), (-2.845644, -0.480586, 7.653903)
(-3.156674, -0.445554, 7.654085), (-3.001188, -0.463382, 7.653992), (-2.999609, -0.443405, 7.49776)
(-3.156674, -0.445554, 7.654085), (-3.158007, -0.462438, 7.810339), (-3.001188, -0.463382, 7.653992)
(-2.691449, -0.514573, 7.810077), (-2.692701, -0.530114, 7.966349), (-2.535809, -0.530439, 7.809998)
(-2.691449, -0.514573, 7.810077), (-2.535809, -0.530439, 7.809998), (-2.534378, -0.512724, 7.653744)
(-2.847034, -0.497946, 7.810159), (-2.848262, -0.513269, 7.966432), (-2.691449, -0.514573, 7.810077)
(-2.847034, -0.497946, 7.810159), (-2.691449, -0.514573, 7.810077), (-2.690046, -0.497135, 7.653821)
(-3.002549, -0.480492, 7.810247), (-3.003756, -0.495643, 7.966518), (-2.847034, -0.497946, 7.810159)
(-3.002549, -0.480492, 7.810247), (-2.847034, -0.497946, 7.810159), (-2.845644, -0.480586, 7.653903)
(-3.158007, -0.462438, 7.810339), (-3.159187, -0.477344, 7.966609), (-3.002549, -0.480492, 7.810247)
(-3.158007, -0.462438, 7.810339), (-3.002549, -0.480492, 7.810247), (-3.001188, -0.463382, 7.653992)
(-2.692701, -0.530114, 7.966349), (-2.537079, -0.546168, 7.96627), (-2.535809, -0.530439, 7.809998)
(-2.692701, -0.530114, 7.966349), (-2.693808, -0.543904, 8.122637), (-2.537079, -0.546168, 7.96627)
(-2.848262, -0.513269, 7.966432), (-2.692701, -0.530114, 7.966349), (-2.691449, -0.514573, 7.810077)
(-2.848262, -0.513269, 7.966432), (-2.849346, -0.526832, 8.122718), (-2.692701, -0.530114, 7.966349)
(-3.003756, -0.495643, 7.966518), (-2.848262, -0.513269, 7.966432), (-2.847034, -0.497946, 7.810159)
(-3.003756, -0.495643, 7.966518), (-3.004818, -0.50901, 8.122803), (-2.848262, -0.513269, 7.966432)
(-3.159187, -0.477344, 7.966609), (-3.003756, -0.495643, 7.966518), (-3.002549, -0.480492, 7.810247)
(-3.159187, -0.477344, 7.966609), (-3.160229, -0.490541, 8.12289), (-3.003756, -0.495643, 7.966518)
# -2.304088816686664, 0, 7.6455626833133365
(-2.063275, -0.506343, 7.341141), (-1.907327, -0.516969, 7.341086), (-1.904982, -0.486277, 7.184953)
(-2.063275, -0.506343, 7.341141), (-2.06529, -0.531996, 7.49732), (-1.907327, -0.516969, 7.341086)
(-2.219173, -0.494602, 7.341197), (-2.063275, -0.506343, 7.341141), (-2.060971, -0.476399, 7.184999)
(-2.219173, -0.494602, 7.341197), (-2.221148, -0.519622, 7.497382), (-2.063275, -0.506343, 7.341141)
(-2.375014, -0.481707, 7.341256), (-2.219173, -0.494602, 7.341197), (-2.216914, -0.465409, 7.185049)
(-2.375014, -0.481707, 7.341256), (-2.376955, -0.506232, 7.497448), (-2.219173, -0.494602, 7.341197)
(-2.530807, -0.467851, 7.341322), (-2.375014, -0.481707, 7.341256), (-2.372791, -0.453039, 7.185102)
(-2.530807, -0.467851, 7.341322), (-2.532719, -0.492018, 7.497517), (-2.375014, -0.481707, 7.341256)
(-2.06529, -0.531996, 7.49732), (-2.067041, -0.553992, 7.653535), (-1.909376, -0.543259, 7.497261)
(-2.06529, -0.531996, 7.49732), (-1.909376, -0.543259, 7.497261), (-1.907327, -0.516969, 7.341086)
(-2.221148, -0.519622, 7.497382), (-2.06529, -0.531996, 7.49732), (-2.063275, -0.506343, 7.341141)
(-2.221148, -0.519622, 7.497382), (-2.222867, -0.541105, 7.653602), (-2.06529, -0.531996, 7.49732)
(-2.376955, -0.506232, 7.497448), (-2.378649, -0.527363, 7.653671), (-2.221148, -0.519622, 7.497382)
(-2.376955, -0.506232, 7.497448), (-2.221148, -0.519622, 7.497382), (-2.219173, -0.494602, 7.341197)
(-2.532719, -0.492018, 7.497517), (-2.376955, -0.506232, 7.497448), (-2.375014, -0.481707, 7.341256)
(-2.532719, -0.492018, 7.497517), (-2.534378, -0.512724, 7.653744), (-2.376955, -0.506232, 7.497448)
(-2.067041, -0.553992, 7.653535), (-1.911152, -0.565751, 7.653474), (-1.909376, -0.543259, 7.497261)
(-2.067041, -0.553992, 7.653535), (-2.068537, -0.572682, 7.809784), (-1.911152, -0.565751, 7.653474)
(-2.222867, -0.541105, 7.653602), (-2.067041, -0.553992, 7.653535), (-2.06529, -0.531996, 7.49732)
(-2.222867, -0.541105, 7.653602), (-2.224353, -0.559551, 7.809851), (-2.067041, -0.553992, 7.653535)
(-2.378649, -0.527363, 7.653671), (-2.222867, -0.541105, 7.653602), (-2.221148, -0.519622, 7.497382)
(-2.378649, -0.527363, 7.653671), (-2.38011, -0.545444, 7.809923), (-2.222867, -0.541105, 7.653602)
(-2.534378, -0.512724, 7.653744), (-2.378649, -0.527363, 7.653671), (-2.376955, -0.506232, 7.497448)
(-2.534378, -0.512724, 7.653744), (-2.535809, -0.530439, 7.809998), (-2.378649, -0.527363, 7.653671)
(-2.068537, -0.572682, 7.809784), (-2.069863, -0.589342, 7.966056), (-1.912674, -0.584969, 7.809721)
(-2.068537, -0.572682, 7.809784), (-1.912674, -0.584969, 7.809721), (-1.911152, -0.565751, 7.653474)
(-2.224353, -0.559551, 7.809851), (-2.22566, -0.575831, 7.966123), (-2.068537, -0.572682, 7.809784)
(-2.224353, -0.559551, 7.809851), (-2.068537, -0.572682, 7.809784), (-2.067041, -0.553992, 7.653535)
(-2.38011, -0.545444, 7.809923), (-2.381401, -0.561459, 7.966195), (-2.224353, -0.559551, 7.809851)
(-2.38011, -0.545444, 7.809923), (-2.224353, -0.559551, 7.809851), (-2.222867, -0.541105, 7.653602)
(-2.535809, -0.530439, 7.809998), (-2.537079, -0.546168, 7.96627), (-2.38011, -0.545444, 7.809923)
(-2.535809, -0.530439, 7.809998), (-2.38011, -0.545444, 7.809923), (-2.378649, -0.527363, 7.653671)
(-2.069863, -0.589342, 7.966056), (-1.914012, -0.60201, 7.965992), (-1.912674, -0.584969, 7.809721)
(-2.069863, -0.589342, 7.966056), (-2.071023, -0.604107, 8.122348), (-1.914012, -0.60201, 7.965992)
(-2.22566, -0.575831, 7.966123), (-2.069863, -0.589342, 7.966056), (-2.068537, -0.572682, 7.809784)
(-2.22566, -0.575831, 7.966123), (-2.226805, -0.59023, 8.122415), (-2.069863, -0.589342, 7.966056)
(-2.381401, -0.561459, 7.966195), (-2.22566, -0.575831, 7.966123), (-2.224353, -0.559551, 7.809851)
(-2.381401, -0.561459, 7.966195), (-2.38253, -0.575563, 8.122485), (-2.22566, -0.575831, 7.966123)
(-2.537079, -0.546168, 7.96627), (-2.381401, -0.561459, 7.966195), (-2.38011, -0.545444, 7.809923)
(-2.537079, -0.546168, 7.96627), (-2.538203, -0.56017, 8.122559), (-2.381401, -0.561459, 7.966195)
# -1.6363185833533305, 0, 7.6455626833133365
(-1.439177, -0.54196, 7.340941), (-1.283013, -0.547843, 7.340902), (-1.280495, -0.513238, 7.184789)
(-1.439177, -0.54196, 7.340941), (-1.441327, -0.570605, 7.497105), (-1.283013, -0.547843, 7.340902)
(-1.595287, -0.53493, 7.340985), (-1.439177, -0.54196, 7.340941), (-1.436694, -0.508329, 7.184825)
(-1.595287, -0.53493, 7.340985), (-1.597386, -0.562427, 7.497154), (-1.439177, -0.54196, 7.340941)
(-1.751339, -0.526635, 7.341034), (-1.595287, -0.53493, 7.340985), (-1.59285, -0.502342, 7.184864)
(-1.751339, -0.526635, 7.341034), (-1.7534, -0.553269, 7.497206), (-1.595287, -0.53493, 7.340985)
(-1.907327, -0.516969, 7.341086), (-1.751339, -0.526635, 7.341034), (-1.748943, -0.494944, 7.184908)
(-1.907327, -0.516969, 7.341086), (-1.909376, -0.543259, 7.497261), (-1.751339, -0.526635, 7.341034)
(-1.441327, -0.570605, 7.497105), (-1.443181, -0.595209, 7.65331), (-1.285201, -0.577546, 7.497062)
(-1.441327, -0.570605, 7.497105), (-1.285201, -0.577546, 7.497062), (-1.283013, -0.547843, 7.340902)
(-1.597386, -0.562427, 7.497154), (-1.441327, -0.570605, 7.497105), (-1.439177, -0.54196, 7.340941)
(-1.597386, -0.562427, 7.497154), (-1.599214, -0.586227, 7.653361), (-1.441327, -0.570605, 7.497105)
(-1.7534, -0.553269, 7.497206), (-1.755205, -0.57642, 7.653415), (-1.597386, -0.562427, 7.497154)
(-1.7534, -0.553269, 7.497206), (-1.597386, -0.562427, 7.497154), (-1.595287, -0.53493, 7.340985)
(-1.909376, -0.543259, 7.497261), (-1.911152, -0.565751, 7.653474), (-1.7534, -0.553269, 7.497206)
(-1.909376, -0.543259, 7.497261), (-1.7534, -0.553269, 7.497206), (-1.751339, -0.526635, 7.341034)
(-1.443181, -0.595209, 7.65331), (-1.287075, -0.602963, 7.653266), (-1.285201, -0.577546, 7.497062)
(-1.443181, -0.595209, 7.65331), (-1.444741, -0.616107, 7.809557), (-1.287075, -0.602963, 7.653266)
(-1.599214, -0.586227, 7.653361), (-1.443181, -0.595209, 7.65331), (-1.441327, -0.570605, 7.497105)
(-1.599214, -0.586227, 7.653361), (-1.600776, -0.606643, 7.809605), (-1.443181, -0.595209, 7.65331)
(-1.755205, -0.57642, 7.653415), (-1.599214, -0.586227, 7.653361), (-1.597386, -0.562427, 7.497154)
(-1.755205, -0.57642, 7.653415), (-1.756745, -0.596173, 7.80966), (-1.599214, -0.586227, 7.653361)
(-1.911152, -0.565751, 7.653474), (-1.755205, -0.57642, 7.653415), (-1.7534, -0.553269, 7.497206)
(-1.911152, -0.565751, 7.653474), (-1.912674, -0.584969, 7.809721), (-1.755205, -0.57642, 7.653415)
(-1.444741, -0.616107, 7.809557), (-1.44611, -0.634824, 7.965832), (-1.28865, -0.624693, 7.809513)
(-1.444741, -0.616107, 7.809557), (-1.28865, -0.624693, 7.809513), (-1.287075, -0.602963, 7.653266)
(-1.600776, -0.606643, 7.809605), (-1.602136, -0.624718, 7.965878), (-1.444741, -0.616107, 7.809557)
(-1.600776, -0.606643, 7.809605), (-1.444741, -0.616107, 7.809557), (-1.443181, -0.595209, 7.65331)
(-1.756745, -0.596173, 7.80966), (-1.758099, -0.613743, 7.965933), (-1.600776, -0.606643, 7.809605)
(-1.756745, -0.596173, 7.80966), (-1.600776, -0.606643, 7.809605), (-1.599214, -0.586227, 7.653361)
(-1.912674, -0.584969, 7.809721), (-1.914012, -0.60201, 7.965992), (-1.756745, -0.596173, 7.80966)
(-1.912674, -0.584969, 7.809721), (-1.756745, -0.596173, 7.80966), (-1.755205, -0.57642, 7.653415)
(-1.44611, -0.634824, 7.965832), (-1.290018, -0.644082, 7.96579), (-1.28865, -0.624693, 7.809513)
(-1.44611, -0.634824, 7.965832), (-1.44729, -0.651486, 8.122133), (-1.290018, -0.644082, 7.96579)
(-1.602136, -0.624718, 7.965878), (-1.44611, -0.634824, 7.965832), (-1.444741, -0.616107, 7.809557)
(-1.602136, -0.624718, 7.965878), (-1.603313, -0.640765, 8.122178), (-1.44611, -0.634824, 7.965832)
(-1.758099, -0.613743, 7.965933), (-1.602136, -0.624718, 7.965878), (-1.600776, -0.606643, 7.809605)
(-1.758099, -0.613743, 7.965933), (-1.759272, -0.629287, 8.12223), (-1.602136, -0.624718, 7.965878)
(-1.914012, -0.60201, 7.965992), (-1.758099, -0.613743, 7.965933), (-1.756745, -0.596173, 7.80966)
(-1.914012, -0.60201, 7.965992), (-1.915182, -0.617155, 8.122286), (-1.758099, -0.613743, 7.965933)
# -0.968548350019997, 0, 7.6455626833133365
(-0.814069, -0.55695, 7.340837), (-0.657577, -0.556957, 7.34084), (-0.654907, -0.516854, 7.184741)
(-0.814069, -0.55695, 7.340837), (-0.816354, -0.590407, 7.49699), (-0.657577, -0.556957, 7.34084)
(-0.657577, -0.556957, 7.34084), (-0.500998, -0.555623, 7.340853), (-0.498283, -0.513588, 7.184761)
(-0.657577, -0.556957, 7.34084), (-0.659888, -0.591953, 7.496987), (-0.500998, -0.555623, 7.340853)
(-0.970466, -0.555397, 7.340848), (-0.814069, -0.55695, 7.340837), (-0.811433, -0.518412, 7.184735)
(-0.970466, -0.555397, 7.340848), (-0.972714, -0.587369, 7.497005), (-0.814069, -0.55695, 7.340837)
(-1.126773, -0.552263, 7.340871), (-0.970466, -0.555397, 7.340848), (-0.967874, -0.518381, 7.184741)
(-1.126773, -0.552263, 7.340871), (-1.128988, -0.582985, 7.497029), (-0.970466, -0.555397, 7.340848)
(-1.283013, -0.547843, 7.340902), (-1.126773, -0.552263, 7.340871), (-1.124213, -0.516426, 7.184762)
(-1.283013, -0.547843, 7.340902), (-1.285201, -0.577546, 7.497062), (-1.126773, -0.552263, 7.340871)
(-0.659888, -0.591953, 7.496987), (-0.661838, -0.622313, 7.653184), (-0.503295, -0.591841, 7.497)
(-0.659888, -0.591953, 7.496987), (-0.503295, -0.591841, 7.497), (-0.500998, -0.555623, 7.340853)
(-0.816354, -0.590407, 7.49699), (-0.818295, -0.619378, 7.653189), (-0.659888, -0.591953, 7.496987)
(-0.816354, -0.590407, 7.49699), (-0.659888, -0.591953, 7.496987), (-0.657577, -0.556957, 7.34084)
(-0.972714, -0.587369, 7.497005), (-0.816354, -0.590407, 7.49699), (-0.814069, -0.55695, 7.340837)
(-0.972714, -0.587369, 7.497005), (-0.974633, -0.614988, 7.653207), (-0.816354, -0.590407, 7.49699)
(-1.128988, -0.582985, 7.497029), (-1.130892, -0.609528, 7.653232), (-0.972714, -0.587369, 7.497005)
(-1.128988, -0.582985, 7.497029), (-0.972714, -0.587369, 7.497005), (-0.970466, -0.555397, 7.340848)
(-1.285201, -0.577546, 7.497062), (-1.128988, -0.582985, 7.497029), (-1.126773, -0.552263, 7.340871)
(-1.285201, -0.577546, 7.497062), (-1.287075, -0.602963, 7.653266), (-1.128988, -0.582985, 7.497029)
(-0.661838, -0.622313, 7.653184), (-0.505257, -0.623841, 7.653191), (-0.503295, -0.591841, 7.497)
(-0.661838, -0.622313, 7.653184), (-0.663435, -0.648541, 7.80943), (-0.505257, -0.623841, 7.653191)
(-0.818295, -0.619378, 7.653189), (-0.661838, -0.622313, 7.653184), (-0.659888, -0.591953, 7.496987)
(-0.818295, -0.619378, 7.653189), (-0.819885, -0.644195, 7.809438), (-0.661838, -0.622313, 7.653184)
(-0.974633, -0.614988, 7.653207), (-0.818295, -0.619378, 7.653189), (-0.816354, -0.590407, 7.49699)
(-0.974633, -0.614988, 7.653207), (-0.976237, -0.638822, 7.809453), (-0.818295, -0.619378, 7.653189)
(-1.130892, -0.609528, 7.653232), (-0.974633, -0.614988, 7.653207), (-0.972714, -0.587369, 7.497005)
(-1.130892, -0.609528, 7.653232), (-1.132486, -0.632281, 7.809478), (-0.974633, -0.614988, 7.653207)
(-1.287075, -0.602963, 7.653266), (-1.130892, -0.609528, 7.653232), (-1.128988, -0.582985, 7.497029)
(-1.287075, -0.602963, 7.653266), (-1.28865, -0.624693, 7.809513), (-1.130892, -0.609528, 7.653232)
(-0.663435, -0.648541, 7.80943), (-0.664781, -0.672002, 7.965711), (-0.506849, -0.651567, 7.809433)
(-0.663435, -0.648541, 7.80943), (-0.506849, -0.651567, 7.809433), (-0.505257, -0.623841, 7.653191)
(-0.819885, -0.644195, 7.809438), (-0.821247, -0.666473, 7.965718), (-0.663435, -0.648541, 7.80943)
(-0.819885, -0.644195, 7.809438), (-0.663435, -0.648541, 7.80943), (-0.661838, -0.622313, 7.653184)
(-0.976237, -0.638822, 7.809453), (-0.977602, -0.659987, 7.965733), (-0.819885, -0.644195, 7.809438)
(-0.976237, -0.638822, 7.809453), (-0.819885, -0.644195, 7.809438), (-0.818295, -0.619378, 7.653189)
(-1.132486, -0.632281, 7.809478), (-1.133858, -0.652542, 7.965757), (-0.976237, -0.638822, 7.809453)
(-1.132486, -0.632281, 7.809478), (-0.976237, -0.638822, 7.809453), (-0.974633, -0.614988, 7.653207)
(-1.28865, -0.624693, 7.809513), (-1.290018, -0.644082, 7.96579), (-1.132486, -0.632281, 7.809478)
(-1.28865, -0.624693, 7.809513), (-1.132486, -0.632281, 7.809478), (-1.130892, -0.609528, 7.653232)
(-0.664781, -0.672002, 7.965711), (-0.508185, -0.676453, 7.965711), (-0.506849, -0.651567, 7.809433)
(-0.664781, -0.672002, 7.965711), (-0.665894, -0.692982, 8.122026), (-0.508185, -0.676453, 7.965711)
(-0.821247, -0.666473, 7.965718), (-0.664781, -0.672002, 7.965711), (-0.663435, -0.648541, 7.80943)
(-0.821247, -0.666473, 7.965718), (-0.822379, -0.686329, 8.122033), (-0.664781, -0.672002, 7.965711)
(-0.977602, -0.659987, 7.965733), (-0.821247, -0.666473, 7.965718), (-0.819885, -0.644195, 7.809438)
(-0.977602, -0.659987, 7.965733), (-0.978746, -0.678807, 8.122046), (-0.821247, -0.666473, 7.965718)
(-1.133858, -0.652542, 7.965757), (-0.977602, -0.659987, 7.965733), (-0.976237, -0.638822, 7.809453)
(-1.133858, -0.652542, 7.965757), (-1.135012, -0.670474, 8.122066), (-0.977602, -0.659987, 7.965733)
(-1.290018, -0.644082, 7.96579), (-1.133858, -0.652542, 7.965757), (-1.132486, -0.632281, 7.809478)
(-1.290018, -0.644082, 7.96579), (-1.291195, -0.661411, 8.122095), (-1.133858, -0.652542, 7.965757)
# -0.3007781166866636, 0, 7.6455626833133365
(-0.500998, -0.555623, 7.340853), (-0.34429, -0.552469, 7.340877), (-0.34155, -0.508605, 7.184794)
(-0.500998, -0.555623, 7.340853), (-0.503295, -0.591841, 7.497), (-0.34429, -0.552469, 7.340877)
(-0.34429, -0.552469, 7.340877), (-0.187461, -0.547776, 7.340914), (-0.184701, -0.501946, 7.184841)
(-0.34429, -0.552469, 7.340877), (-0.34661, -0.590615, 7.497017), (-0.187461, -0.547776, 7.340914)
(-0.187461, -0.547776, 7.340914), (-0.030535, -0.541935, 7.340955), (-0.027777, -0.494298, 7.184894)
(-0.187461, -0.547776, 7.340914), (-0.189818, -0.588192, 7.497039), (-0.030535, -0.541935, 7.340955)
(-0.030535, -0.541935, 7.340955), (0.126484, -0.535135, 7.340993), (0.129228, -0.48568, 7.184949)
(-0.030535, -0.541935, 7.340955), (-0.032899, -0.584426, 7.497066), (0.126484, -0.535135, 7.340993)
(-0.503295, -0.591841, 7.497), (-0.505257, -0.623841, 7.653191), (-0.34661, -0.590615, 7.497017)
(-0.503295, -0.591841, 7.497), (-0.34661, -0.590615, 7.497017), (-0.34429, -0.552469, 7.340877)
(-0.34661, -0.590615, 7.497017), (-0.189818, -0.588192, 7.497039), (-0.187461, -0.547776, 7.340914)
(-0.34661, -0.590615, 7.497017), (-0.348571, -0.624302, 7.653203), (-0.189818, -0.588192, 7.497039)
(-0.189818, -0.588192, 7.497039), (-0.19178, -0.623761, 7.653216), (-0.032899, -0.584426, 7.497066)
(-0.189818, -0.588192, 7.497039), (-0.032899, -0.584426, 7.497066), (-0.030535, -0.541935, 7.340955)
(-0.032899, -0.584426, 7.497066), (0.124157, -0.579306, 7.497091), (0.126484, -0.535135, 7.340993)
(-0.032899, -0.584426, 7.497066), (-0.034843, -0.621846, 7.65323), (0.124157, -0.579306, 7.497091)
(-0.505257, -0.623841, 7.653191), (-0.348571, -0.624302, 7.653203), (-0.34661, -0.590615, 7.497017)
(-0.505257, -0.623841, 7.653191), (-0.506849, -0.651567, 7.809433), (-0.348571, -0.624302, 7.653203)
(-0.348571, -0.624302, 7.653203), (-0.19178, -0.623761, 7.653216), (-0.189818, -0.588192, 7.497039)
(-0.348571, -0.624302, 7.653203), (-0.35016, -0.653706, 7.809438), (-0.19178, -0.623761, 7.653216)
(-0.19178, -0.623761, 7.653216), (-0.034843, -0.621846, 7.65323), (-0.032899, -0.584426, 7.497066)
(-0.19178, -0.623761, 7.653216), (-0.193331, -0.654666, 7.809443), (-0.034843, -0.621846, 7.65323)
(-0.034843, -0.621846, 7.65323), (0.12223, -0.618731, 7.653239), (0.124157, -0.579306, 7.497091)
(-0.034843, -0.621846, 7.65323), (-0.036376, -0.654628, 7.809443), (0.12223, -0.618731, 7.653239)
(-0.506849, -0.651567, 7.809433), (-0.508185, -0.676453, 7.965711), (-0.35016, -0.653706, 7.809438)
(-0.506849, -0.651567, 7.809433), (-0.35016, -0.653706, 7.809438), (-0.348571, -0.624302, 7.653203)
(-0.35016, -0.653706, 7.809438), (-0.35147, -0.680031, 7.965711), (-0.193331, -0.654666, 7.809443)
(-0.35016, -0.653706, 7.809438), (-0.193331, -0.654666, 7.809443), (-0.19178, -0.623761, 7.653216)
(-0.193331, -0.654666, 7.809443), (-0.194617, -0.682608, 7.965708), (-0.036376, -0.654628, 7.809443)
(-0.193331, -0.654666, 7.809443), (-0.036376, -0.654628, 7.809443), (-0.034843, -0.621846, 7.65323)
(-0.036376, -0.654628, 7.809443), (-0.037623, -0.684207, 7.965699), (0.120722, -0.653469, 7.809436)
(-0.036376, -0.654628, 7.809443), (0.120722, -0.653469, 7.809436), (0.12223, -0.618731, 7.653239)
(-0.037623, -0.684207, 7.965699), (0.119509, -0.684871, 7.965677), (0.120722, -0.653469, 7.809436)
(-0.037623, -0.684207, 7.965699), (-0.038609, -0.710843, 8.121997), (0.119509, -0.684871, 7.965677)
(-0.194617, -0.682608, 7.965708), (-0.037623, -0.684207, 7.965699), (-0.036376, -0.654628, 7.809443)
(-0.194617, -0.682608, 7.965708), (-0.195641, -0.707668, 8.122014), (-0.037623, -0.684207, 7.965699)
(-0.508185, -0.676453, 7.965711), (-0.35147, -0.680031, 7.965711), (-0.35016, -0.653706, 7.809438)
(-0.508185, -0.676453, 7.965711), (-0.509269, -0.698641, 8.122025), (-0.35147, -0.680031, 7.965711)
(-0.35147, -0.680031, 7.965711), (-0.194617, -0.682608, 7.965708), (-0.193331, -0.654666, 7.809443)
(-0.35147, -0.680031, 7.965711), (-0.352525, -0.703582, 8.122023), (-0.194617, -0.682608, 7.965708)
