# -19.66611488335333, 0, -11.719774083353332
(-19.967043, -0.395291, -12.026834), (-19.806107, -0.445279, -12.026482), (-19.807713, -0.446016, -12.182218)
(-19.967043, -0.395291, -12.026834), (-19.965639, -0.395523, -11.870961), (-19.806107, -0.445279, -12.026482)
(-19.806107, -0.445279, -12.026482), (-19.646482, -0.479178, -12.026304), (-19.648201, -0.481283, -12.181979)
(-19.806107, -0.445279, -12.026482), (-19.804564, -0.444554, -11.870663), (-19.646482, -0.479178, -12.026304)
(-19.646482, -0.479178, -12.026304), (-19.487131, -0.495588, -12.026081), (-19.489473, -0.49808, -12.181827)
(-19.646482, -0.479178, -12.026304), (-19.644791, -0.477377, -11.87052), (-19.487131, -0.495588, -12.026081)
(-19.487131, -0.495588, -12.026081), (-19.326374, -0.495588, -12.025263), (-19.329306, -0.49858, -12.18109)
(-19.487131, -0.495588, -12.026081), (-19.485119, -0.493021, -11.870285), (-19.326374, -0.495588, -12.025263)
(-19.965639, -0.395523, -11.870961), (-19.804564, -0.444554, -11.870663), (-19.806107, -0.445279, -12.026482)
(-19.965639, -0.395523, -11.870961), (-19.964354, -0.395334, -11.714988), (-19.804564, -0.444554, -11.870663)
(-19.804564, -0.444554, -11.870663), (-19.803131, -0.443683, -11.714717), (-19.644791, -0.477377, -11.87052)
(-19.804564, -0.444554, -11.870663), (-19.644791, -0.477377, -11.87052), (-19.646482, -0.479178, -12.026304)
(-19.644791, -0.477377, -11.87052), (-19.485119, -0.493021, -11.870285), (-19.487131, -0.495588, -12.026081)
(-19.644791, -0.477377, -11.87052), (-19.643251, -0.475634, -11.714597), (-19.485119, -0.493021, -11.870285)
(-19.485119, -0.493021, -11.870285), (-19.483526, -0.490328, -11.714386), (-19.324263, -0.491977, -11.869497)
(-19.485119, -0.493021, -11.870285), (-19.324263, -0.491977, -11.869497), (-19.326374, -0.495588, -12.025263)
(-19.964354, -0.395334, -11.714988), (-19.803131, -0.443683, -11.714717), (-19.804564, -0.444554, -11.870663)
(-19.964354, -0.395334, -11.714988), (-19.963161, -0.394812, -11.558866), (-19.803131, -0.443683, -11.714717)
(-19.803131, -0.443683, -11.714717), (-19.643251, -0.475634, -11.714597), (-19.644791, -0.477377, -11.87052)
(-19.803131, -0.443683, -11.714717), (-19.801819, -0.442542, -11.5586), (-19.643251, -0.475634, -11.714597)
(-19.643251, -0.475634, -11.714597), (-19.483526, -0.490328, -11.714386), (-19.485119, -0.493021, -11.870285)
(-19.643251, -0.475634, -11.714597), (-19.641932, -0.47381, -11.558503), (-19.483526, -0.490328, -11.714386)
(-19.483526, -0.490328, -11.714386), (-19.323114, -0.48743, -11.713771), (-19.324263, -0.491977, -11.869497)
(-19.483526, -0.490328, -11.714386), (-19.482428, -0.487181, -11.558348), (-19.323114, -0.48743, -11.713771)
(-19.963161, -0.394812, -11.558866), (-19.962072, -0.394394, -11.402596), (-19.801819, -0.442542, -11.5586)
(-19.963161, -0.394812, -11.558866), (-19.801819, -0.442542, -11.5586), (-19.803131, -0.443683, -11.714717)
(-19.801819, -0.442542, -11.5586), (-19.800589, -0.442258, -11.402311), (-19.641932, -0.47381, -11.558503)
(-19.801819, -0.442542, -11.5586), (-19.641932, -0.47381, -11.558503), (-19.643251, -0.475634, -11.714597)
(-19.641932, -0.47381, -11.558503), (-19.640678, -0.473072, -11.402216), (-19.482428, -0.487181, -11.558348)
(-19.641932, -0.47381, -11.558503), (-19.482428, -0.487181, -11.558348), (-19.483526, -0.490328, -11.714386)
(-19.482428, -0.487181, -11.558348), (-19.481695, -0.484942, -11.402168), (-19.32283, -0.482017, -11.557983)
(-19.482428, -0.487181, -11.558348), (-19.32283, -0.482017, -11.557983), (-19.323114, -0.48743, -11.713771)
(-19.962072, -0.394394, -11.402596), (-19.800589, -0.442258, -11.402311), (-19.801819, -0.442542, -11.5586)
(-19.962072, -0.394394, -11.402596), (-19.961113, -0.393814, -11.246208), (-19.800589, -0.442258, -11.402311)
(-19.800589, -0.442258, -11.402311), (-19.640678, -0.473072, -11.402216), (-19.641932, -0.47381, -11.558503)
(-19.800589, -0.442258, -11.402311), (-19.799555, -0.441366, -11.245894), (-19.640678, -0.473072, -11.402216)
(-19.640678, -0.473072, -11.402216), (-19.481695, -0.484942, -11.402168), (-19.482428, -0.487181, -11.558348)
(-19.640678, -0.473072, -11.402216), (-19.639595, -0.471949, -11.24578), (-19.481695, -0.484942, -11.402168)
(-19.481695, -0.484942, -11.402168), (-19.322968, -0.47751, -11.40202), (-19.32283, -0.482017, -11.557983)
(-19.481695, -0.484942, -11.402168), (-19.481215, -0.482651, -11.245842), (-19.322968, -0.47751, -11.40202)
# -18.99834465002, 0, -11.719774083353332
(-19.326374, -0.495588, -12.025263), (-19.16304, -0.480817, -12.02321), (-19.165911, -0.48531, -12.178932)
(-19.326374, -0.495588, -12.025263), (-19.324263, -0.491977, -11.869497), (-19.16304, -0.480817, -12.02321)
(-19.16304, -0.480817, -12.02321), (-18.996185, -0.454141, -12.01948), (-18.997417, -0.463333, -12.174599)
(-19.16304, -0.480817, -12.02321), (-19.161461, -0.474971, -11.867761), (-18.996185, -0.454141, -12.01948)
(-18.996185, -0.454141, -12.01948), (-18.825314, -0.418457, -12.013783), (-18.824387, -0.433021, -12.168097)
(-18.996185, -0.454141, -12.01948), (-18.996199, -0.444292, -11.864673), (-18.825314, -0.418457, -12.013783)
(-18.825314, -0.418457, -12.013783), (-18.65251, -0.373049, -12.00677), (-18.647911, -0.396235, -12.159801)
(-18.825314, -0.418457, -12.013783), (-18.828257, -0.402231, -11.860066), (-18.65251, -0.373049, -12.00677)
(-19.324263, -0.491977, -11.869497), (-19.161461, -0.474971, -11.867761), (-19.16304, -0.480817, -12.02321)
(-19.324263, -0.491977, -11.869497), (-19.323114, -0.48743, -11.713771), (-19.161461, -0.474971, -11.867761)
(-19.161461, -0.474971, -11.867761), (-19.16131, -0.467774, -11.712446), (-18.996199, -0.444292, -11.864673)
(-19.161461, -0.474971, -11.867761), (-18.996199, -0.444292, -11.864673), (-18.996185, -0.454141, -12.01948)
(-18.996199, -0.444292, -11.864673), (-18.828257, -0.402231, -11.860066), (-18.825314, -0.418457, -12.013783)
(-18.996199, -0.444292, -11.864673), (-18.997553, -0.433281, -11.709994), (-18.828257, -0.402231, -11.860066)
(-18.828257, -0.402231, -11.860066), (-18.832508, -0.385032, -11.70658), (-18.658844, -0.349498, -11.854406)
(-18.828257, -0.402231, -11.860066), (-18.658844, -0.349498, -11.854406), (-18.65251, -0.373049, -12.00677)
(-19.323114, -0.48743, -11.713771), (-19.16131, -0.467774, -11.712446), (-19.161461, -0.474971, -11.867761)
(-19.323114, -0.48743, -11.713771), (-19.32283, -0.482017, -11.557983), (-19.16131, -0.467774, -11.712446)
(-19.16131, -0.467774, -11.712446), (-18.997553, -0.433281, -11.709994), (-18.996199, -0.444292, -11.864673)
(-19.16131, -0.467774, -11.712446), (-19.162182, -0.459573, -11.557018), (-18.997553, -0.433281, -11.709994)
(-18.997553, -0.433281, -11.709994), (-18.832508, -0.385032, -11.70658), (-18.828257, -0.402231, -11.860066)
(-18.997553, -0.433281, -11.709994), (-19.000563, -0.420588, -11.555396), (-18.832508, -0.385032, -11.70658)
(-18.832508, -0.385032, -11.70658), (-18.666838, -0.324483, -11.702295), (-18.658844, -0.349498, -11.854406)
(-18.832508, -0.385032, -11.70658), (-18.837875, -0.366789, -11.552906), (-18.666838, -0.324483, -11.702295)
(-18.666838, -0.324483, -11.702295), (-18.501099, -0.256521, -11.697369), (-18.490551, -0.285495, -11.848517)
(-18.666838, -0.324483, -11.702295), (-18.675234, -0.300103, -11.549929), (-18.501099, -0.256521, -11.697369)
(-19.32283, -0.482017, -11.557983), (-19.322968, -0.47751, -11.40202), (-19.162182, -0.459573, -11.557018)
(-19.32283, -0.482017, -11.557983), (-19.162182, -0.459573, -11.557018), (-19.16131, -0.467774, -11.712446)
(-19.162182, -0.459573, -11.557018), (-19.163921, -0.451797, -11.401518), (-19.000563, -0.420588, -11.555396)
(-19.162182, -0.459573, -11.557018), (-19.000563, -0.420588, -11.555396), (-18.997553, -0.433281, -11.709994)
(-19.000563, -0.420588, -11.555396), (-19.004328, -0.408375, -11.400547), (-18.837875, -0.366789, -11.552906)
(-19.000563, -0.420588, -11.555396), (-18.837875, -0.366789, -11.552906), (-18.832508, -0.385032, -11.70658)
(-18.837875, -0.366789, -11.552906), (-18.844501, -0.348734, -11.399111), (-18.675234, -0.300103, -11.549929)
(-18.837875, -0.366789, -11.552906), (-18.675234, -0.300103, -11.549929), (-18.666838, -0.324483, -11.702295)
(-18.675234, -0.300103, -11.549929), (-18.682949, -0.280242, -11.39667), (-18.510195, -0.232205, -11.545341)
(-18.675234, -0.300103, -11.549929), (-18.510195, -0.232205, -11.545341), (-18.501099, -0.256521, -11.697369)
(-19.322968, -0.47751, -11.40202), (-19.163921, -0.451797, -11.401518), (-19.162182, -0.459573, -11.557018)
(-19.322968, -0.47751, -11.40202), (-19.323313, -0.473433, -11.245855), (-19.163921, -0.451797, -11.401518)
(-19.163921, -0.451797, -11.401518), (-19.004328, -0.408375, -11.400547), (-19.000563, -0.420588, -11.555396)
(-19.163921, -0.451797, -11.401518), (-19.165976, -0.443437, -11.245808), (-19.004328, -0.408375, -11.400547)
(-19.004328, -0.408375, -11.400547), (-18.844501, -0.348734, -11.399111), (-18.837875, -0.366789, -11.552906)
(-19.004328, -0.408375, -11.400547), (-19.008442, -0.39585, -11.245415), (-18.844501, -0.348734, -11.399111)
(-18.844501, -0.348734, -11.399111), (-18.682949, -0.280242, -11.39667), (-18.675234, -0.300103, -11.549929)
(-18.844501, -0.348734, -11.399111), (-18.850477, -0.333104, -11.244636), (-18.682949, -0.280242, -11.39667)
(-18.682949, -0.280242, -11.39667), (-18.516678, -0.216481, -11.391831), (-18.510195, -0.232205, -11.545341)
(-18.682949, -0.280242, -11.39667), (-18.688894, -0.26537, -11.242558), (-18.516678, -0.216481, -11.391831)
# -18.330574416686666, 0, -11.719774083353332
(-18.65251, -0.373049, -12.00677), (-18.480354, -0.317972, -11.999388), (-18.47179, -0.349759, -12.151058)
(-18.65251, -0.373049, -12.00677), (-18.658844, -0.349498, -11.854406), (-18.480354, -0.317972, -11.999388)
(-18.480354, -0.317972, -11.999388), (-18.311861, -0.253482, -11.992637), (-18.30015, -0.291527, -12.143295)
(-18.480354, -0.317972, -11.999388), (-18.490551, -0.285495, -11.848517), (-18.311861, -0.253482, -11.992637)
(-18.311861, -0.253482, -11.992637), (-18.144304, -0.197131, -11.984773), (-18.133484, -0.230314, -12.136225)
(-18.311861, -0.253482, -11.992637), (-18.32308, -0.221065, -11.841846), (-18.144304, -0.197131, -11.984773)
(-18.144304, -0.197131, -11.984773), (-17.977777, -0.155489, -11.976112), (-17.969883, -0.179597, -12.129152)
(-18.144304, -0.197131, -11.984773), (-18.153646, -0.171626, -11.832825), (-17.977777, -0.155489, -11.976112)
(-18.658844, -0.349498, -11.854406), (-18.490551, -0.285495, -11.848517), (-18.480354, -0.317972, -11.999388)
(-18.658844, -0.349498, -11.854406), (-18.666838, -0.324483, -11.702295), (-18.490551, -0.285495, -11.848517)
(-18.490551, -0.285495, -11.848517), (-18.501099, -0.256521, -11.697369), (-18.32308, -0.221065, -11.841846)
(-18.490551, -0.285495, -11.848517), (-18.32308, -0.221065, -11.841846), (-18.311861, -0.253482, -11.992637)
(-18.32308, -0.221065, -11.841846), (-18.153646, -0.171626, -11.832825), (-18.144304, -0.197131, -11.984773)
(-18.32308, -0.221065, -11.841846), (-18.332893, -0.195425, -11.690307), (-18.153646, -0.171626, -11.832825)
(-18.153646, -0.171626, -11.832825), (-18.160244, -0.154741, -11.679841), (-17.983765, -0.139096, -11.822517)
(-18.153646, -0.171626, -11.832825), (-17.983765, -0.139096, -11.822517), (-17.977777, -0.155489, -11.976112)
(-18.501099, -0.256521, -11.697369), (-18.332893, -0.195425, -11.690307), (-18.32308, -0.221065, -11.841846)
(-18.501099, -0.256521, -11.697369), (-18.510195, -0.232205, -11.545341), (-18.332893, -0.195425, -11.690307)
(-18.332893, -0.195425, -11.690307), (-18.160244, -0.154741, -11.679841), (-18.153646, -0.171626, -11.832825)
(-18.332893, -0.195425, -11.690307), (-18.33968, -0.178356, -11.537128), (-18.160244, -0.154741, -11.679841)
(-18.160244, -0.154741, -11.679841), (-17.986305, -0.131996, -11.667736), (-17.983765, -0.139096, -11.822517)
(-18.160244, -0.154741, -11.679841), (-18.163441, -0.146, -11.525137), (-17.986305, -0.131996, -11.667736)
(-18.510195, -0.232205, -11.545341), (-18.516678, -0.216481, -11.391831), (-18.33968, -0.178356, -11.537128)
(-18.510195, -0.232205, -11.545341), (-18.33968, -0.178356, -11.537128), (-18.332893, -0.195425, -11.690307)
(-18.33968, -0.178356, -11.537128), (-18.342506, -0.170653, -11.382299), (-18.163441, -0.146, -11.525137)
(-18.33968, -0.178356, -11.537128), (-18.163441, -0.146, -11.525137), (-18.160244, -0.154741, -11.679841)
(-18.163441, -0.146, -11.525137), (-18.162228, -0.146338, -11.368773), (-17.985832, -0.130998, -11.511618)
(-18.163441, -0.146, -11.525137), (-17.985832, -0.130998, -11.511618), (-17.986305, -0.131996, -11.667736)
(-18.516678, -0.216481, -11.391831), (-18.342506, -0.170653, -11.382299), (-18.33968, -0.178356, -11.537128)
(-18.516678, -0.216481, -11.391831), (-18.519398, -0.207495, -11.236576), (-18.342506, -0.170653, -11.382299)
# -17.662804183353337, 0, -11.719774083353332
(-17.977777, -0.155489, -11.976112), (-17.815149, -0.123737, -11.968721), (-17.811258, -0.136954, -12.123693)
(-17.977777, -0.155489, -11.976112), (-17.983765, -0.139096, -11.822517), (-17.815149, -0.123737, -11.968721)
(-17.815149, -0.123737, -11.968721), (-17.657446, -0.099225, -11.963865), (-17.658178, -0.101011, -12.120891)
(-17.815149, -0.123737, -11.968721), (-17.816805, -0.11794, -11.813193), (-17.657446, -0.099225, -11.963865)
(-17.657446, -0.099225, -11.963865), (-17.504637, -0.076696, -11.961945), (-17.510065, -0.068179, -12.120942)
(-17.657446, -0.099225, -11.963865), (-17.654371, -0.10384, -11.806303), (-17.504637, -0.076696, -11.961945)
(-17.356596, -0.044311, -11.962911), (-17.212454, 0.000584, -11.96656), (-17.225965, 0.025031, -12.128879)
(-17.356596, -0.044311, -11.962911), (-17.345142, -0.065213, -11.801682), (-17.212454, 0.000584, -11.96656)
(-17.504637, -0.076696, -11.961945), (-17.356596, -0.044311, -11.962911), (-17.366518, -0.026663, -12.123709)
(-17.504637, -0.076696, -11.961945), (-17.497082, -0.090434, -11.802462), (-17.356596, -0.044311, -11.962911)
(-17.983765, -0.139096, -11.822517), (-17.816805, -0.11794, -11.813193), (-17.815149, -0.123737, -11.968721)
(-17.983765, -0.139096, -11.822517), (-17.986305, -0.131996, -11.667736), (-17.816805, -0.11794, -11.813193)
(-17.816805, -0.11794, -11.813193), (-17.81488, -0.120595, -11.656435), (-17.654371, -0.10384, -11.806303)
(-17.816805, -0.11794, -11.813193), (-17.654371, -0.10384, -11.806303), (-17.657446, -0.099225, -11.963865)
(-17.654371, -0.10384, -11.806303), (-17.497082, -0.090434, -11.802462), (-17.504637, -0.076696, -11.961945)
(-17.654371, -0.10384, -11.806303), (-17.648117, -0.115022, -11.647619), (-17.497082, -0.090434, -11.802462)
(-17.497082, -0.090434, -11.802462), (-17.486946, -0.108551, -11.642069), (-17.345142, -0.065213, -11.801682)
(-17.497082, -0.090434, -11.802462), (-17.345142, -0.065213, -11.801682), (-17.356596, -0.044311, -11.962911)
(-17.345142, -0.065213, -11.801682), (-17.197573, -0.026147, -11.803789), (-17.212454, 0.000584, -11.96656)
(-17.345142, -0.065213, -11.801682), (-17.331928, -0.088106, -11.639871), (-17.197573, -0.026147, -11.803789)
(-17.986305, -0.131996, -11.667736), (-17.81488, -0.120595, -11.656435), (-17.816805, -0.11794, -11.813193)
(-17.986305, -0.131996, -11.667736), (-17.985832, -0.130998, -11.511618), (-17.81488, -0.120595, -11.656435)
(-17.81488, -0.120595, -11.656435), (-17.648117, -0.115022, -11.647619), (-17.654371, -0.10384, -11.806303)
(-17.81488, -0.120595, -11.656435), (-17.810438, -0.127246, -11.498694), (-17.648117, -0.115022, -11.647619)
(-17.648117, -0.115022, -11.647619), (-17.486946, -0.108551, -11.642069), (-17.497082, -0.090434, -11.802462)
(-17.648117, -0.115022, -11.647619), (-17.640118, -0.127983, -11.488317), (-17.486946, -0.108551, -11.642069)
(-17.486946, -0.108551, -11.642069), (-17.331928, -0.088106, -11.639871), (-17.345142, -0.065213, -11.801682)
(-17.486946, -0.108551, -11.642069), (-17.476215, -0.125441, -11.481456), (-17.331928, -0.088106, -11.639871)
(-17.331928, -0.088106, -11.639871), (-17.182817, -0.050483, -11.640989), (-17.197573, -0.026147, -11.803789)
(-17.331928, -0.088106, -11.639871), (-17.319328, -0.106841, -11.478239), (-17.182817, -0.050483, -11.640989)
(-17.985832, -0.130998, -11.511618), (-17.980812, -0.137913, -11.35377), (-17.810438, -0.127246, -11.498694)
(-17.985832, -0.130998, -11.511618), (-17.810438, -0.127246, -11.498694), (-17.81488, -0.120595, -11.656435)
(-17.810438, -0.127246, -11.498694), (-17.802465, -0.138726, -11.339626), (-17.640118, -0.127983, -11.488317)
(-17.810438, -0.127246, -11.498694), (-17.640118, -0.127983, -11.488317), (-17.648117, -0.115022, -11.647619)
(-17.640118, -0.127983, -11.488317), (-17.630037, -0.141756, -11.32825), (-17.476215, -0.125441, -11.481456)
(-17.640118, -0.127983, -11.488317), (-17.476215, -0.125441, -11.481456), (-17.486946, -0.108551, -11.642069)
(-17.476215, -0.125441, -11.481456), (-17.465012, -0.139153, -11.320705), (-17.319328, -0.106841, -11.478239)
(-17.476215, -0.125441, -11.481456), (-17.319328, -0.106841, -11.478239), (-17.331928, -0.088106, -11.639871)
# -16.99503395002, 0, -11.719774083353332
(-16.788221, 0.185851, -11.987281), (-16.648335, 0.259196, -11.995421), (-16.663145, 0.278843, -12.158999)
(-16.788221, 0.185851, -11.987281), (-16.772058, 0.162794, -11.823183), (-16.648335, 0.259196, -11.995421)
(-16.929121, 0.117751, -11.979546), (-16.788221, 0.185851, -11.987281), (-16.804985, 0.212101, -12.151665)
(-16.929121, 0.117751, -11.979546), (-16.912048, 0.090214, -11.815234), (-16.788221, 0.185851, -11.987281)
(-17.070419, 0.055425, -11.972369), (-16.929121, 0.117751, -11.979546), (-16.945787, 0.145945, -12.143681)
(-17.070419, 0.055425, -11.972369), (-17.053719, 0.02649, -11.808525), (-16.929121, 0.117751, -11.979546)
(-17.212454, 0.000584, -11.96656), (-17.070419, 0.055425, -11.972369), (-17.086185, 0.083353, -12.135807)
(-17.212454, 0.000584, -11.96656), (-17.197573, -0.026147, -11.803789), (-17.070419, 0.055425, -11.972369)
(-16.772058, 0.162794, -11.823183), (-16.635548, 0.245417, -11.832945), (-16.648335, 0.259196, -11.995421)
(-16.772058, 0.162794, -11.823183), (-16.758631, 0.148051, -11.660542), (-16.635548, 0.245417, -11.832945)
(-16.912048, 0.090214, -11.815234), (-16.896528, 0.068818, -11.651677), (-16.772058, 0.162794, -11.823183)
(-16.912048, 0.090214, -11.815234), (-16.772058, 0.162794, -11.823183), (-16.788221, 0.185851, -11.987281)
(-17.053719, 0.02649, -11.808525), (-16.912048, 0.090214, -11.815234), (-16.929121, 0.117751, -11.979546)
(-17.053719, 0.02649, -11.808525), (-17.038225, 0.002688, -11.645106), (-16.912048, 0.090214, -11.815234)
(-17.197573, -0.026147, -11.803789), (-17.182817, -0.050483, -11.640989), (-17.053719, 0.02649, -11.808525)
(-17.197573, -0.026147, -11.803789), (-17.053719, 0.02649, -11.808525), (-17.070419, 0.055425, -11.972369)
(-16.758631, 0.148051, -11.660542), (-16.625748, 0.240262, -11.671955), (-16.635548, 0.245417, -11.832945)
(-16.758631, 0.148051, -11.660542), (-16.749607, 0.145544, -11.50009), (-16.625748, 0.240262, -11.671955)
(-16.896528, 0.068818, -11.651677), (-16.758631, 0.148051, -11.660542), (-16.772058, 0.162794, -11.823183)
(-16.896528, 0.068818, -11.651677), (-16.884134, 0.057634, -11.489666), (-16.758631, 0.148051, -11.660542)
(-17.038225, 0.002688, -11.645106), (-16.896528, 0.068818, -11.651677), (-16.912048, 0.090214, -11.815234)
(-17.038225, 0.002688, -11.645106), (-17.024479, -0.01362, -11.482583), (-16.896528, 0.068818, -11.651677)
(-17.182817, -0.050483, -11.640989), (-17.038225, 0.002688, -11.645106), (-17.053719, 0.02649, -11.808525)
(-17.182817, -0.050483, -11.640989), (-17.169153, -0.069156, -11.478685), (-17.038225, 0.002688, -11.645106)
(-16.749607, 0.145544, -11.50009), (-16.745657, 0.157358, -11.342092), (-16.62002, 0.2461, -11.51301)
(-16.749607, 0.145544, -11.50009), (-16.62002, 0.2461, -11.51301), (-16.625748, 0.240262, -11.671955)
(-16.884134, 0.057634, -11.489666), (-16.876627, 0.061102, -11.330241), (-16.749607, 0.145544, -11.50009)
(-16.884134, 0.057634, -11.489666), (-16.749607, 0.145544, -11.50009), (-16.758631, 0.148051, -11.660542)
(-17.024479, -0.01362, -11.482583), (-17.014313, -0.017521, -11.321998), (-16.884134, 0.057634, -11.489666)
(-17.024479, -0.01362, -11.482583), (-16.884134, 0.057634, -11.489666), (-16.896528, 0.068818, -11.651677)
(-17.169153, -0.069156, -11.478685), (-17.157997, -0.077757, -11.317566), (-17.024479, -0.01362, -11.482583)
(-17.169153, -0.069156, -11.478685), (-17.024479, -0.01362, -11.482583), (-17.038225, 0.002688, -11.645106)
(-17.319328, -0.106841, -11.478239), (-17.307865, -0.118681, -11.317116), (-17.169153, -0.069156, -11.478685)
(-17.319328, -0.106841, -11.478239), (-17.169153, -0.069156, -11.478685), (-17.182817, -0.050483, -11.640989)
# -16.32726371668667, 0, -11.719774083353332
(-16.094345, 0.561391, -12.030138), (-15.949032, 0.616615, -12.035192), (-15.949651, 0.597214, -12.192192)
(-16.094345, 0.561391, -12.030138), (-16.092941, 0.578376, -11.872944), (-15.949032, 0.616615, -12.035192)
(-16.235731, 0.494791, -12.023045), (-16.094345, 0.561391, -12.030138), (-16.096771, 0.54694, -12.187901)
(-16.235731, 0.494791, -12.023045), (-16.232363, 0.506502, -11.865005), (-16.094345, 0.561391, -12.030138)
(-16.374144, 0.419325, -12.014368), (-16.235731, 0.494791, -12.023045), (-16.240507, 0.486772, -12.181845)
(-16.374144, 0.419325, -12.014368), (-16.368023, 0.423685, -11.855042), (-16.235731, 0.494791, -12.023045)
(-16.511055, 0.339128, -12.004829), (-16.374144, 0.419325, -12.014368), (-16.381824, 0.41932, -12.174517)
(-16.511055, 0.339128, -12.004829), (-16.501692, 0.334669, -11.843982), (-16.374144, 0.419325, -12.014368)
(-16.648335, 0.259196, -11.995421), (-16.511055, 0.339128, -12.004829), (-16.522158, 0.348482, -12.166624)
(-16.648335, 0.259196, -11.995421), (-16.635548, 0.245417, -11.832945), (-16.511055, 0.339128, -12.004829)
(-16.092941, 0.578376, -11.872944), (-16.093027, 0.599002, -11.716496), (-15.949021, 0.637291, -11.878527)
(-16.092941, 0.578376, -11.872944), (-15.949021, 0.637291, -11.878527), (-15.949032, 0.616615, -12.035192)
(-16.232363, 0.506502, -11.865005), (-16.092941, 0.578376, -11.872944), (-16.094345, 0.561391, -12.030138)
(-16.232363, 0.506502, -11.865005), (-16.230833, 0.522907, -11.707867), (-16.092941, 0.578376, -11.872944)
(-16.368023, 0.423685, -11.855042), (-16.364384, 0.434597, -11.696963), (-16.232363, 0.506502, -11.865005)
(-16.368023, 0.423685, -11.855042), (-16.232363, 0.506502, -11.865005), (-16.235731, 0.494791, -12.023045)
(-16.501692, 0.334669, -11.843982), (-16.368023, 0.423685, -11.855042), (-16.374144, 0.419325, -12.014368)
(-16.501692, 0.334669, -11.843982), (-16.495205, 0.338092, -11.684579), (-16.368023, 0.423685, -11.855042)
(-16.635548, 0.245417, -11.832945), (-16.625748, 0.240262, -11.671955), (-16.501692, 0.334669, -11.843982)
(-16.635548, 0.245417, -11.832945), (-16.501692, 0.334669, -11.843982), (-16.511055, 0.339128, -12.004829)
(-16.093027, 0.599002, -11.716496), (-15.949763, 0.659597, -11.722237), (-15.949021, 0.637291, -11.878527)
(-16.093027, 0.599002, -11.716496), (-16.094669, 0.62323, -11.560764), (-15.949763, 0.659597, -11.722237)
(-16.230833, 0.522907, -11.707867), (-16.093027, 0.599002, -11.716496), (-16.092941, 0.578376, -11.872944)
(-16.230833, 0.522907, -11.707867), (-16.231728, 0.545297, -11.551886), (-16.093027, 0.599002, -11.716496)
(-16.364384, 0.434597, -11.696963), (-16.230833, 0.522907, -11.707867), (-16.232363, 0.506502, -11.865005)
(-16.364384, 0.434597, -11.696963), (-16.363754, 0.453116, -11.540333), (-16.230833, 0.522907, -11.707867)
(-16.495205, 0.338092, -11.684579), (-16.364384, 0.434597, -11.696963), (-16.368023, 0.423685, -11.855042)
(-16.495205, 0.338092, -11.684579), (-16.492308, 0.351095, -11.52689), (-16.364384, 0.434597, -11.696963)
(-16.625748, 0.240262, -11.671955), (-16.495205, 0.338092, -11.684579), (-16.501692, 0.334669, -11.843982)
(-16.625748, 0.240262, -11.671955), (-16.62002, 0.2461, -11.51301), (-16.495205, 0.338092, -11.684579)
(-16.094669, 0.62323, -11.560764), (-16.097813, 0.651038, -11.405706), (-15.951409, 0.68376, -11.566351)
(-16.094669, 0.62323, -11.560764), (-15.951409, 0.68376, -11.566351), (-15.949763, 0.659597, -11.722237)
(-16.231728, 0.545297, -11.551886), (-16.235165, 0.574096, -11.397099), (-16.094669, 0.62323, -11.560764)
(-16.231728, 0.545297, -11.551886), (-16.094669, 0.62323, -11.560764), (-16.093027, 0.599002, -11.716496)
(-16.363754, 0.453116, -11.540333), (-16.366356, 0.480173, -11.385218), (-16.231728, 0.545297, -11.551886)
(-16.363754, 0.453116, -11.540333), (-16.231728, 0.545297, -11.551886), (-16.230833, 0.522907, -11.707867)
(-16.492308, 0.351095, -11.52689), (-16.493603, 0.375177, -11.371231), (-16.363754, 0.453116, -11.540333)
(-16.492308, 0.351095, -11.52689), (-16.363754, 0.453116, -11.540333), (-16.364384, 0.434597, -11.696963)
(-16.62002, 0.2461, -11.51301), (-16.61895, 0.264732, -11.356317), (-16.492308, 0.351095, -11.52689)
(-16.62002, 0.2461, -11.51301), (-16.492308, 0.351095, -11.52689), (-16.495205, 0.338092, -11.684579)
(-16.097813, 0.651038, -11.405706), (-15.953812, 0.709402, -11.410765), (-15.951409, 0.68376, -11.566351)
(-16.097813, 0.651038, -11.405706), (-16.10214, 0.681171, -11.251104), (-15.953812, 0.709402, -11.410765)
(-16.235165, 0.574096, -11.397099), (-16.097813, 0.651038, -11.405706), (-16.094669, 0.62323, -11.560764)
(-16.235165, 0.574096, -11.397099), (-16.240652, 0.607758, -11.24321), (-16.097813, 0.651038, -11.405706)
# -15.659493483353337, 0, -11.719774083353332
(-15.645809, 0.690699, -12.03876), (-15.490212, 0.716032, -12.038414), (-15.489468, 0.692456, -12.195099)
(-15.645809, 0.690699, -12.03876), (-15.646634, 0.713772, -11.882181), (-15.490212, 0.716032, -12.038414)
(-15.490212, 0.716032, -12.038414), (-15.334427, 0.740463, -12.037911), (-15.333682, 0.716588, -12.194674)
(-15.490212, 0.716032, -12.038414), (-15.490955, 0.739154, -11.881708), (-15.334427, 0.740463, -12.037911)
(-15.799366, 0.659219, -12.037971), (-15.645809, 0.690699, -12.03876), (-15.645033, 0.667334, -12.195354)
(-15.799366, 0.659219, -12.037971), (-15.799963, 0.681621, -11.881454), (-15.645809, 0.690699, -12.03876)
(-15.334427, 0.740463, -12.037911), (-15.178594, 0.764344, -12.037339), (-15.177852, 0.740118, -12.194183)
(-15.334427, 0.740463, -12.037911), (-15.335174, 0.763948, -11.881128), (-15.178594, 0.764344, -12.037339)
(-15.949032, 0.616615, -12.035192), (-15.799366, 0.659219, -12.037971), (-15.799044, 0.637178, -12.194654)
(-15.949032, 0.616615, -12.035192), (-15.949021, 0.637291, -11.878527), (-15.799366, 0.659219, -12.037971)
(-15.646634, 0.713772, -11.882181), (-15.490955, 0.739154, -11.881708), (-15.490212, 0.716032, -12.038414)
(-15.646634, 0.713772, -11.882181), (-15.647393, 0.736179, -11.725554), (-15.490955, 0.739154, -11.881708)
(-15.490955, 0.739154, -11.881708), (-15.491703, 0.761883, -11.724982), (-15.335174, 0.763948, -11.881128)
(-15.490955, 0.739154, -11.881708), (-15.335174, 0.763948, -11.881128), (-15.334427, 0.740463, -12.037911)
(-15.799963, 0.681621, -11.881454), (-15.800934, 0.704541, -11.725103), (-15.646634, 0.713772, -11.882181)
(-15.799963, 0.681621, -11.881454), (-15.646634, 0.713772, -11.882181), (-15.645809, 0.690699, -12.03876)
(-15.335174, 0.763948, -11.881128), (-15.179342, 0.788241, -11.880474), (-15.178594, 0.764344, -12.037339)
(-15.335174, 0.763948, -11.881128), (-15.335927, 0.787082, -11.724319), (-15.179342, 0.788241, -11.880474)
(-15.949021, 0.637291, -11.878527), (-15.799963, 0.681621, -11.881454), (-15.799366, 0.659219, -12.037971)
(-15.949021, 0.637291, -11.878527), (-15.949763, 0.659597, -11.722237), (-15.799963, 0.681621, -11.881454)
(-15.647393, 0.736179, -11.725554), (-15.491703, 0.761883, -11.724982), (-15.490955, 0.739154, -11.881708)
(-15.647393, 0.736179, -11.725554), (-15.648115, 0.757941, -11.568861), (-15.491703, 0.761883, -11.724982)
(-15.800934, 0.704541, -11.725103), (-15.647393, 0.736179, -11.725554), (-15.646634, 0.713772, -11.882181)
(-15.800934, 0.704541, -11.725103), (-15.802172, 0.727506, -11.568823), (-15.647393, 0.736179, -11.725554)
(-15.491703, 0.761883, -11.724982), (-15.335927, 0.787082, -11.724319), (-15.335174, 0.763948, -11.881128)
(-15.491703, 0.761883, -11.724982), (-15.492453, 0.784166, -11.568217), (-15.335927, 0.787082, -11.724319)
(-15.335927, 0.787082, -11.724319), (-15.180101, 0.811837, -11.72358), (-15.179342, 0.788241, -11.880474)
(-15.335927, 0.787082, -11.724319), (-15.336687, 0.809879, -11.56747), (-15.180101, 0.811837, -11.72358)
(-15.949763, 0.659597, -11.722237), (-15.800934, 0.704541, -11.725103), (-15.799963, 0.681621, -11.881454)
(-15.949763, 0.659597, -11.722237), (-15.951409, 0.68376, -11.566351), (-15.800934, 0.704541, -11.725103)
(-15.648115, 0.757941, -11.568861), (-15.648888, 0.779545, -11.412178), (-15.492453, 0.784166, -11.568217)
(-15.648115, 0.757941, -11.568861), (-15.492453, 0.784166, -11.568217), (-15.491703, 0.761883, -11.724982)
(-15.802172, 0.727506, -11.568823), (-15.803411, 0.750004, -11.412474), (-15.648115, 0.757941, -11.568861)
(-15.802172, 0.727506, -11.568823), (-15.648115, 0.757941, -11.568861), (-15.647393, 0.736179, -11.725554)
(-15.492453, 0.784166, -11.568217), (-15.493216, 0.806262, -11.411443), (-15.336687, 0.809879, -11.56747)
(-15.492453, 0.784166, -11.568217), (-15.336687, 0.809879, -11.56747), (-15.335927, 0.787082, -11.724319)
(-15.336687, 0.809879, -11.56747), (-15.337471, 0.832543, -11.410604), (-15.180868, 0.835103, -11.566634)
(-15.336687, 0.809879, -11.56747), (-15.180868, 0.835103, -11.566634), (-15.180101, 0.811837, -11.72358)
(-15.951409, 0.68376, -11.566351), (-15.953812, 0.709402, -11.410765), (-15.802172, 0.727506, -11.568823)
(-15.951409, 0.68376, -11.566351), (-15.802172, 0.727506, -11.568823), (-15.800934, 0.704541, -11.725103)
(-15.803411, 0.750004, -11.412474), (-15.648888, 0.779545, -11.412178), (-15.648115, 0.757941, -11.568861)
(-15.803411, 0.750004, -11.412474), (-15.804518, 0.771555, -11.25597), (-15.648888, 0.779545, -11.412178)
(-15.648888, 0.779545, -11.412178), (-15.493216, 0.806262, -11.411443), (-15.492453, 0.784166, -11.568217)
(-15.648888, 0.779545, -11.412178), (-15.649654, 0.800829, -11.255473), (-15.493216, 0.806262, -11.411443)
(-15.493216, 0.806262, -11.411443), (-15.337471, 0.832543, -11.410604), (-15.336687, 0.809879, -11.56747)
(-15.493216, 0.806262, -11.411443), (-15.493989, 0.828079, -11.254624), (-15.337471, 0.832543, -11.410604)
(-15.953812, 0.709402, -11.410765), (-15.803411, 0.750004, -11.412474), (-15.802172, 0.727506, -11.568823)
(-15.953812, 0.709402, -11.410765), (-15.956478, 0.734953, -11.25518), (-15.803411, 0.750004, -11.412474)
(-15.337471, 0.832543, -11.410604), (-15.181664, 0.858373, -11.409673), (-15.180868, 0.835103, -11.566634)
(-15.337471, 0.832543, -11.410604), (-15.33827, 0.855046, -11.253687), (-15.181664, 0.858373, -11.409673)
# -14.991723250020002, 0, -11.719774083353332
(-15.178594, 0.764344, -12.037339), (-15.022709, 0.787638, -12.036706), (-15.021974, 0.763055, -12.19364)
(-15.178594, 0.764344, -12.037339), (-15.179342, 0.788241, -11.880474), (-15.022709, 0.787638, -12.036706)
(-15.022709, 0.787638, -12.036706), (-14.866779, 0.810322, -12.03602), (-14.866052, 0.785308, -12.193043)
(-15.022709, 0.787638, -12.036706), (-15.023457, 0.811962, -11.879751), (-14.866779, 0.810322, -12.03602)
(-14.866779, 0.810322, -12.03602), (-14.710797, 0.832232, -12.035283), (-14.710083, 0.806796, -12.192404)
(-14.866779, 0.810322, -12.03602), (-14.867514, 0.835005, -11.878963), (-14.710797, 0.832232, -12.035283)
(-14.710797, 0.832232, -12.035283), (-14.554764, 0.853316, -12.034501), (-14.554064, 0.827385, -12.191727)
(-14.710797, 0.832232, -12.035283), (-14.711519, 0.857376, -11.878126), (-14.554764, 0.853316, -12.034501)
(-15.179342, 0.788241, -11.880474), (-15.180101, 0.811837, -11.72358), (-15.023457, 0.811962, -11.879751)
(-15.179342, 0.788241, -11.880474), (-15.023457, 0.811962, -11.879751), (-15.022709, 0.787638, -12.036706)
(-15.023457, 0.811962, -11.879751), (-14.867514, 0.835005, -11.878963), (-14.866779, 0.810322, -12.03602)
(-15.023457, 0.811962, -11.879751), (-15.024214, 0.835999, -11.722761), (-14.867514, 0.835005, -11.878963)
(-14.867514, 0.835005, -11.878963), (-14.868268, 0.85951, -11.721876), (-14.711519, 0.857376, -11.878126)
(-14.867514, 0.835005, -11.878963), (-14.711519, 0.857376, -11.878126), (-14.710797, 0.832232, -12.035283)
(-14.711519, 0.857376, -11.878126), (-14.555472, 0.878971, -11.877242), (-14.554764, 0.853316, -12.034501)
(-14.711519, 0.857376, -11.878126), (-14.712259, 0.882346, -11.720934), (-14.555472, 0.878971, -11.877242)
(-15.180101, 0.811837, -11.72358), (-15.024214, 0.835999, -11.722761), (-15.023457, 0.811962, -11.879751)
(-15.180101, 0.811837, -11.72358), (-15.180868, 0.835103, -11.566634), (-15.024214, 0.835999, -11.722761)
(-15.024214, 0.835999, -11.722761), (-14.868268, 0.85951, -11.721876), (-14.867514, 0.835005, -11.878963)
(-15.024214, 0.835999, -11.722761), (-15.024987, 0.859807, -11.565725), (-14.868268, 0.85951, -11.721876)
(-14.868268, 0.85951, -11.721876), (-14.712259, 0.882346, -11.720934), (-14.711519, 0.857376, -11.878126)
(-14.868268, 0.85951, -11.721876), (-14.86904, 0.883845, -11.564739), (-14.712259, 0.882346, -11.720934)
(-14.712259, 0.882346, -11.720934), (-14.556196, 0.904457, -11.719948), (-14.555472, 0.878971, -11.877242)
(-14.712259, 0.882346, -11.720934), (-14.713025, 0.907223, -11.5637), (-14.556196, 0.904457, -11.719948)
(-15.180868, 0.835103, -11.566634), (-15.181664, 0.858373, -11.409673), (-15.024987, 0.859807, -11.565725)
(-15.180868, 0.835103, -11.566634), (-15.024987, 0.859807, -11.565725), (-15.024214, 0.835999, -11.722761)
(-15.024987, 0.859807, -11.565725), (-15.025792, 0.883676, -11.408664), (-14.86904, 0.883845, -11.564739)
(-15.024987, 0.859807, -11.565725), (-14.86904, 0.883845, -11.564739), (-14.868268, 0.85951, -11.721876)
(-14.86904, 0.883845, -11.564739), (-14.869846, 0.908329, -11.407579), (-14.713025, 0.907223, -11.5637)
(-14.86904, 0.883845, -11.564739), (-14.713025, 0.907223, -11.5637), (-14.712259, 0.882346, -11.720934)
(-14.713025, 0.907223, -11.5637), (-14.713825, 0.932278, -11.406431), (-14.556941, 0.929803, -11.562603)
(-14.713025, 0.907223, -11.5637), (-14.556941, 0.929803, -11.562603), (-14.556196, 0.904457, -11.719948)
(-15.181664, 0.858373, -11.409673), (-15.025792, 0.883676, -11.408664), (-15.024987, 0.859807, -11.565725)
(-15.181664, 0.858373, -11.409673), (-15.182487, 0.881613, -11.252669), (-15.025792, 0.883676, -11.408664)
(-15.025792, 0.883676, -11.408664), (-14.869846, 0.908329, -11.407579), (-14.86904, 0.883845, -11.564739)
(-15.025792, 0.883676, -11.408664), (-15.026628, 0.907623, -11.251559), (-14.869846, 0.908329, -11.407579)
(-14.869846, 0.908329, -11.407579), (-14.713825, 0.932278, -11.406431), (-14.713025, 0.907223, -11.5637)
(-14.869846, 0.908329, -11.407579), (-14.870687, 0.932933, -11.250362), (-14.713825, 0.932278, -11.406431)
(-14.713825, 0.932278, -11.406431), (-14.557726, 0.955422, -11.405229), (-14.556941, 0.929803, -11.562603)
(-14.713825, 0.932278, -11.406431), (-14.714664, 0.957538, -11.249112), (-14.557726, 0.955422, -11.405229)
# -14.32395301668667, 0, -11.719774083353332
(-14.554764, 0.853316, -12.034501), (-14.398681, 0.873503, -12.03369), (-14.398003, 0.847058, -12.191029)
(-14.554764, 0.853316, -12.034501), (-14.555472, 0.878971, -11.877242), (-14.398681, 0.873503, -12.03369)
(-14.398681, 0.873503, -12.03369), (-14.242553, 0.89264, -12.032858), (-14.241896, 0.865576, -12.190312)
(-14.398681, 0.873503, -12.03369), (-14.399368, 0.899694, -11.87632), (-14.242553, 0.89264, -12.032858)
(-14.242553, 0.89264, -12.032858), (-14.086381, 0.91075, -12.032021), (-14.085752, 0.883066, -12.189599)
(-14.242553, 0.89264, -12.032858), (-14.243211, 0.919385, -11.875368), (-14.086381, 0.91075, -12.032021)
(-14.086381, 0.91075, -12.032021), (-13.930168, 0.927658, -12.031187), (-13.929568, 0.899245, -12.188894)
(-14.086381, 0.91075, -12.032021), (-14.087009, 0.93813, -11.874407), (-13.930168, 0.927658, -12.031187)
(-14.555472, 0.878971, -11.877242), (-14.556196, 0.904457, -11.719948), (-14.399368, 0.899694, -11.87632)
(-14.555472, 0.878971, -11.877242), (-14.399368, 0.899694, -11.87632), (-14.398681, 0.873503, -12.03369)
(-14.399368, 0.899694, -11.87632), (-14.243211, 0.919385, -11.875368), (-14.242553, 0.89264, -12.032858)
(-14.399368, 0.899694, -11.87632), (-14.400068, 0.925683, -11.718911), (-14.243211, 0.919385, -11.875368)
(-14.243211, 0.919385, -11.875368), (-14.243883, 0.94597, -11.717845), (-14.087009, 0.93813, -11.874407)
(-14.243211, 0.919385, -11.875368), (-14.087009, 0.93813, -11.874407), (-14.086381, 0.91075, -12.032021)
(-14.087009, 0.93813, -11.874407), (-13.930764, 0.955781, -11.873442), (-13.930168, 0.927658, -12.031187)
(-14.087009, 0.93813, -11.874407), (-14.087643, 0.965302, -11.716758), (-13.930764, 0.955781, -11.873442)
(-14.556196, 0.904457, -11.719948), (-14.400068, 0.925683, -11.718911), (-14.399368, 0.899694, -11.87632)
(-14.556196, 0.904457, -11.719948), (-14.556941, 0.929803, -11.562603), (-14.400068, 0.925683, -11.718911)
(-14.400068, 0.925683, -11.718911), (-14.243883, 0.94597, -11.717845), (-14.243211, 0.919385, -11.875368)
(-14.400068, 0.925683, -11.718911), (-14.400788, 0.951562, -11.56146), (-14.243883, 0.94597, -11.717845)
(-14.243883, 0.94597, -11.717845), (-14.087643, 0.965302, -11.716758), (-14.087009, 0.93813, -11.874407)
(-14.243883, 0.94597, -11.717845), (-14.244575, 0.972425, -11.56028), (-14.087643, 0.965302, -11.716758)
(-14.087643, 0.965302, -11.716758), (-13.931358, 0.983647, -11.715664), (-13.930764, 0.955781, -11.873442)
(-14.087643, 0.965302, -11.716758), (-14.088297, 0.992346, -11.559076), (-13.931358, 0.983647, -11.715664)
(-14.556941, 0.929803, -11.562603), (-14.557726, 0.955422, -11.405229), (-14.400788, 0.951562, -11.56146)
(-14.556941, 0.929803, -11.562603), (-14.400788, 0.951562, -11.56146), (-14.400068, 0.925683, -11.718911)
(-14.400788, 0.951562, -11.56146), (-14.40155, 0.977716, -11.403978), (-14.244575, 0.972425, -11.56028)
(-14.400788, 0.951562, -11.56146), (-14.244575, 0.972425, -11.56028), (-14.243883, 0.94597, -11.717845)
(-14.244575, 0.972425, -11.56028), (-14.2453, 0.999137, -11.402689), (-14.088297, 0.992346, -11.559076)
(-14.244575, 0.972425, -11.56028), (-14.088297, 0.992346, -11.559076), (-14.087643, 0.965302, -11.716758)
(-14.088297, 0.992346, -11.559076), (-14.088978, 1.019599, -11.401366), (-13.93196, 1.01124, -11.557858)
(-14.088297, 0.992346, -11.559076), (-13.93196, 1.01124, -11.557858), (-13.931358, 0.983647, -11.715664)
(-14.557726, 0.955422, -11.405229), (-14.40155, 0.977716, -11.403978), (-14.400788, 0.951562, -11.56146)
(-14.557726, 0.955422, -11.405229), (-14.558555, 0.981329, -11.247807), (-14.40155, 0.977716, -11.403978)
(-14.40155, 0.977716, -11.403978), (-14.2453, 0.999137, -11.402689), (-14.244575, 0.972425, -11.56028)
(-14.40155, 0.977716, -11.403978), (-14.402353, 1.004207, -11.246451), (-14.2453, 0.999137, -11.402689)
(-14.2453, 0.999137, -11.402689), (-14.088978, 1.019599, -11.401366), (-14.088297, 0.992346, -11.559076)
(-14.2453, 0.999137, -11.402689), (-14.246063, 1.026124, -11.245047), (-14.088978, 1.019599, -11.401366)
(-14.088978, 1.019599, -11.401366), (-13.93259, 1.039082, -11.400028), (-13.93196, 1.01124, -11.557858)
(-14.088978, 1.019599, -11.401366), (-14.089693, 1.047125, -11.243619), (-13.93259, 1.039082, -11.400028)
# -13.656182783353334, 0, -11.719774083353332
(-13.930168, 0.927658, -12.031187), (-13.773919, 0.943253, -12.030377), (-13.773352, 0.914054, -12.188221)
(-13.930168, 0.927658, -12.031187), (-13.930764, 0.955781, -11.873442), (-13.773919, 0.943253, -12.030377)
(-13.773919, 0.943253, -12.030377), (-13.61764, 0.957465, -12.029606), (-13.617102, 0.927298, -12.187592)
(-13.773919, 0.943253, -12.030377), (-13.774475, 0.972207, -11.872493), (-13.61764, 0.957465, -12.029606)
(-13.61764, 0.957465, -12.029606), (-13.46133, 0.969966, -12.028896), (-13.460822, 0.938812, -12.187027)
(-13.61764, 0.957465, -12.029606), (-13.618154, 0.987203, -11.87158), (-13.46133, 0.969966, -12.028896)
(-13.46133, 0.969966, -12.028896), (-13.304988, 0.980623, -12.028274), (-13.304515, 0.948325, -12.186545)
(-13.46133, 0.969966, -12.028896), (-13.461801, 1.000731, -11.870724), (-13.304988, 0.980623, -12.028274)
(-13.930764, 0.955781, -11.873442), (-13.931358, 0.983647, -11.715664), (-13.774475, 0.972207, -11.872493)
(-13.930764, 0.955781, -11.873442), (-13.774475, 0.972207, -11.872493), (-13.773919, 0.943253, -12.030377)
(-13.774475, 0.972207, -11.872493), (-13.618154, 0.987203, -11.87158), (-13.61764, 0.957465, -12.029606)
(-13.774475, 0.972207, -11.872493), (-13.775026, 1.000802, -11.714577), (-13.618154, 0.987203, -11.87158)
(-13.618154, 0.987203, -11.87158), (-13.618651, 1.016674, -11.713524), (-13.461801, 1.000731, -11.870724)
(-13.618154, 0.987203, -11.87158), (-13.461801, 1.000731, -11.870724), (-13.46133, 0.969966, -12.028896)
(-13.461801, 1.000731, -11.870724), (-13.305418, 1.012573, -11.869949), (-13.304988, 0.980623, -12.028274)
(-13.461801, 1.000731, -11.870724), (-13.462246, 1.031154, -11.712521), (-13.305418, 1.012573, -11.869949)
(-13.931358, 0.983647, -11.715664), (-13.775026, 1.000802, -11.714577), (-13.774475, 0.972207, -11.872493)
(-13.931358, 0.983647, -11.715664), (-13.93196, 1.01124, -11.557858), (-13.775026, 1.000802, -11.714577)
(-13.775026, 1.000802, -11.714577), (-13.618651, 1.016674, -11.713524), (-13.618154, 0.987203, -11.87158)
(-13.775026, 1.000802, -11.714577), (-13.775574, 1.029092, -11.556643), (-13.618651, 1.016674, -11.713524)
(-13.618651, 1.016674, -11.713524), (-13.462246, 1.031154, -11.712521), (-13.461801, 1.000731, -11.870724)
(-13.618651, 1.016674, -11.713524), (-13.619144, 1.045791, -11.555451), (-13.462246, 1.031154, -11.712521)
(-13.462246, 1.031154, -11.712521), (-13.305813, 1.044145, -11.711596), (-13.305418, 1.012573, -11.869949)
(-13.462246, 1.031154, -11.712521), (-13.462673, 1.061212, -11.554312), (-13.305813, 1.044145, -11.711596)
(-13.93196, 1.01124, -11.557858), (-13.93259, 1.039082, -11.400028), (-13.775574, 1.029092, -11.556643)
(-13.93196, 1.01124, -11.557858), (-13.775574, 1.029092, -11.556643), (-13.775026, 1.000802, -11.714577)
(-13.775574, 1.029092, -11.556643), (-13.77614, 1.057568, -11.398689), (-13.619144, 1.045791, -11.555451)
(-13.775574, 1.029092, -11.556643), (-13.619144, 1.045791, -11.555451), (-13.618651, 1.016674, -11.713524)
(-13.619144, 1.045791, -11.555451), (-13.61964, 1.075027, -11.39737), (-13.462673, 1.061212, -11.554312)
(-13.619144, 1.045791, -11.555451), (-13.462673, 1.061212, -11.554312), (-13.462246, 1.031154, -11.712521)
(-13.462673, 1.061212, -11.554312), (-13.463097, 1.09128, -11.396101), (-13.30617, 1.075134, -11.553254)
(-13.462673, 1.061212, -11.554312), (-13.30617, 1.075134, -11.553254), (-13.305813, 1.044145, -11.711596)
(-13.93259, 1.039082, -11.400028), (-13.77614, 1.057568, -11.398689), (-13.775574, 1.029092, -11.556643)
(-13.93259, 1.039082, -11.400028), (-13.933248, 1.067188, -11.242174), (-13.77614, 1.057568, -11.398689)
(-13.77614, 1.057568, -11.398689), (-13.61964, 1.075027, -11.39737), (-13.619144, 1.045791, -11.555451)
(-13.77614, 1.057568, -11.398689), (-13.776731, 1.086271, -11.240725), (-13.61964, 1.075027, -11.39737)
(-13.61964, 1.075027, -11.39737), (-13.463097, 1.09128, -11.396101), (-13.462673, 1.061212, -11.554312)
(-13.61964, 1.075027, -11.39737), (-13.620149, 1.104317, -11.239296), (-13.463097, 1.09128, -11.396101)
(-13.463097, 1.09128, -11.396101), (-13.306511, 1.106196, -11.394912), (-13.30617, 1.075134, -11.553254)
(-13.463097, 1.09128, -11.396101), (-13.463515, 1.121327, -11.237911), (-13.306511, 1.106196, -11.394912)
# -12.988412550020001, 0, -11.719774083353332
(-13.304988, 0.980623, -12.028274), (-13.148624, 0.989271, -12.027755), (-13.148183, 0.95581, -12.186167)
(-13.304988, 0.980623, -12.028274), (-13.305418, 1.012573, -11.869949), (-13.148624, 0.989271, -12.027755)
(-13.148624, 0.989271, -12.027755), (-12.992234, 0.995618, -12.027376), (-12.991819, 0.960863, -12.185918)
(-13.148624, 0.989271, -12.027755), (-13.149014, 1.022489, -11.869284), (-12.992234, 0.995618, -12.027376)
(-12.992234, 0.995618, -12.027376), (-12.835829, 0.999686, -12.027149), (-12.835441, 0.963701, -12.185811)
(-12.992234, 0.995618, -12.027376), (-12.992583, 1.030118, -11.868768), (-12.835829, 0.999686, -12.027149)
(-12.835829, 0.999686, -12.027149), (-12.679396, 1.001222, -12.027102), (-12.679034, 0.96398, -12.185864)
(-12.835829, 0.999686, -12.027149), (-12.836136, 1.035582, -11.868411), (-12.679396, 1.001222, -12.027102)
(-12.679396, 1.001222, -12.027102), (-12.522946, 1.000147, -12.027246), (-12.522607, 0.961758, -12.186088)
(-12.679396, 1.001222, -12.027102), (-12.679671, 1.038579, -11.868249), (-12.522946, 1.000147, -12.027246)
(-13.305418, 1.012573, -11.869949), (-13.305813, 1.044145, -11.711596), (-13.149014, 1.022489, -11.869284)
(-13.305418, 1.012573, -11.869949), (-13.149014, 1.022489, -11.869284), (-13.148624, 0.989271, -12.027755)
(-13.149014, 1.022489, -11.869284), (-12.992583, 1.030118, -11.868768), (-12.992234, 0.995618, -12.027376)
(-13.149014, 1.022489, -11.869284), (-13.149352, 1.05527, -11.710785), (-12.992583, 1.030118, -11.868768)
(-12.992583, 1.030118, -11.868768), (-12.992869, 1.064335, -11.710123), (-12.836136, 1.035582, -11.868411)
(-12.992583, 1.030118, -11.868768), (-12.836136, 1.035582, -11.868411), (-12.835829, 0.999686, -12.027149)
(-12.836136, 1.035582, -11.868411), (-12.679671, 1.038579, -11.868249), (-12.679396, 1.001222, -12.027102)
(-12.836136, 1.035582, -11.868411), (-12.836367, 1.071209, -11.709639), (-12.679671, 1.038579, -11.868249)
(-12.679671, 1.038579, -11.868249), (-12.679853, 1.075757, -11.709355), (-12.523186, 1.038907, -11.8683)
(-12.679671, 1.038579, -11.868249), (-12.523186, 1.038907, -11.8683), (-12.522946, 1.000147, -12.027246)
(-13.305813, 1.044145, -11.711596), (-13.149352, 1.05527, -11.710785), (-13.149014, 1.022489, -11.869284)
(-13.305813, 1.044145, -11.711596), (-13.30617, 1.075134, -11.553254), (-13.149352, 1.05527, -11.710785)
(-13.149352, 1.05527, -11.710785), (-12.992869, 1.064335, -11.710123), (-12.992583, 1.030118, -11.868768)
(-13.149352, 1.05527, -11.710785), (-13.149641, 1.087461, -11.552306), (-12.992869, 1.064335, -11.710123)
(-12.992869, 1.064335, -11.710123), (-12.836367, 1.071209, -11.709639), (-12.836136, 1.035582, -11.868411)
(-12.992869, 1.064335, -11.710123), (-12.993088, 1.097937, -11.551504), (-12.836367, 1.071209, -11.709639)
(-12.836367, 1.071209, -11.709639), (-12.679853, 1.075757, -11.709355), (-12.679671, 1.038579, -11.868249)
(-12.836367, 1.071209, -11.709639), (-12.836515, 1.106315, -11.55089), (-12.679853, 1.075757, -11.709355)
(-12.679853, 1.075757, -11.709355), (-12.523314, 1.077557, -11.709316), (-12.523186, 1.038907, -11.8683)
(-12.679853, 1.075757, -11.709355), (-12.679922, 1.112268, -11.55051), (-12.523314, 1.077557, -11.709316)
(-13.30617, 1.075134, -11.553254), (-13.306511, 1.106196, -11.394912), (-13.149641, 1.087461, -11.552306)
(-13.30617, 1.075134, -11.553254), (-13.149641, 1.087461, -11.552306), (-13.149352, 1.05527, -11.710785)
(-13.149641, 1.087461, -11.552306), (-13.149897, 1.119631, -11.393835), (-12.993088, 1.097937, -11.551504)
(-13.149641, 1.087461, -11.552306), (-12.993088, 1.097937, -11.551504), (-12.992869, 1.064335, -11.710123)
(-12.993088, 1.097937, -11.551504), (-12.993259, 1.131443, -11.392903), (-12.836515, 1.106315, -11.55089)
(-12.993088, 1.097937, -11.551504), (-12.836515, 1.106315, -11.55089), (-12.836367, 1.071209, -11.709639)
(-12.836515, 1.106315, -11.55089), (-12.836595, 1.141215, -11.392179), (-12.679922, 1.112268, -11.55051)
(-12.836515, 1.106315, -11.55089), (-12.679922, 1.112268, -11.55051), (-12.679853, 1.075757, -11.709355)
(-12.679922, 1.112268, -11.55051), (-12.679913, 1.148731, -11.391696), (-12.523317, 1.115744, -11.550371)
(-12.679922, 1.112268, -11.55051), (-12.523317, 1.115744, -11.550371), (-12.523314, 1.077557, -11.709316)
(-13.306511, 1.106196, -11.394912), (-13.149897, 1.119631, -11.393835), (-13.149641, 1.087461, -11.552306)
(-13.306511, 1.106196, -11.394912), (-13.306841, 1.137183, -11.236605), (-13.149897, 1.119631, -11.393835)
(-13.149897, 1.119631, -11.393835), (-12.993259, 1.131443, -11.392903), (-12.993088, 1.097937, -11.551504)
(-13.149897, 1.119631, -11.393835), (-13.150124, 1.151669, -11.235417), (-12.993259, 1.131443, -11.392903)
(-12.993259, 1.131443, -11.392903), (-12.836595, 1.141215, -11.392179), (-12.836515, 1.106315, -11.55089)
(-12.993259, 1.131443, -11.392903), (-12.993374, 1.164512, -11.234406), (-12.836595, 1.141215, -11.392179)
(-12.836595, 1.141215, -11.392179), (-12.679913, 1.148731, -11.391696), (-12.679922, 1.112268, -11.55051)
(-12.836595, 1.141215, -11.392179), (-12.8366, 1.175634, -11.233587), (-12.679913, 1.148731, -11.391696)
(-12.679913, 1.148731, -11.391696), (-12.523212, 1.153831, -11.391479), (-12.523317, 1.115744, -11.550371)
(-12.679913, 1.148731, -11.391696), (-12.679808, 1.184754, -11.233009), (-12.523212, 1.153831, -11.391479)
# -12.320642316686666, 0, -11.719774083353332
(-12.05345, 0.981078, -12.028893), (-11.896886, 0.969744, -12.029828), (-11.896609, 0.928057, -12.188674)
(-12.05345, 0.981078, -12.028893), (-12.053596, 1.023285, -11.869864), (-11.896886, 0.969744, -12.029828)
(-12.209978, 0.990051, -12.028143), (-12.05345, 0.981078, -12.028893), (-12.053158, 0.939916, -12.187786)
(-12.209978, 0.990051, -12.028143), (-12.21015, 1.031174, -11.869115), (-12.05345, 0.981078, -12.028893)
(-12.366477, 0.996466, -12.027592), (-12.209978, 0.990051, -12.028143), (-12.209675, 0.949651, -12.18705)
(-12.366477, 0.996466, -12.027592), (-12.366677, 1.036376, -11.868592), (-12.209978, 0.990051, -12.028143)
(-12.522946, 1.000147, -12.027246), (-12.366477, 0.996466, -12.027592), (-12.366152, 0.956969, -12.186481)
(-12.522946, 1.000147, -12.027246), (-12.523186, 1.038907, -11.8683), (-12.366477, 0.996466, -12.027592)
(-12.053596, 1.023285, -11.869864), (-12.053583, 1.06617, -11.710772), (-11.897007, 1.012809, -11.870838)
(-12.053596, 1.023285, -11.869864), (-11.897007, 1.012809, -11.870838), (-11.896886, 0.969744, -12.029828)
(-12.21015, 1.031174, -11.869115), (-12.053596, 1.023285, -11.869864), (-12.05345, 0.981078, -12.028893)
(-12.21015, 1.031174, -11.869115), (-12.210179, 1.072702, -11.710028), (-12.053596, 1.023285, -11.869864)
(-12.366677, 1.036376, -11.868592), (-12.366756, 1.076511, -11.709539), (-12.21015, 1.031174, -11.869115)
(-12.366677, 1.036376, -11.868592), (-12.21015, 1.031174, -11.869115), (-12.209978, 0.990051, -12.028143)
(-12.523186, 1.038907, -11.8683), (-12.366677, 1.036376, -11.868592), (-12.366477, 0.996466, -12.027592)
(-12.523186, 1.038907, -11.8683), (-12.523314, 1.077557, -11.709316), (-12.366677, 1.036376, -11.868592)
(-12.053583, 1.06617, -11.710772), (-11.89695, 1.056851, -11.71178), (-11.897007, 1.012809, -11.870838)
(-12.053583, 1.06617, -11.710772), (-12.05337, 1.109202, -11.551719), (-11.89695, 1.056851, -11.71178)
(-12.210179, 1.072702, -11.710028), (-12.053583, 1.06617, -11.710772), (-12.053596, 1.023285, -11.869864)
(-12.210179, 1.072702, -11.710028), (-12.210043, 1.114242, -11.550968), (-12.053583, 1.06617, -11.710772)
(-12.366756, 1.076511, -11.709539), (-12.210179, 1.072702, -11.710028), (-12.21015, 1.031174, -11.869115)
(-12.366756, 1.076511, -11.709539), (-12.366685, 1.11634, -11.550531), (-12.210179, 1.072702, -11.710028)
(-12.523314, 1.077557, -11.709316), (-12.366756, 1.076511, -11.709539), (-12.366677, 1.036376, -11.868592)
(-12.523314, 1.077557, -11.709316), (-12.523317, 1.115744, -11.550371), (-12.366756, 1.076511, -11.709539)
(-12.05337, 1.109202, -11.551719), (-12.052993, 1.152607, -11.392725), (-11.896673, 1.10144, -11.55275)
(-12.05337, 1.109202, -11.551719), (-11.896673, 1.10144, -11.55275), (-11.89695, 1.056851, -11.71178)
(-12.210043, 1.114242, -11.550968), (-12.209755, 1.155861, -11.391978), (-12.05337, 1.109202, -11.551719)
(-12.210043, 1.114242, -11.550968), (-12.05337, 1.109202, -11.551719), (-12.053583, 1.06617, -11.710772)
(-12.366685, 1.11634, -11.550531), (-12.366494, 1.156217, -11.391572), (-12.210043, 1.114242, -11.550968)
(-12.366685, 1.11634, -11.550531), (-12.210043, 1.114242, -11.550968), (-12.210179, 1.072702, -11.710028)
(-12.523317, 1.115744, -11.550371), (-12.523212, 1.153831, -11.391479), (-12.366685, 1.11634, -11.550531)
(-12.523317, 1.115744, -11.550371), (-12.366685, 1.11634, -11.550531), (-12.366756, 1.076511, -11.709539)
(-12.052993, 1.152607, -11.392725), (-11.896204, 1.146558, -11.393789), (-11.896673, 1.10144, -11.55275)
(-12.052993, 1.152607, -11.392725), (-12.052422, 1.195887, -11.233907), (-11.896204, 1.146558, -11.393789)
(-12.209755, 1.155861, -11.391978), (-12.052993, 1.152607, -11.392725), (-12.05337, 1.109202, -11.551719)
(-12.209755, 1.155861, -11.391978), (-12.209296, 1.197092, -11.233176), (-12.052993, 1.152607, -11.392725)
(-12.366494, 1.156217, -11.391572), (-12.209755, 1.155861, -11.391978), (-12.210043, 1.114242, -11.550968)
(-12.366494, 1.156217, -11.391572), (-12.366151, 1.195566, -11.232792), (-12.209755, 1.155861, -11.391978)
(-12.523212, 1.153831, -11.391479), (-12.366494, 1.156217, -11.391572), (-12.366685, 1.11634, -11.550531)
(-12.523212, 1.153831, -11.391479), (-12.522994, 1.191511, -11.232727), (-12.366494, 1.156217, -11.391572)
# -11.652872083353333, 0, -11.719774083353332
(-11.426915, 0.924303, -12.033571), (-11.270145, 0.906497, -12.035074), (-11.269921, 0.864928, -12.193411)
(-11.426915, 0.924303, -12.033571), (-11.426968, 0.968558, -11.87492), (-11.270145, 0.906497, -12.035074)
(-11.583623, 0.941015, -12.032187), (-11.426915, 0.924303, -12.033571), (-11.426672, 0.882392, -12.192072)
(-11.583623, 0.941015, -12.032187), (-11.583698, 0.98511, -11.873393), (-11.426915, 0.924303, -12.033571)
(-11.740275, 0.956275, -12.030931), (-11.583623, 0.941015, -12.032187), (-11.583368, 0.898949, -12.19083)
(-11.740275, 0.956275, -12.030931), (-11.740371, 0.999954, -11.872026), (-11.583623, 0.941015, -12.032187)
(-11.896886, 0.969744, -12.029828), (-11.740275, 0.956275, -12.030931), (-11.740007, 0.914293, -12.189689)
(-11.896886, 0.969744, -12.029828), (-11.897007, 1.012809, -11.870838), (-11.740275, 0.956275, -12.030931)
(-11.426968, 0.968558, -11.87492), (-11.426794, 1.014947, -11.716184), (-11.270176, 0.950655, -11.8766)
(-11.426968, 0.968558, -11.87492), (-11.270176, 0.950655, -11.8766), (-11.270145, 0.906497, -12.035074)
(-11.583698, 0.98511, -11.873393), (-11.426968, 0.968558, -11.87492), (-11.426915, 0.924303, -12.033571)
(-11.583698, 0.98511, -11.873393), (-11.583558, 1.030945, -11.714511), (-11.426968, 0.968558, -11.87492)
(-11.740371, 0.999954, -11.872026), (-11.740275, 1.045013, -11.713036), (-11.583698, 0.98511, -11.873393)
(-11.740371, 0.999954, -11.872026), (-11.583698, 0.98511, -11.873393), (-11.583623, 0.941015, -12.032187)
(-11.897007, 1.012809, -11.870838), (-11.740371, 0.999954, -11.872026), (-11.740275, 0.956275, -12.030931)
(-11.897007, 1.012809, -11.870838), (-11.89695, 1.056851, -11.71178), (-11.740371, 0.999954, -11.872026)
(-11.426794, 1.014947, -11.716184), (-11.269957, 0.997389, -11.718037), (-11.270176, 0.950655, -11.8766)
(-11.426794, 1.014947, -11.716184), (-11.426325, 1.063213, -11.557454), (-11.269957, 0.997389, -11.718037)
(-11.583558, 1.030945, -11.714511), (-11.426794, 1.014947, -11.716184), (-11.426968, 0.968558, -11.87492)
(-11.583558, 1.030945, -11.714511), (-11.583166, 1.078197, -11.555634), (-11.426794, 1.014947, -11.716184)
(-11.740275, 1.045013, -11.713036), (-11.583558, 1.030945, -11.714511), (-11.583698, 0.98511, -11.873393)
(-11.740275, 1.045013, -11.713036), (-11.739942, 1.091038, -11.554061), (-11.583558, 1.030945, -11.714511)
(-11.89695, 1.056851, -11.71178), (-11.740275, 1.045013, -11.713036), (-11.740371, 0.999954, -11.872026)
(-11.89695, 1.056851, -11.71178), (-11.896673, 1.10144, -11.55275), (-11.740275, 1.045013, -11.713036)
(-11.426325, 1.063213, -11.557454), (-11.425599, 1.112961, -11.398787), (-11.269427, 1.046494, -11.559482)
(-11.426325, 1.063213, -11.557454), (-11.269427, 1.046494, -11.559482), (-11.269957, 0.997389, -11.718037)
(-11.583166, 1.078197, -11.555634), (-11.582523, 1.126544, -11.396833), (-11.426325, 1.063213, -11.557454)
(-11.583166, 1.078197, -11.555634), (-11.426325, 1.063213, -11.557454), (-11.426794, 1.014947, -11.716184)
(-11.739942, 1.091038, -11.554061), (-11.739389, 1.137856, -11.395155), (-11.583166, 1.078197, -11.555634)
(-11.739942, 1.091038, -11.554061), (-11.583166, 1.078197, -11.555634), (-11.583558, 1.030945, -11.714511)
(-11.896673, 1.10144, -11.55275), (-11.896204, 1.146558, -11.393789), (-11.739942, 1.091038, -11.554061)
(-11.896673, 1.10144, -11.55275), (-11.739942, 1.091038, -11.554061), (-11.740275, 1.045013, -11.713036)
(-11.425599, 1.112961, -11.398787), (-11.268611, 1.09746, -11.40099), (-11.269427, 1.046494, -11.559482)
(-11.425599, 1.112961, -11.398787), (-11.42456, 1.163808, -11.24031), (-11.268611, 1.09746, -11.40099)
(-11.582523, 1.126544, -11.396833), (-11.425599, 1.112961, -11.398787), (-11.426325, 1.063213, -11.557454)
(-11.582523, 1.126544, -11.396833), (-11.581587, 1.175535, -11.23824), (-11.425599, 1.112961, -11.398787)
(-11.739389, 1.137856, -11.395155), (-11.582523, 1.126544, -11.396833), (-11.583166, 1.078197, -11.555634)
(-11.739389, 1.137856, -11.395155), (-11.738567, 1.184922, -11.236468), (-11.582523, 1.126544, -11.396833)
(-11.896204, 1.146558, -11.393789), (-11.739389, 1.137856, -11.395155), (-11.739942, 1.091038, -11.554061)
(-11.896204, 1.146558, -11.393789), (-11.895515, 1.191818, -11.235004), (-11.739389, 1.137856, -11.395155)
# -10.985101850019998, 0, -11.719774083353332
(-10.799371, 0.850215, -12.040339), (-10.642256, 0.83187, -12.042436), (-10.642167, 0.793394, -12.199909)
(-10.799371, 0.850215, -12.040339), (-10.799282, 0.893088, -11.882534), (-10.642256, 0.83187, -12.042436)
(-10.956387, 0.869003, -12.038441), (-10.799371, 0.850215, -12.040339), (-10.799232, 0.810835, -12.198055)
(-10.956387, 0.869003, -12.038441), (-10.956337, 0.912551, -11.880393), (-10.799371, 0.850215, -12.040339)
(-11.113309, 0.887885, -12.036696), (-10.956387, 0.869003, -12.038441), (-10.956215, 0.828725, -12.19638)
(-11.113309, 0.887885, -12.036696), (-11.113297, 0.931882, -11.878422), (-10.956387, 0.869003, -12.038441)
(-11.270145, 0.906497, -12.035074), (-11.113309, 0.887885, -12.036696), (-11.113104, 0.84692, -12.194841)
(-11.270145, 0.906497, -12.035074), (-11.270176, 0.950655, -11.8766), (-11.113309, 0.887885, -12.036696)
(-10.799282, 0.893088, -11.882534), (-10.798913, 0.93951, -11.724671), (-10.642113, 0.873947, -11.884891)
(-10.799282, 0.893088, -11.882534), (-10.642113, 0.873947, -11.884891), (-10.642256, 0.83187, -12.042436)
(-10.956337, 0.912551, -11.880393), (-10.799282, 0.893088, -11.882534), (-10.799371, 0.850215, -12.040339)
(-10.956337, 0.912551, -11.880393), (-10.956022, 0.959316, -11.722271), (-10.799282, 0.893088, -11.882534)
(-11.113297, 0.931882, -11.878422), (-11.113035, 0.978714, -11.720067), (-10.956337, 0.912551, -11.880393)
(-11.113297, 0.931882, -11.878422), (-10.956337, 0.912551, -11.880393), (-10.956387, 0.869003, -12.038441)
(-11.270176, 0.950655, -11.8766), (-11.113297, 0.931882, -11.878422), (-11.113309, 0.887885, -12.036696)
(-11.270176, 0.950655, -11.8766), (-11.269957, 0.997389, -11.718037), (-11.113297, 0.931882, -11.878422)
(-10.798913, 0.93951, -11.724671), (-10.641676, 0.91995, -11.727315), (-10.642113, 0.873947, -11.884891)
(-10.798913, 0.93951, -11.724671), (-10.798173, 0.989814, -11.566845), (-10.641676, 0.91995, -11.727315)
(-10.956022, 0.959316, -11.722271), (-10.798913, 0.93951, -11.724671), (-10.799282, 0.893088, -11.882534)
(-10.956022, 0.959316, -11.722271), (-10.955377, 1.009333, -11.564161), (-10.798913, 0.93951, -11.724671)
(-11.113035, 0.978714, -11.720067), (-10.956022, 0.959316, -11.722271), (-10.956337, 0.912551, -11.880393)
(-11.113035, 0.978714, -11.720067), (-11.112451, 1.028402, -11.561714), (-10.956022, 0.959316, -11.722271)
(-11.269957, 0.997389, -11.718037), (-11.113035, 0.978714, -11.720067), (-11.113297, 0.931882, -11.878422)
(-11.269957, 0.997389, -11.718037), (-11.269427, 1.046494, -11.559482), (-11.113035, 0.978714, -11.720067)
(-10.798173, 0.989814, -11.566845), (-10.797091, 1.043152, -11.409079), (-10.640852, 0.970206, -11.569794)
(-10.798173, 0.989814, -11.566845), (-10.640852, 0.970206, -11.569794), (-10.641676, 0.91995, -11.727315)
(-10.955377, 1.009333, -11.564161), (-10.954388, 1.062106, -11.406112), (-10.798173, 0.989814, -11.566845)
(-10.955377, 1.009333, -11.564161), (-10.798173, 0.989814, -11.566845), (-10.798913, 0.93951, -11.724671)
(-11.112451, 1.028402, -11.561714), (-11.111556, 1.08037, -11.403421), (-10.955377, 1.009333, -11.564161)
(-11.112451, 1.028402, -11.561714), (-10.955377, 1.009333, -11.564161), (-10.956022, 0.959316, -11.722271)
(-11.269427, 1.046494, -11.559482), (-11.268611, 1.09746, -11.40099), (-11.112451, 1.028402, -11.561714)
(-11.269427, 1.046494, -11.559482), (-11.112451, 1.028402, -11.561714), (-11.113035, 0.978714, -11.720067)
(-10.797091, 1.043152, -11.409079), (-10.639652, 1.023968, -11.412346), (-10.640852, 0.970206, -11.569794)
(-10.797091, 1.043152, -11.409079), (-10.795544, 1.099619, -11.25152), (-10.639652, 1.023968, -11.412346)
(-10.954388, 1.062106, -11.406112), (-10.797091, 1.043152, -11.409079), (-10.798173, 0.989814, -11.566845)
(-10.954388, 1.062106, -11.406112), (-10.952964, 1.117468, -11.248279), (-10.797091, 1.043152, -11.409079)
(-11.111556, 1.08037, -11.403421), (-10.954388, 1.062106, -11.406112), (-10.955377, 1.009333, -11.564161)
(-11.111556, 1.08037, -11.403421), (-11.110257, 1.134391, -11.24534), (-10.954388, 1.062106, -11.406112)
(-11.268611, 1.09746, -11.40099), (-11.111556, 1.08037, -11.403421), (-11.112451, 1.028402, -11.561714)
(-11.268611, 1.09746, -11.40099), (-11.26746, 1.149973, -11.242678), (-11.111556, 1.08037, -11.403421)
# -10.317331616686666, 0, -11.719774083353332
(-10.170197, 0.783654, -12.050535), (-10.012588, 0.771171, -12.05407), (-10.012856, 0.736378, -12.210311)
(-10.170197, 0.783654, -12.050535), (-10.169806, 0.823071, -11.893922), (-10.012588, 0.771171, -12.05407)
(-10.327672, 0.798254, -12.047467), (-10.170197, 0.783654, -12.050535), (-10.17034, 0.748211, -12.20715)
(-10.327672, 0.798254, -12.047467), (-10.327372, 0.838665, -11.890521), (-10.170197, 0.783654, -12.050535)
(-10.485019, 0.814513, -12.044796), (-10.327672, 0.798254, -12.047467), (-10.327722, 0.761797, -12.204393)
(-10.485019, 0.814513, -12.044796), (-10.4848, 0.855823, -11.88754), (-10.327672, 0.798254, -12.047467)
(-10.642256, 0.83187, -12.042436), (-10.485019, 0.814513, -12.044796), (-10.484986, 0.777118, -12.20201)
(-10.642256, 0.83187, -12.042436), (-10.642113, 0.873947, -11.884891), (-10.485019, 0.814513, -12.044796)
(-10.012075, 0.809717, -11.897835), (-9.854141, 0.799489, -11.902362), (-9.854814, 0.761532, -12.058159)
(-10.012075, 0.809717, -11.897835), (-10.011224, 0.852931, -11.741675), (-9.854141, 0.799489, -11.902362)
(-10.169806, 0.823071, -11.893922), (-10.169096, 0.86686, -11.737342), (-10.012075, 0.809717, -11.897835)
(-10.169806, 0.823071, -11.893922), (-10.012075, 0.809717, -11.897835), (-10.012588, 0.771171, -12.05407)
(-10.327372, 0.838665, -11.890521), (-10.169806, 0.823071, -11.893922), (-10.170197, 0.783654, -12.050535)
(-10.327372, 0.838665, -11.890521), (-10.326767, 0.88329, -11.733581), (-10.169806, 0.823071, -11.893922)
(-10.4848, 0.855823, -11.88754), (-10.484296, 0.901086, -11.73026), (-10.327372, 0.838665, -11.890521)
(-10.4848, 0.855823, -11.88754), (-10.327372, 0.838665, -11.890521), (-10.327672, 0.798254, -12.047467)
(-10.642113, 0.873947, -11.884891), (-10.4848, 0.855823, -11.88754), (-10.485019, 0.814513, -12.044796)
(-10.642113, 0.873947, -11.884891), (-10.641676, 0.91995, -11.727315), (-10.4848, 0.855823, -11.88754)
(-10.011224, 0.852931, -11.741675), (-9.853128, 0.842112, -11.746666), (-9.854141, 0.799489, -11.902362)
(-10.011224, 0.852931, -11.741675), (-10.009919, 0.901734, -11.585702), (-9.853128, 0.842112, -11.746666)
(-10.169096, 0.86686, -11.737342), (-10.011224, 0.852931, -11.741675), (-10.012075, 0.809717, -11.897835)
(-10.169096, 0.86686, -11.737342), (-10.167932, 0.916263, -11.580938), (-10.011224, 0.852931, -11.741675)
(-10.326767, 0.88329, -11.733581), (-10.169096, 0.86686, -11.737342), (-10.169806, 0.823071, -11.893922)
(-10.326767, 0.88329, -11.733581), (-10.325755, 0.932789, -11.576747), (-10.169096, 0.86686, -11.737342)
(-10.484296, 0.901086, -11.73026), (-10.326767, 0.88329, -11.733581), (-10.327372, 0.838665, -11.890521)
(-10.484296, 0.901086, -11.73026), (-10.483388, 0.951026, -11.573067), (-10.326767, 0.88329, -11.733581)
(-10.641676, 0.91995, -11.727315), (-10.484296, 0.901086, -11.73026), (-10.4848, 0.855823, -11.88754)
(-10.641676, 0.91995, -11.727315), (-10.640852, 0.970206, -11.569794), (-10.484296, 0.901086, -11.73026)
(-10.009919, 0.901734, -11.585702), (-10.008117, 0.95587, -11.429926), (-9.851669, 0.890276, -11.591163)
(-10.009919, 0.901734, -11.585702), (-9.851669, 0.890276, -11.591163), (-9.853128, 0.842112, -11.746666)
(-10.167932, 0.916263, -11.580938), (-10.166319, 0.970285, -11.424665), (-10.009919, 0.901734, -11.585702)
(-10.167932, 0.916263, -11.580938), (-10.009919, 0.901734, -11.585702), (-10.011224, 0.852931, -11.741675)
(-10.325755, 0.932789, -11.576747), (-10.324301, 0.986843, -11.42004), (-10.167932, 0.916263, -11.580938)
(-10.325755, 0.932789, -11.576747), (-10.167932, 0.916263, -11.580938), (-10.169096, 0.86686, -11.737342)
(-10.483388, 0.951026, -11.573067), (-10.482074, 1.004945, -11.415966), (-10.325755, 0.932789, -11.576747)
(-10.483388, 0.951026, -11.573067), (-10.325755, 0.932789, -11.576747), (-10.326767, 0.88329, -11.733581)
(-10.640852, 0.970206, -11.569794), (-10.639652, 1.023968, -11.412346), (-10.483388, 0.951026, -11.573067)
(-10.640852, 0.970206, -11.569794), (-10.483388, 0.951026, -11.573067), (-10.484296, 0.901086, -11.73026)
(-10.008117, 0.95587, -11.429926), (-9.849657, 0.944489, -11.435928), (-9.851669, 0.890276, -11.591163)
(-10.008117, 0.95587, -11.429926), (-10.005739, 1.015305, -11.274415), (-9.849657, 0.944489, -11.435928)
(-10.166319, 0.970285, -11.424665), (-10.008117, 0.95587, -11.429926), (-10.009919, 0.901734, -11.585702)
(-10.166319, 0.970285, -11.424665), (-10.164126, 1.029505, -11.268677), (-10.008117, 0.95587, -11.429926)
(-10.324301, 0.986843, -11.42004), (-10.166319, 0.970285, -11.424665), (-10.167932, 0.916263, -11.580938)
(-10.324301, 0.986843, -11.42004), (-10.32227, 1.045757, -11.263617), (-10.166319, 0.970285, -11.424665)
(-10.482074, 1.004945, -11.415966), (-10.324301, 0.986843, -11.42004), (-10.325755, 0.932789, -11.576747)
(-10.482074, 1.004945, -11.415966), (-10.480209, 1.063267, -11.259131), (-10.324301, 0.986843, -11.42004)
(-10.639652, 1.023968, -11.412346), (-10.482074, 1.004945, -11.415966), (-10.483388, 0.951026, -11.573067)
(-10.639652, 1.023968, -11.412346), (-10.63797, 1.081356, -11.255116), (-10.482074, 1.004945, -11.415966)
