# -9.64956138335333, 0, -5.70984198335333
(-9.36413, 1.754192, -6.038413), (-9.20959, 1.701182, -6.039922), (-9.205706, 1.742298, -6.20245)
(-9.36413, 1.754192, -6.038413), (-9.367712, 1.71209, -5.876022), (-9.20959, 1.701182, -6.039922)
(-9.518746, 1.807266, -6.036898), (-9.36413, 1.754192, -6.038413), (-9.36016, 1.795218, -6.201062)
(-9.518746, 1.807266, -6.036898), (-9.522449, 1.765262, -5.874362), (-9.36413, 1.754192, -6.038413)
(-9.673496, 1.859866, -6.035367), (-9.518746, 1.807266, -6.036898), (-9.51469, 1.84795, -6.199701)
(-9.673496, 1.859866, -6.035367), (-9.67733, 1.818352, -5.872638), (-9.518746, 1.807266, -6.036898)
(-9.828445, 1.911758, -6.033781), (-9.673496, 1.859866, -6.035367), (-9.669369, 1.899928, -6.198348)
(-9.828445, 1.911758, -6.033781), (-9.832386, 1.870932, -5.870845), (-9.673496, 1.859866, -6.035367)
(-9.367712, 1.71209, -5.876022), (-9.370978, 1.669227, -5.713864), (-9.213049, 1.659156, -5.877656)
(-9.367712, 1.71209, -5.876022), (-9.213049, 1.659156, -5.877656), (-9.20959, 1.701182, -6.039922)
(-9.522449, 1.765262, -5.874362), (-9.525863, 1.722512, -5.712055), (-9.367712, 1.71209, -5.876022)
(-9.522449, 1.765262, -5.874362), (-9.367712, 1.71209, -5.876022), (-9.36413, 1.754192, -6.038413)
(-9.67733, 1.818352, -5.872638), (-9.680882, 1.775911, -5.710164), (-9.522449, 1.765262, -5.874362)
(-9.67733, 1.818352, -5.872638), (-9.522449, 1.765262, -5.874362), (-9.518746, 1.807266, -6.036898)
(-9.832386, 1.870932, -5.870845), (-9.836079, 1.829092, -5.708172), (-9.67733, 1.818352, -5.872638)
(-9.832386, 1.870932, -5.870845), (-9.67733, 1.818352, -5.872638), (-9.673496, 1.859866, -6.035367)
(-9.370978, 1.669227, -5.713864), (-9.216188, 1.616358, -5.715613), (-9.213049, 1.659156, -5.877656)
(-9.370978, 1.669227, -5.713864), (-9.373903, 1.62563, -5.551984), (-9.216188, 1.616358, -5.715613)
(-9.525863, 1.722512, -5.712055), (-9.370978, 1.669227, -5.713864), (-9.367712, 1.71209, -5.876022)
(-9.525863, 1.722512, -5.712055), (-9.528948, 1.678976, -5.55004), (-9.370978, 1.669227, -5.713864)
(-9.680882, 1.775911, -5.710164), (-9.525863, 1.722512, -5.712055), (-9.522449, 1.765262, -5.874362)
(-9.680882, 1.775911, -5.710164), (-9.684134, 1.732585, -5.547997), (-9.525863, 1.722512, -5.712055)
(-9.836079, 1.829092, -5.708172), (-9.680882, 1.775911, -5.710164), (-9.67733, 1.818352, -5.872638)
(-9.836079, 1.829092, -5.708172), (-9.839505, 1.786195, -5.545823), (-9.680882, 1.775911, -5.710164)
(-9.373903, 1.62563, -5.551984), (-9.218949, 1.572845, -5.553854), (-9.216188, 1.616358, -5.715613)
(-9.373903, 1.62563, -5.551984), (-9.376481, 1.581329, -5.390414), (-9.218949, 1.572845, -5.553854)
(-9.528948, 1.678976, -5.55004), (-9.531719, 1.634718, -5.388339), (-9.373903, 1.62563, -5.551984)
(-9.528948, 1.678976, -5.55004), (-9.373903, 1.62563, -5.551984), (-9.370978, 1.669227, -5.713864)
(-9.684134, 1.732585, -5.547997), (-9.528948, 1.678976, -5.55004), (-9.525863, 1.722512, -5.712055)
(-9.684134, 1.732585, -5.547997), (-9.687098, 1.688504, -5.386152), (-9.528948, 1.678976, -5.55004)
(-9.839505, 1.786195, -5.545823), (-9.842665, 1.742503, -5.383806), (-9.684134, 1.732585, -5.547997)
(-9.839505, 1.786195, -5.545823), (-9.684134, 1.732585, -5.547997), (-9.680882, 1.775911, -5.710164)
(-9.376481, 1.581329, -5.390414), (-9.221355, 1.528617, -5.392389), (-9.218949, 1.572845, -5.553854)
(-9.376481, 1.581329, -5.390414), (-9.378679, 1.536489, -5.229198), (-9.221355, 1.528617, -5.392389)
(-9.531719, 1.634718, -5.388339), (-9.376481, 1.581329, -5.390414), (-9.373903, 1.62563, -5.551984)
(-9.531719, 1.634718, -5.388339), (-9.534134, 1.589886, -5.227007), (-9.376481, 1.581329, -5.390414)
(-9.687098, 1.688504, -5.386152), (-9.531719, 1.634718, -5.388339), (-9.528948, 1.678976, -5.55004)
(-9.687098, 1.688504, -5.386152), (-9.689746, 1.643809, -5.224667), (-9.531719, 1.634718, -5.388339)
(-9.842665, 1.742503, -5.383806), (-9.687098, 1.688504, -5.386152), (-9.684134, 1.732585, -5.547997)
(-9.842665, 1.742503, -5.383806), (-9.845529, 1.698079, -5.222178), (-9.687098, 1.688504, -5.386152)
# -8.981791150019998, 0, -5.70984198335333
(-8.900723, 1.597204, -6.042845), (-8.746328, 1.546906, -6.044269), (-8.742705, 1.587708, -6.206592)
(-8.900723, 1.597204, -6.042845), (-8.903941, 1.555625, -5.880764), (-8.746328, 1.546906, -6.044269)
(-9.055122, 1.648747, -6.041402), (-8.900723, 1.597204, -6.042845), (-8.897011, 1.638174, -6.205216)
(-9.055122, 1.648747, -6.041402), (-9.058478, 1.606891, -5.879228), (-8.900723, 1.597204, -6.042845)
(-9.20959, 1.701182, -6.039922), (-9.055122, 1.648747, -6.041402), (-9.051331, 1.689828, -6.203836)
(-9.20959, 1.701182, -6.039922), (-9.213049, 1.659156, -5.877656), (-9.055122, 1.648747, -6.041402)
(-8.749449, 1.50561, -5.882245), (-8.752214, 1.463491, -5.720458), (-8.594979, 1.457099, -5.883667)
(-8.749449, 1.50561, -5.882245), (-8.594979, 1.457099, -5.883667), (-8.591935, 1.498148, -6.045656)
(-8.903941, 1.555625, -5.880764), (-8.906829, 1.51321, -5.718904), (-8.749449, 1.50561, -5.882245)
(-8.903941, 1.555625, -5.880764), (-8.749449, 1.50561, -5.882245), (-8.746328, 1.546906, -6.044269)
(-9.058478, 1.606891, -5.879228), (-9.061482, 1.564255, -5.717289), (-8.903941, 1.555625, -5.880764)
(-9.058478, 1.606891, -5.879228), (-8.903941, 1.555625, -5.880764), (-8.900723, 1.597204, -6.042845)
(-9.213049, 1.659156, -5.877656), (-9.216188, 1.616358, -5.715613), (-9.058478, 1.606891, -5.879228)
(-9.213049, 1.659156, -5.877656), (-9.058478, 1.606891, -5.879228), (-9.055122, 1.648747, -6.041402)
(-8.752214, 1.463491, -5.720458), (-8.597647, 1.415272, -5.721933), (-8.594979, 1.457099, -5.883667)
(-8.752214, 1.463491, -5.720458), (-8.75458, 1.420652, -5.558948), (-8.597647, 1.415272, -5.721933)
(-8.906829, 1.51321, -5.718904), (-8.752214, 1.463491, -5.720458), (-8.749449, 1.50561, -5.882245)
(-8.906829, 1.51321, -5.718904), (-8.909317, 1.47009, -5.557323), (-8.752214, 1.463491, -5.720458)
(-9.061482, 1.564255, -5.717289), (-8.906829, 1.51321, -5.718904), (-8.903941, 1.555625, -5.880764)
(-9.061482, 1.564255, -5.717289), (-9.064096, 1.520914, -5.55563), (-8.906829, 1.51321, -5.718904)
(-9.216188, 1.616358, -5.715613), (-9.061482, 1.564255, -5.717289), (-9.058478, 1.606891, -5.879228)
(-9.216188, 1.616358, -5.715613), (-9.218949, 1.572845, -5.553854), (-9.061482, 1.564255, -5.717289)
(-8.75458, 1.420652, -5.558948), (-8.599845, 1.372906, -5.560519), (-8.597647, 1.415272, -5.721933)
(-8.75458, 1.420652, -5.558948), (-8.756484, 1.377194, -5.397761), (-8.599845, 1.372906, -5.560519)
(-8.909317, 1.47009, -5.557323), (-8.911389, 1.426271, -5.396045), (-8.75458, 1.420652, -5.558948)
(-8.909317, 1.47009, -5.557323), (-8.75458, 1.420652, -5.558948), (-8.752214, 1.463491, -5.720458)
(-9.064096, 1.520914, -5.55563), (-8.909317, 1.47009, -5.557323), (-8.906829, 1.51321, -5.718904)
(-9.064096, 1.520914, -5.55563), (-9.066326, 1.47686, -5.394267), (-8.909317, 1.47009, -5.557323)
(-9.218949, 1.572845, -5.553854), (-9.221355, 1.528617, -5.392389), (-9.064096, 1.520914, -5.55563)
(-9.218949, 1.572845, -5.553854), (-9.064096, 1.520914, -5.55563), (-9.061482, 1.564255, -5.717289)
(-8.756484, 1.377194, -5.397761), (-8.601584, 1.329903, -5.399424), (-8.599845, 1.372906, -5.560519)
(-8.756484, 1.377194, -5.397761), (-8.757871, 1.3333, -5.236948), (-8.601584, 1.329903, -5.399424)
(-8.911389, 1.426271, -5.396045), (-8.756484, 1.377194, -5.397761), (-8.75458, 1.420652, -5.558948)
(-8.911389, 1.426271, -5.396045), (-8.912966, 1.382002, -5.235138), (-8.756484, 1.377194, -5.397761)
(-9.066326, 1.47686, -5.394267), (-8.911389, 1.426271, -5.396045), (-8.909317, 1.47009, -5.557323)
(-9.066326, 1.47686, -5.394267), (-9.068129, 1.432247, -5.233243), (-8.911389, 1.426271, -5.396045)
(-9.221355, 1.528617, -5.392389), (-9.066326, 1.47686, -5.394267), (-9.064096, 1.520914, -5.55563)
(-9.221355, 1.528617, -5.392389), (-9.223352, 1.483847, -5.231271), (-9.066326, 1.47686, -5.394267)
# -8.314020916686664, 0, -5.70984198335333
(-8.131579, 1.322801, -5.887564), (-8.13389, 1.282225, -5.726017), (-7.977043, 1.282532, -5.888751)
(-8.131579, 1.322801, -5.887564), (-7.977043, 1.282532, -5.888751), (-7.974432, 1.32216, -6.050554)
(-8.286052, 1.365515, -5.886333), (-8.28849, 1.324461, -5.724717), (-8.131579, 1.322801, -5.887564)
(-8.286052, 1.365515, -5.886333), (-8.131579, 1.322801, -5.887564), (-8.12885, 1.362831, -6.049423)
(-8.440524, 1.410311, -5.885028), (-8.443073, 1.368867, -5.723357), (-8.286052, 1.365515, -5.886333)
(-8.440524, 1.410311, -5.885028), (-8.286052, 1.365515, -5.886333), (-8.283226, 1.405859, -6.048231)
(-8.594979, 1.457099, -5.883667), (-8.597647, 1.415272, -5.721933), (-8.440524, 1.410311, -5.885028)
(-8.594979, 1.457099, -5.883667), (-8.440524, 1.410311, -5.885028), (-8.437562, 1.4511, -6.046985)
(-8.13389, 1.282225, -5.726017), (-7.979231, 1.242438, -5.727278), (-7.977043, 1.282532, -5.888751)
(-8.13389, 1.282225, -5.726017), (-8.1357, 1.241358, -5.564831), (-7.979231, 1.242438, -5.727278)
(-8.28849, 1.324461, -5.724717), (-8.13389, 1.282225, -5.726017), (-8.131579, 1.322801, -5.887564)
(-8.28849, 1.324461, -5.724717), (-8.290436, 1.283022, -5.563445), (-8.13389, 1.282225, -5.726017)
(-8.443073, 1.368867, -5.723357), (-8.28849, 1.324461, -5.724717), (-8.286052, 1.365515, -5.886333)
(-8.443073, 1.368867, -5.723357), (-8.445141, 1.326951, -5.562014), (-8.28849, 1.324461, -5.724717)
(-8.597647, 1.415272, -5.721933), (-8.443073, 1.368867, -5.723357), (-8.440524, 1.410311, -5.885028)
(-8.597647, 1.415272, -5.721933), (-8.599845, 1.372906, -5.560519), (-8.443073, 1.368867, -5.723357)
(-7.980878, 1.202305, -5.566203), (-7.981961, 1.162074, -5.405532), (-7.826042, 1.165707, -5.567524)
(-7.980878, 1.202305, -5.566203), (-7.826042, 1.165707, -5.567524), (-7.824554, 1.205058, -5.728476)
(-8.1357, 1.241358, -5.564831), (-7.980878, 1.202305, -5.566203), (-7.979231, 1.242438, -5.727278)
(-8.1357, 1.241358, -5.564831), (-8.136941, 1.200325, -5.404041), (-7.980878, 1.202305, -5.566203)
(-8.290436, 1.283022, -5.563445), (-8.291856, 1.241197, -5.402539), (-8.1357, 1.241358, -5.564831)
(-8.290436, 1.283022, -5.563445), (-8.1357, 1.241358, -5.564831), (-8.13389, 1.282225, -5.726017)
(-8.445141, 1.326951, -5.562014), (-8.290436, 1.283022, -5.563445), (-8.28849, 1.324461, -5.724717)
(-8.445141, 1.326951, -5.562014), (-8.446709, 1.284525, -5.401017), (-8.290436, 1.283022, -5.563445)
(-8.599845, 1.372906, -5.560519), (-8.601584, 1.329903, -5.399424), (-8.445141, 1.326951, -5.562014)
(-8.599845, 1.372906, -5.560519), (-8.445141, 1.326951, -5.562014), (-8.443073, 1.368867, -5.723357)
(-7.981961, 1.162074, -5.405532), (-7.826928, 1.126519, -5.407014), (-7.826042, 1.165707, -5.567524)
(-7.981961, 1.162074, -5.405532), (-7.982368, 1.122104, -5.245336), (-7.826928, 1.126519, -5.407014)
(-8.136941, 1.200325, -5.404041), (-7.981961, 1.162074, -5.405532), (-7.980878, 1.202305, -5.566203)
(-8.136941, 1.200325, -5.404041), (-8.137521, 1.159392, -5.243706), (-7.981961, 1.162074, -5.405532)
(-8.291856, 1.241197, -5.402539), (-8.136941, 1.200325, -5.404041), (-8.1357, 1.241358, -5.564831)
(-8.291856, 1.241197, -5.402539), (-8.292625, 1.199359, -5.242074), (-8.136941, 1.200325, -5.404041)
(-8.446709, 1.284525, -5.401017), (-8.291856, 1.241197, -5.402539), (-8.290436, 1.283022, -5.563445)
(-8.446709, 1.284525, -5.401017), (-8.447713, 1.241765, -5.240409), (-8.291856, 1.241197, -5.402539)
(-8.601584, 1.329903, -5.399424), (-8.446709, 1.284525, -5.401017), (-8.445141, 1.326951, -5.562014)
(-8.601584, 1.329903, -5.399424), (-8.60277, 1.286547, -5.238715), (-8.446709, 1.284525, -5.401017)
# -7.64625068335333, 0, -5.70984198335333
(-7.358626, 1.146528, -5.892855), (-7.360149, 1.109654, -5.731916), (-7.203849, 1.119754, -5.893814)
(-7.358626, 1.146528, -5.892855), (-7.203849, 1.119754, -5.893814), (-7.202023, 1.155799, -6.055038)
(-7.513318, 1.176367, -5.89189), (-7.515013, 1.138547, -5.730788), (-7.358626, 1.146528, -5.892855)
(-7.513318, 1.176367, -5.89189), (-7.358626, 1.146528, -5.892855), (-7.356618, 1.183581, -6.05424)
(-7.667938, 1.209106, -5.890897), (-7.669816, 1.170374, -5.729641), (-7.513318, 1.176367, -5.89189)
(-7.667938, 1.209106, -5.890897), (-7.513318, 1.176367, -5.89189), (-7.511165, 1.21412, -6.053396)
(-7.822519, 1.2445, -5.889847), (-7.824554, 1.205058, -5.728476), (-7.667938, 1.209106, -5.890897)
(-7.822519, 1.2445, -5.889847), (-7.667938, 1.209106, -5.890897), (-7.665634, 1.247528, -6.052516)
(-7.977043, 1.282532, -5.888751), (-7.979231, 1.242438, -5.727278), (-7.822519, 1.2445, -5.889847)
(-7.977043, 1.282532, -5.888751), (-7.822519, 1.2445, -5.889847), (-7.820024, 1.283721, -6.051588)
(-7.360149, 1.109654, -5.731916), (-7.205163, 1.084181, -5.733089), (-7.203849, 1.119754, -5.893814)
(-7.360149, 1.109654, -5.731916), (-7.361067, 1.073554, -5.571516), (-7.205163, 1.084181, -5.733089)
(-7.515013, 1.138547, -5.730788), (-7.360149, 1.109654, -5.731916), (-7.358626, 1.146528, -5.892855)
(-7.515013, 1.138547, -5.730788), (-7.51616, 1.101036, -5.570148), (-7.360149, 1.109654, -5.731916)
(-7.669816, 1.170374, -5.729641), (-7.515013, 1.138547, -5.730788), (-7.513318, 1.176367, -5.89189)
(-7.669816, 1.170374, -5.729641), (-7.671143, 1.131867, -5.56883), (-7.515013, 1.138547, -5.730788)
(-7.824554, 1.205058, -5.728476), (-7.669816, 1.170374, -5.729641), (-7.667938, 1.209106, -5.890897)
(-7.824554, 1.205058, -5.728476), (-7.826042, 1.165707, -5.567524), (-7.669816, 1.170374, -5.729641)
(-7.979231, 1.242438, -5.727278), (-7.824554, 1.205058, -5.728476), (-7.822519, 1.2445, -5.889847)
(-7.979231, 1.242438, -5.727278), (-7.980878, 1.202305, -5.566203), (-7.824554, 1.205058, -5.728476)
(-7.361067, 1.073554, -5.571516), (-7.361378, 1.038134, -5.411649), (-7.205895, 1.049435, -5.572926)
(-7.361067, 1.073554, -5.571516), (-7.205895, 1.049435, -5.572926), (-7.205163, 1.084181, -5.733089)
(-7.51616, 1.101036, -5.570148), (-7.361067, 1.073554, -5.571516), (-7.360149, 1.109654, -5.731916)
(-7.51616, 1.101036, -5.570148), (-7.516657, 1.064238, -5.410037), (-7.361067, 1.073554, -5.571516)
(-7.671143, 1.131867, -5.56883), (-7.671848, 1.093749, -5.408496), (-7.51616, 1.101036, -5.570148)
(-7.671143, 1.131867, -5.56883), (-7.51616, 1.101036, -5.570148), (-7.515013, 1.138547, -5.730788)
(-7.826042, 1.165707, -5.567524), (-7.671143, 1.131867, -5.56883), (-7.669816, 1.170374, -5.729641)
(-7.826042, 1.165707, -5.567524), (-7.826928, 1.126519, -5.407014), (-7.671143, 1.131867, -5.56883)
(-7.361378, 1.038134, -5.411649), (-7.206021, 1.015625, -5.413341), (-7.205895, 1.049435, -5.572926)
(-7.361378, 1.038134, -5.411649), (-7.361034, 1.003667, -5.252359), (-7.206021, 1.015625, -5.413341)
(-7.516657, 1.064238, -5.410037), (-7.361378, 1.038134, -5.411649), (-7.361067, 1.073554, -5.571516)
(-7.516657, 1.064238, -5.410037), (-7.516469, 1.028299, -5.250488), (-7.361378, 1.038134, -5.411649)
(-7.671848, 1.093749, -5.408496), (-7.516657, 1.064238, -5.410037), (-7.51616, 1.101036, -5.570148)
(-7.671848, 1.093749, -5.408496), (-7.671833, 1.05642, -5.248711), (-7.516657, 1.064238, -5.410037)
(-7.826928, 1.126519, -5.407014), (-7.671848, 1.093749, -5.408496), (-7.671143, 1.131867, -5.56883)
(-7.826928, 1.126519, -5.407014), (-7.827147, 1.08769, -5.246991), (-7.671848, 1.093749, -5.408496)
# -6.9784804500199975, 0, -5.70984198335333
(-6.738786, 1.05978, -5.897024), (-6.739485, 1.029435, -5.737072), (-6.583474, 1.046699, -5.898302)
(-6.738786, 1.05978, -5.897024), (-6.583474, 1.046699, -5.898302), (-6.582546, 1.075594, -6.058561)
(-6.893958, 1.076205, -5.895853), (-6.894851, 1.043905, -5.735631), (-6.738786, 1.05978, -5.897024)
(-6.893958, 1.076205, -5.895853), (-6.738786, 1.05978, -5.897024), (-6.737638, 1.090802, -6.057543)
(-7.048955, 1.096336, -5.894813), (-7.050066, 1.062227, -5.73432), (-6.893958, 1.076205, -5.895853)
(-7.048955, 1.096336, -5.894813), (-6.893958, 1.076205, -5.895853), (-6.892585, 1.109127, -6.056624)
(-7.203849, 1.119754, -5.893814), (-7.205163, 1.084181, -5.733089), (-7.048955, 1.096336, -5.894813)
(-7.203849, 1.119754, -5.893814), (-7.048955, 1.096336, -5.894813), (-7.047377, 1.130794, -6.055799)
(-6.739485, 1.029435, -5.737072), (-6.583962, 1.018683, -5.738655), (-6.583474, 1.046699, -5.898302)
(-6.739485, 1.029435, -5.737072), (-6.739693, 1.000149, -5.577756), (-6.583962, 1.018683, -5.738655)
(-6.894851, 1.043905, -5.735631), (-6.739485, 1.029435, -5.737072), (-6.738786, 1.05978, -5.897024)
(-6.894851, 1.043905, -5.735631), (-6.895226, 1.01253, -5.576014), (-6.739485, 1.029435, -5.737072)
(-7.050066, 1.062227, -5.73432), (-6.894851, 1.043905, -5.735631), (-6.893958, 1.076205, -5.895853)
(-7.050066, 1.062227, -5.73432), (-7.050619, 1.029023, -5.574415), (-6.894851, 1.043905, -5.735631)
(-7.205163, 1.084181, -5.733089), (-7.050066, 1.062227, -5.73432), (-7.048955, 1.096336, -5.894813)
(-7.205163, 1.084181, -5.733089), (-7.205895, 1.049435, -5.572926), (-7.050066, 1.062227, -5.73432)
(-6.739693, 1.000149, -5.577756), (-6.739429, 0.971942, -5.419055), (-6.584023, 0.991639, -5.579629)
(-6.739693, 1.000149, -5.577756), (-6.584023, 0.991639, -5.579629), (-6.583962, 1.018683, -5.738655)
(-6.895226, 1.01253, -5.576014), (-6.739693, 1.000149, -5.577756), (-6.739485, 1.029435, -5.737072)
(-6.895226, 1.01253, -5.576014), (-6.895061, 0.982335, -5.417024), (-6.739693, 1.000149, -5.577756)
(-7.050619, 1.029023, -5.574415), (-7.050591, 0.996892, -5.415118), (-6.895226, 1.01253, -5.576014)
(-7.050619, 1.029023, -5.574415), (-6.895226, 1.01253, -5.576014), (-6.894851, 1.043905, -5.735631)
(-7.205895, 1.049435, -5.572926), (-7.050619, 1.029023, -5.574415), (-7.050066, 1.062227, -5.73432)
(-7.205895, 1.049435, -5.572926), (-7.206021, 1.015625, -5.413341), (-7.050619, 1.029023, -5.574415)
(-6.739429, 0.971942, -5.419055), (-6.583671, 0.965656, -5.421209), (-6.584023, 0.991639, -5.579629)
(-6.739429, 0.971942, -5.419055), (-6.738731, 0.944822, -5.260928), (-6.583671, 0.965656, -5.421209)
(-6.895061, 0.982335, -5.417024), (-6.739429, 0.971942, -5.419055), (-6.739693, 1.000149, -5.577756)
(-6.895061, 0.982335, -5.417024), (-6.894397, 0.953278, -5.258632), (-6.739429, 0.971942, -5.419055)
(-7.050591, 0.996892, -5.415118), (-6.895061, 0.982335, -5.417024), (-6.895226, 1.01253, -5.576014)
(-7.050591, 0.996892, -5.415118), (-7.04999, 0.965983, -5.256438), (-6.895061, 0.982335, -5.417024)
(-7.206021, 1.015625, -5.413341), (-7.050591, 0.996892, -5.415118), (-7.050619, 1.029023, -5.574415)
(-7.206021, 1.015625, -5.413341), (-7.20554, 0.982798, -5.25434), (-7.050591, 0.996892, -5.415118)
# -6.3107102166866635, 0, -5.70984198335333
(-6.116084, 1.028371, -5.903483), (-6.11598, 1.008479, -5.744683), (-5.95967, 1.028747, -5.905756)
(-6.116084, 1.028371, -5.903483), (-5.95967, 1.028747, -5.905756), (-5.959755, 1.046179, -6.06483)
(-6.272161, 1.03113, -5.901495), (-6.272252, 1.008379, -5.742437), (-6.116084, 1.028371, -5.903483)
(-6.272161, 1.03113, -5.901495), (-6.116084, 1.028371, -5.903483), (-6.115901, 1.049, -6.062846)
(-6.427939, 1.037221, -5.899786), (-6.428233, 1.011713, -5.740433), (-6.272161, 1.03113, -5.901495)
(-6.427939, 1.037221, -5.899786), (-6.272161, 1.03113, -5.901495), (-6.271734, 1.054688, -6.061145)
(-6.583474, 1.046699, -5.898302), (-6.583962, 1.018683, -5.738655), (-6.427939, 1.037221, -5.899786)
(-6.583474, 1.046699, -5.898302), (-6.427939, 1.037221, -5.899786), (-6.427276, 1.063473, -6.059724)
(-6.11598, 1.008479, -5.744683), (-5.95935, 1.011932, -5.747194), (-5.95967, 1.028747, -5.905756)
(-6.11598, 1.008479, -5.744683), (-6.115613, 0.989266, -5.586412), (-5.95935, 1.011932, -5.747194)
(-6.272252, 1.008379, -5.742437), (-6.11598, 1.008479, -5.744683), (-6.116084, 1.028371, -5.903483)
(-6.272252, 1.008379, -5.742437), (-6.272042, 0.986345, -5.58394), (-6.11598, 1.008479, -5.744683)
(-6.428233, 1.011713, -5.740433), (-6.272252, 1.008379, -5.742437), (-6.272161, 1.03113, -5.901495)
(-6.428233, 1.011713, -5.740433), (-6.428156, 0.987083, -5.581683), (-6.272252, 1.008379, -5.742437)
(-6.583962, 1.018683, -5.738655), (-6.428233, 1.011713, -5.740433), (-6.427939, 1.037221, -5.899786)
(-6.583962, 1.018683, -5.738655), (-6.584023, 0.991639, -5.579629), (-6.428233, 1.011713, -5.740433)
(-6.115613, 0.989266, -5.586412), (-6.115035, 0.970356, -5.428562), (-5.958831, 0.995501, -5.589074)
(-6.115613, 0.989266, -5.586412), (-5.958831, 0.995501, -5.589074), (-5.95935, 1.011932, -5.747194)
(-6.272042, 0.986345, -5.58394), (-6.115613, 0.989266, -5.586412), (-6.11598, 1.008479, -5.744683)
(-6.272042, 0.986345, -5.58394), (-6.271547, 0.965016, -5.425954), (-6.115613, 0.989266, -5.586412)
(-6.428156, 0.987083, -5.581683), (-6.427739, 0.963362, -5.423502), (-6.272042, 0.986345, -5.58394)
(-6.428156, 0.987083, -5.581683), (-6.272042, 0.986345, -5.58394), (-6.272252, 1.008379, -5.742437)
(-6.584023, 0.991639, -5.579629), (-6.428156, 0.987083, -5.581683), (-6.428233, 1.011713, -5.740433)
(-6.584023, 0.991639, -5.579629), (-6.583671, 0.965656, -5.421209), (-6.428156, 0.987083, -5.581683)
(-6.115035, 0.970356, -5.428562), (-5.958148, 0.979121, -5.431303), (-5.958831, 0.995501, -5.589074)
(-6.115035, 0.970356, -5.428562), (-6.114245, 0.951571, -5.271049), (-5.958148, 0.979121, -5.431303)
(-6.271547, 0.965016, -5.425954), (-6.115035, 0.970356, -5.428562), (-6.115613, 0.989266, -5.586412)
(-6.271547, 0.965016, -5.425954), (-6.270801, 0.944114, -5.268377), (-6.115035, 0.970356, -5.428562)
(-6.427739, 0.963362, -5.423502), (-6.271547, 0.965016, -5.425954), (-6.272042, 0.986345, -5.58394)
(-6.427739, 0.963362, -5.423502), (-6.427, 0.940476, -5.265807), (-6.271547, 0.965016, -5.425954)
(-6.583671, 0.965656, -5.421209), (-6.427739, 0.963362, -5.423502), (-6.428156, 0.987083, -5.581683)
(-6.583671, 0.965656, -5.421209), (-6.582954, 0.940596, -5.263319), (-6.427739, 0.963362, -5.423502)
# -5.642939983353331, 0, -5.70984198335333
(-5.330108, 1.057243, -5.91704), (-5.328703, 1.053887, -5.758951), (-5.171786, 1.069541, -5.920017)
(-5.330108, 1.057243, -5.91704), (-5.171786, 1.069541, -5.920017), (-5.17347, 1.069394, -6.078234)
(-5.488077, 1.046687, -5.914037), (-5.486991, 1.039786, -5.755886), (-5.330108, 1.057243, -5.91704)
(-5.488077, 1.046687, -5.914037), (-5.330108, 1.057243, -5.91704), (-5.331428, 1.060693, -6.075346)
(-5.64569, 1.038113, -5.911081), (-5.644877, 1.027831, -5.752851), (-5.488077, 1.046687, -5.914037)
(-5.64569, 1.038113, -5.911081), (-5.488077, 1.046687, -5.914037), (-5.489077, 1.053651, -6.072454)
(-5.802876, 1.032093, -5.908306), (-5.802324, 1.018469, -5.749934), (-5.64569, 1.038113, -5.911081)
(-5.802876, 1.032093, -5.908306), (-5.64569, 1.038113, -5.911081), (-5.646375, 1.048611, -6.069658)
(-5.95967, 1.028747, -5.905756), (-5.95935, 1.011932, -5.747194), (-5.802876, 1.032093, -5.908306)
(-5.95967, 1.028747, -5.905756), (-5.802876, 1.032093, -5.908306), (-5.803269, 1.04603, -6.067091)
(-5.328703, 1.053887, -5.758951), (-5.170041, 1.069722, -5.761955), (-5.171786, 1.069541, -5.920017)
(-5.328703, 1.053887, -5.758951), (-5.327242, 1.050292, -5.600996), (-5.170041, 1.069722, -5.761955)
(-5.486991, 1.039786, -5.755886), (-5.328703, 1.053887, -5.758951), (-5.330108, 1.057243, -5.91704)
(-5.486991, 1.039786, -5.755886), (-5.485826, 1.032719, -5.59794), (-5.328703, 1.053887, -5.758951)
(-5.644877, 1.027831, -5.752851), (-5.486991, 1.039786, -5.755886), (-5.488077, 1.046687, -5.914037)
(-5.644877, 1.027831, -5.752851), (-5.643976, 1.017424, -5.594884), (-5.486991, 1.039786, -5.755886)
(-5.802324, 1.018469, -5.749934), (-5.644877, 1.027831, -5.752851), (-5.64569, 1.038113, -5.911081)
(-5.802324, 1.018469, -5.749934), (-5.801635, 1.004937, -5.591909), (-5.644877, 1.027831, -5.752851)
(-5.95935, 1.011932, -5.747194), (-5.802324, 1.018469, -5.749934), (-5.802876, 1.032093, -5.908306)
(-5.95935, 1.011932, -5.747194), (-5.958831, 0.995501, -5.589074), (-5.802324, 1.018469, -5.749934)
(-5.327242, 1.050292, -5.600996), (-5.168252, 1.069677, -5.603967), (-5.170041, 1.069722, -5.761955)
(-5.327242, 1.050292, -5.600996), (-5.325727, 1.04613, -5.443103), (-5.168252, 1.069677, -5.603967)
(-5.485826, 1.032719, -5.59794), (-5.484595, 1.025137, -5.44013), (-5.327242, 1.050292, -5.600996)
(-5.485826, 1.032719, -5.59794), (-5.327242, 1.050292, -5.600996), (-5.328703, 1.053887, -5.758951)
(-5.643976, 1.017424, -5.594884), (-5.485826, 1.032719, -5.59794), (-5.486991, 1.039786, -5.755886)
(-5.643976, 1.017424, -5.594884), (-5.64297, 1.006677, -5.437125), (-5.485826, 1.032719, -5.59794)
(-5.801635, 1.004937, -5.591909), (-5.800819, 0.99123, -5.434161), (-5.643976, 1.017424, -5.594884)
(-5.801635, 1.004937, -5.591909), (-5.643976, 1.017424, -5.594884), (-5.644877, 1.027831, -5.752851)
(-5.958831, 0.995501, -5.589074), (-5.801635, 1.004937, -5.591909), (-5.802324, 1.018469, -5.749934)
(-5.958831, 0.995501, -5.589074), (-5.958148, 0.979121, -5.431303), (-5.801635, 1.004937, -5.591909)
(-5.325727, 1.04613, -5.443103), (-5.166421, 1.069064, -5.445976), (-5.168252, 1.069677, -5.603967)
(-5.325727, 1.04613, -5.443103), (-5.324144, 1.040977, -5.285178), (-5.166421, 1.069064, -5.445976)
(-5.484595, 1.025137, -5.44013), (-5.325727, 1.04613, -5.443103), (-5.327242, 1.050292, -5.600996)
(-5.484595, 1.025137, -5.44013), (-5.483262, 1.016702, -5.282361), (-5.325727, 1.04613, -5.443103)
(-5.64297, 1.006677, -5.437125), (-5.484595, 1.025137, -5.44013), (-5.485826, 1.032719, -5.59794)
(-5.64297, 1.006677, -5.437125), (-5.641827, 0.995295, -5.279486), (-5.484595, 1.025137, -5.44013)
(-5.800819, 0.99123, -5.434161), (-5.64297, 1.006677, -5.437125), (-5.643976, 1.017424, -5.594884)
(-5.800819, 0.99123, -5.434161), (-5.799825, 0.977189, -5.276618), (-5.64297, 1.006677, -5.437125)
(-5.958148, 0.979121, -5.431303), (-5.800819, 0.99123, -5.434161), (-5.801635, 1.004937, -5.591909)
(-5.958148, 0.979121, -5.431303), (-5.957293, 0.962547, -5.273797), (-5.800819, 0.99123, -5.434161)
# -4.975169750019997, 0, -5.70984198335333
(-4.695501, 1.111817, -5.927644), (-4.692656, 1.121659, -5.769548), (-4.536654, 1.125791, -5.92936)
(-4.695501, 1.111817, -5.927644), (-4.536654, 1.125791, -5.92936), (-4.53973, 1.113868, -6.087496)
(-4.854387, 1.097376, -5.925436), (-4.85191, 1.104273, -5.767365), (-4.695501, 1.111817, -5.927644)
(-4.854387, 1.097376, -5.925436), (-4.695501, 1.111817, -5.927644), (-4.69824, 1.102331, -6.085756)
(-5.013187, 1.083081, -5.922853), (-5.011078, 1.086728, -5.764792), (-4.854387, 1.097376, -5.925436)
(-5.013187, 1.083081, -5.922853), (-4.854387, 1.097376, -5.925436), (-4.856772, 1.090744, -6.083567)
(-5.171786, 1.069541, -5.920017), (-5.170041, 1.069722, -5.761955), (-5.013187, 1.083081, -5.922853)
(-5.171786, 1.069541, -5.920017), (-5.013187, 1.083081, -5.922853), (-5.01522, 1.079581, -6.081019)
(-4.692656, 1.121659, -5.769548), (-4.53346, 1.138176, -5.771242), (-4.536654, 1.125791, -5.92936)
(-4.692656, 1.121659, -5.769548), (-4.689765, 1.131527, -5.611373), (-4.53346, 1.138176, -5.771242)
(-4.85191, 1.104273, -5.767365), (-4.692656, 1.121659, -5.769548), (-4.695501, 1.111817, -5.927644)
(-4.85191, 1.104273, -5.767365), (-4.849385, 1.111098, -5.609253), (-4.692656, 1.121659, -5.769548)
(-5.011078, 1.086728, -5.764792), (-4.85191, 1.104273, -5.767365), (-4.854387, 1.097376, -5.925436)
(-5.011078, 1.086728, -5.764792), (-5.008928, 1.090215, -5.606757), (-4.85191, 1.104273, -5.767365)
(-5.170041, 1.069722, -5.761955), (-5.011078, 1.086728, -5.764792), (-5.013187, 1.083081, -5.922853)
(-5.170041, 1.069722, -5.761955), (-5.168252, 1.069677, -5.603967), (-5.011078, 1.086728, -5.764792)
(-4.689765, 1.131527, -5.611373), (-4.530219, 1.150688, -5.613014), (-4.53346, 1.138176, -5.771242)
(-4.689765, 1.131527, -5.611373), (-4.686884, 1.141022, -5.453026), (-4.530219, 1.150688, -5.613014)
(-4.849385, 1.111098, -5.609253), (-4.846852, 1.117482, -5.451024), (-4.689765, 1.131527, -5.611373)
(-4.849385, 1.111098, -5.609253), (-4.689765, 1.131527, -5.611373), (-4.692656, 1.121659, -5.769548)
(-5.008928, 1.090215, -5.606757), (-4.849385, 1.111098, -5.609253), (-4.85191, 1.104273, -5.767365)
(-5.008928, 1.090215, -5.606757), (-5.006749, 1.093172, -5.448645), (-4.849385, 1.111098, -5.609253)
(-5.168252, 1.069677, -5.603967), (-5.166421, 1.069064, -5.445976), (-5.008928, 1.090215, -5.606757)
(-5.168252, 1.069677, -5.603967), (-5.008928, 1.090215, -5.606757), (-5.011078, 1.086728, -5.764792)
(-4.686884, 1.141022, -5.453026), (-4.527001, 1.162923, -5.454584), (-4.530219, 1.150688, -5.613014)
(-4.686884, 1.141022, -5.453026), (-4.684094, 1.149552, -5.294409), (-4.527001, 1.162923, -5.454584)
(-4.846852, 1.117482, -5.451024), (-4.686884, 1.141022, -5.453026), (-4.689765, 1.131527, -5.611373)
(-4.846852, 1.117482, -5.451024), (-4.844368, 1.122797, -5.292562), (-4.686884, 1.141022, -5.453026)
(-5.006749, 1.093172, -5.448645), (-4.846852, 1.117482, -5.451024), (-4.849385, 1.111098, -5.609253)
(-5.006749, 1.093172, -5.448645), (-5.004569, 1.095006, -5.290348), (-4.846852, 1.117482, -5.451024)
(-5.166421, 1.069064, -5.445976), (-5.006749, 1.093172, -5.448645), (-5.008928, 1.090215, -5.606757)
(-5.166421, 1.069064, -5.445976), (-5.164534, 1.067389, -5.287858), (-5.006749, 1.093172, -5.448645)
# -4.307399516686664, 0, -5.70984198335333
(-4.219585, 1.150111, -5.931017), (-4.215812, 1.166041, -5.772852), (-4.061563, 1.159498, -5.930918)
(-4.219585, 1.150111, -5.931017), (-4.061563, 1.159498, -5.930918), (-4.065379, 1.143246, -6.089056)
(-4.061563, 1.159498, -5.930918), (-4.057582, 1.176418, -5.772727), (-3.903993, 1.166322, -5.930179)
(-4.061563, 1.159498, -5.930918), (-3.903993, 1.166322, -5.930179), (-3.907928, 1.149703, -6.088367)
(-4.377973, 1.138761, -5.930517), (-4.374467, 1.153167, -5.772364), (-4.219585, 1.150111, -5.931017)
(-4.377973, 1.138761, -5.930517), (-4.219585, 1.150111, -5.931017), (-4.223203, 1.134836, -6.08916)
(-4.536654, 1.125791, -5.92936), (-4.53346, 1.138176, -5.771242), (-4.377973, 1.138761, -5.930517)
(-4.536654, 1.125791, -5.92936), (-4.377973, 1.138761, -5.930517), (-4.381346, 1.12489, -6.088649)
(-4.215812, 1.166041, -5.772852), (-4.057582, 1.176418, -5.772727), (-4.061563, 1.159498, -5.930918)
(-4.215812, 1.166041, -5.772852), (-4.211984, 1.182191, -5.614531), (-4.057582, 1.176418, -5.772727)
(-4.057582, 1.176418, -5.772727), (-3.899866, 1.183802, -5.771975), (-3.903993, 1.166322, -5.930179)
(-4.057582, 1.176418, -5.772727), (-4.053536, 1.193588, -5.614378), (-3.899866, 1.183802, -5.771975)
(-4.374467, 1.153167, -5.772364), (-4.215812, 1.166041, -5.772852), (-4.219585, 1.150111, -5.931017)
(-4.374467, 1.153167, -5.772364), (-4.370906, 1.167804, -5.614089), (-4.215812, 1.166041, -5.772852)
(-4.53346, 1.138176, -5.771242), (-4.374467, 1.153167, -5.772364), (-4.377973, 1.138761, -5.930517)
(-4.53346, 1.138176, -5.771242), (-4.530219, 1.150688, -5.613014), (-4.374467, 1.153167, -5.772364)
(-4.211984, 1.182191, -5.614531), (-4.208188, 1.198231, -5.455981), (-4.053536, 1.193588, -5.614378)
(-4.211984, 1.182191, -5.614531), (-4.053536, 1.193588, -5.614378), (-4.057582, 1.176418, -5.772727)
(-4.053536, 1.193588, -5.614378), (-3.895664, 1.201526, -5.613617), (-3.899866, 1.183802, -5.771975)
(-4.053536, 1.193588, -5.614378), (-4.049531, 1.210608, -5.455793), (-3.895664, 1.201526, -5.613617)
(-4.370906, 1.167804, -5.614089), (-4.211984, 1.182191, -5.614531), (-4.215812, 1.166041, -5.772852)
(-4.370906, 1.167804, -5.614089), (-4.367384, 1.182194, -5.45558), (-4.211984, 1.182191, -5.614531)
(-4.530219, 1.150688, -5.613014), (-4.527001, 1.162923, -5.454584), (-4.370906, 1.167804, -5.614089)
(-4.530219, 1.150688, -5.613014), (-4.370906, 1.167804, -5.614089), (-4.374467, 1.153167, -5.772364)
(-4.208188, 1.198231, -5.455981), (-4.049531, 1.210608, -5.455793), (-4.053536, 1.193588, -5.614378)
(-4.208188, 1.198231, -5.455981), (-4.204582, 1.21344, -5.297082), (-4.049531, 1.210608, -5.455793)
(-4.049531, 1.210608, -5.455793), (-3.891504, 1.219018, -5.455021), (-3.895664, 1.201526, -5.613617)
(-4.049531, 1.210608, -5.455793), (-4.045717, 1.226821, -5.29687), (-3.891504, 1.219018, -5.455021)
(-4.367384, 1.182194, -5.45558), (-4.208188, 1.198231, -5.455981), (-4.211984, 1.182191, -5.614531)
(-4.367384, 1.182194, -5.45558), (-4.364044, 1.195622, -5.296711), (-4.208188, 1.198231, -5.455981)
(-4.527001, 1.162923, -5.454584), (-4.367384, 1.182194, -5.45558), (-4.370906, 1.167804, -5.614089)
(-4.527001, 1.162923, -5.454584), (-4.523936, 1.174047, -5.295797), (-4.367384, 1.182194, -5.45558)
# -3.6396292833533312, 0, -5.70984198335333
(-3.903993, 1.166322, -5.930179), (-3.899866, 1.183802, -5.771975), (-3.746893, 1.170314, -5.92888)
(-3.903993, 1.166322, -5.930179), (-3.746893, 1.170314, -5.92888), (-3.750898, 1.153616, -6.087069)
(-3.746893, 1.170314, -5.92888), (-3.742705, 1.187837, -5.770643), (-3.590277, 1.17109, -5.927073)
(-3.746893, 1.170314, -5.92888), (-3.590277, 1.17109, -5.927073), (-3.594286, 1.154661, -6.085267)
(-3.590277, 1.17109, -5.927073), (-3.58609, 1.188355, -5.768816), (-3.434128, 1.168422, -5.924854)
(-3.590277, 1.17109, -5.927073), (-3.434128, 1.168422, -5.924854), (-3.438077, 1.152679, -6.083076)
(-3.434128, 1.168422, -5.924854), (-3.430022, 1.184965, -5.76655), (-3.278413, 1.162139, -5.922317)
(-3.434128, 1.168422, -5.924854), (-3.278413, 1.162139, -5.922317), (-3.282236, 1.147653, -6.080603)
(-3.899866, 1.183802, -5.771975), (-3.742705, 1.187837, -5.770643), (-3.746893, 1.170314, -5.92888)
(-3.899866, 1.183802, -5.771975), (-3.895664, 1.201526, -5.613617), (-3.742705, 1.187837, -5.770643)
(-3.742705, 1.187837, -5.770643), (-3.58609, 1.188355, -5.768816), (-3.590277, 1.17109, -5.927073)
(-3.742705, 1.187837, -5.770643), (-3.738428, 1.205637, -5.612269), (-3.58609, 1.188355, -5.768816)
(-3.58609, 1.188355, -5.768816), (-3.430022, 1.184965, -5.76655), (-3.434128, 1.168422, -5.924854)
(-3.58609, 1.188355, -5.768816), (-3.581852, 1.205609, -5.610385), (-3.430022, 1.184965, -5.76655)
(-3.430022, 1.184965, -5.76655), (-3.274435, 1.17769, -5.763971), (-3.278413, 1.162139, -5.922317)
(-3.430022, 1.184965, -5.76655), (-3.425861, 1.201581, -5.608096), (-3.274435, 1.17769, -5.763971)
(-3.895664, 1.201526, -5.613617), (-3.891504, 1.219018, -5.455021), (-3.738428, 1.205637, -5.612269)
(-3.895664, 1.201526, -5.613617), (-3.738428, 1.205637, -5.612269), (-3.742705, 1.187837, -5.770643)
(-3.738428, 1.205637, -5.612269), (-3.581852, 1.205609, -5.610385), (-3.58609, 1.188355, -5.768816)
(-3.738428, 1.205637, -5.612269), (-3.73421, 1.222989, -5.453646), (-3.581852, 1.205609, -5.610385)
(-3.581852, 1.205609, -5.610385), (-3.577657, 1.222427, -5.451742), (-3.425861, 1.201581, -5.608096)
(-3.581852, 1.205609, -5.610385), (-3.425861, 1.201581, -5.608096), (-3.430022, 1.184965, -5.76655)
(-3.425861, 1.201581, -5.608096), (-3.270417, 1.193388, -5.605487), (-3.274435, 1.17769, -5.763971)
(-3.425861, 1.201581, -5.608096), (-3.421762, 1.217561, -5.449431), (-3.270417, 1.193388, -5.605487)
(-3.891504, 1.219018, -5.455021), (-3.73421, 1.222989, -5.453646), (-3.738428, 1.205637, -5.612269)
(-3.891504, 1.219018, -5.455021), (-3.887591, 1.235319, -5.296054), (-3.73421, 1.222989, -5.453646)
(-3.73421, 1.222989, -5.453646), (-3.577657, 1.222427, -5.451742), (-3.581852, 1.205609, -5.610385)
(-3.73421, 1.222989, -5.453646), (-3.730211, 1.239143, -5.2947), (-3.577657, 1.222427, -5.451742)
(-3.577657, 1.222427, -5.451742), (-3.421762, 1.217561, -5.449431), (-3.425861, 1.201581, -5.608096)
(-3.577657, 1.222427, -5.451742), (-3.573673, 1.237866, -5.292806), (-3.421762, 1.217561, -5.449431)
(-3.421762, 1.217561, -5.449431), (-3.266471, 1.208412, -5.44681), (-3.270417, 1.193388, -5.605487)
(-3.421762, 1.217561, -5.449431), (-3.417848, 1.232124, -5.290522), (-3.266471, 1.208412, -5.44681)
# -2.9718590500199973, 0, -5.70984198335333
(-3.278413, 1.162139, -5.922317), (-3.274435, 1.17769, -5.763971), (-3.12306, 1.152535, -5.91959)
(-3.278413, 1.162139, -5.922317), (-3.12306, 1.152535, -5.91959), (-3.126742, 1.139405, -6.077905)
(-3.12306, 1.152535, -5.91959), (-3.119266, 1.166633, -5.761192), (-2.96805, 1.139577, -5.916743)
(-3.12306, 1.152535, -5.91959), (-2.96805, 1.139577, -5.916743), (-2.971561, 1.128272, -6.075093)
(-2.96805, 1.139577, -5.916743), (-2.964455, 1.151956, -5.758306), (-2.813306, 1.124023, -5.91388)
(-2.96805, 1.139577, -5.916743), (-2.813306, 1.124023, -5.91388), (-2.816652, 1.114792, -6.07225)
(-2.813306, 1.124023, -5.91388), (-2.809927, 1.134253, -5.75541), (-2.658828, 1.106195, -5.911049)
(-2.813306, 1.124023, -5.91388), (-2.658828, 1.106195, -5.911049), (-2.661995, 1.099409, -6.069432)
(-2.658828, 1.106195, -5.911049), (-2.655646, 1.114009, -5.752568), (-2.504576, 1.086851, -5.908301)
(-2.658828, 1.106195, -5.911049), (-2.504576, 1.086851, -5.908301), (-2.50761, 1.0827, -6.066677)
(-3.274435, 1.17769, -5.763971), (-3.119266, 1.166633, -5.761192), (-3.12306, 1.152535, -5.91959)
(-3.274435, 1.17769, -5.763971), (-3.270417, 1.193388, -5.605487), (-3.119266, 1.166633, -5.761192)
(-3.119266, 1.166633, -5.761192), (-2.964455, 1.151956, -5.758306), (-2.96805, 1.139577, -5.916743)
(-3.119266, 1.166633, -5.761192), (-3.11545, 1.181057, -5.602667), (-2.964455, 1.151956, -5.758306)
(-2.964455, 1.151956, -5.758306), (-2.809927, 1.134253, -5.75541), (-2.813306, 1.124023, -5.91388)
(-2.964455, 1.151956, -5.758306), (-2.960889, 1.164683, -5.59974), (-2.809927, 1.134253, -5.75541)
(-2.809927, 1.134253, -5.75541), (-2.655646, 1.114009, -5.752568), (-2.658828, 1.106195, -5.911049)
(-2.809927, 1.134253, -5.75541), (-2.806615, 1.145039, -5.596818), (-2.655646, 1.114009, -5.752568)
(-2.655646, 1.114009, -5.752568), (-2.501576, 1.091931, -5.749828), (-2.504576, 1.086851, -5.908301)
(-2.655646, 1.114009, -5.752568), (-2.652579, 1.122524, -5.593966), (-2.501576, 1.091931, -5.749828)
(-3.270417, 1.193388, -5.605487), (-3.266471, 1.208412, -5.44681), (-3.11545, 1.181057, -5.602667)
(-3.270417, 1.193388, -5.605487), (-3.11545, 1.181057, -5.602667), (-3.119266, 1.166633, -5.761192)
(-3.11545, 1.181057, -5.602667), (-2.960889, 1.164683, -5.59974), (-2.964455, 1.151956, -5.758306)
(-3.11545, 1.181057, -5.602667), (-3.111735, 1.19477, -5.443964), (-2.960889, 1.164683, -5.59974)
(-2.960889, 1.164683, -5.59974), (-2.957436, 1.17699, -5.441018), (-2.806615, 1.145039, -5.596818)
(-2.960889, 1.164683, -5.59974), (-2.806615, 1.145039, -5.596818), (-2.809927, 1.134253, -5.75541)
(-2.806615, 1.145039, -5.596818), (-2.652579, 1.122524, -5.593966), (-2.655646, 1.114009, -5.752568)
(-2.806615, 1.145039, -5.596818), (-2.803464, 1.155531, -5.438079), (-2.652579, 1.122524, -5.593966)
(-2.652579, 1.122524, -5.593966), (-2.649728, 1.130973, -5.435226), (-2.498734, 1.097822, -5.591239)
(-2.652579, 1.122524, -5.593966), (-2.498734, 1.097822, -5.591239), (-2.501576, 1.091931, -5.749828)
(-3.266471, 1.208412, -5.44681), (-3.111735, 1.19477, -5.443964), (-3.11545, 1.181057, -5.602667)
(-3.266471, 1.208412, -5.44681), (-3.26274, 1.221637, -5.287902), (-3.111735, 1.19477, -5.443964)
(-3.111735, 1.19477, -5.443964), (-2.957436, 1.17699, -5.441018), (-2.960889, 1.164683, -5.59974)
(-3.111735, 1.19477, -5.443964), (-3.108222, 1.206801, -5.285073), (-2.957436, 1.17699, -5.441018)
(-2.957436, 1.17699, -5.441018), (-2.803464, 1.155531, -5.438079), (-2.806615, 1.145039, -5.596818)
(-2.957436, 1.17699, -5.441018), (-2.954197, 1.187765, -5.282135), (-2.803464, 1.155531, -5.438079)
(-2.803464, 1.155531, -5.438079), (-2.649728, 1.130973, -5.435226), (-2.652579, 1.122524, -5.593966)
(-2.803464, 1.155531, -5.438079), (-2.800556, 1.164772, -5.279199), (-2.649728, 1.130973, -5.435226)
(-2.649728, 1.130973, -5.435226), (-2.496173, 1.103886, -5.432521), (-2.498734, 1.097822, -5.591239)
(-2.649728, 1.130973, -5.435226), (-2.647183, 1.138331, -5.27636), (-2.496173, 1.103886, -5.432521)
# -2.304088816686664, 0, -5.70984198335333
(-2.504576, 1.086851, -5.908301), (-2.501576, 1.091931, -5.749828), (-2.350557, 1.066626, -5.905665)
(-2.504576, 1.086851, -5.908301), (-2.350557, 1.066626, -5.905665), (-2.353493, 1.065385, -6.064017)
(-2.350557, 1.066626, -5.905665), (-2.347694, 1.068741, -5.747222), (-2.196778, 1.046224, -5.903154)
(-2.350557, 1.066626, -5.905665), (-2.196778, 1.046224, -5.903154), (-2.199641, 1.048024, -6.061463)
(-2.196778, 1.046224, -5.903154), (-2.194031, 1.045254, -5.744766), (-2.043267, 1.026447, -5.900778)
(-2.196778, 1.046224, -5.903154), (-2.043267, 1.026447, -5.900778), (-2.046057, 1.031177, -6.059021)
(-2.043267, 1.026447, -5.900778), (-2.040584, 1.022292, -5.742463), (-1.890007, 1.007838, -5.89853)
(-2.043267, 1.026447, -5.900778), (-1.890007, 1.007838, -5.89853), (-1.892797, 1.015695, -6.056698)
(-2.501576, 1.091931, -5.749828), (-2.347694, 1.068741, -5.747222), (-2.350557, 1.066626, -5.905665)
(-2.501576, 1.091931, -5.749828), (-2.498734, 1.097822, -5.591239), (-2.347694, 1.068741, -5.747222)
(-2.347694, 1.068741, -5.747222), (-2.194031, 1.045254, -5.744766), (-2.196778, 1.046224, -5.903154)
(-2.347694, 1.068741, -5.747222), (-2.345067, 1.071752, -5.588673), (-2.194031, 1.045254, -5.744766)
(-2.194031, 1.045254, -5.744766), (-2.040584, 1.022292, -5.742463), (-2.043267, 1.026447, -5.900778)
(-2.194031, 1.045254, -5.744766), (-2.191548, 1.045245, -5.586282), (-2.040584, 1.022292, -5.742463)
(-2.040584, 1.022292, -5.742463), (-1.887363, 1.000549, -5.740308), (-1.890007, 1.007838, -5.89853)
(-2.040584, 1.022292, -5.742463), (-2.038198, 1.01913, -5.584066), (-1.887363, 1.000549, -5.740308)
(-2.498734, 1.097822, -5.591239), (-2.345067, 1.071752, -5.588673), (-2.347694, 1.068741, -5.747222)
(-2.498734, 1.097822, -5.591239), (-2.496173, 1.103886, -5.432521), (-2.345067, 1.071752, -5.588673)
(-2.345067, 1.071752, -5.588673), (-2.34275, 1.075229, -5.430004), (-2.191548, 1.045245, -5.586282)
(-2.345067, 1.071752, -5.588673), (-2.191548, 1.045245, -5.586282), (-2.194031, 1.045254, -5.744766)
(-2.191548, 1.045245, -5.586282), (-2.038198, 1.01913, -5.584066), (-2.040584, 1.022292, -5.742463)
(-2.191548, 1.045245, -5.586282), (-2.189441, 1.045912, -5.427689), (-2.038198, 1.01913, -5.584066)
(-2.038198, 1.01913, -5.584066), (-2.03624, 1.016855, -5.425576), (-1.885035, 0.994223, -5.58202)
(-2.038198, 1.01913, -5.584066), (-1.885035, 0.994223, -5.58202), (-1.887363, 1.000549, -5.740308)
(-2.496173, 1.103886, -5.432521), (-2.34275, 1.075229, -5.430004), (-2.345067, 1.071752, -5.588673)
(-2.496173, 1.103886, -5.432521), (-2.493964, 1.109369, -5.273685), (-2.34275, 1.075229, -5.430004)
(-2.34275, 1.075229, -5.430004), (-2.189441, 1.045912, -5.427689), (-2.191548, 1.045245, -5.586282)
(-2.34275, 1.075229, -5.430004), (-2.340845, 1.0786, -5.27122), (-2.189441, 1.045912, -5.427689)
(-2.189441, 1.045912, -5.427689), (-2.03624, 1.016855, -5.425576), (-2.038198, 1.01913, -5.584066)
(-2.189441, 1.045912, -5.427689), (-2.187796, 1.04689, -5.268991), (-2.03624, 1.016855, -5.425576)
(-2.03624, 1.016855, -5.425576), (-1.883177, 0.988988, -5.423656), (-1.885035, 0.994223, -5.58202)
(-2.03624, 1.016855, -5.425576), (-2.034813, 1.015297, -5.266996), (-1.883177, 0.988988, -5.423656)
# -1.6363185833533305, 0, -5.70984198335333
(-1.890007, 1.007838, -5.89853), (-1.887363, 1.000549, -5.740308), (-1.73706, 0.991211, -5.896412)
(-1.890007, 1.007838, -5.89853), (-1.73706, 0.991211, -5.896412), (-1.739863, 1.002067, -6.054489)
(-1.73706, 0.991211, -5.896412), (-1.734402, 0.980747, -5.738294), (-1.584369, 0.976668, -5.894399)
(-1.73706, 0.991211, -5.896412), (-1.584369, 0.976668, -5.894399), (-1.587229, 0.990525, -6.052379)
(-1.584369, 0.976668, -5.894399), (-1.581681, 0.963233, -5.736402), (-1.431981, 0.96489, -5.892488)
(-1.584369, 0.976668, -5.894399), (-1.431981, 0.96489, -5.892488), (-1.434888, 0.981394, -6.050354)
(-1.431981, 0.96489, -5.892488), (-1.42922, 0.94853, -5.734621), (-1.279852, 0.95599, -5.89066)
(-1.431981, 0.96489, -5.892488), (-1.279852, 0.95599, -5.89066), (-1.282859, 0.975271, -6.048413)
(-1.887363, 1.000549, -5.740308), (-1.734402, 0.980747, -5.738294), (-1.73706, 0.991211, -5.896412)
(-1.887363, 1.000549, -5.740308), (-1.885035, 0.994223, -5.58202), (-1.734402, 0.980747, -5.738294)
(-1.734402, 0.980747, -5.738294), (-1.581681, 0.963233, -5.736402), (-1.584369, 0.976668, -5.894399)
(-1.734402, 0.980747, -5.738294), (-1.732092, 0.971323, -5.580131), (-1.581681, 0.963233, -5.736402)
(-1.581681, 0.963233, -5.736402), (-1.42922, 0.94853, -5.734621), (-1.431981, 0.96489, -5.892488)
(-1.581681, 0.963233, -5.736402), (-1.579337, 0.950773, -5.578381), (-1.42922, 0.94853, -5.734621)
(-1.42922, 0.94853, -5.734621), (-1.277004, 0.936895, -5.732931), (-1.279852, 0.95599, -5.89066)
(-1.42922, 0.94853, -5.734621), (-1.426799, 0.933101, -5.57675), (-1.277004, 0.936895, -5.732931)
(-1.885035, 0.994223, -5.58202), (-1.732092, 0.971323, -5.580131), (-1.734402, 0.980747, -5.738294)
(-1.885035, 0.994223, -5.58202), (-1.883177, 0.988988, -5.423656), (-1.732092, 0.971323, -5.580131)
(-1.732092, 0.971323, -5.580131), (-1.730263, 0.963072, -5.421913), (-1.579337, 0.950773, -5.578381)
(-1.732092, 0.971323, -5.580131), (-1.579337, 0.950773, -5.578381), (-1.581681, 0.963233, -5.736402)
(-1.579337, 0.950773, -5.578381), (-1.426799, 0.933101, -5.57675), (-1.42922, 0.94853, -5.734621)
(-1.579337, 0.950773, -5.578381), (-1.577502, 0.93967, -5.420323), (-1.426799, 0.933101, -5.57675)
(-1.426799, 0.933101, -5.57675), (-1.424891, 0.919147, -5.418864), (-1.274473, 0.918613, -5.575217)
(-1.426799, 0.933101, -5.57675), (-1.274473, 0.918613, -5.575217), (-1.277004, 0.936895, -5.732931)
(-1.883177, 0.988988, -5.423656), (-1.730263, 0.963072, -5.421913), (-1.732092, 0.971323, -5.580131)
(-1.883177, 0.988988, -5.423656), (-1.881891, 0.984807, -5.265216), (-1.730263, 0.963072, -5.421913)
(-1.730263, 0.963072, -5.421913), (-1.577502, 0.93967, -5.420323), (-1.579337, 0.950773, -5.578381)
(-1.730263, 0.963072, -5.421913), (-1.729048, 0.956227, -5.263634), (-1.577502, 0.93967, -5.420323)
(-1.577502, 0.93967, -5.420323), (-1.424891, 0.919147, -5.418864), (-1.426799, 0.933101, -5.57675)
(-1.577502, 0.93967, -5.420323), (-1.576294, 0.930209, -5.262225), (-1.424891, 0.919147, -5.418864)
(-1.424891, 0.919147, -5.418864), (-1.272458, 0.901963, -5.417513), (-1.274473, 0.918613, -5.575217)
(-1.424891, 0.919147, -5.418864), (-1.423649, 0.907277, -5.260958), (-1.272458, 0.901963, -5.417513)
# -0.968548350019997, 0, -5.70984198335333
(-0.828172, 0.975788, -6.042889), (-0.676907, 0.98269, -6.041081), (-0.680272, 1.010069, -6.198492)
(-0.828172, 0.975788, -6.042889), (-0.824839, 0.949395, -5.885489), (-0.676907, 0.98269, -6.041081)
(-0.676907, 0.98269, -6.041081), (-0.525685, 0.99305, -6.039248), (-0.529113, 1.021785, -6.19658)
(-0.676907, 0.98269, -6.041081), (-0.673461, 0.954325, -5.883792), (-0.525685, 0.99305, -6.039248)
(-1.279852, 0.95599, -5.89066), (-1.277004, 0.936895, -5.732931), (-1.127977, 0.950316, -5.8889)
(-1.279852, 0.95599, -5.89066), (-1.127977, 0.950316, -5.8889), (-1.131096, 0.972244, -6.046537)
(-1.127977, 0.950316, -5.8889), (-1.125003, 0.928479, -5.731307), (-0.976322, 0.948056, -5.887182)
(-1.127977, 0.950316, -5.8889), (-0.976322, 0.948056, -5.887182), (-0.979549, 0.972381, -6.044703)
(-0.976322, 0.948056, -5.887182), (-0.973217, 0.923704, -5.729734), (-0.824839, 0.949395, -5.885489)
(-0.976322, 0.948056, -5.887182), (-0.824839, 0.949395, -5.885489), (-0.828172, 0.975788, -6.042889)
(-0.824839, 0.949395, -5.885489), (-0.821586, 0.922615, -5.728181), (-0.673461, 0.954325, -5.883792)
(-0.824839, 0.949395, -5.885489), (-0.673461, 0.954325, -5.883792), (-0.676907, 0.98269, -6.041081)
(-0.673461, 0.954325, -5.883792), (-0.670061, 0.925372, -5.72662), (-0.522133, 0.963067, -5.882059)
(-0.673461, 0.954325, -5.883792), (-0.522133, 0.963067, -5.882059), (-0.525685, 0.99305, -6.039248)
(-1.277004, 0.936895, -5.732931), (-1.125003, 0.928479, -5.731307), (-1.127977, 0.950316, -5.8889)
(-1.277004, 0.936895, -5.732931), (-1.274473, 0.918613, -5.575217), (-1.125003, 0.928479, -5.731307)
(-1.125003, 0.928479, -5.731307), (-0.973217, 0.923704, -5.729734), (-0.976322, 0.948056, -5.887182)
(-1.125003, 0.928479, -5.731307), (-1.12236, 0.907647, -5.573761), (-0.973217, 0.923704, -5.729734)
(-0.973217, 0.923704, -5.729734), (-0.821586, 0.922615, -5.728181), (-0.824839, 0.949395, -5.885489)
(-0.973217, 0.923704, -5.729734), (-0.970405, 0.900194, -5.572354), (-0.821586, 0.922615, -5.728181)
(-0.821586, 0.922615, -5.728181), (-0.670061, 0.925372, -5.72662), (-0.673461, 0.954325, -5.883792)
(-0.821586, 0.922615, -5.728181), (-0.818587, 0.896512, -5.570967), (-0.670061, 0.925372, -5.72662)
(-0.670061, 0.925372, -5.72662), (-0.51859, 0.932177, -5.72501), (-0.522133, 0.963067, -5.882059)
(-0.670061, 0.925372, -5.72662), (-0.666865, 0.896826, -5.569564), (-0.51859, 0.932177, -5.72501)
(-1.274473, 0.918613, -5.575217), (-1.12236, 0.907647, -5.573761), (-1.125003, 0.928479, -5.731307)
(-1.274473, 0.918613, -5.575217), (-1.272458, 0.901963, -5.417513), (-1.12236, 0.907647, -5.573761)
(-1.12236, 0.907647, -5.573761), (-1.120191, 0.888333, -5.416245), (-0.970405, 0.900194, -5.572354)
(-1.12236, 0.907647, -5.573761), (-0.970405, 0.900194, -5.572354), (-0.973217, 0.923704, -5.729734)
(-0.970405, 0.900194, -5.572354), (-0.818587, 0.896512, -5.570967), (-0.821586, 0.922615, -5.728181)
(-0.970405, 0.900194, -5.572354), (-0.968056, 0.878318, -5.415029), (-0.818587, 0.896512, -5.570967)
(-0.818587, 0.896512, -5.570967), (-0.816016, 0.872009, -5.413832), (-0.666865, 0.896826, -5.569564)
(-0.818587, 0.896512, -5.570967), (-0.666865, 0.896826, -5.569564), (-0.670061, 0.925372, -5.72662)
(-0.666865, 0.896826, -5.569564), (-0.515205, 0.901492, -5.568106), (-0.51859, 0.932177, -5.72501)
(-0.666865, 0.896826, -5.569564), (-0.664067, 0.869886, -5.412617), (-0.515205, 0.901492, -5.568106)
(-1.272458, 0.901963, -5.417513), (-1.120191, 0.888333, -5.416245), (-1.12236, 0.907647, -5.573761)
(-1.272458, 0.901963, -5.417513), (-1.271102, 0.887606, -5.259809), (-1.120191, 0.888333, -5.416245)
(-1.120191, 0.888333, -5.416245), (-0.968056, 0.878318, -5.415029), (-0.970405, 0.900194, -5.572354)
(-1.120191, 0.888333, -5.416245), (-1.118679, 0.871617, -5.258747), (-0.968056, 0.878318, -5.415029)
(-0.968056, 0.878318, -5.415029), (-0.816016, 0.872009, -5.413832), (-0.818587, 0.896512, -5.570967)
(-0.968056, 0.878318, -5.415029), (-0.966328, 0.859106, -5.257742), (-0.816016, 0.872009, -5.413832)
(-0.816016, 0.872009, -5.413832), (-0.664067, 0.869886, -5.412617), (-0.666865, 0.896826, -5.569564)
(-0.816016, 0.872009, -5.413832), (-0.814065, 0.850577, -5.256758), (-0.664067, 0.869886, -5.412617)
(-0.664067, 0.869886, -5.412617), (-0.512161, 0.872105, -5.411336), (-0.515205, 0.901492, -5.568106)
(-0.664067, 0.869886, -5.412617), (-0.661842, 0.845973, -5.255754), (-0.512161, 0.872105, -5.411336)
# -0.3007781166866636, 0, -5.70984198335333
(-0.525685, 0.99305, -6.039248), (-0.374443, 1.006721, -6.03736), (-0.377935, 1.036489, -6.194625)
(-0.525685, 0.99305, -6.039248), (-0.522133, 0.963067, -5.882059), (-0.374443, 1.006721, -6.03736)
(-0.374443, 1.006721, -6.03736), (-0.223128, 1.023595, -6.03539), (-0.226677, 1.054105, -6.19261)
(-0.374443, 1.006721, -6.03736), (-0.37079, 0.975379, -5.880255), (-0.223128, 1.023595, -6.03539)
(-0.223128, 1.023595, -6.03539), (-0.071656, 1.043595, -6.033321), (-0.07526, 1.074481, -6.19052)
(-0.223128, 1.023595, -6.03539), (-0.219369, 0.991339, -5.878349), (-0.071656, 1.043595, -6.033321)
(-0.071656, 1.043595, -6.033321), (0.080023, 1.066417, -6.031133), (0.076407, 1.097329, -6.188343)
(-0.071656, 1.043595, -6.033321), (-0.067814, 1.0107, -5.876313), (0.080023, 1.066417, -6.031133)
(-0.522133, 0.963067, -5.882059), (-0.51859, 0.932177, -5.72501), (-0.37079, 0.975379, -5.880255)
(-0.522133, 0.963067, -5.882059), (-0.37079, 0.975379, -5.880255), (-0.374443, 1.006721, -6.03736)
(-0.37079, 0.975379, -5.880255), (-0.367105, 0.942897, -5.723315), (-0.219369, 0.991339, -5.878349)
(-0.37079, 0.975379, -5.880255), (-0.219369, 0.991339, -5.878349), (-0.223128, 1.023595, -6.03539)
(-0.219369, 0.991339, -5.878349), (-0.215552, 0.957597, -5.721492), (-0.067814, 1.0107, -5.876313)
(-0.219369, 0.991339, -5.878349), (-0.067814, 1.0107, -5.876313), (-0.071656, 1.043595, -6.033321)
(-0.067814, 1.0107, -5.876313), (-0.063879, 0.976141, -5.719509), (0.083928, 1.033286, -5.874126)
(-0.067814, 1.0107, -5.876313), (0.083928, 1.033286, -5.874126), (0.080023, 1.066417, -6.031133)
(-0.51859, 0.932177, -5.72501), (-0.367105, 0.942897, -5.723315), (-0.37079, 0.975379, -5.880255)
(-0.51859, 0.932177, -5.72501), (-0.515205, 0.901492, -5.568106), (-0.367105, 0.942897, -5.723315)
(-0.367105, 0.942897, -5.723315), (-0.215552, 0.957597, -5.721492), (-0.219369, 0.991339, -5.878349)
(-0.367105, 0.942897, -5.723315), (-0.363527, 0.910269, -5.566544), (-0.215552, 0.957597, -5.721492)
(-0.215552, 0.957597, -5.721492), (-0.063879, 0.976141, -5.719509), (-0.067814, 1.0107, -5.876313)
(-0.215552, 0.957597, -5.721492), (-0.211792, 0.923321, -5.56483), (-0.063879, 0.976141, -5.719509)
(-0.063879, 0.976141, -5.719509), (0.087959, 0.998303, -5.717336), (0.083928, 1.033286, -5.874126)
(-0.063879, 0.976141, -5.719509), (-0.059957, 0.940692, -5.562925), (0.087959, 0.998303, -5.717336)
(-0.515205, 0.901492, -5.568106), (-0.512161, 0.872105, -5.411336), (-0.363527, 0.910269, -5.566544)
(-0.515205, 0.901492, -5.568106), (-0.363527, 0.910269, -5.566544), (-0.367105, 0.942897, -5.723315)
(-0.363527, 0.910269, -5.566544), (-0.211792, 0.923321, -5.56483), (-0.215552, 0.957597, -5.721492)
(-0.363527, 0.910269, -5.566544), (-0.360245, 0.878742, -5.409935), (-0.211792, 0.923321, -5.56483)
(-0.211792, 0.923321, -5.56483), (-0.208273, 0.88981, -5.408359), (-0.059957, 0.940692, -5.562925)
(-0.211792, 0.923321, -5.56483), (-0.059957, 0.940692, -5.562925), (-0.063879, 0.976141, -5.719509)
(-0.059957, 0.940692, -5.562925), (0.092024, 0.962266, -5.560787), (0.087959, 0.998303, -5.717336)
(-0.059957, 0.940692, -5.562925), (-0.056226, 0.905679, -5.406557), (0.092024, 0.962266, -5.560787)
(-0.512161, 0.872105, -5.411336), (-0.360245, 0.878742, -5.409935), (-0.363527, 0.910269, -5.566544)
(-0.512161, 0.872105, -5.411336), (-0.509637, 0.845567, -5.254674), (-0.360245, 0.878742, -5.409935)
(-0.360245, 0.878742, -5.409935), (-0.208273, 0.88981, -5.408359), (-0.211792, 0.923321, -5.56483)
(-0.360245, 0.878742, -5.409935), (-0.357427, 0.849727, -5.253462), (-0.208273, 0.88981, -5.408359)
(-0.208273, 0.88981, -5.408359), (-0.056226, 0.905679, -5.406557), (-0.059957, 0.940692, -5.562925)
(-0.208273, 0.88981, -5.408359), (-0.205192, 0.858851, -5.252049), (-0.056226, 0.905679, -5.406557)
(-0.056226, 0.905679, -5.406557), (0.095946, 0.92619, -5.40448), (0.092024, 0.962266, -5.560787)
(-0.056226, 0.905679, -5.406557), (-0.052877, 0.872701, -5.250383), (0.095946, 0.92619, -5.40448)
