# 10.383545616646671, 0, 2.9711710499800033
(10.06453, 1.180283, 2.773078), (10.230021, 1.174057, 2.777403), (10.235186, 1.214647, 2.623609)
(10.06453, 1.180283, 2.773078), (10.059811, 1.141302, 2.926053), (10.230021, 1.174057, 2.777403)
(10.230021, 1.174057, 2.777403), (10.394711, 1.163563, 2.781029), (10.400707, 1.206274, 2.627555)
(10.230021, 1.174057, 2.777403), (10.224509, 1.133172, 2.930124), (10.394711, 1.163563, 2.781029)
(10.394711, 1.163563, 2.781029), (10.558319, 1.148379, 2.783689), (10.565056, 1.193017, 2.630534)
(10.394711, 1.163563, 2.781029), (10.388379, 1.12059, 2.933394), (10.558319, 1.148379, 2.783689)
(10.558319, 1.148379, 2.783689), (10.720633, 1.128522, 2.785235), (10.728016, 1.174925, 2.632417)
(10.558319, 1.148379, 2.783689), (10.551196, 1.103352, 2.935652), (10.720633, 1.128522, 2.785235)
(10.059811, 1.141302, 2.926053), (10.054893, 1.102614, 3.078134), (10.224509, 1.133172, 2.930124)
(10.059811, 1.141302, 2.926053), (10.224509, 1.133172, 2.930124), (10.230021, 1.174057, 2.777403)
(10.224509, 1.133172, 2.930124), (10.218759, 1.092335, 3.081785), (10.388379, 1.12059, 2.933394)
(10.224509, 1.133172, 2.930124), (10.388379, 1.12059, 2.933394), (10.394711, 1.163563, 2.781029)
(10.388379, 1.12059, 2.933394), (10.381811, 1.077638, 3.084624), (10.551196, 1.103352, 2.935652)
(10.388379, 1.12059, 2.933394), (10.551196, 1.103352, 2.935652), (10.558319, 1.148379, 2.783689)
(10.551196, 1.103352, 2.935652), (10.543825, 1.058306, 3.086406), (10.712776, 1.081548, 2.936759)
(10.551196, 1.103352, 2.935652), (10.712776, 1.081548, 2.936759), (10.720633, 1.128522, 2.785235)
(10.712776, 1.081548, 2.936759), (10.704736, 1.034757, 3.087149), (10.873128, 1.055883, 2.936835)
(10.712776, 1.081548, 2.936759), (10.873128, 1.055883, 2.936835), (10.88155, 1.104443, 2.785663)
(10.054893, 1.102614, 3.078134), (10.218759, 1.092335, 3.081785), (10.224509, 1.133172, 2.930124)
(10.054893, 1.102614, 3.078134), (10.049892, 1.064619, 3.229428), (10.218759, 1.092335, 3.081785)
(10.218759, 1.092335, 3.081785), (10.381811, 1.077638, 3.084624), (10.388379, 1.12059, 2.933394)
(10.218759, 1.092335, 3.081785), (10.212971, 1.052269, 3.232629), (10.381811, 1.077638, 3.084624)
(10.381811, 1.077638, 3.084624), (10.543825, 1.058306, 3.086406), (10.551196, 1.103352, 2.935652)
(10.381811, 1.077638, 3.084624), (10.375248, 1.035518, 3.235012), (10.543825, 1.058306, 3.086406)
(10.543825, 1.058306, 3.086406), (10.704736, 1.034757, 3.087149), (10.712776, 1.081548, 2.936759)
(10.543825, 1.058306, 3.086406), (10.536549, 1.01428, 3.236387), (10.704736, 1.034757, 3.087149)
(10.704736, 1.034757, 3.087149), (10.864478, 1.007462, 3.086838), (10.873128, 1.055883, 2.936835)
(10.704736, 1.034757, 3.087149), (10.696768, 0.988846, 3.236669), (10.864478, 1.007462, 3.086838)
(10.049892, 1.064619, 3.229428), (10.212971, 1.052269, 3.232629), (10.218759, 1.092335, 3.081785)
(10.049892, 1.064619, 3.229428), (10.04484, 1.027241, 3.379885), (10.212971, 1.052269, 3.232629)
(10.212971, 1.052269, 3.232629), (10.207194, 1.013029, 3.382646), (10.375248, 1.035518, 3.235012)
(10.212971, 1.052269, 3.232629), (10.375248, 1.035518, 3.235012), (10.381811, 1.077638, 3.084624)
(10.375248, 1.035518, 3.235012), (10.536549, 1.01428, 3.236387), (10.543825, 1.058306, 3.086406)
(10.375248, 1.035518, 3.235012), (10.368759, 0.994388, 3.384583), (10.536549, 1.01428, 3.236387)
(10.536549, 1.01428, 3.236387), (10.529379, 0.971279, 3.385512), (10.696768, 0.988846, 3.236669)
(10.536549, 1.01428, 3.236387), (10.696768, 0.988846, 3.236669), (10.704736, 1.034757, 3.087149)
(10.696768, 0.988846, 3.236669), (10.855919, 0.959937, 3.235978), (10.864478, 1.007462, 3.086838)
(10.696768, 0.988846, 3.236669), (10.688978, 0.944109, 3.385396), (10.855919, 0.959937, 3.235978)
# 11.051315849980007, 0, 2.9711710499800033
(11.356295, 1.014441, 2.781539), (11.511919, 0.981269, 2.778673), (11.520933, 1.034657, 2.628176)
(11.356295, 1.014441, 2.781539), (11.34675, 0.962341, 2.931586), (11.511919, 0.981269, 2.778673)
(11.199404, 1.046739, 2.783774), (11.356295, 1.014441, 2.781539), (11.365224, 1.066471, 2.630407)
(11.199404, 1.046739, 2.783774), (11.190126, 0.995586, 2.934219), (11.356295, 1.014441, 2.781539)
(11.041168, 1.077021, 2.785186), (11.199404, 1.046739, 2.783774), (11.208168, 1.097588, 2.632193)
(11.041168, 1.077021, 2.785186), (11.032256, 1.027035, 2.935991), (11.199404, 1.046739, 2.783774)
(10.720633, 1.128522, 2.785235), (10.88155, 1.104443, 2.785663), (10.88955, 1.152616, 2.633293)
(10.720633, 1.128522, 2.785235), (10.712776, 1.081548, 2.936759), (10.88155, 1.104443, 2.785663)
(10.88155, 1.104443, 2.785663), (11.041168, 1.077021, 2.785186), (11.049613, 1.126619, 2.633198)
(10.88155, 1.104443, 2.785663), (10.873128, 1.055883, 2.936835), (11.041168, 1.077021, 2.785186)
(11.34675, 0.962341, 2.931586), (11.336964, 0.910745, 3.080626), (11.50231, 0.928361, 2.928345)
(11.34675, 0.962341, 2.931586), (11.50231, 0.928361, 2.928345), (11.511919, 0.981269, 2.778673)
(11.190126, 0.995586, 2.934219), (11.180565, 0.944689, 3.083517), (11.34675, 0.962341, 2.931586)
(11.190126, 0.995586, 2.934219), (11.34675, 0.962341, 2.931586), (11.356295, 1.014441, 2.781539)
(11.032256, 1.027035, 2.935991), (11.0231, 0.977224, 3.085642), (11.190126, 0.995586, 2.934219)
(11.032256, 1.027035, 2.935991), (11.190126, 0.995586, 2.934219), (11.199404, 1.046739, 2.783774)
(10.873128, 1.055883, 2.936835), (10.864478, 1.007462, 3.086838), (11.032256, 1.027035, 2.935991)
(10.873128, 1.055883, 2.936835), (11.032256, 1.027035, 2.935991), (11.041168, 1.077021, 2.785186)
(11.336964, 0.910745, 3.080626), (11.49241, 0.876292, 3.077135), (11.50231, 0.928361, 2.928345)
(11.336964, 0.910745, 3.080626), (11.327248, 0.860069, 3.228871), (11.49241, 0.876292, 3.077135)
(11.180565, 0.944689, 3.083517), (11.336964, 0.910745, 3.080626), (11.34675, 0.962341, 2.931586)
(11.180565, 0.944689, 3.083517), (11.171113, 0.894684, 3.232009), (11.336964, 0.910745, 3.080626)
(11.0231, 0.977224, 3.085642), (11.180565, 0.944689, 3.083517), (11.190126, 0.995586, 2.934219)
(11.0231, 0.977224, 3.085642), (11.014028, 0.928286, 3.234411), (11.180565, 0.944689, 3.083517)
(10.864478, 1.007462, 3.086838), (11.0231, 0.977224, 3.085642), (11.032256, 1.027035, 2.935991)
(10.864478, 1.007462, 3.086838), (10.855919, 0.959937, 3.235978), (11.0231, 0.977224, 3.085642)
(11.327248, 0.860069, 3.228871), (11.482571, 0.825299, 3.225199), (11.49241, 0.876292, 3.077135)
(11.327248, 0.860069, 3.228871), (11.317769, 0.810786, 3.376397), (11.482571, 0.825299, 3.225199)
(11.171113, 0.894684, 3.232009), (11.161885, 0.846017, 3.379712), (11.327248, 0.860069, 3.228871)
(11.171113, 0.894684, 3.232009), (11.327248, 0.860069, 3.228871), (11.336964, 0.910745, 3.080626)
(11.014028, 0.928286, 3.234411), (11.171113, 0.894684, 3.232009), (11.180565, 0.944689, 3.083517)
(11.014028, 0.928286, 3.234411), (11.005177, 0.880601, 3.382382), (11.171113, 0.894684, 3.232009)
(10.855919, 0.959937, 3.235978), (10.847548, 0.913583, 3.384283), (11.014028, 0.928286, 3.234411)
(10.855919, 0.959937, 3.235978), (11.014028, 0.928286, 3.234411), (11.0231, 0.977224, 3.085642)
# 11.71908608331334, 0, 2.9711710499800033
(11.972769, 0.891818, 2.770101), (12.124763, 0.871964, 2.768589), (12.132621, 0.935388, 2.622769)
(11.972769, 0.891818, 2.770101), (11.963711, 0.835102, 2.917617), (12.124763, 0.871964, 2.768589)
(11.820079, 0.918036, 2.772575), (11.972769, 0.891818, 2.770101), (11.981031, 0.952448, 2.622834)
(11.820079, 0.918036, 2.772575), (11.810703, 0.862874, 2.921025), (11.972769, 0.891818, 2.770101)
(11.666502, 0.948561, 2.77558), (11.820079, 0.918036, 2.772575), (11.828743, 0.975578, 2.623956)
(11.666502, 0.948561, 2.77558), (11.656938, 0.894694, 2.924744), (11.820079, 0.918036, 2.772575)
(11.511919, 0.981269, 2.778673), (11.666502, 0.948561, 2.77558), (11.675424, 1.0037, 2.625887)
(11.511919, 0.981269, 2.778673), (11.50231, 0.928361, 2.928345), (11.666502, 0.948561, 2.77558)
(11.963711, 0.835102, 2.917617), (11.954289, 0.781721, 3.06518), (12.116196, 0.81285, 2.914927)
(11.963711, 0.835102, 2.917617), (12.116196, 0.81285, 2.914927), (12.124763, 0.871964, 2.768589)
(11.810703, 0.862874, 2.921025), (11.800946, 0.810284, 3.069129), (11.963711, 0.835102, 2.917617)
(11.810703, 0.862874, 2.921025), (11.963711, 0.835102, 2.917617), (11.972769, 0.891818, 2.770101)
(11.656938, 0.894694, 2.924744), (11.647042, 0.842304, 3.073237), (11.810703, 0.862874, 2.921025)
(11.656938, 0.894694, 2.924744), (11.810703, 0.862874, 2.921025), (11.820079, 0.918036, 2.772575)
(11.50231, 0.928361, 2.928345), (11.49241, 0.876292, 3.077135), (11.656938, 0.894694, 2.924744)
(11.50231, 0.928361, 2.928345), (11.656938, 0.894694, 2.924744), (11.666502, 0.948561, 2.77558)
(11.954289, 0.781721, 3.06518), (12.107214, 0.758529, 3.061757), (12.116196, 0.81285, 2.914927)
(11.954289, 0.781721, 3.06518), (11.944833, 0.73061, 3.212596), (12.107214, 0.758529, 3.061757)
(11.800946, 0.810284, 3.069129), (11.954289, 0.781721, 3.06518), (11.963711, 0.835102, 2.917617)
(11.800946, 0.810284, 3.069129), (11.791225, 0.759124, 3.216841), (11.954289, 0.781721, 3.06518)
(11.647042, 0.842304, 3.073237), (11.800946, 0.810284, 3.069129), (11.810703, 0.862874, 2.921025)
(11.647042, 0.842304, 3.073237), (11.637187, 0.791257, 3.221132), (11.800946, 0.810284, 3.069129)
(11.49241, 0.876292, 3.077135), (11.647042, 0.842304, 3.073237), (11.656938, 0.894694, 2.924744)
(11.49241, 0.876292, 3.077135), (11.482571, 0.825299, 3.225199), (11.647042, 0.842304, 3.073237)
(11.944833, 0.73061, 3.212596), (12.098156, 0.706961, 3.208721), (12.107214, 0.758529, 3.061757)
(11.944833, 0.73061, 3.212596), (11.935528, 0.681801, 3.359791), (12.098156, 0.706961, 3.208721)
(11.791225, 0.759124, 3.216841), (11.781701, 0.710175, 3.364121), (11.944833, 0.73061, 3.212596)
(11.791225, 0.759124, 3.216841), (11.944833, 0.73061, 3.212596), (11.954289, 0.781721, 3.06518)
(11.637187, 0.791257, 3.221132), (11.791225, 0.759124, 3.216841), (11.800946, 0.810284, 3.069129)
(11.637187, 0.791257, 3.221132), (11.627559, 0.741991, 3.368453), (11.791225, 0.759124, 3.216841)
(11.482571, 0.825299, 3.225199), (11.472955, 0.775883, 3.372585), (11.637187, 0.791257, 3.221132)
(11.482571, 0.825299, 3.225199), (11.637187, 0.791257, 3.221132), (11.647042, 0.842304, 3.073237)
# 12.386856316646675, 0, 2.9711710499800033
(12.276391, 0.858301, 2.768102), (12.427692, 0.853162, 2.76897), (12.434484, 0.924328, 2.626481)
(12.276391, 0.858301, 2.768102), (12.268343, 0.796668, 2.913148), (12.427692, 0.853162, 2.76897)
(12.124763, 0.871964, 2.768589), (12.276391, 0.858301, 2.768102), (12.283712, 0.925602, 2.623945)
(12.124763, 0.871964, 2.768589), (12.116196, 0.81285, 2.914927), (12.276391, 0.858301, 2.768102)
(12.427692, 0.853162, 2.76897), (12.578861, 0.857314, 2.771222), (12.585181, 0.932041, 2.630301)
(12.427692, 0.853162, 2.76897), (12.420202, 0.788833, 2.912627), (12.578861, 0.857314, 2.771222)
(12.578861, 0.857314, 2.771222), (12.730123, 0.870427, 2.774645), (12.736067, 0.947461, 2.635006)
(12.578861, 0.857314, 2.771222), (12.571905, 0.790703, 2.913556), (12.730123, 0.870427, 2.774645)
(12.420202, 0.788833, 2.912627), (12.412299, 0.732123, 3.057575), (12.571905, 0.790703, 2.913556)
(12.420202, 0.788833, 2.912627), (12.571905, 0.790703, 2.913556), (12.578861, 0.857314, 2.771222)
(12.268343, 0.796668, 2.913148), (12.259866, 0.741161, 3.059091), (12.420202, 0.788833, 2.912627)
(12.268343, 0.796668, 2.913148), (12.420202, 0.788833, 2.912627), (12.427692, 0.853162, 2.76897)
(12.571905, 0.790703, 2.913556), (12.564611, 0.731335, 3.057228), (12.723658, 0.800466, 2.915537)
(12.571905, 0.790703, 2.913556), (12.723658, 0.800466, 2.915537), (12.730123, 0.870427, 2.774645)
(12.116196, 0.81285, 2.914927), (12.107214, 0.758529, 3.061757), (12.268343, 0.796668, 2.913148)
(12.116196, 0.81285, 2.914927), (12.268343, 0.796668, 2.913148), (12.276391, 0.858301, 2.768102)
(12.564611, 0.731335, 3.057228), (12.716919, 0.738184, 3.057894), (12.723658, 0.800466, 2.915537)
(12.564611, 0.731335, 3.057228), (12.557202, 0.676563, 3.201792), (12.716919, 0.738184, 3.057894)
(12.412299, 0.732123, 3.057575), (12.564611, 0.731335, 3.057228), (12.571905, 0.790703, 2.913556)
(12.412299, 0.732123, 3.057575), (12.404288, 0.678768, 3.203094), (12.564611, 0.731335, 3.057228)
(12.716919, 0.738184, 3.057894), (12.869311, 0.752065, 3.059366), (12.875586, 0.817101, 2.918244)
(12.716919, 0.738184, 3.057894), (12.71008, 0.681245, 3.201368), (12.869311, 0.752065, 3.059366)
(12.259866, 0.741161, 3.059091), (12.412299, 0.732123, 3.057575), (12.420202, 0.788833, 2.912627)
(12.259866, 0.741161, 3.059091), (12.251289, 0.689164, 3.20546), (12.412299, 0.732123, 3.057575)
(12.107214, 0.758529, 3.061757), (12.259866, 0.741161, 3.059091), (12.268343, 0.796668, 2.913148)
(12.107214, 0.758529, 3.061757), (12.098156, 0.706961, 3.208721), (12.259866, 0.741161, 3.059091)
(12.71008, 0.681245, 3.201368), (12.703281, 0.630435, 3.346038), (12.86297, 0.692574, 3.20172)
(12.71008, 0.681245, 3.201368), (12.86297, 0.692574, 3.20172), (12.869311, 0.752065, 3.059366)
(12.557202, 0.676563, 3.201792), (12.71008, 0.681245, 3.201368), (12.716919, 0.738184, 3.057894)
(12.557202, 0.676563, 3.201792), (12.54982, 0.626769, 3.347245), (12.71008, 0.681245, 3.201368)
(12.404288, 0.678768, 3.203094), (12.39632, 0.630239, 3.349298), (12.557202, 0.676563, 3.201792)
(12.404288, 0.678768, 3.203094), (12.557202, 0.676563, 3.201792), (12.564611, 0.731335, 3.057228)
(12.251289, 0.689164, 3.20546), (12.404288, 0.678768, 3.203094), (12.412299, 0.732123, 3.057575)
(12.251289, 0.689164, 3.20546), (12.242785, 0.641007, 3.352171), (12.404288, 0.678768, 3.203094)
(12.098156, 0.706961, 3.208721), (12.089209, 0.658658, 3.355739), (12.251289, 0.689164, 3.20546)
(12.098156, 0.706961, 3.208721), (12.251289, 0.689164, 3.20546), (12.259866, 0.741161, 3.059091)
# 13.054626549980007, 0, 2.9711710499800033
(12.88732, 0.969525, 2.640196), (13.039095, 0.998008, 2.645484), (13.044067, 1.082484, 2.508227)
(12.88732, 0.969525, 2.640196), (12.88166, 0.890089, 2.778653), (13.039095, 0.998008, 2.645484)
(13.039095, 0.998008, 2.645484), (13.033624, 0.916961, 2.783059), (13.191577, 1.031786, 2.650273)
(13.039095, 0.998008, 2.645484), (13.191577, 1.031786, 2.650273), (13.196548, 1.115445, 2.513188)
(13.191577, 1.031786, 2.650273), (13.186184, 0.950155, 2.787369), (13.344872, 1.068255, 2.653797)
(13.191577, 1.031786, 2.650273), (13.344872, 1.068255, 2.653797), (13.349884, 1.149552, 2.516414)
(13.344872, 1.068255, 2.653797), (13.33951, 0.987586, 2.790823), (13.499026, 1.104703, 2.655278)
(13.344872, 1.068255, 2.653797), (13.499026, 1.104703, 2.655278), (13.504053, 1.182133, 2.517269)
(12.730123, 0.870427, 2.774645), (12.88166, 0.890089, 2.778653), (12.88732, 0.969525, 2.640196)
(12.730123, 0.870427, 2.774645), (12.723658, 0.800466, 2.915537), (12.88166, 0.890089, 2.778653)
(12.88166, 0.890089, 2.778653), (13.033624, 0.916961, 2.783059), (13.039095, 0.998008, 2.645484)
(12.88166, 0.890089, 2.778653), (12.875586, 0.817101, 2.918244), (13.033624, 0.916961, 2.783059)
(13.033624, 0.916961, 2.783059), (13.186184, 0.950155, 2.787369), (13.191577, 1.031786, 2.650273)
(13.033624, 0.916961, 2.783059), (13.027832, 0.841627, 2.921605), (13.186184, 0.950155, 2.787369)
(13.186184, 0.950155, 2.787369), (13.33951, 0.987586, 2.790823), (13.344872, 1.068255, 2.653797)
(13.186184, 0.950155, 2.787369), (13.180578, 0.8733, 2.92517), (13.33951, 0.987586, 2.790823)
(13.33951, 0.987586, 2.790823), (13.493647, 1.026171, 2.792676), (13.499026, 1.104703, 2.655278)
(13.33951, 0.987586, 2.790823), (13.333959, 0.909573, 2.928215), (13.493647, 1.026171, 2.792676)
(12.723658, 0.800466, 2.915537), (12.716919, 0.738184, 3.057894), (12.875586, 0.817101, 2.918244)
(12.723658, 0.800466, 2.915537), (12.875586, 0.817101, 2.918244), (12.88166, 0.890089, 2.778653)
(12.875586, 0.817101, 2.918244), (12.869311, 0.752065, 3.059366), (13.027832, 0.841627, 2.921605)
(12.875586, 0.817101, 2.918244), (13.027832, 0.841627, 2.921605), (13.033624, 0.916961, 2.783059)
(13.027832, 0.841627, 2.921605), (13.021928, 0.773888, 3.0616), (13.180578, 0.8733, 2.92517)
(13.027832, 0.841627, 2.921605), (13.180578, 0.8733, 2.92517), (13.186184, 0.950155, 2.787369)
(13.180578, 0.8733, 2.92517), (13.174905, 0.802182, 3.064114), (13.333959, 0.909573, 2.928215)
(13.180578, 0.8733, 2.92517), (13.333959, 0.909573, 2.928215), (13.33951, 0.987586, 2.790823)
(13.333959, 0.909573, 2.928215), (13.328405, 0.835855, 3.066421), (13.488088, 0.948364, 2.930058)
(13.333959, 0.909573, 2.928215), (13.488088, 0.948364, 2.930058), (13.493647, 1.026171, 2.792676)
(12.869311, 0.752065, 3.059366), (13.021928, 0.773888, 3.0616), (13.027832, 0.841627, 2.921605)
(12.869311, 0.752065, 3.059366), (12.86297, 0.692574, 3.20172), (13.021928, 0.773888, 3.0616)
(13.021928, 0.773888, 3.0616), (13.174905, 0.802182, 3.064114), (13.180578, 0.8733, 2.92517)
(13.021928, 0.773888, 3.0616), (13.015977, 0.710931, 3.202778), (13.174905, 0.802182, 3.064114)
(13.174905, 0.802182, 3.064114), (13.328405, 0.835855, 3.066421), (13.333959, 0.909573, 2.928215)
(13.174905, 0.802182, 3.064114), (13.169247, 0.736098, 3.204288), (13.328405, 0.835855, 3.066421)
(13.328405, 0.835855, 3.066421), (13.482556, 0.87306, 3.067901), (13.488088, 0.948364, 2.930058)
(13.328405, 0.835855, 3.066421), (13.322908, 0.766478, 3.205742), (13.482556, 0.87306, 3.067901)
(12.86297, 0.692574, 3.20172), (13.015977, 0.710931, 3.202778), (13.021928, 0.773888, 3.0616)
(12.86297, 0.692574, 3.20172), (12.856695, 0.639488, 3.345424), (13.015977, 0.710931, 3.202778)
(13.015977, 0.710931, 3.202778), (13.010132, 0.654571, 3.345406), (13.169247, 0.736098, 3.204288)
(13.015977, 0.710931, 3.202778), (13.169247, 0.736098, 3.204288), (13.174905, 0.802182, 3.064114)
(13.169247, 0.736098, 3.204288), (13.322908, 0.766478, 3.205742), (13.328405, 0.835855, 3.066421)
(13.169247, 0.736098, 3.204288), (13.163721, 0.675863, 3.345853), (13.322908, 0.766478, 3.205742)
(13.322908, 0.766478, 3.205742), (13.317618, 0.702856, 3.346447), (13.477126, 0.801137, 3.206675)
(13.322908, 0.766478, 3.205742), (13.477126, 0.801137, 3.206675), (13.482556, 0.87306, 3.067901)
# 13.722396783313343, 0, 2.9711710499800033
(13.965599, 1.190178, 2.643497), (13.960652, 1.127513, 2.783699), (14.121916, 1.207434, 2.634791)
(13.965599, 1.190178, 2.643497), (14.121916, 1.207434, 2.634791), (14.126053, 1.258129, 2.492496)
(13.809561, 1.167199, 2.650115), (13.965599, 1.190178, 2.643497), (13.970107, 1.248297, 2.502262)
(13.809561, 1.167199, 2.650115), (13.804345, 1.098243, 2.789324), (13.965599, 1.190178, 2.643497)
(13.653971, 1.138477, 2.654162), (13.648625, 1.063805, 2.792288), (13.809561, 1.167199, 2.650115)
(13.653971, 1.138477, 2.654162), (13.809561, 1.167199, 2.650115), (13.814364, 1.232805, 2.510091)
(13.499026, 1.104703, 2.655278), (13.653971, 1.138477, 2.654162), (13.658945, 1.210319, 2.515115)
(13.499026, 1.104703, 2.655278), (13.493647, 1.026171, 2.792676), (13.653971, 1.138477, 2.654162)
(13.960652, 1.127513, 2.783699), (14.117316, 1.151895, 2.776105), (14.121916, 1.207434, 2.634791)
(13.960652, 1.127513, 2.783699), (13.955404, 1.061141, 2.923245), (14.117316, 1.151895, 2.776105)
(13.804345, 1.098243, 2.789324), (13.960652, 1.127513, 2.783699), (13.965599, 1.190178, 2.643497)
(13.804345, 1.098243, 2.789324), (13.79891, 1.026267, 2.927806), (13.960652, 1.127513, 2.783699)
(13.648625, 1.063805, 2.792288), (13.804345, 1.098243, 2.789324), (13.809561, 1.167199, 2.650115)
(13.648625, 1.063805, 2.792288), (13.643078, 0.988063, 2.930091), (13.804345, 1.098243, 2.789324)
(13.493647, 1.026171, 2.792676), (13.648625, 1.063805, 2.792288), (13.653971, 1.138477, 2.654162)
(13.493647, 1.026171, 2.792676), (13.488088, 0.948364, 2.930058), (13.648625, 1.063805, 2.792288)
(13.955404, 1.061141, 2.923245), (13.950035, 0.992006, 3.062512), (14.112366, 1.09199, 2.91675)
(13.955404, 1.061141, 2.923245), (14.112366, 1.09199, 2.91675), (14.117316, 1.151895, 2.776105)
(13.79891, 1.026267, 2.927806), (13.793431, 0.95313, 3.066216), (13.955404, 1.061141, 2.923245)
(13.79891, 1.026267, 2.927806), (13.955404, 1.061141, 2.923245), (13.960652, 1.127513, 2.783699)
(13.488088, 0.948364, 2.930058), (13.482556, 0.87306, 3.067901), (13.643078, 0.988063, 2.930091)
(13.488088, 0.948364, 2.930058), (13.643078, 0.988063, 2.930091), (13.648625, 1.063805, 2.792288)
(13.643078, 0.988063, 2.930091), (13.637569, 0.912873, 3.067973), (13.79891, 1.026267, 2.927806)
(13.643078, 0.988063, 2.930091), (13.79891, 1.026267, 2.927806), (13.804345, 1.098243, 2.789324)
(13.950035, 0.992006, 3.062512), (14.107216, 1.028099, 3.057009), (14.112366, 1.09199, 2.91675)
(13.950035, 0.992006, 3.062512), (13.944654, 0.922251, 3.202176), (14.107216, 1.028099, 3.057009)
(13.793431, 0.95313, 3.066216), (13.950035, 0.992006, 3.062512), (13.955404, 1.061141, 2.923245)
(13.793431, 0.95313, 3.066216), (13.787976, 0.88069, 3.205214), (13.950035, 0.992006, 3.062512)
(13.482556, 0.87306, 3.067901), (13.637569, 0.912873, 3.067973), (13.643078, 0.988063, 2.930091)
(13.482556, 0.87306, 3.067901), (13.477126, 0.801137, 3.206675), (13.637569, 0.912873, 3.067973)
(13.637569, 0.912873, 3.067973), (13.793431, 0.95313, 3.066216), (13.79891, 1.026267, 2.927806)
(13.637569, 0.912873, 3.067973), (13.632103, 0.839633, 3.206649), (13.793431, 0.95313, 3.066216)
(13.944654, 0.922251, 3.202176), (13.939457, 0.853208, 3.342511), (14.101986, 0.962524, 3.197546)
(13.944654, 0.922251, 3.202176), (14.101986, 0.962524, 3.197546), (14.107216, 1.028099, 3.057009)
(13.787976, 0.88069, 3.205214), (13.944654, 0.922251, 3.202176), (13.950035, 0.992006, 3.062512)
(13.787976, 0.88069, 3.205214), (13.782743, 0.810316, 3.34506), (13.944654, 0.922251, 3.202176)
(13.632103, 0.839633, 3.206649), (13.626938, 0.770205, 3.346367), (13.787976, 0.88069, 3.205214)
(13.632103, 0.839633, 3.206649), (13.787976, 0.88069, 3.205214), (13.793431, 0.95313, 3.066216)
(13.477126, 0.801137, 3.206675), (13.632103, 0.839633, 3.206649), (13.637569, 0.912873, 3.067973)
(13.477126, 0.801137, 3.206675), (13.471947, 0.734147, 3.346707), (13.632103, 0.839633, 3.206649)
# 14.390167016646675, 0, 2.9711710499800033
(14.609603, 1.748836, 2.677656), (14.568015, 0.954318, 2.541586), (14.645101, 0.938938, 2.613595)
(14.609603, 1.748836, 2.677656), (14.534221, 1.764345, 2.605608), (14.568015, 0.954318, 2.541586)
(14.588057, 1.190014, 2.744536), (14.744955, 1.193192, 2.732718), (14.747529, 1.218952, 2.586928)
(14.588057, 1.190014, 2.744536), (14.584475, 1.151912, 2.888682), (14.744955, 1.193192, 2.732718)
(14.687449, 1.733848, 2.747118), (14.645101, 0.938938, 2.613595), (14.722773, 0.923652, 2.685167)
(14.687449, 1.733848, 2.747118), (14.609603, 1.748836, 2.677656), (14.645101, 0.938938, 2.613595)
(14.431148, 1.183328, 2.756087), (14.588057, 1.190014, 2.744536), (14.591202, 1.223367, 2.599878)
(14.431148, 1.183328, 2.756087), (14.427044, 1.137456, 2.89899), (14.588057, 1.190014, 2.744536)
(14.274196, 1.170569, 2.76676), (14.431148, 1.183328, 2.756087), (14.43479, 1.223305, 2.612438)
(14.274196, 1.170569, 2.76676), (14.269639, 1.117716, 2.90854), (14.431148, 1.183328, 2.756087)
(14.117316, 1.151895, 2.776105), (14.274196, 1.170569, 2.76676), (14.278356, 1.2185, 2.624294)
(14.117316, 1.151895, 2.776105), (14.112366, 1.09199, 2.91675), (14.274196, 1.170569, 2.76676)
(14.584475, 1.151912, 2.888682), (14.580484, 1.108404, 3.032558), (14.741899, 1.162501, 2.878039)
(14.584475, 1.151912, 2.888682), (14.741899, 1.162501, 2.878039), (14.744955, 1.193192, 2.732718)
(14.427044, 1.137456, 2.89899), (14.422606, 1.086727, 3.041606), (14.584475, 1.151912, 2.888682)
(14.427044, 1.137456, 2.89899), (14.584475, 1.151912, 2.888682), (14.588057, 1.190014, 2.744536)
(14.269639, 1.117716, 2.90854), (14.264802, 1.05976, 3.049884), (14.427044, 1.137456, 2.89899)
(14.269639, 1.117716, 2.90854), (14.427044, 1.137456, 2.89899), (14.431148, 1.183328, 2.756087)
(14.112366, 1.09199, 2.91675), (14.107216, 1.028099, 3.057009), (14.269639, 1.117716, 2.90854)
(14.112366, 1.09199, 2.91675), (14.269639, 1.117716, 2.90854), (14.274196, 1.170569, 2.76676)
(14.580484, 1.108404, 3.032558), (14.738375, 1.126095, 3.023144), (14.741899, 1.162501, 2.878039)
(14.580484, 1.108404, 3.032558), (14.576258, 1.062098, 3.176562), (14.738375, 1.126095, 3.023144)
(14.422606, 1.086727, 3.041606), (14.580484, 1.108404, 3.032558), (14.584475, 1.151912, 2.888682)
(14.422606, 1.086727, 3.041606), (14.417965, 1.033224, 3.184371), (14.580484, 1.108404, 3.032558)
(14.264802, 1.05976, 3.049884), (14.422606, 1.086727, 3.041606), (14.427044, 1.137456, 2.89899)
(14.264802, 1.05976, 3.049884), (14.259816, 0.99999, 3.191502), (14.422606, 1.086727, 3.041606)
(14.107216, 1.028099, 3.057009), (14.264802, 1.05976, 3.049884), (14.269639, 1.117716, 2.90854)
(14.107216, 1.028099, 3.057009), (14.101986, 0.962524, 3.197546), (14.264802, 1.05976, 3.049884)
(14.576258, 1.062098, 3.176562), (14.571881, 1.012817, 3.320901), (14.734575, 1.086632, 3.168355)
(14.576258, 1.062098, 3.176562), (14.734575, 1.086632, 3.168355), (14.738375, 1.126095, 3.023144)
(14.417965, 1.033224, 3.184371), (14.576258, 1.062098, 3.176562), (14.580484, 1.108404, 3.032558)
(14.417965, 1.033224, 3.184371), (14.413235, 0.97773, 3.327525), (14.576258, 1.062098, 3.176562)
(14.259816, 0.99999, 3.191502), (14.254837, 0.93839, 3.333556), (14.417965, 1.033224, 3.184371)
(14.259816, 0.99999, 3.191502), (14.417965, 1.033224, 3.184371), (14.422606, 1.086727, 3.041606)
(14.101986, 0.962524, 3.197546), (14.259816, 0.99999, 3.191502), (14.264802, 1.05976, 3.049884)
(14.101986, 0.962524, 3.197546), (14.09685, 0.896358, 3.338634), (14.259816, 0.99999, 3.191502)
# 15.05793724998001, 0, 2.9711710499800033
(15.04393, 1.704704, 2.643811), (15.075862, 1.704706, 2.605335), (14.968196, 1.718965, 2.58136)
(15.165288, 1.681104, 2.647017), (15.151212, 1.690552, 2.666767), (15.242316, 1.66772, 2.706021)
(15.165288, 1.681104, 2.647017), (15.242316, 1.66772, 2.706021), (15.336185, 1.667725, 2.584535)
(15.151212, 1.690552, 2.666767), (15.228524, 1.677174, 2.725968), (15.242316, 1.66772, 2.706021)
(15.151212, 1.690552, 2.666767), (15.075862, 1.704706, 2.605335), (15.04393, 1.704704, 2.643811)
(15.011999, 1.704702, 2.682287), (15.088809, 1.690552, 2.744907), (15.04393, 1.704704, 2.643811)
(15.011999, 1.704702, 2.682287), (14.995485, 1.695259, 2.700051), (15.072662, 1.681104, 2.763002)
(15.011999, 1.704702, 2.682287), (15.04393, 1.704704, 2.643811), (14.968196, 1.718965, 2.58136)
(15.011999, 1.704702, 2.682287), (14.93554, 1.718964, 2.619223), (14.995485, 1.695259, 2.700051)
(14.741302, 1.724418, 2.684984), (14.726575, 1.73385, 2.703534), (14.804013, 1.718963, 2.771723)
(14.741302, 1.724418, 2.684984), (14.66465, 1.739409, 2.616577), (14.726575, 1.73385, 2.703534)
(15.370875, 1.162803, 2.68661), (15.526847, 1.146399, 2.676398), (15.526752, 1.142298, 2.525499)
(15.370875, 1.162803, 2.68661), (15.369904, 1.157431, 2.836378), (15.526847, 1.146399, 2.676398)
(15.214657, 1.175729, 2.697522), (15.370875, 1.162803, 2.68661), (15.371271, 1.163545, 2.536638)
(15.214657, 1.175729, 2.697522), (15.213169, 1.164534, 2.846254), (15.370875, 1.162803, 2.68661)
(14.995485, 1.695259, 2.700051), (14.897439, 1.695254, 2.818192), (14.976857, 1.681103, 2.882969)
(14.995485, 1.695259, 2.700051), (14.918663, 1.709527, 2.636646), (14.897439, 1.695254, 2.818192)
(14.726575, 1.73385, 2.703534), (14.687449, 1.733848, 2.747118), (14.76576, 1.718962, 2.816075)
(14.726575, 1.73385, 2.703534), (14.649582, 1.748837, 2.634851), (14.687449, 1.733848, 2.747118)
(15.12001, 1.690552, 2.705837), (15.151212, 1.690552, 2.666767), (15.04393, 1.704704, 2.643811)
(15.242316, 1.66772, 2.706021), (15.228524, 1.677174, 2.725968), (15.319656, 1.65448, 2.764719)
(15.242316, 1.66772, 2.706021), (15.319656, 1.65448, 2.764719), (15.411664, 1.654481, 2.641817)
(15.058332, 1.186306, 2.708946), (15.214657, 1.175729, 2.697522), (15.215574, 1.181996, 2.548531)
(15.058332, 1.186306, 2.708946), (15.056285, 1.168472, 2.856575), (15.214657, 1.175729, 2.697522)
(14.90173, 1.191921, 2.720771), (15.058332, 1.186306, 2.708946), (15.059725, 1.197795, 2.560994)
(14.90173, 1.191921, 2.720771), (14.899207, 1.168225, 2.867251), (15.058332, 1.186306, 2.708946)
(15.228524, 1.677174, 2.725968), (15.306135, 1.66394, 2.784848), (15.319656, 1.65448, 2.764719)
(15.228524, 1.677174, 2.725968), (15.151212, 1.690552, 2.666767), (15.12001, 1.690552, 2.705837)
(14.744955, 1.193192, 2.732718), (14.90173, 1.191921, 2.720771), (14.903728, 1.210499, 2.573881)
(14.744955, 1.193192, 2.732718), (14.741899, 1.162501, 2.878039), (14.90173, 1.191921, 2.720771)
(15.088809, 1.690552, 2.744907), (15.167382, 1.677171, 2.805099), (15.12001, 1.690552, 2.705837)
(15.088809, 1.690552, 2.744907), (15.072662, 1.681104, 2.763002), (15.151563, 1.667716, 2.823477)
(15.088809, 1.690552, 2.744907), (15.12001, 1.690552, 2.705837), (15.04393, 1.704704, 2.643811)
(15.088809, 1.690552, 2.744907), (15.011999, 1.704702, 2.682287), (15.072662, 1.681104, 2.763002)
(14.818393, 1.709526, 2.752905), (14.804013, 1.718963, 2.771723), (14.88339, 1.704695, 2.837255)
(14.818393, 1.709526, 2.752905), (14.741302, 1.724418, 2.684984), (14.804013, 1.718963, 2.771723)
(15.072662, 1.681104, 2.763002), (14.976857, 1.681103, 2.882969), (15.057693, 1.667711, 2.944965)
(15.072662, 1.681104, 2.763002), (14.995485, 1.695259, 2.700051), (14.976857, 1.681103, 2.882969)
(15.319656, 1.65448, 2.764719), (15.306135, 1.66394, 2.784848), (15.3985, 1.641978, 2.822081)
(15.319656, 1.65448, 2.764719), (15.3985, 1.641978, 2.822081), (15.489195, 1.64198, 2.698206)
(15.197953, 1.677172, 2.765533), (15.228524, 1.677174, 2.725968), (15.12001, 1.690552, 2.705837)
(14.804013, 1.718963, 2.771723), (14.76576, 1.718962, 2.816075), (14.845985, 1.704694, 2.882326)
(14.804013, 1.718963, 2.771723), (14.726575, 1.73385, 2.703534), (14.76576, 1.718962, 2.816075)
(15.306135, 1.66394, 2.784848), (15.385158, 1.651443, 2.842325), (15.3985, 1.641978, 2.822081)
(15.306135, 1.66394, 2.784848), (15.228524, 1.677174, 2.725968), (15.197953, 1.677172, 2.765533)
(15.167382, 1.677171, 2.805099), (15.246205, 1.663939, 2.864901), (15.197953, 1.677172, 2.765533)
(15.167382, 1.677171, 2.805099), (15.151563, 1.667716, 2.823477), (15.230701, 1.65448, 2.883543)
(15.167382, 1.677171, 2.805099), (15.197953, 1.677172, 2.765533), (15.12001, 1.690552, 2.705837)
(15.167382, 1.677171, 2.805099), (15.088809, 1.690552, 2.744907), (15.151563, 1.667716, 2.823477)
(14.76576, 1.718962, 2.816075), (14.722773, 0.923652, 2.685167), (14.802958, 0.908923, 2.754253)
(14.76576, 1.718962, 2.816075), (14.687449, 1.733848, 2.747118), (14.722773, 0.923652, 2.685167)
(14.897439, 1.695254, 2.818192), (14.88339, 1.704695, 2.837255), (14.96314, 1.690551, 2.902269)
(14.897439, 1.695254, 2.818192), (14.818393, 1.709526, 2.752905), (14.88339, 1.704695, 2.837255)
(15.151563, 1.667716, 2.823477), (15.057693, 1.667711, 2.944965), (15.138693, 1.654479, 3.006445)
(15.151563, 1.667716, 2.823477), (15.072662, 1.681104, 2.763002), (15.057693, 1.667711, 2.944965)
(15.27617, 1.66394, 2.824873), (15.306135, 1.66394, 2.784848), (15.197953, 1.677172, 2.765533)
(15.369904, 1.157431, 2.836378), (15.368267, 1.146014, 2.986265), (15.526344, 1.145953, 2.827154)
(15.369904, 1.157431, 2.836378), (15.526344, 1.145953, 2.827154), (15.526847, 1.146399, 2.676398)
(14.88339, 1.704695, 2.837255), (14.845985, 1.704694, 2.882326), (14.926591, 1.690551, 2.948036)
(14.88339, 1.704695, 2.837255), (14.804013, 1.718963, 2.771723), (14.845985, 1.704694, 2.882326)
(15.385158, 1.651443, 2.842325), (15.464552, 1.639249, 2.899584), (15.47777, 1.629778, 2.879261)
(15.385158, 1.651443, 2.842325), (15.306135, 1.66394, 2.784848), (15.27617, 1.66394, 2.824873)
(15.213169, 1.164534, 2.846254), (15.211082, 1.147598, 2.99502), (15.369904, 1.157431, 2.836378)
(15.213169, 1.164534, 2.846254), (15.369904, 1.157431, 2.836378), (15.370875, 1.162803, 2.68661)
(15.056285, 1.168472, 2.856575), (15.053699, 1.145131, 3.004168), (15.213169, 1.164534, 2.846254)
(15.056285, 1.168472, 2.856575), (15.213169, 1.164534, 2.846254), (15.214657, 1.175729, 2.697522)
(15.246205, 1.663939, 2.864901), (15.326084, 1.651441, 2.923012), (15.27617, 1.66394, 2.824873)
(15.246205, 1.663939, 2.864901), (15.230701, 1.65448, 2.883543), (15.310816, 1.641975, 2.941846)
(15.246205, 1.663939, 2.864901), (15.27617, 1.66394, 2.824873), (15.197953, 1.677172, 2.765533)
(15.246205, 1.663939, 2.864901), (15.167382, 1.677171, 2.805099), (15.230701, 1.65448, 2.883543)
(14.899207, 1.168225, 2.867251), (14.89612, 1.138033, 3.013601), (15.056285, 1.168472, 2.856575)
(14.899207, 1.168225, 2.867251), (15.056285, 1.168472, 2.856575), (15.058332, 1.186306, 2.708946)
(14.741899, 1.162501, 2.878039), (14.738375, 1.126095, 3.023144), (14.899207, 1.168225, 2.867251)
(14.741899, 1.162501, 2.878039), (14.899207, 1.168225, 2.867251), (14.90173, 1.191921, 2.720771)
(14.845985, 1.704694, 2.882326), (14.802958, 0.908923, 2.754253), (14.883676, 0.894318, 2.822836)
(14.845985, 1.704694, 2.882326), (14.76576, 1.718962, 2.816075), (14.802958, 0.908923, 2.754253)
(15.355621, 1.651442, 2.882668), (15.385158, 1.651443, 2.842325), (15.27617, 1.66394, 2.824873)
(14.976857, 1.681103, 2.882969), (14.96314, 1.690551, 2.902269), (15.044253, 1.677165, 2.964457)
(14.976857, 1.681103, 2.882969), (14.897439, 1.695254, 2.818192), (14.96314, 1.690551, 2.902269)
(15.230701, 1.65448, 2.883543), (15.138693, 1.654479, 3.006445), (15.220121, 1.641972, 3.065721)
(15.230701, 1.65448, 2.883543), (15.151563, 1.667716, 2.823477), (15.138693, 1.654479, 3.006445)
(14.96314, 1.690551, 2.902269), (14.926591, 1.690551, 2.948036), (15.008443, 1.677163, 3.010804)
(14.96314, 1.690551, 2.902269), (14.88339, 1.704695, 2.837255), (14.926591, 1.690551, 2.948036)
(15.326084, 1.651441, 2.923012), (15.406123, 1.639248, 2.98074), (15.355621, 1.651442, 2.882668)
(15.326084, 1.651441, 2.923012), (15.310816, 1.641975, 2.941846), (15.391043, 1.629777, 2.999722)
(15.326084, 1.651441, 2.923012), (15.355621, 1.651442, 2.882668), (15.27617, 1.66394, 2.824873)
(15.326084, 1.651441, 2.923012), (15.246205, 1.663939, 2.864901), (15.310816, 1.641975, 2.941846)
(15.310816, 1.641975, 2.941846), (15.220121, 1.641972, 3.065721), (15.301338, 1.629776, 3.124315)
(15.310816, 1.641975, 2.941846), (15.230701, 1.65448, 2.883543), (15.220121, 1.641972, 3.065721)
(15.057693, 1.667711, 2.944965), (15.044253, 1.677165, 2.964457), (15.125517, 1.663939, 3.026114)
(15.057693, 1.667711, 2.944965), (14.976857, 1.681103, 2.882969), (15.044253, 1.677165, 2.964457)
(14.926591, 1.690551, 2.948036), (14.883676, 0.894318, 2.822836), (14.966403, 0.880432, 2.888505)
(14.926591, 1.690551, 2.948036), (14.845985, 1.704694, 2.882326), (14.883676, 0.894318, 2.822836)
(15.044253, 1.677165, 2.964457), (15.008443, 1.677163, 3.010804), (15.090416, 1.663938, 3.073)
(15.044253, 1.677165, 2.964457), (14.96314, 1.690551, 2.902269), (15.008443, 1.677163, 3.010804)
(15.368267, 1.146014, 2.986265), (15.52504, 1.138585, 2.978205), (15.526344, 1.145953, 2.827154)
(15.368267, 1.146014, 2.986265), (15.366272, 1.131582, 3.136236), (15.52504, 1.138585, 2.978205)
(15.211082, 1.147598, 2.99502), (15.368267, 1.146014, 2.986265), (15.369904, 1.157431, 2.836378)
(15.211082, 1.147598, 2.99502), (15.208668, 1.127739, 3.143847), (15.368267, 1.146014, 2.986265)
(15.391043, 1.629777, 2.999722), (15.301338, 1.629776, 3.124315), (15.382206, 1.618071, 3.181837)
(15.391043, 1.629777, 2.999722), (15.310816, 1.641975, 2.941846), (15.301338, 1.629776, 3.124315)
(15.053699, 1.145131, 3.004168), (15.211082, 1.147598, 2.99502), (15.213169, 1.164534, 2.846254)
(15.053699, 1.145131, 3.004168), (15.050835, 1.119284, 3.151794), (15.211082, 1.147598, 2.99502)
(15.138693, 1.654479, 3.006445), (15.125517, 1.663939, 3.026114), (15.207119, 1.651438, 3.085501)
(15.138693, 1.654479, 3.006445), (15.057693, 1.667711, 2.944965), (15.125517, 1.663939, 3.026114)
(15.008443, 1.677163, 3.010804), (14.966403, 0.880432, 2.888505), (15.04944, 0.866717, 2.953568)
(15.008443, 1.677163, 3.010804), (14.926591, 1.690551, 2.948036), (14.966403, 0.880432, 2.888505)
(14.89612, 1.138033, 3.013601), (15.053699, 1.145131, 3.004168), (15.056285, 1.168472, 2.856575)
(14.89612, 1.138033, 3.013601), (14.892815, 1.106095, 3.159998), (15.053699, 1.145131, 3.004168)
(14.738375, 1.126095, 3.023144), (14.89612, 1.138033, 3.013601), (14.899207, 1.168225, 2.867251)
(14.738375, 1.126095, 3.023144), (14.734575, 1.086632, 3.168355), (14.89612, 1.138033, 3.013601)
(15.125517, 1.663939, 3.026114), (15.090416, 1.663938, 3.073), (15.172519, 1.651436, 3.132759)
(15.125517, 1.663939, 3.026114), (15.044253, 1.677165, 2.964457), (15.090416, 1.663938, 3.073)
(15.220121, 1.641972, 3.065721), (15.207119, 1.651438, 3.085501), (15.288458, 1.639247, 3.144173)
(15.220121, 1.641972, 3.065721), (15.138693, 1.654479, 3.006445), (15.207119, 1.651438, 3.085501)
(15.090416, 1.663938, 3.073), (15.04944, 0.866717, 2.953568), (15.13335, 0.853728, 3.016008)
(15.090416, 1.663938, 3.073), (15.008443, 1.677163, 3.010804), (15.04944, 0.866717, 2.953568)
(15.207119, 1.651438, 3.085501), (15.172519, 1.651436, 3.132759), (15.254235, 1.639247, 3.191705)
(15.207119, 1.651438, 3.085501), (15.125517, 1.663939, 3.026114), (15.172519, 1.651436, 3.132759)
(15.301338, 1.629776, 3.124315), (15.288458, 1.639247, 3.144173), (15.369362, 1.627547, 3.201715)
(15.301338, 1.629776, 3.124315), (15.220121, 1.641972, 3.065721), (15.288458, 1.639247, 3.144173)
(15.172519, 1.651436, 3.132759), (15.13335, 0.853728, 3.016008), (15.217203, 0.841069, 3.077492)
(15.172519, 1.651436, 3.132759), (15.090416, 1.663938, 3.073), (15.13335, 0.853728, 3.016008)
(15.366272, 1.131582, 3.136236), (15.523557, 1.130275, 3.129124), (15.52504, 1.138585, 2.978205)
(15.366272, 1.131582, 3.136236), (15.363917, 1.113755, 3.286495), (15.523557, 1.130275, 3.129124)
(15.208668, 1.127739, 3.143847), (15.2059, 1.104147, 3.292992), (15.366272, 1.131582, 3.136236)
(15.208668, 1.127739, 3.143847), (15.366272, 1.131582, 3.136236), (15.368267, 1.146014, 2.986265)
(15.288458, 1.639247, 3.144173), (15.254235, 1.639247, 3.191705), (15.335314, 1.627547, 3.249372)
(15.288458, 1.639247, 3.144173), (15.207119, 1.651438, 3.085501), (15.254235, 1.639247, 3.191705)
(15.050835, 1.119284, 3.151794), (15.208668, 1.127739, 3.143847), (15.211082, 1.147598, 2.99502)
(15.050835, 1.119284, 3.151794), (15.047721, 1.091069, 3.299624), (15.208668, 1.127739, 3.143847)
(14.892815, 1.106095, 3.159998), (14.88922, 1.070343, 3.306718), (15.050835, 1.119284, 3.151794)
(14.892815, 1.106095, 3.159998), (15.050835, 1.119284, 3.151794), (15.053699, 1.145131, 3.004168)
(14.734575, 1.086632, 3.168355), (14.892815, 1.106095, 3.159998), (14.89612, 1.138033, 3.013601)
(14.734575, 1.086632, 3.168355), (14.730573, 1.044073, 3.313881), (14.892815, 1.106095, 3.159998)
(15.382206, 1.618071, 3.181837), (15.369362, 1.627547, 3.201715), (15.4491, 1.616376, 3.258615)
(15.382206, 1.618071, 3.181837), (15.301338, 1.629776, 3.124315), (15.369362, 1.627547, 3.201715)
(15.254235, 1.639247, 3.191705), (15.217203, 0.841069, 3.077492), (15.300918, 0.828923, 3.137479)
(15.254235, 1.639247, 3.191705), (15.172519, 1.651436, 3.132759), (15.217203, 0.841069, 3.077492)
(15.369362, 1.627547, 3.201715), (15.335314, 1.627547, 3.249372), (15.41496, 1.616377, 3.306204)
(15.369362, 1.627547, 3.201715), (15.288458, 1.639247, 3.144173), (15.335314, 1.627547, 3.249372)
(15.335314, 1.627547, 3.249372), (15.300918, 0.828923, 3.137479), (15.383733, 0.817337, 3.196369)
(15.335314, 1.627547, 3.249372), (15.254235, 1.639247, 3.191705), (15.300918, 0.828923, 3.137479)
(15.363917, 1.113755, 3.286495), (15.521603, 1.117713, 3.280434), (15.523557, 1.130275, 3.129124)
(15.363917, 1.113755, 3.286495), (15.361273, 1.092937, 3.437198), (15.521603, 1.117713, 3.280434)
(15.2059, 1.104147, 3.292992), (15.363917, 1.113755, 3.286495), (15.366272, 1.131582, 3.136236)
(15.2059, 1.104147, 3.292992), (15.202867, 1.077365, 3.442632), (15.363917, 1.113755, 3.286495)
(15.047721, 1.091069, 3.299624), (15.2059, 1.104147, 3.292992), (15.208668, 1.127739, 3.143847)
(15.047721, 1.091069, 3.299624), (15.044277, 1.057697, 3.44815), (15.2059, 1.104147, 3.292992)
# 15.725707483313343, 0, 2.9711710499800033
(15.411664, 1.654481, 2.641817), (15.319656, 1.65448, 2.764719), (15.489195, 1.64198, 2.698206)
(15.411664, 1.654481, 2.641817), (15.489195, 1.64198, 2.698206), (15.504123, 1.651446, 2.679836)
(15.992627, 1.075377, 2.651745), (16.147116, 1.045605, 2.645848), (16.145563, 1.030527, 2.492069)
(15.992627, 1.075377, 2.651745), (15.993252, 1.085043, 2.805007), (16.147116, 1.045605, 2.645848)
(15.837659, 1.101726, 2.658942), (15.992627, 1.075377, 2.651745), (15.99139, 1.061989, 2.498492)
(15.837659, 1.101726, 2.658942), (15.837926, 1.108479, 2.811499), (15.992627, 1.075377, 2.651745)
(15.682514, 1.126456, 2.667058), (15.837659, 1.101726, 2.658942), (15.836832, 1.091229, 2.506289)
(15.682514, 1.126456, 2.667058), (15.682331, 1.129253, 2.818844), (15.837659, 1.101726, 2.658942)
(15.526847, 1.146399, 2.676398), (15.682514, 1.126456, 2.667058), (15.681911, 1.117837, 2.515364)
(15.526847, 1.146399, 2.676398), (15.526344, 1.145953, 2.827154), (15.682514, 1.126456, 2.667058)
(15.510908, 0.879833, 2.677594), (15.619865, 1.63925, 2.683863), (15.593008, 0.867708, 2.736403)
(15.504123, 1.651446, 2.679836), (15.489195, 1.64198, 2.698206), (15.582218, 1.63925, 2.736153)
(15.504123, 1.651446, 2.679836), (15.582218, 1.63925, 2.736153), (15.619865, 1.63925, 2.683863)
(15.619865, 1.63925, 2.683863), (15.582218, 1.63925, 2.736153), (15.699082, 1.627549, 2.740196)
(15.619865, 1.63925, 2.683863), (15.699082, 1.627549, 2.740196), (15.593008, 0.867708, 2.736403)
(15.489195, 1.64198, 2.698206), (15.3985, 1.641978, 2.822081), (15.567473, 1.629778, 2.754667)
(15.489195, 1.64198, 2.698206), (15.567473, 1.629778, 2.754667), (15.582218, 1.63925, 2.736153)
(15.582218, 1.63925, 2.736153), (15.567473, 1.629778, 2.754667), (15.661627, 1.627549, 2.792624)
(15.582218, 1.63925, 2.736153), (15.661627, 1.627549, 2.792624), (15.699082, 1.627549, 2.740196)
(15.593008, 0.867708, 2.736403), (15.699082, 1.627549, 2.740196), (15.676467, 0.856138, 2.795763)
(15.699082, 1.627549, 2.740196), (15.661627, 1.627549, 2.792624), (15.779727, 1.616373, 2.797743)
(15.699082, 1.627549, 2.740196), (15.779727, 1.616373, 2.797743), (15.676467, 0.856138, 2.795763)
(15.567473, 1.629778, 2.754667), (15.47777, 1.629778, 2.879261), (15.646986, 1.618072, 2.811218)
(15.567473, 1.629778, 2.754667), (15.646986, 1.618072, 2.811218), (15.661627, 1.627549, 2.792624)
(15.661627, 1.627549, 2.792624), (15.646986, 1.618072, 2.811218), (15.742168, 1.616373, 2.850096)
(15.661627, 1.627549, 2.792624), (15.742168, 1.616373, 2.850096), (15.779727, 1.616373, 2.797743)
(15.676467, 0.856138, 2.795763), (15.779727, 1.616373, 2.797743), (15.760588, 0.844874, 2.855557)
(15.779727, 1.616373, 2.797743), (15.742168, 1.616373, 2.850096), (15.861089, 1.605481, 2.856072)
(15.779727, 1.616373, 2.797743), (15.861089, 1.605481, 2.856072), (15.760588, 0.844874, 2.855557)
(15.993252, 1.085043, 2.805007), (15.99308, 1.0894, 2.958661), (16.148018, 1.057113, 2.799726)
(15.993252, 1.085043, 2.805007), (16.148018, 1.057113, 2.799726), (16.147116, 1.045605, 2.645848)
(15.646986, 1.618072, 2.811218), (15.557739, 1.618072, 2.93614), (15.727526, 1.606892, 2.868688)
(15.646986, 1.618072, 2.811218), (15.727526, 1.606892, 2.868688), (15.742168, 1.616373, 2.850096)
(15.837926, 1.108479, 2.811499), (15.837422, 1.109647, 2.964394), (15.993252, 1.085043, 2.805007)
(15.837926, 1.108479, 2.811499), (15.993252, 1.085043, 2.805007), (15.992627, 1.075377, 2.651745)
(15.682331, 1.129253, 2.818844), (15.681504, 1.127052, 2.970807), (15.837926, 1.108479, 2.811499)
(15.682331, 1.129253, 2.818844), (15.837926, 1.108479, 2.811499), (15.837659, 1.101726, 2.658942)
(15.3985, 1.641978, 2.822081), (15.385158, 1.651443, 2.842325), (15.47777, 1.629778, 2.879261)
(15.3985, 1.641978, 2.822081), (15.47777, 1.629778, 2.879261), (15.567473, 1.629778, 2.754667)
(15.526344, 1.145953, 2.827154), (15.52504, 1.138585, 2.978205), (15.682331, 1.129253, 2.818844)
(15.526344, 1.145953, 2.827154), (15.682331, 1.129253, 2.818844), (15.682514, 1.126456, 2.667058)
(15.742168, 1.616373, 2.850096), (15.727526, 1.606892, 2.868688), (15.823264, 1.605482, 2.908235)
(15.742168, 1.616373, 2.850096), (15.823264, 1.605482, 2.908235), (15.861089, 1.605481, 2.856072)
(15.760588, 0.844874, 2.855557), (15.861089, 1.605481, 2.856072), (15.845737, 0.834247, 2.917092)
(15.861089, 1.605481, 2.856072), (15.823264, 1.605482, 2.908235), (15.943657, 1.595191, 2.916948)
(15.861089, 1.605481, 2.856072), (15.943657, 1.595191, 2.916948), (15.845737, 0.834247, 2.917092)
(15.727526, 1.606892, 2.868688), (15.638034, 1.606893, 2.993433), (15.808561, 1.595996, 2.926775)
(15.727526, 1.606892, 2.868688), (15.808561, 1.595996, 2.926775), (15.823264, 1.605482, 2.908235)
(15.47777, 1.629778, 2.879261), (15.464552, 1.639249, 2.899584), (15.557739, 1.618072, 2.93614)
(15.47777, 1.629778, 2.879261), (15.557739, 1.618072, 2.93614), (15.646986, 1.618072, 2.811218)
(15.464552, 1.639249, 2.899584), (15.544559, 1.627548, 2.956486), (15.557739, 1.618072, 2.93614)
(15.464552, 1.639249, 2.899584), (15.385158, 1.651443, 2.842325), (15.355621, 1.651442, 2.882668)
(15.823264, 1.605482, 2.908235), (15.808561, 1.595996, 2.926775), (15.905181, 1.595192, 2.968632)
(15.823264, 1.605482, 2.908235), (15.905181, 1.595192, 2.968632), (15.943657, 1.595191, 2.916948)
(15.943657, 1.595191, 2.916948), (15.905181, 1.595192, 2.968632), (16.02651, 1.585234, 2.979967)
(15.943657, 1.595191, 2.916948), (16.02651, 1.585234, 2.979967), (15.931034, 0.82398, 2.980317)
(15.845737, 0.834247, 2.917092), (15.943657, 1.595191, 2.916948), (15.931034, 0.82398, 2.980317)
(15.808561, 1.595996, 2.926775), (15.718435, 1.595996, 3.051064), (15.890279, 1.585702, 2.987011)
(15.808561, 1.595996, 2.926775), (15.890279, 1.585702, 2.987011), (15.905181, 1.595192, 2.968632)
(15.557739, 1.618072, 2.93614), (15.544559, 1.627548, 2.956486), (15.638034, 1.606893, 2.993433)
(15.557739, 1.618072, 2.93614), (15.638034, 1.606893, 2.993433), (15.727526, 1.606892, 2.868688)
(15.435338, 1.639248, 2.940163), (15.464552, 1.639249, 2.899584), (15.355621, 1.651442, 2.882668)
(15.544559, 1.627548, 2.956486), (15.62478, 1.616374, 3.013729), (15.638034, 1.606893, 2.993433)
(15.544559, 1.627548, 2.956486), (15.464552, 1.639249, 2.899584), (15.435338, 1.639248, 2.940163)
(15.99308, 1.0894, 2.958661), (16.147978, 1.062903, 2.954191), (16.148018, 1.057113, 2.799726)
(15.99308, 1.0894, 2.958661), (15.992569, 1.091622, 3.112349), (16.147978, 1.062903, 2.954191)
(15.837422, 1.109647, 2.964394), (15.99308, 1.0894, 2.958661), (15.993252, 1.085043, 2.805007)
(15.837422, 1.109647, 2.964394), (15.83665, 1.109146, 3.117235), (15.99308, 1.0894, 2.958661)
(15.905181, 1.595192, 2.968632), (15.890279, 1.585702, 2.987011), (15.987155, 1.585236, 3.030984)
(15.905181, 1.595192, 2.968632), (15.987155, 1.585236, 3.030984), (16.02651, 1.585234, 2.979967)
(15.681504, 1.127052, 2.970807), (15.837422, 1.109647, 2.964394), (15.837926, 1.108479, 2.811499)
(15.681504, 1.127052, 2.970807), (15.680304, 1.122097, 3.122836), (15.837422, 1.109647, 2.964394)
(15.52504, 1.138585, 2.978205), (15.681504, 1.127052, 2.970807), (15.682331, 1.129253, 2.818844)
(15.52504, 1.138585, 2.978205), (15.523557, 1.130275, 3.129124), (15.681504, 1.127052, 2.970807)
(16.02651, 1.585234, 2.979967), (15.987155, 1.585236, 3.030984), (16.109541, 1.575581, 3.044992)
(16.02651, 1.585234, 2.979967), (16.109541, 1.575581, 3.044992), (16.016392, 0.814038, 3.045159)
(15.931034, 0.82398, 2.980317), (16.02651, 1.585234, 2.979967), (16.016392, 0.814038, 3.045159)
(15.406123, 1.639248, 2.98074), (15.486428, 1.627548, 3.037854), (15.435338, 1.639248, 2.940163)
(15.406123, 1.639248, 2.98074), (15.391043, 1.629777, 2.999722), (15.471453, 1.618071, 3.056916)
(15.406123, 1.639248, 2.98074), (15.435338, 1.639248, 2.940163), (15.355621, 1.651442, 2.882668)
(15.406123, 1.639248, 2.98074), (15.326084, 1.651441, 2.923012), (15.391043, 1.629777, 2.999722)
(15.890279, 1.585702, 2.987011), (15.798601, 1.585704, 3.110159), (15.97197, 1.575742, 3.049128)
(15.890279, 1.585702, 2.987011), (15.97197, 1.575742, 3.049128), (15.987155, 1.585236, 3.030984)
(15.638034, 1.606893, 2.993433), (15.62478, 1.616374, 3.013729), (15.718435, 1.595996, 3.051064)
(15.638034, 1.606893, 2.993433), (15.718435, 1.595996, 3.051064), (15.808561, 1.595996, 2.926775)
(15.515494, 1.627548, 2.997169), (15.544559, 1.627548, 2.956486), (15.435338, 1.639248, 2.940163)
(15.62478, 1.616374, 3.013729), (15.705044, 1.605482, 3.071266), (15.718435, 1.595996, 3.051064)
(15.62478, 1.616374, 3.013729), (15.544559, 1.627548, 2.956486), (15.515494, 1.627548, 2.997169)
(15.987155, 1.585236, 3.030984), (15.97197, 1.575742, 3.049128), (16.069109, 1.575581, 3.09516)
(15.987155, 1.585236, 3.030984), (16.069109, 1.575581, 3.09516), (16.109541, 1.575581, 3.044992)
(15.486428, 1.627548, 3.037854), (15.566489, 1.616375, 3.094983), (15.515494, 1.627548, 2.997169)
(15.486428, 1.627548, 3.037854), (15.471453, 1.618071, 3.056916), (15.551512, 1.606894, 3.114041)
(15.486428, 1.627548, 3.037854), (15.515494, 1.627548, 2.997169), (15.435338, 1.639248, 2.940163)
(15.486428, 1.627548, 3.037854), (15.406123, 1.639248, 2.98074), (15.471453, 1.618071, 3.056916)
(16.016392, 0.814038, 3.045159), (16.109541, 1.575581, 3.044992), (16.101065, 0.804642, 3.113878)
(15.97197, 1.575742, 3.049128), (15.878194, 1.575746, 3.170687), (16.05357, 1.566084, 3.113001)
(15.97197, 1.575742, 3.049128), (16.05357, 1.566084, 3.113001), (16.069109, 1.575581, 3.09516)
(15.718435, 1.595996, 3.051064), (15.705044, 1.605482, 3.071266), (15.798601, 1.585704, 3.110159)
(15.718435, 1.595996, 3.051064), (15.798601, 1.585704, 3.110159), (15.890279, 1.585702, 2.987011)
(15.595634, 1.616375, 3.054356), (15.62478, 1.616374, 3.013729), (15.515494, 1.627548, 2.997169)
(15.471453, 1.618071, 3.056916), (15.382206, 1.618071, 3.181837), (15.462019, 1.606895, 3.238787)
(15.471453, 1.618071, 3.056916), (15.391043, 1.629777, 2.999722), (15.382206, 1.618071, 3.181837)
(15.705044, 1.605482, 3.071266), (15.784925, 1.595195, 3.130167), (15.798601, 1.585704, 3.110159)
(15.705044, 1.605482, 3.071266), (15.62478, 1.616374, 3.013729), (15.595634, 1.616375, 3.054356)
(15.566489, 1.616375, 3.094983), (15.646339, 1.605483, 3.152222), (15.595634, 1.616375, 3.054356)
(15.566489, 1.616375, 3.094983), (15.551512, 1.606894, 3.114041), (15.631299, 1.595997, 3.171228)
(15.566489, 1.616375, 3.094983), (15.595634, 1.616375, 3.054356), (15.515494, 1.627548, 2.997169)
(15.566489, 1.616375, 3.094983), (15.486428, 1.627548, 3.037854), (15.551512, 1.606894, 3.114041)
(15.798601, 1.585704, 3.110159), (15.784925, 1.595195, 3.130167), (15.878194, 1.575746, 3.170687)
(15.798601, 1.585704, 3.110159), (15.878194, 1.575746, 3.170687), (15.97197, 1.575742, 3.049128)
(15.675692, 1.605483, 3.111744), (15.705044, 1.605482, 3.071266), (15.595634, 1.616375, 3.054356)
(15.992569, 1.091622, 3.112349), (16.147869, 1.068503, 3.108392), (16.147978, 1.062903, 2.954191)
(15.992569, 1.091622, 3.112349), (15.991651, 1.090957, 3.266334), (16.147869, 1.068503, 3.108392)
(16.05357, 1.566084, 3.113001), (15.957232, 1.566084, 3.232538), (16.134222, 1.55694, 3.181002)
(16.05357, 1.566084, 3.113001), (16.134222, 1.55694, 3.181002), (16.150244, 1.56644, 3.163597)
(15.551512, 1.606894, 3.114041), (15.462019, 1.606895, 3.238787), (15.541173, 1.595998, 3.295517)
(15.551512, 1.606894, 3.114041), (15.471453, 1.618071, 3.056916), (15.462019, 1.606895, 3.238787)
(15.83665, 1.109146, 3.117235), (15.835395, 1.104814, 3.270464), (15.992569, 1.091622, 3.112349)
(15.83665, 1.109146, 3.117235), (15.992569, 1.091622, 3.112349), (15.99308, 1.0894, 2.958661)
(15.680304, 1.122097, 3.122836), (15.83665, 1.109146, 3.117235), (15.837422, 1.109647, 2.964394)
(15.680304, 1.122097, 3.122836), (15.678882, 1.115771, 3.27493), (15.83665, 1.109146, 3.117235)
(15.523557, 1.130275, 3.129124), (15.521603, 1.117713, 3.280434), (15.680304, 1.122097, 3.122836)
(15.523557, 1.130275, 3.129124), (15.680304, 1.122097, 3.122836), (15.681504, 1.127052, 2.970807)
(15.784925, 1.595195, 3.130167), (15.864147, 1.58524, 3.190434), (15.878194, 1.575746, 3.170687)
(15.784925, 1.595195, 3.130167), (15.705044, 1.605482, 3.071266), (15.675692, 1.605483, 3.111744)
(15.646339, 1.605483, 3.152222), (15.72521, 1.595196, 3.210382), (15.675692, 1.605483, 3.111744)
(15.646339, 1.605483, 3.152222), (15.631299, 1.595997, 3.171228), (15.709965, 1.585706, 3.229221)
(15.646339, 1.605483, 3.152222), (15.675692, 1.605483, 3.111744), (15.595634, 1.616375, 3.054356)
(15.646339, 1.605483, 3.152222), (15.566489, 1.616375, 3.094983), (15.631299, 1.595997, 3.171228)
(15.755068, 1.595196, 3.170275), (15.784925, 1.595195, 3.130167), (15.675692, 1.605483, 3.111744)
(15.878194, 1.575746, 3.170687), (15.864147, 1.58524, 3.190434), (15.957232, 1.566084, 3.232538)
(15.878194, 1.575746, 3.170687), (15.957232, 1.566084, 3.232538), (16.05357, 1.566084, 3.113001)
(15.631299, 1.595997, 3.171228), (15.541173, 1.595998, 3.295517), (15.618287, 1.585708, 3.352369)
(15.631299, 1.595997, 3.171228), (15.551512, 1.606894, 3.114041), (15.541173, 1.595998, 3.295517)
(15.864147, 1.58524, 3.190434), (15.942739, 1.575582, 3.251961), (15.957232, 1.566084, 3.232538)
(15.864147, 1.58524, 3.190434), (15.784925, 1.595195, 3.130167), (15.755068, 1.595196, 3.170275)
(15.72521, 1.595196, 3.210382), (15.803066, 1.585242, 3.269612), (15.755068, 1.595196, 3.170275)
(15.72521, 1.595196, 3.210382), (15.709965, 1.585706, 3.229221), (15.78753, 1.575749, 3.288212)
(15.72521, 1.595196, 3.210382), (15.755068, 1.595196, 3.170275), (15.675692, 1.605483, 3.111744)
(15.72521, 1.595196, 3.210382), (15.646339, 1.605483, 3.152222), (15.709965, 1.585706, 3.229221)
(15.709965, 1.585706, 3.229221), (15.618287, 1.585708, 3.352369), (15.693754, 1.575752, 3.409771)
(15.709965, 1.585706, 3.229221), (15.631299, 1.595997, 3.171228), (15.618287, 1.585708, 3.352369)
(15.833607, 1.585241, 3.230023), (15.864147, 1.58524, 3.190434), (15.755068, 1.595196, 3.170275)
(15.957232, 1.566084, 3.232538), (15.942739, 1.575582, 3.251961), (16.034464, 1.556944, 3.297701)
(15.957232, 1.566084, 3.232538), (16.034464, 1.556944, 3.297701), (16.134222, 1.55694, 3.181002)
(15.462019, 1.606895, 3.238787), (15.4491, 1.616376, 3.258615), (15.528119, 1.605484, 3.315254)
(15.462019, 1.606895, 3.238787), (15.382206, 1.618071, 3.181837), (15.4491, 1.616376, 3.258615)
(15.942739, 1.575582, 3.251961), (16.01939, 1.566445, 3.316673), (16.034464, 1.556944, 3.297701)
(15.942739, 1.575582, 3.251961), (15.864147, 1.58524, 3.190434), (15.833607, 1.585241, 3.230023)
(15.4491, 1.616376, 3.258615), (15.41496, 1.616377, 3.306204), (15.493736, 1.605484, 3.362669)
(15.4491, 1.616376, 3.258615), (15.369362, 1.627547, 3.201715), (15.41496, 1.616377, 3.306204)
(15.991651, 1.090957, 3.266334), (16.14723, 1.070619, 3.263048), (16.147869, 1.068503, 3.108392)
(15.991651, 1.090957, 3.266334), (15.990417, 1.087976, 3.420689), (16.14723, 1.070619, 3.263048)
(15.803066, 1.585242, 3.269612), (15.879989, 1.575582, 3.329821), (15.833607, 1.585241, 3.230023)
(15.803066, 1.585242, 3.269612), (15.78753, 1.575749, 3.288212), (15.864089, 1.566085, 3.34811)
(15.803066, 1.585242, 3.269612), (15.833607, 1.585241, 3.230023), (15.755068, 1.595196, 3.170275)
(15.803066, 1.585242, 3.269612), (15.72521, 1.595196, 3.210382), (15.78753, 1.575749, 3.288212)
(15.835395, 1.104814, 3.270464), (15.991651, 1.090957, 3.266334), (15.992569, 1.091622, 3.112349)
(15.835395, 1.104814, 3.270464), (15.833797, 1.097697, 3.424107), (15.991651, 1.090957, 3.266334)
(15.678882, 1.115771, 3.27493), (15.835395, 1.104814, 3.270464), (15.83665, 1.109146, 3.117235)
(15.678882, 1.115771, 3.27493), (15.676798, 1.102841, 3.427896), (15.835395, 1.104814, 3.270464)
(15.521603, 1.117713, 3.280434), (15.678882, 1.115771, 3.27493), (15.680304, 1.122097, 3.122836)
(15.521603, 1.117713, 3.280434), (15.519335, 1.102167, 3.432176), (15.678882, 1.115771, 3.27493)
(15.78753, 1.575749, 3.288212), (15.693754, 1.575752, 3.409771), (15.767751, 1.566085, 3.467648)
(15.78753, 1.575749, 3.288212), (15.709965, 1.585706, 3.229221), (15.693754, 1.575752, 3.409771)
(15.911364, 1.575582, 3.290891), (15.942739, 1.575582, 3.251961), (15.833607, 1.585241, 3.230023)
(15.541173, 1.595998, 3.295517), (15.528119, 1.605484, 3.315254), (15.604955, 1.595199, 3.371918)
(15.541173, 1.595998, 3.295517), (15.462019, 1.606895, 3.238787), (15.528119, 1.605484, 3.315254)
(16.034464, 1.556944, 3.297701), (16.01939, 1.566445, 3.316673), (16.1101, 1.548083, 3.365213)
(16.034464, 1.556944, 3.297701), (16.1101, 1.548083, 3.365213), (16.213657, 1.548079, 3.251874)
# 16.39347771664668, 0, 2.9711710499800033
(16.454147, 0.974961, 2.638495), (16.606682, 0.934893, 2.636872), (16.604633, 0.920371, 2.482142)
(16.454147, 0.974961, 2.638495), (16.455357, 0.987333, 2.793293), (16.606682, 0.934893, 2.636872)
(16.301044, 1.012424, 2.641348), (16.454147, 0.974961, 2.638495), (16.452225, 0.959628, 2.483949)
(16.301044, 1.012424, 2.641348), (16.302023, 1.024154, 2.795882), (16.454147, 0.974961, 2.638495)
(16.147116, 1.045605, 2.645848), (16.301044, 1.012424, 2.641348), (16.29917, 0.996271, 2.487256)
(16.147116, 1.045605, 2.645848), (16.148018, 1.057113, 2.799726), (16.301044, 1.012424, 2.641348)
(16.607979, 0.946867, 2.791901), (16.608437, 0.955626, 2.947422), (16.759565, 0.901795, 2.791891)
(16.607979, 0.946867, 2.791901), (16.759565, 0.901795, 2.791891), (16.75831, 0.89104, 2.636689)
(16.455357, 0.987333, 2.793293), (16.45578, 0.996187, 2.948518), (16.607979, 0.946867, 2.791901)
(16.455357, 0.987333, 2.793293), (16.607979, 0.946867, 2.791901), (16.606682, 0.934893, 2.636872)
(16.302023, 1.024154, 2.795882), (16.302267, 1.032024, 2.950768), (16.455357, 0.987333, 2.793293)
(16.302023, 1.024154, 2.795882), (16.455357, 0.987333, 2.793293), (16.454147, 0.974961, 2.638495)
(16.148018, 1.057113, 2.799726), (16.147978, 1.062903, 2.954191), (16.302023, 1.024154, 2.795882)
(16.148018, 1.057113, 2.799726), (16.302023, 1.024154, 2.795882), (16.301044, 1.012424, 2.641348)
(16.608437, 0.955626, 2.947422), (16.75985, 0.909457, 2.947678), (16.759565, 0.901795, 2.791891)
(16.608437, 0.955626, 2.947422), (16.608519, 0.96286, 3.103128), (16.75985, 0.909457, 2.947678)
(16.45578, 0.996187, 2.948518), (16.608437, 0.955626, 2.947422), (16.607979, 0.946867, 2.791901)
(16.45578, 0.996187, 2.948518), (16.455858, 1.003332, 3.103872), (16.608437, 0.955626, 2.947422)
(16.302267, 1.032024, 2.950768), (16.45578, 0.996187, 2.948518), (16.455357, 0.987333, 2.793293)
(16.302267, 1.032024, 2.950768), (16.302235, 1.038342, 3.105673), (16.45578, 0.996187, 2.948518)
(16.147978, 1.062903, 2.954191), (16.302267, 1.032024, 2.950768), (16.302023, 1.024154, 2.795882)
(16.147978, 1.062903, 2.954191), (16.147869, 1.068503, 3.108392), (16.302267, 1.032024, 2.950768)
(16.109541, 1.575581, 3.044992), (16.069109, 1.575581, 3.09516), (16.192112, 1.566439, 3.11462)
(16.109541, 1.575581, 3.044992), (16.192112, 1.566439, 3.11462), (16.101065, 0.804642, 3.113878)
(16.069109, 1.575581, 3.09516), (16.05357, 1.566084, 3.113001), (16.150244, 1.56644, 3.163597)
(16.069109, 1.575581, 3.09516), (16.150244, 1.56644, 3.163597), (16.192112, 1.566439, 3.11462)
(16.608519, 0.96286, 3.103128), (16.759979, 0.916681, 3.103506), (16.75985, 0.909457, 2.947678)
(16.608519, 0.96286, 3.103128), (16.608248, 0.968387, 3.259174), (16.759979, 0.916681, 3.103506)
(16.455858, 1.003332, 3.103872), (16.455496, 1.008056, 3.259622), (16.608519, 0.96286, 3.103128)
(16.455858, 1.003332, 3.103872), (16.608519, 0.96286, 3.103128), (16.608437, 0.955626, 2.947422)
(16.302235, 1.038342, 3.105673), (16.455858, 1.003332, 3.103872), (16.45578, 0.996187, 2.948518)
(16.302235, 1.038342, 3.105673), (16.302008, 1.043683, 3.260686), (16.455858, 1.003332, 3.103872)
(16.147869, 1.068503, 3.108392), (16.14723, 1.070619, 3.263048), (16.302235, 1.038342, 3.105673)
(16.147869, 1.068503, 3.108392), (16.302235, 1.038342, 3.105673), (16.302267, 1.032024, 2.950768)
(16.101065, 0.804642, 3.113878), (16.192112, 1.566439, 3.11462), (16.184631, 0.79555, 3.18543)
(16.192112, 1.566439, 3.11462), (16.150244, 1.56644, 3.163597), (16.273685, 1.55758, 3.187418)
(16.192112, 1.566439, 3.11462), (16.273685, 1.55758, 3.187418), (16.184631, 0.79555, 3.18543)
(16.150244, 1.56644, 3.163597), (16.134222, 1.55694, 3.181002), (16.230223, 1.557582, 3.234985)
(16.150244, 1.56644, 3.163597), (16.230223, 1.557582, 3.234985), (16.273685, 1.55758, 3.187418)
(16.134222, 1.55694, 3.181002), (16.034464, 1.556944, 3.297701), (16.213657, 1.548079, 3.251874)
(16.134222, 1.55694, 3.181002), (16.213657, 1.548079, 3.251874), (16.230223, 1.557582, 3.234985)
(16.184631, 0.79555, 3.18543), (16.273685, 1.55758, 3.187418), (16.266893, 0.786751, 3.259882)
(16.273685, 1.55758, 3.187418), (16.230223, 1.557582, 3.234985), (16.354036, 1.548996, 3.263422)
(16.273685, 1.55758, 3.187418), (16.354036, 1.548996, 3.263422), (16.266893, 0.786751, 3.259882)
(16.230223, 1.557582, 3.234985), (16.213657, 1.548079, 3.251874), (16.308849, 1.548997, 3.309357)
(16.230223, 1.557582, 3.234985), (16.308849, 1.548997, 3.309357), (16.354036, 1.548996, 3.263422)
(16.213657, 1.548079, 3.251874), (16.1101, 1.548083, 3.365213), (16.291697, 1.539491, 3.325644)
(16.213657, 1.548079, 3.251874), (16.291697, 1.539491, 3.325644), (16.308849, 1.548997, 3.309357)
(16.608248, 0.968387, 3.259174), (16.759676, 0.922196, 3.259759), (16.759979, 0.916681, 3.103506)
(16.608248, 0.968387, 3.259174), (16.607792, 0.97278, 3.415554), (16.759676, 0.922196, 3.259759)
(16.455496, 1.008056, 3.259622), (16.608248, 0.968387, 3.259174), (16.608519, 0.96286, 3.103128)
(16.455496, 1.008056, 3.259622), (16.454884, 1.011172, 3.415732), (16.608248, 0.968387, 3.259174)
(16.266893, 0.786751, 3.259882), (16.354036, 1.548996, 3.263422), (16.346441, 0.778348, 3.338905)
(16.302008, 1.043683, 3.260686), (16.455496, 1.008056, 3.259622), (16.455858, 1.003332, 3.103872)
(16.302008, 1.043683, 3.260686), (16.301023, 1.043871, 3.416564), (16.455496, 1.008056, 3.259622)
(16.14723, 1.070619, 3.263048), (16.302008, 1.043683, 3.260686), (16.302235, 1.038342, 3.105673)
(16.14723, 1.070619, 3.263048), (16.146275, 1.07049, 3.418085), (16.302008, 1.043683, 3.260686)
(16.354036, 1.548996, 3.263422), (16.308849, 1.548997, 3.309357), (16.431795, 1.540785, 3.344398)
(16.354036, 1.548996, 3.263422), (16.431795, 1.540785, 3.344398), (16.346441, 0.778348, 3.338905)
# 17.061247949980007, 0, 2.9711710499800033
(16.908878, 0.843212, 2.637862), (17.058075, 0.790839, 2.640354), (17.05616, 0.781478, 2.485482)
(16.908878, 0.843212, 2.637862), (16.909887, 0.852015, 2.793227), (17.058075, 0.790839, 2.640354)
(17.058075, 0.790839, 2.640354), (17.205938, 0.734458, 2.643844), (17.204151, 0.726371, 2.489126)
(17.058075, 0.790839, 2.640354), (17.05888, 0.798036, 2.795671), (17.205938, 0.734458, 2.643844)
(17.205938, 0.734458, 2.643844), (17.351871, 0.673285, 2.648299), (17.350307, 0.665832, 2.493804)
(17.205938, 0.734458, 2.643844), (17.206347, 0.739968, 2.799078), (17.351871, 0.673285, 2.648299)
(17.351871, 0.673285, 2.648299), (17.495258, 0.607143, 2.653484), (17.49391, 0.599506, 2.499283)
(17.351871, 0.673285, 2.648299), (17.351706, 0.677439, 2.80339), (17.495258, 0.607143, 2.653484)
(16.759565, 0.901795, 2.791891), (16.75985, 0.909457, 2.947678), (16.909887, 0.852015, 2.793227)
(16.759565, 0.901795, 2.791891), (16.909887, 0.852015, 2.793227), (16.908878, 0.843212, 2.637862)
(16.909887, 0.852015, 2.793227), (16.910099, 0.858886, 2.948994), (17.05888, 0.798036, 2.795671)
(16.909887, 0.852015, 2.793227), (17.05888, 0.798036, 2.795671), (17.058075, 0.790839, 2.640354)
(17.05888, 0.798036, 2.795671), (17.058725, 0.803293, 2.951457), (17.206347, 0.739968, 2.799078)
(17.05888, 0.798036, 2.795671), (17.206347, 0.739968, 2.799078), (17.205938, 0.734458, 2.643844)
(17.206347, 0.739968, 2.799078), (17.205694, 0.743605, 2.954788), (17.351706, 0.677439, 2.80339)
(17.206347, 0.739968, 2.799078), (17.351706, 0.677439, 2.80339), (17.351871, 0.673285, 2.648299)
(17.351706, 0.677439, 2.80339), (17.3503, 0.679463, 2.958986), (17.494318, 0.610391, 2.808388)
(17.351706, 0.677439, 2.80339), (17.494318, 0.610391, 2.808388), (17.495258, 0.607143, 2.653484)
(16.75985, 0.909457, 2.947678), (16.910099, 0.858886, 2.948994), (16.909887, 0.852015, 2.793227)
(16.75985, 0.909457, 2.947678), (16.759979, 0.916681, 3.103506), (16.910099, 0.858886, 2.948994)
(16.910099, 0.858886, 2.948994), (17.058725, 0.803293, 2.951457), (17.05888, 0.798036, 2.795671)
(16.910099, 0.858886, 2.948994), (16.909893, 0.864645, 3.105045), (17.058725, 0.803293, 2.951457)
(17.058725, 0.803293, 2.951457), (17.205694, 0.743605, 2.954788), (17.206347, 0.739968, 2.799078)
(17.058725, 0.803293, 2.951457), (17.058262, 0.807973, 3.107479), (17.205694, 0.743605, 2.954788)
(17.205694, 0.743605, 2.954788), (17.3503, 0.679463, 2.958986), (17.351706, 0.677439, 2.80339)
(17.205694, 0.743605, 2.954788), (17.204704, 0.746716, 3.110778), (17.3503, 0.679463, 2.958986)
(17.3503, 0.679463, 2.958986), (17.492149, 0.611391, 2.96378), (17.494318, 0.610391, 2.808388)
(17.3503, 0.679463, 2.958986), (17.34873, 0.681239, 3.114837), (17.492149, 0.611391, 2.96378)
(16.759979, 0.916681, 3.103506), (16.759676, 0.922196, 3.259759), (16.909893, 0.864645, 3.105045)
(16.759979, 0.916681, 3.103506), (16.909893, 0.864645, 3.105045), (16.910099, 0.858886, 2.948994)
(16.909893, 0.864645, 3.105045), (17.058262, 0.807973, 3.107479), (17.058725, 0.803293, 2.951457)
(16.909893, 0.864645, 3.105045), (16.90959, 0.870025, 3.261313), (17.058262, 0.807973, 3.107479)
(17.058262, 0.807973, 3.107479), (17.057516, 0.811886, 3.263861), (17.204704, 0.746716, 3.110778)
(17.058262, 0.807973, 3.107479), (17.204704, 0.746716, 3.110778), (17.205694, 0.743605, 2.954788)
(17.204704, 0.746716, 3.110778), (17.34873, 0.681239, 3.114837), (17.3503, 0.679463, 2.958986)
(17.204704, 0.746716, 3.110778), (17.203596, 0.749633, 3.267055), (17.34873, 0.681239, 3.114837)
(17.34873, 0.681239, 3.114837), (17.347122, 0.683094, 3.270948), (17.489756, 0.611971, 3.119479)
(17.34873, 0.681239, 3.114837), (17.489756, 0.611971, 3.119479), (17.492149, 0.611391, 2.96378)
(16.759676, 0.922196, 3.259759), (16.90959, 0.870025, 3.261313), (16.909893, 0.864645, 3.105045)
(16.759676, 0.922196, 3.259759), (16.759235, 0.926831, 3.416346), (16.90959, 0.870025, 3.261313)
(16.90959, 0.870025, 3.261313), (17.057516, 0.811886, 3.263861), (17.058262, 0.807973, 3.107479)
(16.90959, 0.870025, 3.261313), (16.908888, 0.873819, 3.418101), (17.057516, 0.811886, 3.263861)
(17.057516, 0.811886, 3.263861), (17.203596, 0.749633, 3.267055), (17.204704, 0.746716, 3.110778)
(17.057516, 0.811886, 3.263861), (17.056793, 0.815673, 3.42052), (17.203596, 0.749633, 3.267055)
(17.203596, 0.749633, 3.267055), (17.347122, 0.683094, 3.270948), (17.34873, 0.681239, 3.114837)
(17.203596, 0.749633, 3.267055), (17.202641, 0.752825, 3.423568), (17.347122, 0.683094, 3.270948)
(17.347122, 0.683094, 3.270948), (17.487581, 0.612968, 3.275381), (17.489756, 0.611971, 3.119479)
(17.347122, 0.683094, 3.270948), (17.345806, 0.685568, 3.427254), (17.487581, 0.612968, 3.275381)
# 17.729018183313343, 0, 2.9711710499800033
(17.495258, 0.607143, 2.653484), (17.635248, 0.535721, 2.659078), (17.634346, 0.527929, 2.505149)
(17.495258, 0.607143, 2.653484), (17.494318, 0.610391, 2.808388), (17.635248, 0.535721, 2.659078)
(17.635248, 0.535721, 2.659078), (17.771805, 0.459321, 2.664683), (17.771389, 0.451432, 2.511025)
(17.635248, 0.535721, 2.659078), (17.633709, 0.538942, 2.81373), (17.771805, 0.459321, 2.664683)
(17.771805, 0.459321, 2.664683), (17.904144, 0.375225, 2.670197), (17.904194, 0.367218, 2.516816)
(17.771805, 0.459321, 2.664683), (17.769516, 0.462527, 2.819108), (17.904144, 0.375225, 2.670197)
(17.904144, 0.375225, 2.670197), (18.032715, 0.280415, 2.675707), (18.033533, 0.27264, 2.522578)
(17.904144, 0.375225, 2.670197), (17.901043, 0.378286, 2.824422), (18.032715, 0.280415, 2.675707)
(18.032715, 0.280415, 2.675707), (18.159843, 0.176407, 2.681004), (18.162624, 0.172281, 2.527941)
(18.032715, 0.280415, 2.675707), (18.028439, 0.282418, 2.829784), (18.159843, 0.176407, 2.681004)
(17.494318, 0.610391, 2.808388), (17.492149, 0.611391, 2.96378), (17.633709, 0.538942, 2.81373)
(17.494318, 0.610391, 2.808388), (17.633709, 0.538942, 2.81373), (17.635248, 0.535721, 2.659078)
(17.633709, 0.538942, 2.81373), (17.630674, 0.539304, 2.96892), (17.769516, 0.462527, 2.819108)
(17.633709, 0.538942, 2.81373), (17.769516, 0.462527, 2.819108), (17.771805, 0.459321, 2.664683)
(17.769516, 0.462527, 2.819108), (17.765417, 0.462252, 2.974145), (17.901043, 0.378286, 2.824422)
(17.769516, 0.462527, 2.819108), (17.901043, 0.378286, 2.824422), (17.904144, 0.375225, 2.670197)
(17.901043, 0.378286, 2.824422), (17.895861, 0.377286, 2.979346), (18.028439, 0.282418, 2.829784)
(17.901043, 0.378286, 2.824422), (18.028439, 0.282418, 2.829784), (18.032715, 0.280415, 2.675707)
(18.028439, 0.282418, 2.829784), (18.022535, 0.281716, 2.984553), (18.154213, 0.177112, 2.834984)
(18.028439, 0.282418, 2.829784), (18.154213, 0.177112, 2.834984), (18.159843, 0.176407, 2.681004)
(17.492149, 0.611391, 2.96378), (17.630674, 0.539304, 2.96892), (17.633709, 0.538942, 2.81373)
(17.492149, 0.611391, 2.96378), (17.489756, 0.611971, 3.119479), (17.630674, 0.539304, 2.96892)
(17.630674, 0.539304, 2.96892), (17.765417, 0.462252, 2.974145), (17.769516, 0.462527, 2.819108)
(17.630674, 0.539304, 2.96892), (17.627396, 0.539141, 3.124445), (17.765417, 0.462252, 2.974145)
(17.765417, 0.462252, 2.974145), (17.895861, 0.377286, 2.979346), (17.901043, 0.378286, 2.824422)
(17.765417, 0.462252, 2.974145), (17.761166, 0.461652, 3.129533), (17.895861, 0.377286, 2.979346)
(17.895861, 0.377286, 2.979346), (18.022535, 0.281716, 2.984553), (18.028439, 0.282418, 2.829784)
(17.895861, 0.377286, 2.979346), (17.890694, 0.376703, 3.134638), (18.022535, 0.281716, 2.984553)
(18.022535, 0.281716, 2.984553), (18.147104, 0.175604, 2.989665), (18.154213, 0.177112, 2.834984)
(18.022535, 0.281716, 2.984553), (18.016275, 0.280831, 3.139784), (18.147104, 0.175604, 2.989665)
(17.489756, 0.611971, 3.119479), (17.627396, 0.539141, 3.124445), (17.630674, 0.539304, 2.96892)
(17.489756, 0.611971, 3.119479), (17.487581, 0.612968, 3.275381), (17.627396, 0.539141, 3.124445)
(17.627396, 0.539141, 3.124445), (17.624365, 0.5394, 3.280168), (17.761166, 0.461652, 3.129533)
(17.627396, 0.539141, 3.124445), (17.761166, 0.461652, 3.129533), (17.765417, 0.462252, 2.974145)
(17.761166, 0.461652, 3.129533), (17.890694, 0.376703, 3.134638), (17.895861, 0.377286, 2.979346)
(17.761166, 0.461652, 3.129533), (17.757313, 0.461552, 3.285113), (17.890694, 0.376703, 3.134638)
(17.890694, 0.376703, 3.134638), (17.885948, 0.376469, 3.290152), (18.016275, 0.280831, 3.139784)
(17.890694, 0.376703, 3.134638), (18.016275, 0.280831, 3.139784), (18.022535, 0.281716, 2.984553)
(18.016275, 0.280831, 3.139784), (18.139505, 0.173923, 3.144881), (18.147104, 0.175604, 2.989665)
(18.016275, 0.280831, 3.139784), (18.010517, 0.280506, 3.295288), (18.139505, 0.173923, 3.144881)
(17.487581, 0.612968, 3.275381), (17.624365, 0.5394, 3.280168), (17.627396, 0.539141, 3.124445)
(17.487581, 0.612968, 3.275381), (17.485737, 0.614771, 3.431448), (17.624365, 0.5394, 3.280168)
(17.624365, 0.5394, 3.280168), (17.757313, 0.461552, 3.285113), (17.761166, 0.461652, 3.129533)
(17.624365, 0.5394, 3.280168), (17.622061, 0.540799, 3.435985), (17.757313, 0.461552, 3.285113)
(17.757313, 0.461552, 3.285113), (17.885948, 0.376469, 3.290152), (17.890694, 0.376703, 3.134638)
(17.757313, 0.461552, 3.285113), (17.754448, 0.462708, 3.440757), (17.885948, 0.376469, 3.290152)
(17.885948, 0.376469, 3.290152), (18.010517, 0.280506, 3.295288), (18.016275, 0.280831, 3.139784)
(17.885948, 0.376469, 3.290152), (17.882402, 0.377457, 3.445725), (18.010517, 0.280506, 3.295288)
(18.010517, 0.280506, 3.295288), (18.13253, 0.172514, 3.300404), (18.139505, 0.173923, 3.144881)
(18.010517, 0.280506, 3.295288), (18.006189, 0.281137, 3.450864), (18.13253, 0.172514, 3.300404)
# 18.39678841664667, 0, 2.9711710499800033
(18.159843, 0.176407, 2.681004), (18.289383, 0.072405, 2.685411), (18.293768, 0.070796, 2.532437)
(18.159843, 0.176407, 2.681004), (18.154213, 0.177112, 2.834984), (18.289383, 0.072405, 2.685411)
(18.289383, 0.072405, 2.685411), (18.423615, -0.026785, 2.688512), (18.429352, -0.025989, 2.535621)
(18.289383, 0.072405, 2.685411), (18.281906, 0.070111, 2.839396), (18.423615, -0.026785, 2.688512)
(18.423615, -0.026785, 2.688512), (18.564455, -0.11598, 2.690035), (18.571314, -0.11273, 2.537171)
(18.423615, -0.026785, 2.688512), (18.41466, -0.031764, 2.842489), (18.564455, -0.11598, 2.690035)
(18.713121, -0.190667, 2.689912), (18.869503, -0.248755, 2.688306), (18.877192, -0.24213, 2.535325)
(18.713121, -0.190667, 2.689912), (18.702782, -0.199437, 2.843863), (18.869503, -0.248755, 2.688306)
(18.564455, -0.11598, 2.690035), (18.713121, -0.190667, 2.689912), (18.720537, -0.185669, 2.53702)
(18.564455, -0.11598, 2.690035), (18.554657, -0.122846, 2.843993), (18.713121, -0.190667, 2.689912)
(18.154213, 0.177112, 2.834984), (18.147104, 0.175604, 2.989665), (18.281906, 0.070111, 2.839396)
(18.154213, 0.177112, 2.834984), (18.281906, 0.070111, 2.839396), (18.289383, 0.072405, 2.685411)
(18.281906, 0.070111, 2.839396), (18.272974, 0.066005, 2.99412), (18.41466, -0.031764, 2.842489)
(18.281906, 0.070111, 2.839396), (18.41466, -0.031764, 2.842489), (18.423615, -0.026785, 2.688512)
(18.41466, -0.031764, 2.842489), (18.40444, -0.038071, 2.997198), (18.554657, -0.122846, 2.843993)
(18.41466, -0.031764, 2.842489), (18.554657, -0.122846, 2.843993), (18.564455, -0.11598, 2.690035)
(18.702782, -0.199437, 2.843863), (18.690674, -0.210269, 2.998606), (18.859159, -0.258937, 2.842256)
(18.702782, -0.199437, 2.843863), (18.859159, -0.258937, 2.842256), (18.869503, -0.248755, 2.688306)
(18.554657, -0.122846, 2.843993), (18.543205, -0.131631, 2.998718), (18.702782, -0.199437, 2.843863)
(18.554657, -0.122846, 2.843993), (18.702782, -0.199437, 2.843863), (18.713121, -0.190667, 2.689912)
(18.147104, 0.175604, 2.989665), (18.272974, 0.066005, 2.99412), (18.281906, 0.070111, 2.839396)
(18.147104, 0.175604, 2.989665), (18.139505, 0.173923, 3.144881), (18.272974, 0.066005, 2.99412)
(18.272974, 0.066005, 2.99412), (18.40444, -0.038071, 2.997198), (18.41466, -0.031764, 2.842489)
(18.272974, 0.066005, 2.99412), (18.26354, 0.06158, 3.149433), (18.40444, -0.038071, 2.997198)
(18.40444, -0.038071, 2.997198), (18.543205, -0.131631, 2.998718), (18.554657, -0.122846, 2.843993)
(18.40444, -0.038071, 2.997198), (18.393274, -0.045472, 3.152592), (18.543205, -0.131631, 2.998718)
(18.690674, -0.210269, 2.998606), (18.846825, -0.271481, 2.997082), (18.859159, -0.258937, 2.842256)
(18.690674, -0.210269, 2.998606), (18.678225, -0.221102, 3.153972), (18.846825, -0.271481, 2.997082)
(18.543205, -0.131631, 2.998718), (18.690674, -0.210269, 2.998606), (18.702782, -0.199437, 2.843863)
(18.543205, -0.131631, 2.998718), (18.531321, -0.140734, 3.154078), (18.690674, -0.210269, 2.998606)
(18.139505, 0.173923, 3.144881), (18.13253, 0.172514, 3.300404), (18.26354, 0.06158, 3.149433)
(18.139505, 0.173923, 3.144881), (18.26354, 0.06158, 3.149433), (18.272974, 0.066005, 2.99412)
(18.26354, 0.06158, 3.149433), (18.393274, -0.045472, 3.152592), (18.40444, -0.038071, 2.997198)
(18.26354, 0.06158, 3.149433), (18.255219, 0.05871, 3.30499), (18.393274, -0.045472, 3.152592)
(18.393274, -0.045472, 3.152592), (18.383785, -0.050056, 3.308149), (18.531321, -0.140734, 3.154078)
(18.393274, -0.045472, 3.152592), (18.531321, -0.140734, 3.154078), (18.543205, -0.131631, 2.998718)
(18.678225, -0.221102, 3.153972), (18.6674, -0.229278, 3.309463), (18.834259, -0.283826, 3.152416)
(18.678225, -0.221102, 3.153972), (18.834259, -0.283826, 3.152416), (18.846825, -0.271481, 2.997082)
(18.531321, -0.140734, 3.154078), (18.678225, -0.221102, 3.153972), (18.690674, -0.210269, 2.998606)
(18.531321, -0.140734, 3.154078), (18.52083, -0.147318, 3.309628), (18.678225, -0.221102, 3.153972)
(18.13253, 0.172514, 3.300404), (18.255219, 0.05871, 3.30499), (18.26354, 0.06158, 3.149433)
(18.13253, 0.172514, 3.300404), (18.127348, 0.173204, 3.455998), (18.255219, 0.05871, 3.30499)
(18.255219, 0.05871, 3.30499), (18.383785, -0.050056, 3.308149), (18.393274, -0.045472, 3.152592)
(18.255219, 0.05871, 3.30499), (18.249088, 0.058888, 3.460585), (18.383785, -0.050056, 3.308149)
# 19.064558649980007, 0, 2.9711710499800033
(19.377287, -0.320216, 2.677935), (19.554655, -0.315599, 2.673904), (19.560188, -0.305913, 2.520069)
(19.377287, -0.320216, 2.677935), (19.368488, -0.333144, 2.832346), (19.554655, -0.315599, 2.673904)
(19.202883, -0.312352, 2.681897), (19.377287, -0.320216, 2.677935), (19.383734, -0.31063, 2.524382)
(19.202883, -0.312352, 2.681897), (19.193304, -0.32478, 2.83614), (19.377287, -0.320216, 2.677935)
(19.033106, -0.289188, 2.685504), (19.202883, -0.312352, 2.681897), (19.209934, -0.30362, 2.528654)
(19.033106, -0.289188, 2.685504), (19.023109, -0.300461, 2.839532), (19.202883, -0.312352, 2.681897)
(18.869503, -0.248755, 2.688306), (19.033106, -0.289188, 2.685504), (19.040588, -0.281432, 2.532435)
(18.869503, -0.248755, 2.688306), (18.859159, -0.258937, 2.842256), (19.033106, -0.289188, 2.685504)
(19.368488, -0.333144, 2.832346), (19.358562, -0.347234, 2.987288), (19.547102, -0.328279, 2.828448)
(19.368488, -0.333144, 2.832346), (19.547102, -0.328279, 2.828448), (19.554655, -0.315599, 2.673904)
(19.193304, -0.32478, 2.83614), (19.182062, -0.339023, 2.991078), (19.368488, -0.333144, 2.832346)
(19.193304, -0.32478, 2.83614), (19.368488, -0.333144, 2.832346), (19.377287, -0.320216, 2.677935)
(19.023109, -0.300461, 2.839532), (19.01099, -0.3143, 2.994466), (19.193304, -0.32478, 2.83614)
(19.023109, -0.300461, 2.839532), (19.193304, -0.32478, 2.83614), (19.202883, -0.312352, 2.681897)
(18.859159, -0.258937, 2.842256), (18.846825, -0.271481, 2.997082), (19.023109, -0.300461, 2.839532)
(18.859159, -0.258937, 2.842256), (19.023109, -0.300461, 2.839532), (19.033106, -0.289188, 2.685504)
(19.358562, -0.347234, 2.987288), (19.538429, -0.34229, 2.983501), (19.547102, -0.328279, 2.828448)
(19.358562, -0.347234, 2.987288), (19.34745, -0.363124, 3.142679), (19.538429, -0.34229, 2.983501)
(19.182062, -0.339023, 2.991078), (19.358562, -0.347234, 2.987288), (19.368488, -0.333144, 2.832346)
(19.182062, -0.339023, 2.991078), (19.17021, -0.354004, 3.146381), (19.358562, -0.347234, 2.987288)
(19.01099, -0.3143, 2.994466), (19.182062, -0.339023, 2.991078), (19.193304, -0.32478, 2.83614)
(19.01099, -0.3143, 2.994466), (18.998644, -0.328056, 3.149754), (19.182062, -0.339023, 2.991078)
(18.846825, -0.271481, 2.997082), (19.01099, -0.3143, 2.994466), (19.023109, -0.300461, 2.839532)
(18.846825, -0.271481, 2.997082), (18.834259, -0.283826, 3.152416), (19.01099, -0.3143, 2.994466)
(19.34745, -0.363124, 3.142679), (19.337372, -0.376962, 3.298172), (19.528973, -0.357582, 3.138844)
(19.34745, -0.363124, 3.142679), (19.528973, -0.357582, 3.138844), (19.538429, -0.34229, 2.983501)
(19.17021, -0.354004, 3.146381), (19.34745, -0.363124, 3.142679), (19.358562, -0.347234, 2.987288)
(19.17021, -0.354004, 3.146381), (19.159163, -0.367435, 3.301961), (19.34745, -0.363124, 3.142679)
(18.998644, -0.328056, 3.149754), (18.987339, -0.340084, 3.305293), (19.17021, -0.354004, 3.146381)
(18.998644, -0.328056, 3.149754), (19.17021, -0.354004, 3.146381), (19.182062, -0.339023, 2.991078)
(18.834259, -0.283826, 3.152416), (18.998644, -0.328056, 3.149754), (19.01099, -0.3143, 2.994466)
(18.834259, -0.283826, 3.152416), (18.823071, -0.294011, 3.307909), (18.998644, -0.328056, 3.149754)
(19.337372, -0.376962, 3.298172), (19.520237, -0.371209, 3.294243), (19.528973, -0.357582, 3.138844)
(19.337372, -0.376962, 3.298172), (19.329704, -0.386935, 3.453376), (19.520237, -0.371209, 3.294243)
(19.159163, -0.367435, 3.301961), (19.337372, -0.376962, 3.298172), (19.34745, -0.363124, 3.142679)
(19.159163, -0.367435, 3.301961), (19.1511, -0.375939, 3.457219), (19.337372, -0.376962, 3.298172)
# 19.732328883313336, 0, 2.9711710499800033
(19.733171, -0.302476, 2.670075), (19.911016, -0.285194, 2.666779), (19.914509, -0.276228, 2.512323)
(19.733171, -0.302476, 2.670075), (19.726904, -0.314771, 2.824843), (19.911016, -0.285194, 2.666779)
(19.554655, -0.315599, 2.673904), (19.733171, -0.302476, 2.670075), (19.737732, -0.292972, 2.515956)
(19.554655, -0.315599, 2.673904), (19.547102, -0.328279, 2.828448), (19.733171, -0.302476, 2.670075)
(19.726904, -0.314771, 2.824843), (19.719957, -0.32771, 2.9799), (19.906294, -0.296352, 2.821661)
(19.726904, -0.314771, 2.824843), (19.906294, -0.296352, 2.821661), (19.911016, -0.285194, 2.666779)
(19.547102, -0.328279, 2.828448), (19.538429, -0.34229, 2.983501), (19.726904, -0.314771, 2.824843)
(19.547102, -0.328279, 2.828448), (19.726904, -0.314771, 2.824843), (19.733171, -0.302476, 2.670075)
(19.719957, -0.32771, 2.9799), (19.901274, -0.307666, 2.976737), (19.906294, -0.296352, 2.821661)
(19.719957, -0.32771, 2.9799), (19.712578, -0.341603, 3.135177), (19.901274, -0.307666, 2.976737)
(19.538429, -0.34229, 2.983501), (19.719957, -0.32771, 2.9799), (19.726904, -0.314771, 2.824843)
(19.538429, -0.34229, 2.983501), (19.528973, -0.357582, 3.138844), (19.719957, -0.32771, 2.9799)
(19.712578, -0.341603, 3.135177), (19.705482, -0.354447, 3.290511), (19.895519, -0.320615, 3.132049)
(19.712578, -0.341603, 3.135177), (19.895519, -0.320615, 3.132049), (19.901274, -0.307666, 2.976737)
(19.528973, -0.357582, 3.138844), (19.712578, -0.341603, 3.135177), (19.719957, -0.32771, 2.9799)
(19.528973, -0.357582, 3.138844), (19.520237, -0.371209, 3.294243), (19.712578, -0.341603, 3.135177)
(19.705482, -0.354447, 3.290511), (19.890215, -0.332329, 3.287371), (19.895519, -0.320615, 3.132049)
(19.705482, -0.354447, 3.290511), (19.699074, -0.366549, 3.445782), (19.890215, -0.332329, 3.287371)
(19.520237, -0.371209, 3.294243), (19.705482, -0.354447, 3.290511), (19.712578, -0.341603, 3.135177)
(19.520237, -0.371209, 3.294243), (19.513103, -0.382433, 3.449449), (19.705482, -0.354447, 3.290511)
