# 0.3669921166466698, 0, 1.6356305833133364
(0.62957, 0.36335, 1.42709), (0.785048, 0.364828, 1.425879), (0.7841, 0.359094, 1.269225)
(0.62957, 0.36335, 1.42709), (0.630547, 0.37156, 1.584016), (0.785048, 0.364828, 1.425879)
(0.474357, 0.366122, 1.428517), (0.62957, 0.36335, 1.42709), (0.628856, 0.359858, 1.270694)
(0.474357, 0.366122, 1.428517), (0.475055, 0.371971, 1.585152), (0.62957, 0.36335, 1.42709)
(0.319488, 0.374058, 1.430256), (0.474357, 0.366122, 1.428517), (0.473955, 0.3657, 1.272478)
(0.319488, 0.374058, 1.430256), (0.319802, 0.376341, 1.586475), (0.474357, 0.366122, 1.428517)
(0.164927, 0.38612, 1.43224), (0.319488, 0.374058, 1.430256), (0.319416, 0.376444, 1.274575)
(0.164927, 0.38612, 1.43224), (0.164885, 0.385877, 1.588116), (0.319488, 0.374058, 1.430256)
(0.630547, 0.37156, 1.584016), (0.631723, 0.383383, 1.74138), (0.786293, 0.375736, 1.583098)
(0.630547, 0.37156, 1.584016), (0.786293, 0.375736, 1.583098), (0.785048, 0.364828, 1.425879)
(0.475055, 0.371971, 1.585152), (0.475898, 0.380697, 1.74216), (0.630547, 0.37156, 1.584016)
(0.475055, 0.371971, 1.585152), (0.630547, 0.37156, 1.584016), (0.62957, 0.36335, 1.42709)
(0.319802, 0.376341, 1.586475), (0.320298, 0.382344, 1.743133), (0.475055, 0.371971, 1.585152)
(0.319802, 0.376341, 1.586475), (0.475055, 0.371971, 1.585152), (0.474357, 0.366122, 1.428517)
(0.164885, 0.385877, 1.588116), (0.164973, 0.388743, 1.744369), (0.319802, 0.376341, 1.586475)
(0.164885, 0.385877, 1.588116), (0.319802, 0.376341, 1.586475), (0.319488, 0.374058, 1.430256)
(0.631723, 0.383383, 1.74138), (0.787738, 0.390062, 1.740743), (0.786293, 0.375736, 1.583098)
(0.631723, 0.383383, 1.74138), (0.633118, 0.399314, 1.899222), (0.787738, 0.390062, 1.740743)
(0.475898, 0.380697, 1.74216), (0.631723, 0.383383, 1.74138), (0.630547, 0.37156, 1.584016)
(0.475898, 0.380697, 1.74216), (0.476959, 0.393784, 1.899656), (0.631723, 0.383383, 1.74138)
(0.320298, 0.382344, 1.743133), (0.475898, 0.380697, 1.74216), (0.475055, 0.371971, 1.585152)
(0.320298, 0.382344, 1.743133), (0.320991, 0.392613, 1.90026), (0.475898, 0.380697, 1.74216)
(0.164973, 0.388743, 1.744369), (0.320298, 0.382344, 1.743133), (0.319802, 0.376341, 1.586475)
(0.164973, 0.388743, 1.744369), (0.165262, 0.396244, 1.90111), (0.320298, 0.382344, 1.743133)
(0.633118, 0.399314, 1.899222), (0.789433, 0.408842, 1.898901), (0.787738, 0.390062, 1.740743)
(0.633118, 0.399314, 1.899222), (0.634732, 0.42006, 2.057598), (0.789433, 0.408842, 1.898901)
(0.476959, 0.393784, 1.899656), (0.478219, 0.411533, 2.057662), (0.633118, 0.399314, 1.899222)
(0.476959, 0.393784, 1.899656), (0.633118, 0.399314, 1.899222), (0.631723, 0.383383, 1.74138)
(0.320991, 0.392613, 1.90026), (0.476959, 0.393784, 1.899656), (0.475898, 0.380697, 1.74216)
(0.320991, 0.392613, 1.90026), (0.321864, 0.407494, 2.057879), (0.476959, 0.393784, 1.899656)
(0.165262, 0.396244, 1.90111), (0.165698, 0.407937, 2.058291), (0.320991, 0.392613, 1.90026)
(0.165262, 0.396244, 1.90111), (0.320991, 0.392613, 1.90026), (0.320298, 0.382344, 1.743133)
# 1.0347623499800032, 0, 1.6356305833133364
(1.252594, 0.388044, 1.422973), (1.408763, 0.400624, 1.422167), (1.407127, 0.38689, 1.26485)
(1.252594, 0.388044, 1.422973), (1.254423, 0.405041, 1.580744), (1.408763, 0.400624, 1.422167)
(1.096569, 0.377402, 1.423832), (1.252594, 0.388044, 1.422973), (1.25107, 0.37562, 1.265717)
(1.096569, 0.377402, 1.423832), (1.098247, 0.392896, 1.581491), (1.252594, 0.388044, 1.422973)
(0.940729, 0.36975, 1.424812), (1.096569, 0.377402, 1.423832), (1.095207, 0.366949, 1.266725)
(0.940729, 0.36975, 1.424812), (0.942187, 0.382757, 1.582249), (1.096569, 0.377402, 1.423832)
(0.785048, 0.364828, 1.425879), (0.940729, 0.36975, 1.424812), (0.939548, 0.361378, 1.267894)
(0.785048, 0.364828, 1.425879), (0.786293, 0.375736, 1.583098), (0.940729, 0.36975, 1.424812)
(1.254423, 0.405041, 1.580744), (1.256506, 0.425837, 1.738977), (1.410722, 0.418817, 1.579996)
(1.254423, 0.405041, 1.580744), (1.410722, 0.418817, 1.579996), (1.408763, 0.400624, 1.422167)
(1.098247, 0.392896, 1.581491), (1.100146, 0.411858, 1.739583), (1.254423, 0.405041, 1.580744)
(1.098247, 0.392896, 1.581491), (1.254423, 0.405041, 1.580744), (1.252594, 0.388044, 1.422973)
(0.942187, 0.382757, 1.582249), (0.943885, 0.399704, 1.740156), (1.098247, 0.392896, 1.581491)
(0.942187, 0.382757, 1.582249), (1.098247, 0.392896, 1.581491), (1.096569, 0.377402, 1.423832)
(0.786293, 0.375736, 1.583098), (0.787738, 0.390062, 1.740743), (0.942187, 0.382757, 1.582249)
(0.786293, 0.375736, 1.583098), (0.942187, 0.382757, 1.582249), (0.940729, 0.36975, 1.424812)
(1.256506, 0.425837, 1.738977), (1.41295, 0.440837, 1.738292), (1.410722, 0.418817, 1.579996)
(1.256506, 0.425837, 1.738977), (1.258856, 0.450587, 1.897714), (1.41295, 0.440837, 1.738292)
(1.100146, 0.411858, 1.739583), (1.256506, 0.425837, 1.738977), (1.254423, 0.405041, 1.580744)
(1.100146, 0.411858, 1.739583), (1.10231, 0.434987, 1.898186), (1.256506, 0.425837, 1.738977)
(0.943885, 0.399704, 1.740156), (1.100146, 0.411858, 1.739583), (1.098247, 0.392896, 1.581491)
(0.943885, 0.399704, 1.740156), (0.945833, 0.42085, 1.898567), (1.100146, 0.411858, 1.739583)
(0.787738, 0.390062, 1.740743), (0.943885, 0.399704, 1.740156), (0.942187, 0.382757, 1.582249)
(0.787738, 0.390062, 1.740743), (0.789433, 0.408842, 1.898901), (0.943885, 0.399704, 1.740156)
(1.258856, 0.450587, 1.897714), (1.415477, 0.466934, 1.897114), (1.41295, 0.440837, 1.738292)
(1.258856, 0.450587, 1.897714), (1.261476, 0.479598, 2.057004), (1.415477, 0.466934, 1.897114)
(1.10231, 0.434987, 1.898186), (1.104727, 0.462499, 2.057336), (1.258856, 0.450587, 1.897714)
(1.10231, 0.434987, 1.898186), (1.258856, 0.450587, 1.897714), (1.256506, 0.425837, 1.738977)
(0.945833, 0.42085, 1.898567), (1.10231, 0.434987, 1.898186), (1.100146, 0.411858, 1.739583)
(0.945833, 0.42085, 1.898567), (0.948022, 0.446494, 2.057518), (1.10231, 0.434987, 1.898186)
(0.789433, 0.408842, 1.898901), (0.791348, 0.432051, 2.057581), (0.945833, 0.42085, 1.898567)
(0.789433, 0.408842, 1.898901), (0.945833, 0.42085, 1.898567), (0.943885, 0.399704, 1.740156)
# 1.7025325833133367, 0, 1.6356305833133364
(2.034592, 0.452929, 1.418883), (2.191247, 0.461717, 1.417957), (2.189135, 0.445016, 1.260929)
(2.034592, 0.452929, 1.418883), (2.036987, 0.472775, 1.57646), (2.191247, 0.461717, 1.417957)
(1.877976, 0.441368, 1.419741), (2.034592, 0.452929, 1.418883), (2.032567, 0.436159, 1.261717)
(1.877976, 0.441368, 1.419741), (1.880273, 0.461407, 1.577458), (2.034592, 0.452929, 1.418883)
(1.721456, 0.428093, 1.420563), (1.877976, 0.441368, 1.419741), (1.876035, 0.424827, 1.262467)
(1.721456, 0.428093, 1.420563), (1.723659, 0.447989, 1.578381), (1.877976, 0.441368, 1.419741)
(1.565058, 0.414288, 1.421377), (1.721456, 0.428093, 1.420563), (1.719609, 0.412161, 1.263229)
(1.565058, 0.414288, 1.421377), (1.567133, 0.433419, 1.579214), (1.721456, 0.428093, 1.420563)
(1.408763, 0.400624, 1.422167), (1.565058, 0.414288, 1.421377), (1.563305, 0.399235, 1.26402)
(1.408763, 0.400624, 1.422167), (1.410722, 0.418817, 1.579996), (1.565058, 0.414288, 1.421377)
(1.880273, 0.461407, 1.577458), (1.882867, 0.48475, 1.735593), (2.036987, 0.472775, 1.57646)
(1.880273, 0.461407, 1.577458), (2.036987, 0.472775, 1.57646), (2.034592, 0.452929, 1.418883)
(1.723659, 0.447989, 1.578381), (1.726139, 0.471324, 1.736628), (1.880273, 0.461407, 1.577458)
(1.723659, 0.447989, 1.578381), (1.880273, 0.461407, 1.577458), (1.877976, 0.441368, 1.419741)
(1.567133, 0.433419, 1.579214), (1.569498, 0.456353, 1.737522), (1.723659, 0.447989, 1.578381)
(1.567133, 0.433419, 1.579214), (1.723659, 0.447989, 1.578381), (1.721456, 0.428093, 1.420563)
(1.410722, 0.418817, 1.579996), (1.41295, 0.440837, 1.738292), (1.567133, 0.433419, 1.579214)
(1.410722, 0.418817, 1.579996), (1.567133, 0.433419, 1.579214), (1.565058, 0.414288, 1.421377)
(1.882867, 0.48475, 1.735593), (2.039681, 0.49566, 1.734419), (2.036987, 0.472775, 1.57646)
(1.882867, 0.48475, 1.735593), (1.885757, 0.511079, 1.894176), (2.039681, 0.49566, 1.734419)
(1.726139, 0.471324, 1.736628), (1.882867, 0.48475, 1.735593), (1.880273, 0.461407, 1.577458)
(1.726139, 0.471324, 1.736628), (1.728918, 0.498015, 1.895356), (1.882867, 0.48475, 1.735593)
(1.569498, 0.456353, 1.737522), (1.726139, 0.471324, 1.736628), (1.723659, 0.447989, 1.578381)
(1.569498, 0.456353, 1.737522), (1.57216, 0.482987, 1.896332), (1.726139, 0.471324, 1.736628)
(1.41295, 0.440837, 1.738292), (1.569498, 0.456353, 1.737522), (1.567133, 0.433419, 1.579214)
(1.41295, 0.440837, 1.738292), (1.415477, 0.466934, 1.897114), (1.569498, 0.456353, 1.737522)
(1.885757, 0.511079, 1.894176), (2.042682, 0.521164, 1.892801), (2.039681, 0.49566, 1.734419)
(1.885757, 0.511079, 1.894176), (1.888933, 0.539919, 2.053234), (2.042682, 0.521164, 1.892801)
(1.728918, 0.498015, 1.895356), (1.73198, 0.527736, 2.054585), (1.885757, 0.511079, 1.894176)
(1.728918, 0.498015, 1.895356), (1.885757, 0.511079, 1.894176), (1.882867, 0.48475, 1.735593)
(1.57216, 0.482987, 1.896332), (1.728918, 0.498015, 1.895356), (1.726139, 0.471324, 1.736628)
(1.57216, 0.482987, 1.896332), (1.575101, 0.513088, 2.055664), (1.728918, 0.498015, 1.895356)
(1.415477, 0.466934, 1.897114), (1.418268, 0.496778, 2.056462), (1.57216, 0.482987, 1.896332)
(1.415477, 0.466934, 1.897114), (1.57216, 0.482987, 1.896332), (1.569498, 0.456353, 1.737522)
# 2.37030281664667, 0, 1.6356305833133364
(2.661164, 0.462982, 1.414908), (2.817631, 0.453221, 1.413875), (2.815213, 0.439454, 1.257609)
(2.661164, 0.462982, 1.414908), (2.663917, 0.47926, 1.571604), (2.817631, 0.453221, 1.413875)
(2.504565, 0.467508, 1.415944), (2.661164, 0.462982, 1.414908), (2.658824, 0.44806, 1.258446)
(2.504565, 0.467508, 1.415944), (2.507243, 0.484886, 1.572896), (2.661164, 0.462982, 1.414908)
(2.347906, 0.466889, 1.416964), (2.504565, 0.467508, 1.415944), (2.502292, 0.451823, 1.259277)
(2.347906, 0.466889, 1.416964), (2.3505, 0.485302, 1.574157), (2.504565, 0.467508, 1.415944)
(2.191247, 0.461717, 1.417957), (2.347906, 0.466889, 1.416964), (2.345717, 0.450547, 1.26011)
(2.191247, 0.461717, 1.417957), (2.193731, 0.481045, 1.575349), (2.347906, 0.466889, 1.416964)
(2.663917, 0.47926, 1.571604), (2.667018, 0.49747, 1.728515), (2.820466, 0.468162, 1.570321)
(2.663917, 0.47926, 1.571604), (2.820466, 0.468162, 1.570321), (2.817631, 0.453221, 1.413875)
(2.507243, 0.484886, 1.572896), (2.51025, 0.504538, 1.730106), (2.663917, 0.47926, 1.571604)
(2.507243, 0.484886, 1.572896), (2.663917, 0.47926, 1.571604), (2.661164, 0.462982, 1.414908)
(2.3505, 0.485302, 1.574157), (2.353403, 0.506319, 1.731645), (2.507243, 0.484886, 1.572896)
(2.3505, 0.485302, 1.574157), (2.507243, 0.484886, 1.572896), (2.504565, 0.467508, 1.415944)
(2.193731, 0.481045, 1.575349), (2.196532, 0.503134, 1.733093), (2.3505, 0.485302, 1.574157)
(2.193731, 0.481045, 1.575349), (2.3505, 0.485302, 1.574157), (2.347906, 0.466889, 1.416964)
(2.036987, 0.472775, 1.57646), (2.039681, 0.49566, 1.734419), (2.193731, 0.481045, 1.575349)
(2.036987, 0.472775, 1.57646), (2.193731, 0.481045, 1.575349), (2.191247, 0.461717, 1.417957)
(2.667018, 0.49747, 1.728515), (2.823665, 0.484712, 1.726941), (2.820466, 0.468162, 1.570321)
(2.667018, 0.49747, 1.728515), (2.670433, 0.516753, 1.885681), (2.823665, 0.484712, 1.726941)
(2.51025, 0.504538, 1.730106), (2.667018, 0.49747, 1.728515), (2.663917, 0.47926, 1.571604)
(2.51025, 0.504538, 1.730106), (2.513554, 0.525893, 1.887597), (2.667018, 0.49747, 1.728515)
(2.353403, 0.506319, 1.731645), (2.51025, 0.504538, 1.730106), (2.507243, 0.484886, 1.572896)
(2.353403, 0.506319, 1.731645), (2.356603, 0.5293, 1.889464), (2.51025, 0.504538, 1.730106)
(2.196532, 0.503134, 1.733093), (2.353403, 0.506319, 1.731645), (2.3505, 0.485302, 1.574157)
(2.196532, 0.503134, 1.733093), (2.199635, 0.527485, 1.891216), (2.353403, 0.506319, 1.731645)
(2.039681, 0.49566, 1.734419), (2.196532, 0.503134, 1.733093), (2.193731, 0.481045, 1.575349)
(2.039681, 0.49566, 1.734419), (2.042682, 0.521164, 1.892801), (2.196532, 0.503134, 1.733093)
(2.670433, 0.516753, 1.885681), (2.674077, 0.536355, 2.0431), (2.827172, 0.50231, 1.883761)
(2.670433, 0.516753, 1.885681), (2.827172, 0.50231, 1.883761), (2.823665, 0.484712, 1.726941)
(2.513554, 0.525893, 1.887597), (2.670433, 0.516753, 1.885681), (2.667018, 0.49747, 1.728515)
(2.513554, 0.525893, 1.887597), (2.51711, 0.547635, 2.045401), (2.670433, 0.516753, 1.885681)
(2.356603, 0.5293, 1.889464), (2.360065, 0.553226, 2.047636), (2.513554, 0.525893, 1.887597)
(2.356603, 0.5293, 1.889464), (2.513554, 0.525893, 1.887597), (2.51025, 0.504538, 1.730106)
(2.199635, 0.527485, 1.891216), (2.356603, 0.5293, 1.889464), (2.353403, 0.506319, 1.731645)
(2.199635, 0.527485, 1.891216), (2.203005, 0.553316, 2.049734), (2.356603, 0.5293, 1.889464)
(2.042682, 0.521164, 1.892801), (2.045952, 0.548717, 2.051613), (2.199635, 0.527485, 1.891216)
(2.042682, 0.521164, 1.892801), (2.199635, 0.527485, 1.891216), (2.196532, 0.503134, 1.733093)
# 3.038073049980004, 0, 1.6356305833133364
(3.28564, 0.394745, 1.411141), (3.440979, 0.368373, 1.410452), (3.438373, 0.361282, 1.254797)
(3.28564, 0.394745, 1.411141), (3.288668, 0.404763, 1.566962), (3.440979, 0.368373, 1.410452)
(3.129926, 0.418583, 1.411952), (3.28564, 0.394745, 1.411141), (3.283061, 0.385697, 1.255374)
(3.129926, 0.418583, 1.411952), (3.132908, 0.430276, 1.567955), (3.28564, 0.394745, 1.411141)
(2.9739, 0.438406, 1.412872), (3.129926, 0.418583, 1.411952), (3.127384, 0.40778, 1.256042)
(2.9739, 0.438406, 1.412872), (2.976822, 0.451605, 1.569096), (3.129926, 0.418583, 1.411952)
(2.817631, 0.453221, 1.413875), (2.9739, 0.438406, 1.412872), (2.971416, 0.425963, 1.256796)
(2.817631, 0.453221, 1.413875), (2.820466, 0.468162, 1.570321), (2.9739, 0.438406, 1.412872)
(3.288668, 0.404763, 1.566962), (3.29209, 0.416166, 1.722808), (3.444042, 0.376627, 1.566116)
(3.288668, 0.404763, 1.566962), (3.444042, 0.376627, 1.566116), (3.440979, 0.368373, 1.410452)
(3.132908, 0.430276, 1.567955), (3.136274, 0.443433, 1.72403), (3.288668, 0.404763, 1.566962)
(3.132908, 0.430276, 1.567955), (3.288668, 0.404763, 1.566962), (3.28564, 0.394745, 1.411141)
(2.976822, 0.451605, 1.569096), (2.98011, 0.466531, 1.725429), (3.132908, 0.430276, 1.567955)
(2.976822, 0.451605, 1.569096), (3.132908, 0.430276, 1.567955), (3.129926, 0.418583, 1.411952)
(2.820466, 0.468162, 1.570321), (2.823665, 0.484712, 1.726941), (2.976822, 0.451605, 1.569096)
(2.820466, 0.468162, 1.570321), (2.976822, 0.451605, 1.569096), (2.9739, 0.438406, 1.412872)
(3.29209, 0.416166, 1.722808), (3.447509, 0.386151, 1.721778), (3.444042, 0.376627, 1.566116)
(3.29209, 0.416166, 1.722808), (3.29583, 0.428867, 1.878721), (3.447509, 0.386151, 1.721778)
(3.136274, 0.443433, 1.72403), (3.29209, 0.416166, 1.722808), (3.288668, 0.404763, 1.566962)
(3.136274, 0.443433, 1.72403), (3.139955, 0.457827, 1.880204), (3.29209, 0.416166, 1.722808)
(2.98011, 0.466531, 1.725429), (3.136274, 0.443433, 1.72403), (3.132908, 0.430276, 1.567955)
(2.98011, 0.466531, 1.725429), (2.983708, 0.48256, 1.88191), (3.136274, 0.443433, 1.72403)
(2.823665, 0.484712, 1.726941), (2.98011, 0.466531, 1.725429), (2.976822, 0.451605, 1.569096)
(2.823665, 0.484712, 1.726941), (2.827172, 0.50231, 1.883761), (2.98011, 0.466531, 1.725429)
(3.29583, 0.428867, 1.878721), (3.29978, 0.442186, 2.034726), (3.451301, 0.39723, 1.877463)
(3.29583, 0.428867, 1.878721), (3.451301, 0.39723, 1.877463), (3.447509, 0.386151, 1.721778)
(3.139955, 0.457827, 1.880204), (3.29583, 0.428867, 1.878721), (3.29209, 0.416166, 1.722808)
(3.139955, 0.457827, 1.880204), (3.143836, 0.472297, 2.036526), (3.29583, 0.428867, 1.878721)
(2.983708, 0.48256, 1.88191), (2.98752, 0.49855, 2.038572), (3.139955, 0.457827, 1.880204)
(2.983708, 0.48256, 1.88191), (3.139955, 0.457827, 1.880204), (3.136274, 0.443433, 1.72403)
(2.827172, 0.50231, 1.883761), (2.983708, 0.48256, 1.88191), (2.98011, 0.466531, 1.725429)
(2.827172, 0.50231, 1.883761), (2.830902, 0.519892, 2.040799), (2.983708, 0.48256, 1.88191)
# 3.705843283313337, 0, 1.6356305833133364
(3.904435, 0.290105, 1.409349), (4.058046, 0.270872, 1.409345), (4.055394, 0.273393, 1.253833)
(3.904435, 0.290105, 1.409349), (3.907585, 0.291921, 1.564795), (4.058046, 0.270872, 1.409345)
(3.750388, 0.314058, 1.409538), (3.904435, 0.290105, 1.409349), (3.901802, 0.290049, 1.253846)
(3.750388, 0.314058, 1.409538), (3.753506, 0.318413, 1.565023), (3.904435, 0.290105, 1.409349)
(3.595899, 0.340838, 1.409907), (3.750388, 0.314058, 1.409538), (3.747762, 0.311382, 1.254014)
(3.595899, 0.340838, 1.409907), (3.598992, 0.347281, 1.565469), (3.750388, 0.314058, 1.409538)
(3.440979, 0.368373, 1.410452), (3.595899, 0.340838, 1.409907), (3.593282, 0.335886, 1.254336)
(3.440979, 0.368373, 1.410452), (3.444042, 0.376627, 1.566116), (3.595899, 0.340838, 1.409907)
(3.907585, 0.291921, 1.564795), (3.911156, 0.294706, 1.720168), (4.061246, 0.269931, 1.564787)
(3.907585, 0.291921, 1.564795), (4.061246, 0.269931, 1.564787), (4.058046, 0.270872, 1.409345)
(3.753506, 0.318413, 1.565023), (3.757039, 0.323764, 1.720448), (3.907585, 0.291921, 1.564795)
(3.753506, 0.318413, 1.565023), (3.907585, 0.291921, 1.564795), (3.904435, 0.290105, 1.409349)
(3.598992, 0.347281, 1.565469), (3.602496, 0.354791, 1.720985), (3.753506, 0.318413, 1.565023)
(3.598992, 0.347281, 1.565469), (3.753506, 0.318413, 1.565023), (3.750388, 0.314058, 1.409538)
(3.444042, 0.376627, 1.566116), (3.447509, 0.386151, 1.721778), (3.598992, 0.347281, 1.565469)
(3.444042, 0.376627, 1.566116), (3.598992, 0.347281, 1.565469), (3.595899, 0.340838, 1.409907)
(3.911156, 0.294706, 1.720168), (4.064879, 0.270081, 1.72015), (4.061246, 0.269931, 1.564787)
(3.911156, 0.294706, 1.720168), (3.91504, 0.300118, 1.875506), (4.064879, 0.270081, 1.72015)
(3.757039, 0.323764, 1.720448), (3.911156, 0.294706, 1.720168), (3.907585, 0.291921, 1.564795)
(3.757039, 0.323764, 1.720448), (3.760901, 0.330969, 1.875833), (3.911156, 0.294706, 1.720168)
(3.602496, 0.354791, 1.720985), (3.757039, 0.323764, 1.720448), (3.753506, 0.318413, 1.565023)
(3.602496, 0.354791, 1.720985), (3.606329, 0.364048, 1.876489), (3.757039, 0.323764, 1.720448)
(3.447509, 0.386151, 1.721778), (3.602496, 0.354791, 1.720985), (3.598992, 0.347281, 1.565469)
(3.447509, 0.386151, 1.721778), (3.451301, 0.39723, 1.877463), (3.602496, 0.354791, 1.720985)
(3.91504, 0.300118, 1.875506), (3.919091, 0.308224, 2.03084), (4.068828, 0.272847, 1.875454)
(3.91504, 0.300118, 1.875506), (4.068828, 0.272847, 1.875454), (4.064879, 0.270081, 1.72015)
(3.760901, 0.330969, 1.875833), (3.91504, 0.300118, 1.875506), (3.911156, 0.294706, 1.720168)
(3.760901, 0.330969, 1.875833), (3.76493, 0.340593, 2.031252), (3.91504, 0.300118, 1.875506)
(3.606329, 0.364048, 1.876489), (3.610348, 0.374926, 2.032041), (3.760901, 0.330969, 1.875833)
(3.606329, 0.364048, 1.876489), (3.760901, 0.330969, 1.875833), (3.757039, 0.323764, 1.720448)
(3.451301, 0.39723, 1.877463), (3.606329, 0.364048, 1.876489), (3.602496, 0.354791, 1.720985)
(3.451301, 0.39723, 1.877463), (3.455289, 0.409342, 2.03322), (3.606329, 0.364048, 1.876489)
# 4.373613516646671, 0, 1.6356305833133364
(4.058046, 0.270872, 1.409345), (4.211237, 0.25794, 1.409524), (4.208558, 0.263324, 1.253988)
(4.058046, 0.270872, 1.409345), (4.061246, 0.269931, 1.564787), (4.211237, 0.25794, 1.409524)
(4.211237, 0.25794, 1.409524), (4.364071, 0.253892, 1.409898), (4.361349, 0.261857, 1.254327)
(4.211237, 0.25794, 1.409524), (4.214523, 0.254721, 1.564994), (4.364071, 0.253892, 1.409898)
(4.364071, 0.253892, 1.409898), (4.516594, 0.259629, 1.410472), (4.513847, 0.270263, 1.254871)
(4.364071, 0.253892, 1.409898), (4.367449, 0.247281, 1.565397), (4.516594, 0.259629, 1.410472)
(4.516594, 0.259629, 1.410472), (4.668819, 0.274502, 1.411242), (4.666062, 0.287488, 1.255614)
(4.516594, 0.259629, 1.410472), (4.520066, 0.249756, 1.566003), (4.668819, 0.274502, 1.411242)
(4.668819, 0.274502, 1.411242), (4.82079, 0.298265, 1.412213), (4.818092, 0.313402, 1.256566)
(4.668819, 0.274502, 1.411242), (4.672366, 0.260969, 1.566795), (4.82079, 0.298265, 1.412213)
(4.061246, 0.269931, 1.564787), (4.064879, 0.270081, 1.72015), (4.214523, 0.254721, 1.564994)
(4.061246, 0.269931, 1.564787), (4.214523, 0.254721, 1.564994), (4.211237, 0.25794, 1.409524)
(4.214523, 0.254721, 1.564994), (4.218251, 0.25164, 1.720367), (4.367449, 0.247281, 1.565397)
(4.214523, 0.254721, 1.564994), (4.367449, 0.247281, 1.565397), (4.364071, 0.253892, 1.409898)
(4.367449, 0.247281, 1.565397), (4.371302, 0.240876, 1.720799), (4.520066, 0.249756, 1.566003)
(4.367449, 0.247281, 1.565397), (4.520066, 0.249756, 1.566003), (4.516594, 0.259629, 1.410472)
(4.520066, 0.249756, 1.566003), (4.524048, 0.239407, 1.721434), (4.672366, 0.260969, 1.566795)
(4.520066, 0.249756, 1.566003), (4.672366, 0.260969, 1.566795), (4.668819, 0.274502, 1.411242)
(4.672366, 0.260969, 1.566795), (4.676486, 0.246727, 1.722251), (4.824406, 0.281858, 1.567789)
(4.672366, 0.260969, 1.566795), (4.824406, 0.281858, 1.567789), (4.82079, 0.298265, 1.412213)
(4.064879, 0.270081, 1.72015), (4.218251, 0.25164, 1.720367), (4.214523, 0.254721, 1.564994)
(4.064879, 0.270081, 1.72015), (4.068828, 0.272847, 1.875454), (4.218251, 0.25164, 1.720367)
(4.218251, 0.25164, 1.720367), (4.371302, 0.240876, 1.720799), (4.367449, 0.247281, 1.565397)
(4.218251, 0.25164, 1.720367), (4.222305, 0.251031, 1.875667), (4.371302, 0.240876, 1.720799)
(4.371302, 0.240876, 1.720799), (4.524048, 0.239407, 1.721434), (4.520066, 0.249756, 1.566003)
(4.371302, 0.240876, 1.720799), (4.375498, 0.236498, 1.876121), (4.524048, 0.239407, 1.721434)
(4.524048, 0.239407, 1.721434), (4.676486, 0.246727, 1.722251), (4.672366, 0.260969, 1.566795)
(4.524048, 0.239407, 1.721434), (4.528406, 0.231056, 1.876786), (4.676486, 0.246727, 1.722251)
(4.676486, 0.246727, 1.722251), (4.828625, 0.263425, 1.723256), (4.824406, 0.281858, 1.567789)
(4.676486, 0.246727, 1.722251), (4.681031, 0.233461, 1.877621), (4.828625, 0.263425, 1.723256)
(4.068828, 0.272847, 1.875454), (4.222305, 0.251031, 1.875667), (4.218251, 0.25164, 1.720367)
(4.068828, 0.272847, 1.875454), (4.072927, 0.279109, 2.030747), (4.222305, 0.251031, 1.875667)
(4.222305, 0.251031, 1.875667), (4.2265, 0.254415, 2.030942), (4.375498, 0.236498, 1.876121)
(4.222305, 0.251031, 1.875667), (4.375498, 0.236498, 1.876121), (4.371302, 0.240876, 1.720799)
(4.375498, 0.236498, 1.876121), (4.528406, 0.231056, 1.876786), (4.524048, 0.239407, 1.721434)
(4.375498, 0.236498, 1.876121), (4.379823, 0.236548, 2.031407), (4.528406, 0.231056, 1.876786)
(4.528406, 0.231056, 1.876786), (4.532916, 0.22623, 2.032082), (4.681031, 0.233461, 1.877621)
(4.528406, 0.231056, 1.876786), (4.681031, 0.233461, 1.877621), (4.676486, 0.246727, 1.722251)
(4.681031, 0.233461, 1.877621), (4.833338, 0.244811, 1.878629), (4.828625, 0.263425, 1.723256)
(4.681031, 0.233461, 1.877621), (4.685743, 0.223527, 2.032932), (4.833338, 0.244811, 1.878629)
# 5.041383749980003, 0, 1.6356305833133364
(4.82079, 0.298265, 1.412213), (4.972685, 0.330368, 1.413398), (4.970109, 0.346814, 1.257727)
(4.82079, 0.298265, 1.412213), (4.824406, 0.281858, 1.567789), (4.972685, 0.330368, 1.413398)
(4.972685, 0.330368, 1.413398), (5.124601, 0.368178, 1.414757), (5.122259, 0.385016, 1.259049)
(4.972685, 0.330368, 1.413398), (4.97623, 0.310961, 1.568977), (5.124601, 0.368178, 1.414757)
(5.124601, 0.368178, 1.414757), (5.276587, 0.409013, 1.416223), (5.274495, 0.425318, 1.260456)
(5.124601, 0.368178, 1.414757), (5.127937, 0.34701, 1.570346), (5.276587, 0.409013, 1.416223)
(5.276587, 0.409013, 1.416223), (5.42873, 0.450316, 1.417723), (5.426901, 0.465399, 1.261873)
(5.276587, 0.409013, 1.416223), (5.279638, 0.387546, 1.571847), (5.42873, 0.450316, 1.417723)
(4.824406, 0.281858, 1.567789), (4.828625, 0.263425, 1.723256), (4.97623, 0.310961, 1.568977)
(4.824406, 0.281858, 1.567789), (4.97623, 0.310961, 1.568977), (4.972685, 0.330368, 1.413398)
(4.97623, 0.310961, 1.568977), (4.980467, 0.289025, 1.724447), (5.127937, 0.34701, 1.570346)
(4.97623, 0.310961, 1.568977), (5.127937, 0.34701, 1.570346), (5.124601, 0.368178, 1.414757)
(5.127937, 0.34701, 1.570346), (5.132052, 0.322361, 1.725817), (5.279638, 0.387546, 1.571847)
(5.127937, 0.34701, 1.570346), (5.279638, 0.387546, 1.571847), (5.276587, 0.409013, 1.416223)
(5.279638, 0.387546, 1.571847), (5.283534, 0.361554, 1.727335), (5.431483, 0.429485, 1.573403)
(5.279638, 0.387546, 1.571847), (5.431483, 0.429485, 1.573403), (5.42873, 0.450316, 1.417723)
(4.828625, 0.263425, 1.723256), (4.980467, 0.289025, 1.724447), (4.97623, 0.310961, 1.568977)
(4.828625, 0.263425, 1.723256), (4.833338, 0.244811, 1.878629), (4.980467, 0.289025, 1.724447)
(4.980467, 0.289025, 1.724447), (5.132052, 0.322361, 1.725817), (5.127937, 0.34701, 1.570346)
(4.980467, 0.289025, 1.724447), (4.985279, 0.26552, 1.879812), (5.132052, 0.322361, 1.725817)
(5.132052, 0.322361, 1.725817), (5.283534, 0.361554, 1.727335), (5.279638, 0.387546, 1.571847)
(5.132052, 0.322361, 1.725817), (5.136868, 0.295149, 1.881174), (5.283534, 0.361554, 1.727335)
(5.283534, 0.361554, 1.727335), (5.43505, 0.403586, 1.72893), (5.431483, 0.429485, 1.573403)
(5.283534, 0.361554, 1.727335), (5.288206, 0.331456, 1.882685), (5.43505, 0.403586, 1.72893)
(4.833338, 0.244811, 1.878629), (4.838263, 0.228695, 2.033936), (4.985279, 0.26552, 1.879812)
(4.833338, 0.244811, 1.878629), (4.985279, 0.26552, 1.879812), (4.980467, 0.289025, 1.724447)
(4.985279, 0.26552, 1.879812), (5.136868, 0.295149, 1.881174), (5.132052, 0.322361, 1.725817)
(4.985279, 0.26552, 1.879812), (4.990378, 0.24341, 2.035106), (5.136868, 0.295149, 1.881174)
(5.136868, 0.295149, 1.881174), (5.142083, 0.267124, 2.036441), (5.288206, 0.331456, 1.882685)
(5.136868, 0.295149, 1.881174), (5.288206, 0.331456, 1.882685), (5.283534, 0.361554, 1.727335)
(5.288206, 0.331456, 1.882685), (5.439433, 0.372509, 1.8843), (5.43505, 0.403586, 1.72893)
(5.288206, 0.331456, 1.882685), (5.293405, 0.299052, 2.037931), (5.439433, 0.372509, 1.8843)
# 5.709153983313337, 0, 1.6356305833133364
(5.42873, 0.450316, 1.417723), (5.581122, 0.48996, 1.419193), (5.5795, 0.503724, 1.263246)
(5.42873, 0.450316, 1.417723), (5.431483, 0.429485, 1.573403), (5.581122, 0.48996, 1.419193)
(5.581122, 0.48996, 1.419193), (5.733748, 0.527438, 1.420616), (5.732265, 0.539973, 1.264564)
(5.581122, 0.48996, 1.419193), (5.583548, 0.470653, 1.574953), (5.733748, 0.527438, 1.420616)
(5.733748, 0.527438, 1.420616), (5.886549, 0.563376, 1.422026), (5.885104, 0.57522, 1.265877)
(5.733748, 0.527438, 1.420616), (5.735916, 0.509746, 1.576466), (5.886549, 0.563376, 1.422026)
(5.886549, 0.563376, 1.422026), (6.039489, 0.598693, 1.423476), (6.038013, 0.610226, 1.267237)
(5.886549, 0.563376, 1.422026), (5.888522, 0.547265, 1.57797), (6.039489, 0.598693, 1.423476)
(6.039489, 0.598693, 1.423476), (6.192595, 0.63403, 1.425017), (6.191016, 0.64576, 1.268706)
(6.039489, 0.598693, 1.423476), (6.0414, 0.583462, 1.579496), (6.192595, 0.63403, 1.425017)
(5.431483, 0.429485, 1.573403), (5.43505, 0.403586, 1.72893), (5.583548, 0.470653, 1.574953)
(5.431483, 0.429485, 1.573403), (5.583548, 0.470653, 1.574953), (5.581122, 0.48996, 1.419193)
(5.583548, 0.470653, 1.574953), (5.586746, 0.445983, 1.730542), (5.735916, 0.509746, 1.576466)
(5.583548, 0.470653, 1.574953), (5.735916, 0.509746, 1.576466), (5.733748, 0.527438, 1.420616)
(5.735916, 0.509746, 1.576466), (5.738745, 0.487054, 1.732136), (5.888522, 0.547265, 1.57797)
(5.735916, 0.509746, 1.576466), (5.888522, 0.547265, 1.57797), (5.886549, 0.563376, 1.422026)
(5.888522, 0.547265, 1.57797), (5.891062, 0.526509, 1.73372), (6.0414, 0.583462, 1.579496)
(5.888522, 0.547265, 1.57797), (6.0414, 0.583462, 1.579496), (6.039489, 0.598693, 1.423476)
(6.0414, 0.583462, 1.579496), (6.043714, 0.564519, 1.735322), (6.194482, 0.6195, 1.581108)
(6.0414, 0.583462, 1.579496), (6.194482, 0.6195, 1.581108), (6.192595, 0.63403, 1.425017)
(5.43505, 0.403586, 1.72893), (5.586746, 0.445983, 1.730542), (5.583548, 0.470653, 1.574953)
(5.43505, 0.403586, 1.72893), (5.439433, 0.372509, 1.8843), (5.586746, 0.445983, 1.730542)
(5.586746, 0.445983, 1.730542), (5.738745, 0.487054, 1.732136), (5.735916, 0.509746, 1.576466)
(5.586746, 0.445983, 1.730542), (5.590742, 0.415664, 1.885958), (5.738745, 0.487054, 1.732136)
(5.738745, 0.487054, 1.732136), (5.891062, 0.526509, 1.73372), (5.888522, 0.547265, 1.57797)
(5.738745, 0.487054, 1.732136), (5.742329, 0.458565, 1.887617), (5.891062, 0.526509, 1.73372)
(5.891062, 0.526509, 1.73372), (6.043714, 0.564519, 1.735322), (6.0414, 0.583462, 1.579496)
(5.891062, 0.526509, 1.73372), (5.894253, 0.500423, 1.889278), (6.043714, 0.564519, 1.735322)
(5.439433, 0.372509, 1.8843), (5.444452, 0.337614, 2.039545), (5.590742, 0.415664, 1.885958)
(5.439433, 0.372509, 1.8843), (5.590742, 0.415664, 1.885958), (5.586746, 0.445983, 1.730542)
(5.590742, 0.415664, 1.885958), (5.742329, 0.458565, 1.887617), (5.738745, 0.487054, 1.732136)
(5.590742, 0.415664, 1.885958), (5.595443, 0.380412, 2.041229), (5.742329, 0.458565, 1.887617)
(5.742329, 0.458565, 1.887617), (5.746605, 0.424758, 2.042939), (5.894253, 0.500423, 1.889278)
(5.742329, 0.458565, 1.887617), (5.894253, 0.500423, 1.889278), (5.891062, 0.526509, 1.73372)
(5.894253, 0.500423, 1.889278), (6.046563, 0.540909, 1.890954), (6.043714, 0.564519, 1.735322)
(5.894253, 0.500423, 1.889278), (5.898092, 0.469002, 2.044664), (6.046563, 0.540909, 1.890954)
# 6.376924216646669, 0, 1.6356305833133364
(6.192595, 0.63403, 1.425017), (6.345866, 0.670319, 1.42672), (6.344167, 0.682523, 1.270347)
(6.192595, 0.63403, 1.425017), (6.194482, 0.6195, 1.581108), (6.345866, 0.670319, 1.42672)
(6.345866, 0.670319, 1.42672), (6.499343, 0.70805, 1.428639), (6.497499, 0.720905, 1.272218)
(6.345866, 0.670319, 1.42672), (6.347779, 0.656033, 1.582862), (6.499343, 0.70805, 1.428639)
(6.499343, 0.70805, 1.428639), (6.65308, 0.747408, 1.430812), (6.651109, 0.760944, 1.274348)
(6.499343, 0.70805, 1.428639), (6.501319, 0.693641, 1.584815), (6.65308, 0.747408, 1.430812)
(6.65308, 0.747408, 1.430812), (6.80722, 0.788428, 1.43326), (6.80513, 0.802551, 1.276755)
(6.65308, 0.747408, 1.430812), (6.655172, 0.732716, 1.587013), (6.80722, 0.788428, 1.43326)
(6.194482, 0.6195, 1.581108), (6.196673, 0.601791, 1.736992), (6.347779, 0.656033, 1.582862)
(6.194482, 0.6195, 1.581108), (6.347779, 0.656033, 1.582862), (6.345866, 0.670319, 1.42672)
(6.347779, 0.656033, 1.582862), (6.349896, 0.639192, 1.738786), (6.501319, 0.693641, 1.584815)
(6.347779, 0.656033, 1.582862), (6.501319, 0.693641, 1.584815), (6.499343, 0.70805, 1.428639)
(6.501319, 0.693641, 1.584815), (6.503428, 0.677207, 1.740761), (6.655172, 0.732716, 1.587013)
(6.501319, 0.693641, 1.584815), (6.655172, 0.732716, 1.587013), (6.65308, 0.747408, 1.430812)
(6.655172, 0.732716, 1.587013), (6.657283, 0.716464, 1.74297), (6.809384, 0.773382, 1.589481)
(6.655172, 0.732716, 1.587013), (6.809384, 0.773382, 1.589481), (6.80722, 0.788428, 1.43326)
(6.043714, 0.564519, 1.735322), (6.196673, 0.601791, 1.736992), (6.194482, 0.6195, 1.581108)
(6.043714, 0.564519, 1.735322), (6.046563, 0.540909, 1.890954), (6.196673, 0.601791, 1.736992)
(6.196673, 0.601791, 1.736992), (6.349896, 0.639192, 1.738786), (6.347779, 0.656033, 1.582862)
(6.196673, 0.601791, 1.736992), (6.199261, 0.580315, 1.892682), (6.349896, 0.639192, 1.738786)
(6.349896, 0.639192, 1.738786), (6.503428, 0.677207, 1.740761), (6.501319, 0.693641, 1.584815)
(6.349896, 0.639192, 1.738786), (6.352349, 0.619129, 1.894511), (6.503428, 0.677207, 1.740761)
(6.503428, 0.677207, 1.740761), (6.657283, 0.716464, 1.74297), (6.655172, 0.732716, 1.587013)
(6.503428, 0.677207, 1.740761), (6.505761, 0.658345, 1.896504), (6.657283, 0.716464, 1.74297)
(6.657283, 0.716464, 1.74297), (6.811524, 0.757137, 1.745442), (6.809384, 0.773382, 1.589481)
(6.657283, 0.716464, 1.74297), (6.659536, 0.698374, 1.89871), (6.811524, 0.757137, 1.745442)
(6.046563, 0.540909, 1.890954), (6.04998, 0.512361, 2.046407), (6.199261, 0.580315, 1.892682)
(6.046563, 0.540909, 1.890954), (6.199261, 0.580315, 1.892682), (6.196673, 0.601791, 1.736992)
(6.199261, 0.580315, 1.892682), (6.352349, 0.619129, 1.894511), (6.349896, 0.639192, 1.738786)
(6.199261, 0.580315, 1.892682), (6.202338, 0.554397, 2.048189), (6.352349, 0.619129, 1.894511)
(6.352349, 0.619129, 1.894511), (6.355147, 0.595536, 2.050055), (6.505761, 0.658345, 1.896504)
(6.352349, 0.619129, 1.894511), (6.505761, 0.658345, 1.896504), (6.503428, 0.677207, 1.740761)
(6.505761, 0.658345, 1.896504), (6.659536, 0.698374, 1.89871), (6.657283, 0.716464, 1.74297)
(6.505761, 0.658345, 1.896504), (6.508368, 0.636526, 2.052061), (6.659536, 0.698374, 1.89871)
(6.659536, 0.698374, 1.89871), (6.661988, 0.677956, 2.054259), (6.813737, 0.739486, 1.90117)
(6.659536, 0.698374, 1.89871), (6.813737, 0.739486, 1.90117), (6.811524, 0.757137, 1.745442)
# 7.044694449980003, 0, 1.6356305833133364
(6.80722, 0.788428, 1.43326), (6.961878, 0.830819, 1.435978), (6.959706, 0.845391, 1.279427)
(6.80722, 0.788428, 1.43326), (6.809384, 0.773382, 1.589481), (6.961878, 0.830819, 1.435978)
(6.961878, 0.830819, 1.435978), (7.117111, 0.874102, 1.438949), (7.114858, 0.888972, 1.282351)
(6.961878, 0.830819, 1.435978), (6.96412, 0.815431, 1.592221), (7.117111, 0.874102, 1.438949)
(7.117111, 0.874102, 1.438949), (7.272996, 0.917827, 1.442152), (7.270695, 0.932848, 1.285497)
(7.117111, 0.874102, 1.438949), (7.119399, 0.858444, 1.595219), (7.272996, 0.917827, 1.442152)
(7.272996, 0.917827, 1.442152), (7.429747, 0.961359, 1.445529), (7.427392, 0.976414, 1.28881)
(7.272996, 0.917827, 1.442152), (7.275403, 0.901909, 1.598446), (7.429747, 0.961359, 1.445529)
(6.809384, 0.773382, 1.589481), (6.811524, 0.757137, 1.745442), (6.96412, 0.815431, 1.592221)
(6.809384, 0.773382, 1.589481), (6.96412, 0.815431, 1.592221), (6.961878, 0.830819, 1.435978)
(6.96412, 0.815431, 1.592221), (6.966274, 0.799115, 1.748191), (7.119399, 0.858444, 1.595219)
(6.96412, 0.815431, 1.592221), (7.119399, 0.858444, 1.595219), (7.117111, 0.874102, 1.438949)
(7.119399, 0.858444, 1.595219), (7.121589, 0.842062, 1.751202), (7.275403, 0.901909, 1.598446)
(7.119399, 0.858444, 1.595219), (7.275403, 0.901909, 1.598446), (7.272996, 0.917827, 1.442152)
(7.275403, 0.901909, 1.598446), (7.277607, 0.885485, 1.754453), (7.432181, 0.94532, 1.601875)
(7.275403, 0.901909, 1.598446), (7.432181, 0.94532, 1.601875), (7.429747, 0.961359, 1.445529)
(6.811524, 0.757137, 1.745442), (6.966274, 0.799115, 1.748191), (6.96412, 0.815431, 1.592221)
(6.811524, 0.757137, 1.745442), (6.813737, 0.739486, 1.90117), (6.966274, 0.799115, 1.748191)
(6.966274, 0.799115, 1.748191), (7.121589, 0.842062, 1.751202), (7.119399, 0.858444, 1.595219)
(6.966274, 0.799115, 1.748191), (6.968484, 0.781685, 1.903908), (7.121589, 0.842062, 1.751202)
(7.121589, 0.842062, 1.751202), (7.277607, 0.885485, 1.754453), (7.275403, 0.901909, 1.598446)
(7.121589, 0.842062, 1.751202), (7.123787, 0.824783, 1.90691), (7.277607, 0.885485, 1.754453)
(7.277607, 0.885485, 1.754453), (7.434419, 0.928849, 1.75792), (7.432181, 0.94532, 1.601875)
(7.277607, 0.885485, 1.754453), (7.279774, 0.86832, 1.910167), (7.434419, 0.928849, 1.75792)
(6.813737, 0.739486, 1.90117), (6.968484, 0.781685, 1.903908), (6.966274, 0.799115, 1.748191)
(6.813737, 0.739486, 1.90117), (6.816103, 0.72002, 2.056699), (6.968484, 0.781685, 1.903908)
(6.968484, 0.781685, 1.903908), (6.970762, 0.762916, 2.059405), (7.123787, 0.824783, 1.90691)
(6.968484, 0.781685, 1.903908), (7.123787, 0.824783, 1.90691), (7.121589, 0.842062, 1.751202)
(7.123787, 0.824783, 1.90691), (7.279774, 0.86832, 1.910167), (7.277607, 0.885485, 1.754453)
(7.123787, 0.824783, 1.90691), (7.126033, 0.806445, 2.062381), (7.279774, 0.86832, 1.910167)
(7.279774, 0.86832, 1.910167), (7.281971, 0.850284, 2.065618), (7.436564, 0.911758, 1.913657)
(7.279774, 0.86832, 1.910167), (7.436564, 0.911758, 1.913657), (7.434419, 0.928849, 1.75792)
# 7.712464683313336, 0, 1.6356305833133364
(7.429747, 0.961359, 1.445529), (7.587434, 1.004167, 1.449046), (7.585105, 1.019004, 1.29223)
(7.429747, 0.961359, 1.445529), (7.432181, 0.94532, 1.601875), (7.587434, 1.004167, 1.449046)
(7.587434, 1.004167, 1.449046), (7.746055, 1.046024, 1.452694), (7.743674, 1.060757, 1.295785)
(7.587434, 1.004167, 1.449046), (7.589848, 0.988181, 1.605473), (7.746055, 1.046024, 1.452694)
(7.746055, 1.046024, 1.452694), (7.905627, 1.086752, 1.456463), (7.903212, 1.101324, 1.299433)
(7.746055, 1.046024, 1.452694), (7.748477, 1.030082, 1.609219), (7.905627, 1.086752, 1.456463)
(7.905627, 1.086752, 1.456463), (8.066384, 1.125679, 1.460286), (8.063879, 1.140221, 1.303122)
(7.905627, 1.086752, 1.456463), (7.908182, 1.070558, 1.613079), (8.066384, 1.125679, 1.460286)
(7.432181, 0.94532, 1.601875), (7.434419, 0.928849, 1.75792), (7.589848, 0.988181, 1.605473)
(7.432181, 0.94532, 1.601875), (7.589848, 0.988181, 1.605473), (7.587434, 1.004167, 1.449046)
(7.589848, 0.988181, 1.605473), (7.592072, 0.971735, 1.761586), (7.748477, 1.030082, 1.609219)
(7.589848, 0.988181, 1.605473), (7.748477, 1.030082, 1.609219), (7.746055, 1.046024, 1.452694)
(7.748477, 1.030082, 1.609219), (7.750736, 1.013553, 1.76541), (7.908182, 1.070558, 1.613079)
(7.748477, 1.030082, 1.609219), (7.908182, 1.070558, 1.613079), (7.905627, 1.086752, 1.456463)
(7.908182, 1.070558, 1.613079), (7.91045, 1.053961, 1.769381), (8.068953, 1.1095, 1.617056)
(7.908182, 1.070558, 1.613079), (8.068953, 1.1095, 1.617056), (8.066384, 1.125679, 1.460286)
(7.434419, 0.928849, 1.75792), (7.592072, 0.971735, 1.761586), (7.589848, 0.988181, 1.605473)
(7.434419, 0.928849, 1.75792), (7.436564, 0.911758, 1.913657), (7.592072, 0.971735, 1.761586)
(7.592072, 0.971735, 1.761586), (7.750736, 1.013553, 1.76541), (7.748477, 1.030082, 1.609219)
(7.592072, 0.971735, 1.761586), (7.594295, 0.954483, 1.917354), (7.750736, 1.013553, 1.76541)
(7.750736, 1.013553, 1.76541), (7.91045, 1.053961, 1.769381), (7.908182, 1.070558, 1.613079)
(7.750736, 1.013553, 1.76541), (7.752944, 0.996223, 1.921243), (7.91045, 1.053961, 1.769381)
(7.91045, 1.053961, 1.769381), (8.071261, 1.092702, 1.773492), (8.068953, 1.1095, 1.617056)
(7.91045, 1.053961, 1.769381), (7.912622, 1.036542, 1.925312), (8.071261, 1.092702, 1.773492)
(7.436564, 0.911758, 1.913657), (7.594295, 0.954483, 1.917354), (7.592072, 0.971735, 1.761586)
(7.436564, 0.911758, 1.913657), (7.43876, 0.893822, 2.069102), (7.594295, 0.954483, 1.917354)
(7.594295, 0.954483, 1.917354), (7.596482, 0.936525, 2.072811), (7.752944, 0.996223, 1.921243)
(7.594295, 0.954483, 1.917354), (7.752944, 0.996223, 1.921243), (7.750736, 1.013553, 1.76541)
(7.752944, 0.996223, 1.921243), (7.912622, 1.036542, 1.925312), (7.91045, 1.053961, 1.769381)
(7.752944, 0.996223, 1.921243), (7.755137, 0.978088, 2.076734), (7.912622, 1.036542, 1.925312)
(7.912622, 1.036542, 1.925312), (7.914762, 1.018233, 2.080872), (8.073414, 1.075071, 1.929552)
(7.912622, 1.036542, 1.925312), (8.073414, 1.075071, 1.929552), (8.071261, 1.092702, 1.773492)
# 8.380234916646671, 0, 1.6356305833133364
(8.063879, 1.140221, 1.303122), (8.066384, 1.125679, 1.460286), (8.225782, 1.177152, 1.306821)
(8.063879, 1.140221, 1.303122), (8.225782, 1.177152, 1.306821), (8.22302, 1.190353, 1.149201)
(8.225782, 1.177152, 1.306821), (8.228354, 1.162694, 1.464159), (8.388761, 1.212664, 1.310576)
(8.225782, 1.177152, 1.306821), (8.388761, 1.212664, 1.310576), (8.38592, 1.225617, 1.152759)
(8.388761, 1.212664, 1.310576), (8.552916, 1.246595, 1.314371), (8.550041, 1.259174, 1.15631)
(8.388761, 1.212664, 1.310576), (8.391438, 1.198125, 1.468115), (8.552916, 1.246595, 1.314371)
(8.552916, 1.246595, 1.314371), (8.555668, 1.231991, 1.472158), (8.718361, 1.278696, 1.318201)
(8.552916, 1.246595, 1.314371), (8.718361, 1.278696, 1.318201), (8.71537, 1.291244, 1.159876)
(8.066384, 1.125679, 1.460286), (8.228354, 1.162694, 1.464159), (8.225782, 1.177152, 1.306821)
(8.066384, 1.125679, 1.460286), (8.068953, 1.1095, 1.617056), (8.228354, 1.162694, 1.464159)
(8.228354, 1.162694, 1.464159), (8.391438, 1.198125, 1.468115), (8.388761, 1.212664, 1.310576)
(8.228354, 1.162694, 1.464159), (8.230966, 1.146412, 1.621109), (8.391438, 1.198125, 1.468115)
(8.391438, 1.198125, 1.468115), (8.555668, 1.231991, 1.472158), (8.552916, 1.246595, 1.314371)
(8.391438, 1.198125, 1.468115), (8.394062, 1.181751, 1.625292), (8.555668, 1.231991, 1.472158)
(8.555668, 1.231991, 1.472158), (8.721204, 1.263859, 1.476269), (8.718361, 1.278696, 1.318201)
(8.555668, 1.231991, 1.472158), (8.558389, 1.215141, 1.629578), (8.721204, 1.263859, 1.476269)
(8.068953, 1.1095, 1.617056), (8.071261, 1.092702, 1.773492), (8.230966, 1.146412, 1.621109)
(8.068953, 1.1095, 1.617056), (8.230966, 1.146412, 1.621109), (8.228354, 1.162694, 1.464159)
(8.230966, 1.146412, 1.621109), (8.233272, 1.129446, 1.777729), (8.394062, 1.181751, 1.625292)
(8.230966, 1.146412, 1.621109), (8.394062, 1.181751, 1.625292), (8.391438, 1.198125, 1.468115)
(8.394062, 1.181751, 1.625292), (8.3964, 1.164398, 1.78212), (8.558389, 1.215141, 1.629578)
(8.394062, 1.181751, 1.625292), (8.558389, 1.215141, 1.629578), (8.555668, 1.231991, 1.472158)
(8.558389, 1.215141, 1.629578), (8.560728, 1.19735, 1.78666), (8.723908, 1.246732, 1.633993)
(8.558389, 1.215141, 1.629578), (8.723908, 1.246732, 1.633993), (8.721204, 1.263859, 1.476269)
(8.071261, 1.092702, 1.773492), (8.233272, 1.129446, 1.777729), (8.230966, 1.146412, 1.621109)
(8.071261, 1.092702, 1.773492), (8.073414, 1.075071, 1.929552), (8.233272, 1.129446, 1.777729)
(8.233272, 1.129446, 1.777729), (8.3964, 1.164398, 1.78212), (8.394062, 1.181751, 1.625292)
(8.233272, 1.129446, 1.777729), (8.235434, 1.111399, 1.933948), (8.3964, 1.164398, 1.78212)
(8.3964, 1.164398, 1.78212), (8.560728, 1.19735, 1.78666), (8.558389, 1.215141, 1.629578)
(8.3964, 1.164398, 1.78212), (8.398525, 1.145924, 1.938543), (8.560728, 1.19735, 1.78666)
(8.560728, 1.19735, 1.78666), (8.726233, 1.228332, 1.79136), (8.723908, 1.246732, 1.633993)
(8.560728, 1.19735, 1.78666), (8.56278, 1.178381, 1.943329), (8.726233, 1.228332, 1.79136)
(8.073414, 1.075071, 1.929552), (8.235434, 1.111399, 1.933948), (8.233272, 1.129446, 1.777729)
(8.073414, 1.075071, 1.929552), (8.07554, 1.056359, 2.085208), (8.235434, 1.111399, 1.933948)
(8.235434, 1.111399, 1.933948), (8.237463, 1.092355, 2.089751), (8.398525, 1.145924, 1.938543)
(8.235434, 1.111399, 1.933948), (8.398525, 1.145924, 1.938543), (8.3964, 1.164398, 1.78212)
(8.398525, 1.145924, 1.938543), (8.56278, 1.178381, 1.943329), (8.560728, 1.19735, 1.78666)
(8.398525, 1.145924, 1.938543), (8.400504, 1.126237, 2.094519), (8.56278, 1.178381, 1.943329)
(8.56278, 1.178381, 1.943329), (8.564642, 1.158046, 2.099526), (8.72821, 1.208645, 1.948303)
(8.56278, 1.178381, 1.943329), (8.72821, 1.208645, 1.948303), (8.726233, 1.228332, 1.79136)
# 9.048005149980003, 0, 1.6356305833133364
(8.718361, 1.278696, 1.318201), (8.721204, 1.263859, 1.476269), (8.885103, 1.308997, 1.322092)
(8.718361, 1.278696, 1.318201), (8.885103, 1.308997, 1.322092), (8.881942, 1.32183, 1.163479)
(8.885103, 1.308997, 1.322092), (8.887996, 1.2939, 1.480481), (9.053049, 1.337744, 1.326092)
(8.885103, 1.308997, 1.322092), (9.053049, 1.337744, 1.326092), (9.049829, 1.350597, 1.167159)
(9.053049, 1.337744, 1.326092), (9.222162, 1.364678, 1.330242), (9.218937, 1.377394, 1.171004)
(9.053049, 1.337744, 1.326092), (9.055964, 1.322251, 1.484824), (9.222162, 1.364678, 1.330242)
(9.222162, 1.364678, 1.330242), (9.225039, 1.348836, 1.489328), (9.392305, 1.389297, 1.334604)
(9.222162, 1.364678, 1.330242), (9.392305, 1.389297, 1.334604), (9.389034, 1.401969, 1.175107)
(8.721204, 1.263859, 1.476269), (8.887996, 1.2939, 1.480481), (8.885103, 1.308997, 1.322092)
(8.721204, 1.263859, 1.476269), (8.723908, 1.246732, 1.633993), (8.887996, 1.2939, 1.480481)
(8.887996, 1.2939, 1.480481), (9.055964, 1.322251, 1.484824), (9.053049, 1.337744, 1.326092)
(8.887996, 1.2939, 1.480481), (8.890644, 1.276427, 1.638543), (9.055964, 1.322251, 1.484824)
(9.055964, 1.322251, 1.484824), (9.225039, 1.348836, 1.489328), (9.222162, 1.364678, 1.330242)
(9.055964, 1.322251, 1.484824), (9.058541, 1.304213, 1.643243), (9.225039, 1.348836, 1.489328)
(9.225039, 1.348836, 1.489328), (9.395115, 1.373093, 1.494012), (9.392305, 1.389297, 1.334604)
(9.225039, 1.348836, 1.489328), (9.227514, 1.329935, 1.648102), (9.395115, 1.373093, 1.494012)
(8.723908, 1.246732, 1.633993), (8.726233, 1.228332, 1.79136), (8.890644, 1.276427, 1.638543)
(8.723908, 1.246732, 1.633993), (8.890644, 1.276427, 1.638543), (8.887996, 1.2939, 1.480481)
(8.890644, 1.276427, 1.638543), (8.892891, 1.257384, 1.796233), (9.058541, 1.304213, 1.643243)
(8.890644, 1.276427, 1.638543), (9.058541, 1.304213, 1.643243), (9.055964, 1.322251, 1.484824)
(9.058541, 1.304213, 1.643243), (9.060678, 1.28431, 1.801271), (9.227514, 1.329935, 1.648102)
(9.058541, 1.304213, 1.643243), (9.227514, 1.329935, 1.648102), (9.225039, 1.348836, 1.489328)
(9.227514, 1.329935, 1.648102), (9.229467, 1.309091, 1.806481), (9.3974, 1.35351, 1.653136)
(9.227514, 1.329935, 1.648102), (9.3974, 1.35351, 1.653136), (9.395115, 1.373093, 1.494012)
(8.726233, 1.228332, 1.79136), (8.892891, 1.257384, 1.796233), (8.890644, 1.276427, 1.638543)
(8.726233, 1.228332, 1.79136), (8.72821, 1.208645, 1.948303), (8.892891, 1.257384, 1.796233)
(8.892891, 1.257384, 1.796233), (9.060678, 1.28431, 1.801271), (9.058541, 1.304213, 1.643243)
(8.892891, 1.257384, 1.796233), (8.894786, 1.236633, 1.953459), (9.060678, 1.28431, 1.801271)
(9.060678, 1.28431, 1.801271), (9.229467, 1.309091, 1.806481), (9.227514, 1.329935, 1.648102)
(9.060678, 1.28431, 1.801271), (9.062379, 1.262567, 1.958816), (9.229467, 1.309091, 1.806481)
(9.229467, 1.309091, 1.806481), (9.399101, 1.33157, 1.811849), (9.3974, 1.35351, 1.653136)
(9.229467, 1.309091, 1.806481), (9.230902, 1.286257, 1.964352), (9.399101, 1.33157, 1.811849)
(8.72821, 1.208645, 1.948303), (8.894786, 1.236633, 1.953459), (8.892891, 1.257384, 1.796233)
(8.72821, 1.208645, 1.948303), (8.729953, 1.187376, 2.104742), (8.894786, 1.236633, 1.953459)
(8.894786, 1.236633, 1.953459), (8.896343, 1.214315, 2.110163), (9.062379, 1.262567, 1.958816)
(8.894786, 1.236633, 1.953459), (9.062379, 1.262567, 1.958816), (9.060678, 1.28431, 1.801271)
(9.062379, 1.262567, 1.958816), (9.230902, 1.286257, 1.964352), (9.229467, 1.309091, 1.806481)
(9.062379, 1.262567, 1.958816), (9.063682, 1.239079, 2.115799), (9.230902, 1.286257, 1.964352)
(9.230902, 1.286257, 1.964352), (9.231862, 1.261553, 2.121621), (9.400204, 1.307459, 1.970024)
(9.230902, 1.286257, 1.964352), (9.400204, 1.307459, 1.970024), (9.399101, 1.33157, 1.811849)
# 9.71577538331334, 0, 1.6356305833133364
(9.392305, 1.389297, 1.334604), (9.395115, 1.373093, 1.494012), (9.563147, 1.411088, 1.339225)
(9.392305, 1.389297, 1.334604), (9.563147, 1.411088, 1.339225), (9.559774, 1.423929, 1.179538)
(9.563147, 1.411088, 1.339225), (9.565912, 1.394602, 1.498892), (9.734253, 1.429763, 1.344116)
(9.563147, 1.411088, 1.339225), (9.734253, 1.429763, 1.344116), (9.730691, 1.442751, 1.184335)
(9.734253, 1.429763, 1.344116), (9.905146, 1.444864, 1.349245), (9.901265, 1.45823, 1.1895)
(9.734253, 1.429763, 1.344116), (9.737035, 1.412986, 1.50396), (9.905146, 1.444864, 1.349245)
(9.905146, 1.444864, 1.349245), (9.908043, 1.427709, 1.509164), (10.075315, 1.456066, 1.354575)
(9.905146, 1.444864, 1.349245), (10.075315, 1.456066, 1.354575), (10.071001, 1.47053, 1.19503)
(9.395115, 1.373093, 1.494012), (9.565912, 1.394602, 1.498892), (9.563147, 1.411088, 1.339225)
(9.395115, 1.373093, 1.494012), (9.3974, 1.35351, 1.653136), (9.565912, 1.394602, 1.498892)
(9.565912, 1.394602, 1.498892), (9.737035, 1.412986, 1.50396), (9.734253, 1.429763, 1.344116)
(9.565912, 1.394602, 1.498892), (9.567985, 1.374313, 1.658316), (9.737035, 1.412986, 1.50396)
(9.737035, 1.412986, 1.50396), (9.908043, 1.427709, 1.509164), (9.905146, 1.444864, 1.349245)
(9.737035, 1.412986, 1.50396), (9.738946, 1.392194, 1.663622), (9.908043, 1.427709, 1.509164)
(9.908043, 1.427709, 1.509164), (10.078405, 1.438098, 1.514425), (10.075315, 1.456066, 1.354575)
(9.908043, 1.427709, 1.509164), (9.909845, 1.406286, 1.668964), (10.078405, 1.438098, 1.514425)
(9.3974, 1.35351, 1.653136), (9.399101, 1.33157, 1.811849), (9.567985, 1.374313, 1.658316)
(9.3974, 1.35351, 1.653136), (9.567985, 1.374313, 1.658316), (9.565912, 1.394602, 1.498892)
(9.567985, 1.374313, 1.658316), (9.569378, 1.351344, 1.817329), (9.738946, 1.392194, 1.663622)
(9.567985, 1.374313, 1.658316), (9.738946, 1.392194, 1.663622), (9.737035, 1.412986, 1.50396)
(9.738946, 1.392194, 1.663622), (9.740015, 1.36816, 1.822878), (9.909845, 1.406286, 1.668964)
(9.738946, 1.392194, 1.663622), (9.909845, 1.406286, 1.668964), (9.908043, 1.427709, 1.509164)
(9.909845, 1.406286, 1.668964), (9.910646, 1.38136, 1.828396), (10.080236, 1.416126, 1.674254)
(9.909845, 1.406286, 1.668964), (10.080236, 1.416126, 1.674254), (10.078405, 1.438098, 1.514425)
(9.399101, 1.33157, 1.811849), (9.569378, 1.351344, 1.817329), (9.567985, 1.374313, 1.658316)
(9.399101, 1.33157, 1.811849), (9.400204, 1.307459, 1.970024), (9.569378, 1.351344, 1.817329)
(9.569378, 1.351344, 1.817329), (9.740015, 1.36816, 1.822878), (9.738946, 1.392194, 1.663622)
(9.569378, 1.351344, 1.817329), (9.57007, 1.325786, 1.975763), (9.740015, 1.36816, 1.822878)
(9.740015, 1.36816, 1.822878), (9.910646, 1.38136, 1.828396), (9.909845, 1.406286, 1.668964)
(9.740015, 1.36816, 1.822878), (9.740253, 1.341216, 1.981532), (9.910646, 1.38136, 1.828396)
(9.910646, 1.38136, 1.828396), (10.080843, 1.390315, 1.833757), (10.080236, 1.416126, 1.674254)
(9.910646, 1.38136, 1.828396), (9.91045, 1.353155, 1.987218), (10.080843, 1.390315, 1.833757)
