# 0.3669921166466698, 0, -2.370990816686664
(0.624071, 0.534133, -2.621749), (0.778116, 0.500214, -2.624394), (0.776338, 0.490923, -2.781009)
(0.624071, 0.534133, -2.621749), (0.625077, 0.549817, -2.464013), (0.778116, 0.500214, -2.624394)
(0.469937, 0.571515, -2.618698), (0.624071, 0.534133, -2.621749), (0.622147, 0.52258, -2.778753)
(0.469937, 0.571515, -2.618698), (0.471041, 0.589428, -2.460496), (0.624071, 0.534133, -2.621749)
(0.315631, 0.611251, -2.615273), (0.469937, 0.571515, -2.618698), (0.467862, 0.557894, -2.776069)
(0.315631, 0.611251, -2.615273), (0.316826, 0.63132, -2.456576), (0.469937, 0.571515, -2.618698)
(0.161085, 0.651795, -2.611575), (0.315631, 0.611251, -2.615273), (0.313449, 0.595469, -2.773071)
(0.161085, 0.651795, -2.611575), (0.162365, 0.674027, -2.452375), (0.315631, 0.611251, -2.615273)
(0.625077, 0.549817, -2.464013), (0.62569, 0.564544, -2.305968), (0.778991, 0.514178, -2.466975)
(0.625077, 0.549817, -2.464013), (0.778991, 0.514178, -2.466975), (0.778116, 0.500214, -2.624394)
(0.471041, 0.589428, -2.460496), (0.47174, 0.606238, -2.301967), (0.625077, 0.549817, -2.464013)
(0.471041, 0.589428, -2.460496), (0.625077, 0.549817, -2.464013), (0.624071, 0.534133, -2.621749)
(0.316826, 0.63132, -2.456576), (0.471041, 0.589428, -2.460496), (0.469937, 0.571515, -2.618698)
(0.316826, 0.63132, -2.456576), (0.317608, 0.650317, -2.297489), (0.471041, 0.589428, -2.460496)
(0.162365, 0.674027, -2.452375), (0.163289, 0.695483, -2.292763), (0.316826, 0.63132, -2.456576)
(0.162365, 0.674027, -2.452375), (0.316826, 0.63132, -2.456576), (0.315631, 0.611251, -2.615273)
(0.62569, 0.564544, -2.305968), (0.779572, 0.526762, -2.309429), (0.778991, 0.514178, -2.466975)
(0.62569, 0.564544, -2.305968), (0.626059, 0.577463, -2.147712), (0.779572, 0.526762, -2.309429)
(0.47174, 0.606238, -2.301967), (0.62569, 0.564544, -2.305968), (0.625077, 0.549817, -2.464013)
(0.47174, 0.606238, -2.301967), (0.472162, 0.62068, -2.143152), (0.62569, 0.564544, -2.305968)
(0.317608, 0.650317, -2.297489), (0.47174, 0.606238, -2.301967), (0.471041, 0.589428, -2.460496)
(0.317608, 0.650317, -2.297489), (0.31819, 0.666605, -2.138197), (0.47174, 0.606238, -2.301967)
(0.163289, 0.695483, -2.292763), (0.317608, 0.650317, -2.297489), (0.316826, 0.63132, -2.456576)
(0.163289, 0.695483, -2.292763), (0.164007, 0.713667, -2.132898), (0.317608, 0.650317, -2.297489)
(0.626059, 0.577463, -2.147712), (0.626288, 0.587774, -1.989507), (0.779898, 0.538334, -2.15163)
(0.626059, 0.577463, -2.147712), (0.779898, 0.538334, -2.15163), (0.779572, 0.526762, -2.309429)
(0.472162, 0.62068, -2.143152), (0.472513, 0.632423, -1.984451), (0.626059, 0.577463, -2.147712)
(0.472162, 0.62068, -2.143152), (0.626059, 0.577463, -2.147712), (0.62569, 0.564544, -2.305968)
(0.31819, 0.666605, -2.138197), (0.318687, 0.680025, -1.978924), (0.472162, 0.62068, -2.143152)
(0.31819, 0.666605, -2.138197), (0.472162, 0.62068, -2.143152), (0.47174, 0.606238, -2.301967)
(0.164007, 0.713667, -2.132898), (0.164723, 0.729266, -1.973063), (0.31819, 0.666605, -2.138197)
(0.164007, 0.713667, -2.132898), (0.31819, 0.666605, -2.138197), (0.317608, 0.650317, -2.297489)
# 1.0347623499800032, 0, -2.370990816686664
(1.240112, 0.433276, -2.62885), (1.394281, 0.424922, -2.629176), (1.393115, 0.426149, -2.784549)
(1.240112, 0.433276, -2.62885), (1.240938, 0.438482, -2.472713), (1.394281, 0.424922, -2.629176)
(1.086067, 0.44898, -2.627939), (1.240112, 0.433276, -2.62885), (1.238841, 0.431047, -2.78456)
(1.086067, 0.44898, -2.627939), (1.086884, 0.457493, -2.471398), (1.240112, 0.433276, -2.62885)
(0.932086, 0.471485, -2.626457), (1.086067, 0.44898, -2.627939), (1.084641, 0.444163, -2.783939)
(0.932086, 0.471485, -2.626457), (0.932917, 0.483069, -2.469468), (1.086067, 0.44898, -2.627939)
(0.778116, 0.500214, -2.624394), (0.932086, 0.471485, -2.626457), (0.93049, 0.464248, -2.782767)
(0.778116, 0.500214, -2.624394), (0.778991, 0.514178, -2.466975), (0.932086, 0.471485, -2.626457)
(1.240938, 0.438482, -2.472713), (1.395127, 0.426854, -2.473391), (1.394281, 0.424922, -2.629176)
(1.240938, 0.438482, -2.472713), (1.241527, 0.444709, -2.31633), (1.395127, 0.426854, -2.473391)
(1.086884, 0.457493, -2.471398), (1.087448, 0.46593, -2.31467), (1.240938, 0.438482, -2.472713)
(1.086884, 0.457493, -2.471398), (1.240938, 0.438482, -2.472713), (1.240112, 0.433276, -2.62885)
(0.932917, 0.483069, -2.469468), (1.086884, 0.457493, -2.471398), (1.086067, 0.44898, -2.627939)
(0.932917, 0.483069, -2.469468), (0.933472, 0.493736, -2.312331), (1.086884, 0.457493, -2.471398)
(0.778991, 0.514178, -2.466975), (0.779572, 0.526762, -2.309429), (0.932917, 0.483069, -2.469468)
(0.778991, 0.514178, -2.466975), (0.932917, 0.483069, -2.469468), (0.932086, 0.471485, -2.626457)
(1.241527, 0.444709, -2.31633), (1.395761, 0.430128, -2.317375), (1.395127, 0.426854, -2.473391)
(1.241527, 0.444709, -2.31633), (1.241921, 0.45164, -2.159738), (1.395761, 0.430128, -2.317375)
(1.087448, 0.46593, -2.31467), (1.241527, 0.444709, -2.31633), (1.240938, 0.438482, -2.472713)
(1.087448, 0.46593, -2.31467), (1.087788, 0.474803, -2.157683), (1.241527, 0.444709, -2.31633)
(0.933472, 0.493736, -2.312331), (1.087448, 0.46593, -2.31467), (1.086884, 0.457493, -2.471398)
(0.933472, 0.493736, -2.312331), (0.933799, 0.503632, -2.155019), (1.087448, 0.46593, -2.31467)
(0.779572, 0.526762, -2.309429), (0.933472, 0.493736, -2.312331), (0.932917, 0.483069, -2.469468)
(0.779572, 0.526762, -2.309429), (0.779898, 0.538334, -2.15163), (0.933472, 0.493736, -2.312331)
(1.241921, 0.45164, -2.159738), (1.242153, 0.457319, -2.003159), (1.396221, 0.43477, -2.161137)
(1.241921, 0.45164, -2.159738), (1.396221, 0.43477, -2.161137), (1.395761, 0.430128, -2.317375)
(1.087788, 0.474803, -2.157683), (1.087966, 0.481546, -2.000793), (1.241921, 0.45164, -2.159738)
(1.087788, 0.474803, -2.157683), (1.241921, 0.45164, -2.159738), (1.241527, 0.444709, -2.31633)
(0.933799, 0.503632, -2.155019), (0.933954, 0.511657, -1.997719), (1.087788, 0.474803, -2.157683)
(0.933799, 0.503632, -2.155019), (1.087788, 0.474803, -2.157683), (1.087448, 0.46593, -2.31467)
(0.779898, 0.538334, -2.15163), (0.780078, 0.547319, -1.993933), (0.933799, 0.503632, -2.155019)
(0.779898, 0.538334, -2.15163), (0.933799, 0.503632, -2.155019), (0.933472, 0.493736, -2.312331)
# 1.7025325833133367, 0, -2.370990816686664
(1.394281, 0.424922, -2.629176), (1.548621, 0.423449, -2.628989), (1.547528, 0.428174, -2.784047)
(1.394281, 0.424922, -2.629176), (1.395127, 0.426854, -2.473391), (1.548621, 0.423449, -2.628989)
(1.548621, 0.423449, -2.628989), (1.703163, 0.428484, -2.628333), (1.702094, 0.437201, -2.783053)
(1.548621, 0.423449, -2.628989), (1.549492, 0.42167, -2.473558), (1.703163, 0.428484, -2.628333)
(1.703163, 0.428484, -2.628333), (1.857932, 0.438908, -2.627306), (1.856881, 0.451213, -2.781734)
(1.703163, 0.428484, -2.628333), (1.704056, 0.423027, -2.47322), (1.857932, 0.438908, -2.627306)
(1.857932, 0.438908, -2.627306), (2.012941, 0.452946, -2.626045), (2.011927, 0.46841, -2.780221)
(1.857932, 0.438908, -2.627306), (1.85884, 0.430058, -2.472462), (2.012941, 0.452946, -2.626045)
(2.012941, 0.452946, -2.626045), (2.168209, 0.468704, -2.624681), (2.167245, 0.486491, -2.778679)
(2.012941, 0.452946, -2.626045), (2.013861, 0.441326, -2.471402), (2.168209, 0.468704, -2.624681)
(1.549492, 0.42167, -2.473558), (1.704056, 0.423027, -2.47322), (1.703163, 0.428484, -2.628333)
(1.549492, 0.42167, -2.473558), (1.550178, 0.422166, -2.317841), (1.704056, 0.423027, -2.47322)
(1.395127, 0.426854, -2.473391), (1.395761, 0.430128, -2.317375), (1.549492, 0.42167, -2.473558)
(1.395127, 0.426854, -2.473391), (1.549492, 0.42167, -2.473558), (1.548621, 0.423449, -2.628989)
(1.704056, 0.423027, -2.47322), (1.704794, 0.420252, -2.317804), (1.85884, 0.430058, -2.472462)
(1.704056, 0.423027, -2.47322), (1.85884, 0.430058, -2.472462), (1.857932, 0.438908, -2.627306)
(1.85884, 0.430058, -2.472462), (1.859628, 0.424201, -2.317299), (2.013861, 0.441326, -2.471402)
(1.85884, 0.430058, -2.472462), (2.013861, 0.441326, -2.471402), (2.012941, 0.452946, -2.626045)
(2.013861, 0.441326, -2.471402), (2.014692, 0.4323, -2.316479), (2.169123, 0.454405, -2.470227)
(2.013861, 0.441326, -2.471402), (2.169123, 0.454405, -2.470227), (2.168209, 0.468704, -2.624681)
(1.550178, 0.422166, -2.317841), (1.704794, 0.420252, -2.317804), (1.704056, 0.423027, -2.47322)
(1.550178, 0.422166, -2.317841), (1.550713, 0.424172, -2.161926), (1.704794, 0.420252, -2.317804)
(1.704794, 0.420252, -2.317804), (1.859628, 0.424201, -2.317299), (1.85884, 0.430058, -2.472462)
(1.704794, 0.420252, -2.317804), (1.705416, 0.419791, -2.162148), (1.859628, 0.424201, -2.317299)
(1.395761, 0.430128, -2.317375), (1.550178, 0.422166, -2.317841), (1.549492, 0.42167, -2.473558)
(1.395761, 0.430128, -2.317375), (1.396221, 0.43477, -2.161137), (1.550178, 0.422166, -2.317841)
(1.859628, 0.424201, -2.317299), (2.014692, 0.4323, -2.316479), (2.013861, 0.441326, -2.471402)
(1.859628, 0.424201, -2.317299), (1.860329, 0.42039, -2.161941), (2.014692, 0.4323, -2.316479)
(2.014692, 0.4323, -2.316479), (2.169993, 0.442539, -2.315506), (2.169123, 0.454405, -2.470227)
(2.014692, 0.4323, -2.316479), (2.015476, 0.425248, -2.161383), (2.169993, 0.442539, -2.315506)
(1.705416, 0.419791, -2.162148), (1.705928, 0.419472, -2.00646), (1.860329, 0.42039, -2.161941)
(1.705416, 0.419791, -2.162148), (1.860329, 0.42039, -2.161941), (1.859628, 0.424201, -2.317299)
(1.860329, 0.42039, -2.161941), (1.860955, 0.417392, -2.006518), (2.015476, 0.425248, -2.161383)
(1.860329, 0.42039, -2.161941), (2.015476, 0.425248, -2.161383), (2.014692, 0.4323, -2.316479)
(1.550713, 0.424172, -2.161926), (1.551122, 0.426361, -2.005947), (1.705416, 0.419791, -2.162148)
(1.550713, 0.424172, -2.161926), (1.705416, 0.419791, -2.162148), (1.704794, 0.420252, -2.317804)
(2.015476, 0.425248, -2.161383), (2.016212, 0.419085, -2.006239), (2.170851, 0.432242, -2.160657)
(2.015476, 0.425248, -2.161383), (2.170851, 0.432242, -2.160657), (2.169993, 0.442539, -2.315506)
(1.396221, 0.43477, -2.161137), (1.396531, 0.438725, -2.004889), (1.550713, 0.424172, -2.161926)
(1.396221, 0.43477, -2.161137), (1.550713, 0.424172, -2.161926), (1.550178, 0.422166, -2.317841)
# 2.37030281664667, 0, -2.370990816686664
(2.168209, 0.468704, -2.624681), (2.323738, 0.483556, -2.62339), (2.322837, 0.502951, -2.777255)
(2.168209, 0.468704, -2.624681), (2.169123, 0.454405, -2.470227), (2.323738, 0.483556, -2.62339)
(2.323738, 0.483556, -2.62339), (2.479523, 0.495305, -2.622296), (2.478686, 0.515711, -2.776064)
(2.323738, 0.483556, -2.62339), (2.324636, 0.467159, -2.469082), (2.479523, 0.495305, -2.622296)
(2.479523, 0.495305, -2.622296), (2.635559, 0.502473, -2.621445), (2.634777, 0.52368, -2.775101)
(2.479523, 0.495305, -2.622296), (2.480406, 0.477394, -2.468103), (2.635559, 0.502473, -2.621445)
(2.635559, 0.502473, -2.621445), (2.791838, 0.504597, -2.620797), (2.791084, 0.526846, -2.774285)
(2.635559, 0.502473, -2.621445), (2.636445, 0.483315, -2.467372), (2.791838, 0.504597, -2.620797)
(2.169123, 0.454405, -2.470227), (2.324636, 0.467159, -2.469082), (2.323738, 0.483556, -2.62339)
(2.169123, 0.454405, -2.470227), (2.169993, 0.442539, -2.315506), (2.324636, 0.467159, -2.469082)
(2.324636, 0.467159, -2.469082), (2.325537, 0.452786, -2.314537), (2.480406, 0.477394, -2.468103)
(2.324636, 0.467159, -2.469082), (2.480406, 0.477394, -2.468103), (2.479523, 0.495305, -2.622296)
(2.480406, 0.477394, -2.468103), (2.636445, 0.483315, -2.467372), (2.635559, 0.502473, -2.621445)
(2.480406, 0.477394, -2.468103), (2.481347, 0.460933, -2.313715), (2.636445, 0.483315, -2.467372)
(2.636445, 0.483315, -2.467372), (2.637434, 0.465168, -2.313142), (2.792748, 0.484169, -2.466888)
(2.636445, 0.483315, -2.467372), (2.792748, 0.484169, -2.466888), (2.791838, 0.504597, -2.620797)
(2.169993, 0.442539, -2.315506), (2.325537, 0.452786, -2.314537), (2.324636, 0.467159, -2.469082)
(2.169993, 0.442539, -2.315506), (2.170851, 0.432242, -2.160657), (2.325537, 0.452786, -2.314537)
(2.325537, 0.452786, -2.314537), (2.481347, 0.460933, -2.313715), (2.480406, 0.477394, -2.468103)
(2.325537, 0.452786, -2.314537), (2.326482, 0.439521, -2.159915), (2.481347, 0.460933, -2.313715)
(2.481347, 0.460933, -2.313715), (2.637434, 0.465168, -2.313142), (2.636445, 0.483315, -2.467372)
(2.481347, 0.460933, -2.313715), (2.482379, 0.445028, -2.159306), (2.637434, 0.465168, -2.313142)
(2.637434, 0.465168, -2.313142), (2.793809, 0.464384, -2.31285), (2.792748, 0.484169, -2.466888)
(2.637434, 0.465168, -2.313142), (2.63856, 0.447072, -2.158936), (2.793809, 0.464384, -2.31285)
(2.170851, 0.432242, -2.160657), (2.171705, 0.422917, -2.005778), (2.326482, 0.439521, -2.159915)
(2.170851, 0.432242, -2.160657), (2.326482, 0.439521, -2.159915), (2.325537, 0.452786, -2.314537)
(2.326482, 0.439521, -2.159915), (2.327453, 0.427105, -2.005292), (2.482379, 0.445028, -2.159306)
(2.326482, 0.439521, -2.159915), (2.482379, 0.445028, -2.159306), (2.481347, 0.460933, -2.313715)
(2.482379, 0.445028, -2.159306), (2.483477, 0.429794, -2.00493), (2.63856, 0.447072, -2.158936)
(2.482379, 0.445028, -2.159306), (2.63856, 0.447072, -2.158936), (2.637434, 0.465168, -2.313142)
(2.63856, 0.447072, -2.158936), (2.639785, 0.429454, -2.004793), (2.795039, 0.444456, -2.158857)
(2.63856, 0.447072, -2.158936), (2.795039, 0.444456, -2.158857), (2.793809, 0.464384, -2.31285)
# 3.038073049980004, 0, -2.370990816686664
(2.791838, 0.504597, -2.620797), (2.948373, 0.501959, -2.620202), (2.947619, 0.525876, -2.773402)
(2.791838, 0.504597, -2.620797), (2.792748, 0.484169, -2.466888), (2.948373, 0.501959, -2.620202)
(2.948373, 0.501959, -2.620202), (3.105183, 0.495482, -2.619447), (3.104399, 0.521922, -2.772198)
(2.948373, 0.501959, -2.620202), (2.949329, 0.479859, -2.466558), (3.105183, 0.495482, -2.619447)
(3.105183, 0.495482, -2.619447), (3.262269, 0.486519, -2.618294), (3.261447, 0.51627, -2.770397)
(3.105183, 0.495482, -2.619447), (3.106202, 0.471023, -2.466213), (3.262269, 0.486519, -2.618294)
(3.262269, 0.486519, -2.618294), (3.419638, 0.476626, -2.616498), (3.418769, 0.510183, -2.767787)
(3.262269, 0.486519, -2.618294), (3.263363, 0.459095, -2.465615), (3.419638, 0.476626, -2.616498)
(2.792748, 0.484169, -2.466888), (2.949329, 0.479859, -2.466558), (2.948373, 0.501959, -2.620202)
(2.792748, 0.484169, -2.466888), (2.793809, 0.464384, -2.31285), (2.949329, 0.479859, -2.466558)
(2.949329, 0.479859, -2.466558), (2.95047, 0.458363, -2.312783), (3.106202, 0.471023, -2.466213)
(2.949329, 0.479859, -2.466558), (3.106202, 0.471023, -2.466213), (3.105183, 0.495482, -2.619447)
(3.106202, 0.471023, -2.466213), (3.107428, 0.447484, -2.312807), (3.263363, 0.459095, -2.465615)
(3.106202, 0.471023, -2.466213), (3.263363, 0.459095, -2.465615), (3.262269, 0.486519, -2.618294)
(3.263363, 0.459095, -2.465615), (3.264644, 0.433298, -2.312706), (3.42076, 0.445937, -2.464564)
(3.263363, 0.459095, -2.465615), (3.42076, 0.445937, -2.464564), (3.419638, 0.476626, -2.616498)
(2.793809, 0.464384, -2.31285), (2.95047, 0.458363, -2.312783), (2.949329, 0.479859, -2.466558)
(2.793809, 0.464384, -2.31285), (2.795039, 0.444456, -2.158857), (2.95047, 0.458363, -2.312783)
(3.107428, 0.447484, -2.312807), (3.264644, 0.433298, -2.312706), (3.263363, 0.459095, -2.465615)
(3.107428, 0.447484, -2.312807), (3.108839, 0.424575, -2.159366), (3.264644, 0.433298, -2.312706)
(2.95047, 0.458363, -2.312783), (3.107428, 0.447484, -2.312807), (3.106202, 0.471023, -2.466213)
(2.95047, 0.458363, -2.312783), (2.951814, 0.436722, -2.159045), (3.107428, 0.447484, -2.312807)
(3.264644, 0.433298, -2.312706), (3.422045, 0.417836, -2.312273), (3.42076, 0.445937, -2.464564)
(3.264644, 0.433298, -2.312706), (3.266074, 0.409293, -2.159643), (3.422045, 0.417836, -2.312273)
(3.266074, 0.409293, -2.159643), (3.267557, 0.387422, -2.006483), (3.423429, 0.392852, -2.159681)
(3.266074, 0.409293, -2.159643), (3.423429, 0.392852, -2.159681), (3.422045, 0.417836, -2.312273)
(3.108839, 0.424575, -2.159366), (3.110337, 0.402933, -2.005929), (3.266074, 0.409293, -2.159643)
(3.108839, 0.424575, -2.159366), (3.266074, 0.409293, -2.159643), (3.264644, 0.433298, -2.312706)
(2.951814, 0.436722, -2.159045), (2.953257, 0.415867, -2.005361), (3.108839, 0.424575, -2.159366)
(2.951814, 0.436722, -2.159045), (3.108839, 0.424575, -2.159366), (3.107428, 0.447484, -2.312807)
(2.795039, 0.444456, -2.158857), (2.796386, 0.42491, -2.004947), (2.951814, 0.436722, -2.159045)
(2.795039, 0.444456, -2.158857), (2.951814, 0.436722, -2.159045), (2.95047, 0.458363, -2.312783)
# 3.705843283313337, 0, -2.370990816686664
(3.419638, 0.476626, -2.616498), (3.577238, 0.46731, -2.613932), (3.576333, 0.504815, -2.764264)
(3.419638, 0.476626, -2.616498), (3.42076, 0.445937, -2.464564), (3.577238, 0.46731, -2.613932)
(3.577238, 0.46731, -2.613932), (3.734981, 0.459726, -2.610598), (3.734052, 0.500945, -2.759907)
(3.577238, 0.46731, -2.613932), (3.57834, 0.433237, -2.462901), (3.734981, 0.459726, -2.610598)
(3.734981, 0.459726, -2.610598), (3.892753, 0.454754, -2.60661), (3.891811, 0.499199, -2.754901)
(3.734981, 0.459726, -2.610598), (3.736032, 0.422501, -2.460556), (3.892753, 0.454754, -2.60661)
(3.892753, 0.454754, -2.60661), (4.050406, 0.452641, -2.602247), (4.049459, 0.499627, -2.749601)
(3.892753, 0.454754, -2.60661), (3.893723, 0.414913, -2.457571), (4.050406, 0.452641, -2.602247)
(3.42076, 0.445937, -2.464564), (3.57834, 0.433237, -2.462901), (3.577238, 0.46731, -2.613932)
(3.42076, 0.445937, -2.464564), (3.422045, 0.417836, -2.312273), (3.57834, 0.433237, -2.462901)
(3.57834, 0.433237, -2.462901), (3.579567, 0.402905, -2.311352), (3.736032, 0.422501, -2.460556)
(3.57834, 0.433237, -2.462901), (3.736032, 0.422501, -2.460556), (3.734981, 0.459726, -2.610598)
(3.736032, 0.422501, -2.460556), (3.893723, 0.414913, -2.457571), (3.892753, 0.454754, -2.60661)
(3.736032, 0.422501, -2.460556), (3.737144, 0.390221, -2.309828), (3.893723, 0.414913, -2.457571)
(3.893723, 0.414913, -2.457571), (3.894681, 0.380864, -2.307732), (4.051284, 0.410671, -2.454177)
(3.893723, 0.414913, -2.457571), (4.051284, 0.410671, -2.454177), (4.050406, 0.452641, -2.602247)
(3.422045, 0.417836, -2.312273), (3.579567, 0.402905, -2.311352), (3.57834, 0.433237, -2.462901)
(3.422045, 0.417836, -2.312273), (3.423429, 0.392852, -2.159681), (3.579567, 0.402905, -2.311352)
(3.579567, 0.402905, -2.311352), (3.737144, 0.390221, -2.309828), (3.736032, 0.422501, -2.460556)
(3.579567, 0.402905, -2.311352), (3.580842, 0.377237, -2.159297), (3.737144, 0.390221, -2.309828)
(3.737144, 0.390221, -2.309828), (3.894681, 0.380864, -2.307732), (3.893723, 0.414913, -2.457571)
(3.737144, 0.390221, -2.309828), (3.738245, 0.363838, -2.158415), (3.894681, 0.380864, -2.307732)
(3.894681, 0.380864, -2.307732), (4.052065, 0.37537, -2.305197), (4.051284, 0.410671, -2.454177)
(3.894681, 0.380864, -2.307732), (3.895571, 0.353759, -2.157028), (4.052065, 0.37537, -2.305197)
(3.423429, 0.392852, -2.159681), (3.424832, 0.3711, -2.006848), (3.580842, 0.377237, -2.159297)
(3.423429, 0.392852, -2.159681), (3.580842, 0.377237, -2.159297), (3.579567, 0.402905, -2.311352)
(3.580842, 0.377237, -2.159297), (3.582098, 0.355741, -2.006859), (3.738245, 0.363838, -2.158415)
(3.580842, 0.377237, -2.159297), (3.738245, 0.363838, -2.158415), (3.737144, 0.390221, -2.309828)
(3.738245, 0.363838, -2.158415), (3.739299, 0.342724, -2.006429), (3.895571, 0.353759, -2.157028)
(3.738245, 0.363838, -2.158415), (3.895571, 0.353759, -2.157028), (3.894681, 0.380864, -2.307732)
(3.895571, 0.353759, -2.157028), (3.896388, 0.332854, -2.005561), (4.052728, 0.347697, -2.155211)
(3.895571, 0.353759, -2.157028), (4.052728, 0.347697, -2.155211), (4.052065, 0.37537, -2.305197)
# 4.373613516646671, 0, -2.370990816686664
(4.050406, 0.452641, -2.602247), (4.20778, 0.453546, -2.597814), (4.206831, 0.502386, -2.744354)
(4.050406, 0.452641, -2.602247), (4.051284, 0.410671, -2.454177), (4.20778, 0.453546, -2.597814)
(4.20778, 0.453546, -2.597814), (4.364721, 0.457395, -2.593624), (4.36378, 0.507308, -2.739505)
(4.20778, 0.453546, -2.597814), (4.208568, 0.410038, -2.450611), (4.364721, 0.457395, -2.593624)
(4.364721, 0.457395, -2.593624), (4.521104, 0.463954, -2.589938), (4.520177, 0.514342, -2.73531)
(4.364721, 0.457395, -2.593624), (4.365421, 0.413048, -2.447139), (4.521104, 0.463954, -2.589938)
(4.521104, 0.463954, -2.589938), (4.676822, 0.473178, -2.586935), (4.675923, 0.523441, -2.731929)
(4.521104, 0.463954, -2.589938), (4.521702, 0.419605, -2.444006), (4.676822, 0.473178, -2.586935)
(4.676822, 0.473178, -2.586935), (4.831824, 0.48488, -2.584709), (4.830932, 0.534741, -2.729433)
(4.676822, 0.473178, -2.586935), (4.677336, 0.42912, -2.44142), (4.831824, 0.48488, -2.584709)
(4.051284, 0.410671, -2.454177), (4.208568, 0.410038, -2.450611), (4.20778, 0.453546, -2.597814)
(4.051284, 0.410671, -2.454177), (4.052065, 0.37537, -2.305197), (4.208568, 0.410038, -2.450611)
(4.208568, 0.410038, -2.450611), (4.209177, 0.373772, -2.302438), (4.365421, 0.413048, -2.447139)
(4.208568, 0.410038, -2.450611), (4.365421, 0.413048, -2.447139), (4.364721, 0.457395, -2.593624)
(4.365421, 0.413048, -2.447139), (4.36587, 0.376323, -2.299657), (4.521702, 0.419605, -2.444006)
(4.365421, 0.413048, -2.447139), (4.521702, 0.419605, -2.444006), (4.521104, 0.463954, -2.589938)
(4.521702, 0.419605, -2.444006), (4.522019, 0.382736, -2.297092), (4.677336, 0.42912, -2.44142)
(4.521702, 0.419605, -2.444006), (4.677336, 0.42912, -2.44142), (4.676822, 0.473178, -2.586935)
(4.677336, 0.42912, -2.44142), (4.832265, 0.441414, -2.439481), (4.831824, 0.48488, -2.584709)
(4.677336, 0.42912, -2.44142), (4.677532, 0.392549, -2.294941), (4.832265, 0.441414, -2.439481)
(4.052065, 0.37537, -2.305197), (4.209177, 0.373772, -2.302438), (4.208568, 0.410038, -2.450611)
(4.052065, 0.37537, -2.305197), (4.052728, 0.347697, -2.155211), (4.209177, 0.373772, -2.302438)
(4.209177, 0.373772, -2.302438), (4.36587, 0.376323, -2.299657), (4.365421, 0.413048, -2.447139)
(4.209177, 0.373772, -2.302438), (4.209605, 0.346001, -2.153106), (4.36587, 0.376323, -2.299657)
(4.36587, 0.376323, -2.299657), (4.522019, 0.382736, -2.297092), (4.521702, 0.419605, -2.444006)
(4.36587, 0.376323, -2.299657), (4.366094, 0.348334, -2.150942), (4.522019, 0.382736, -2.297092)
(4.522019, 0.382736, -2.297092), (4.677532, 0.392549, -2.294941), (4.677336, 0.42912, -2.44142)
(4.522019, 0.382736, -2.297092), (4.522059, 0.35484, -2.14889), (4.677532, 0.392549, -2.294941)
(4.677532, 0.392549, -2.294941), (4.832353, 0.40546, -2.293319), (4.832265, 0.441414, -2.439481)
(4.677532, 0.392549, -2.294941), (4.677427, 0.364793, -2.147165), (4.832353, 0.40546, -2.293319)
(4.052728, 0.347697, -2.155211), (4.053294, 0.327042, -2.004275), (4.209605, 0.346001, -2.153106)
(4.052728, 0.347697, -2.155211), (4.209605, 0.346001, -2.153106), (4.209177, 0.373772, -2.302438)
(4.209605, 0.346001, -2.153106), (4.209929, 0.325435, -2.002706), (4.366094, 0.348334, -2.150942)
(4.209605, 0.346001, -2.153106), (4.366094, 0.348334, -2.150942), (4.36587, 0.376323, -2.299657)
(4.366094, 0.348334, -2.150942), (4.366193, 0.327958, -2.001029), (4.522059, 0.35484, -2.14889)
(4.366094, 0.348334, -2.150942), (4.522059, 0.35484, -2.14889), (4.522019, 0.382736, -2.297092)
(4.522059, 0.35484, -2.14889), (4.521965, 0.334584, -1.999413), (4.677427, 0.364793, -2.147165)
(4.522059, 0.35484, -2.14889), (4.677427, 0.364793, -2.147165), (4.677532, 0.392549, -2.294941)
(4.677427, 0.364793, -2.147165), (4.677157, 0.344906, -1.998043), (4.832099, 0.378436, -2.145844)
(4.677427, 0.364793, -2.147165), (4.832099, 0.378436, -2.145844), (4.832353, 0.40546, -2.293319)
# 5.041383749980003, 0, -2.370990816686664
(4.831824, 0.48488, -2.584709), (4.986104, 0.498912, -2.583263), (4.985178, 0.54818, -2.72777)
(4.831824, 0.48488, -2.584709), (4.832265, 0.441414, -2.439481), (4.986104, 0.498912, -2.583263)
(4.986104, 0.498912, -2.583263), (5.139697, 0.515107, -2.582527), (5.138595, 0.564149, -2.726816)
(4.986104, 0.498912, -2.583263), (4.986465, 0.456444, -2.438212), (5.139697, 0.515107, -2.582527)
(5.139697, 0.515107, -2.582527), (5.292583, 0.533823, -2.582367), (5.291139, 0.583092, -2.726362)
(5.139697, 0.515107, -2.582527), (5.13997, 0.474068, -2.437576), (5.292583, 0.533823, -2.582367)
(5.292583, 0.533823, -2.582367), (5.444758, 0.55538, -2.582565), (5.442652, 0.606126, -2.726103)
(5.292583, 0.533823, -2.582367), (5.292871, 0.493889, -2.4375), (5.444758, 0.55538, -2.582565)
(4.832265, 0.441414, -2.439481), (4.832353, 0.40546, -2.293319), (4.986465, 0.456444, -2.438212)
(4.832265, 0.441414, -2.439481), (4.986465, 0.456444, -2.438212), (4.986104, 0.498912, -2.583263)
(4.986465, 0.456444, -2.438212), (5.13997, 0.474068, -2.437576), (5.139697, 0.515107, -2.582527)
(4.986465, 0.456444, -2.438212), (4.986432, 0.421589, -2.292248), (5.13997, 0.474068, -2.437576)
(5.13997, 0.474068, -2.437576), (5.139811, 0.440558, -2.291719), (5.292871, 0.493889, -2.4375)
(5.13997, 0.474068, -2.437576), (5.292871, 0.493889, -2.4375), (5.292583, 0.533823, -2.582367)
(5.292871, 0.493889, -2.4375), (5.445239, 0.515892, -2.437851), (5.444758, 0.55538, -2.582565)
(5.292871, 0.493889, -2.4375), (5.292585, 0.461972, -2.291678), (5.445239, 0.515892, -2.437851)
(4.832353, 0.40546, -2.293319), (4.986432, 0.421589, -2.292248), (4.986465, 0.456444, -2.438212)
(4.832353, 0.40546, -2.293319), (4.832099, 0.378436, -2.145844), (4.986432, 0.421589, -2.292248)
(4.986432, 0.421589, -2.292248), (5.139811, 0.440558, -2.291719), (5.13997, 0.474068, -2.437576)
(4.986432, 0.421589, -2.292248), (4.986058, 0.3953, -2.145004), (5.139811, 0.440558, -2.291719)
(5.139811, 0.440558, -2.291719), (5.292585, 0.461972, -2.291678), (5.292871, 0.493889, -2.4375)
(5.139811, 0.440558, -2.291719), (5.139319, 0.415243, -2.144631), (5.292585, 0.461972, -2.291678)
(5.292585, 0.461972, -2.291678), (5.444879, 0.485412, -2.29204), (5.445239, 0.515892, -2.437851)
(5.292585, 0.461972, -2.291678), (5.291961, 0.437958, -2.144671), (5.444879, 0.485412, -2.29204)
(4.832099, 0.378436, -2.145844), (4.831681, 0.358931, -1.997017), (4.986058, 0.3953, -2.145004)
(4.832099, 0.378436, -2.145844), (4.986058, 0.3953, -2.145004), (4.986432, 0.421589, -2.292248)
(4.986058, 0.3953, -2.145004), (4.9855, 0.376508, -1.996394), (5.139319, 0.415243, -2.144631)
(4.986058, 0.3953, -2.145004), (5.139319, 0.415243, -2.144631), (5.139811, 0.440558, -2.291719)
(5.291961, 0.437958, -2.144671), (5.291127, 0.421086, -1.996354), (5.444095, 0.463093, -2.145036)
(5.291961, 0.437958, -2.144671), (5.444095, 0.463093, -2.145036), (5.444879, 0.485412, -2.29204)
(5.139319, 0.415243, -2.144631), (5.138637, 0.397188, -1.996202), (5.291961, 0.437958, -2.144671)
(5.139319, 0.415243, -2.144631), (5.291961, 0.437958, -2.144671), (5.292585, 0.461972, -2.291678)
# 5.709153983313337, 0, -2.370990816686664
(5.746871, 0.6088, -2.583013), (5.896607, 0.642518, -2.582656), (5.890748, 0.704668, -2.723802)
(5.746871, 0.6088, -2.583013), (5.74847, 0.56767, -2.438999), (5.896607, 0.642518, -2.582656)
(5.596176, 0.580336, -2.582851), (5.746871, 0.6088, -2.583013), (5.742489, 0.666253, -2.725079)
(5.596176, 0.580336, -2.582851), (5.597121, 0.540239, -2.438442), (5.746871, 0.6088, -2.583013)
(5.896607, 0.642518, -2.582656), (6.045337, 0.682059, -2.581555), (6.037803, 0.749807, -2.721713)
(5.896607, 0.642518, -2.582656), (5.899334, 0.598043, -2.439346), (6.045337, 0.682059, -2.581555)
(5.444758, 0.55538, -2.582565), (5.596176, 0.580336, -2.582851), (5.593126, 0.633576, -2.725766)
(5.444758, 0.55538, -2.582565), (5.445239, 0.515892, -2.437851), (5.596176, 0.580336, -2.582851)
(5.899334, 0.598043, -2.439346), (6.049623, 0.632184, -2.439224), (6.045337, 0.682059, -2.581555)
(5.899334, 0.598043, -2.439346), (5.899895, 0.567371, -2.294112), (6.049623, 0.632184, -2.439224)
(5.74847, 0.56767, -2.438999), (5.748454, 0.538172, -2.293415), (5.899334, 0.598043, -2.439346)
(5.74847, 0.56767, -2.438999), (5.899334, 0.598043, -2.439346), (5.896607, 0.642518, -2.582656)
(5.597121, 0.540239, -2.438442), (5.596803, 0.510839, -2.29267), (5.74847, 0.56767, -2.438999)
(5.597121, 0.540239, -2.438442), (5.74847, 0.56767, -2.438999), (5.746871, 0.6088, -2.583013)
(5.445239, 0.515892, -2.437851), (5.444879, 0.485412, -2.29204), (5.597121, 0.540239, -2.438442)
(5.445239, 0.515892, -2.437851), (5.597121, 0.540239, -2.438442), (5.596176, 0.580336, -2.582851)
(5.899895, 0.567371, -2.294112), (6.051137, 0.598641, -2.294587), (6.049623, 0.632184, -2.439224)
(5.899895, 0.567371, -2.294112), (5.89905, 0.54822, -2.14715), (6.051137, 0.598641, -2.294587)
(5.748454, 0.538172, -2.293415), (5.899895, 0.567371, -2.294112), (5.899334, 0.598043, -2.439346)
(5.748454, 0.538172, -2.293415), (5.747495, 0.518587, -2.146379), (5.899895, 0.567371, -2.294112)
(5.596803, 0.510839, -2.29267), (5.748454, 0.538172, -2.293415), (5.74847, 0.56767, -2.438999)
(5.596803, 0.510839, -2.29267), (5.595891, 0.490011, -2.145652), (5.748454, 0.538172, -2.293415)
(5.444879, 0.485412, -2.29204), (5.596803, 0.510839, -2.29267), (5.597121, 0.540239, -2.438442)
(5.444879, 0.485412, -2.29204), (5.444095, 0.463093, -2.145036), (5.596803, 0.510839, -2.29267)
(5.89905, 0.54822, -2.14715), (5.897598, 0.536924, -1.998901), (6.050618, 0.579253, -2.147775)
(5.89905, 0.54822, -2.14715), (6.050618, 0.579253, -2.147775), (6.051137, 0.598641, -2.294587)
(5.747495, 0.518587, -2.146379), (5.746159, 0.506016, -1.998156), (5.89905, 0.54822, -2.14715)
(5.747495, 0.518587, -2.146379), (5.89905, 0.54822, -2.14715), (5.899895, 0.567371, -2.294112)
(5.595891, 0.490011, -2.145652), (5.59472, 0.475988, -1.997436), (5.747495, 0.518587, -2.146379)
(5.595891, 0.490011, -2.145652), (5.747495, 0.518587, -2.146379), (5.748454, 0.538172, -2.293415)
(5.444095, 0.463093, -2.145036), (5.443101, 0.447554, -1.996795), (5.595891, 0.490011, -2.145652)
(5.444095, 0.463093, -2.145036), (5.595891, 0.490011, -2.145652), (5.596803, 0.510839, -2.29267)
# 6.376924216646669, 0, -2.370990816686664
(6.045337, 0.682059, -2.581555), (6.193136, 0.727282, -2.579648), (6.183968, 0.800413, -2.718926)
(6.045337, 0.682059, -2.581555), (6.049623, 0.632184, -2.439224), (6.193136, 0.727282, -2.579648)
(6.193136, 0.727282, -2.579648), (6.339912, 0.778981, -2.576827), (6.329181, 0.857249, -2.715395)
(6.193136, 0.727282, -2.579648), (6.199142, 0.671423, -2.438335), (6.339912, 0.778981, -2.576827)
(6.339912, 0.778981, -2.576827), (6.485983, 0.835595, -2.573326), (6.473978, 0.917638, -2.71145)
(6.339912, 0.778981, -2.576827), (6.347617, 0.717396, -2.436387), (6.485983, 0.835595, -2.573326)
(6.485983, 0.835595, -2.573326), (6.631461, 0.896698, -2.569287), (6.618421, 0.981532, -2.707203)
(6.485983, 0.835595, -2.573326), (6.495368, 0.768304, -2.433653), (6.631461, 0.896698, -2.569287)
(6.631461, 0.896698, -2.569287), (6.776593, 0.961049, -2.564934), (6.762857, 1.047138, -2.702923)
(6.631461, 0.896698, -2.569287), (6.642361, 0.824396, -2.430159), (6.776593, 0.961049, -2.564934)
(6.049623, 0.632184, -2.439224), (6.051137, 0.598641, -2.294587), (6.199142, 0.671423, -2.438335)
(6.049623, 0.632184, -2.439224), (6.199142, 0.671423, -2.438335), (6.193136, 0.727282, -2.579648)
(6.199142, 0.671423, -2.438335), (6.347617, 0.717396, -2.436387), (6.339912, 0.778981, -2.576827)
(6.199142, 0.671423, -2.438335), (6.201961, 0.633596, -2.294475), (6.347617, 0.717396, -2.436387)
(6.347617, 0.717396, -2.436387), (6.352154, 0.673359, -2.29352), (6.495368, 0.768304, -2.433653)
(6.347617, 0.717396, -2.436387), (6.495368, 0.768304, -2.433653), (6.485983, 0.835595, -2.573326)
(6.495368, 0.768304, -2.433653), (6.642361, 0.824396, -2.430159), (6.631461, 0.896698, -2.569287)
(6.495368, 0.768304, -2.433653), (6.501634, 0.71826, -2.291651), (6.642361, 0.824396, -2.430159)
(6.642361, 0.824396, -2.430159), (6.650434, 0.767946, -2.288959), (6.788656, 0.885353, -2.426016)
(6.642361, 0.824396, -2.430159), (6.788656, 0.885353, -2.426016), (6.776593, 0.961049, -2.564934)
(6.051137, 0.598641, -2.294587), (6.201961, 0.633596, -2.294475), (6.199142, 0.671423, -2.438335)
(6.051137, 0.598641, -2.294587), (6.050618, 0.579253, -2.147775), (6.201961, 0.633596, -2.294475)
(6.201961, 0.633596, -2.294475), (6.352154, 0.673359, -2.29352), (6.347617, 0.717396, -2.436387)
(6.201961, 0.633596, -2.294475), (6.202164, 0.612066, -2.148078), (6.352154, 0.673359, -2.29352)
(6.352154, 0.673359, -2.29352), (6.501634, 0.71826, -2.291651), (6.495368, 0.768304, -2.433653)
(6.352154, 0.673359, -2.29352), (6.353549, 0.647615, -2.147817), (6.501634, 0.71826, -2.291651)
(6.501634, 0.71826, -2.291651), (6.650434, 0.767946, -2.288959), (6.642361, 0.824396, -2.430159)
(6.501634, 0.71826, -2.291651), (6.5046, 0.686776, -2.146807), (6.650434, 0.767946, -2.288959)
(6.650434, 0.767946, -2.288959), (6.798255, 0.823885, -2.285294), (6.788656, 0.885353, -2.426016)
(6.650434, 0.767946, -2.288959), (6.654995, 0.731043, -2.144814), (6.798255, 0.823885, -2.285294)
(6.202164, 0.612066, -2.148078), (6.200978, 0.600962, -1.999991), (6.353549, 0.647615, -2.147817)
(6.202164, 0.612066, -2.148078), (6.353549, 0.647615, -2.147817), (6.352154, 0.673359, -2.29352)
(6.353549, 0.647615, -2.147817), (6.353, 0.634377, -2.000087), (6.5046, 0.686776, -2.146807)
(6.353549, 0.647615, -2.147817), (6.5046, 0.686776, -2.146807), (6.501634, 0.71826, -2.291651)
(6.050618, 0.579253, -2.147775), (6.049178, 0.568553, -1.999556), (6.202164, 0.612066, -2.148078)
(6.050618, 0.579253, -2.147775), (6.202164, 0.612066, -2.148078), (6.201961, 0.633596, -2.294475)
(6.5046, 0.686776, -2.146807), (6.505085, 0.669912, -1.999599), (6.654995, 0.731043, -2.144814)
(6.5046, 0.686776, -2.146807), (6.654995, 0.731043, -2.144814), (6.650434, 0.767946, -2.288959)
(6.654995, 0.731043, -2.144814), (6.656961, 0.708721, -1.998334), (6.804666, 0.780308, -2.141932)
(6.654995, 0.731043, -2.144814), (6.804666, 0.780308, -2.141932), (6.798255, 0.823885, -2.285294)
# 7.044694449980003, 0, -2.370990816686664
(6.762857, 1.047138, -2.702923), (6.776593, 0.961049, -2.564934), (6.907449, 1.113726, -2.698763)
(6.762857, 1.047138, -2.702923), (6.907449, 1.113726, -2.698763), (6.892628, 1.205349, -2.837003)
(6.907449, 1.113726, -2.698763), (6.921617, 1.027352, -2.560483), (7.052319, 1.180777, -2.694823)
(6.907449, 1.113726, -2.698763), (7.052319, 1.180777, -2.694823), (7.037601, 1.270361, -2.833626)
(7.052319, 1.180777, -2.694823), (7.066615, 1.095513, -2.556046), (7.197671, 1.247509, -2.691251)
(7.052319, 1.180777, -2.694823), (7.197671, 1.247509, -2.691251), (7.18322, 1.334156, -2.830708)
(7.197671, 1.247509, -2.691251), (7.211876, 1.164208, -2.551825), (7.343716, 1.312858, -2.688166)
(7.197671, 1.247509, -2.691251), (7.343716, 1.312858, -2.688166), (7.329727, 1.396062, -2.828441)
(7.343716, 1.312858, -2.688166), (7.357643, 1.232316, -2.547964), (7.490642, 1.37642, -2.685657)
(7.343716, 1.312858, -2.688166), (7.490642, 1.37642, -2.685657), (7.477255, 1.455542, -2.826858)
(6.776593, 0.961049, -2.564934), (6.921617, 1.027352, -2.560483), (6.907449, 1.113726, -2.698763)
(6.776593, 0.961049, -2.564934), (6.788656, 0.885353, -2.426016), (6.921617, 1.027352, -2.560483)
(6.921617, 1.027352, -2.560483), (7.066615, 1.095513, -2.556046), (7.052319, 1.180777, -2.694823)
(6.921617, 1.027352, -2.560483), (6.934338, 0.950825, -2.421372), (7.066615, 1.095513, -2.556046)
(7.066615, 1.095513, -2.556046), (7.211876, 1.164208, -2.551825), (7.197671, 1.247509, -2.691251)
(7.066615, 1.095513, -2.556046), (7.079884, 1.018177, -2.416641), (7.211876, 1.164208, -2.551825)
(7.211876, 1.164208, -2.551825), (7.357643, 1.232316, -2.547964), (7.343716, 1.312858, -2.688166)
(7.211876, 1.164208, -2.551825), (7.225444, 1.086842, -2.411953), (7.357643, 1.232316, -2.547964)
(7.357643, 1.232316, -2.547964), (7.504097, 1.299323, -2.544534), (7.490642, 1.37642, -2.685657)
(7.357643, 1.232316, -2.547964), (7.371199, 1.156338, -2.407417), (7.504097, 1.299323, -2.544534)
(6.788656, 0.885353, -2.426016), (6.798255, 0.823885, -2.285294), (6.934338, 0.950825, -2.421372)
(6.788656, 0.885353, -2.426016), (6.934338, 0.950825, -2.421372), (6.921617, 1.027352, -2.560483)
(6.934338, 0.950825, -2.421372), (6.945215, 0.885357, -2.280867), (7.079884, 1.018177, -2.416641)
(6.934338, 0.950825, -2.421372), (7.079884, 1.018177, -2.416641), (7.066615, 1.095513, -2.556046)
(7.079884, 1.018177, -2.416641), (7.225444, 1.086842, -2.411953), (7.211876, 1.164208, -2.551825)
(7.079884, 1.018177, -2.416641), (7.091677, 0.950341, -2.276056), (7.225444, 1.086842, -2.411953)
(7.225444, 1.086842, -2.411953), (7.237878, 1.01765, -2.271089), (7.371199, 1.156338, -2.407417)
(7.225444, 1.086842, -2.411953), (7.371199, 1.156338, -2.407417), (7.357643, 1.232316, -2.547964)
(7.371199, 1.156338, -2.407417), (7.517412, 1.225881, -2.403137), (7.504097, 1.299323, -2.544534)
(7.371199, 1.156338, -2.407417), (7.383935, 1.087304, -2.266025), (7.517412, 1.225881, -2.403137)
(6.798255, 0.823885, -2.285294), (6.945215, 0.885357, -2.280867), (6.934338, 0.950825, -2.421372)
(6.798255, 0.823885, -2.285294), (6.804666, 0.780308, -2.141932), (6.945215, 0.885357, -2.280867)
(6.945215, 0.885357, -2.280867), (7.091677, 0.950341, -2.276056), (7.079884, 1.018177, -2.416641)
(6.945215, 0.885357, -2.280867), (6.953284, 0.836091, -2.138014), (7.091677, 0.950341, -2.276056)
(7.091677, 0.950341, -2.276056), (7.237878, 1.01765, -2.271089), (7.225444, 1.086842, -2.411953)
(7.091677, 0.950341, -2.276056), (7.101235, 0.896032, -2.133531), (7.237878, 1.01765, -2.271089)
(7.237878, 1.01765, -2.271089), (7.383935, 1.087304, -2.266025), (7.371199, 1.156338, -2.407417)
(7.237878, 1.01765, -2.271089), (7.24844, 0.960752, -2.128471), (7.383935, 1.087304, -2.266025)
(6.804666, 0.780308, -2.141932), (6.80834, 0.751849, -1.996174), (6.953284, 0.836091, -2.138014)
(6.804666, 0.780308, -2.141932), (6.953284, 0.836091, -2.138014), (6.945215, 0.885357, -2.280867)
(6.953284, 0.836091, -2.138014), (6.958857, 0.800704, -1.992985), (7.101235, 0.896032, -2.133531)
(6.953284, 0.836091, -2.138014), (7.101235, 0.896032, -2.133531), (7.091677, 0.950341, -2.276056)
(7.101235, 0.896032, -2.133531), (7.108506, 0.854817, -1.988963), (7.24844, 0.960752, -2.128471)
(7.101235, 0.896032, -2.133531), (7.24844, 0.960752, -2.128471), (7.237878, 1.01765, -2.271089)
(7.24844, 0.960752, -2.128471), (7.257231, 0.914384, -1.984185), (7.395316, 1.028246, -2.123194)
(7.24844, 0.960752, -2.128471), (7.395316, 1.028246, -2.123194), (7.383935, 1.087304, -2.266025)
# 7.712464683313336, 0, -2.370990816686664
(7.490642, 1.37642, -2.685657), (7.504097, 1.299323, -2.544534), (7.638501, 1.437721, -2.683674)
(7.490642, 1.37642, -2.685657), (7.638501, 1.437721, -2.683674), (7.625854, 1.512315, -2.825911)
(7.638501, 1.437721, -2.683674), (7.651372, 1.364568, -2.541545), (7.787435, 1.496542, -2.682199)
(7.638501, 1.437721, -2.683674), (7.787435, 1.496542, -2.682199), (7.775557, 1.566305, -2.825532)
(7.787435, 1.496542, -2.682199), (7.799602, 1.427768, -2.538975), (7.937464, 1.552813, -2.681132)
(7.787435, 1.496542, -2.682199), (7.937464, 1.552813, -2.681132), (7.926468, 1.617402, -2.825661)
(7.937464, 1.552813, -2.681132), (7.948854, 1.488766, -2.536743), (8.088614, 1.606586, -2.680353)
(7.937464, 1.552813, -2.681132), (8.088614, 1.606586, -2.680353), (8.078573, 1.665784, -2.826133)
(7.504097, 1.299323, -2.544534), (7.651372, 1.364568, -2.541545), (7.638501, 1.437721, -2.683674)
(7.504097, 1.299323, -2.544534), (7.517412, 1.225881, -2.403137), (7.651372, 1.364568, -2.541545)
(7.651372, 1.364568, -2.541545), (7.799602, 1.427768, -2.538975), (7.787435, 1.496542, -2.682199)
(7.651372, 1.364568, -2.541545), (7.664279, 1.29419, -2.399204), (7.799602, 1.427768, -2.538975)
(7.799602, 1.427768, -2.538975), (7.948854, 1.488766, -2.536743), (7.937464, 1.552813, -2.681132)
(7.799602, 1.427768, -2.538975), (7.811947, 1.361016, -2.395599), (7.948854, 1.488766, -2.536743)
(7.948854, 1.488766, -2.536743), (8.099158, 1.547489, -2.534756), (8.088614, 1.606586, -2.680353)
(7.948854, 1.488766, -2.536743), (7.960572, 1.426085, -2.392267), (8.099158, 1.547489, -2.534756)
(7.517412, 1.225881, -2.403137), (7.530201, 1.157825, -2.261067), (7.664279, 1.29419, -2.399204)
(7.517412, 1.225881, -2.403137), (7.664279, 1.29419, -2.399204), (7.651372, 1.364568, -2.541545)
(7.664279, 1.29419, -2.399204), (7.811947, 1.361016, -2.395599), (7.799602, 1.427768, -2.538975)
(7.664279, 1.29419, -2.399204), (7.676912, 1.228181, -2.256305), (7.811947, 1.361016, -2.395599)
(7.811947, 1.361016, -2.395599), (7.824249, 1.297611, -2.251785), (7.960572, 1.426085, -2.392267)
(7.811947, 1.361016, -2.395599), (7.960572, 1.426085, -2.392267), (7.948854, 1.488766, -2.536743)
(7.960572, 1.426085, -2.392267), (7.97245, 1.365846, -2.247461), (8.110291, 1.489065, -2.389142)
(7.960572, 1.426085, -2.392267), (8.110291, 1.489065, -2.389142), (8.099158, 1.547489, -2.534756)
(7.383935, 1.087304, -2.266025), (7.530201, 1.157825, -2.261067), (7.517412, 1.225881, -2.403137)
(7.383935, 1.087304, -2.266025), (7.395316, 1.028246, -2.123194), (7.530201, 1.157825, -2.261067)
(7.530201, 1.157825, -2.261067), (7.676912, 1.228181, -2.256305), (7.664279, 1.29419, -2.399204)
(7.530201, 1.157825, -2.261067), (7.542089, 1.097731, -2.117826), (7.676912, 1.228181, -2.256305)
(7.676912, 1.228181, -2.256305), (7.824249, 1.297611, -2.251785), (7.811947, 1.361016, -2.395599)
(7.676912, 1.228181, -2.256305), (7.689009, 1.16832, -2.112467), (7.824249, 1.297611, -2.251785)
(7.824249, 1.297611, -2.251785), (7.97245, 1.365846, -2.247461), (7.960572, 1.426085, -2.392267)
(7.824249, 1.297611, -2.251785), (7.836369, 1.239198, -2.107175), (7.97245, 1.365846, -2.247461)
(7.97245, 1.365846, -2.247461), (8.121674, 1.432324, -2.243305), (8.110291, 1.489065, -2.389142)
(7.97245, 1.365846, -2.247461), (7.984412, 1.309178, -2.102051), (8.121674, 1.432324, -2.243305)
(7.395316, 1.028246, -2.123194), (7.405248, 0.978389, -1.978889), (7.542089, 1.097731, -2.117826)
(7.395316, 1.028246, -2.123194), (7.542089, 1.097731, -2.117826), (7.530201, 1.157825, -2.261067)
(7.542089, 1.097731, -2.117826), (7.552872, 1.045389, -1.973326), (7.689009, 1.16832, -2.112467)
(7.542089, 1.097731, -2.117826), (7.689009, 1.16832, -2.112467), (7.676912, 1.228181, -2.256305)
(7.689009, 1.16832, -2.112467), (7.700314, 1.115017, -1.967544), (7.836369, 1.239198, -2.107175)
(7.689009, 1.16832, -2.112467), (7.836369, 1.239198, -2.107175), (7.824249, 1.297611, -2.251785)
(7.836369, 1.239198, -2.107175), (7.847966, 1.185736, -1.961722), (7.984412, 1.309178, -2.102051)
(7.836369, 1.239198, -2.107175), (7.984412, 1.309178, -2.102051), (7.97245, 1.365846, -2.247461)
(7.984412, 1.309178, -2.102051), (7.996113, 1.256516, -1.955943), (8.133365, 1.378016, -2.097023)
(7.984412, 1.309178, -2.102051), (8.133365, 1.378016, -2.097023), (8.121674, 1.432324, -2.243305)
# 8.380234916646671, 0, -2.370990816686664
(8.088614, 1.606586, -2.680353), (8.099158, 1.547489, -2.534756), (8.240894, 1.657994, -2.679712)
(8.088614, 1.606586, -2.680353), (8.240894, 1.657994, -2.679712), (8.231799, 1.711794, -2.82675)
(8.240894, 1.657994, -2.679712), (8.250625, 1.603841, -2.532906), (8.394361, 1.707038, -2.679073)
(8.240894, 1.657994, -2.679712), (8.394361, 1.707038, -2.679073), (8.386039, 1.755784, -2.827338)
(8.394361, 1.707038, -2.679073), (8.403256, 1.657804, -2.531076), (8.54889, 1.753955, -2.678299)
(8.394361, 1.707038, -2.679073), (8.54889, 1.753955, -2.678299), (8.541451, 1.797607, -2.827772)
(8.54889, 1.753955, -2.678299), (8.557034, 1.709399, -2.529156), (8.704711, 1.798381, -2.677285)
(8.54889, 1.753955, -2.678299), (8.704711, 1.798381, -2.677285), (8.698023, 1.837353, -2.827902)
(8.704711, 1.798381, -2.677285), (8.712073, 1.758407, -2.527049), (8.861557, 1.840735, -2.675931)
(8.704711, 1.798381, -2.677285), (8.861557, 1.840735, -2.675931), (8.85563, 1.875242, -2.827617)
(8.099158, 1.547489, -2.534756), (8.250625, 1.603841, -2.532906), (8.240894, 1.657994, -2.679712)
(8.099158, 1.547489, -2.534756), (8.110291, 1.489065, -2.389142), (8.250625, 1.603841, -2.532906)
(8.250625, 1.603841, -2.532906), (8.403256, 1.657804, -2.531076), (8.394361, 1.707038, -2.679073)
(8.250625, 1.603841, -2.532906), (8.261072, 1.549758, -2.386156), (8.403256, 1.657804, -2.531076)
(8.403256, 1.657804, -2.531076), (8.557034, 1.709399, -2.529156), (8.54889, 1.753955, -2.678299)
(8.403256, 1.657804, -2.531076), (8.412962, 1.608105, -2.383211), (8.557034, 1.709399, -2.529156)
(8.557034, 1.709399, -2.529156), (8.712073, 1.758407, -2.527049), (8.704711, 1.798381, -2.677285)
(8.557034, 1.709399, -2.529156), (8.566052, 1.663956, -2.380216), (8.712073, 1.758407, -2.527049)
(8.712073, 1.758407, -2.527049), (8.868289, 1.804883, -2.524673), (8.861557, 1.840735, -2.675931)
(8.712073, 1.758407, -2.527049), (8.720481, 1.717, -2.377083), (8.868289, 1.804883, -2.524673)
(8.110291, 1.489065, -2.389142), (8.121674, 1.432324, -2.243305), (8.261072, 1.549758, -2.386156)
(8.110291, 1.489065, -2.389142), (8.261072, 1.549758, -2.386156), (8.250625, 1.603841, -2.532906)
(8.261072, 1.549758, -2.386156), (8.412962, 1.608105, -2.383211), (8.403256, 1.657804, -2.531076)
(8.261072, 1.549758, -2.386156), (8.271943, 1.496632, -2.239285), (8.412962, 1.608105, -2.383211)
(8.412962, 1.608105, -2.383211), (8.423301, 1.558637, -2.235328), (8.566052, 1.663956, -2.380216)
(8.412962, 1.608105, -2.383211), (8.566052, 1.663956, -2.380216), (8.557034, 1.709399, -2.529156)
(8.566052, 1.663956, -2.380216), (8.720481, 1.717, -2.377083), (8.712073, 1.758407, -2.527049)
(8.566052, 1.663956, -2.380216), (8.575889, 1.618086, -2.231349), (8.720481, 1.717, -2.377083)
(8.121674, 1.432324, -2.243305), (8.271943, 1.496632, -2.239285), (8.261072, 1.549758, -2.386156)
(8.121674, 1.432324, -2.243305), (8.133365, 1.378016, -2.097023), (8.271943, 1.496632, -2.239285)
(8.271943, 1.496632, -2.239285), (8.423301, 1.558637, -2.235328), (8.412962, 1.608105, -2.383211)
(8.271943, 1.496632, -2.239285), (8.283279, 1.444969, -2.092124), (8.423301, 1.558637, -2.235328)
(8.423301, 1.558637, -2.235328), (8.575889, 1.618086, -2.231349), (8.566052, 1.663956, -2.380216)
(8.423301, 1.558637, -2.235328), (8.434324, 1.509762, -2.087275), (8.575889, 1.618086, -2.231349)
(8.575889, 1.618086, -2.231349), (8.729748, 1.674775, -2.227277), (8.720481, 1.717, -2.377083)
(8.575889, 1.618086, -2.231349), (8.586531, 1.572117, -2.082431), (8.729748, 1.674775, -2.227277)
(8.133365, 1.378016, -2.097023), (8.145002, 1.326692, -1.950212), (8.283279, 1.444969, -2.092124)
(8.133365, 1.378016, -2.097023), (8.283279, 1.444969, -2.092124), (8.271943, 1.496632, -2.239285)
(8.283279, 1.444969, -2.092124), (8.294785, 1.395407, -1.944574), (8.434324, 1.509762, -2.087275)
(8.283279, 1.444969, -2.092124), (8.434324, 1.509762, -2.087275), (8.423301, 1.558637, -2.235328)
(8.434324, 1.509762, -2.087275), (8.445622, 1.46225, -1.938979), (8.586531, 1.572117, -2.082431)
(8.434324, 1.509762, -2.087275), (8.586531, 1.572117, -2.082431), (8.575889, 1.618086, -2.231349)
(8.586531, 1.572117, -2.082431), (8.597594, 1.526852, -1.933391), (8.739968, 1.631788, -2.077526)
(8.586531, 1.572117, -2.082431), (8.739968, 1.631788, -2.077526), (8.729748, 1.674775, -2.227277)
# 9.048005149980003, 0, -2.370990816686664
(8.861557, 1.840735, -2.675931), (8.868289, 1.804883, -2.524673), (9.019731, 1.880364, -2.674168)
(8.861557, 1.840735, -2.675931), (9.019731, 1.880364, -2.674168), (9.014253, 1.911271, -2.82684)
(9.019731, 1.880364, -2.674168), (9.025835, 1.848412, -2.521963), (9.179115, 1.917348, -2.671943)
(9.019731, 1.880364, -2.674168), (9.179115, 1.917348, -2.671943), (9.174279, 1.944553, -2.825517)
(9.179115, 1.917348, -2.671943), (9.184708, 1.888833, -2.518867), (9.339878, 1.951173, -2.669217)
(9.179115, 1.917348, -2.671943), (9.339878, 1.951173, -2.669217), (9.335726, 1.974847, -2.823606)
(9.339878, 1.951173, -2.669217), (9.34483, 1.926131, -2.515348), (9.502119, 1.981394, -2.66596)
(9.339878, 1.951173, -2.669217), (9.502119, 1.981394, -2.66596), (9.498543, 2.002035, -2.821082)
(8.868289, 1.804883, -2.524673), (9.025835, 1.848412, -2.521963), (9.019731, 1.880364, -2.674168)
(8.868289, 1.804883, -2.524673), (8.876083, 1.767369, -2.373744), (9.025835, 1.848412, -2.521963)
(9.025835, 1.848412, -2.521963), (9.184708, 1.888833, -2.518867), (9.179115, 1.917348, -2.671943)
(9.025835, 1.848412, -2.521963), (9.032997, 1.814684, -2.370136), (9.184708, 1.888833, -2.518867)
(9.184708, 1.888833, -2.518867), (9.34483, 1.926131, -2.515348), (9.339878, 1.951173, -2.669217)
(9.184708, 1.888833, -2.518867), (9.19132, 1.858552, -2.366211), (9.34483, 1.926131, -2.515348)
(9.34483, 1.926131, -2.515348), (9.50659, 1.959219, -2.511375), (9.502119, 1.981394, -2.66596)
(9.34483, 1.926131, -2.515348), (9.35125, 1.898286, -2.361931), (9.50659, 1.959219, -2.511375)
(8.720481, 1.717, -2.377083), (8.729748, 1.674775, -2.227277), (8.876083, 1.767369, -2.373744)
(8.720481, 1.717, -2.377083), (8.876083, 1.767369, -2.373744), (8.868289, 1.804883, -2.524673)
(8.876083, 1.767369, -2.373744), (9.032997, 1.814684, -2.370136), (9.025835, 1.848412, -2.521963)
(8.876083, 1.767369, -2.373744), (8.884879, 1.72854, -2.223048), (9.032997, 1.814684, -2.370136)
(9.032997, 1.814684, -2.370136), (9.041245, 1.779297, -2.218607), (9.19132, 1.858552, -2.366211)
(9.032997, 1.814684, -2.370136), (9.19132, 1.858552, -2.366211), (9.184708, 1.888833, -2.518867)
(9.19132, 1.858552, -2.366211), (9.199107, 1.826303, -2.213904), (9.35125, 1.898286, -2.361931)
(9.19132, 1.858552, -2.366211), (9.35125, 1.898286, -2.361931), (9.34483, 1.926131, -2.515348)
(9.35125, 1.898286, -2.361931), (9.358492, 1.869206, -2.208905), (9.512418, 1.934491, -2.357266)
(9.35125, 1.898286, -2.361931), (9.512418, 1.934491, -2.357266), (9.50659, 1.959219, -2.511375)
(8.729748, 1.674775, -2.227277), (8.884879, 1.72854, -2.223048), (8.876083, 1.767369, -2.373744)
(8.729748, 1.674775, -2.227277), (8.739968, 1.631788, -2.077526), (8.884879, 1.72854, -2.223048)
(8.884879, 1.72854, -2.223048), (9.041245, 1.779297, -2.218607), (9.032997, 1.814684, -2.370136)
(8.884879, 1.72854, -2.223048), (8.894683, 1.688521, -2.072501), (9.041245, 1.779297, -2.218607)
(9.041245, 1.779297, -2.218607), (9.199107, 1.826303, -2.213904), (9.19132, 1.858552, -2.366211)
(9.041245, 1.779297, -2.218607), (9.050777, 1.741903, -2.067303), (9.199107, 1.826303, -2.213904)
(9.199107, 1.826303, -2.213904), (9.358492, 1.869206, -2.208905), (9.35125, 1.898286, -2.361931)
(9.199107, 1.826303, -2.213904), (9.208178, 1.791839, -2.061891), (9.358492, 1.869206, -2.208905)
(9.358492, 1.869206, -2.208905), (9.51918, 1.908263, -2.203579), (9.512418, 1.934491, -2.357266)
(9.358492, 1.869206, -2.208905), (9.367105, 1.837577, -2.056227), (9.51918, 1.908263, -2.203579)
(8.739968, 1.631788, -2.077526), (8.75074, 1.588926, -1.927763), (8.894683, 1.688521, -2.072501)
(8.739968, 1.631788, -2.077526), (8.894683, 1.688521, -2.072501), (8.884879, 1.72854, -2.223048)
(8.894683, 1.688521, -2.072501), (8.905176, 1.648075, -1.922037), (9.050777, 1.741903, -2.067303)
(8.894683, 1.688521, -2.072501), (9.050777, 1.741903, -2.067303), (9.041245, 1.779297, -2.218607)
(9.050777, 1.741903, -2.067303), (9.060931, 1.703992, -1.916171), (9.208178, 1.791839, -2.061891)
(9.050777, 1.741903, -2.067303), (9.208178, 1.791839, -2.061891), (9.199107, 1.826303, -2.213904)
(9.208178, 1.791839, -2.061891), (9.218005, 1.756419, -1.91012), (9.367105, 1.837577, -2.056227)
(9.208178, 1.791839, -2.061891), (9.367105, 1.837577, -2.056227), (9.358492, 1.869206, -2.208905)
(9.367105, 1.837577, -2.056227), (9.376468, 1.80492, -1.903847), (9.527242, 1.879593, -2.050278)
(9.367105, 1.837577, -2.056227), (9.527242, 1.879593, -2.050278), (9.51918, 1.908263, -2.203579)
# 9.71577538331334, 0, -2.370990816686664
(9.502119, 1.981394, -2.66596), (9.50659, 1.959219, -2.511375), (9.665982, 2.007445, -2.662145)
(9.502119, 1.981394, -2.66596), (9.665982, 2.007445, -2.662145), (9.662727, 2.025917, -2.817921)
(9.665982, 2.007445, -2.662145), (9.669904, 1.98803, -2.506922), (9.831217, 2.029718, -2.657744)
(9.665982, 2.007445, -2.662145), (9.831217, 2.029718, -2.657744), (9.828702, 2.045347, -2.814085)
(9.831217, 2.029718, -2.657744), (9.834656, 2.012629, -2.501957), (9.997908, 2.047851, -2.652719)
(9.831217, 2.029718, -2.657744), (9.997908, 2.047851, -2.652719), (9.996273, 2.060607, -2.809525)
(9.997908, 2.047851, -2.652719), (10.000857, 2.03282, -2.496449), (10.165653, 2.062693, -2.647038)
(9.997908, 2.047851, -2.652719), (10.165653, 2.062693, -2.647038), (10.164764, 2.073164, -2.804215)
(9.50659, 1.959219, -2.511375), (9.669904, 1.98803, -2.506922), (9.665982, 2.007445, -2.662145)
(9.50659, 1.959219, -2.511375), (9.512418, 1.934491, -2.357266), (9.669904, 1.98803, -2.506922)
(9.669904, 1.98803, -2.506922), (9.834656, 2.012629, -2.501957), (9.831217, 2.029718, -2.657744)
(9.669904, 1.98803, -2.506922), (9.674928, 1.966723, -2.352187), (9.834656, 2.012629, -2.501957)
(9.834656, 2.012629, -2.501957), (10.000857, 2.03282, -2.496449), (9.997908, 2.047851, -2.652719)
(9.834656, 2.012629, -2.501957), (9.83899, 1.994236, -2.34667), (10.000857, 2.03282, -2.496449)
(10.000857, 2.03282, -2.496449), (10.167953, 2.049854, -2.490375), (10.165653, 2.062693, -2.647038)
(10.000857, 2.03282, -2.496449), (10.00461, 2.016785, -2.34069), (10.167953, 2.049854, -2.490375)
(9.512418, 1.934491, -2.357266), (9.674928, 1.966723, -2.352187), (9.669904, 1.98803, -2.506922)
(9.512418, 1.934491, -2.357266), (9.51918, 1.908263, -2.203579), (9.674928, 1.966723, -2.352187)
(9.674928, 1.966723, -2.352187), (9.681098, 1.943443, -2.197896), (9.83899, 1.994236, -2.34667)
(9.674928, 1.966723, -2.352187), (9.83899, 1.994236, -2.34667), (9.834656, 2.012629, -2.501957)
(9.83899, 1.994236, -2.34667), (10.00461, 2.016785, -2.34069), (10.000857, 2.03282, -2.496449)
(9.83899, 1.994236, -2.34667), (9.844596, 1.973597, -2.19184), (10.00461, 2.016785, -2.34069)
(10.00461, 2.016785, -2.34069), (10.009476, 1.998994, -2.18539), (10.171033, 2.036168, -2.334225)
(10.00461, 2.016785, -2.34069), (10.171033, 2.036168, -2.334225), (10.167953, 2.049854, -2.490375)
(9.51918, 1.908263, -2.203579), (9.681098, 1.943443, -2.197896), (9.674928, 1.966723, -2.352187)
(9.51918, 1.908263, -2.203579), (9.527242, 1.879593, -2.050278), (9.681098, 1.943443, -2.197896)
(9.681098, 1.943443, -2.197896), (9.844596, 1.973597, -2.19184), (9.83899, 1.994236, -2.34667)
(9.681098, 1.943443, -2.197896), (9.688799, 1.917088, -2.044024), (9.844596, 1.973597, -2.19184)
(9.844596, 1.973597, -2.19184), (10.009476, 1.998994, -2.18539), (10.00461, 2.016785, -2.34069)
(9.844596, 1.973597, -2.19184), (9.851566, 1.950353, -2.037441), (10.009476, 1.998994, -2.18539)
(10.009476, 1.998994, -2.18539), (10.175184, 2.02094, -2.178527), (10.171033, 2.036168, -2.334225)
(10.009476, 1.998994, -2.18539), (10.015517, 1.979211, -2.030518), (10.175184, 2.02094, -2.178527)
(9.527242, 1.879593, -2.050278), (9.536184, 1.849521, -1.897323), (9.688799, 1.917088, -2.044024)
(9.527242, 1.879593, -2.050278), (9.688799, 1.917088, -2.044024), (9.681098, 1.943443, -2.197896)
(9.688799, 1.917088, -2.044024), (9.697209, 1.889777, -1.890526), (9.851566, 1.950353, -2.037441)
(9.688799, 1.917088, -2.044024), (9.851566, 1.950353, -2.037441), (9.844596, 1.973597, -2.19184)
(9.851566, 1.950353, -2.037441), (9.859454, 1.925613, -1.883442), (10.015517, 1.979211, -2.030518)
(9.851566, 1.950353, -2.037441), (10.015517, 1.979211, -2.030518), (10.009476, 1.998994, -2.18539)
