# -9.64956138335333, 0, -12.387544316686668
(-9.383142, 0.636351, -12.691587), (-9.225682, 0.638062, -12.695569), (-9.226, 0.616045, -12.849854)
(-9.383142, 0.636351, -12.691587), (-9.382859, 0.659989, -12.536911), (-9.225682, 0.638062, -12.695569)
(-9.540565, 0.636734, -12.687888), (-9.383142, 0.636351, -12.691587), (-9.383296, 0.614056, -12.846271)
(-9.540565, 0.636734, -12.687888), (-9.540455, 0.660496, -12.532778), (-9.383142, 0.636351, -12.691587)
(-9.697939, 0.639415, -12.684527), (-9.540565, 0.636734, -12.687888), (-9.540571, 0.614077, -12.842946)
(-9.697939, 0.639415, -12.684527), (-9.697964, 0.663781, -12.529047), (-9.540565, 0.636734, -12.687888)
(-9.855249, 0.644551, -12.681552), (-9.697939, 0.639415, -12.684527), (-9.697803, 0.616542, -12.839958)
(-9.855249, 0.644551, -12.681552), (-9.855401, 0.669488, -12.525716), (-9.697939, 0.639415, -12.684527)
(-9.382859, 0.659989, -12.536911), (-9.382399, 0.685935, -12.382299), (-9.225206, 0.6617, -12.541351)
(-9.382859, 0.659989, -12.536911), (-9.225206, 0.6617, -12.541351), (-9.225682, 0.638062, -12.695569)
(-9.540455, 0.660496, -12.532778), (-9.540174, 0.686702, -12.377706), (-9.382859, 0.659989, -12.536911)
(-9.540455, 0.660496, -12.532778), (-9.382859, 0.659989, -12.536911), (-9.383142, 0.636351, -12.691587)
(-9.697964, 0.663781, -12.529047), (-9.540455, 0.660496, -12.532778), (-9.540565, 0.636734, -12.687888)
(-9.697964, 0.663781, -12.529047), (-9.697843, 0.690434, -12.373552), (-9.540455, 0.660496, -12.532778)
(-9.855401, 0.669488, -12.525716), (-9.855412, 0.696777, -12.369843), (-9.697964, 0.663781, -12.529047)
(-9.855401, 0.669488, -12.525716), (-9.697964, 0.663781, -12.529047), (-9.697939, 0.639415, -12.684527)
(-9.382399, 0.685935, -12.382299), (-9.224509, 0.688107, -12.387276), (-9.225206, 0.6617, -12.541351)
(-9.382399, 0.685935, -12.382299), (-9.381682, 0.715511, -12.227845), (-9.224509, 0.688107, -12.387276)
(-9.540174, 0.686702, -12.377706), (-9.382399, 0.685935, -12.382299), (-9.382859, 0.659989, -12.536911)
(-9.540174, 0.686702, -12.377706), (-9.53968, 0.716107, -12.222717), (-9.382399, 0.685935, -12.382299)
(-9.697843, 0.690434, -12.373552), (-9.540174, 0.686702, -12.377706), (-9.540455, 0.660496, -12.532778)
(-9.697843, 0.690434, -12.373552), (-9.697525, 0.720121, -12.218088), (-9.540174, 0.686702, -12.377706)
(-9.855412, 0.696777, -12.369843), (-9.697843, 0.690434, -12.373552), (-9.697964, 0.663781, -12.529047)
(-9.855412, 0.696777, -12.369843), (-9.855236, 0.72717, -12.21397), (-9.697843, 0.690434, -12.373552)
(-9.381682, 0.715511, -12.227845), (-9.380672, 0.749159, -12.073555), (-9.223566, 0.717673, -12.233352)
(-9.381682, 0.715511, -12.227845), (-9.223566, 0.717673, -12.233352), (-9.224509, 0.688107, -12.387276)
(-9.53968, 0.716107, -12.222717), (-9.538881, 0.749985, -12.067891), (-9.381682, 0.715511, -12.227845)
(-9.53968, 0.716107, -12.222717), (-9.381682, 0.715511, -12.227845), (-9.382399, 0.685935, -12.382299)
(-9.697525, 0.720121, -12.218088), (-9.696936, 0.754019, -12.062735), (-9.53968, 0.716107, -12.222717)
(-9.697525, 0.720121, -12.218088), (-9.53968, 0.716107, -12.222717), (-9.540174, 0.686702, -12.377706)
(-9.855236, 0.72717, -12.21397), (-9.854814, 0.761532, -12.058159), (-9.697525, 0.720121, -12.218088)
(-9.855236, 0.72717, -12.21397), (-9.697525, 0.720121, -12.218088), (-9.697843, 0.690434, -12.373552)
(-9.380672, 0.749159, -12.073555), (-9.222297, 0.751516, -12.079648), (-9.223566, 0.717673, -12.233352)
(-9.380672, 0.749159, -12.073555), (-9.379366, 0.786671, -11.919395), (-9.222297, 0.751516, -12.079648)
(-9.538881, 0.749985, -12.067891), (-9.380672, 0.749159, -12.073555), (-9.381682, 0.715511, -12.227845)
(-9.538881, 0.749985, -12.067891), (-9.537832, 0.787216, -11.91312), (-9.380672, 0.749159, -12.073555)
(-9.696936, 0.754019, -12.062735), (-9.538881, 0.749985, -12.067891), (-9.53968, 0.716107, -12.222717)
(-9.696936, 0.754019, -12.062735), (-9.696081, 0.791636, -11.907435), (-9.538881, 0.749985, -12.067891)
(-9.854814, 0.761532, -12.058159), (-9.696936, 0.754019, -12.062735), (-9.697525, 0.720121, -12.218088)
(-9.854814, 0.761532, -12.058159), (-9.854141, 0.799489, -11.902362), (-9.696936, 0.754019, -12.062735)
# -8.981791150019998, 0, -12.387544316686668
(-8.753154, 0.653345, -12.708388), (-8.595633, 0.660341, -12.712618), (-8.596788, 0.638338, -12.865248)
(-8.753154, 0.653345, -12.708388), (-8.751987, 0.67736, -12.555581), (-8.595633, 0.660341, -12.712618)
(-8.910679, 0.64693, -12.704063), (-8.753154, 0.653345, -12.708388), (-8.754086, 0.631295, -12.861414)
(-8.910679, 0.64693, -12.704063), (-8.909763, 0.670744, -12.550792), (-8.753154, 0.653345, -12.708388)
(-9.068197, 0.641614, -12.699748), (-8.910679, 0.64693, -12.704063), (-8.911398, 0.624805, -12.857494)
(-9.068197, 0.641614, -12.699748), (-9.067505, 0.665403, -12.54601), (-8.910679, 0.64693, -12.704063)
(-9.225682, 0.638062, -12.695569), (-9.068197, 0.641614, -12.699748), (-9.068703, 0.619611, -12.853614)
(-9.225682, 0.638062, -12.695569), (-9.225206, 0.6617, -12.541351), (-9.068197, 0.641614, -12.699748)
(-8.751987, 0.67736, -12.555581), (-8.59421, 0.684441, -12.560252), (-8.595633, 0.660341, -12.712618)
(-8.751987, 0.67736, -12.555581), (-8.750542, 0.704089, -12.403035), (-8.59421, 0.684441, -12.560252)
(-8.909763, 0.670744, -12.550792), (-8.908583, 0.697383, -12.397742), (-8.751987, 0.67736, -12.555581)
(-8.909763, 0.670744, -12.550792), (-8.751987, 0.67736, -12.555581), (-8.753154, 0.653345, -12.708388)
(-9.067505, 0.665403, -12.54601), (-8.909763, 0.670744, -12.550792), (-8.910679, 0.64693, -12.704063)
(-9.067505, 0.665403, -12.54601), (-9.066578, 0.691878, -12.392445), (-8.909763, 0.670744, -12.550792)
(-9.225206, 0.6617, -12.541351), (-9.224509, 0.688107, -12.387276), (-9.067505, 0.665403, -12.54601)
(-9.225206, 0.6617, -12.541351), (-9.067505, 0.665403, -12.54601), (-9.068197, 0.641614, -12.699748)
(-8.750542, 0.704089, -12.403035), (-8.592463, 0.711522, -12.408195), (-8.59421, 0.684441, -12.560252)
(-8.750542, 0.704089, -12.403035), (-8.748735, 0.734737, -12.250793), (-8.592463, 0.711522, -12.408195)
(-8.908583, 0.697383, -12.397742), (-8.750542, 0.704089, -12.403035), (-8.751987, 0.67736, -12.555581)
(-8.908583, 0.697383, -12.397742), (-8.907095, 0.727526, -12.244946), (-8.750542, 0.704089, -12.403035)
(-9.066578, 0.691878, -12.392445), (-8.908583, 0.697383, -12.397742), (-8.909763, 0.670744, -12.550792)
(-9.066578, 0.691878, -12.392445), (-9.065374, 0.721681, -12.239085), (-8.908583, 0.697383, -12.397742)
(-9.224509, 0.688107, -12.387276), (-9.066578, 0.691878, -12.392445), (-9.067505, 0.665403, -12.54601)
(-9.224509, 0.688107, -12.387276), (-9.223566, 0.717673, -12.233352), (-9.066578, 0.691878, -12.392445)
(-8.748735, 0.734737, -12.250793), (-8.746528, 0.769883, -12.098855), (-8.590353, 0.742328, -12.25647)
(-8.748735, 0.734737, -12.250793), (-8.590353, 0.742328, -12.25647), (-8.592463, 0.711522, -12.408195)
(-8.907095, 0.727526, -12.244946), (-8.905211, 0.762347, -12.092438), (-8.748735, 0.734737, -12.250793)
(-8.907095, 0.727526, -12.244946), (-8.748735, 0.734737, -12.250793), (-8.750542, 0.704089, -12.403035)
(-9.065374, 0.721681, -12.239085), (-9.063822, 0.75586, -12.085976), (-8.907095, 0.727526, -12.244946)
(-9.065374, 0.721681, -12.239085), (-8.907095, 0.727526, -12.244946), (-8.908583, 0.697383, -12.397742)
(-9.223566, 0.717673, -12.233352), (-9.222297, 0.751516, -12.079648), (-9.065374, 0.721681, -12.239085)
(-9.223566, 0.717673, -12.233352), (-9.065374, 0.721681, -12.239085), (-9.066578, 0.691878, -12.392445)
(-8.746528, 0.769883, -12.098855), (-8.587817, 0.777715, -12.105074), (-8.590353, 0.742328, -12.25647)
(-8.746528, 0.769883, -12.098855), (-8.743961, 0.809175, -11.947199), (-8.587817, 0.777715, -12.105074)
(-8.905211, 0.762347, -12.092438), (-8.746528, 0.769883, -12.098855), (-8.748735, 0.734737, -12.250793)
(-8.905211, 0.762347, -12.092438), (-8.903006, 0.800976, -11.940172), (-8.746528, 0.769883, -12.098855)
(-9.063822, 0.75586, -12.085976), (-8.905211, 0.762347, -12.092438), (-8.907095, 0.727526, -12.244946)
(-9.063822, 0.75586, -12.085976), (-9.061928, 0.794181, -11.933083), (-8.905211, 0.762347, -12.092438)
(-9.222297, 0.751516, -12.079648), (-9.063822, 0.75586, -12.085976), (-9.065374, 0.721681, -12.239085)
(-9.222297, 0.751516, -12.079648), (-9.220716, 0.789275, -11.926108), (-9.063822, 0.75586, -12.085976)
# -8.314020916686664, 0, -12.387544316686668
(-8.280726, 0.673473, -12.720377), (-8.123363, 0.678859, -12.723763), (-8.125209, 0.657266, -12.875366)
(-8.280726, 0.673473, -12.720377), (-8.278783, 0.697564, -12.568818), (-8.123363, 0.678859, -12.723763)
(-8.438159, 0.667145, -12.716639), (-8.280726, 0.673473, -12.720377), (-8.282354, 0.651689, -12.872295)
(-8.438159, 0.667145, -12.716639), (-8.436471, 0.6913, -12.564693), (-8.280726, 0.673473, -12.720377)
(-8.595633, 0.660341, -12.712618), (-8.438159, 0.667145, -12.716639), (-8.439548, 0.645233, -12.868899)
(-8.595633, 0.660341, -12.712618), (-8.59421, 0.684441, -12.560252), (-8.438159, 0.667145, -12.716639)
(-8.121164, 0.702909, -12.572556), (-8.118565, 0.730149, -12.421778), (-7.963658, 0.706944, -12.575854)
(-8.121164, 0.702909, -12.572556), (-7.963658, 0.706944, -12.575854), (-7.966094, 0.682966, -12.726738)
(-8.278783, 0.697564, -12.568818), (-8.276457, 0.724828, -12.417646), (-8.121164, 0.702909, -12.572556)
(-8.278783, 0.697564, -12.568818), (-8.121164, 0.702909, -12.572556), (-8.123363, 0.678859, -12.723763)
(-8.436471, 0.6913, -12.564693), (-8.278783, 0.697564, -12.568818), (-8.280726, 0.673473, -12.720377)
(-8.436471, 0.6913, -12.564693), (-8.434433, 0.718503, -12.413094), (-8.278783, 0.697564, -12.568818)
(-8.59421, 0.684441, -12.560252), (-8.592463, 0.711522, -12.408195), (-8.436471, 0.6913, -12.564693)
(-8.59421, 0.684441, -12.560252), (-8.436471, 0.6913, -12.564693), (-8.438159, 0.667145, -12.716639)
(-8.118565, 0.730149, -12.421778), (-7.960777, 0.734368, -12.425433), (-7.963658, 0.706944, -12.575854)
(-8.118565, 0.730149, -12.421778), (-8.115507, 0.761542, -12.271431), (-7.960777, 0.734368, -12.425433)
(-8.276457, 0.724828, -12.417646), (-8.118565, 0.730149, -12.421778), (-8.121164, 0.702909, -12.572556)
(-8.276457, 0.724828, -12.417646), (-8.273714, 0.755975, -12.266875), (-8.118565, 0.730149, -12.421778)
(-8.434433, 0.718503, -12.413094), (-8.276457, 0.724828, -12.417646), (-8.278783, 0.697564, -12.568818)
(-8.434433, 0.718503, -12.413094), (-8.432009, 0.749466, -12.261862), (-8.276457, 0.724828, -12.417646)
(-8.592463, 0.711522, -12.408195), (-8.434433, 0.718503, -12.413094), (-8.436471, 0.6913, -12.564693)
(-8.592463, 0.711522, -12.408195), (-8.590353, 0.742328, -12.25647), (-8.434433, 0.718503, -12.413094)
(-8.115507, 0.761542, -12.271431), (-8.11198, 0.797623, -12.12149), (-7.95744, 0.765809, -12.27548)
(-8.115507, 0.761542, -12.271431), (-7.95744, 0.765809, -12.27548), (-7.960777, 0.734368, -12.425433)
(-8.273714, 0.755975, -12.266875), (-8.270497, 0.791974, -12.11648), (-8.115507, 0.761542, -12.271431)
(-8.273714, 0.755975, -12.266875), (-8.115507, 0.761542, -12.271431), (-8.118565, 0.730149, -12.421778)
(-8.432009, 0.749466, -12.261862), (-8.429133, 0.785135, -12.110985), (-8.273714, 0.755975, -12.266875)
(-8.432009, 0.749466, -12.261862), (-8.273714, 0.755975, -12.266875), (-8.276457, 0.724828, -12.417646)
(-8.590353, 0.742328, -12.25647), (-8.587817, 0.777715, -12.105074), (-8.432009, 0.749466, -12.261862)
(-8.590353, 0.742328, -12.25647), (-8.432009, 0.749466, -12.261862), (-8.434433, 0.718503, -12.413094)
(-8.11198, 0.797623, -12.12149), (-7.953617, 0.802042, -12.125959), (-7.95744, 0.765809, -12.27548)
(-8.11198, 0.797623, -12.12149), (-8.108026, 0.838282, -11.971932), (-7.953617, 0.802042, -12.125959)
(-8.270497, 0.791974, -12.11648), (-8.11198, 0.797623, -12.12149), (-8.115507, 0.761542, -12.271431)
(-8.270497, 0.791974, -12.11648), (-8.266881, 0.832291, -11.966452), (-8.11198, 0.797623, -12.12149)
(-8.429133, 0.785135, -12.110985), (-8.270497, 0.791974, -12.11648), (-8.273714, 0.755975, -12.266875)
(-8.429133, 0.785135, -12.110985), (-8.425849, 0.825329, -11.960441), (-8.270497, 0.791974, -12.11648)
(-8.587817, 0.777715, -12.105074), (-8.429133, 0.785135, -12.110985), (-8.432009, 0.749466, -12.261862)
(-8.587817, 0.777715, -12.105074), (-8.584887, 0.817533, -11.953991), (-8.429133, 0.785135, -12.110985)
# -7.64625068335333, 0, -12.387544316686668
(-7.335139, 0.707943, -12.584341), (-7.331504, 0.735856, -12.435005), (-7.178466, 0.704607, -12.585329)
(-7.335139, 0.707943, -12.584341), (-7.178466, 0.704607, -12.585329), (-7.181664, 0.679855, -12.735114)
(-7.492012, 0.709934, -12.582912), (-7.335139, 0.707943, -12.584341), (-7.33825, 0.683602, -12.734274)
(-7.492012, 0.709934, -12.582912), (-7.488522, 0.737491, -12.433365), (-7.335139, 0.707943, -12.584341)
(-7.649069, 0.710481, -12.581035), (-7.645746, 0.737926, -12.431231), (-7.492012, 0.709934, -12.582912)
(-7.649069, 0.710481, -12.581035), (-7.492012, 0.709934, -12.582912), (-7.495008, 0.685856, -12.733035)
(-7.806287, 0.709513, -12.578683), (-7.649069, 0.710481, -12.581035), (-7.651908, 0.686543, -12.731376)
(-7.806287, 0.709513, -12.578683), (-7.80317, 0.736909, -12.42859), (-7.649069, 0.710481, -12.581035)
(-7.963658, 0.706944, -12.575854), (-7.960777, 0.734368, -12.425433), (-7.806287, 0.709513, -12.578683)
(-7.963658, 0.706944, -12.575854), (-7.806287, 0.709513, -12.578683), (-7.808942, 0.685567, -12.72928)
(-7.331504, 0.735856, -12.435005), (-7.174732, 0.732916, -12.436172), (-7.178466, 0.704607, -12.585329)
(-7.331504, 0.735856, -12.435005), (-7.327323, 0.767999, -12.286277), (-7.174732, 0.732916, -12.436172)
(-7.488522, 0.737491, -12.433365), (-7.331504, 0.735856, -12.435005), (-7.335139, 0.707943, -12.584341)
(-7.488522, 0.737491, -12.433365), (-7.484491, 0.769414, -12.284393), (-7.331504, 0.735856, -12.435005)
(-7.645746, 0.737926, -12.431231), (-7.488522, 0.737491, -12.433365), (-7.492012, 0.709934, -12.582912)
(-7.645746, 0.737926, -12.431231), (-7.64192, 0.769557, -12.281972), (-7.488522, 0.737491, -12.433365)
(-7.80317, 0.736909, -12.42859), (-7.645746, 0.737926, -12.431231), (-7.649069, 0.710481, -12.581035)
(-7.80317, 0.736909, -12.42859), (-7.799576, 0.768398, -12.279001), (-7.645746, 0.737926, -12.431231)
(-7.960777, 0.734368, -12.425433), (-7.80317, 0.736909, -12.42859), (-7.806287, 0.709513, -12.578683)
(-7.960777, 0.734368, -12.425433), (-7.95744, 0.765809, -12.27548), (-7.80317, 0.736909, -12.42859)
(-7.327323, 0.767999, -12.286277), (-7.322597, 0.804956, -12.138102), (-7.170436, 0.765418, -12.287647)
(-7.327323, 0.767999, -12.286277), (-7.170436, 0.765418, -12.287647), (-7.174732, 0.732916, -12.436172)
(-7.484491, 0.769414, -12.284393), (-7.479935, 0.806157, -12.135946), (-7.327323, 0.767999, -12.286277)
(-7.484491, 0.769414, -12.284393), (-7.327323, 0.767999, -12.286277), (-7.331504, 0.735856, -12.435005)
(-7.64192, 0.769557, -12.281972), (-7.63757, 0.806137, -12.133205), (-7.484491, 0.769414, -12.284393)
(-7.64192, 0.769557, -12.281972), (-7.484491, 0.769414, -12.284393), (-7.488522, 0.737491, -12.433365)
(-7.799576, 0.768398, -12.279001), (-7.795479, 0.804737, -12.129878), (-7.64192, 0.769557, -12.281972)
(-7.799576, 0.768398, -12.279001), (-7.64192, 0.769557, -12.281972), (-7.645746, 0.737926, -12.431231)
(-7.95744, 0.765809, -12.27548), (-7.953617, 0.802042, -12.125959), (-7.799576, 0.768398, -12.279001)
(-7.95744, 0.765809, -12.27548), (-7.799576, 0.768398, -12.279001), (-7.80317, 0.736909, -12.42859)
(-7.322597, 0.804956, -12.138102), (-7.165574, 0.80272, -12.139704), (-7.170436, 0.765418, -12.287647)
(-7.322597, 0.804956, -12.138102), (-7.317376, 0.846559, -11.990396), (-7.165574, 0.80272, -12.139704)
(-7.479935, 0.806157, -12.135946), (-7.322597, 0.804956, -12.138102), (-7.327323, 0.767999, -12.286277)
(-7.479935, 0.806157, -12.135946), (-7.474901, 0.847464, -11.987959), (-7.322597, 0.804956, -12.138102)
(-7.63757, 0.806137, -12.133205), (-7.479935, 0.806157, -12.135946), (-7.484491, 0.769414, -12.284393)
(-7.63757, 0.806137, -12.133205), (-7.632766, 0.847171, -11.984887), (-7.479935, 0.806157, -12.135946)
(-7.795479, 0.804737, -12.129878), (-7.63757, 0.806137, -12.133205), (-7.64192, 0.769557, -12.281972)
(-7.795479, 0.804737, -12.129878), (-7.79093, 0.845727, -11.981174), (-7.63757, 0.806137, -12.133205)
(-7.953617, 0.802042, -12.125959), (-7.795479, 0.804737, -12.129878), (-7.799576, 0.768398, -12.279001)
(-7.953617, 0.802042, -12.125959), (-7.949359, 0.842834, -11.976844), (-7.795479, 0.804737, -12.129878)
# -6.9784804500199975, 0, -12.387544316686668
(-6.865654, 0.695221, -12.586211), (-6.861851, 0.724739, -12.437281), (-6.7095, 0.689801, -12.586201)
(-6.865654, 0.695221, -12.586211), (-6.7095, 0.689801, -12.586201), (-6.712727, 0.662779, -12.735744)
(-6.7095, 0.689801, -12.586201), (-6.705701, 0.720324, -12.437338), (-6.553498, 0.684284, -12.585945)
(-6.7095, 0.689801, -12.586201), (-6.553498, 0.684284, -12.585945), (-6.556683, 0.656119, -12.735456)
(-7.021977, 0.700235, -12.585934), (-7.018185, 0.729091, -12.436914), (-6.865654, 0.695221, -12.586211)
(-7.021977, 0.700235, -12.585934), (-6.865654, 0.695221, -12.586211), (-6.868902, 0.669152, -12.735807)
(-7.178466, 0.704607, -12.585329), (-7.021977, 0.700235, -12.585934), (-7.025218, 0.67494, -12.73561)
(-7.178466, 0.704607, -12.585329), (-7.174732, 0.732916, -12.436172), (-7.021977, 0.700235, -12.585934)
(-6.705701, 0.720324, -12.437338), (-6.549758, 0.715743, -12.437101), (-6.553498, 0.684284, -12.585945)
(-6.705701, 0.720324, -12.437338), (-6.701317, 0.754767, -12.289141), (-6.549758, 0.715743, -12.437101)
(-6.861851, 0.724739, -12.437281), (-6.705701, 0.720324, -12.437338), (-6.7095, 0.689801, -12.586201)
(-6.861851, 0.724739, -12.437281), (-6.857442, 0.758498, -12.28903), (-6.705701, 0.720324, -12.437338)
(-7.018185, 0.729091, -12.436914), (-6.861851, 0.724739, -12.437281), (-6.865654, 0.695221, -12.586211)
(-7.018185, 0.729091, -12.436914), (-7.013813, 0.762128, -12.288549), (-6.861851, 0.724739, -12.437281)
(-7.174732, 0.732916, -12.436172), (-7.018185, 0.729091, -12.436914), (-7.021977, 0.700235, -12.585934)
(-7.174732, 0.732916, -12.436172), (-7.170436, 0.765418, -12.287647), (-7.018185, 0.729091, -12.436914)
(-6.701317, 0.754767, -12.289141), (-6.696338, 0.79365, -12.141553), (-6.545436, 0.750998, -12.288921)
(-6.701317, 0.754767, -12.289141), (-6.545436, 0.750998, -12.288921), (-6.549758, 0.715743, -12.437101)
(-6.857442, 0.758498, -12.28903), (-6.852451, 0.796775, -12.141382), (-6.701317, 0.754767, -12.289141)
(-6.857442, 0.758498, -12.28903), (-6.701317, 0.754767, -12.289141), (-6.705701, 0.720324, -12.437338)
(-7.013813, 0.762128, -12.288549), (-7.008856, 0.799944, -12.140783), (-6.857442, 0.758498, -12.28903)
(-7.013813, 0.762128, -12.288549), (-6.857442, 0.758498, -12.28903), (-6.861851, 0.724739, -12.437281)
(-7.170436, 0.765418, -12.287647), (-7.165574, 0.80272, -12.139704), (-7.013813, 0.762128, -12.288549)
(-7.170436, 0.765418, -12.287647), (-7.013813, 0.762128, -12.288549), (-7.018185, 0.729091, -12.436914)
(-6.696338, 0.79365, -12.141553), (-6.540512, 0.790579, -12.141344), (-6.545436, 0.750998, -12.288921)
(-6.696338, 0.79365, -12.141553), (-6.690828, 0.836665, -11.994427), (-6.540512, 0.790579, -12.141344)
(-6.852451, 0.796775, -12.141382), (-6.696338, 0.79365, -12.141553), (-6.701317, 0.754767, -12.289141)
(-6.852451, 0.796775, -12.141382), (-6.846931, 0.839388, -11.994209), (-6.696338, 0.79365, -12.141553)
(-7.008856, 0.799944, -12.140783), (-6.852451, 0.796775, -12.141382), (-6.857442, 0.758498, -12.28903)
(-7.008856, 0.799944, -12.140783), (-7.003389, 0.84208, -11.993495), (-6.852451, 0.796775, -12.141382)
(-7.165574, 0.80272, -12.139704), (-7.008856, 0.799944, -12.140783), (-7.013813, 0.762128, -12.288549)
(-7.165574, 0.80272, -12.139704), (-7.160203, 0.844626, -11.992235), (-7.008856, 0.799944, -12.140783)
# -6.3107102166866635, 0, -12.387544316686668
(-6.553498, 0.684284, -12.585945), (-6.397626, 0.678953, -12.585502), (-6.400733, 0.649646, -12.735018)
(-6.553498, 0.684284, -12.585945), (-6.549758, 0.715743, -12.437101), (-6.397626, 0.678953, -12.585502)
(-6.397626, 0.678953, -12.585502), (-6.393977, 0.71146, -12.43664), (-6.241859, 0.674145, -12.584917)
(-6.397626, 0.678953, -12.585502), (-6.241859, 0.674145, -12.584917), (-6.244873, 0.643569, -12.734455)
(-6.241859, 0.674145, -12.584917), (-6.086204, 0.669862, -12.584199), (-6.089094, 0.638106, -12.733791)
(-6.241859, 0.674145, -12.584917), (-6.238335, 0.707716, -12.436005), (-6.086204, 0.669862, -12.584199)
(-6.086204, 0.669862, -12.584199), (-6.082808, 0.704691, -12.435226), (-5.930673, 0.66595, -12.583333)
(-6.086204, 0.669862, -12.584199), (-5.930673, 0.66595, -12.583333), (-5.93343, 0.633006, -12.732993)
(-6.549758, 0.715743, -12.437101), (-6.393977, 0.71146, -12.43664), (-6.397626, 0.678953, -12.585502)
(-6.549758, 0.715743, -12.437101), (-6.545436, 0.750998, -12.288921), (-6.393977, 0.71146, -12.43664)
(-6.393977, 0.71146, -12.43664), (-6.238335, 0.707716, -12.436005), (-6.241859, 0.674145, -12.584917)
(-6.393977, 0.71146, -12.43664), (-6.38975, 0.747682, -12.288437), (-6.238335, 0.707716, -12.436005)
(-6.238335, 0.707716, -12.436005), (-6.082808, 0.704691, -12.435226), (-6.086204, 0.669862, -12.584199)
(-6.238335, 0.707716, -12.436005), (-6.234233, 0.745045, -12.287749), (-6.082808, 0.704691, -12.435226)
(-6.082808, 0.704691, -12.435226), (-5.927431, 0.701923, -12.434265), (-5.930673, 0.66595, -12.583333)
(-6.082808, 0.704691, -12.435226), (-6.07888, 0.742951, -12.286855), (-5.927431, 0.701923, -12.434265)
(-6.545436, 0.750998, -12.288921), (-6.540512, 0.790579, -12.141344), (-6.38975, 0.747682, -12.288437)
(-6.545436, 0.750998, -12.288921), (-6.38975, 0.747682, -12.288437), (-6.393977, 0.71146, -12.43664)
(-6.38975, 0.747682, -12.288437), (-6.384931, 0.788097, -12.140822), (-6.234233, 0.745045, -12.287749)
(-6.38975, 0.747682, -12.288437), (-6.234233, 0.745045, -12.287749), (-6.238335, 0.707716, -12.436005)
(-6.234233, 0.745045, -12.287749), (-6.22957, 0.78621, -12.140025), (-6.07888, 0.742951, -12.286855)
(-6.234233, 0.745045, -12.287749), (-6.07888, 0.742951, -12.286855), (-6.082808, 0.704691, -12.435226)
(-6.07888, 0.742951, -12.286855), (-6.074412, 0.784905, -12.138985), (-5.923691, 0.74119, -12.285761)
(-6.07888, 0.742951, -12.286855), (-5.923691, 0.74119, -12.285761), (-5.927431, 0.701923, -12.434265)
(-6.540512, 0.790579, -12.141344), (-6.384931, 0.788097, -12.140822), (-6.38975, 0.747682, -12.288437)
(-6.540512, 0.790579, -12.141344), (-6.535063, 0.83412, -11.994205), (-6.384931, 0.788097, -12.140822)
(-6.384931, 0.788097, -12.140822), (-6.22957, 0.78621, -12.140025), (-6.234233, 0.745045, -12.287749)
(-6.384931, 0.788097, -12.140822), (-6.379599, 0.832119, -11.993607), (-6.22957, 0.78621, -12.140025)
(-6.22957, 0.78621, -12.140025), (-6.074412, 0.784905, -12.138985), (-6.07888, 0.742951, -12.286855)
(-6.22957, 0.78621, -12.140025), (-6.224405, 0.830872, -11.99267), (-6.074412, 0.784905, -12.138985)
(-6.074412, 0.784905, -12.138985), (-5.919442, 0.784018, -12.137713), (-5.923691, 0.74119, -12.285761)
(-6.074412, 0.784905, -12.138985), (-6.06946, 0.830207, -11.991432), (-5.919442, 0.784018, -12.137713)
# -5.642939983353331, 0, -12.387544316686668
(-5.930673, 0.66595, -12.583333), (-5.77524, 0.662579, -12.582345), (-5.777832, 0.628702, -12.732128)
(-5.930673, 0.66595, -12.583333), (-5.927431, 0.701923, -12.434265), (-5.77524, 0.662579, -12.582345)
(-5.77524, 0.662579, -12.582345), (-5.772176, 0.699558, -12.433147), (-5.619886, 0.659801, -12.581255)
(-5.77524, 0.662579, -12.582345), (-5.619886, 0.659801, -12.581255), (-5.622308, 0.625033, -12.731174)
(-5.619886, 0.659801, -12.581255), (-5.617027, 0.697571, -12.431883), (-5.464635, 0.657269, -12.580017)
(-5.619886, 0.659801, -12.581255), (-5.464635, 0.657269, -12.580017), (-5.466871, 0.621828, -12.730113)
(-5.464635, 0.657269, -12.580017), (-5.461974, 0.695823, -12.430452), (-5.309481, 0.654867, -12.578634)
(-5.464635, 0.657269, -12.580017), (-5.309481, 0.654867, -12.578634), (-5.31152, 0.618958, -12.728937)
(-5.309481, 0.654867, -12.578634), (-5.154409, 0.652547, -12.577109), (-5.156227, 0.616574, -12.72768)
(-5.309481, 0.654867, -12.578634), (-5.307051, 0.693762, -12.428814), (-5.154409, 0.652547, -12.577109)
(-5.927431, 0.701923, -12.434265), (-5.772176, 0.699558, -12.433147), (-5.77524, 0.662579, -12.582345)
(-5.927431, 0.701923, -12.434265), (-5.923691, 0.74119, -12.285761), (-5.772176, 0.699558, -12.433147)
(-5.772176, 0.699558, -12.433147), (-5.617027, 0.697571, -12.431883), (-5.619886, 0.659801, -12.581255)
(-5.772176, 0.699558, -12.433147), (-5.768638, 0.739833, -12.284485), (-5.617027, 0.697571, -12.431883)
(-5.617027, 0.697571, -12.431883), (-5.461974, 0.695823, -12.430452), (-5.464635, 0.657269, -12.580017)
(-5.617027, 0.697571, -12.431883), (-5.613709, 0.738718, -12.283016), (-5.461974, 0.695823, -12.430452)
(-5.461974, 0.695823, -12.430452), (-5.307051, 0.693762, -12.428814), (-5.309481, 0.654867, -12.578634)
(-5.461974, 0.695823, -12.430452), (-5.458909, 0.737485, -12.281331), (-5.307051, 0.693762, -12.428814)
(-5.923691, 0.74119, -12.285761), (-5.919442, 0.784018, -12.137713), (-5.768638, 0.739833, -12.284485)
(-5.923691, 0.74119, -12.285761), (-5.768638, 0.739833, -12.284485), (-5.772176, 0.699558, -12.433147)
(-5.768638, 0.739833, -12.284485), (-5.764627, 0.783519, -12.136229), (-5.613709, 0.738718, -12.283016)
(-5.768638, 0.739833, -12.284485), (-5.613709, 0.738718, -12.283016), (-5.617027, 0.697571, -12.431883)
(-5.613709, 0.738718, -12.283016), (-5.609973, 0.782994, -12.134501), (-5.458909, 0.737485, -12.281331)
(-5.613709, 0.738718, -12.283016), (-5.458909, 0.737485, -12.281331), (-5.461974, 0.695823, -12.430452)
(-5.458909, 0.737485, -12.281331), (-5.455456, 0.782232, -12.132515), (-5.304246, 0.735735, -12.27941)
(-5.458909, 0.737485, -12.281331), (-5.304246, 0.735735, -12.27941), (-5.307051, 0.693762, -12.428814)
(-5.919442, 0.784018, -12.137713), (-5.764627, 0.783519, -12.136229), (-5.768638, 0.739833, -12.284485)
(-5.919442, 0.784018, -12.137713), (-5.914741, 0.829981, -11.989929), (-5.764627, 0.783519, -12.136229)
(-5.764627, 0.783519, -12.136229), (-5.609973, 0.782994, -12.134501), (-5.613709, 0.738718, -12.283016)
(-5.764627, 0.783519, -12.136229), (-5.760209, 0.830046, -11.988162), (-5.609973, 0.782994, -12.134501)
(-5.609973, 0.782994, -12.134501), (-5.455456, 0.782232, -12.132515), (-5.458909, 0.737485, -12.281331)
(-5.609973, 0.782994, -12.134501), (-5.605852, 0.830085, -11.986115), (-5.455456, 0.782232, -12.132515)
(-5.455456, 0.782232, -12.132515), (-5.301084, 0.780747, -12.130269), (-5.304246, 0.735735, -12.27941)
(-5.455456, 0.782232, -12.132515), (-5.45166, 0.829603, -11.983762), (-5.301084, 0.780747, -12.130269)
# -4.975169750019997, 0, -12.387544316686668
(-5.154409, 0.652547, -12.577109), (-5.152225, 0.691473, -12.426996), (-4.999397, 0.650338, -12.575455)
(-5.154409, 0.652547, -12.577109), (-4.999397, 0.650338, -12.575455), (-5.001004, 0.614384, -12.726308)
(-4.999397, 0.650338, -12.575455), (-4.844451, 0.647938, -12.573648), (-4.845846, 0.612245, -12.724813)
(-4.999397, 0.650338, -12.575455), (-4.997469, 0.688969, -12.424999), (-4.844451, 0.647938, -12.573648)
(-4.844451, 0.647938, -12.573648), (-4.842756, 0.686193, -12.42284), (-4.689558, 0.645248, -12.571703)
(-4.844451, 0.647938, -12.573648), (-4.689558, 0.645248, -12.571703), (-4.69075, 0.610017, -12.723192)
(-4.689558, 0.645248, -12.571703), (-4.534679, 0.642335, -12.569641), (-4.535672, 0.607812, -12.721476)
(-4.689558, 0.645248, -12.571703), (-4.688091, 0.682824, -12.42052), (-4.534679, 0.642335, -12.569641)
(-5.307051, 0.693762, -12.428814), (-5.152225, 0.691473, -12.426996), (-5.154409, 0.652547, -12.577109)
(-5.307051, 0.693762, -12.428814), (-5.304246, 0.735735, -12.27941), (-5.152225, 0.691473, -12.426996)
(-5.152225, 0.691473, -12.426996), (-4.997469, 0.688969, -12.424999), (-4.999397, 0.650338, -12.575455)
(-5.152225, 0.691473, -12.426996), (-5.149688, 0.733489, -12.277262), (-4.997469, 0.688969, -12.424999)
(-4.997469, 0.688969, -12.424999), (-4.842756, 0.686193, -12.42284), (-4.844451, 0.647938, -12.573648)
(-4.997469, 0.688969, -12.424999), (-4.995197, 0.730723, -12.274902), (-4.842756, 0.686193, -12.42284)
(-4.842756, 0.686193, -12.42284), (-4.688091, 0.682824, -12.42052), (-4.689558, 0.645248, -12.571703)
(-4.842756, 0.686193, -12.42284), (-4.840757, 0.727273, -12.272341), (-4.688091, 0.682824, -12.42052)
(-4.688091, 0.682824, -12.42052), (-4.533425, 0.679019, -12.41807), (-4.534679, 0.642335, -12.569641)
(-4.688091, 0.682824, -12.42052), (-4.686343, 0.72304, -12.269603), (-4.533425, 0.679019, -12.41807)
(-5.304246, 0.735735, -12.27941), (-5.301084, 0.780747, -12.130269), (-5.149688, 0.733489, -12.277262)
(-5.304246, 0.735735, -12.27941), (-5.149688, 0.733489, -12.277262), (-5.152225, 0.691473, -12.426996)
(-5.149688, 0.733489, -12.277262), (-5.146814, 0.778508, -12.127756), (-4.995197, 0.730723, -12.274902)
(-5.149688, 0.733489, -12.277262), (-4.995197, 0.730723, -12.274902), (-4.997469, 0.688969, -12.424999)
(-4.995197, 0.730723, -12.274902), (-4.99262, 0.77532, -12.124983), (-4.840757, 0.727273, -12.272341)
(-4.995197, 0.730723, -12.274902), (-4.840757, 0.727273, -12.272341), (-4.842756, 0.686193, -12.42284)
(-4.840757, 0.727273, -12.272341), (-4.838469, 0.771116, -12.121987), (-4.686343, 0.72304, -12.269603)
(-4.840757, 0.727273, -12.272341), (-4.686343, 0.72304, -12.269603), (-4.688091, 0.682824, -12.42052)
(-4.686343, 0.72304, -12.269603), (-4.684317, 0.765884, -12.118801), (-4.531902, 0.718171, -12.266727)
(-4.686343, 0.72304, -12.269603), (-4.531902, 0.718171, -12.266727), (-4.533425, 0.679019, -12.41807)
(-5.301084, 0.780747, -12.130269), (-5.146814, 0.778508, -12.127756), (-5.149688, 0.733489, -12.277262)
(-5.301084, 0.780747, -12.130269), (-5.297609, 0.828244, -11.981126), (-5.146814, 0.778508, -12.127756)
(-5.146814, 0.778508, -12.127756), (-4.99262, 0.77532, -12.124983), (-4.995197, 0.730723, -12.274902)
(-5.146814, 0.778508, -12.127756), (-5.143669, 0.825786, -11.978189), (-4.99262, 0.77532, -12.124983)
(-4.99262, 0.77532, -12.124983), (-4.838469, 0.771116, -12.121987), (-4.840757, 0.727273, -12.272341)
(-4.99262, 0.77532, -12.124983), (-4.989792, 0.822053, -11.974966), (-4.838469, 0.771116, -12.121987)
(-4.838469, 0.771116, -12.121987), (-4.684317, 0.765884, -12.118801), (-4.686343, 0.72304, -12.269603)
(-4.838469, 0.771116, -12.121987), (-4.83594, 0.816946, -11.9715), (-4.684317, 0.765884, -12.118801)
(-4.684317, 0.765884, -12.118801), (-4.530111, 0.75975, -12.115475), (-4.531902, 0.718171, -12.266727)
(-4.684317, 0.765884, -12.118801), (-4.682064, 0.810544, -11.967852), (-4.530111, 0.75975, -12.115475)
(-4.726528, 1.437638, -12.091615), (-4.711382, 1.437639, -12.028989), (-4.627184, 1.42891, -12.11427)
(-4.726528, 1.437638, -12.091615), (-4.627184, 1.42891, -12.11427), (-4.680035, 0.666946, -12.041877)
(-4.825253, 1.447259, -12.066785), (-4.8095, 1.447261, -12.00431), (-4.726528, 1.437638, -12.091615)
(-4.825253, 1.447259, -12.066785), (-4.726528, 1.437638, -12.091615), (-4.781591, 0.675945, -12.018027)
# -4.307399516686664, 0, -12.387544316686668
(-4.38061, 0.605392, -12.719646), (-4.225553, 0.602635, -12.717715), (-4.226062, 0.570834, -12.870364)
(-4.38061, 0.605392, -12.719646), (-4.379777, 0.639209, -12.567482), (-4.225553, 0.602635, -12.717715)
(-4.225553, 0.602635, -12.717715), (-4.070489, 0.599453, -12.715688), (-4.070901, 0.568309, -12.868605)
(-4.225553, 0.602635, -12.717715), (-4.224858, 0.635629, -12.565226), (-4.070489, 0.599453, -12.715688)
(-4.070489, 0.599453, -12.715688), (-3.915387, 0.595826, -12.713573), (-3.915738, 0.565356, -12.866741)
(-4.070489, 0.599453, -12.715688), (-4.069901, 0.631576, -12.562887), (-3.915387, 0.595826, -12.713573)
(-4.534679, 0.642335, -12.569641), (-4.533425, 0.679019, -12.41807), (-4.379777, 0.639209, -12.567482)
(-4.534679, 0.642335, -12.569641), (-4.379777, 0.639209, -12.567482), (-4.38061, 0.605392, -12.719646)
(-4.379777, 0.639209, -12.567482), (-4.378716, 0.674843, -12.415524), (-4.224858, 0.635629, -12.565226)
(-4.379777, 0.639209, -12.567482), (-4.224858, 0.635629, -12.565226), (-4.225553, 0.602635, -12.717715)
(-4.224858, 0.635629, -12.565226), (-4.223933, 0.670263, -12.4129), (-4.069901, 0.631576, -12.562887)
(-4.224858, 0.635629, -12.565226), (-4.069901, 0.631576, -12.562887), (-4.070489, 0.599453, -12.715688)
(-4.069901, 0.631576, -12.562887), (-3.914888, 0.627027, -12.560484), (-3.915387, 0.595826, -12.713573)
(-4.069901, 0.631576, -12.562887), (-4.069102, 0.66502, -12.410204), (-3.914888, 0.627027, -12.560484)
(-4.533425, 0.679019, -12.41807), (-4.378716, 0.674843, -12.415524), (-4.379777, 0.639209, -12.567482)
(-4.533425, 0.679019, -12.41807), (-4.531902, 0.718171, -12.266727), (-4.378716, 0.674843, -12.415524)
(-4.378716, 0.674843, -12.415524), (-4.223933, 0.670263, -12.4129), (-4.224858, 0.635629, -12.565226)
(-4.378716, 0.674843, -12.415524), (-4.377388, 0.712753, -12.263757), (-4.223933, 0.670263, -12.4129)
(-4.223933, 0.670263, -12.4129), (-4.069102, 0.66502, -12.410204), (-4.069901, 0.631576, -12.562887)
(-4.223933, 0.670263, -12.4129), (-4.22278, 0.706724, -12.260715), (-4.069102, 0.66502, -12.410204)
(-4.069102, 0.66502, -12.410204), (-3.914185, 0.659265, -12.407471), (-3.914888, 0.627027, -12.560484)
(-4.069102, 0.66502, -12.410204), (-4.068079, 0.700021, -12.257631), (-3.914185, 0.659265, -12.407471)
(-4.531902, 0.718171, -12.266727), (-4.530111, 0.75975, -12.115475), (-4.377388, 0.712753, -12.263757)
(-4.531902, 0.718171, -12.266727), (-4.377388, 0.712753, -12.263757), (-4.378716, 0.674843, -12.415524)
(-4.377388, 0.712753, -12.263757), (-4.375813, 0.752784, -12.112055), (-4.22278, 0.706724, -12.260715)
(-4.377388, 0.712753, -12.263757), (-4.22278, 0.706724, -12.260715), (-4.223933, 0.670263, -12.4129)
(-4.22278, 0.706724, -12.260715), (-4.221386, 0.745067, -12.108579), (-4.068079, 0.700021, -12.257631)
(-4.22278, 0.706724, -12.260715), (-4.068079, 0.700021, -12.257631), (-4.069102, 0.66502, -12.410204)
(-4.068079, 0.700021, -12.257631), (-4.066825, 0.736644, -12.105087), (-3.913255, 0.692796, -12.254538)
(-4.068079, 0.700021, -12.257631), (-3.913255, 0.692796, -12.254538), (-3.914185, 0.659265, -12.407471)
(-4.027018, 1.38315, -12.234046), (-4.016224, 1.383152, -12.170524), (-3.926237, 1.376829, -12.25081)
(-4.027018, 1.38315, -12.234046), (-3.926237, 1.376829, -12.25081), (-3.962725, 0.613253, -12.18566)
(-4.127613, 1.389814, -12.216439), (-4.116184, 1.389816, -12.153031), (-4.027018, 1.38315, -12.234046)
(-4.127613, 1.389814, -12.216439), (-4.027018, 1.38315, -12.234046), (-4.06595, 0.619773, -12.167991)
(-4.228153, 1.396579, -12.198586), (-4.216089, 1.396579, -12.135293), (-4.127613, 1.389814, -12.216439)
(-4.228153, 1.396579, -12.198586), (-4.127613, 1.389814, -12.216439), (-4.168957, 0.626646, -12.149442)
(-4.328157, 1.404276, -12.178445), (-4.315466, 1.404278, -12.115277), (-4.228153, 1.396579, -12.198586)
(-4.328157, 1.404276, -12.178445), (-4.228153, 1.396579, -12.198586), (-4.271887, 0.63363, -12.130612)
(-4.016224, 1.383152, -12.170524), (-4.012873, 1.373632, -12.147111), (-3.916088, 1.37683, -12.187181)
(-4.016224, 1.383152, -12.170524), (-3.916088, 1.37683, -12.187181), (-3.926237, 1.376829, -12.25081)
(-4.06595, 0.619773, -12.167991), (-4.027018, 1.38315, -12.234046), (-3.962725, 0.613253, -12.18566)
(-4.428152, 1.411982, -12.158288), (-4.414843, 1.411984, -12.095246), (-4.328157, 1.404276, -12.178445)
(-4.428152, 1.411982, -12.158288), (-4.328157, 1.404276, -12.178445), (-4.37421, 0.641558, -12.109424)
(-4.116184, 1.389816, -12.153031), (-4.112635, 1.380299, -12.129647), (-4.016224, 1.383152, -12.170524)
(-4.116184, 1.389816, -12.153031), (-4.016224, 1.383152, -12.170524), (-4.027018, 1.38315, -12.234046)
(-4.168957, 0.626646, -12.149442), (-4.127613, 1.389814, -12.216439), (-4.06595, 0.619773, -12.167991)
(-4.012873, 1.373632, -12.147111), (-3.987154, 1.373636, -11.995751), (-3.912937, 1.367307, -12.163743)
(-4.012873, 1.373632, -12.147111), (-3.912937, 1.367307, -12.163743), (-3.916088, 1.37683, -12.187181)
(-4.52783, 1.420192, -12.136903), (-4.513905, 1.420193, -12.073993), (-4.428152, 1.411982, -12.158288)
(-4.52783, 1.420192, -12.136903), (-4.428152, 1.411982, -12.158288), (-4.476513, 0.649505, -12.088193)
(-4.216089, 1.396579, -12.135293), (-4.212343, 1.387064, -12.111941), (-4.116184, 1.389816, -12.153031)
(-4.216089, 1.396579, -12.135293), (-4.116184, 1.389816, -12.153031), (-4.127613, 1.389814, -12.216439)
(-4.271887, 0.63363, -12.130612), (-4.228153, 1.396579, -12.198586), (-4.168957, 0.626646, -12.149442)
(-4.112635, 1.380299, -12.129647), (-4.085398, 1.380304, -11.978555), (-4.012873, 1.373632, -12.147111)
(-4.112635, 1.380299, -12.129647), (-4.012873, 1.373632, -12.147111), (-4.016224, 1.383152, -12.170524)
(-4.530111, 0.75975, -12.115475), (-4.375813, 0.752784, -12.112055), (-4.377388, 0.712753, -12.263757)
(-4.530111, 0.75975, -12.115475), (-4.528111, 0.802962, -11.964077), (-4.375813, 0.752784, -12.112055)
(-4.315466, 1.404278, -12.115277), (-4.311529, 1.394767, -12.091956), (-4.216089, 1.396579, -12.135293)
(-4.315466, 1.404278, -12.115277), (-4.216089, 1.396579, -12.135293), (-4.228153, 1.396579, -12.198586)
(-4.627184, 1.42891, -12.11427), (-4.612644, 1.428913, -12.051499), (-4.52783, 1.420192, -12.136903)
(-4.627184, 1.42891, -12.11427), (-4.52783, 1.420192, -12.136903), (-4.578457, 0.657966, -12.065681)
(-4.375813, 0.752784, -12.112055), (-4.221386, 0.745067, -12.108579), (-4.22278, 0.706724, -12.260715)
(-4.375813, 0.752784, -12.112055), (-4.37403, 0.794336, -11.960215), (-4.221386, 0.745067, -12.108579)
(-4.212343, 1.387064, -12.111941), (-4.183592, 1.387065, -11.961129), (-4.112635, 1.380299, -12.129647)
(-4.212343, 1.387064, -12.111941), (-4.112635, 1.380299, -12.129647), (-4.116184, 1.389816, -12.153031)
(-4.37421, 0.641558, -12.109424), (-4.328157, 1.404276, -12.178445), (-4.271887, 0.63363, -12.130612)
(-4.221386, 0.745067, -12.108579), (-4.066825, 0.736644, -12.105087), (-4.068079, 0.700021, -12.257631)
(-4.221386, 0.745067, -12.108579), (-4.219791, 0.784788, -11.956314), (-4.066825, 0.736644, -12.105087)
(-4.066825, 0.736644, -12.105087), (-3.912097, 0.727696, -12.101616), (-3.913255, 0.692796, -12.254538)
(-4.066825, 0.736644, -12.105087), (-4.065377, 0.774495, -11.952434), (-3.912097, 0.727696, -12.101616)
(-4.414843, 1.411984, -12.095246), (-4.410711, 1.402475, -12.071954), (-4.315466, 1.404278, -12.115277)
(-4.414843, 1.411984, -12.095246), (-4.315466, 1.404278, -12.115277), (-4.328157, 1.404276, -12.178445)
(-4.311529, 1.394767, -12.091956), (-4.281294, 1.394772, -11.941434), (-4.212343, 1.387064, -12.111941)
(-4.311529, 1.394767, -12.091956), (-4.212343, 1.387064, -12.111941), (-4.216089, 1.396579, -12.135293)
(-4.476513, 0.649505, -12.088193), (-4.428152, 1.411982, -12.158288), (-4.37421, 0.641558, -12.109424)
(-4.513905, 1.420193, -12.073993), (-4.509584, 1.410687, -12.050736), (-4.414843, 1.411984, -12.095246)
(-4.513905, 1.420193, -12.073993), (-4.414843, 1.411984, -12.095246), (-4.428152, 1.411982, -12.158288)
(-4.410711, 1.402475, -12.071954), (-4.378994, 1.402478, -11.921744), (-4.311529, 1.394767, -12.091956)
(-4.410711, 1.402475, -12.071954), (-4.311529, 1.394767, -12.091956), (-4.315466, 1.404278, -12.115277)
(-4.578457, 0.657966, -12.065681), (-4.52783, 1.420192, -12.136903), (-4.476513, 0.649505, -12.088193)
# -3.6396292833533312, 0, -12.387544316686668
(-3.915387, 0.595826, -12.713573), (-3.760257, 0.591716, -12.711384), (-3.760557, 0.561932, -12.864779)
(-3.915387, 0.595826, -12.713573), (-3.914888, 0.627027, -12.560484), (-3.760257, 0.591716, -12.711384)
(-3.760257, 0.591716, -12.711384), (-3.605093, 0.587237, -12.709143), (-3.605373, 0.558127, -12.862741)
(-3.760257, 0.591716, -12.711384), (-3.759799, 0.622036, -12.558032), (-3.605093, 0.587237, -12.709143)
(-3.605093, 0.587237, -12.709143), (-3.449935, 0.582566, -12.70688), (-3.450216, 0.554134, -12.860665)
(-3.605093, 0.587237, -12.709143), (-3.604659, 0.616673, -12.555556), (-3.449935, 0.582566, -12.70688)
(-3.449935, 0.582566, -12.70688), (-3.29477, 0.578045, -12.704635), (-3.295077, 0.550251, -12.858583)
(-3.449935, 0.582566, -12.70688), (-3.449495, 0.611126, -12.553082), (-3.29477, 0.578045, -12.704635)
(-3.914888, 0.627027, -12.560484), (-3.914185, 0.659265, -12.407471), (-3.759799, 0.622036, -12.558032)
(-3.914888, 0.627027, -12.560484), (-3.759799, 0.622036, -12.558032), (-3.760257, 0.591716, -12.711384)
(-3.759799, 0.622036, -12.558032), (-3.604659, 0.616673, -12.555556), (-3.605093, 0.587237, -12.709143)
(-3.759799, 0.622036, -12.558032), (-3.759163, 0.653088, -12.404722), (-3.604659, 0.616673, -12.555556)
(-3.604659, 0.616673, -12.555556), (-3.60404, 0.646617, -12.40198), (-3.449495, 0.611126, -12.553082)
(-3.604659, 0.616673, -12.555556), (-3.449495, 0.611126, -12.553082), (-3.449935, 0.582566, -12.70688)
(-3.449495, 0.611126, -12.553082), (-3.294311, 0.605716, -12.550644), (-3.29477, 0.578045, -12.704635)
(-3.449495, 0.611126, -12.553082), (-3.448871, 0.639977, -12.399271), (-3.294311, 0.605716, -12.550644)
(-3.914185, 0.659265, -12.407471), (-3.759163, 0.653088, -12.404722), (-3.759799, 0.622036, -12.558032)
(-3.914185, 0.659265, -12.407471), (-3.913255, 0.692796, -12.254538), (-3.759163, 0.653088, -12.404722)
(-3.759163, 0.653088, -12.404722), (-3.60404, 0.646617, -12.40198), (-3.604659, 0.616673, -12.555556)
(-3.759163, 0.653088, -12.404722), (-3.75829, 0.685182, -12.251459), (-3.60404, 0.646617, -12.40198)
(-3.60404, 0.646617, -12.40198), (-3.448871, 0.639977, -12.399271), (-3.449495, 0.611126, -12.553082)
(-3.60404, 0.646617, -12.40198), (-3.603208, 0.677299, -12.248423), (-3.448871, 0.639977, -12.399271)
(-3.448871, 0.639977, -12.399271), (-3.293662, 0.633513, -12.396623), (-3.294311, 0.605716, -12.550644)
(-3.448871, 0.639977, -12.399271), (-3.448042, 0.66934, -12.245454), (-3.293662, 0.633513, -12.396623)
(-3.316813, 1.348626, -12.327394), (-3.310764, 1.348629, -12.263246), (-3.214663, 1.34524, -12.336886)
(-3.316813, 1.348626, -12.327394), (-3.214663, 1.34524, -12.336886), (-3.232586, 0.580603, -12.276608)
(-3.418957, 1.352025, -12.317868), (-3.412188, 1.352026, -12.253791), (-3.316813, 1.348626, -12.327394)
(-3.418957, 1.352025, -12.317868), (-3.316813, 1.348626, -12.327394), (-3.33753, 0.584103, -12.266572)
(-3.520727, 1.356314, -12.306123), (-3.513262, 1.356316, -12.242124), (-3.418957, 1.352025, -12.317868)
(-3.520727, 1.356314, -12.306123), (-3.418957, 1.352025, -12.317868), (-3.442465, 0.587628, -12.256471)
(-3.622395, 1.360828, -12.293811), (-3.614241, 1.36083, -12.229897), (-3.520727, 1.356314, -12.306123)
(-3.622395, 1.360828, -12.293811), (-3.520727, 1.356314, -12.306123), (-3.546917, 0.592057, -12.244065)
(-3.723934, 1.365622, -12.280814), (-3.715101, 1.365623, -12.216987), (-3.622395, 1.360828, -12.293811)
(-3.723934, 1.365622, -12.280814), (-3.622395, 1.360828, -12.293811), (-3.651228, 0.596724, -12.231055)
(-3.33753, 0.584103, -12.266572), (-3.316813, 1.348626, -12.327394), (-3.232586, 0.580603, -12.276608)
(-3.82509, 1.371221, -12.265824), (-3.815596, 1.371223, -12.202094), (-3.723934, 1.365622, -12.280814)
(-3.82509, 1.371221, -12.265824), (-3.723934, 1.365622, -12.280814), (-3.755383, 0.601683, -12.217313)
(-3.310764, 1.348629, -12.263246), (-3.308872, 1.339095, -12.239676), (-3.209339, 1.345241, -12.272676)
(-3.310764, 1.348629, -12.263246), (-3.209339, 1.345241, -12.272676), (-3.214663, 1.34524, -12.336886)
(-3.442465, 0.587628, -12.256471), (-3.418957, 1.352025, -12.317868), (-3.33753, 0.584103, -12.266572)
(-3.913255, 0.692796, -12.254538), (-3.912097, 0.727696, -12.101616), (-3.75829, 0.685182, -12.251459)
(-3.913255, 0.692796, -12.254538), (-3.75829, 0.685182, -12.251459), (-3.759163, 0.653088, -12.404722)
(-3.412188, 1.352026, -12.253791), (-3.41007, 1.342493, -12.230243), (-3.310764, 1.348629, -12.263246)
(-3.412188, 1.352026, -12.253791), (-3.310764, 1.348629, -12.263246), (-3.316813, 1.348626, -12.327394)
(-3.75829, 0.685182, -12.251459), (-3.757208, 0.71837, -12.098196), (-3.603208, 0.677299, -12.248423)
(-3.75829, 0.685182, -12.251459), (-3.603208, 0.677299, -12.248423), (-3.60404, 0.646617, -12.40198)
(-3.926237, 1.376829, -12.25081), (-3.916088, 1.37683, -12.187181), (-3.82509, 1.371221, -12.265824)
(-3.926237, 1.376829, -12.25081), (-3.82509, 1.371221, -12.265824), (-3.859058, 0.607457, -12.20151)
(-3.603208, 0.677299, -12.248423), (-3.602169, 0.708852, -12.094852), (-3.448042, 0.66934, -12.245454)
(-3.603208, 0.677299, -12.248423), (-3.448042, 0.66934, -12.245454), (-3.448871, 0.639977, -12.399271)
(-3.448042, 0.66934, -12.245454), (-3.44701, 0.699375, -12.091616), (-3.292806, 0.661647, -12.24258)
(-3.448042, 0.66934, -12.245454), (-3.292806, 0.661647, -12.24258), (-3.293662, 0.633513, -12.396623)
(-3.546917, 0.592057, -12.244065), (-3.520727, 1.356314, -12.306123), (-3.442465, 0.587628, -12.256471)
(-3.513262, 1.356316, -12.242124), (-3.510935, 1.346785, -12.218591), (-3.412188, 1.352026, -12.253791)
(-3.513262, 1.356316, -12.242124), (-3.412188, 1.352026, -12.253791), (-3.418957, 1.352025, -12.317868)
(-3.308872, 1.339095, -12.239676), (-3.29446, 1.339101, -12.086829), (-3.207668, 1.335705, -12.249091)
(-3.308872, 1.339095, -12.239676), (-3.207668, 1.335705, -12.249091), (-3.209339, 1.345241, -12.272676)
(-3.651228, 0.596724, -12.231055), (-3.622395, 1.360828, -12.293811), (-3.546917, 0.592057, -12.244065)
(-3.41007, 1.342493, -12.230243), (-3.393938, 1.342494, -12.077567), (-3.308872, 1.339095, -12.239676)
(-3.41007, 1.342493, -12.230243), (-3.308872, 1.339095, -12.239676), (-3.310764, 1.348629, -12.263246)
(-3.614241, 1.36083, -12.229897), (-3.6117, 1.351301, -12.206388), (-3.513262, 1.356316, -12.242124)
(-3.614241, 1.36083, -12.229897), (-3.513262, 1.356316, -12.242124), (-3.520727, 1.356314, -12.306123)
(-3.510935, 1.346785, -12.218591), (-3.493145, 1.34679, -12.066102), (-3.41007, 1.342493, -12.230243)
(-3.510935, 1.346785, -12.218591), (-3.41007, 1.342493, -12.230243), (-3.412188, 1.352026, -12.253791)
(-3.755383, 0.601683, -12.217313), (-3.723934, 1.365622, -12.280814), (-3.651228, 0.596724, -12.231055)
(-3.715101, 1.365623, -12.216987), (-3.712353, 1.356096, -12.193503), (-3.614241, 1.36083, -12.229897)
(-3.715101, 1.365623, -12.216987), (-3.614241, 1.36083, -12.229897), (-3.622395, 1.360828, -12.293811)
(-3.6117, 1.351301, -12.206388), (-3.592274, 1.351306, -12.054095), (-3.510935, 1.346785, -12.218591)
(-3.6117, 1.351301, -12.206388), (-3.510935, 1.346785, -12.218591), (-3.513262, 1.356316, -12.242124)
(-3.815596, 1.371223, -12.202094), (-3.812647, 1.361698, -12.178628), (-3.715101, 1.365623, -12.216987)
(-3.815596, 1.371223, -12.202094), (-3.715101, 1.365623, -12.216987), (-3.723934, 1.365622, -12.280814)
(-3.859058, 0.607457, -12.20151), (-3.82509, 1.371221, -12.265824), (-3.755383, 0.601683, -12.217313)
(-3.712353, 1.356096, -12.193503), (-3.691305, 1.356098, -12.041425), (-3.6117, 1.351301, -12.206388)
(-3.712353, 1.356096, -12.193503), (-3.6117, 1.351301, -12.206388), (-3.614241, 1.36083, -12.229897)
(-3.916088, 1.37683, -12.187181), (-3.912937, 1.367307, -12.163743), (-3.815596, 1.371223, -12.202094)
(-3.916088, 1.37683, -12.187181), (-3.815596, 1.371223, -12.202094), (-3.82509, 1.371221, -12.265824)
(-3.962725, 0.613253, -12.18566), (-3.926237, 1.376829, -12.25081), (-3.859058, 0.607457, -12.20151)
(-3.812647, 1.361698, -12.178628), (-3.79003, 1.361704, -12.02678), (-3.712353, 1.356096, -12.193503)
(-3.812647, 1.361698, -12.178628), (-3.712353, 1.356096, -12.193503), (-3.715101, 1.365623, -12.216987)
(-3.912937, 1.367307, -12.163743), (-3.888752, 1.36731, -12.012134), (-3.812647, 1.361698, -12.178628)
(-3.912937, 1.367307, -12.163743), (-3.812647, 1.361698, -12.178628), (-3.815596, 1.371223, -12.202094)
(-3.912097, 0.727696, -12.101616), (-3.757208, 0.71837, -12.098196), (-3.75829, 0.685182, -12.251459)
(-3.912097, 0.727696, -12.101616), (-3.910769, 0.763645, -11.948597), (-3.757208, 0.71837, -12.098196)
(-3.757208, 0.71837, -12.098196), (-3.602169, 0.708852, -12.094852), (-3.603208, 0.677299, -12.248423)
(-3.757208, 0.71837, -12.098196), (-3.755957, 0.75246, -11.944847), (-3.602169, 0.708852, -12.094852)
(-3.602169, 0.708852, -12.094852), (-3.44701, 0.699375, -12.091616), (-3.448042, 0.66934, -12.245454)
(-3.602169, 0.708852, -12.094852), (-3.600965, 0.741152, -11.941205), (-3.44701, 0.699375, -12.091616)
(-3.44701, 0.699375, -12.091616), (-3.291753, 0.69029, -12.08851), (-3.292806, 0.661647, -12.24258)
(-3.44701, 0.699375, -12.091616), (-3.445824, 0.729992, -11.937702), (-3.291753, 0.69029, -12.08851)
(-3.393938, 1.342494, -12.077567), (-3.391024, 1.352028, -12.053521), (-3.29446, 1.339101, -12.086829)
(-3.393938, 1.342494, -12.077567), (-3.29446, 1.339101, -12.086829), (-3.308872, 1.339095, -12.239676)
(-3.493145, 1.34679, -12.066102), (-3.489925, 1.356322, -12.042096), (-3.393938, 1.342494, -12.077567)
(-3.493145, 1.34679, -12.066102), (-3.393938, 1.342494, -12.077567), (-3.41007, 1.342493, -12.230243)
(-3.592274, 1.351306, -12.054095), (-3.588757, 1.360836, -12.030129), (-3.493145, 1.34679, -12.066102)
(-3.592274, 1.351306, -12.054095), (-3.493145, 1.34679, -12.066102), (-3.510935, 1.346785, -12.218591)
# -2.9718590500199973, 0, -12.387544316686668
(-3.29477, 0.578045, -12.704635), (-3.139633, 0.574058, -12.702448), (-3.139968, 0.546928, -12.856544)
(-3.29477, 0.578045, -12.704635), (-3.294311, 0.605716, -12.550644), (-3.139633, 0.574058, -12.702448)
(-3.139633, 0.574058, -12.702448), (-2.984557, 0.571047, -12.700372), (-2.984932, 0.544633, -12.854607)
(-3.139633, 0.574058, -12.702448), (-3.139127, 0.600893, -12.548293), (-2.984557, 0.571047, -12.700372)
(-2.984557, 0.571047, -12.700372), (-2.829579, 0.569498, -12.698455), (-2.830004, 0.543774, -12.852816)
(-2.984557, 0.571047, -12.700372), (-2.983997, 0.597042, -12.546064), (-2.829579, 0.569498, -12.698455)
(-2.829579, 0.569498, -12.698455), (-2.674735, 0.570114, -12.696762), (-2.675214, 0.545005, -12.851233)
(-2.829579, 0.569498, -12.698455), (-2.828956, 0.594668, -12.544011), (-2.674735, 0.570114, -12.696762)
(-2.674735, 0.570114, -12.696762), (-2.520071, 0.573307, -12.695331), (-2.520599, 0.549018, -12.849924)
(-2.674735, 0.570114, -12.696762), (-2.674047, 0.594335, -12.542179), (-2.520071, 0.573307, -12.695331)
(-3.294311, 0.605716, -12.550644), (-3.293662, 0.633513, -12.396623), (-3.139127, 0.600893, -12.548293)
(-3.294311, 0.605716, -12.550644), (-3.139127, 0.600893, -12.548293), (-3.139633, 0.574058, -12.702448)
(-3.139127, 0.600893, -12.548293), (-3.138436, 0.627649, -12.394083), (-2.983997, 0.597042, -12.546064)
(-3.139127, 0.600893, -12.548293), (-2.983997, 0.597042, -12.546064), (-2.984557, 0.571047, -12.700372)
(-2.983997, 0.597042, -12.546064), (-2.983234, 0.622893, -12.3917), (-2.828956, 0.594668, -12.544011)
(-2.983997, 0.597042, -12.546064), (-2.828956, 0.594668, -12.544011), (-2.829579, 0.569498, -12.698455)
(-2.828956, 0.594668, -12.544011), (-2.674047, 0.594335, -12.542179), (-2.674735, 0.570114, -12.696762)
(-2.828956, 0.594668, -12.544011), (-2.828127, 0.6195, -12.389493), (-2.674047, 0.594335, -12.542179)
(-2.674047, 0.594335, -12.542179), (-2.673145, 0.61813, -12.387519), (-2.519316, 0.59672, -12.540627)
(-2.674047, 0.594335, -12.542179), (-2.519316, 0.59672, -12.540627), (-2.520071, 0.573307, -12.695331)
(-3.293662, 0.633513, -12.396623), (-3.138436, 0.627649, -12.394083), (-3.139127, 0.600893, -12.548293)
(-3.293662, 0.633513, -12.396623), (-3.292806, 0.661647, -12.24258), (-3.138436, 0.627649, -12.394083)
(-3.138436, 0.627649, -12.394083), (-2.983234, 0.622893, -12.3917), (-2.983997, 0.597042, -12.546064)
(-3.138436, 0.627649, -12.394083), (-3.137533, 0.654633, -12.239849), (-2.983234, 0.622893, -12.3917)
(-2.983234, 0.622893, -12.3917), (-2.828127, 0.6195, -12.389493), (-2.828956, 0.594668, -12.544011)
(-2.983234, 0.622893, -12.3917), (-2.982278, 0.648709, -12.237283), (-2.828127, 0.6195, -12.389493)
(-2.828127, 0.6195, -12.389493), (-2.673145, 0.61813, -12.387519), (-2.674047, 0.594335, -12.542179)
(-2.828127, 0.6195, -12.389493), (-2.827099, 0.644223, -12.234919), (-2.673145, 0.61813, -12.387519)
(-2.673145, 0.61813, -12.387519), (-2.518337, 0.619381, -12.385821), (-2.519316, 0.59672, -12.540627)
(-2.673145, 0.61813, -12.387519), (-2.672041, 0.641786, -12.2328), (-2.518337, 0.619381, -12.385821)
(-2.701069, 1.336333, -12.363969), (-2.699696, 1.336334, -12.299548), (-2.597876, 1.336249, -12.364968)
(-2.701069, 1.336333, -12.363969), (-2.597876, 1.336249, -12.364968), (-2.597525, 0.571273, -12.306357)
(-2.804028, 1.337366, -12.360471), (-2.80183, 1.337369, -12.296075), (-2.701069, 1.336333, -12.363969)
(-2.804028, 1.337366, -12.360471), (-2.701069, 1.336333, -12.363969), (-2.703947, 0.571366, -12.305305)
(-2.906979, 1.338415, -12.356936), (-2.903959, 1.338416, -12.292575), (-2.804028, 1.337366, -12.360471)
(-2.906979, 1.338415, -12.356936), (-2.804028, 1.337366, -12.360471), (-2.810015, 0.572432, -12.301618)
(-3.00964, 1.340396, -12.351001), (-3.00584, 1.340399, -12.286679), (-2.906979, 1.338415, -12.356936)
(-3.00964, 1.340396, -12.351001), (-2.906979, 1.338415, -12.356936), (-2.916073, 0.573529, -12.297858)
(-3.112219, 1.342631, -12.344415), (-3.107649, 1.342633, -12.280145), (-3.00964, 1.340396, -12.351001)
(-3.112219, 1.342631, -12.344415), (-3.00964, 1.340396, -12.351001), (-3.021717, 0.575578, -12.291577)
(-3.214663, 1.34524, -12.336886), (-3.209339, 1.345241, -12.272676), (-3.112219, 1.342631, -12.344415)
(-3.214663, 1.34524, -12.336886), (-3.112219, 1.342631, -12.344415), (-3.127247, 0.577896, -12.284595)
(-2.703947, 0.571366, -12.305305), (-2.701069, 1.336333, -12.363969), (-2.597525, 0.571273, -12.306357)
(-2.810015, 0.572432, -12.301618), (-2.804028, 1.337366, -12.360471), (-2.703947, 0.571366, -12.305305)
(-2.699696, 1.336334, -12.299548), (-2.699244, 1.326794, -12.275912), (-2.59737, 1.336252, -12.300538)
(-2.699696, 1.336334, -12.299548), (-2.59737, 1.336252, -12.300538), (-2.597876, 1.336249, -12.364968)
(-2.916073, 0.573529, -12.297858), (-2.906979, 1.338415, -12.356936), (-2.810015, 0.572432, -12.301618)
(-2.80183, 1.337369, -12.296075), (-2.801123, 1.32783, -12.272447), (-2.699696, 1.336334, -12.299548)
(-2.80183, 1.337369, -12.296075), (-2.699696, 1.336334, -12.299548), (-2.701069, 1.336333, -12.363969)
(-2.903959, 1.338416, -12.292575), (-2.903002, 1.328877, -12.268952), (-2.80183, 1.337369, -12.296075)
(-2.903959, 1.338416, -12.292575), (-2.80183, 1.337369, -12.296075), (-2.804028, 1.337366, -12.360471)
(-3.021717, 0.575578, -12.291577), (-3.00964, 1.340396, -12.351001), (-2.916073, 0.573529, -12.297858)
(-3.00584, 1.340399, -12.286679), (-3.004642, 1.330861, -12.263068), (-2.903959, 1.338416, -12.292575)
(-3.00584, 1.340399, -12.286679), (-2.903959, 1.338416, -12.292575), (-2.906979, 1.338415, -12.356936)
(-3.127247, 0.577896, -12.284595), (-3.112219, 1.342631, -12.344415), (-3.021717, 0.575578, -12.291577)
(-3.107649, 1.342633, -12.280145), (-3.106213, 1.333097, -12.256547), (-3.00584, 1.340399, -12.286679)
(-3.107649, 1.342633, -12.280145), (-3.00584, 1.340399, -12.286679), (-3.00964, 1.340396, -12.351001)
(-3.232586, 0.580603, -12.276608), (-3.214663, 1.34524, -12.336886), (-3.127247, 0.577896, -12.284595)
(-2.699244, 1.326794, -12.275912), (-2.695965, 1.326796, -12.122422), (-2.597187, 1.326713, -12.276898)
(-2.699244, 1.326794, -12.275912), (-2.597187, 1.326713, -12.276898), (-2.59737, 1.336252, -12.300538)
(-3.209339, 1.345241, -12.272676), (-3.207668, 1.335705, -12.249091), (-3.107649, 1.342633, -12.280145)
(-3.209339, 1.345241, -12.272676), (-3.107649, 1.342633, -12.280145), (-3.112219, 1.342631, -12.344415)
(-2.801123, 1.32783, -12.272447), (-2.795887, 1.327838, -12.11901), (-2.699244, 1.326794, -12.275912)
(-2.801123, 1.32783, -12.272447), (-2.699244, 1.326794, -12.275912), (-2.699696, 1.336334, -12.299548)
(-2.903002, 1.328877, -12.268952), (-2.895807, 1.328879, -12.115594), (-2.801123, 1.32783, -12.272447)
(-2.903002, 1.328877, -12.268952), (-2.801123, 1.32783, -12.272447), (-2.80183, 1.337369, -12.296075)
(-3.004642, 1.330861, -12.263068), (-2.995586, 1.330867, -12.109809), (-2.903002, 1.328877, -12.268952)
(-3.004642, 1.330861, -12.263068), (-2.903002, 1.328877, -12.268952), (-2.903959, 1.338416, -12.292575)
(-3.106213, 1.333097, -12.256547), (-3.095327, 1.333102, -12.103406), (-3.004642, 1.330861, -12.263068)
(-3.106213, 1.333097, -12.256547), (-3.004642, 1.330861, -12.263068), (-3.00584, 1.340399, -12.286679)
(-3.207668, 1.335705, -12.249091), (-3.194986, 1.335708, -12.096091), (-3.106213, 1.333097, -12.256547)
(-3.207668, 1.335705, -12.249091), (-3.106213, 1.333097, -12.256547), (-3.107649, 1.342633, -12.280145)
(-3.292806, 0.661647, -12.24258), (-3.291753, 0.69029, -12.08851), (-3.137533, 0.654633, -12.239849)
(-3.292806, 0.661647, -12.24258), (-3.137533, 0.654633, -12.239849), (-3.138436, 0.627649, -12.394083)
(-3.137533, 0.654633, -12.239849), (-3.136449, 0.681935, -12.08557), (-2.982278, 0.648709, -12.237283)
(-3.137533, 0.654633, -12.239849), (-2.982278, 0.648709, -12.237283), (-2.983234, 0.622893, -12.3917)
(-2.982278, 0.648709, -12.237283), (-2.981143, 0.674755, -12.082825), (-2.827099, 0.644223, -12.234919)
(-2.982278, 0.648709, -12.237283), (-2.827099, 0.644223, -12.234919), (-2.828127, 0.6195, -12.389493)
(-2.827099, 0.644223, -12.234919), (-2.825899, 0.669088, -12.080303), (-2.672041, 0.641786, -12.2328)
(-2.827099, 0.644223, -12.234919), (-2.672041, 0.641786, -12.2328), (-2.673145, 0.61813, -12.387519)
(-2.672041, 0.641786, -12.2328), (-2.670766, 0.665538, -12.078038), (-2.517154, 0.641997, -12.230972)
(-2.672041, 0.641786, -12.2328), (-2.517154, 0.641997, -12.230972), (-2.518337, 0.619381, -12.385821)
(-2.695965, 1.326796, -12.122422), (-2.695398, 1.336337, -12.098212), (-2.595984, 1.32672, -12.123376)
(-2.695965, 1.326796, -12.122422), (-2.595984, 1.32672, -12.123376), (-2.597187, 1.326713, -12.276898)
(-2.795887, 1.327838, -12.11901), (-2.794964, 1.337379, -12.09481), (-2.695965, 1.326796, -12.122422)
(-2.795887, 1.327838, -12.11901), (-2.695965, 1.326796, -12.122422), (-2.699244, 1.326794, -12.275912)
(-2.895807, 1.328879, -12.115594), (-2.894526, 1.338419, -12.091413), (-2.795887, 1.327838, -12.11901)
(-2.895807, 1.328879, -12.115594), (-2.795887, 1.327838, -12.11901), (-2.801123, 1.32783, -12.272447)
(-2.995586, 1.330867, -12.109809), (-2.993967, 1.340406, -12.085649), (-2.895807, 1.328879, -12.115594)
(-2.995586, 1.330867, -12.109809), (-2.895807, 1.328879, -12.115594), (-2.903002, 1.328877, -12.268952)
(-3.095327, 1.333102, -12.103406), (-3.093372, 1.34264, -12.07927), (-2.995586, 1.330867, -12.109809)
(-3.095327, 1.333102, -12.103406), (-2.995586, 1.330867, -12.109809), (-3.004642, 1.330861, -12.263068)
(-2.695398, 1.336337, -12.098212), (-2.595793, 1.336261, -12.09916), (-2.595984, 1.32672, -12.123376)
(-2.695398, 1.336337, -12.098212), (-2.794964, 1.337379, -12.09481), (-2.793257, 1.337381, -12.044837)
(-3.194986, 1.335708, -12.096091), (-3.192699, 1.345244, -12.071979), (-3.095327, 1.333102, -12.103406)
(-3.194986, 1.335708, -12.096091), (-3.095327, 1.333102, -12.103406), (-3.106213, 1.333097, -12.256547)
(-2.794964, 1.337379, -12.09481), (-2.695398, 1.336337, -12.098212), (-2.695965, 1.326796, -12.122422)
(-2.794964, 1.337379, -12.09481), (-2.894526, 1.338419, -12.091413), (-2.892183, 1.338419, -12.041467)
(-2.894526, 1.338419, -12.091413), (-2.794964, 1.337379, -12.09481), (-2.795887, 1.327838, -12.11901)
(-2.894526, 1.338419, -12.091413), (-2.993967, 1.340406, -12.085649), (-2.991016, 1.340408, -12.035733)
(-3.291753, 0.69029, -12.08851), (-3.136449, 0.681935, -12.08557), (-3.137533, 0.654633, -12.239849)
(-3.291753, 0.69029, -12.08851), (-3.290563, 0.719306, -11.934364), (-3.136449, 0.681935, -12.08557)
(-3.29446, 1.339101, -12.086829), (-3.291861, 1.348637, -12.062751), (-3.194986, 1.335708, -12.096091)
(-3.29446, 1.339101, -12.086829), (-3.194986, 1.335708, -12.096091), (-3.207668, 1.335705, -12.249091)
(-2.993967, 1.340406, -12.085649), (-2.894526, 1.338419, -12.091413), (-2.895807, 1.328879, -12.115594)
(-2.993967, 1.340406, -12.085649), (-3.093372, 1.34264, -12.07927), (-3.089825, 1.342642, -12.029395)
(-3.136449, 0.681935, -12.08557), (-2.981143, 0.674755, -12.082825), (-2.982278, 0.648709, -12.237283)
(-3.136449, 0.681935, -12.08557), (-3.135227, 0.709508, -11.931218), (-2.981143, 0.674755, -12.082825)
(-2.981143, 0.674755, -12.082825), (-2.825899, 0.669088, -12.080303), (-2.827099, 0.644223, -12.234919)
(-2.981143, 0.674755, -12.082825), (-2.97988, 0.700946, -11.928292), (-2.825899, 0.669088, -12.080303)
(-2.825899, 0.669088, -12.080303), (-2.670766, 0.665538, -12.078038), (-2.672041, 0.641786, -12.2328)
(-2.825899, 0.669088, -12.080303), (-2.824575, 0.693992, -11.925606), (-2.670766, 0.665538, -12.078038)
(-3.093372, 1.34264, -12.07927), (-2.993967, 1.340406, -12.085649), (-2.995586, 1.330867, -12.109809)
(-3.093372, 1.34264, -12.07927), (-3.192699, 1.345244, -12.071979), (-3.18857, 1.345245, -12.022149)
(-2.670766, 0.665538, -12.078038), (-2.5158, 0.664536, -12.076069), (-2.517154, 0.641997, -12.230972)
(-2.670766, 0.665538, -12.078038), (-2.66937, 0.689126, -11.923189), (-2.5158, 0.664536, -12.076069)
(-3.192699, 1.345244, -12.071979), (-3.093372, 1.34264, -12.07927), (-3.095327, 1.333102, -12.103406)
(-3.192699, 1.345244, -12.071979), (-3.291861, 1.348637, -12.062751), (-3.287169, 1.348639, -12.012971)
(-3.291861, 1.348637, -12.062751), (-3.192699, 1.345244, -12.071979), (-3.194986, 1.335708, -12.096091)
(-3.291861, 1.348637, -12.062751), (-3.391024, 1.352028, -12.053521), (-3.385769, 1.352028, -12.0038)
# -2.304088816686664, 0, -12.387544316686668
(-2.520071, 0.573307, -12.695331), (-2.365633, 0.579608, -12.694204), (-2.366209, 0.556098, -12.848912)
(-2.520071, 0.573307, -12.695331), (-2.519316, 0.59672, -12.540627), (-2.365633, 0.579608, -12.694204)
(-2.365633, 0.579608, -12.694204), (-2.21146, 0.588971, -12.693377), (-2.212079, 0.566247, -12.848201)
(-2.365633, 0.579608, -12.694204), (-2.364815, 0.602081, -12.539376), (-2.21146, 0.588971, -12.693377)
(-2.21146, 0.588971, -12.693377), (-2.057597, 0.602102, -12.692904), (-2.058251, 0.580048, -12.847829)
(-2.21146, 0.588971, -12.693377), (-2.210582, 0.610591, -12.538433), (-2.057597, 0.602102, -12.692904)
(-2.057597, 0.602102, -12.692904), (-1.90408, 0.618969, -12.692767), (-1.904765, 0.597826, -12.847819)
(-2.057597, 0.602102, -12.692904), (-2.056661, 0.622714, -12.537832), (-1.90408, 0.618969, -12.692767)
(-2.519316, 0.59672, -12.540627), (-2.364815, 0.602081, -12.539376), (-2.365633, 0.579608, -12.694204)
(-2.519316, 0.59672, -12.540627), (-2.518337, 0.619381, -12.385821), (-2.364815, 0.602081, -12.539376)
(-2.364815, 0.602081, -12.539376), (-2.363762, 0.623824, -12.384451), (-2.210582, 0.610591, -12.538433)
(-2.364815, 0.602081, -12.539376), (-2.210582, 0.610591, -12.538433), (-2.21146, 0.588971, -12.693377)
(-2.210582, 0.610591, -12.538433), (-2.056661, 0.622714, -12.537832), (-2.057597, 0.602102, -12.692904)
(-2.210582, 0.610591, -12.538433), (-2.209455, 0.631325, -12.383383), (-2.056661, 0.622714, -12.537832)
(-2.056661, 0.622714, -12.537832), (-2.055464, 0.642425, -12.382656), (-1.903096, 0.638742, -12.537582)
(-2.056661, 0.622714, -12.537832), (-1.903096, 0.638742, -12.537582), (-1.90408, 0.618969, -12.692767)
(-2.518337, 0.619381, -12.385821), (-2.363762, 0.623824, -12.384451), (-2.364815, 0.602081, -12.539376)
(-2.518337, 0.619381, -12.385821), (-2.517154, 0.641997, -12.230972), (-2.363762, 0.623824, -12.384451)
(-2.363762, 0.623824, -12.384451), (-2.209455, 0.631325, -12.383383), (-2.210582, 0.610591, -12.538433)
(-2.363762, 0.623824, -12.384451), (-2.362494, 0.645184, -12.229456), (-2.209455, 0.631325, -12.383383)
(-2.209455, 0.631325, -12.383383), (-2.055464, 0.642425, -12.382656), (-2.056661, 0.622714, -12.537832)
(-2.209455, 0.631325, -12.383383), (-2.208104, 0.651518, -12.228255), (-2.055464, 0.642425, -12.382656)
(-2.055464, 0.642425, -12.382656), (-1.901833, 0.657394, -12.382278), (-1.903096, 0.638742, -12.537582)
(-2.055464, 0.642425, -12.382656), (-2.054035, 0.661492, -12.227398), (-1.901833, 0.657394, -12.382278)
(-2.494617, 1.336437, -12.365258), (-2.494997, 1.33644, -12.300828), (-2.391262, 1.337155, -12.364118)
(-2.494617, 1.336437, -12.365258), (-2.391262, 1.337155, -12.364118), (-2.384325, 0.572221, -12.305366)
(-2.597876, 1.336249, -12.364968), (-2.59737, 1.336252, -12.300538), (-2.494617, 1.336437, -12.365258)
(-2.597876, 1.336249, -12.364968), (-2.494617, 1.336437, -12.365258), (-2.491003, 0.571471, -12.306632)
(-2.391262, 1.337155, -12.364118), (-2.39255, 1.337157, -12.299699), (-2.287785, 1.338595, -12.361032)
(-2.391262, 1.337155, -12.364118), (-2.287785, 1.338595, -12.361032), (-2.277447, 0.573719, -12.302018)
(-2.287785, 1.338595, -12.361032), (-2.29002, 1.338598, -12.296638), (-2.184284, 1.340202, -12.357476)
(-2.287785, 1.338595, -12.361032), (-2.184284, 1.340202, -12.357476), (-2.170536, 0.575405, -12.298135)
(-2.184284, 1.340202, -12.357476), (-2.187481, 1.340203, -12.293124), (-2.08069, 1.342917, -12.350842)
(-2.184284, 1.340202, -12.357476), (-2.08069, 1.342917, -12.350842), (-2.063429, 0.578234, -12.290961)
(-2.08069, 1.342917, -12.350842), (-2.084909, 1.342921, -12.286548), (-1.977093, 1.345655, -12.344148)
(-2.08069, 1.342917, -12.350842), (-1.977093, 1.345655, -12.344148), (-1.956331, 0.581105, -12.283673)
(-1.977093, 1.345655, -12.344148), (-1.982332, 1.345655, -12.279929), (-1.873499, 1.349514, -12.334214)
(-1.977093, 1.345655, -12.344148), (-1.873499, 1.349514, -12.334214), (-1.849178, 0.585136, -12.272904)
(-2.491003, 0.571471, -12.306632), (-2.494617, 1.336437, -12.365258), (-2.384325, 0.572221, -12.305366)
(-2.597525, 0.571273, -12.306357), (-2.597876, 1.336249, -12.364968), (-2.491003, 0.571471, -12.306632)
(-2.384325, 0.572221, -12.305366), (-2.391262, 1.337155, -12.364118), (-2.277447, 0.573719, -12.302018)
(-2.277447, 0.573719, -12.302018), (-2.287785, 1.338595, -12.361032), (-2.170536, 0.575405, -12.298135)
(-2.494997, 1.33644, -12.300828), (-2.495083, 1.3269, -12.277184), (-2.39255, 1.337157, -12.299699)
(-2.494997, 1.33644, -12.300828), (-2.39255, 1.337157, -12.299699), (-2.391262, 1.337155, -12.364118)
(-2.59737, 1.336252, -12.300538), (-2.597187, 1.326713, -12.276898), (-2.494997, 1.33644, -12.300828)
(-2.59737, 1.336252, -12.300538), (-2.494997, 1.33644, -12.300828), (-2.494617, 1.336437, -12.365258)
(-2.39255, 1.337157, -12.299699), (-2.39292, 1.327618, -12.276063), (-2.29002, 1.338598, -12.296638)
(-2.39255, 1.337157, -12.299699), (-2.29002, 1.338598, -12.296638), (-2.287785, 1.338595, -12.361032)
(-2.170536, 0.575405, -12.298135), (-2.184284, 1.340202, -12.357476), (-2.063429, 0.578234, -12.290961)
(-2.29002, 1.338598, -12.296638), (-2.290689, 1.32906, -12.273004), (-2.187481, 1.340203, -12.293124)
(-2.29002, 1.338598, -12.296638), (-2.187481, 1.340203, -12.293124), (-2.184284, 1.340202, -12.357476)
(-2.187481, 1.340203, -12.293124), (-2.188448, 1.330665, -12.269502), (-2.084909, 1.342921, -12.286548)
(-2.187481, 1.340203, -12.293124), (-2.084909, 1.342921, -12.286548), (-2.08069, 1.342917, -12.350842)
(-2.063429, 0.578234, -12.290961), (-2.08069, 1.342917, -12.350842), (-1.956331, 0.581105, -12.283673)
(-2.084909, 1.342921, -12.286548), (-2.086193, 1.333385, -12.26294), (-1.982332, 1.345655, -12.279929)
(-2.084909, 1.342921, -12.286548), (-1.982332, 1.345655, -12.279929), (-1.977093, 1.345655, -12.344148)
(-1.982332, 1.345655, -12.279929), (-1.983936, 1.33612, -12.256341), (-1.879826, 1.349518, -12.270089)
(-1.982332, 1.345655, -12.279929), (-1.879826, 1.349518, -12.270089), (-1.873499, 1.349514, -12.334214)
(-2.495083, 1.3269, -12.277184), (-2.495983, 1.326906, -12.123664), (-2.39292, 1.327618, -12.276063)
(-2.495083, 1.3269, -12.277184), (-2.39292, 1.327618, -12.276063), (-2.39255, 1.337157, -12.299699)
(-2.597187, 1.326713, -12.276898), (-2.595984, 1.32672, -12.123376), (-2.495083, 1.3269, -12.277184)
(-2.597187, 1.326713, -12.276898), (-2.495083, 1.3269, -12.277184), (-2.494997, 1.33644, -12.300828)
(-2.39292, 1.327618, -12.276063), (-2.395992, 1.327623, -12.122565), (-2.290689, 1.32906, -12.273004)
(-2.39292, 1.327618, -12.276063), (-2.290689, 1.32906, -12.273004), (-2.29002, 1.338598, -12.296638)
(-2.290689, 1.32906, -12.273004), (-2.296019, 1.329068, -12.119571), (-2.188448, 1.330665, -12.269502)
(-2.290689, 1.32906, -12.273004), (-2.188448, 1.330665, -12.269502), (-2.187481, 1.340203, -12.293124)
(-2.188448, 1.330665, -12.269502), (-2.196062, 1.330667, -12.116166), (-2.086193, 1.333385, -12.26294)
(-2.188448, 1.330665, -12.269502), (-2.086193, 1.333385, -12.26294), (-2.084909, 1.342921, -12.286548)
(-2.086193, 1.333385, -12.26294), (-2.096241, 1.333394, -12.109742), (-1.983936, 1.33612, -12.256341)
(-2.086193, 1.333385, -12.26294), (-1.983936, 1.33612, -12.256341), (-1.982332, 1.345655, -12.279929)
(-1.983936, 1.33612, -12.256341), (-1.996418, 1.336122, -12.103324), (-1.881773, 1.339986, -12.246528)
(-1.983936, 1.33612, -12.256341), (-1.881773, 1.339986, -12.246528), (-1.879826, 1.349518, -12.270089)
(-2.517154, 0.641997, -12.230972), (-2.5158, 0.664536, -12.076069), (-2.362494, 0.645184, -12.229456)
(-2.517154, 0.641997, -12.230972), (-2.362494, 0.645184, -12.229456), (-2.363762, 0.623824, -12.384451)
(-2.362494, 0.645184, -12.229456), (-2.361057, 0.666459, -12.074409), (-2.208104, 0.651518, -12.228255)
(-2.362494, 0.645184, -12.229456), (-2.208104, 0.651518, -12.228255), (-2.209455, 0.631325, -12.383383)
(-2.208104, 0.651518, -12.228255), (-2.206584, 0.671593, -12.073072), (-2.054035, 0.661492, -12.227398)
(-2.208104, 0.651518, -12.228255), (-2.054035, 0.661492, -12.227398), (-2.055464, 0.642425, -12.382656)
(-2.054035, 0.661492, -12.227398), (-2.052432, 0.680333, -12.072078), (-1.900332, 0.675383, -12.226894)
(-2.054035, 0.661492, -12.227398), (-1.900332, 0.675383, -12.226894), (-1.901833, 0.657394, -12.382278)
(-2.495983, 1.326906, -12.123664), (-2.496174, 1.336447, -12.099448), (-2.395992, 1.327623, -12.122565)
(-2.495983, 1.326906, -12.123664), (-2.395992, 1.327623, -12.122565), (-2.39292, 1.327618, -12.276063)
(-2.595984, 1.32672, -12.123376), (-2.595793, 1.336261, -12.09916), (-2.495983, 1.326906, -12.123664)
(-2.595984, 1.32672, -12.123376), (-2.495983, 1.326906, -12.123664), (-2.495083, 1.3269, -12.277184)
(-2.395992, 1.327623, -12.122565), (-2.396578, 1.337164, -12.098355), (-2.296019, 1.329068, -12.119571)
(-2.395992, 1.327623, -12.122565), (-2.296019, 1.329068, -12.119571), (-2.290689, 1.32906, -12.273004)
(-2.296019, 1.329068, -12.119571), (-2.297016, 1.338609, -12.095374), (-2.196062, 1.330667, -12.116166)
(-2.296019, 1.329068, -12.119571), (-2.196062, 1.330667, -12.116166), (-2.188448, 1.330665, -12.269502)
(-2.196062, 1.330667, -12.116166), (-2.197468, 1.340205, -12.091989), (-2.096241, 1.333394, -12.109742)
(-2.196062, 1.330667, -12.116166), (-2.096241, 1.333394, -12.109742), (-2.086193, 1.333385, -12.26294)
(-2.096241, 1.333394, -12.109742), (-2.098089, 1.342932, -12.085595), (-1.996418, 1.336122, -12.103324)
(-2.096241, 1.333394, -12.109742), (-1.996418, 1.336122, -12.103324), (-1.983936, 1.33612, -12.256341)
(-1.996418, 1.336122, -12.103324), (-1.998707, 1.345658, -12.079211), (-1.896854, 1.339995, -12.093743)
(-1.996418, 1.336122, -12.103324), (-1.896854, 1.339995, -12.093743), (-1.881773, 1.339986, -12.246528)
(-2.496174, 1.336447, -12.099448), (-2.396578, 1.337164, -12.098355), (-2.395992, 1.327623, -12.122565)
(-2.496174, 1.336447, -12.099448), (-2.595793, 1.336261, -12.09916), (-2.595402, 1.336263, -12.049165)
(-2.595793, 1.336261, -12.09916), (-2.496174, 1.336447, -12.099448), (-2.495983, 1.326906, -12.123664)
(-2.595793, 1.336261, -12.09916), (-2.695398, 1.336337, -12.098212), (-2.694332, 1.336337, -12.048224)
(-2.396578, 1.337164, -12.098355), (-2.297016, 1.338609, -12.095374), (-2.296019, 1.329068, -12.119571)
(-2.396578, 1.337164, -12.098355), (-2.496174, 1.336447, -12.099448), (-2.496469, 1.336449, -12.049447)
(-2.297016, 1.338609, -12.095374), (-2.197468, 1.340205, -12.091989), (-2.196062, 1.330667, -12.116166)
(-2.297016, 1.338609, -12.095374), (-2.396578, 1.337164, -12.098355), (-2.397577, 1.337165, -12.048364)
(-2.197468, 1.340205, -12.091989), (-2.098089, 1.342932, -12.085595), (-2.096241, 1.333394, -12.109742)
(-2.197468, 1.340205, -12.091989), (-2.297016, 1.338609, -12.095374), (-2.29875, 1.338611, -12.045403)
(-2.098089, 1.342932, -12.085595), (-1.998707, 1.345658, -12.079211), (-1.996418, 1.336122, -12.103324)
(-2.098089, 1.342932, -12.085595), (-2.197468, 1.340205, -12.091989), (-2.199949, 1.340205, -12.04205)
(-1.998707, 1.345658, -12.079211), (-1.899609, 1.34953, -12.06968), (-1.896854, 1.339995, -12.093743)
(-1.998707, 1.345658, -12.079211), (-2.098089, 1.342932, -12.085595), (-2.101362, 1.342935, -12.035707)
(-2.5158, 0.664536, -12.076069), (-2.361057, 0.666459, -12.074409), (-2.362494, 0.645184, -12.229456)
(-2.5158, 0.664536, -12.076069), (-2.514328, 0.686866, -11.921076), (-2.361057, 0.666459, -12.074409)
(-2.361057, 0.666459, -12.074409), (-2.206584, 0.671593, -12.073072), (-2.208104, 0.651518, -12.228255)
(-2.361057, 0.666459, -12.074409), (-2.359506, 0.687508, -11.919277), (-2.206584, 0.671593, -12.073072)
(-2.206584, 0.671593, -12.073072), (-2.052432, 0.680333, -12.072078), (-2.054035, 0.661492, -12.227398)
(-2.206584, 0.671593, -12.073072), (-2.204946, 0.691321, -11.917799), (-2.052432, 0.680333, -12.072078)
(-2.052432, 0.680333, -12.072078), (-1.898641, 0.692805, -12.071424), (-1.900332, 0.675383, -12.226894)
(-2.052432, 0.680333, -12.072078), (-2.050702, 0.698621, -11.916656), (-1.898641, 0.692805, -12.071424)
# -1.6363185833533305, 0, -12.387544316686668
(-1.445844, 0.690931, -12.694174), (-1.293923, 0.721368, -12.695132), (-1.294699, 0.703586, -12.850691)
(-1.445844, 0.690931, -12.694174), (-1.444737, 0.707995, -12.538614), (-1.293923, 0.721368, -12.695132)
(-1.598181, 0.663483, -12.69343), (-1.445844, 0.690931, -12.694174), (-1.446598, 0.672263, -12.849597)
(-1.598181, 0.663483, -12.69343), (-1.597116, 0.681514, -12.538002), (-1.445844, 0.690931, -12.694174)
(-1.750933, 0.63948, -12.692955), (-1.598181, 0.663483, -12.69343), (-1.598918, 0.644062, -12.848726)
(-1.750933, 0.63948, -12.692955), (-1.749907, 0.658371, -12.537643), (-1.598181, 0.663483, -12.69343)
(-1.90408, 0.618969, -12.692767), (-1.750933, 0.63948, -12.692955), (-1.751648, 0.619265, -12.848131)
(-1.90408, 0.618969, -12.692767), (-1.903096, 0.638742, -12.537582), (-1.750933, 0.63948, -12.692955)
(-1.444737, 0.707995, -12.538614), (-1.443307, 0.72369, -12.382929), (-1.292778, 0.737529, -12.539438)
(-1.444737, 0.707995, -12.538614), (-1.292778, 0.737529, -12.539438), (-1.293923, 0.721368, -12.695132)
(-1.597116, 0.681514, -12.538002), (-1.444737, 0.707995, -12.538614), (-1.445844, 0.690931, -12.694174)
(-1.597116, 0.681514, -12.538002), (-1.595745, 0.698302, -12.382455), (-1.444737, 0.707995, -12.538614)
(-1.749907, 0.658371, -12.537643), (-1.748596, 0.676232, -12.382233), (-1.597116, 0.681514, -12.538002)
(-1.749907, 0.658371, -12.537643), (-1.597116, 0.681514, -12.538002), (-1.598181, 0.663483, -12.69343)
(-1.903096, 0.638742, -12.537582), (-1.901833, 0.657394, -12.382278), (-1.749907, 0.658371, -12.537643)
(-1.903096, 0.638742, -12.537582), (-1.749907, 0.658371, -12.537643), (-1.750933, 0.63948, -12.692955)
(-1.443307, 0.72369, -12.382929), (-1.291286, 0.752118, -12.383612), (-1.292778, 0.737529, -12.539438)
(-1.443307, 0.72369, -12.382929), (-1.441586, 0.738068, -12.227116), (-1.291286, 0.752118, -12.383612)
(-1.595745, 0.698302, -12.382455), (-1.443307, 0.72369, -12.382929), (-1.444737, 0.707995, -12.538614)
(-1.595745, 0.698302, -12.382455), (-1.594095, 0.713865, -12.226786), (-1.443307, 0.72369, -12.382929)
(-1.901833, 0.657394, -12.382278), (-1.748596, 0.676232, -12.382233), (-1.749907, 0.658371, -12.537643)
(-1.901833, 0.657394, -12.382278), (-1.900332, 0.675383, -12.226894), (-1.748596, 0.676232, -12.382233)
(-1.748596, 0.676232, -12.382233), (-1.595745, 0.698302, -12.382455), (-1.597116, 0.681514, -12.538002)
(-1.748596, 0.676232, -12.382233), (-1.747018, 0.692971, -12.226705), (-1.595745, 0.698302, -12.382455)
(-1.873499, 1.349514, -12.334214), (-1.879826, 1.349518, -12.270089), (-1.769909, 1.353544, -12.323785)
(-1.873499, 1.349514, -12.334214), (-1.769909, 1.353544, -12.323785), (-1.742033, 0.589361, -12.261559)
(-1.769909, 1.353544, -12.323785), (-1.777334, 1.353545, -12.259784), (-1.666422, 1.358485, -12.310611)
(-1.769909, 1.353544, -12.323785), (-1.666422, 1.358485, -12.310611), (-1.634996, 0.594535, -12.247239)
(-1.666422, 1.358485, -12.310611), (-1.675001, 1.358489, -12.246753), (-1.562984, 1.363808, -12.296287)
(-1.666422, 1.358485, -12.310611), (-1.562984, 1.363808, -12.296287), (-1.528027, 0.600118, -12.231641)
(-1.562984, 1.363808, -12.296287), (-1.572741, 1.363811, -12.232596), (-1.459736, 1.36991, -12.279489)
(-1.562984, 1.363808, -12.296287), (-1.459736, 1.36991, -12.279489), (-1.421314, 0.606514, -12.213357)
(-1.956331, 0.581105, -12.283673), (-1.977093, 1.345655, -12.344148), (-1.849178, 0.585136, -12.272904)
(-1.459736, 1.36991, -12.279489), (-1.470713, 1.369914, -12.216001), (-1.356617, 1.376511, -12.261115)
(-1.459736, 1.36991, -12.279489), (-1.356617, 1.376511, -12.261115), (-1.314785, 0.613438, -12.193336)
(-1.849178, 0.585136, -12.272904), (-1.873499, 1.349514, -12.334214), (-1.742033, 0.589361, -12.261559)
(-1.879826, 1.349518, -12.270089), (-1.881773, 1.339986, -12.246528), (-1.777334, 1.353545, -12.259784)
(-1.879826, 1.349518, -12.270089), (-1.777334, 1.353545, -12.259784), (-1.769909, 1.353544, -12.323785)
(-1.742033, 0.589361, -12.261559), (-1.769909, 1.353544, -12.323785), (-1.634996, 0.594535, -12.247239)
(-1.356617, 1.376511, -12.261115), (-1.368845, 1.376513, -12.197852), (-1.253796, 1.383831, -12.240317)
(-1.356617, 1.376511, -12.261115), (-1.253796, 1.383831, -12.240317), (-1.208693, 0.621111, -12.170688)
(-1.777334, 1.353545, -12.259784), (-1.779629, 1.344015, -12.236249), (-1.675001, 1.358489, -12.246753)
(-1.777334, 1.353545, -12.259784), (-1.675001, 1.358489, -12.246753), (-1.666422, 1.358485, -12.310611)
(-1.634996, 0.594535, -12.247239), (-1.666422, 1.358485, -12.310611), (-1.528027, 0.600118, -12.231641)
(-1.675001, 1.358489, -12.246753), (-1.677662, 1.348963, -12.223258), (-1.572741, 1.363811, -12.232596)
(-1.675001, 1.358489, -12.246753), (-1.572741, 1.363811, -12.232596), (-1.562984, 1.363808, -12.296287)
(-1.881773, 1.339986, -12.246528), (-1.896854, 1.339995, -12.093743), (-1.779629, 1.344015, -12.236249)
(-1.881773, 1.339986, -12.246528), (-1.779629, 1.344015, -12.236249), (-1.777334, 1.353545, -12.259784)
(-1.779629, 1.344015, -12.236249), (-1.797323, 1.34402, -12.083747), (-1.677662, 1.348963, -12.223258)
(-1.779629, 1.344015, -12.236249), (-1.677662, 1.348963, -12.223258), (-1.675001, 1.358489, -12.246753)
(-1.572741, 1.363811, -12.232596), (-1.575771, 1.354287, -12.209144), (-1.470713, 1.369914, -12.216001)
(-1.572741, 1.363811, -12.232596), (-1.470713, 1.369914, -12.216001), (-1.459736, 1.36991, -12.279489)
(-1.528027, 0.600118, -12.231641), (-1.562984, 1.363808, -12.296287), (-1.421314, 0.606514, -12.213357)
(-1.441586, 0.738068, -12.227116), (-1.439633, 0.751276, -12.071178), (-1.289494, 0.765286, -12.227648)
(-1.441586, 0.738068, -12.227116), (-1.289494, 0.765286, -12.227648), (-1.291286, 0.752118, -12.383612)
(-1.900332, 0.675383, -12.226894), (-1.898641, 0.692805, -12.071424), (-1.747018, 0.692971, -12.226705)
(-1.900332, 0.675383, -12.226894), (-1.747018, 0.692971, -12.226705), (-1.748596, 0.676232, -12.382233)
(-1.594095, 0.713865, -12.226786), (-1.592229, 0.72848, -12.07101), (-1.441586, 0.738068, -12.227116)
(-1.594095, 0.713865, -12.226786), (-1.441586, 0.738068, -12.227116), (-1.443307, 0.72369, -12.382929)
(-1.747018, 0.692971, -12.226705), (-1.745238, 0.708952, -12.07108), (-1.594095, 0.713865, -12.226786)
(-1.747018, 0.692971, -12.226705), (-1.594095, 0.713865, -12.226786), (-1.595745, 0.698302, -12.382455)
(-1.677662, 1.348963, -12.223258), (-1.698107, 1.348971, -12.071097), (-1.575771, 1.354287, -12.209144)
(-1.677662, 1.348963, -12.223258), (-1.575771, 1.354287, -12.209144), (-1.572741, 1.363811, -12.232596)
(-1.470713, 1.369914, -12.216001), (-1.474134, 1.360394, -12.192599), (-1.368845, 1.376513, -12.197852)
(-1.470713, 1.369914, -12.216001), (-1.368845, 1.376513, -12.197852), (-1.356617, 1.376511, -12.261115)
(-1.421314, 0.606514, -12.213357), (-1.459736, 1.36991, -12.279489), (-1.314785, 0.613438, -12.193336)
(-1.575771, 1.354287, -12.209144), (-1.599016, 1.354293, -12.057389), (-1.474134, 1.360394, -12.192599)
(-1.575771, 1.354287, -12.209144), (-1.474134, 1.360394, -12.192599), (-1.470713, 1.369914, -12.216001)
(-1.368845, 1.376513, -12.197852), (-1.372669, 1.366997, -12.174516), (-1.267309, 1.383834, -12.177316)
(-1.368845, 1.376513, -12.197852), (-1.267309, 1.383834, -12.177316), (-1.253796, 1.383831, -12.240317)
(-1.314785, 0.613438, -12.193336), (-1.356617, 1.376511, -12.261115), (-1.208693, 0.621111, -12.170688)
(-1.474134, 1.360394, -12.192599), (-1.500294, 1.360403, -12.041318), (-1.372669, 1.366997, -12.174516)
(-1.474134, 1.360394, -12.192599), (-1.372669, 1.366997, -12.174516), (-1.368845, 1.376513, -12.197852)
(-1.372669, 1.366997, -12.174516), (-1.4018, 1.367004, -12.023776), (-1.271555, 1.374323, -12.154046)
(-1.372669, 1.366997, -12.174516), (-1.271555, 1.374323, -12.154046), (-1.267309, 1.383834, -12.177316)
(-1.896854, 1.339995, -12.093743), (-1.899609, 1.34953, -12.06968), (-1.797323, 1.34402, -12.083747)
(-1.896854, 1.339995, -12.093743), (-1.797323, 1.34402, -12.083747), (-1.779629, 1.344015, -12.236249)
(-1.797323, 1.34402, -12.083747), (-1.800549, 1.353551, -12.059745), (-1.698107, 1.348971, -12.071097)
(-1.797323, 1.34402, -12.083747), (-1.698107, 1.348971, -12.071097), (-1.677662, 1.348963, -12.223258)
(-1.898641, 0.692805, -12.071424), (-1.745238, 0.708952, -12.07108), (-1.747018, 0.692971, -12.226705)
(-1.898641, 0.692805, -12.071424), (-1.896817, 0.7096, -11.915847), (-1.745238, 0.708952, -12.07108)
(-1.439633, 0.751276, -12.071178), (-1.287444, 0.777003, -12.071544), (-1.289494, 0.765286, -12.227648)
(-1.439633, 0.751276, -12.071178), (-1.437504, 0.763298, -11.915096), (-1.287444, 0.777003, -12.071544)
(-1.698107, 1.348971, -12.071097), (-1.701822, 1.3585, -12.047162), (-1.599016, 1.354293, -12.057389)
(-1.698107, 1.348971, -12.071097), (-1.599016, 1.354293, -12.057389), (-1.575771, 1.354287, -12.209144)
(-1.745238, 0.708952, -12.07108), (-1.592229, 0.72848, -12.07101), (-1.594095, 0.713865, -12.226786)
(-1.745238, 0.708952, -12.07108), (-1.743315, 0.724169, -11.91534), (-1.592229, 0.72848, -12.07101)
(-1.592229, 0.72848, -12.07101), (-1.439633, 0.751276, -12.071178), (-1.441586, 0.738068, -12.227116)
(-1.592229, 0.72848, -12.07101), (-1.590208, 0.742129, -11.915101), (-1.439633, 0.751276, -12.071178)
(-1.899609, 1.34953, -12.06968), (-1.800549, 1.353551, -12.059745), (-1.797323, 1.34402, -12.083747)
(-1.899609, 1.34953, -12.06968), (-1.998707, 1.345658, -12.079211), (-2.002773, 1.345658, -12.02938)
(-1.800549, 1.353551, -12.059745), (-1.701822, 1.3585, -12.047162), (-1.698107, 1.348971, -12.071097)
(-1.800549, 1.353551, -12.059745), (-1.899609, 1.34953, -12.06968), (-1.904522, 1.349532, -12.019921)
(-1.599016, 1.354293, -12.057389), (-1.60323, 1.363818, -12.033532), (-1.500294, 1.360403, -12.041318)
(-1.599016, 1.354293, -12.057389), (-1.500294, 1.360403, -12.041318), (-1.474134, 1.360394, -12.192599)
# -0.968548350019997, 0, -12.387544316686668
(-0.690116, 0.864184, -12.700056), (-0.539984, 0.902976, -12.701311), (-0.540937, 0.889174, -12.857599)
(-0.690116, 0.864184, -12.700056), (-0.688758, 0.876603, -12.543765), (-0.539984, 0.902976, -12.701311)
(-0.84054, 0.826228, -12.698771), (-0.690116, 0.864184, -12.700056), (-0.691023, 0.849661, -12.856194)
(-0.84054, 0.826228, -12.698771), (-0.839249, 0.839603, -12.54264), (-0.690116, 0.864184, -12.700056)
(-0.991294, 0.789481, -12.697487), (-0.84054, 0.826228, -12.698771), (-0.841405, 0.810917, -12.854756)
(-0.991294, 0.789481, -12.697487), (-0.990058, 0.803772, -12.541504), (-0.84054, 0.826228, -12.698771)
(-1.142412, 0.754386, -12.696256), (-0.991294, 0.789481, -12.697487), (-0.992119, 0.773332, -12.853319)
(-1.142412, 0.754386, -12.696256), (-1.141225, 0.769605, -12.540419), (-0.991294, 0.789481, -12.697487)
(-1.293923, 0.721368, -12.695132), (-1.142412, 0.754386, -12.696256), (-1.14321, 0.737432, -12.851949)
(-1.293923, 0.721368, -12.695132), (-1.292778, 0.737529, -12.539438), (-1.142412, 0.754386, -12.696256)
(-0.688758, 0.876603, -12.543765), (-0.686971, 0.886802, -12.387308), (-0.538548, 0.914435, -12.544852)
(-0.688758, 0.876603, -12.543765), (-0.538548, 0.914435, -12.544852), (-0.539984, 0.902976, -12.701311)
(-0.839249, 0.839603, -12.54264), (-0.837549, 0.850915, -12.386346), (-0.688758, 0.876603, -12.543765)
(-0.839249, 0.839603, -12.54264), (-0.688758, 0.876603, -12.543765), (-0.690116, 0.864184, -12.700056)
(-0.990058, 0.803772, -12.541504), (-0.839249, 0.839603, -12.54264), (-0.84054, 0.826228, -12.698771)
(-0.990058, 0.803772, -12.541504), (-0.988436, 0.816202, -12.385373), (-0.839249, 0.839603, -12.54264)
(-1.141225, 0.769605, -12.540419), (-1.139673, 0.783134, -12.384445), (-0.990058, 0.803772, -12.541504)
(-1.141225, 0.769605, -12.540419), (-0.990058, 0.803772, -12.541504), (-0.991294, 0.789481, -12.697487)
(-1.292778, 0.737529, -12.539438), (-1.141225, 0.769605, -12.540419), (-1.142412, 0.754386, -12.696256)
(-1.292778, 0.737529, -12.539438), (-1.291286, 0.752118, -12.383612), (-1.141225, 0.769605, -12.540419)
(-0.686971, 0.886802, -12.387308), (-0.536646, 0.923371, -12.388199), (-0.538548, 0.914435, -12.544852)
(-0.686971, 0.886802, -12.387308), (-0.684783, 0.894632, -12.230645), (-0.536646, 0.923371, -12.388199)
(-0.837549, 0.850915, -12.386346), (-0.686971, 0.886802, -12.387308), (-0.688758, 0.876603, -12.543765)
(-0.837549, 0.850915, -12.386346), (-0.835479, 0.86014, -12.229876), (-0.686971, 0.886802, -12.387308)
(-0.988436, 0.816202, -12.385373), (-0.837549, 0.850915, -12.386346), (-0.839249, 0.839603, -12.54264)
(-0.988436, 0.816202, -12.385373), (-0.986468, 0.826765, -12.229082), (-0.837549, 0.850915, -12.386346)
(-1.139673, 0.783134, -12.384445), (-0.988436, 0.816202, -12.385373), (-0.990058, 0.803772, -12.541504)
(-1.139673, 0.783134, -12.384445), (-1.137797, 0.795003, -12.228322), (-0.988436, 0.816202, -12.385373)
(-1.291286, 0.752118, -12.383612), (-1.139673, 0.783134, -12.384445), (-1.141225, 0.769605, -12.540419)
(-1.291286, 0.752118, -12.383612), (-1.289494, 0.765286, -12.227648), (-1.139673, 0.783134, -12.384445)
(-1.253796, 1.383831, -12.240317), (-1.267309, 1.383834, -12.177316), (-1.151186, 1.39167, -12.217765)
(-1.253796, 1.383831, -12.240317), (-1.151186, 1.39167, -12.217765), (-1.102926, 0.62933, -12.146121)
(-0.684783, 0.894632, -12.230645), (-0.68226, 0.90022, -12.073793), (-0.53433, 0.929843, -12.231352)
(-0.684783, 0.894632, -12.230645), (-0.53433, 0.929843, -12.231352), (-0.536646, 0.923371, -12.388199)
(-0.835479, 0.86014, -12.229876), (-0.833093, 0.867286, -12.073217), (-0.684783, 0.894632, -12.230645)
(-0.835479, 0.86014, -12.229876), (-0.684783, 0.894632, -12.230645), (-0.686971, 0.886802, -12.387308)
(-0.986468, 0.826765, -12.229082), (-0.984205, 0.835472, -12.072617), (-0.835479, 0.86014, -12.229876)
(-0.986468, 0.826765, -12.229082), (-0.835479, 0.86014, -12.229876), (-0.837549, 0.850915, -12.386346)
(-1.137797, 0.795003, -12.228322), (-1.135645, 0.805221, -12.07204), (-0.986468, 0.826765, -12.229082)
(-1.137797, 0.795003, -12.228322), (-0.986468, 0.826765, -12.229082), (-0.988436, 0.816202, -12.385373)
(-1.289494, 0.765286, -12.227648), (-1.287444, 0.777003, -12.071544), (-1.137797, 0.795003, -12.228322)
(-1.289494, 0.765286, -12.227648), (-1.137797, 0.795003, -12.228322), (-1.139673, 0.783134, -12.384445)
(-1.151186, 1.39167, -12.217765), (-1.166018, 1.391673, -12.155061), (-1.049025, 1.400234, -12.192588)
(-1.151186, 1.39167, -12.217765), (-1.049025, 1.400234, -12.192588), (-0.997852, 0.638293, -12.118751)
(-1.049025, 1.400234, -12.192588), (-1.06521, 1.400237, -12.130221), (-0.94714, 1.409247, -12.16578)
(-1.049025, 1.400234, -12.192588), (-0.94714, 1.409247, -12.16578), (-0.893217, 0.647726, -12.089608)
(-1.267309, 1.383834, -12.177316), (-1.271555, 1.374323, -12.154046), (-1.166018, 1.391673, -12.155061)
(-1.267309, 1.383834, -12.177316), (-1.166018, 1.391673, -12.155061), (-1.151186, 1.39167, -12.217765)
(-1.208693, 0.621111, -12.170688), (-1.253796, 1.383831, -12.240317), (-1.102926, 0.62933, -12.146121)
(-0.94714, 1.409247, -12.16578), (-0.964693, 1.409249, -12.103784), (-0.845937, 1.41903, -12.135911)
(-0.94714, 1.409247, -12.16578), (-0.845937, 1.41903, -12.135911), (-0.789665, 0.65793, -12.05726)
(-1.166018, 1.391673, -12.155061), (-1.170689, 1.382166, -12.131873), (-1.06521, 1.400237, -12.130221)
(-1.166018, 1.391673, -12.155061), (-1.06521, 1.400237, -12.130221), (-1.049025, 1.400234, -12.192588)
(-1.271555, 1.374323, -12.154046), (-1.303761, 1.374331, -12.003938), (-1.170689, 1.382166, -12.131873)
(-1.271555, 1.374323, -12.154046), (-1.170689, 1.382166, -12.131873), (-1.166018, 1.391673, -12.155061)
(-1.102926, 0.62933, -12.146121), (-1.151186, 1.39167, -12.217765), (-0.997852, 0.638293, -12.118751)
(-0.845937, 1.41903, -12.135911), (-0.864889, 1.419033, -12.074327), (-0.74501, 1.429119, -12.10481)
(-0.845937, 1.41903, -12.135911), (-0.74501, 1.429119, -12.10481), (-0.686574, 0.668451, -12.023602)
(-1.170689, 1.382166, -12.131873), (-1.20603, 1.382172, -11.982469), (-1.070324, 1.390736, -12.107125)
(-1.170689, 1.382166, -12.131873), (-1.070324, 1.390736, -12.107125), (-1.06521, 1.400237, -12.130221)
(-1.06521, 1.400237, -12.130221), (-1.070324, 1.390736, -12.107125), (-0.964693, 1.409249, -12.103784)
(-1.06521, 1.400237, -12.130221), (-0.964693, 1.409249, -12.103784), (-0.94714, 1.409247, -12.16578)
(-0.997852, 0.638293, -12.118751), (-1.049025, 1.400234, -12.192588), (-0.893217, 0.647726, -12.089608)
(-1.070324, 1.390736, -12.107125), (-1.108889, 1.390744, -11.95852), (-0.970263, 1.399752, -12.080789)
(-1.070324, 1.390736, -12.107125), (-0.970263, 1.399752, -12.080789), (-0.964693, 1.409249, -12.103784)
(-0.74501, 1.429119, -12.10481), (-0.765367, 1.429119, -12.043677), (-0.645106, 1.440027, -12.070024)
(-0.74501, 1.429119, -12.10481), (-0.645106, 1.440027, -12.070024), (-0.585121, 0.679763, -11.986207)
(-0.964693, 1.409249, -12.103784), (-0.970263, 1.399752, -12.080789), (-0.864889, 1.419033, -12.074327)
(-0.964693, 1.409249, -12.103784), (-0.864889, 1.419033, -12.074327), (-0.845937, 1.41903, -12.135911)
(-0.893217, 0.647726, -12.089608), (-0.94714, 1.409247, -12.16578), (-0.789665, 0.65793, -12.05726)
(-0.970263, 1.399752, -12.080789), (-1.012089, 1.399757, -11.933068), (-0.870927, 1.409542, -12.05145)
(-0.970263, 1.399752, -12.080789), (-0.870927, 1.409542, -12.05145), (-0.864889, 1.419033, -12.074327)
(-0.864889, 1.419033, -12.074327), (-0.870927, 1.409542, -12.05145), (-0.765367, 1.429119, -12.043677)
(-0.864889, 1.419033, -12.074327), (-0.765367, 1.429119, -12.043677), (-0.74501, 1.429119, -12.10481)
(-0.68226, 0.90022, -12.073793), (-0.531655, 0.933853, -12.074299), (-0.53433, 0.929843, -12.231352)
(-0.68226, 0.90022, -12.073793), (-0.679487, 0.903871, -11.916762), (-0.531655, 0.933853, -12.074299)
(-0.833093, 0.867286, -12.073217), (-0.68226, 0.90022, -12.073793), (-0.684783, 0.894632, -12.230645)
(-0.833093, 0.867286, -12.073217), (-0.83047, 0.872632, -11.916385), (-0.68226, 0.90022, -12.073793)
(-0.984205, 0.835472, -12.072617), (-0.833093, 0.867286, -12.073217), (-0.835479, 0.86014, -12.229876)
(-0.984205, 0.835472, -12.072617), (-0.981722, 0.842497, -11.915977), (-0.833093, 0.867286, -12.073217)
(-1.135645, 0.805221, -12.07204), (-0.984205, 0.835472, -12.072617), (-0.986468, 0.826765, -12.229082)
(-1.135645, 0.805221, -12.07204), (-1.133289, 0.813929, -11.915592), (-0.984205, 0.835472, -12.072617)
(-1.287444, 0.777003, -12.071544), (-1.135645, 0.805221, -12.07204), (-1.137797, 0.795003, -12.228322)
(-1.287444, 0.777003, -12.071544), (-1.285205, 0.787375, -11.915282), (-1.135645, 0.805221, -12.07204)
(-0.645106, 1.440027, -12.070024), (-0.666883, 1.44003, -12.009381), (-0.545522, 1.451146, -12.034202)
(-0.645106, 1.440027, -12.070024), (-0.545522, 1.451146, -12.034202), (-0.484202, 0.691284, -11.947751)
(-0.789665, 0.65793, -12.05726), (-0.845937, 1.41903, -12.135911), (-0.686574, 0.668451, -12.023602)
# -0.3007781166866636, 0, -12.387544316686668
(-0.090723, 1.020467, -12.704526), (0.058926, 1.058738, -12.705316), (0.057628, 1.048, -12.862319)
(-0.090723, 1.020467, -12.704526), (-0.088955, 1.02892, -12.547507), (0.058926, 1.058738, -12.705316)
(-0.240362, 0.981501, -12.703582), (-0.090723, 1.020467, -12.704526), (-0.091915, 1.008962, -12.861338)
(-0.240362, 0.981501, -12.703582), (-0.238729, 0.991032, -12.546763), (-0.090723, 1.020467, -12.704526)
(-0.390095, 0.942255, -12.702505), (-0.240362, 0.981501, -12.703582), (-0.241475, 0.96932, -12.860217)
(-0.390095, 0.942255, -12.702505), (-0.388561, 0.952708, -12.545863), (-0.240362, 0.981501, -12.703582)
(-0.539984, 0.902976, -12.701311), (-0.390095, 0.942255, -12.702505), (-0.391116, 0.929229, -12.858959)
(-0.539984, 0.902976, -12.701311), (-0.538548, 0.914435, -12.544852), (-0.390095, 0.942255, -12.702505)
(-0.088955, 1.02892, -12.547507), (0.060817, 1.06627, -12.548099), (0.058926, 1.058738, -12.705316)
(-0.088955, 1.02892, -12.547507), (-0.086659, 1.03437, -12.390279), (0.060817, 1.06627, -12.548099)
(-0.238729, 0.991032, -12.546763), (-0.236571, 0.997597, -12.389729), (-0.088955, 1.02892, -12.547507)
(-0.238729, 0.991032, -12.546763), (-0.088955, 1.02892, -12.547507), (-0.090723, 1.020467, -12.704526)
(-0.388561, 0.952708, -12.545863), (-0.238729, 0.991032, -12.546763), (-0.240362, 0.981501, -12.703582)
(-0.388561, 0.952708, -12.545863), (-0.38654, 0.96047, -12.389025), (-0.238729, 0.991032, -12.546763)
(-0.538548, 0.914435, -12.544852), (-0.536646, 0.923371, -12.388199), (-0.388561, 0.952708, -12.545863)
(-0.538548, 0.914435, -12.544852), (-0.388561, 0.952708, -12.545863), (-0.390095, 0.942255, -12.702505)
(-0.086659, 1.03437, -12.390279), (0.063287, 1.070439, -12.390653), (0.060817, 1.06627, -12.548099)
(-0.086659, 1.03437, -12.390279), (-0.083839, 1.036509, -12.23281), (0.063287, 1.070439, -12.390653)
(-0.236571, 0.997597, -12.389729), (-0.086659, 1.03437, -12.390279), (-0.088955, 1.02892, -12.547507)
(-0.236571, 0.997597, -12.389729), (-0.233937, 1.001203, -12.232473), (-0.086659, 1.03437, -12.390279)
(-0.38654, 0.96047, -12.389025), (-0.236571, 0.997597, -12.389729), (-0.238729, 0.991032, -12.546763)
(-0.38654, 0.96047, -12.389025), (-0.384074, 0.96552, -12.231977), (-0.236571, 0.997597, -12.389729)
(-0.536646, 0.923371, -12.388199), (-0.38654, 0.96047, -12.389025), (-0.388561, 0.952708, -12.545863)
(-0.536646, 0.923371, -12.388199), (-0.53433, 0.929843, -12.231352), (-0.38654, 0.96047, -12.389025)
(-0.083839, 1.036509, -12.23281), (-0.080601, 1.035733, -12.07513), (0.066286, 1.071267, -12.232979)
(-0.083839, 1.036509, -12.23281), (0.066286, 1.071267, -12.232979), (0.063287, 1.070439, -12.390653)
(-0.233937, 1.001203, -12.232473), (-0.230895, 1.001951, -12.075001), (-0.083839, 1.036509, -12.23281)
(-0.233937, 1.001203, -12.232473), (-0.083839, 1.036509, -12.23281), (-0.086659, 1.03437, -12.390279)
(-0.384074, 0.96552, -12.231977), (-0.381225, 0.967916, -12.074717), (-0.233937, 1.001203, -12.232473)
(-0.384074, 0.96552, -12.231977), (-0.233937, 1.001203, -12.232473), (-0.236571, 0.997597, -12.389729)
(-0.53433, 0.929843, -12.231352), (-0.531655, 0.933853, -12.074299), (-0.384074, 0.96552, -12.231977)
(-0.53433, 0.929843, -12.231352), (-0.384074, 0.96552, -12.231977), (-0.38654, 0.96047, -12.389025)
(-0.080601, 1.035733, -12.07513), (0.069732, 1.068989, -12.07509), (0.066286, 1.071267, -12.232979)
(-0.080601, 1.035733, -12.07513), (-0.077074, 1.032651, -11.917276), (0.069732, 1.068989, -12.07509)
(-0.230895, 1.001951, -12.075001), (-0.080601, 1.035733, -12.07513), (-0.083839, 1.036509, -12.23281)
(-0.230895, 1.001951, -12.075001), (-0.227583, 1.00058, -11.917357), (-0.080601, 1.035733, -12.07513)
(-0.381225, 0.967916, -12.074717), (-0.230895, 1.001951, -12.075001), (-0.233937, 1.001203, -12.232473)
(-0.381225, 0.967916, -12.074717), (-0.378106, 0.968196, -11.917278), (-0.230895, 1.001951, -12.075001)
(-0.531655, 0.933853, -12.074299), (-0.381225, 0.967916, -12.074717), (-0.384074, 0.96552, -12.231977)
(-0.531655, 0.933853, -12.074299), (-0.528719, 0.935841, -11.917068), (-0.381225, 0.967916, -12.074717)
