# -19.66611488335333, 0, 0.9678603499800029
(-19.569479, -0.230589, 0.639295), (-19.428741, -0.145388, 0.646345), (-19.428465, -0.143272, 0.492723)
(-19.569479, -0.230589, 0.639295), (-19.570107, -0.233797, 0.793505), (-19.428741, -0.145388, 0.646345)
(-19.428741, -0.145388, 0.646345), (-19.429226, -0.150035, 0.800388), (-19.292505, -0.050275, 0.653168)
(-19.428741, -0.145388, 0.646345), (-19.292505, -0.050275, 0.653168), (-19.292461, -0.046181, 0.499568)
(-19.869167, -0.355225, 0.77989), (-19.716587, -0.302916, 0.786651), (-19.715891, -0.301201, 0.632205)
(-19.869167, -0.355225, 0.77989), (-19.870609, -0.35491, 0.935105), (-19.716587, -0.302916, 0.786651)
(-19.716587, -0.302916, 0.786651), (-19.570107, -0.233797, 0.793505), (-19.569479, -0.230589, 0.639295)
(-19.716587, -0.302916, 0.786651), (-19.718058, -0.303908, 0.941599), (-19.570107, -0.233797, 0.793505)
(-19.570107, -0.233797, 0.793505), (-19.429226, -0.150035, 0.800388), (-19.428741, -0.145388, 0.646345)
(-19.570107, -0.233797, 0.793505), (-19.57147, -0.23631, 0.948221), (-19.429226, -0.150035, 0.800388)
(-19.429226, -0.150035, 0.800388), (-19.292871, -0.055732, 0.807158), (-19.292505, -0.050275, 0.653168)
(-19.429226, -0.150035, 0.800388), (-19.430342, -0.154333, 0.954917), (-19.292871, -0.055732, 0.807158)
(-19.870609, -0.35491, 0.935105), (-19.872061, -0.355674, 1.090896), (-19.718058, -0.303908, 0.941599)
(-19.870609, -0.35491, 0.935105), (-19.718058, -0.303908, 0.941599), (-19.716587, -0.302916, 0.786651)
(-19.718058, -0.303908, 0.941599), (-19.719528, -0.306074, 1.097154), (-19.57147, -0.23631, 0.948221)
(-19.718058, -0.303908, 0.941599), (-19.57147, -0.23631, 0.948221), (-19.570107, -0.233797, 0.793505)
(-19.57147, -0.23631, 0.948221), (-19.572866, -0.2399, 1.103548), (-19.430342, -0.154333, 0.954917)
(-19.57147, -0.23631, 0.948221), (-19.430342, -0.154333, 0.954917), (-19.429226, -0.150035, 0.800388)
(-19.430342, -0.154333, 0.954917), (-19.431576, -0.159587, 1.110011), (-19.293581, -0.062299, 0.961544)
(-19.430342, -0.154333, 0.954917), (-19.293581, -0.062299, 0.961544), (-19.292871, -0.055732, 0.807158)
(-19.872061, -0.355674, 1.090896), (-19.719528, -0.306074, 1.097154), (-19.718058, -0.303908, 0.941599)
(-19.872061, -0.355674, 1.090896), (-19.873791, -0.356125, 1.247097), (-19.719528, -0.306074, 1.097154)
(-19.719528, -0.306074, 1.097154), (-19.572866, -0.2399, 1.103548), (-19.57147, -0.23631, 0.948221)
(-19.719528, -0.306074, 1.097154), (-19.721313, -0.307436, 1.253155), (-19.572866, -0.2399, 1.103548)
(-19.572866, -0.2399, 1.103548), (-19.431576, -0.159587, 1.110011), (-19.430342, -0.154333, 0.954917)
(-19.572866, -0.2399, 1.103548), (-19.574583, -0.242371, 1.259348), (-19.431576, -0.159587, 1.110011)
(-19.431576, -0.159587, 1.110011), (-19.294615, -0.068607, 1.116437), (-19.293581, -0.062299, 0.961544)
(-19.431576, -0.159587, 1.110011), (-19.433096, -0.163117, 1.265613), (-19.294615, -0.068607, 1.116437)
(-19.873791, -0.356125, 1.247097), (-19.875471, -0.356456, 1.403722), (-19.721313, -0.307436, 1.253155)
(-19.873791, -0.356125, 1.247097), (-19.721313, -0.307436, 1.253155), (-19.719528, -0.306074, 1.097154)
(-19.721313, -0.307436, 1.253155), (-19.723051, -0.308547, 1.409612), (-19.574583, -0.242371, 1.259348)
(-19.721313, -0.307436, 1.253155), (-19.574583, -0.242371, 1.259348), (-19.572866, -0.2399, 1.103548)
(-19.574583, -0.242371, 1.259348), (-19.433096, -0.163117, 1.265613), (-19.431576, -0.159587, 1.110011)
(-19.574583, -0.242371, 1.259348), (-19.576288, -0.244278, 1.415615), (-19.433096, -0.163117, 1.265613)
(-19.433096, -0.163117, 1.265613), (-19.434658, -0.165868, 1.421682), (-19.295813, -0.073529, 1.271848)
(-19.433096, -0.163117, 1.265613), (-19.295813, -0.073529, 1.271848), (-19.294615, -0.068607, 1.116437)
# -18.99834465002, 0, 0.9678603499800029
(-19.292505, -0.050275, 0.653168), (-19.159294, 0.05036, 0.65965), (-19.159531, 0.055997, 0.50591)
(-19.292505, -0.050275, 0.653168), (-19.292871, -0.055732, 0.807158), (-19.159294, 0.05036, 0.65965)
(-19.159294, 0.05036, 0.65965), (-19.159517, 0.043721, 0.813622), (-19.027527, 0.15186, 0.665707)
(-19.159294, 0.05036, 0.65965), (-19.027527, 0.15186, 0.665707), (-19.028042, 0.159076, 0.511796)
(-19.027527, 0.15186, 0.665707), (-18.895288, 0.248063, 0.67121), (-18.895939, 0.255888, 0.51703)
(-19.027527, 0.15186, 0.665707), (-19.027472, 0.143982, 0.819765), (-18.895288, 0.248063, 0.67121)
(-18.895288, 0.248063, 0.67121), (-18.894728, 0.238556, 0.825467), (-18.760342, 0.333531, 0.676231)
(-18.895288, 0.248063, 0.67121), (-18.760342, 0.333531, 0.676231), (-18.761288, 0.342369, 0.521739)
(-18.760342, 0.333531, 0.676231), (-18.62101, 0.405831, 0.680923), (-18.62232, 0.415721, 0.526147)
(-18.760342, 0.333531, 0.676231), (-18.759476, 0.323364, 0.830705), (-18.62101, 0.405831, 0.680923)
(-19.292871, -0.055732, 0.807158), (-19.159517, 0.043721, 0.813622), (-19.159294, 0.05036, 0.65965)
(-19.292871, -0.055732, 0.807158), (-19.293581, -0.062299, 0.961544), (-19.159517, 0.043721, 0.813622)
(-19.159517, 0.043721, 0.813622), (-19.027472, 0.143982, 0.819765), (-19.027527, 0.15186, 0.665707)
(-19.159517, 0.043721, 0.813622), (-19.15979, 0.035594, 0.96798), (-19.027472, 0.143982, 0.819765)
(-19.027472, 0.143982, 0.819765), (-18.894728, 0.238556, 0.825467), (-18.895288, 0.248063, 0.67121)
(-19.027472, 0.143982, 0.819765), (-19.02739, 0.134658, 0.974126), (-18.894728, 0.238556, 0.825467)
(-18.894728, 0.238556, 0.825467), (-18.759476, 0.323364, 0.830705), (-18.760342, 0.333531, 0.676231)
(-18.894728, 0.238556, 0.825467), (-18.894457, 0.228909, 0.979868), (-18.759476, 0.323364, 0.830705)
(-18.759476, 0.323364, 0.830705), (-18.619766, 0.394949, 0.835599), (-18.62101, 0.405831, 0.680923)
(-18.759476, 0.323364, 0.830705), (-18.758757, 0.312883, 0.985223), (-18.619766, 0.394949, 0.835599)
(-19.293581, -0.062299, 0.961544), (-19.294615, -0.068607, 1.116437), (-19.15979, 0.035594, 0.96798)
(-19.293581, -0.062299, 0.961544), (-19.15979, 0.035594, 0.96798), (-19.159517, 0.043721, 0.813622)
(-19.15979, 0.035594, 0.96798), (-19.160566, 0.028423, 1.122725), (-19.02739, 0.134658, 0.974126)
(-19.15979, 0.035594, 0.96798), (-19.02739, 0.134658, 0.974126), (-19.027472, 0.143982, 0.819765)
(-19.02739, 0.134658, 0.974126), (-19.027712, 0.126164, 1.128776), (-18.894457, 0.228909, 0.979868)
(-19.02739, 0.134658, 0.974126), (-18.894457, 0.228909, 0.979868), (-18.894728, 0.238556, 0.825467)
(-18.894457, 0.228909, 0.979868), (-18.894245, 0.219222, 1.134504), (-18.758757, 0.312883, 0.985223)
(-18.894457, 0.228909, 0.979868), (-18.758757, 0.312883, 0.985223), (-18.759476, 0.323364, 0.830705)
(-18.758757, 0.312883, 0.985223), (-18.758173, 0.302903, 1.139896), (-18.6187, 0.384099, 0.990262)
(-18.758757, 0.312883, 0.985223), (-18.6187, 0.384099, 0.990262), (-18.619766, 0.394949, 0.835599)
(-19.294615, -0.068607, 1.116437), (-19.160566, 0.028423, 1.122725), (-19.15979, 0.035594, 0.96798)
(-19.294615, -0.068607, 1.116437), (-19.295813, -0.073529, 1.271848), (-19.160566, 0.028423, 1.122725)
(-19.160566, 0.028423, 1.122725), (-19.027712, 0.126164, 1.128776), (-19.02739, 0.134658, 0.974126)
(-19.160566, 0.028423, 1.122725), (-19.161358, 0.022135, 1.277967), (-19.027712, 0.126164, 1.128776)
(-19.027712, 0.126164, 1.128776), (-18.894245, 0.219222, 1.134504), (-18.894457, 0.228909, 0.979868)
(-19.027712, 0.126164, 1.128776), (-19.028141, 0.118859, 1.283868), (-18.894245, 0.219222, 1.134504)
(-18.894245, 0.219222, 1.134504), (-18.758173, 0.302903, 1.139896), (-18.758757, 0.312883, 0.985223)
(-18.894245, 0.219222, 1.134504), (-18.894377, 0.211443, 1.289472), (-18.758173, 0.302903, 1.139896)
(-18.758173, 0.302903, 1.139896), (-18.617765, 0.373898, 1.144996), (-18.6187, 0.384099, 0.990262)
(-18.758173, 0.302903, 1.139896), (-18.757887, 0.294547, 1.29479), (-18.617765, 0.373898, 1.144996)
(-19.295813, -0.073529, 1.271848), (-19.297142, -0.077066, 1.42772), (-19.161358, 0.022135, 1.277967)
(-19.295813, -0.073529, 1.271848), (-19.161358, 0.022135, 1.277967), (-19.160566, 0.028423, 1.122725)
(-19.161358, 0.022135, 1.277967), (-19.162342, 0.017348, 1.43361), (-19.028141, 0.118859, 1.283868)
(-19.161358, 0.022135, 1.277967), (-19.028141, 0.118859, 1.283868), (-19.027712, 0.126164, 1.128776)
(-19.028141, 0.118859, 1.283868), (-18.894377, 0.211443, 1.289472), (-18.894245, 0.219222, 1.134504)
(-19.028141, 0.118859, 1.283868), (-19.028767, 0.113267, 1.439309), (-18.894377, 0.211443, 1.289472)
(-18.894377, 0.211443, 1.289472), (-18.894617, 0.205227, 1.444743), (-18.757887, 0.294547, 1.29479)
(-18.894377, 0.211443, 1.289472), (-18.757887, 0.294547, 1.29479), (-18.758173, 0.302903, 1.139896)
(-18.757887, 0.294547, 1.29479), (-18.757812, 0.288055, 1.449926), (-18.617159, 0.365384, 1.299873)
(-18.757887, 0.294547, 1.29479), (-18.617159, 0.365384, 1.299873), (-18.617765, 0.373898, 1.144996)
# -18.330574416686666, 0, 0.9678603499800029
(-18.62101, 0.405831, 0.680923), (-18.619766, 0.394949, 0.835599), (-18.476885, 0.465606, 0.685395)
(-18.62101, 0.405831, 0.680923), (-18.476885, 0.465606, 0.685395), (-18.478458, 0.476182, 0.530394)
(-18.476885, 0.465606, 0.685395), (-18.32893, 0.516329, 0.689767), (-18.330536, 0.526885, 0.534586)
(-18.476885, 0.465606, 0.685395), (-18.475409, 0.454452, 0.840257), (-18.32893, 0.516329, 0.689767)
(-18.32893, 0.516329, 0.689767), (-18.327389, 0.505355, 0.844794), (-18.178408, 0.561674, 0.694173)
(-18.32893, 0.516329, 0.689767), (-18.178408, 0.561674, 0.694173), (-18.180006, 0.57201, 0.538852)
(-18.178408, 0.561674, 0.694173), (-18.026371, 0.604463, 0.698733), (-18.027821, 0.614142, 0.543293)
(-18.178408, 0.561674, 0.694173), (-18.176952, 0.551264, 0.849344), (-18.026371, 0.604463, 0.698733)
(-18.026371, 0.604463, 0.698733), (-18.025, 0.594724, 0.85404), (-17.87344, 0.646225, 0.703523)
(-18.026371, 0.604463, 0.698733), (-17.87344, 0.646225, 0.703523), (-17.874727, 0.655174, 0.54798)
(-18.619766, 0.394949, 0.835599), (-18.475409, 0.454452, 0.840257), (-18.476885, 0.465606, 0.685395)
(-18.619766, 0.394949, 0.835599), (-18.6187, 0.384099, 0.990262), (-18.475409, 0.454452, 0.840257)
(-18.475409, 0.454452, 0.840257), (-18.327389, 0.505355, 0.844794), (-18.32893, 0.516329, 0.689767)
(-18.475409, 0.454452, 0.840257), (-18.474119, 0.443567, 0.995061), (-18.327389, 0.505355, 0.844794)
(-18.327389, 0.505355, 0.844794), (-18.176952, 0.551264, 0.849344), (-18.178408, 0.561674, 0.694173)
(-18.327389, 0.505355, 0.844794), (-18.326004, 0.494739, 0.99974), (-18.176952, 0.551264, 0.849344)
(-18.176952, 0.551264, 0.849344), (-18.025, 0.594724, 0.85404), (-18.026371, 0.604463, 0.698733)
(-18.176952, 0.551264, 0.849344), (-18.17556, 0.54118, 1.004436), (-18.025, 0.594724, 0.85404)
(-18.025, 0.594724, 0.85404), (-17.872225, 0.637319, 0.858952), (-17.87344, 0.646225, 0.703523)
(-18.025, 0.594724, 0.85404), (-18.02375, 0.585468, 1.009271), (-17.872225, 0.637319, 0.858952)
(-18.6187, 0.384099, 0.990262), (-18.617765, 0.373898, 1.144996), (-18.474119, 0.443567, 0.995061)
(-18.6187, 0.384099, 0.990262), (-18.474119, 0.443567, 0.995061), (-18.475409, 0.454452, 0.840257)
(-18.474119, 0.443567, 0.995061), (-18.472939, 0.433388, 1.149885), (-18.326004, 0.494739, 0.99974)
(-18.474119, 0.443567, 0.995061), (-18.326004, 0.494739, 0.99974), (-18.327389, 0.505355, 0.844794)
(-18.326004, 0.494739, 0.99974), (-18.324697, 0.484911, 1.154684), (-18.17556, 0.54118, 1.004436)
(-18.326004, 0.494739, 0.99974), (-18.17556, 0.54118, 1.004436), (-18.176952, 0.551264, 0.849344)
(-18.17556, 0.54118, 1.004436), (-18.174332, 0.532118, 1.159521), (-18.02375, 0.585468, 1.009271)
(-18.17556, 0.54118, 1.004436), (-18.02375, 0.585468, 1.009271), (-18.025, 0.594724, 0.85404)
(-18.02375, 0.585468, 1.009271), (-18.02265, 0.577218, 1.164499), (-17.87113, 0.628922, 1.014317)
(-18.02375, 0.585468, 1.009271), (-17.87113, 0.628922, 1.014317), (-17.872225, 0.637319, 0.858952)
(-18.617765, 0.373898, 1.144996), (-18.472939, 0.433388, 1.149885), (-18.474119, 0.443567, 0.995061)
(-18.617765, 0.373898, 1.144996), (-18.617159, 0.365384, 1.299873), (-18.472939, 0.433388, 1.149885)
(-18.472939, 0.433388, 1.149885), (-18.324697, 0.484911, 1.154684), (-18.326004, 0.494739, 0.99974)
(-18.472939, 0.433388, 1.149885), (-18.472084, 0.424873, 1.304801), (-18.324697, 0.484911, 1.154684)
(-18.324697, 0.484911, 1.154684), (-18.174332, 0.532118, 1.159521), (-18.17556, 0.54118, 1.004436)
(-18.324697, 0.484911, 1.154684), (-18.323795, 0.476776, 1.30968), (-18.174332, 0.532118, 1.159521)
(-18.174332, 0.532118, 1.159521), (-18.02265, 0.577218, 1.164499), (-18.02375, 0.585468, 1.009271)
(-18.174332, 0.532118, 1.159521), (-18.173403, 0.52446, 1.314634), (-18.02265, 0.577218, 1.164499)
(-18.02265, 0.577218, 1.164499), (-17.870161, 0.621507, 1.169691), (-17.87113, 0.628922, 1.014317)
(-18.02265, 0.577218, 1.164499), (-18.021778, 0.570191, 1.319746), (-17.870161, 0.621507, 1.169691)
(-18.617159, 0.365384, 1.299873), (-18.616716, 0.35855, 1.454935), (-18.472084, 0.424873, 1.304801)
(-18.617159, 0.365384, 1.299873), (-18.472084, 0.424873, 1.304801), (-18.472939, 0.433388, 1.149885)
# -17.662804183353337, 0, 0.9678603499800029
(-17.87344, 0.646225, 0.703523), (-17.719933, 0.68782, 0.708598), (-17.72102, 0.695928, 0.552969)
(-17.87344, 0.646225, 0.703523), (-17.872225, 0.637319, 0.858952), (-17.719933, 0.68782, 0.708598)
(-17.719933, 0.68782, 0.708598), (-17.718906, 0.679815, 0.86414), (-17.56608, 0.72984, 0.713997)
(-17.719933, 0.68782, 0.708598), (-17.56608, 0.72984, 0.713997), (-17.566969, 0.737043, 0.558276)
(-17.56608, 0.72984, 0.713997), (-17.412043, 0.772546, 0.719709), (-17.412729, 0.778838, 0.5639)
(-17.56608, 0.72984, 0.713997), (-17.565248, 0.722726, 0.869638), (-17.412043, 0.772546, 0.719709)
(-17.412043, 0.772546, 0.719709), (-17.411386, 0.766396, 0.87547), (-17.257898, 0.815973, 0.72571)
(-17.412043, 0.772546, 0.719709), (-17.257898, 0.815973, 0.72571), (-17.2584, 0.821432, 0.56982)
(-17.872225, 0.637319, 0.858952), (-17.718906, 0.679815, 0.86414), (-17.719933, 0.68782, 0.708598)
(-17.872225, 0.637319, 0.858952), (-17.87113, 0.628922, 1.014317), (-17.718906, 0.679815, 0.86414)
(-17.718906, 0.679815, 0.86414), (-17.565248, 0.722726, 0.869638), (-17.56608, 0.72984, 0.713997)
(-17.718906, 0.679815, 0.86414), (-17.717976, 0.672324, 1.019637), (-17.565248, 0.722726, 0.869638)
(-17.565248, 0.722726, 0.869638), (-17.411386, 0.766396, 0.87547), (-17.412043, 0.772546, 0.719709)
(-17.565248, 0.722726, 0.869638), (-17.564486, 0.71618, 1.025271), (-17.411386, 0.766396, 0.87547)
(-17.411386, 0.766396, 0.87547), (-17.257418, 0.810649, 0.881567), (-17.257898, 0.815973, 0.72571)
(-17.411386, 0.766396, 0.87547), (-17.410791, 0.760687, 1.031218), (-17.257418, 0.810649, 0.881567)
(-17.87113, 0.628922, 1.014317), (-17.870161, 0.621507, 1.169691), (-17.717976, 0.672324, 1.019637)
(-17.87113, 0.628922, 1.014317), (-17.717976, 0.672324, 1.019637), (-17.718906, 0.679815, 0.86414)
(-17.717976, 0.672324, 1.019637), (-17.717148, 0.665788, 1.175163), (-17.564486, 0.71618, 1.025271)
(-17.717976, 0.672324, 1.019637), (-17.564486, 0.71618, 1.025271), (-17.565248, 0.722726, 0.869638)
(-17.564486, 0.71618, 1.025271), (-17.563816, 0.710409, 1.180922), (-17.410791, 0.760687, 1.031218)
(-17.564486, 0.71618, 1.025271), (-17.410791, 0.760687, 1.031218), (-17.411386, 0.766396, 0.87547)
(-17.410791, 0.760687, 1.031218), (-17.410269, 0.755668, 1.186998), (-17.256979, 0.805701, 1.03742)
(-17.410791, 0.760687, 1.031218), (-17.256979, 0.805701, 1.03742), (-17.257418, 0.810649, 0.881567)
(-17.870161, 0.621507, 1.169691), (-17.717148, 0.665788, 1.175163), (-17.717976, 0.672324, 1.019637)
(-17.870161, 0.621507, 1.169691), (-17.869371, 0.615175, 1.325086), (-17.717148, 0.665788, 1.175163)
(-17.717148, 0.665788, 1.175163), (-17.563816, 0.710409, 1.180922), (-17.564486, 0.71618, 1.025271)
(-17.717148, 0.665788, 1.175163), (-17.716473, 0.660107, 1.330691), (-17.563816, 0.710409, 1.180922)
(-17.563816, 0.710409, 1.180922), (-17.410269, 0.755668, 1.186998), (-17.410791, 0.760687, 1.031218)
(-17.563816, 0.710409, 1.180922), (-17.563253, 0.705427, 1.336597), (-17.410269, 0.755668, 1.186998)
(-17.410269, 0.755668, 1.186998), (-17.256592, 0.801335, 1.193313), (-17.256979, 0.805701, 1.03742)
(-17.410269, 0.755668, 1.186998), (-17.409824, 0.751226, 1.342788), (-17.256592, 0.801335, 1.193313)
# -16.99503395002, 0, 0.9678603499800029
(-16.914255, 1.471677, 0.639891), (-16.890253, 1.481174, 0.643213), (-16.903811, 1.481287, 0.540588)
(-16.914255, 1.471677, 0.639891), (-16.903811, 1.481287, 0.540588), (-17.056452, 1.481285, 0.524148)
(-16.890253, 1.481174, 0.643213), (-16.879833, 1.490784, 0.544097), (-16.903811, 1.481287, 0.540588)
(-16.890253, 1.481174, 0.643213), (-16.900675, 1.471566, 0.742325), (-16.850889, 1.471566, 0.746957)
(-16.840502, 1.481175, 0.648206), (-16.890253, 1.481174, 0.643213), (-16.850889, 1.471566, 0.746957)
(-17.100351, 0.70998, 0.651462), (-17.165346, 1.471565, 0.717701), (-17.089163, 0.719673, 0.549997)
(-16.790752, 1.481176, 0.653199), (-16.780407, 1.490785, 0.554806), (-16.840502, 1.481175, 0.648206)
(-16.790752, 1.481176, 0.653199), (-16.766567, 1.471679, 0.654714), (-16.756229, 1.48129, 0.556484)
(-16.790752, 1.481176, 0.653199), (-16.840502, 1.481175, 0.648206), (-16.850889, 1.471566, 0.746957)
(-16.790752, 1.481176, 0.653199), (-16.801104, 1.471566, 0.751589), (-16.766567, 1.471679, 0.654714)
(-16.766567, 1.471679, 0.654714), (-16.613804, 1.471681, 0.670045), (-16.603588, 1.481292, 0.572925)
(-16.766567, 1.471679, 0.654714), (-16.776909, 1.462068, 0.752938), (-16.613804, 1.471681, 0.670045)
(-17.165346, 1.471565, 0.717701), (-17.101191, 1.471565, 0.72367), (-17.154741, 1.481171, 0.616668)
(-17.165346, 1.471565, 0.717701), (-17.154741, 1.481171, 0.616668), (-17.089163, 0.719673, 0.549997)
(-17.101191, 1.471565, 0.72367), (-17.07757, 1.462067, 0.724966), (-17.090628, 1.481171, 0.623102)
(-17.101191, 1.471565, 0.72367), (-17.090628, 1.481171, 0.623102), (-17.154741, 1.481171, 0.616668)
(-17.07757, 1.462067, 0.724966), (-16.924704, 1.462067, 0.739188), (-17.067015, 1.471675, 0.624558)
(-17.07757, 1.462067, 0.724966), (-17.067015, 1.471675, 0.624558), (-17.090628, 1.481171, 0.623102)
(-17.257898, 0.815973, 0.72571), (-17.103706, 0.860161, 0.731989), (-17.10404, 0.864906, 0.576038)
(-17.257898, 0.815973, 0.72571), (-17.257418, 0.810649, 0.881567), (-17.103706, 0.860161, 0.731989)
(-17.103706, 0.860161, 0.731989), (-17.103382, 0.855562, 0.887927), (-16.949499, 0.905057, 0.738525)
(-17.103706, 0.860161, 0.731989), (-16.949499, 0.905057, 0.738525), (-16.949686, 0.90916, 0.582514)
(-16.949499, 0.905057, 0.738525), (-16.7953, 0.950417, 0.745261), (-16.795366, 0.954044, 0.589212)
(-16.949499, 0.905057, 0.738525), (-16.949312, 0.901046, 0.894525), (-16.7953, 0.950417, 0.745261)
(-16.924704, 1.462067, 0.739188), (-16.900675, 1.471566, 0.742325), (-16.914255, 1.471677, 0.639891)
(-16.924704, 1.462067, 0.739188), (-16.914255, 1.471677, 0.639891), (-17.067015, 1.471675, 0.624558)
(-16.900675, 1.471566, 0.742325), (-16.890253, 1.481174, 0.643213), (-16.914255, 1.471677, 0.639891)
(-16.900675, 1.471566, 0.742325), (-16.908686, 1.462364, 0.841688), (-16.858868, 1.462365, 0.845946)
(-16.7953, 0.950417, 0.745261), (-16.795219, 0.946885, 0.901318), (-16.641109, 0.995928, 0.752129)
(-16.7953, 0.950417, 0.745261), (-16.641109, 0.995928, 0.752129), (-16.641087, 0.999241, 0.596058)
(-16.850889, 1.471566, 0.746957), (-16.900675, 1.471566, 0.742325), (-16.858868, 1.462365, 0.845946)
(-16.801104, 1.471566, 0.751589), (-16.790752, 1.481176, 0.653199), (-16.850889, 1.471566, 0.746957)
(-16.801104, 1.471566, 0.751589), (-16.776909, 1.462068, 0.752938), (-16.766567, 1.471679, 0.654714)
(-16.801104, 1.471566, 0.751589), (-16.850889, 1.471566, 0.746957), (-16.858868, 1.462365, 0.845946)
(-16.801104, 1.471566, 0.751589), (-16.809048, 1.462365, 0.850204), (-16.776909, 1.462068, 0.752938)
(-16.776909, 1.462068, 0.752938), (-16.624043, 1.462068, 0.76716), (-16.613804, 1.471681, 0.670045)
(-16.776909, 1.462068, 0.752938), (-16.784843, 1.452866, 0.851384), (-16.624043, 1.462068, 0.76716)
(-17.109114, 0.700685, 0.753294), (-17.173536, 1.462361, 0.819053), (-17.100351, 0.70998, 0.651462)
(-17.173536, 1.462361, 0.819053), (-17.109339, 1.462362, 0.824539), (-17.165346, 1.471565, 0.717701)
(-17.173536, 1.462361, 0.819053), (-17.165346, 1.471565, 0.717701), (-17.100351, 0.70998, 0.651462)
(-17.109339, 1.462362, 0.824539), (-17.085707, 1.452863, 0.82567), (-17.101191, 1.471565, 0.72367)
(-17.109339, 1.462362, 0.824539), (-17.101191, 1.471565, 0.72367), (-17.165346, 1.471565, 0.717701)
(-17.085707, 1.452863, 0.82567), (-16.932737, 1.452865, 0.838744), (-17.07757, 1.462067, 0.724966)
(-17.085707, 1.452863, 0.82567), (-17.07757, 1.462067, 0.724966), (-17.101191, 1.471565, 0.72367)
(-16.932737, 1.452865, 0.838744), (-16.908686, 1.462364, 0.841688), (-16.924704, 1.462067, 0.739188)
(-16.932737, 1.452865, 0.838744), (-16.924704, 1.462067, 0.739188), (-17.07757, 1.462067, 0.724966)
(-16.908686, 1.462364, 0.841688), (-16.900675, 1.471566, 0.742325), (-16.924704, 1.462067, 0.739188)
(-16.908686, 1.462364, 0.841688), (-16.916208, 1.453244, 0.94111), (-16.86636, 1.453245, 0.944991)
(-16.858868, 1.462365, 0.845946), (-16.908686, 1.462364, 0.841688), (-16.86636, 1.453245, 0.944991)
(-16.809048, 1.462365, 0.850204), (-16.801104, 1.471566, 0.751589), (-16.858868, 1.462365, 0.845946)
(-16.809048, 1.462365, 0.850204), (-16.784843, 1.452866, 0.851384), (-16.776909, 1.462068, 0.752938)
(-16.809048, 1.462365, 0.850204), (-16.858868, 1.462365, 0.845946), (-16.86636, 1.453245, 0.944991)
(-16.809048, 1.462365, 0.850204), (-16.816509, 1.453246, 0.948872), (-16.784843, 1.452866, 0.851384)
(-16.784843, 1.452866, 0.851384), (-16.631874, 1.452868, 0.864457), (-16.624043, 1.462068, 0.76716)
(-16.784843, 1.452866, 0.851384), (-16.792299, 1.443746, 0.949882), (-16.631874, 1.452868, 0.864457)
(-17.117373, 0.691473, 0.855213), (-17.181223, 1.453239, 0.920476), (-17.109114, 0.700685, 0.753294)
(-17.257418, 0.810649, 0.881567), (-17.103382, 0.855562, 0.887927), (-17.103706, 0.860161, 0.731989)
(-17.257418, 0.810649, 0.881567), (-17.256979, 0.805701, 1.03742), (-17.103382, 0.855562, 0.887927)
(-17.103382, 0.855562, 0.887927), (-16.949312, 0.901046, 0.894525), (-16.949499, 0.905057, 0.738525)
(-17.103382, 0.855562, 0.887927), (-17.103083, 0.851289, 1.043877), (-16.949312, 0.901046, 0.894525)
(-16.949312, 0.901046, 0.894525), (-16.795219, 0.946885, 0.901318), (-16.7953, 0.950417, 0.745261)
(-16.949312, 0.901046, 0.894525), (-16.949131, 0.897335, 1.050558), (-16.795219, 0.946885, 0.901318)
(-16.795219, 0.946885, 0.901318), (-16.641108, 0.992675, 0.908214), (-16.641109, 0.995928, 0.752129)
(-16.795219, 0.946885, 0.901318), (-16.795135, 0.943532, 1.057397), (-16.641108, 0.992675, 0.908214)
(-17.181223, 1.453239, 0.920476), (-17.116983, 1.45324, 0.925478), (-17.173536, 1.462361, 0.819053)
(-17.181223, 1.453239, 0.920476), (-17.173536, 1.462361, 0.819053), (-17.109114, 0.700685, 0.753294)
(-17.116983, 1.45324, 0.925478), (-17.093348, 1.44374, 0.926442), (-17.109339, 1.462362, 0.824539)
(-17.116983, 1.45324, 0.925478), (-17.109339, 1.462362, 0.824539), (-17.173536, 1.462361, 0.819053)
(-17.093348, 1.44374, 0.926442), (-16.940283, 1.443743, 0.938359), (-17.085707, 1.452863, 0.82567)
(-17.093348, 1.44374, 0.926442), (-17.085707, 1.452863, 0.82567), (-17.109339, 1.462362, 0.824539)
(-16.940283, 1.443743, 0.938359), (-16.916208, 1.453244, 0.94111), (-16.932737, 1.452865, 0.838744)
(-16.940283, 1.443743, 0.938359), (-16.932737, 1.452865, 0.838744), (-17.085707, 1.452863, 0.82567)
(-16.916208, 1.453244, 0.94111), (-16.908686, 1.462364, 0.841688), (-16.932737, 1.452865, 0.838744)
(-16.916208, 1.453244, 0.94111), (-16.923731, 1.444124, 1.040531), (-16.873854, 1.444125, 1.044036)
(-16.86636, 1.453245, 0.944991), (-16.916208, 1.453244, 0.94111), (-16.873854, 1.444125, 1.044036)
(-16.816509, 1.453246, 0.948872), (-16.809048, 1.462365, 0.850204), (-16.86636, 1.453245, 0.944991)
(-16.816509, 1.453246, 0.948872), (-16.792299, 1.443746, 0.949882), (-16.784843, 1.452866, 0.851384)
(-16.816509, 1.453246, 0.948872), (-16.86636, 1.453245, 0.944991), (-16.873854, 1.444125, 1.044036)
(-16.816509, 1.453246, 0.948872), (-16.823977, 1.444126, 1.04754), (-16.792299, 1.443746, 0.949882)
(-16.792299, 1.443746, 0.949882), (-16.639235, 1.443749, 0.961799), (-16.631874, 1.452868, 0.864457)
(-16.792299, 1.443746, 0.949882), (-16.799757, 1.434624, 1.048378), (-16.639235, 1.443749, 0.961799)
(-17.125608, 0.682264, 0.957138), (-17.188894, 1.44412, 1.021902), (-17.117373, 0.691473, 0.855213)
(-17.188894, 1.44412, 1.021902), (-17.12462, 1.444121, 1.026418), (-17.181223, 1.453239, 0.920476)
(-17.188894, 1.44412, 1.021902), (-17.181223, 1.453239, 0.920476), (-17.117373, 0.691473, 0.855213)
(-17.12462, 1.444121, 1.026418), (-17.100977, 1.43462, 1.027215), (-17.116983, 1.45324, 0.925478)
(-17.12462, 1.444121, 1.026418), (-17.116983, 1.45324, 0.925478), (-17.181223, 1.453239, 0.920476)
(-17.100977, 1.43462, 1.027215), (-16.947828, 1.434622, 1.037975), (-17.093348, 1.44374, 0.926442)
(-17.100977, 1.43462, 1.027215), (-17.093348, 1.44374, 0.926442), (-17.116983, 1.45324, 0.925478)
(-17.256979, 0.805701, 1.03742), (-17.256592, 0.801335, 1.193313), (-17.103083, 0.851289, 1.043877)
(-17.256979, 0.805701, 1.03742), (-17.103083, 0.851289, 1.043877), (-17.103382, 0.855562, 0.887927)
(-16.947828, 1.434622, 1.037975), (-16.923731, 1.444124, 1.040531), (-16.940283, 1.443743, 0.938359)
(-16.947828, 1.434622, 1.037975), (-16.940283, 1.443743, 0.938359), (-17.093348, 1.44374, 0.926442)
(-16.923731, 1.444124, 1.040531), (-16.916208, 1.453244, 0.94111), (-16.940283, 1.443743, 0.938359)
(-16.923731, 1.444124, 1.040531), (-16.931253, 1.435004, 1.139951), (-16.881351, 1.435004, 1.143078)
(-17.103083, 0.851289, 1.043877), (-17.102814, 0.847474, 1.19987), (-16.949131, 0.897335, 1.050558)
(-17.103083, 0.851289, 1.043877), (-16.949131, 0.897335, 1.050558), (-16.949312, 0.901046, 0.894525)
(-16.873854, 1.444125, 1.044036), (-16.923731, 1.444124, 1.040531), (-16.881351, 1.435004, 1.143078)
(-16.823977, 1.444126, 1.04754), (-16.816509, 1.453246, 0.948872), (-16.873854, 1.444125, 1.044036)
(-16.823977, 1.444126, 1.04754), (-16.799757, 1.434624, 1.048378), (-16.792299, 1.443746, 0.949882)
(-16.823977, 1.444126, 1.04754), (-16.873854, 1.444125, 1.044036), (-16.881351, 1.435004, 1.143078)
(-16.823977, 1.444126, 1.04754), (-16.831448, 1.435004, 1.146205), (-16.799757, 1.434624, 1.048378)
(-16.799757, 1.434624, 1.048378), (-16.64661, 1.434627, 1.059137), (-16.639235, 1.443749, 0.961799)
(-16.799757, 1.434624, 1.048378), (-16.807224, 1.425502, 1.146873), (-16.64661, 1.434627, 1.059137)
(-16.949131, 0.897335, 1.050558), (-16.948961, 0.893884, 1.206617), (-16.795135, 0.943532, 1.057397)
(-16.949131, 0.897335, 1.050558), (-16.795135, 0.943532, 1.057397), (-16.795219, 0.946885, 0.901318)
(-16.795135, 0.943532, 1.057397), (-16.795044, 0.940309, 1.2135), (-16.641094, 0.989525, 1.064321)
(-16.795135, 0.943532, 1.057397), (-16.641094, 0.989525, 1.064321), (-16.641108, 0.992675, 0.908214)
(-17.133829, 0.673058, 1.059066), (-17.19655, 1.435004, 1.123326), (-17.125608, 0.682264, 0.957138)
(-17.19655, 1.435004, 1.123326), (-17.132242, 1.435004, 1.127356), (-17.188894, 1.44412, 1.021902)
(-17.19655, 1.435004, 1.123326), (-17.188894, 1.44412, 1.021902), (-17.125608, 0.682264, 0.957138)
(-17.132242, 1.435004, 1.127356), (-17.108595, 1.425501, 1.127987), (-17.12462, 1.444121, 1.026418)
(-17.132242, 1.435004, 1.127356), (-17.12462, 1.444121, 1.026418), (-17.188894, 1.44412, 1.021902)
(-17.108595, 1.425501, 1.127987), (-16.95537, 1.425502, 1.137589), (-17.100977, 1.43462, 1.027215)
(-17.108595, 1.425501, 1.127987), (-17.100977, 1.43462, 1.027215), (-17.12462, 1.444121, 1.026418)
(-16.95537, 1.425502, 1.137589), (-16.931253, 1.435004, 1.139951), (-16.947828, 1.434622, 1.037975)
(-16.95537, 1.425502, 1.137589), (-16.947828, 1.434622, 1.037975), (-17.100977, 1.43462, 1.027215)
(-16.931253, 1.435004, 1.139951), (-16.923731, 1.444124, 1.040531), (-16.947828, 1.434622, 1.037975)
(-16.931253, 1.435004, 1.139951), (-16.936037, 1.426361, 1.239574), (-16.886114, 1.426362, 1.24231)
(-16.881351, 1.435004, 1.143078), (-16.931253, 1.435004, 1.139951), (-16.886114, 1.426362, 1.24231)
(-16.831448, 1.435004, 1.146205), (-16.823977, 1.444126, 1.04754), (-16.881351, 1.435004, 1.143078)
(-16.831448, 1.435004, 1.146205), (-16.807224, 1.425502, 1.146873), (-16.799757, 1.434624, 1.048378)
(-16.831448, 1.435004, 1.146205), (-16.881351, 1.435004, 1.143078), (-16.886114, 1.426362, 1.24231)
(-16.831448, 1.435004, 1.146205), (-16.836185, 1.426362, 1.245045), (-16.807224, 1.425502, 1.146873)
(-16.807224, 1.425502, 1.146873), (-16.654003, 1.425502, 1.156474), (-16.64661, 1.434627, 1.059137)
(-16.807224, 1.425502, 1.146873), (-16.811962, 1.416859, 1.245535), (-16.654003, 1.425502, 1.156474)
(-17.139288, 0.664319, 1.161334), (-17.201456, 1.426357, 1.225034), (-17.133829, 0.673058, 1.059066)
(-17.256592, 0.801335, 1.193313), (-17.102814, 0.847474, 1.19987), (-17.103083, 0.851289, 1.043877)
(-17.256592, 0.801335, 1.193313), (-17.256256, 0.797399, 1.349215), (-17.102814, 0.847474, 1.19987)
(-17.102814, 0.847474, 1.19987), (-16.948961, 0.893884, 1.206617), (-16.949131, 0.897335, 1.050558)
(-17.102814, 0.847474, 1.19987), (-17.102577, 0.843922, 1.355858), (-16.948961, 0.893884, 1.206617)
(-16.948961, 0.893884, 1.206617), (-16.795044, 0.940309, 1.2135), (-16.795135, 0.943532, 1.057397)
(-16.948961, 0.893884, 1.206617), (-16.948805, 0.890626, 1.362683), (-16.795044, 0.940309, 1.2135)
(-16.795044, 0.940309, 1.2135), (-16.641052, 0.986359, 1.220448), (-16.641094, 0.989525, 1.064321)
(-16.795044, 0.940309, 1.2135), (-16.794945, 0.93719, 1.369616), (-16.641052, 0.986359, 1.220448)
(-17.201456, 1.426357, 1.225034), (-17.137121, 1.426358, 1.228559), (-17.19655, 1.435004, 1.123326)
(-17.201456, 1.426357, 1.225034), (-17.19655, 1.435004, 1.123326), (-17.133829, 0.673058, 1.059066)
(-17.137121, 1.426358, 1.228559), (-17.11347, 1.416855, 1.229017), (-17.132242, 1.435004, 1.127356)
(-17.137121, 1.426358, 1.228559), (-17.132242, 1.435004, 1.127356), (-17.19655, 1.435004, 1.123326)
(-17.11347, 1.416855, 1.229017), (-16.960173, 1.416857, 1.237415), (-17.108595, 1.425501, 1.127987)
(-17.11347, 1.416855, 1.229017), (-17.108595, 1.425501, 1.127987), (-17.132242, 1.435004, 1.127356)
(-16.960173, 1.416857, 1.237415), (-16.936037, 1.426361, 1.239574), (-16.95537, 1.425502, 1.137589)
(-16.960173, 1.416857, 1.237415), (-16.95537, 1.425502, 1.137589), (-17.108595, 1.425501, 1.127987)
(-16.936037, 1.426361, 1.239574), (-16.931253, 1.435004, 1.139951), (-16.95537, 1.425502, 1.137589)
(-16.936037, 1.426361, 1.239574), (-16.940599, 1.417757, 1.339211), (-16.890654, 1.417758, 1.341552)
(-16.886114, 1.426362, 1.24231), (-16.936037, 1.426361, 1.239574), (-16.890654, 1.417758, 1.341552)
(-16.836185, 1.426362, 1.245045), (-16.831448, 1.435004, 1.146205), (-16.886114, 1.426362, 1.24231)
(-16.836185, 1.426362, 1.245045), (-16.811962, 1.416859, 1.245535), (-16.807224, 1.425502, 1.146873)
(-16.836185, 1.426362, 1.245045), (-16.886114, 1.426362, 1.24231), (-16.890654, 1.417758, 1.341552)
(-16.836185, 1.426362, 1.245045), (-16.84071, 1.417759, 1.343894), (-16.811962, 1.416859, 1.245535)
(-16.811962, 1.416859, 1.245535), (-16.658665, 1.416861, 1.253933), (-16.654003, 1.425502, 1.156474)
(-16.811962, 1.416859, 1.245535), (-16.816479, 1.408255, 1.344207), (-16.658665, 1.416861, 1.253933)
(-17.144506, 0.655622, 1.263631), (-17.206121, 1.417752, 1.32676), (-17.139288, 0.664319, 1.161334)
# -16.32726371668667, 0, 0.9678603499800029
(-16.613804, 1.471681, 0.670045), (-16.590374, 1.481179, 0.67331), (-16.580181, 1.490789, 0.576372)
(-16.613804, 1.471681, 0.670045), (-16.624043, 1.462068, 0.76716), (-16.590374, 1.481179, 0.67331)
(-16.590374, 1.481179, 0.67331), (-16.532097, 1.481179, 0.679159), (-16.521946, 1.49079, 0.582644)
(-16.590374, 1.481179, 0.67331), (-16.600584, 1.471566, 0.770244), (-16.532097, 1.481179, 0.679159)
(-16.532097, 1.481179, 0.679159), (-16.595127, 0.680811, 0.595843), (-16.584267, 0.690513, 0.497922)
(-16.532097, 1.481179, 0.679159), (-16.542265, 1.471567, 0.77567), (-16.595127, 0.680811, 0.595843)
(-16.641109, 0.995928, 0.752129), (-16.486923, 1.041128, 0.759058), (-16.486841, 1.044321, 0.602994)
(-16.641109, 0.995928, 0.752129), (-16.641108, 0.992675, 0.908214), (-16.486923, 1.041128, 0.759058)
(-16.486923, 1.041128, 0.759058), (-16.486967, 1.037941, 0.915141), (-16.332701, 1.08523, 0.765921)
(-16.486923, 1.041128, 0.759058), (-16.332701, 1.08523, 0.765921), (-16.332609, 1.088627, 0.609905)
(-16.332701, 1.08523, 0.765921), (-16.178396, 1.12731, 0.772559), (-16.178339, 1.131266, 0.61664)
(-16.332701, 1.08523, 0.765921), (-16.332754, 1.081899, 0.921972), (-16.178396, 1.12731, 0.772559)
(-16.624043, 1.462068, 0.76716), (-16.600584, 1.471566, 0.770244), (-16.590374, 1.481179, 0.67331)
(-16.624043, 1.462068, 0.76716), (-16.631874, 1.452868, 0.864457), (-16.600584, 1.471566, 0.770244)
(-16.600584, 1.471566, 0.770244), (-16.542265, 1.471567, 0.77567), (-16.532097, 1.481179, 0.679159)
(-16.600584, 1.471566, 0.770244), (-16.608395, 1.462368, 0.867353), (-16.542265, 1.471567, 0.77567)
(-16.178396, 1.12731, 0.772559), (-16.178398, 1.123305, 0.928508), (-16.023937, 1.166205, 0.778775)
(-16.178396, 1.12731, 0.772559), (-16.023937, 1.166205, 0.778775), (-16.023962, 1.171069, 0.623004)
(-16.542265, 1.471567, 0.77567), (-16.606001, 0.671108, 0.693765), (-16.595127, 0.680811, 0.595843)
(-16.542265, 1.471567, 0.77567), (-16.550037, 1.462369, 0.87234), (-16.606001, 0.671108, 0.693765)
(-16.023937, 1.166205, 0.778775), (-15.869226, 1.200354, 0.78431), (-15.869365, 1.206313, 0.628714)
(-16.023937, 1.166205, 0.778775), (-16.023855, 1.1613, 0.934585), (-15.869226, 1.200354, 0.78431)
(-16.631874, 1.452868, 0.864457), (-16.608395, 1.462368, 0.867353), (-16.600584, 1.471566, 0.770244)
(-16.631874, 1.452868, 0.864457), (-16.639235, 1.443749, 0.961799), (-16.608395, 1.462368, 0.867353)
(-16.608395, 1.462368, 0.867353), (-16.550037, 1.462369, 0.87234), (-16.542265, 1.471567, 0.77567)
(-16.608395, 1.462368, 0.867353), (-16.615734, 1.45325, 0.964504), (-16.550037, 1.462369, 0.87234)
(-16.550037, 1.462369, 0.87234), (-16.614464, 0.661814, 0.791933), (-16.606001, 0.671108, 0.693765)
(-16.550037, 1.462369, 0.87234), (-16.557341, 1.453251, 0.96905), (-16.614464, 0.661814, 0.791933)
(-16.641108, 0.992675, 0.908214), (-16.486967, 1.037941, 0.915141), (-16.486923, 1.041128, 0.759058)
(-16.641108, 0.992675, 0.908214), (-16.641094, 0.989525, 1.064321), (-16.486967, 1.037941, 0.915141)
(-16.486967, 1.037941, 0.915141), (-16.332754, 1.081899, 0.921972), (-16.332701, 1.08523, 0.765921)
(-16.486967, 1.037941, 0.915141), (-16.486982, 1.034763, 1.071246), (-16.332754, 1.081899, 0.921972)
(-16.332754, 1.081899, 0.921972), (-16.178398, 1.123305, 0.928508), (-16.178396, 1.12731, 0.772559)
(-16.332754, 1.081899, 0.921972), (-16.332758, 1.078348, 1.078028), (-16.178398, 1.123305, 0.928508)
(-16.178398, 1.123305, 0.928508), (-16.023855, 1.1613, 0.934585), (-16.023937, 1.166205, 0.778775)
(-16.178398, 1.123305, 0.928508), (-16.178356, 1.119251, 1.084488), (-16.023855, 1.1613, 0.934585)
(-16.023855, 1.1613, 0.934585), (-15.869013, 1.194246, 0.939934), (-15.869226, 1.200354, 0.78431)
(-16.023855, 1.1613, 0.934585), (-16.02372, 1.156359, 1.090434), (-15.869013, 1.194246, 0.939934)
(-16.639235, 1.443749, 0.961799), (-16.615734, 1.45325, 0.964504), (-16.608395, 1.462368, 0.867353)
(-16.639235, 1.443749, 0.961799), (-16.64661, 1.434627, 1.059137), (-16.615734, 1.45325, 0.964504)
(-16.615734, 1.45325, 0.964504), (-16.557341, 1.453251, 0.96905), (-16.550037, 1.462369, 0.87234)
(-16.615734, 1.45325, 0.964504), (-16.623089, 1.444129, 1.061653), (-16.557341, 1.453251, 0.96905)
(-16.557341, 1.453251, 0.96905), (-16.622448, 0.6526, 0.890162), (-16.614464, 0.661814, 0.791933)
(-16.557341, 1.453251, 0.96905), (-16.564663, 1.444129, 1.065759), (-16.622448, 0.6526, 0.890162)
(-16.64661, 1.434627, 1.059137), (-16.623089, 1.444129, 1.061653), (-16.615734, 1.45325, 0.964504)
(-16.64661, 1.434627, 1.059137), (-16.654003, 1.425502, 1.156474), (-16.623089, 1.444129, 1.061653)
(-16.623089, 1.444129, 1.061653), (-16.564663, 1.444129, 1.065759), (-16.557341, 1.453251, 0.96905)
(-16.623089, 1.444129, 1.061653), (-16.630459, 1.435005, 1.1588), (-16.564663, 1.444129, 1.065759)
(-16.641094, 0.989525, 1.064321), (-16.641052, 0.986359, 1.220448), (-16.486982, 1.034763, 1.071246)
(-16.641094, 0.989525, 1.064321), (-16.486982, 1.034763, 1.071246), (-16.486967, 1.037941, 0.915141)
(-16.564663, 1.444129, 1.065759), (-16.630436, 0.643385, 0.988395), (-16.622448, 0.6526, 0.890162)
(-16.564663, 1.444129, 1.065759), (-16.572002, 1.435005, 1.162463), (-16.630436, 0.643385, 0.988395)
(-16.486982, 1.034763, 1.071246), (-16.486952, 1.031383, 1.227357), (-16.332758, 1.078348, 1.078028)
(-16.486982, 1.034763, 1.071246), (-16.332758, 1.078348, 1.078028), (-16.332754, 1.081899, 0.921972)
(-16.332758, 1.078348, 1.078028), (-16.332706, 1.074572, 1.234087), (-16.178356, 1.119251, 1.084488)
(-16.332758, 1.078348, 1.078028), (-16.178356, 1.119251, 1.084488), (-16.178398, 1.123305, 0.928508)
(-16.178356, 1.119251, 1.084488), (-16.178253, 1.114868, 1.240462), (-16.02372, 1.156359, 1.090434)
(-16.178356, 1.119251, 1.084488), (-16.02372, 1.156359, 1.090434), (-16.023855, 1.1613, 0.934585)
(-16.02372, 1.156359, 1.090434), (-16.023512, 1.150954, 1.246261), (-15.868739, 1.188026, 1.095591)
(-16.02372, 1.156359, 1.090434), (-15.868739, 1.188026, 1.095591), (-15.869013, 1.194246, 0.939934)
(-16.654003, 1.425502, 1.156474), (-16.630459, 1.435005, 1.1588), (-16.623089, 1.444129, 1.061653)
(-16.654003, 1.425502, 1.156474), (-16.658665, 1.416861, 1.253933), (-16.630459, 1.435005, 1.1588)
(-16.630459, 1.435005, 1.1588), (-16.572002, 1.435005, 1.162463), (-16.564663, 1.444129, 1.065759)
(-16.630459, 1.435005, 1.1588), (-16.635105, 1.426365, 1.256061), (-16.572002, 1.435005, 1.162463)
(-16.572002, 1.435005, 1.162463), (-16.638439, 0.634168, 1.086629), (-16.630436, 0.643385, 0.988395)
(-16.572002, 1.435005, 1.162463), (-16.576626, 1.426366, 1.259265), (-16.638439, 0.634168, 1.086629)
(-16.641052, 0.986359, 1.220448), (-16.486952, 1.031383, 1.227357), (-16.486982, 1.034763, 1.071246)
(-16.641052, 0.986359, 1.220448), (-16.640985, 0.983212, 1.376589), (-16.486952, 1.031383, 1.227357)
(-16.486952, 1.031383, 1.227357), (-16.332706, 1.074572, 1.234087), (-16.332758, 1.078348, 1.078028)
(-16.486952, 1.031383, 1.227357), (-16.486898, 1.028094, 1.383497), (-16.332706, 1.074572, 1.234087)
(-16.332706, 1.074572, 1.234087), (-16.178253, 1.114868, 1.240462), (-16.178356, 1.119251, 1.084488)
(-16.332706, 1.074572, 1.234087), (-16.332623, 1.07083, 1.390182), (-16.178253, 1.114868, 1.240462)
(-16.178253, 1.114868, 1.240462), (-16.023512, 1.150954, 1.246261), (-16.02372, 1.156359, 1.090434)
(-16.178253, 1.114868, 1.240462), (-16.178108, 1.11044, 1.396471), (-16.023512, 1.150954, 1.246261)
(-16.023512, 1.150954, 1.246261), (-15.868386, 1.181247, 1.251215), (-15.868739, 1.188026, 1.095591)
(-16.023512, 1.150954, 1.246261), (-16.023258, 1.145494, 1.402127), (-15.868386, 1.181247, 1.251215)
(-16.658665, 1.416861, 1.253933), (-16.635105, 1.426365, 1.256061), (-16.630459, 1.435005, 1.1588)
(-16.658665, 1.416861, 1.253933), (-16.66312, 1.408258, 1.351398), (-16.635105, 1.426365, 1.256061)
(-16.635105, 1.426365, 1.256061), (-16.576626, 1.426366, 1.259265), (-16.572002, 1.435005, 1.162463)
(-16.635105, 1.426365, 1.256061), (-16.639545, 1.417763, 1.353326), (-16.576626, 1.426366, 1.259265)
(-16.576626, 1.426366, 1.259265), (-16.643703, 0.625431, 1.18506), (-16.638439, 0.634168, 1.086629)
(-16.576626, 1.426366, 1.259265), (-16.581038, 1.417765, 1.356069), (-16.643703, 0.625431, 1.18506)
# -15.659493483353337, 0, 0.9678603499800029
(-15.559162, 1.259109, 0.637412), (-15.403496, 1.276459, 0.640311), (-15.404089, 1.287182, 0.485544)
(-15.559162, 1.259109, 0.637412), (-15.558695, 1.250148, 0.792532), (-15.403496, 1.276459, 0.640311)
(-15.403496, 1.276459, 0.640311), (-15.247458, 1.288269, 0.642303), (-15.24825, 1.30092, 0.487848)
(-15.403496, 1.276459, 0.640311), (-15.402851, 1.265908, 0.795173), (-15.247458, 1.288269, 0.642303)
(-15.869226, 1.200354, 0.78431), (-15.869013, 1.194246, 0.939934), (-15.714153, 1.228413, 0.788921)
(-15.869226, 1.200354, 0.78431), (-15.714153, 1.228413, 0.788921), (-15.714458, 1.235914, 0.633567)
(-15.714153, 1.228413, 0.788921), (-15.558695, 1.250148, 0.792532), (-15.559162, 1.259109, 0.637412)
(-15.714153, 1.228413, 0.788921), (-15.713787, 1.220983, 0.94434), (-15.558695, 1.250148, 0.792532)
(-15.558695, 1.250148, 0.792532), (-15.558148, 1.241063, 0.947691), (-15.402851, 1.265908, 0.795173)
(-15.558695, 1.250148, 0.792532), (-15.402851, 1.265908, 0.795173), (-15.403496, 1.276459, 0.640311)
(-15.402851, 1.265908, 0.795173), (-15.246654, 1.276309, 0.796929), (-15.247458, 1.288269, 0.642303)
(-15.402851, 1.265908, 0.795173), (-15.402134, 1.255317, 0.950088), (-15.246654, 1.276309, 0.796929)
(-15.869013, 1.194246, 0.939934), (-15.713787, 1.220983, 0.94434), (-15.714153, 1.228413, 0.788921)
(-15.869013, 1.194246, 0.939934), (-15.868739, 1.188026, 1.095591), (-15.713787, 1.220983, 0.94434)
(-15.713787, 1.220983, 0.94434), (-15.558148, 1.241063, 0.947691), (-15.558695, 1.250148, 0.792532)
(-15.713787, 1.220983, 0.94434), (-15.713343, 1.213155, 1.099751), (-15.558148, 1.241063, 0.947691)
(-15.558148, 1.241063, 0.947691), (-15.402134, 1.255317, 0.950088), (-15.402851, 1.265908, 0.795173)
(-15.558148, 1.241063, 0.947691), (-15.557535, 1.23181, 1.102877), (-15.402134, 1.255317, 0.950088)
(-15.402134, 1.255317, 0.950088), (-15.245773, 1.264182, 0.95159), (-15.246654, 1.276309, 0.796929)
(-15.402134, 1.255317, 0.950088), (-15.40135, 1.244513, 1.105023), (-15.245773, 1.264182, 0.95159)
(-15.868739, 1.188026, 1.095591), (-15.868386, 1.181247, 1.251215), (-15.713343, 1.213155, 1.099751)
(-15.868739, 1.188026, 1.095591), (-15.713343, 1.213155, 1.099751), (-15.713787, 1.220983, 0.94434)
(-15.713343, 1.213155, 1.099751), (-15.712833, 1.20508, 1.255174), (-15.557535, 1.23181, 1.102877)
(-15.713343, 1.213155, 1.099751), (-15.557535, 1.23181, 1.102877), (-15.558148, 1.241063, 0.947691)
(-15.557535, 1.23181, 1.102877), (-15.556849, 1.222179, 1.258054), (-15.40135, 1.244513, 1.105023)
(-15.557535, 1.23181, 1.102877), (-15.40135, 1.244513, 1.105023), (-15.402134, 1.255317, 0.950088)
(-15.40135, 1.244513, 1.105023), (-15.400466, 1.233023, 1.259901), (-15.244812, 1.251714, 1.106252)
(-15.40135, 1.244513, 1.105023), (-15.244812, 1.251714, 1.106252), (-15.245773, 1.264182, 0.95159)
(-15.868386, 1.181247, 1.251215), (-15.712833, 1.20508, 1.255174), (-15.713343, 1.213155, 1.099751)
(-15.868386, 1.181247, 1.251215), (-15.868001, 1.174664, 1.406916), (-15.712833, 1.20508, 1.255174)
(-15.712833, 1.20508, 1.255174), (-15.556849, 1.222179, 1.258054), (-15.557535, 1.23181, 1.102877)
(-15.712833, 1.20508, 1.255174), (-15.712271, 1.196873, 1.410628), (-15.556849, 1.222179, 1.258054)
(-15.556849, 1.222179, 1.258054), (-15.400466, 1.233023, 1.259901), (-15.40135, 1.244513, 1.105023)
(-15.556849, 1.222179, 1.258054), (-15.556099, 1.212315, 1.413247), (-15.400466, 1.233023, 1.259901)
(-15.400466, 1.233023, 1.259901), (-15.243712, 1.238124, 1.260788), (-15.244812, 1.251714, 1.106252)
(-15.400466, 1.233023, 1.259901), (-15.399524, 1.221348, 1.414801), (-15.243712, 1.238124, 1.260788)
# -14.991723250020002, 0, 0.9678603499800029
(-15.247458, 1.288269, 0.642303), (-15.091093, 1.295479, 0.643532), (-15.092056, 1.309736, 0.489343)
(-15.247458, 1.288269, 0.642303), (-15.246654, 1.276309, 0.796929), (-15.091093, 1.295479, 0.643532)
(-15.091093, 1.295479, 0.643532), (-14.934462, 1.298919, 0.644131), (-14.935578, 1.314775, 0.490204)
(-15.091093, 1.295479, 0.643532), (-15.090108, 1.28172, 0.797863), (-14.934462, 1.298919, 0.644131)
(-14.934462, 1.298919, 0.644131), (-14.777586, 1.29899, 0.644168), (-14.778873, 1.316776, 0.490543)
(-14.934462, 1.298919, 0.644131), (-14.933299, 1.283246, 0.798152), (-14.777586, 1.29899, 0.644168)
(-14.777586, 1.29899, 0.644168), (-14.620396, 1.295107, 0.643569), (-14.621872, 1.315113, 0.490281)
(-14.777586, 1.29899, 0.644168), (-14.776247, 1.281329, 0.797872), (-14.620396, 1.295107, 0.643569)
(-15.246654, 1.276309, 0.796929), (-15.245773, 1.264182, 0.95159), (-15.090108, 1.28172, 0.797863)
(-15.246654, 1.276309, 0.796929), (-15.090108, 1.28172, 0.797863), (-15.091093, 1.295479, 0.643532)
(-15.090108, 1.28172, 0.797863), (-14.933299, 1.283246, 0.798152), (-14.934462, 1.298919, 0.644131)
(-15.090108, 1.28172, 0.797863), (-15.089081, 1.26814, 0.95228), (-14.933299, 1.283246, 0.798152)
(-14.776247, 1.281329, 0.797872), (-14.618912, 1.275641, 0.796989), (-14.620396, 1.295107, 0.643569)
(-14.776247, 1.281329, 0.797872), (-14.774827, 1.263444, 0.951593), (-14.618912, 1.275641, 0.796989)
(-14.933299, 1.283246, 0.798152), (-14.932056, 1.26736, 0.952195), (-14.776247, 1.281329, 0.797872)
(-14.933299, 1.283246, 0.798152), (-14.776247, 1.281329, 0.797872), (-14.777586, 1.29899, 0.644168)
(-15.245773, 1.264182, 0.95159), (-15.089081, 1.26814, 0.95228), (-15.090108, 1.28172, 0.797863)
(-15.245773, 1.264182, 0.95159), (-15.244812, 1.251714, 1.106252), (-15.089081, 1.26814, 0.95228)
(-14.774827, 1.263444, 0.951593), (-14.617325, 1.255729, 0.950386), (-14.618912, 1.275641, 0.796989)
(-14.774827, 1.263444, 0.951593), (-14.773313, 1.245108, 1.105288), (-14.617325, 1.255729, 0.950386)
(-14.932056, 1.26736, 0.952195), (-14.774827, 1.263444, 0.951593), (-14.776247, 1.281329, 0.797872)
(-14.932056, 1.26736, 0.952195), (-14.930723, 1.251004, 1.106216), (-14.774827, 1.263444, 0.951593)
(-15.089081, 1.26814, 0.95228), (-14.932056, 1.26736, 0.952195), (-14.933299, 1.283246, 0.798152)
(-15.089081, 1.26814, 0.95228), (-15.087917, 1.253624, 1.106605), (-14.932056, 1.26736, 0.952195)
(-14.773313, 1.245108, 1.105288), (-14.771652, 1.225594, 1.258844), (-14.615623, 1.235191, 1.103725)
(-14.773313, 1.245108, 1.105288), (-14.615623, 1.235191, 1.103725), (-14.617325, 1.255729, 0.950386)
(-14.930723, 1.251004, 1.106216), (-14.929257, 1.233633, 1.260125), (-14.773313, 1.245108, 1.105288)
(-14.930723, 1.251004, 1.106216), (-14.773313, 1.245108, 1.105288), (-14.774827, 1.263444, 0.951593)
(-15.244812, 1.251714, 1.106252), (-15.243712, 1.238124, 1.260788), (-15.087917, 1.253624, 1.106605)
(-15.244812, 1.251714, 1.106252), (-15.087917, 1.253624, 1.106605), (-15.089081, 1.26814, 0.95228)
(-15.087917, 1.253624, 1.106605), (-15.086647, 1.238354, 1.260861), (-14.930723, 1.251004, 1.106216)
(-15.087917, 1.253624, 1.106605), (-14.930723, 1.251004, 1.106216), (-14.932056, 1.26736, 0.952195)
(-14.771652, 1.225594, 1.258844), (-14.613757, 1.213312, 1.256897), (-14.615623, 1.235191, 1.103725)
(-14.771652, 1.225594, 1.258844), (-14.769968, 1.206202, 1.412453), (-14.613757, 1.213312, 1.256897)
(-14.929257, 1.233633, 1.260125), (-14.771652, 1.225594, 1.258844), (-14.773313, 1.245108, 1.105288)
(-14.929257, 1.233633, 1.260125), (-14.927759, 1.216311, 1.414081), (-14.771652, 1.225594, 1.258844)
(-15.243712, 1.238124, 1.260788), (-15.086647, 1.238354, 1.260861), (-15.087917, 1.253624, 1.106605)
(-15.243712, 1.238124, 1.260788), (-15.242591, 1.224746, 1.415405), (-15.086647, 1.238354, 1.260861)
(-15.086647, 1.238354, 1.260861), (-14.929257, 1.233633, 1.260125), (-14.930723, 1.251004, 1.106216)
(-15.086647, 1.238354, 1.260861), (-15.08532, 1.222796, 1.415117), (-14.929257, 1.233633, 1.260125)
# -14.32395301668667, 0, 0.9678603499800029
(-14.146892, 1.260468, 0.638217), (-13.988283, 1.240467, 0.635193), (-13.990314, 1.269504, 0.483166)
(-14.146892, 1.260468, 0.638217), (-14.144928, 1.233975, 0.790599), (-13.988283, 1.240467, 0.635193)
(-14.305048, 1.27574, 0.640563), (-14.146892, 1.260468, 0.638217), (-14.148778, 1.286857, 0.485837)
(-14.305048, 1.27574, 0.640563), (-14.303245, 1.251775, 0.793307), (-14.146892, 1.260468, 0.638217)
(-14.462901, 1.287497, 0.642382), (-14.305048, 1.27574, 0.640563), (-14.306798, 1.299782, 0.487862)
(-14.462901, 1.287497, 0.642382), (-14.46124, 1.265699, 0.795448), (-14.305048, 1.27574, 0.640563)
(-14.620396, 1.295107, 0.643569), (-14.462901, 1.287497, 0.642382), (-14.46451, 1.309376, 0.489372)
(-14.620396, 1.295107, 0.643569), (-14.618912, 1.275641, 0.796989), (-14.462901, 1.287497, 0.642382)
(-14.144928, 1.233975, 0.790599), (-13.986207, 1.211632, 0.787247), (-13.988283, 1.240467, 0.635193)
(-14.144928, 1.233975, 0.790599), (-14.142842, 1.207038, 0.942922), (-13.986207, 1.211632, 0.787247)
(-14.303245, 1.251775, 0.793307), (-14.301318, 1.227265, 0.945994), (-14.144928, 1.233975, 0.790599)
(-14.303245, 1.251775, 0.793307), (-14.144928, 1.233975, 0.790599), (-14.146892, 1.260468, 0.638217)
(-14.46124, 1.265699, 0.795448), (-14.303245, 1.251775, 0.793307), (-14.305048, 1.27574, 0.640563)
(-14.46124, 1.265699, 0.795448), (-14.45951, 1.243872, 0.948542), (-14.303245, 1.251775, 0.793307)
(-14.618912, 1.275641, 0.796989), (-14.617325, 1.255729, 0.950386), (-14.46124, 1.265699, 0.795448)
(-14.618912, 1.275641, 0.796989), (-14.46124, 1.265699, 0.795448), (-14.462901, 1.287497, 0.642382)
(-14.142842, 1.207038, 0.942922), (-13.983984, 1.182308, 0.939222), (-13.986207, 1.211632, 0.787247)
(-14.142842, 1.207038, 0.942922), (-14.140655, 1.17989, 1.095217), (-13.983984, 1.182308, 0.939222)
(-14.301318, 1.227265, 0.945994), (-14.142842, 1.207038, 0.942922), (-14.144928, 1.233975, 0.790599)
(-14.301318, 1.227265, 0.945994), (-14.299273, 1.202274, 1.098624), (-14.142842, 1.207038, 0.942922)
(-14.45951, 1.243872, 0.948542), (-14.301318, 1.227265, 0.945994), (-14.303245, 1.251775, 0.793307)
(-14.45951, 1.243872, 0.948542), (-14.457602, 1.220786, 1.101478), (-14.301318, 1.227265, 0.945994)
(-14.617325, 1.255729, 0.950386), (-14.45951, 1.243872, 0.948542), (-14.46124, 1.265699, 0.795448)
(-14.617325, 1.255729, 0.950386), (-14.615623, 1.235191, 1.103725), (-14.45951, 1.243872, 0.948542)
(-14.140655, 1.17989, 1.095217), (-14.138357, 1.152386, 1.247466), (-13.981668, 1.153051, 1.091198)
(-14.140655, 1.17989, 1.095217), (-13.981668, 1.153051, 1.091198), (-13.983984, 1.182308, 0.939222)
(-14.299273, 1.202274, 1.098624), (-14.297114, 1.176698, 1.251184), (-14.140655, 1.17989, 1.095217)
(-14.299273, 1.202274, 1.098624), (-14.140655, 1.17989, 1.095217), (-14.142842, 1.207038, 0.942922)
(-14.457602, 1.220786, 1.101478), (-14.45558, 1.197012, 1.254337), (-14.299273, 1.202274, 1.098624)
(-14.457602, 1.220786, 1.101478), (-14.299273, 1.202274, 1.098624), (-14.301318, 1.227265, 0.945994)
(-14.615623, 1.235191, 1.103725), (-14.613757, 1.213312, 1.256897), (-14.457602, 1.220786, 1.101478)
(-14.615623, 1.235191, 1.103725), (-14.457602, 1.220786, 1.101478), (-14.45951, 1.243872, 0.948542)
(-14.138357, 1.152386, 1.247466), (-13.979288, 1.124144, 1.243221), (-13.981668, 1.153051, 1.091198)
(-14.138357, 1.152386, 1.247466), (-14.136072, 1.125534, 1.399806), (-13.979288, 1.124144, 1.243221)
(-14.297114, 1.176698, 1.251184), (-14.138357, 1.152386, 1.247466), (-14.140655, 1.17989, 1.095217)
(-14.297114, 1.176698, 1.251184), (-14.29495, 1.151541, 1.403811), (-14.138357, 1.152386, 1.247466)
(-14.45558, 1.197012, 1.254337), (-14.297114, 1.176698, 1.251184), (-14.299273, 1.202274, 1.098624)
(-14.45558, 1.197012, 1.254337), (-14.453562, 1.173722, 1.407282), (-14.297114, 1.176698, 1.251184)
(-14.613757, 1.213312, 1.256897), (-14.45558, 1.197012, 1.254337), (-14.457602, 1.220786, 1.101478)
(-14.613757, 1.213312, 1.256897), (-14.611914, 1.192141, 1.410199), (-14.45558, 1.197012, 1.254337)
# -13.656182783353334, 0, 0.9678603499800029
(-13.988283, 1.240467, 0.635193), (-13.82925, 1.21615, 0.631564), (-13.831345, 1.24737, 0.479816)
(-13.988283, 1.240467, 0.635193), (-13.986207, 1.211632, 0.787247), (-13.82925, 1.21615, 0.631564)
(-13.34833, 1.093611, 0.769933), (-13.346652, 1.066179, 0.922308), (-13.189349, 1.072861, 0.766971)
(-13.34833, 1.093611, 0.769933), (-13.189349, 1.072861, 0.766971), (-13.190618, 1.098918, 0.614239)
(-13.507871, 1.122713, 0.774186), (-13.34833, 1.093611, 0.769933), (-13.350163, 1.125092, 0.618118)
(-13.507871, 1.122713, 0.774186), (-13.505747, 1.091272, 0.925914), (-13.34833, 1.093611, 0.769933)
(-13.667555, 1.154477, 0.778828), (-13.665241, 1.121985, 0.93037), (-13.507871, 1.122713, 0.774186)
(-13.667555, 1.154477, 0.778828), (-13.507871, 1.122713, 0.774186), (-13.510033, 1.156544, 0.622772)
(-13.827043, 1.184666, 0.783256), (-13.667555, 1.154477, 0.778828), (-13.669806, 1.187828, 0.627379)
(-13.827043, 1.184666, 0.783256), (-13.824739, 1.153323, 0.934945), (-13.667555, 1.154477, 0.778828)
(-13.986207, 1.211632, 0.787247), (-13.983984, 1.182308, 0.939222), (-13.827043, 1.184666, 0.783256)
(-13.986207, 1.211632, 0.787247), (-13.827043, 1.184666, 0.783256), (-13.82925, 1.21615, 0.631564)
(-13.346652, 1.066179, 0.922308), (-13.18809, 1.049068, 0.919962), (-13.189349, 1.072861, 0.766971)
(-13.346652, 1.066179, 0.922308), (-13.345062, 1.041818, 1.07509), (-13.18809, 1.049068, 0.919962)
(-13.505747, 1.091272, 0.925914), (-13.346652, 1.066179, 0.922308), (-13.34833, 1.093611, 0.769933)
(-13.505747, 1.091272, 0.925914), (-13.503729, 1.062789, 1.078043), (-13.346652, 1.066179, 0.922308)
(-13.665241, 1.121985, 0.93037), (-13.505747, 1.091272, 0.925914), (-13.507871, 1.122713, 0.774186)
(-13.665241, 1.121985, 0.93037), (-13.662949, 1.091296, 1.082149), (-13.505747, 1.091272, 0.925914)
(-13.824739, 1.153323, 0.934945), (-13.665241, 1.121985, 0.93037), (-13.667555, 1.154477, 0.778828)
(-13.824739, 1.153323, 0.934945), (-13.822359, 1.122596, 1.086707), (-13.665241, 1.121985, 0.93037)
(-13.983984, 1.182308, 0.939222), (-13.824739, 1.153323, 0.934945), (-13.827043, 1.184666, 0.783256)
(-13.983984, 1.182308, 0.939222), (-13.981668, 1.153051, 1.091198), (-13.824739, 1.153323, 0.934945)
(-13.345062, 1.041818, 1.07509), (-13.343477, 1.019222, 1.228088), (-13.186749, 1.026592, 1.073076)
(-13.345062, 1.041818, 1.07509), (-13.186749, 1.026592, 1.073076), (-13.18809, 1.049068, 0.919962)
(-13.503729, 1.062789, 1.078043), (-13.501841, 1.037376, 1.230589), (-13.345062, 1.041818, 1.07509)
(-13.503729, 1.062789, 1.078043), (-13.345062, 1.041818, 1.07509), (-13.346652, 1.066179, 0.922308)
(-13.662949, 1.091296, 1.082149), (-13.660769, 1.063244, 1.234287), (-13.503729, 1.062789, 1.078043)
(-13.662949, 1.091296, 1.082149), (-13.503729, 1.062789, 1.078043), (-13.505747, 1.091272, 0.925914)
(-13.822359, 1.122596, 1.086707), (-13.820028, 1.093577, 1.238701), (-13.662949, 1.091296, 1.082149)
(-13.822359, 1.122596, 1.086707), (-13.662949, 1.091296, 1.082149), (-13.665241, 1.121985, 0.93037)
(-13.981668, 1.153051, 1.091198), (-13.979288, 1.124144, 1.243221), (-13.822359, 1.122596, 1.086707)
(-13.981668, 1.153051, 1.091198), (-13.822359, 1.122596, 1.086707), (-13.824739, 1.153323, 0.934945)
(-13.343477, 1.019222, 1.228088), (-13.185286, 1.004584, 1.226204), (-13.186749, 1.026592, 1.073076)
(-13.343477, 1.019222, 1.228088), (-13.341805, 0.996692, 1.381053), (-13.185286, 1.004584, 1.226204)
(-13.501841, 1.037376, 1.230589), (-13.343477, 1.019222, 1.228088), (-13.345062, 1.041818, 1.07509)
(-13.501841, 1.037376, 1.230589), (-13.499958, 1.013, 1.383253), (-13.343477, 1.019222, 1.228088)
(-13.660769, 1.063244, 1.234287), (-13.501841, 1.037376, 1.230589), (-13.503729, 1.062789, 1.078043)
(-13.660769, 1.063244, 1.234287), (-13.658624, 1.03642, 1.386576), (-13.501841, 1.037376, 1.230589)
(-13.820028, 1.093577, 1.238701), (-13.660769, 1.063244, 1.234287), (-13.662949, 1.091296, 1.082149)
(-13.820028, 1.093577, 1.238701), (-13.817728, 1.065566, 1.39082), (-13.660769, 1.063244, 1.234287)
(-13.979288, 1.124144, 1.243221), (-13.820028, 1.093577, 1.238701), (-13.822359, 1.122596, 1.086707)
(-13.979288, 1.124144, 1.243221), (-13.976956, 1.096285, 1.395379), (-13.820028, 1.093577, 1.238701)
# -12.988412550020001, 0, 0.9678603499800029
(-12.712764, 1.025307, 0.760463), (-12.71174, 1.000388, 0.913511), (-12.553804, 1.010677, 0.758324)
(-12.712764, 1.025307, 0.760463), (-12.553804, 1.010677, 0.758324), (-12.554676, 1.037624, 0.605386)
(-12.871733, 1.041211, 0.762683), (-12.712764, 1.025307, 0.760463), (-12.71366, 1.051715, 0.607522)
(-12.871733, 1.041211, 0.762683), (-12.870673, 1.01692, 0.915743), (-12.712764, 1.025307, 0.760463)
(-13.03062, 1.057238, 0.764859), (-13.029494, 1.033519, 0.917927), (-12.871733, 1.041211, 0.762683)
(-13.03062, 1.057238, 0.764859), (-12.871733, 1.041211, 0.762683), (-12.872687, 1.066924, 0.609731)
(-13.189349, 1.072861, 0.766971), (-13.03062, 1.057238, 0.764859), (-13.031663, 1.082355, 0.611899)
(-13.189349, 1.072861, 0.766971), (-13.18809, 1.049068, 0.919962), (-13.03062, 1.057238, 0.764859)
(-12.71174, 1.000388, 0.913511), (-12.552781, 0.985105, 0.911355), (-12.553804, 1.010677, 0.758324)
(-12.71174, 1.000388, 0.913511), (-12.710525, 0.97661, 1.066632), (-12.552781, 0.985105, 0.911355)
(-12.870673, 1.01692, 0.915743), (-12.71174, 1.000388, 0.913511), (-12.712764, 1.025307, 0.760463)
(-12.870673, 1.01692, 0.915743), (-12.869458, 0.993718, 1.068877), (-12.71174, 1.000388, 0.913511)
(-13.029494, 1.033519, 0.917927), (-12.870673, 1.01692, 0.915743), (-12.871733, 1.041211, 0.762683)
(-13.029494, 1.033519, 0.917927), (-13.028236, 1.010825, 1.071068), (-12.870673, 1.01692, 0.915743)
(-13.18809, 1.049068, 0.919962), (-13.029494, 1.033519, 0.917927), (-13.03062, 1.057238, 0.764859)
(-13.18809, 1.049068, 0.919962), (-13.186749, 1.026592, 1.073076), (-13.029494, 1.033519, 0.917927)
(-12.710525, 0.97661, 1.066632), (-12.709027, 0.953425, 1.219752), (-12.551521, 0.96079, 1.064454)
(-12.710525, 0.97661, 1.066632), (-12.551521, 0.96079, 1.064454), (-12.552781, 0.985105, 0.911355)
(-12.869458, 0.993718, 1.068877), (-12.868015, 0.971027, 1.222016), (-12.710525, 0.97661, 1.066632)
(-12.869458, 0.993718, 1.068877), (-12.710525, 0.97661, 1.066632), (-12.71174, 1.000388, 0.913511)
(-13.028236, 1.010825, 1.071068), (-13.026805, 0.988586, 1.224213), (-12.869458, 0.993718, 1.068877)
(-13.028236, 1.010825, 1.071068), (-12.869458, 0.993718, 1.068877), (-12.870673, 1.01692, 0.915743)
(-13.186749, 1.026592, 1.073076), (-13.185286, 1.004584, 1.226204), (-13.028236, 1.010825, 1.071068)
(-13.186749, 1.026592, 1.073076), (-13.028236, 1.010825, 1.071068), (-13.029494, 1.033519, 0.917927)
(-12.709027, 0.953425, 1.219752), (-12.549952, 0.937024, 1.217538), (-12.551521, 0.96079, 1.064454)
(-12.709027, 0.953425, 1.219752), (-12.707239, 0.929899, 1.37277), (-12.549952, 0.937024, 1.217538)
(-12.868015, 0.971027, 1.222016), (-12.709027, 0.953425, 1.219752), (-12.710525, 0.97661, 1.066632)
(-12.868015, 0.971027, 1.222016), (-12.866317, 0.948027, 1.375061), (-12.709027, 0.953425, 1.219752)
(-13.026805, 0.988586, 1.224213), (-12.868015, 0.971027, 1.222016), (-12.869458, 0.993718, 1.068877)
(-13.026805, 0.988586, 1.224213), (-13.025171, 0.966064, 1.377275), (-12.868015, 0.971027, 1.222016)
(-13.185286, 1.004584, 1.226204), (-13.026805, 0.988586, 1.224213), (-13.028236, 1.010825, 1.071068)
(-13.185286, 1.004584, 1.226204), (-13.183668, 0.982391, 1.379264), (-13.026805, 0.988586, 1.224213)
# -12.320642316686666, 0, 0.9678603499800029
(-12.076949, 0.976751, 0.752501), (-12.075708, 0.950141, 0.905424), (-11.917624, 0.967178, 0.750406)
(-12.076949, 0.976751, 0.752501), (-11.917624, 0.967178, 0.750406), (-11.918745, 0.994633, 0.597561)
(-12.235975, 0.986647, 0.75441), (-12.076949, 0.976751, 0.752501), (-12.07795, 1.004497, 0.599614)
(-12.235975, 0.986647, 0.75441), (-12.234835, 0.960235, 0.907382), (-12.076949, 0.976751, 0.752501)
(-12.394884, 0.997789, 0.756315), (-12.393817, 0.971774, 0.909325), (-12.235975, 0.986647, 0.75441)
(-12.394884, 0.997789, 0.756315), (-12.235975, 0.986647, 0.75441), (-12.236901, 1.014326, 0.601496)
(-12.553804, 1.010677, 0.758324), (-12.394884, 0.997789, 0.756315), (-12.395768, 1.025191, 0.603385)
(-12.553804, 1.010677, 0.758324), (-12.552781, 0.985105, 0.911355), (-12.394884, 0.997789, 0.756315)
(-12.075708, 0.950141, 0.905424), (-11.916265, 0.940688, 0.903279), (-11.917624, 0.967178, 0.750406)
(-12.075708, 0.950141, 0.905424), (-12.074132, 0.924482, 1.058351), (-11.916265, 0.940688, 0.903279)
(-12.234835, 0.960235, 0.907382), (-12.075708, 0.950141, 0.905424), (-12.076949, 0.976751, 0.752501)
(-12.234835, 0.960235, 0.907382), (-12.233397, 0.934853, 1.060381), (-12.075708, 0.950141, 0.905424)
(-12.393817, 0.971774, 0.909325), (-12.234835, 0.960235, 0.907382), (-12.235975, 0.986647, 0.75441)
(-12.393817, 0.971774, 0.909325), (-12.392483, 0.946868, 1.06238), (-12.234835, 0.960235, 0.907382)
(-12.552781, 0.985105, 0.911355), (-12.393817, 0.971774, 0.909325), (-12.394884, 0.997789, 0.756315)
(-12.552781, 0.985105, 0.911355), (-12.551521, 0.96079, 1.064454), (-12.393817, 0.971774, 0.909325)
(-12.074132, 0.924482, 1.058351), (-12.07211, 0.899414, 1.21121), (-11.914506, 0.915056, 1.056118)
(-12.074132, 0.924482, 1.058351), (-11.914506, 0.915056, 1.056118), (-11.916265, 0.940688, 0.903279)
(-12.233397, 0.934853, 1.060381), (-12.23156, 0.910083, 1.213337), (-12.074132, 0.924482, 1.058351)
(-12.233397, 0.934853, 1.060381), (-12.074132, 0.924482, 1.058351), (-12.075708, 0.950141, 0.905424)
(-12.392483, 0.946868, 1.06238), (-12.390794, 0.922565, 1.215409), (-12.233397, 0.934853, 1.060381)
(-12.392483, 0.946868, 1.06238), (-12.233397, 0.934853, 1.060381), (-12.234835, 0.960235, 0.907382)
(-12.551521, 0.96079, 1.064454), (-12.549952, 0.937024, 1.217538), (-12.392483, 0.946868, 1.06238)
(-12.551521, 0.96079, 1.064454), (-12.392483, 0.946868, 1.06238), (-12.393817, 0.971774, 0.909325)
(-12.07211, 0.899414, 1.21121), (-11.912332, 0.889894, 1.20889), (-11.914506, 0.915056, 1.056118)
(-12.07211, 0.899414, 1.21121), (-12.06978, 0.874165, 1.364003), (-11.912332, 0.889894, 1.20889)
(-12.23156, 0.910083, 1.213337), (-12.07211, 0.899414, 1.21121), (-12.074132, 0.924482, 1.058351)
(-12.23156, 0.910083, 1.213337), (-12.229357, 0.885077, 1.366187), (-12.07211, 0.899414, 1.21121)
(-12.390794, 0.922565, 1.215409), (-12.23156, 0.910083, 1.213337), (-12.233397, 0.934853, 1.060381)
(-12.390794, 0.922565, 1.215409), (-12.38874, 0.897964, 1.368325), (-12.23156, 0.910083, 1.213337)
(-12.549952, 0.937024, 1.217538), (-12.390794, 0.922565, 1.215409), (-12.392483, 0.946868, 1.06238)
(-12.549952, 0.937024, 1.217538), (-12.548032, 0.912966, 1.370512), (-12.390794, 0.922565, 1.215409)
# -11.652872083353333, 0, 0.9678603499800029
(-11.436472, 0.930976, 0.741373), (-11.434614, 0.907355, 0.894081), (-11.274685, 0.914416, 0.737044)
(-11.436472, 0.930976, 0.741373), (-11.274685, 0.914416, 0.737044), (-11.276455, 0.936649, 0.584359)
(-11.597502, 0.945012, 0.74498), (-11.436472, 0.930976, 0.741373), (-11.438037, 0.955137, 0.588644)
(-11.597502, 0.945012, 0.74498), (-11.595802, 0.919973, 0.897724), (-11.436472, 0.930976, 0.741373)
(-11.75784, 0.956863, 0.747942), (-11.756302, 0.930896, 0.900743), (-11.597502, 0.945012, 0.74498)
(-11.75784, 0.956863, 0.747942), (-11.597502, 0.945012, 0.74498), (-11.598921, 0.970749, 0.59223)
(-11.917624, 0.967178, 0.750406), (-11.75784, 0.956863, 0.747942), (-11.759091, 0.983653, 0.595139)
(-11.917624, 0.967178, 0.750406), (-11.916265, 0.940688, 0.903279), (-11.75784, 0.956863, 0.747942)
(-11.434614, 0.907355, 0.894081), (-11.272696, 0.892726, 0.889749), (-11.274685, 0.914416, 0.737044)
(-11.434614, 0.907355, 0.894081), (-11.432433, 0.884263, 1.046772), (-11.272696, 0.892726, 0.889749)
(-11.595802, 0.919973, 0.897724), (-11.434614, 0.907355, 0.894081), (-11.436472, 0.930976, 0.741373)
(-11.595802, 0.919973, 0.897724), (-11.59377, 0.895553, 1.050453), (-11.434614, 0.907355, 0.894081)
(-11.756302, 0.930896, 0.900743), (-11.595802, 0.919973, 0.897724), (-11.597502, 0.945012, 0.74498)
(-11.756302, 0.930896, 0.900743), (-11.754413, 0.905639, 1.053522), (-11.595802, 0.919973, 0.897724)
(-11.916265, 0.940688, 0.903279), (-11.756302, 0.930896, 0.900743), (-11.75784, 0.956863, 0.747942)
(-11.916265, 0.940688, 0.903279), (-11.914506, 0.915056, 1.056118), (-11.756302, 0.930896, 0.900743)
(-11.432433, 0.884263, 1.046772), (-11.429867, 0.861543, 1.199409), (-11.27035, 0.871408, 1.042409)
(-11.432433, 0.884263, 1.046772), (-11.27035, 0.871408, 1.042409), (-11.272696, 0.892726, 0.889749)
(-11.59377, 0.895553, 1.050453), (-11.591333, 0.871542, 1.20312), (-11.432433, 0.884263, 1.046772)
(-11.59377, 0.895553, 1.050453), (-11.432433, 0.884263, 1.046772), (-11.434614, 0.907355, 0.894081)
(-11.754413, 0.905639, 1.053522), (-11.75211, 0.880814, 1.206235), (-11.59377, 0.895553, 1.050453)
(-11.754413, 0.905639, 1.053522), (-11.59377, 0.895553, 1.050453), (-11.595802, 0.919973, 0.897724)
(-11.914506, 0.915056, 1.056118), (-11.912332, 0.889894, 1.20889), (-11.754413, 0.905639, 1.053522)
(-11.914506, 0.915056, 1.056118), (-11.754413, 0.905639, 1.053522), (-11.756302, 0.930896, 0.900743)
(-11.429867, 0.861543, 1.199409), (-11.267756, 0.850539, 1.195096), (-11.27035, 0.871408, 1.042409)
(-11.429867, 0.861543, 1.199409), (-11.427193, 0.839196, 1.352147), (-11.267756, 0.850539, 1.195096)
(-11.591333, 0.871542, 1.20312), (-11.429867, 0.861543, 1.199409), (-11.432433, 0.884263, 1.046772)
(-11.591333, 0.871542, 1.20312), (-11.58867, 0.847768, 1.355805), (-11.429867, 0.861543, 1.199409)
(-11.75211, 0.880814, 1.206235), (-11.591333, 0.871542, 1.20312), (-11.59377, 0.895553, 1.050453)
(-11.75211, 0.880814, 1.206235), (-11.74953, 0.856118, 1.35893), (-11.591333, 0.871542, 1.20312)
(-11.912332, 0.889894, 1.20889), (-11.75211, 0.880814, 1.206235), (-11.754413, 0.905639, 1.053522)
(-11.912332, 0.889894, 1.20889), (-11.909861, 0.864731, 1.36162), (-11.75211, 0.880814, 1.206235)
# -10.985101850019998, 0, 0.9678603499800029
(-10.786053, 0.851684, 0.720485), (-10.783553, 0.83771, 0.873186), (-10.622539, 0.827435, 0.714099)
(-10.786053, 0.851684, 0.720485), (-10.622539, 0.827435, 0.714099), (-10.625118, 0.838763, 0.561433)
(-10.949368, 0.874535, 0.726528), (-10.786053, 0.851684, 0.720485), (-10.788424, 0.866051, 0.567828)
(-10.949368, 0.874535, 0.726528), (-10.947018, 0.857666, 0.879202), (-10.786053, 0.851684, 0.720485)
(-11.112285, 0.895539, 0.732076), (-11.11009, 0.876058, 0.884742), (-10.949368, 0.874535, 0.726528)
(-11.112285, 0.895539, 0.732076), (-10.949368, 0.874535, 0.726528), (-10.951543, 0.891818, 0.573881)
(-11.274685, 0.914416, 0.737044), (-11.112285, 0.895539, 0.732076), (-11.114252, 0.915439, 0.579412)
(-11.274685, 0.914416, 0.737044), (-11.272696, 0.892726, 0.889749), (-11.112285, 0.895539, 0.732076)
(-10.783553, 0.83771, 0.873186), (-10.619888, 0.816536, 0.866834), (-10.622539, 0.827435, 0.714099)
(-10.783553, 0.83771, 0.873186), (-10.780972, 0.824191, 1.025992), (-10.619888, 0.816536, 0.866834)
(-10.947018, 0.857666, 0.879202), (-10.783553, 0.83771, 0.873186), (-10.786053, 0.851684, 0.720485)
(-10.947018, 0.857666, 0.879202), (-10.944515, 0.841263, 1.031951), (-10.783553, 0.83771, 0.873186)
(-11.11009, 0.876058, 0.884742), (-10.947018, 0.857666, 0.879202), (-10.949368, 0.874535, 0.726528)
(-11.11009, 0.876058, 0.884742), (-11.10767, 0.857038, 1.037443), (-10.947018, 0.857666, 0.879202)
(-11.272696, 0.892726, 0.889749), (-11.11009, 0.876058, 0.884742), (-11.112285, 0.895539, 0.732076)
(-11.272696, 0.892726, 0.889749), (-11.27035, 0.871408, 1.042409), (-11.11009, 0.876058, 0.884742)
(-10.780972, 0.824191, 1.025992), (-10.778376, 0.811066, 1.178956), (-10.617242, 0.80606, 1.01971)
(-10.780972, 0.824191, 1.025992), (-10.617242, 0.80606, 1.01971), (-10.619888, 0.816536, 0.866834)
(-10.944515, 0.841263, 1.031951), (-10.9419, 0.825275, 1.184804), (-10.780972, 0.824191, 1.025992)
(-10.944515, 0.841263, 1.031951), (-10.780972, 0.824191, 1.025992), (-10.783553, 0.83771, 0.873186)
(-11.10767, 0.857038, 1.037443), (-11.105066, 0.838445, 1.190209), (-10.944515, 0.841263, 1.031951)
(-11.10767, 0.857038, 1.037443), (-10.944515, 0.841263, 1.031951), (-10.947018, 0.857666, 0.879202)
(-11.27035, 0.871408, 1.042409), (-11.267756, 0.850539, 1.195096), (-11.10767, 0.857038, 1.037443)
(-11.27035, 0.871408, 1.042409), (-11.10767, 0.857038, 1.037443), (-11.11009, 0.876058, 0.884742)
(-10.778376, 0.811066, 1.178956), (-10.614698, 0.795981, 1.172807), (-10.617242, 0.80606, 1.01971)
(-10.778376, 0.811066, 1.178956), (-10.775854, 0.798327, 1.332131), (-10.614698, 0.795981, 1.172807)
(-10.9419, 0.825275, 1.184804), (-10.778376, 0.811066, 1.178956), (-10.780972, 0.824191, 1.025992)
(-10.9419, 0.825275, 1.184804), (-10.939301, 0.809668, 1.337833), (-10.778376, 0.811066, 1.178956)
(-11.105066, 0.838445, 1.190209), (-10.9419, 0.825275, 1.184804), (-10.944515, 0.841263, 1.031951)
(-11.105066, 0.838445, 1.190209), (-11.102411, 0.82024, 1.343114), (-10.9419, 0.825275, 1.184804)
(-11.267756, 0.850539, 1.195096), (-11.105066, 0.838445, 1.190209), (-11.10767, 0.857038, 1.037443)
(-11.267756, 0.850539, 1.195096), (-11.265066, 0.830057, 1.347897), (-11.105066, 0.838445, 1.190209)
# -10.317331616686666, 0, 0.9678603499800029
(-10.132989, 0.75076, 0.694584), (-10.12993, 0.748903, 0.847411), (-9.970863, 0.724876, 0.688495)
(-10.132989, 0.75076, 0.694584), (-9.970863, 0.724876, 0.688495), (-9.974148, 0.724555, 0.535748)
(-10.295805, 0.77664, 0.700995), (-10.132989, 0.75076, 0.694584), (-10.13616, 0.753022, 0.541869)
(-10.295805, 0.77664, 0.700995), (-10.292878, 0.771908, 0.853801), (-10.132989, 0.75076, 0.694584)
(-10.459062, 0.802299, 0.707554), (-10.456275, 0.794503, 0.860328), (-10.295805, 0.77664, 0.700995)
(-10.459062, 0.802299, 0.707554), (-10.295805, 0.77664, 0.700995), (-10.298776, 0.781779, 0.548287)
(-10.622539, 0.827435, 0.714099), (-10.459062, 0.802299, 0.707554), (-10.461841, 0.810501, 0.554864)
(-10.622539, 0.827435, 0.714099), (-10.619888, 0.816536, 0.866834), (-10.459062, 0.802299, 0.707554)
(-10.12993, 0.748903, 0.847411), (-9.967654, 0.725557, 0.841313), (-9.970863, 0.724876, 0.688495)
(-10.12993, 0.748903, 0.847411), (-10.127117, 0.74744, 1.000471), (-9.967654, 0.725557, 0.841313)
(-10.292878, 0.771908, 0.853801), (-10.12993, 0.748903, 0.847411), (-10.132989, 0.75076, 0.694584)
(-10.292878, 0.771908, 0.853801), (-10.290108, 0.767599, 1.006807), (-10.12993, 0.748903, 0.847411)
(-10.456275, 0.794503, 0.860328), (-10.292878, 0.771908, 0.853801), (-10.295805, 0.77664, 0.700995)
(-10.456275, 0.794503, 0.860328), (-10.453566, 0.787146, 1.013276), (-10.292878, 0.771908, 0.853801)
(-10.619888, 0.816536, 0.866834), (-10.456275, 0.794503, 0.860328), (-10.459062, 0.802299, 0.707554)
(-10.619888, 0.816536, 0.866834), (-10.617242, 0.80606, 1.01971), (-10.456275, 0.794503, 0.860328)
(-10.127117, 0.74744, 1.000471), (-10.12473, 0.746145, 1.153887), (-9.964888, 0.726578, 0.994449)
(-10.127117, 0.74744, 1.000471), (-9.964888, 0.726578, 0.994449), (-9.967654, 0.725557, 0.841313)
(-10.290108, 0.767599, 1.006807), (-10.287643, 0.76356, 1.160121), (-10.127117, 0.74744, 1.000471)
(-10.290108, 0.767599, 1.006807), (-10.127117, 0.74744, 1.000471), (-10.12993, 0.748903, 0.847411)
(-10.453566, 0.787146, 1.013276), (-10.451059, 0.780132, 1.166485), (-10.290108, 0.767599, 1.006807)
(-10.453566, 0.787146, 1.013276), (-10.290108, 0.767599, 1.006807), (-10.292878, 0.771908, 0.853801)
(-10.617242, 0.80606, 1.01971), (-10.614698, 0.795981, 1.172807), (-10.453566, 0.787146, 1.013276)
(-10.617242, 0.80606, 1.01971), (-10.453566, 0.787146, 1.013276), (-10.456275, 0.794503, 0.860328)
(-10.12473, 0.746145, 1.153887), (-9.962472, 0.727766, 1.147878), (-9.964888, 0.726578, 0.994449)
(-10.12473, 0.746145, 1.153887), (-10.122589, 0.744909, 1.307559), (-9.962472, 0.727766, 1.147878)
(-10.287643, 0.76356, 1.160121), (-10.12473, 0.746145, 1.153887), (-10.127117, 0.74744, 1.000471)
(-10.287643, 0.76356, 1.160121), (-10.285427, 0.759606, 1.313708), (-10.12473, 0.746145, 1.153887)
(-10.451059, 0.780132, 1.166485), (-10.287643, 0.76356, 1.160121), (-10.290108, 0.767599, 1.006807)
(-10.451059, 0.780132, 1.166485), (-10.448732, 0.773306, 1.319944), (-10.287643, 0.76356, 1.160121)
(-10.614698, 0.795981, 1.172807), (-10.451059, 0.780132, 1.166485), (-10.453566, 0.787146, 1.013276)
(-10.614698, 0.795981, 1.172807), (-10.61227, 0.786189, 1.326126), (-10.451059, 0.780132, 1.166485)
