# -9.64956138335333, 0, 0.9678603499800029
(-9.331398, 0.62272, 0.668969), (-9.174309, 0.597678, 0.665614), (-9.177895, 0.593432, 0.513124)
(-9.331398, 0.62272, 0.668969), (-9.328137, 0.628, 0.821679), (-9.174309, 0.597678, 0.665614)
(-9.489685, 0.647935, 0.672982), (-9.486403, 0.653066, 0.825762), (-9.331398, 0.62272, 0.668969)
(-9.489685, 0.647935, 0.672982), (-9.331398, 0.62272, 0.668969), (-9.335045, 0.617838, 0.516406)
(-9.649079, 0.673352, 0.677606), (-9.489685, 0.647935, 0.672982), (-9.493303, 0.643175, 0.520341)
(-9.649079, 0.673352, 0.677606), (-9.645848, 0.677637, 0.830455), (-9.489685, 0.647935, 0.672982)
(-9.809493, 0.699009, 0.682792), (-9.806279, 0.701784, 0.835648), (-9.649079, 0.673352, 0.677606)
(-9.809493, 0.699009, 0.682792), (-9.649079, 0.673352, 0.677606), (-9.652605, 0.669431, 0.5249)
(-9.970863, 0.724876, 0.688495), (-9.809493, 0.699009, 0.682792), (-9.812909, 0.696597, 0.530052)
(-9.970863, 0.724876, 0.688495), (-9.967654, 0.725557, 0.841313), (-9.809493, 0.699009, 0.682792)
(-9.328137, 0.628, 0.821679), (-9.171036, 0.602371, 0.818198), (-9.174309, 0.597678, 0.665614)
(-9.328137, 0.628, 0.821679), (-9.325489, 0.633584, 0.974712), (-9.171036, 0.602371, 0.818198)
(-9.486403, 0.653066, 0.825762), (-9.328137, 0.628, 0.821679), (-9.331398, 0.62272, 0.668969)
(-9.486403, 0.653066, 0.825762), (-9.483768, 0.658421, 0.9789), (-9.328137, 0.628, 0.821679)
(-9.645848, 0.677637, 0.830455), (-9.486403, 0.653066, 0.825762), (-9.489685, 0.647935, 0.672982)
(-9.645848, 0.677637, 0.830455), (-9.643112, 0.682162, 0.983599), (-9.486403, 0.653066, 0.825762)
(-9.806279, 0.701784, 0.835648), (-9.645848, 0.677637, 0.830455), (-9.649079, 0.673352, 0.677606)
(-9.806279, 0.701784, 0.835648), (-9.803561, 0.704808, 0.988826), (-9.645848, 0.677637, 0.830455)
(-9.967654, 0.725557, 0.841313), (-9.806279, 0.701784, 0.835648), (-9.809493, 0.699009, 0.682792)
(-9.967654, 0.725557, 0.841313), (-9.964888, 0.726578, 0.994449), (-9.806279, 0.701784, 0.835648)
(-9.325489, 0.633584, 0.974712), (-9.323143, 0.639517, 1.127951), (-9.168349, 0.607524, 0.971081)
(-9.325489, 0.633584, 0.974712), (-9.168349, 0.607524, 0.971081), (-9.171036, 0.602371, 0.818198)
(-9.483768, 0.658421, 0.9789), (-9.481375, 0.664062, 1.132222), (-9.325489, 0.633584, 0.974712)
(-9.483768, 0.658421, 0.9789), (-9.325489, 0.633584, 0.974712), (-9.328137, 0.628, 0.821679)
(-9.643112, 0.682162, 0.983599), (-9.640704, 0.686868, 1.136989), (-9.483768, 0.658421, 0.9789)
(-9.643112, 0.682162, 0.983599), (-9.483768, 0.658421, 0.9789), (-9.486403, 0.653066, 0.825762)
(-9.803561, 0.704808, 0.988826), (-9.80112, 0.708022, 1.142236), (-9.643112, 0.682162, 0.983599)
(-9.803561, 0.704808, 0.988826), (-9.643112, 0.682162, 0.983599), (-9.645848, 0.677637, 0.830455)
(-9.964888, 0.726578, 0.994449), (-9.962472, 0.727766, 1.147878), (-9.803561, 0.704808, 0.988826)
(-9.964888, 0.726578, 0.994449), (-9.803561, 0.704808, 0.988826), (-9.806279, 0.701784, 0.835648)
(-9.323143, 0.639517, 1.127951), (-9.165993, 0.61317, 1.124178), (-9.168349, 0.607524, 0.971081)
(-9.323143, 0.639517, 1.127951), (-9.321259, 0.645566, 1.28151), (-9.165993, 0.61317, 1.124178)
(-9.481375, 0.664062, 1.132222), (-9.323143, 0.639517, 1.127951), (-9.325489, 0.633584, 0.974712)
(-9.481375, 0.664062, 1.132222), (-9.479478, 0.66964, 1.285887), (-9.323143, 0.639517, 1.127951)
(-9.640704, 0.686868, 1.136989), (-9.481375, 0.664062, 1.132222), (-9.483768, 0.658421, 0.9789)
(-9.640704, 0.686868, 1.136989), (-9.638871, 0.691286, 1.290769), (-9.481375, 0.664062, 1.132222)
(-9.80112, 0.708022, 1.142236), (-9.640704, 0.686868, 1.136989), (-9.643112, 0.682162, 0.983599)
(-9.80112, 0.708022, 1.142236), (-9.799255, 0.710899, 1.296051), (-9.640704, 0.686868, 1.136989)
(-9.962472, 0.727766, 1.147878), (-9.80112, 0.708022, 1.142236), (-9.803561, 0.704808, 0.988826)
(-9.962472, 0.727766, 1.147878), (-9.960491, 0.728777, 1.301651), (-9.80112, 0.708022, 1.142236)
(-9.321259, 0.645566, 1.28151), (-9.319939, 0.651213, 1.435446), (-9.16431, 0.618836, 1.277706)
(-9.321259, 0.645566, 1.28151), (-9.16431, 0.618836, 1.277706), (-9.165993, 0.61317, 1.124178)
(-9.479478, 0.66964, 1.285887), (-9.478082, 0.674785, 1.4399), (-9.321259, 0.645566, 1.28151)
(-9.479478, 0.66964, 1.285887), (-9.321259, 0.645566, 1.28151), (-9.323143, 0.639517, 1.127951)
(-9.638871, 0.691286, 1.290769), (-9.479478, 0.66964, 1.285887), (-9.481375, 0.664062, 1.132222)
(-9.638871, 0.691286, 1.290769), (-9.637425, 0.69533, 1.444843), (-9.479478, 0.66964, 1.285887)
(-9.799255, 0.710899, 1.296051), (-9.797695, 0.713504, 1.450124), (-9.638871, 0.691286, 1.290769)
(-9.799255, 0.710899, 1.296051), (-9.638871, 0.691286, 1.290769), (-9.640704, 0.686868, 1.136989)
(-9.960491, 0.728777, 1.301651), (-9.958817, 0.729517, 1.455695), (-9.799255, 0.710899, 1.296051)
(-9.960491, 0.728777, 1.301651), (-9.799255, 0.710899, 1.296051), (-9.80112, 0.708022, 1.142236)
# -8.981791150019998, 0, 0.9678603499800029
(-8.709074, 0.522727, 0.658867), (-8.5559, 0.49796, 0.657668), (-8.55887, 0.502537, 0.505492)
(-8.709074, 0.522727, 0.658867), (-8.706156, 0.521703, 0.81114), (-8.5559, 0.49796, 0.657668)
(-8.863153, 0.547679, 0.660569), (-8.860063, 0.549143, 0.81293), (-8.709074, 0.522727, 0.658867)
(-8.863153, 0.547679, 0.660569), (-8.709074, 0.522727, 0.658867), (-8.712324, 0.524394, 0.506667)
(-9.018218, 0.572671, 0.662811), (-8.863153, 0.547679, 0.660569), (-8.866573, 0.546791, 0.508289)
(-9.018218, 0.572671, 0.662811), (-9.015036, 0.576082, 0.815293), (-8.863153, 0.547679, 0.660569)
(-9.174309, 0.597678, 0.665614), (-9.171036, 0.602371, 0.818198), (-9.018218, 0.572671, 0.662811)
(-9.174309, 0.597678, 0.665614), (-9.018218, 0.572671, 0.662811), (-9.021737, 0.569771, 0.510423)
(-8.706156, 0.521703, 0.81114), (-8.553152, 0.493987, 0.809857), (-8.5559, 0.49796, 0.657668)
(-8.706156, 0.521703, 0.81114), (-8.703737, 0.521712, 0.963659), (-8.553152, 0.493987, 0.809857)
(-8.860063, 0.549143, 0.81293), (-8.706156, 0.521703, 0.81114), (-8.709074, 0.522727, 0.658867)
(-8.860063, 0.549143, 0.81293), (-8.857571, 0.55143, 0.965589), (-8.706156, 0.521703, 0.81114)
(-9.015036, 0.576082, 0.815293), (-8.860063, 0.549143, 0.81293), (-8.863153, 0.547679, 0.660569)
(-9.015036, 0.576082, 0.815293), (-9.012377, 0.58012, 0.968034), (-8.860063, 0.549143, 0.81293)
(-9.171036, 0.602371, 0.818198), (-9.015036, 0.576082, 0.815293), (-9.018218, 0.572671, 0.662811)
(-9.171036, 0.602371, 0.818198), (-9.168349, 0.607524, 0.971081), (-9.015036, 0.576082, 0.815293)
(-8.703737, 0.521712, 0.963659), (-8.701607, 0.52275, 1.11636), (-8.550814, 0.491215, 0.96224)
(-8.703737, 0.521712, 0.963659), (-8.550814, 0.491215, 0.96224), (-8.553152, 0.493987, 0.809857)
(-8.857571, 0.55143, 0.965589), (-8.855343, 0.554565, 1.118419), (-8.703737, 0.521712, 0.963659)
(-8.857571, 0.55143, 0.965589), (-8.703737, 0.521712, 0.963659), (-8.706156, 0.521703, 0.81114)
(-9.012377, 0.58012, 0.968034), (-9.010092, 0.584797, 1.121009), (-8.857571, 0.55143, 0.965589)
(-9.012377, 0.58012, 0.968034), (-8.857571, 0.55143, 0.965589), (-8.860063, 0.549143, 0.81293)
(-9.168349, 0.607524, 0.971081), (-9.165993, 0.61317, 1.124178), (-9.012377, 0.58012, 0.968034)
(-9.168349, 0.607524, 0.971081), (-9.012377, 0.58012, 0.968034), (-9.015036, 0.576082, 0.815293)
(-8.701607, 0.52275, 1.11636), (-8.548756, 0.489646, 1.114794), (-8.550814, 0.491215, 0.96224)
(-8.701607, 0.52275, 1.11636), (-8.699871, 0.524905, 1.269347), (-8.548756, 0.489646, 1.114794)
(-8.855343, 0.554565, 1.118419), (-8.701607, 0.52275, 1.11636), (-8.703737, 0.521712, 0.963659)
(-8.855343, 0.554565, 1.118419), (-8.853588, 0.558471, 1.271577), (-8.701607, 0.52275, 1.11636)
(-9.010092, 0.584797, 1.121009), (-8.855343, 0.554565, 1.118419), (-8.857571, 0.55143, 0.965589)
(-9.010092, 0.584797, 1.121009), (-9.008413, 0.589814, 1.274383), (-8.855343, 0.554565, 1.118419)
(-9.165993, 0.61317, 1.124178), (-9.010092, 0.584797, 1.121009), (-9.012377, 0.58012, 0.968034)
(-9.165993, 0.61317, 1.124178), (-9.16431, 0.618836, 1.277706), (-9.010092, 0.584797, 1.121009)
(-8.699871, 0.524905, 1.269347), (-8.698625, 0.527803, 1.42269), (-8.547185, 0.489528, 1.267702)
(-8.699871, 0.524905, 1.269347), (-8.547185, 0.489528, 1.267702), (-8.548756, 0.489646, 1.114794)
(-8.853588, 0.558471, 1.271577), (-8.852318, 0.562802, 1.42508), (-8.699871, 0.524905, 1.269347)
(-8.853588, 0.558471, 1.271577), (-8.699871, 0.524905, 1.269347), (-8.701607, 0.52275, 1.11636)
(-9.008413, 0.589814, 1.274383), (-8.853588, 0.558471, 1.271577), (-8.855343, 0.554565, 1.118419)
(-9.008413, 0.589814, 1.274383), (-9.007153, 0.595022, 1.428058), (-8.853588, 0.558471, 1.271577)
(-9.16431, 0.618836, 1.277706), (-9.163012, 0.624521, 1.431515), (-9.008413, 0.589814, 1.274383)
(-9.16431, 0.618836, 1.277706), (-9.008413, 0.589814, 1.274383), (-9.010092, 0.584797, 1.121009)
# -8.314020916686664, 0, 0.9678603499800029
(-8.099901, 0.427429, 0.656323), (-7.948504, 0.407247, 0.656473), (-7.95036, 0.425118, 0.504132)
(-8.099901, 0.427429, 0.656323), (-8.097876, 0.413169, 0.808492), (-7.948504, 0.407247, 0.656473)
(-8.251466, 0.449812, 0.65644), (-8.24918, 0.439088, 0.808579), (-8.099901, 0.427429, 0.656323)
(-8.251466, 0.449812, 0.65644), (-8.099901, 0.427429, 0.656323), (-8.102061, 0.442066, 0.50408)
(-8.403406, 0.473527, 0.656873), (-8.251466, 0.449812, 0.65644), (-8.253929, 0.461041, 0.504263)
(-8.403406, 0.473527, 0.656873), (-8.400889, 0.466308, 0.809025), (-8.251466, 0.449812, 0.65644)
(-8.5559, 0.49796, 0.657668), (-8.553152, 0.493987, 0.809857), (-8.403406, 0.473527, 0.656873)
(-8.5559, 0.49796, 0.657668), (-8.403406, 0.473527, 0.656873), (-8.406138, 0.481348, 0.504716)
(-8.097876, 0.413169, 0.808492), (-7.946729, 0.389352, 0.808685), (-7.948504, 0.407247, 0.656473)
(-8.097876, 0.413169, 0.808492), (-8.096057, 0.400306, 0.960715), (-7.946729, 0.389352, 0.808685)
(-8.24918, 0.439088, 0.808579), (-8.097876, 0.413169, 0.808492), (-8.099901, 0.427429, 0.656323)
(-8.24918, 0.439088, 0.808579), (-8.247193, 0.429852, 0.960843), (-8.097876, 0.413169, 0.808492)
(-8.400889, 0.466308, 0.809025), (-8.24918, 0.439088, 0.808579), (-8.251466, 0.449812, 0.65644)
(-8.400889, 0.466308, 0.809025), (-8.39869, 0.460362, 0.961314), (-8.24918, 0.439088, 0.808579)
(-8.553152, 0.493987, 0.809857), (-8.400889, 0.466308, 0.809025), (-8.403406, 0.473527, 0.656873)
(-8.553152, 0.493987, 0.809857), (-8.550814, 0.491215, 0.96224), (-8.400889, 0.466308, 0.809025)
(-8.096057, 0.400306, 0.960715), (-8.094436, 0.388731, 1.113023), (-7.945089, 0.372668, 0.960888)
(-8.096057, 0.400306, 0.960715), (-7.945089, 0.372668, 0.960888), (-7.946729, 0.389352, 0.808685)
(-8.247193, 0.429852, 0.960843), (-8.245411, 0.421872, 1.113209), (-8.096057, 0.400306, 0.960715)
(-8.247193, 0.429852, 0.960843), (-8.096057, 0.400306, 0.960715), (-8.097876, 0.413169, 0.808492)
(-8.39869, 0.460362, 0.961314), (-8.39677, 0.455774, 1.11377), (-8.247193, 0.429852, 0.960843)
(-8.39869, 0.460362, 0.961314), (-8.247193, 0.429852, 0.960843), (-8.24918, 0.439088, 0.808579)
(-8.550814, 0.491215, 0.96224), (-8.548756, 0.489646, 1.114794), (-8.39869, 0.460362, 0.961314)
(-8.550814, 0.491215, 0.96224), (-8.39869, 0.460362, 0.961314), (-8.400889, 0.466308, 0.809025)
(-8.094436, 0.388731, 1.113023), (-7.943626, 0.357188, 1.113143), (-7.945089, 0.372668, 0.960888)
(-8.094436, 0.388731, 1.113023), (-8.093027, 0.379207, 1.265493), (-7.943626, 0.357188, 1.113143)
(-8.245411, 0.421872, 1.113209), (-8.094436, 0.388731, 1.113023), (-8.096057, 0.400306, 0.960715)
(-8.245411, 0.421872, 1.113209), (-8.243911, 0.415829, 1.265791), (-8.094436, 0.388731, 1.113023)
(-8.39677, 0.455774, 1.11377), (-8.245411, 0.421872, 1.113209), (-8.247193, 0.429852, 0.960843)
(-8.39677, 0.455774, 1.11377), (-8.395241, 0.452955, 1.266521), (-8.245411, 0.421872, 1.113209)
(-8.548756, 0.489646, 1.114794), (-8.39677, 0.455774, 1.11377), (-8.39869, 0.460362, 0.961314)
(-8.548756, 0.489646, 1.114794), (-8.547185, 0.489528, 1.267702), (-8.39677, 0.455774, 1.11377)
(-8.093027, 0.379207, 1.265493), (-8.091873, 0.372062, 1.418199), (-7.942348, 0.344438, 1.265571)
(-8.093027, 0.379207, 1.265493), (-7.942348, 0.344438, 1.265571), (-7.943626, 0.357188, 1.113143)
(-8.243911, 0.415829, 1.265791), (-8.242703, 0.411736, 1.418624), (-8.093027, 0.379207, 1.265493)
(-8.243911, 0.415829, 1.265791), (-8.093027, 0.379207, 1.265493), (-8.094436, 0.388731, 1.113023)
(-8.395241, 0.452955, 1.266521), (-8.243911, 0.415829, 1.265791), (-8.245411, 0.421872, 1.113209)
(-8.395241, 0.452955, 1.266521), (-8.394007, 0.451631, 1.419515), (-8.243911, 0.415829, 1.265791)
(-8.547185, 0.489528, 1.267702), (-8.545918, 0.490551, 1.420854), (-8.395241, 0.452955, 1.266521)
(-8.547185, 0.489528, 1.267702), (-8.395241, 0.452955, 1.266521), (-8.39677, 0.455774, 1.11377)
# -7.64625068335333, 0, 0.9678603499800029
(-7.948504, 0.407247, 0.656473), (-7.946729, 0.389352, 0.808685), (-7.797074, 0.389843, 0.656842)
(-7.948504, 0.407247, 0.656473), (-7.797074, 0.389843, 0.656842), (-7.798655, 0.410865, 0.504403)
(-7.797074, 0.389843, 0.656842), (-7.645468, 0.376239, 0.65743), (-7.646812, 0.400248, 0.504904)
(-7.797074, 0.389843, 0.656842), (-7.795536, 0.368541, 0.809112), (-7.645468, 0.376239, 0.65743)
(-7.645468, 0.376239, 0.65743), (-7.644131, 0.351615, 0.809747), (-7.493572, 0.367423, 0.658255)
(-7.645468, 0.376239, 0.65743), (-7.493572, 0.367423, 0.658255), (-7.494747, 0.394115, 0.505678)
(-7.493572, 0.367423, 0.658255), (-7.341322, 0.364231, 0.659367), (-7.342433, 0.393084, 0.506787)
(-7.493572, 0.367423, 0.658255), (-7.492366, 0.339857, 0.810591), (-7.341322, 0.364231, 0.659367)
(-7.341322, 0.364231, 0.659367), (-7.340167, 0.333975, 0.811678), (-7.188759, 0.36676, 0.660843)
(-7.341322, 0.364231, 0.659367), (-7.188759, 0.36676, 0.660843), (-7.189875, 0.397777, 0.508326)
(-7.946729, 0.389352, 0.808685), (-7.795536, 0.368541, 0.809112), (-7.797074, 0.389843, 0.656842)
(-7.946729, 0.389352, 0.808685), (-7.945089, 0.372668, 0.960888), (-7.795536, 0.368541, 0.809112)
(-7.795536, 0.368541, 0.809112), (-7.644131, 0.351615, 0.809747), (-7.645468, 0.376239, 0.65743)
(-7.795536, 0.368541, 0.809112), (-7.794082, 0.3481, 0.961319), (-7.644131, 0.351615, 0.809747)
(-7.644131, 0.351615, 0.809747), (-7.492366, 0.339857, 0.810591), (-7.493572, 0.367423, 0.658255)
(-7.644131, 0.351615, 0.809747), (-7.642823, 0.327892, 0.961967), (-7.492366, 0.339857, 0.810591)
(-7.492366, 0.339857, 0.810591), (-7.340167, 0.333975, 0.811678), (-7.341322, 0.364231, 0.659367)
(-7.492366, 0.339857, 0.810591), (-7.491168, 0.312658, 0.962798), (-7.340167, 0.333975, 0.811678)
(-7.340167, 0.333975, 0.811678), (-7.187556, 0.334155, 0.813072), (-7.188759, 0.36676, 0.660843)
(-7.340167, 0.333975, 0.811678), (-7.339, 0.303749, 0.963843), (-7.187556, 0.334155, 0.813072)
(-7.945089, 0.372668, 0.960888), (-7.943626, 0.357188, 1.113143), (-7.794082, 0.3481, 0.961319)
(-7.945089, 0.372668, 0.960888), (-7.794082, 0.3481, 0.961319), (-7.795536, 0.368541, 0.809112)
(-7.794082, 0.3481, 0.961319), (-7.792778, 0.328824, 1.113547), (-7.642823, 0.327892, 0.961967)
(-7.794082, 0.3481, 0.961319), (-7.642823, 0.327892, 0.961967), (-7.644131, 0.351615, 0.809747)
(-7.642823, 0.327892, 0.961967), (-7.641649, 0.304781, 1.114166), (-7.491168, 0.312658, 0.962798)
(-7.642823, 0.327892, 0.961967), (-7.491168, 0.312658, 0.962798), (-7.492366, 0.339857, 0.810591)
(-7.491168, 0.312658, 0.962798), (-7.490076, 0.285987, 1.11496), (-7.339, 0.303749, 0.963843)
(-7.491168, 0.312658, 0.962798), (-7.339, 0.303749, 0.963843), (-7.340167, 0.333975, 0.811678)
(-7.339, 0.303749, 0.963843), (-7.337933, 0.273617, 1.11594), (-7.186343, 0.301054, 0.96514)
(-7.339, 0.303749, 0.963843), (-7.186343, 0.301054, 0.96514), (-7.187556, 0.334155, 0.813072)
(-7.943626, 0.357188, 1.113143), (-7.792778, 0.328824, 1.113547), (-7.794082, 0.3481, 0.961319)
(-7.943626, 0.357188, 1.113143), (-7.942348, 0.344438, 1.265571), (-7.792778, 0.328824, 1.113547)
(-7.792778, 0.328824, 1.113547), (-7.641649, 0.304781, 1.114166), (-7.642823, 0.327892, 0.961967)
(-7.792778, 0.328824, 1.113547), (-7.791596, 0.312247, 1.265899), (-7.641649, 0.304781, 1.114166)
(-7.641649, 0.304781, 1.114166), (-7.490076, 0.285987, 1.11496), (-7.491168, 0.312658, 0.962798)
(-7.641649, 0.304781, 1.114166), (-7.640573, 0.283991, 1.266443), (-7.490076, 0.285987, 1.11496)
(-7.490076, 0.285987, 1.11496), (-7.337933, 0.273617, 1.11594), (-7.339, 0.303749, 0.963843)
(-7.490076, 0.285987, 1.11496), (-7.489067, 0.261385, 1.26718), (-7.337933, 0.273617, 1.11594)
(-7.337933, 0.273617, 1.11594), (-7.185206, 0.267996, 1.117139), (-7.186343, 0.301054, 0.96514)
(-7.337933, 0.273617, 1.11594), (-7.336917, 0.245906, 1.26811), (-7.185206, 0.267996, 1.117139)
(-7.942348, 0.344438, 1.265571), (-7.941242, 0.333922, 1.41816), (-7.791596, 0.312247, 1.265899)
(-7.942348, 0.344438, 1.265571), (-7.791596, 0.312247, 1.265899), (-7.792778, 0.328824, 1.113547)
(-7.791596, 0.312247, 1.265899), (-7.640573, 0.283991, 1.266443), (-7.641649, 0.304781, 1.114166)
(-7.791596, 0.312247, 1.265899), (-7.790551, 0.298287, 1.418398), (-7.640573, 0.283991, 1.266443)
(-7.640573, 0.283991, 1.266443), (-7.639585, 0.266335, 1.418861), (-7.489067, 0.261385, 1.26718)
(-7.640573, 0.283991, 1.266443), (-7.489067, 0.261385, 1.26718), (-7.490076, 0.285987, 1.11496)
(-7.489067, 0.261385, 1.26718), (-7.488115, 0.240205, 1.419539), (-7.336917, 0.245906, 1.26811)
(-7.489067, 0.261385, 1.26718), (-7.336917, 0.245906, 1.26811), (-7.337933, 0.273617, 1.11594)
(-7.336917, 0.245906, 1.26811), (-7.335991, 0.220886, 1.420398), (-7.184141, 0.236977, 1.269216)
(-7.336917, 0.245906, 1.26811), (-7.184141, 0.236977, 1.269216), (-7.185206, 0.267996, 1.117139)
# -6.9784804500199975, 0, 0.9678603499800029
(-7.188759, 0.36676, 0.660843), (-7.035952, 0.37528, 0.662794), (-7.037167, 0.40825, 0.510413)
(-7.188759, 0.36676, 0.660843), (-7.187556, 0.334155, 0.813072), (-7.035952, 0.37528, 0.662794)
(-7.035952, 0.37528, 0.662794), (-7.034612, 0.340507, 0.814869), (-6.883031, 0.389648, 0.665348)
(-7.035952, 0.37528, 0.662794), (-6.883031, 0.389648, 0.665348), (-6.884433, 0.424333, 0.513167)
(-6.883031, 0.389648, 0.665348), (-6.730155, 0.409406, 0.668638), (-6.731801, 0.445655, 0.5167)
(-6.883031, 0.389648, 0.665348), (-6.881455, 0.353027, 0.817204), (-6.730155, 0.409406, 0.668638)
(-6.730155, 0.409406, 0.668638), (-6.728277, 0.370972, 0.820199), (-6.577478, 0.433664, 0.67272)
(-6.730155, 0.409406, 0.668638), (-6.577478, 0.433664, 0.67272), (-6.579391, 0.471503, 0.521061)
(-7.187556, 0.334155, 0.813072), (-7.034612, 0.340507, 0.814869), (-7.035952, 0.37528, 0.662794)
(-7.187556, 0.334155, 0.813072), (-7.186343, 0.301054, 0.96514), (-7.034612, 0.340507, 0.814869)
(-7.034612, 0.340507, 0.814869), (-6.881455, 0.353027, 0.817204), (-6.883031, 0.389648, 0.665348)
(-7.034612, 0.340507, 0.814869), (-7.033237, 0.30521, 0.966797), (-6.881455, 0.353027, 0.817204)
(-6.881455, 0.353027, 0.817204), (-6.728277, 0.370972, 0.820199), (-6.730155, 0.409406, 0.668638)
(-6.881455, 0.353027, 0.817204), (-6.879838, 0.315467, 0.968901), (-6.728277, 0.370972, 0.820199)
(-6.728277, 0.370972, 0.820199), (-6.575254, 0.393566, 0.823949), (-6.577478, 0.433664, 0.67272)
(-6.728277, 0.370972, 0.820199), (-6.726323, 0.331337, 0.971577), (-6.575254, 0.393566, 0.823949)
(-7.186343, 0.301054, 0.96514), (-7.185206, 0.267996, 1.117139), (-7.033237, 0.30521, 0.966797)
(-7.186343, 0.301054, 0.96514), (-7.033237, 0.30521, 0.966797), (-7.034612, 0.340507, 0.814869)
(-7.033237, 0.30521, 0.966797), (-7.031938, 0.2695, 1.118637), (-6.879838, 0.315467, 0.968901)
(-7.033237, 0.30521, 0.966797), (-6.879838, 0.315467, 0.968901), (-6.881455, 0.353027, 0.817204)
(-6.879838, 0.315467, 0.968901), (-6.878275, 0.277521, 1.120518), (-6.726323, 0.331337, 0.971577)
(-6.879838, 0.315467, 0.968901), (-6.726323, 0.331337, 0.971577), (-6.728277, 0.370972, 0.820199)
(-6.726323, 0.331337, 0.971577), (-6.724407, 0.291231, 1.122877), (-6.572895, 0.352065, 0.974945)
(-6.726323, 0.331337, 0.971577), (-6.572895, 0.352065, 0.974945), (-6.575254, 0.393566, 0.823949)
(-7.185206, 0.267996, 1.117139), (-7.031938, 0.2695, 1.118637), (-7.033237, 0.30521, 0.966797)
(-7.185206, 0.267996, 1.117139), (-7.184141, 0.236977, 1.269216), (-7.031938, 0.2695, 1.118637)
(-7.031938, 0.2695, 1.118637), (-6.878275, 0.277521, 1.120518), (-6.879838, 0.315467, 0.968901)
(-7.031938, 0.2695, 1.118637), (-7.030751, 0.235169, 1.270556), (-6.878275, 0.277521, 1.120518)
(-6.878275, 0.277521, 1.120518), (-6.724407, 0.291231, 1.122877), (-6.726323, 0.331337, 0.971577)
(-6.878275, 0.277521, 1.120518), (-6.876855, 0.240564, 1.272228), (-6.724407, 0.291231, 1.122877)
(-6.724407, 0.291231, 1.122877), (-6.570553, 0.310061, 1.125861), (-6.572895, 0.352065, 0.974945)
(-6.724407, 0.291231, 1.122877), (-6.722662, 0.252423, 1.274344), (-6.570553, 0.310061, 1.125861)
(-7.184141, 0.236977, 1.269216), (-7.030751, 0.235169, 1.270556), (-7.031938, 0.2695, 1.118637)
(-7.184141, 0.236977, 1.269216), (-7.183166, 0.208732, 1.42143), (-7.030751, 0.235169, 1.270556)
(-7.030751, 0.235169, 1.270556), (-7.029669, 0.20377, 1.422655), (-6.876855, 0.240564, 1.272228)
(-7.030751, 0.235169, 1.270556), (-6.876855, 0.240564, 1.272228), (-6.878275, 0.277521, 1.120518)
(-6.876855, 0.240564, 1.272228), (-6.87558, 0.20646, 1.424164), (-6.722662, 0.252423, 1.274344)
(-6.876855, 0.240564, 1.272228), (-6.722662, 0.252423, 1.274344), (-6.724407, 0.291231, 1.122877)
(-6.722662, 0.252423, 1.274344), (-6.72111, 0.215694, 1.426029), (-6.568399, 0.268989, 1.276944)
(-6.722662, 0.252423, 1.274344), (-6.568399, 0.268989, 1.276944), (-6.570553, 0.310061, 1.125861)
# -6.3107102166866635, 0, 0.9678603499800029
(-6.577478, 0.433664, 0.67272), (-6.425097, 0.461765, 0.677641), (-6.427266, 0.501178, 0.526264)
(-6.577478, 0.433664, 0.67272), (-6.575254, 0.393566, 0.823949), (-6.425097, 0.461765, 0.677641)
(-6.425097, 0.461765, 0.677641), (-6.422518, 0.41997, 0.828503), (-6.27305, 0.492927, 0.68338)
(-6.425097, 0.461765, 0.677641), (-6.27305, 0.492927, 0.68338), (-6.27543, 0.533893, 0.53225)
(-6.27305, 0.492927, 0.68338), (-6.121292, 0.526352, 0.689841), (-6.123825, 0.568884, 0.53891)
(-6.27305, 0.492927, 0.68338), (-6.270144, 0.449418, 0.83388), (-6.121292, 0.526352, 0.689841)
(-6.121292, 0.526352, 0.689841), (-6.118117, 0.481117, 0.840001), (-5.969718, 0.56135, 0.696875)
(-6.121292, 0.526352, 0.689841), (-5.969718, 0.56135, 0.696875), (-5.972301, 0.605326, 0.546058)
(-6.575254, 0.393566, 0.823949), (-6.422518, 0.41997, 0.828503), (-6.425097, 0.461765, 0.677641)
(-6.575254, 0.393566, 0.823949), (-6.572895, 0.352065, 0.974945), (-6.422518, 0.41997, 0.828503)
(-6.422518, 0.41997, 0.828503), (-6.270144, 0.449418, 0.83388), (-6.27305, 0.492927, 0.68338)
(-6.422518, 0.41997, 0.828503), (-6.419735, 0.376726, 0.979089), (-6.270144, 0.449418, 0.83388)
(-6.270144, 0.449418, 0.83388), (-6.118117, 0.481117, 0.840001), (-6.121292, 0.526352, 0.689841)
(-6.270144, 0.449418, 0.83388), (-6.266926, 0.404287, 0.983993), (-6.118117, 0.481117, 0.840001)
(-6.118117, 0.481117, 0.840001), (-5.966362, 0.514449, 0.846758), (-5.969718, 0.56135, 0.696875)
(-6.118117, 0.481117, 0.840001), (-6.114506, 0.43411, 0.989645), (-5.966362, 0.514449, 0.846758)
(-6.572895, 0.352065, 0.974945), (-6.570553, 0.310061, 1.125861), (-6.419735, 0.376726, 0.979089)
(-6.572895, 0.352065, 0.974945), (-6.419735, 0.376726, 0.979089), (-6.422518, 0.41997, 0.828503)
(-6.419735, 0.376726, 0.979089), (-6.416916, 0.332806, 1.129542), (-6.266926, 0.404287, 0.983993)
(-6.419735, 0.376726, 0.979089), (-6.266926, 0.404287, 0.983993), (-6.270144, 0.449418, 0.83388)
(-6.266926, 0.404287, 0.983993), (-6.26362, 0.35847, 1.133937), (-6.114506, 0.43411, 0.989645)
(-6.266926, 0.404287, 0.983993), (-6.114506, 0.43411, 0.989645), (-6.118117, 0.481117, 0.840001)
(-6.114506, 0.43411, 0.989645), (-6.110721, 0.386349, 1.139042), (-5.96244, 0.465658, 0.99598)
(-6.114506, 0.43411, 0.989645), (-5.96244, 0.465658, 0.99598), (-5.966362, 0.514449, 0.846758)
(-6.570553, 0.310061, 1.125861), (-6.416916, 0.332806, 1.129542), (-6.419735, 0.376726, 0.979089)
(-6.570553, 0.310061, 1.125861), (-6.568399, 0.268989, 1.276944), (-6.416916, 0.332806, 1.129542)
(-6.416916, 0.332806, 1.129542), (-6.26362, 0.35847, 1.133937), (-6.266926, 0.404287, 0.983993)
(-6.416916, 0.332806, 1.129542), (-6.414266, 0.28946, 1.280121), (-6.26362, 0.35847, 1.133937)
(-6.26362, 0.35847, 1.133937), (-6.110721, 0.386349, 1.139042), (-6.114506, 0.43411, 0.989645)
(-6.26362, 0.35847, 1.133937), (-6.260442, 0.313058, 1.283965), (-6.110721, 0.386349, 1.139042)
(-6.110721, 0.386349, 1.139042), (-5.958244, 0.41607, 1.14486), (-5.96244, 0.465658, 0.99598)
(-6.110721, 0.386349, 1.139042), (-6.107045, 0.339085, 1.28852), (-5.958244, 0.41607, 1.14486)
(-6.568399, 0.268989, 1.276944), (-6.414266, 0.28946, 1.280121), (-6.416916, 0.332806, 1.129542)
(-6.568399, 0.268989, 1.276944), (-6.566491, 0.229879, 1.428294), (-6.414266, 0.28946, 1.280121)
(-6.414266, 0.28946, 1.280121), (-6.411917, 0.247991, 1.431025), (-6.260442, 0.313058, 1.283965)
(-6.414266, 0.28946, 1.280121), (-6.260442, 0.313058, 1.283965), (-6.26362, 0.35847, 1.133937)
(-6.260442, 0.313058, 1.283965), (-6.2576, 0.269433, 1.434345), (-6.107045, 0.339085, 1.28852)
(-6.260442, 0.313058, 1.283965), (-6.107045, 0.339085, 1.28852), (-6.110721, 0.386349, 1.139042)
(-6.107045, 0.339085, 1.28852), (-6.103658, 0.293325, 1.438283), (-5.954065, 0.366891, 1.29373)
(-6.107045, 0.339085, 1.28852), (-5.954065, 0.366891, 1.29373), (-5.958244, 0.41607, 1.14486)
# -5.642939983353331, 0, 0.9678603499800029
(-5.969718, 0.56135, 0.696875), (-5.818163, 0.597302, 0.704301), (-5.820686, 0.64254, 0.553484)
(-5.969718, 0.56135, 0.696875), (-5.966362, 0.514449, 0.846758), (-5.818163, 0.597302, 0.704301)
(-5.818163, 0.597302, 0.704301), (-5.814742, 0.548909, 0.854004), (-5.666415, 0.63371, 0.711903)
(-5.818163, 0.597302, 0.704301), (-5.666415, 0.63371, 0.711903), (-5.668773, 0.679956, 0.560963)
(-5.666415, 0.63371, 0.711903), (-5.514221, 0.670176, 0.719436), (-5.516316, 0.717063, 0.56824)
(-5.666415, 0.63371, 0.711903), (-5.663044, 0.584063, 0.861543), (-5.514221, 0.670176, 0.719436)
(-5.514221, 0.670176, 0.719436), (-5.511048, 0.619701, 0.869183), (-5.361434, 0.706717, 0.726773)
(-5.514221, 0.670176, 0.719436), (-5.361434, 0.706717, 0.726773), (-5.36316, 0.753749, 0.575173)
(-5.361434, 0.706717, 0.726773), (-5.207813, 0.743193, 0.7337), (-5.20906, 0.789668, 0.581516)
(-5.361434, 0.706717, 0.726773), (-5.358562, 0.655854, 0.87677), (-5.207813, 0.743193, 0.7337)
(-5.966362, 0.514449, 0.846758), (-5.814742, 0.548909, 0.854004), (-5.818163, 0.597302, 0.704301)
(-5.966362, 0.514449, 0.846758), (-5.96244, 0.465658, 0.99598), (-5.814742, 0.548909, 0.854004)
(-5.814742, 0.548909, 0.854004), (-5.663044, 0.584063, 0.861543), (-5.666415, 0.63371, 0.711903)
(-5.814742, 0.548909, 0.854004), (-5.810606, 0.498487, 1.00288), (-5.663044, 0.584063, 0.861543)
(-5.663044, 0.584063, 0.861543), (-5.511048, 0.619701, 0.869183), (-5.514221, 0.670176, 0.719436)
(-5.663044, 0.584063, 0.861543), (-5.658832, 0.532288, 1.010189), (-5.511048, 0.619701, 0.869183)
(-5.511048, 0.619701, 0.869183), (-5.358562, 0.655854, 0.87677), (-5.361434, 0.706717, 0.726773)
(-5.511048, 0.619701, 0.869183), (-5.50692, 0.566972, 1.017763), (-5.358562, 0.655854, 0.87677)
(-5.358562, 0.655854, 0.87677), (-5.20538, 0.692608, 0.88415), (-5.207813, 0.743193, 0.7337)
(-5.358562, 0.655854, 0.87677), (-5.354655, 0.602655, 1.025458), (-5.20538, 0.692608, 0.88415)
(-5.96244, 0.465658, 0.99598), (-5.958244, 0.41607, 1.14486), (-5.810606, 0.498487, 1.00288)
(-5.96244, 0.465658, 0.99598), (-5.810606, 0.498487, 1.00288), (-5.814742, 0.548909, 0.854004)
(-5.810606, 0.498487, 1.00288), (-5.806095, 0.447249, 1.151302), (-5.658832, 0.532288, 1.010189)
(-5.810606, 0.498487, 1.00288), (-5.658832, 0.532288, 1.010189), (-5.663044, 0.584063, 0.861543)
(-5.658832, 0.532288, 1.010189), (-5.654137, 0.479698, 1.158262), (-5.50692, 0.566972, 1.017763)
(-5.658832, 0.532288, 1.010189), (-5.50692, 0.566972, 1.017763), (-5.511048, 0.619701, 0.869183)
(-5.50692, 0.566972, 1.017763), (-5.502204, 0.513423, 1.165642), (-5.354655, 0.602655, 1.025458)
(-5.50692, 0.566972, 1.017763), (-5.354655, 0.602655, 1.025458), (-5.358562, 0.655854, 0.87677)
(-5.354655, 0.602655, 1.025458), (-5.35008, 0.548662, 1.17333), (-5.201781, 0.639531, 1.033102)
(-5.354655, 0.602655, 1.025458), (-5.201781, 0.639531, 1.033102), (-5.20538, 0.692608, 0.88415)
(-5.958244, 0.41607, 1.14486), (-5.806095, 0.447249, 1.151302), (-5.810606, 0.498487, 1.00288)
(-5.958244, 0.41607, 1.14486), (-5.954065, 0.366891, 1.29373), (-5.806095, 0.447249, 1.151302)
(-5.806095, 0.447249, 1.151302), (-5.654137, 0.479698, 1.158262), (-5.658832, 0.532288, 1.010189)
(-5.806095, 0.447249, 1.151302), (-5.801491, 0.39635, 1.299601), (-5.654137, 0.479698, 1.158262)
(-5.654137, 0.479698, 1.158262), (-5.502204, 0.513423, 1.165642), (-5.50692, 0.566972, 1.017763)
(-5.654137, 0.479698, 1.158262), (-5.649243, 0.427486, 1.30611), (-5.502204, 0.513423, 1.165642)
(-5.502204, 0.513423, 1.165642), (-5.35008, 0.548662, 1.17333), (-5.354655, 0.602655, 1.025458)
(-5.502204, 0.513423, 1.165642), (-5.497174, 0.460456, 1.313203), (-5.35008, 0.548662, 1.17333)
(-5.35008, 0.548662, 1.17333), (-5.197526, 0.585659, 1.18119), (-5.201781, 0.639531, 1.033102)
(-5.35008, 0.548662, 1.17333), (-5.345092, 0.495342, 1.320778), (-5.197526, 0.585659, 1.18119)
(-5.954065, 0.366891, 1.29373), (-5.801491, 0.39635, 1.299601), (-5.806095, 0.447249, 1.151302)
(-5.954065, 0.366891, 1.29373), (-5.950155, 0.319243, 1.44287), (-5.801491, 0.39635, 1.299601)
(-5.801491, 0.39635, 1.299601), (-5.797098, 0.347019, 1.448127), (-5.649243, 0.427486, 1.30611)
(-5.801491, 0.39635, 1.299601), (-5.649243, 0.427486, 1.30611), (-5.654137, 0.479698, 1.158262)
# -4.975169750019997, 0, 0.9678603499800029
(-5.207813, 0.743193, 0.7337), (-5.20538, 0.692608, 0.88415), (-5.053129, 0.77955, 0.740017)
(-5.207813, 0.743193, 0.7337), (-5.053129, 0.77955, 0.740017), (-5.053839, 0.824702, 0.587115)
(-5.053129, 0.77955, 0.740017), (-4.897128, 0.815557, 0.745485), (-4.897428, 0.85889, 0.591924)
(-5.053129, 0.77955, 0.740017), (-5.051191, 0.729926, 0.891058), (-4.897128, 0.815557, 0.745485)
(-4.897128, 0.815557, 0.745485), (-4.895797, 0.767787, 0.897323), (-4.739845, 0.851186, 0.750141)
(-4.897128, 0.815557, 0.745485), (-4.739845, 0.851186, 0.750141), (-4.73955, 0.891456, 0.595631)
(-4.739845, 0.851186, 0.750141), (-4.581128, 0.885999, 0.753832), (-4.580219, 0.922251, 0.59826)
(-4.739845, 0.851186, 0.750141), (-4.739128, 0.806013, 0.902874), (-4.581128, 0.885999, 0.753832)
(-5.20538, 0.692608, 0.88415), (-5.051191, 0.729926, 0.891058), (-5.053129, 0.77955, 0.740017)
(-5.20538, 0.692608, 0.88415), (-5.201781, 0.639531, 1.033102), (-5.051191, 0.729926, 0.891058)
(-5.051191, 0.729926, 0.891058), (-4.895797, 0.767787, 0.897323), (-4.897128, 0.815557, 0.745485)
(-5.051191, 0.729926, 0.891058), (-5.048099, 0.677678, 1.040535), (-4.895797, 0.767787, 0.897323)
(-4.895797, 0.767787, 0.897323), (-4.739128, 0.806013, 0.902874), (-4.739845, 0.851186, 0.750141)
(-4.895797, 0.767787, 0.897323), (-4.893305, 0.71715, 1.047521), (-4.739128, 0.806013, 0.902874)
(-4.739128, 0.806013, 0.902874), (-4.581134, 0.844356, 0.907668), (-4.581128, 0.885999, 0.753832)
(-4.739128, 0.806013, 0.902874), (-4.737392, 0.757704, 1.054034), (-4.581134, 0.844356, 0.907668)
(-5.201781, 0.639531, 1.033102), (-5.197526, 0.585659, 1.18119), (-5.048099, 0.677678, 1.040535)
(-5.201781, 0.639531, 1.033102), (-5.048099, 0.677678, 1.040535), (-5.051191, 0.729926, 0.891058)
(-5.048099, 0.677678, 1.040535), (-5.044315, 0.624611, 1.189069), (-4.893305, 0.71715, 1.047521)
(-5.048099, 0.677678, 1.040535), (-4.893305, 0.71715, 1.047521), (-4.895797, 0.767787, 0.897323)
(-4.893305, 0.71715, 1.047521), (-4.890191, 0.665588, 1.196779), (-4.737392, 0.757704, 1.054034)
(-4.893305, 0.71715, 1.047521), (-4.737392, 0.757704, 1.054034), (-4.739128, 0.806013, 0.902874)
(-4.737392, 0.757704, 1.054034), (-4.735018, 0.708283, 1.204184), (-4.580075, 0.798923, 1.059813)
(-4.737392, 0.757704, 1.054034), (-4.580075, 0.798923, 1.059813), (-4.581134, 0.844356, 0.907668)
(-5.197526, 0.585659, 1.18119), (-5.044315, 0.624611, 1.189069), (-5.048099, 0.677678, 1.040535)
(-5.197526, 0.585659, 1.18119), (-5.192782, 0.53247, 1.328748), (-5.044315, 0.624611, 1.189069)
(-5.044315, 0.624611, 1.189069), (-4.890191, 0.665588, 1.196779), (-4.893305, 0.71715, 1.047521)
(-5.044315, 0.624611, 1.189069), (-5.039992, 0.572214, 1.336985), (-4.890191, 0.665588, 1.196779)
(-4.890191, 0.665588, 1.196779), (-4.735018, 0.708283, 1.204184), (-4.737392, 0.757704, 1.054034)
(-4.890191, 0.665588, 1.196779), (-4.886439, 0.614744, 1.345305), (-4.735018, 0.708283, 1.204184)
(-4.735018, 0.708283, 1.204184), (-4.578575, 0.75222, 1.211073), (-4.580075, 0.798923, 1.059813)
(-4.735018, 0.708283, 1.204184), (-4.732025, 0.659343, 1.353554), (-4.578575, 0.75222, 1.211073)
# -4.307399516686664, 0, 0.9678603499800029
(-4.581128, 0.885999, 0.753832), (-4.581134, 0.844356, 0.907668), (-4.420917, 0.919555, 0.756492)
(-4.581128, 0.885999, 0.753832), (-4.420917, 0.919555, 0.756492), (-4.419474, 0.951101, 0.599848)
(-4.420917, 0.919555, 0.756492), (-4.25914, 0.950848, 0.757992), (-4.257277, 0.977188, 0.600304)
(-4.420917, 0.919555, 0.756492), (-4.421569, 0.881984, 0.911441), (-4.25914, 0.950848, 0.757992)
(-4.25914, 0.950848, 0.757992), (-4.260502, 0.918282, 0.914229), (-4.096103, 0.980179, 0.758648)
(-4.25914, 0.950848, 0.757992), (-4.096103, 0.980179, 0.758648), (-4.093853, 1.000699, 0.599854)
(-4.096103, 0.980179, 0.758648), (-3.931816, 1.006535, 0.758378), (-3.929294, 1.02079, 0.598493)
(-4.096103, 0.980179, 0.758648), (-4.098006, 0.952677, 0.91607), (-3.931816, 1.006535, 0.758378)
(-4.581134, 0.844356, 0.907668), (-4.421569, 0.881984, 0.911441), (-4.420917, 0.919555, 0.756492)
(-4.581134, 0.844356, 0.907668), (-4.580075, 0.798923, 1.059813), (-4.421569, 0.881984, 0.911441)
(-4.421569, 0.881984, 0.911441), (-4.260502, 0.918282, 0.914229), (-4.25914, 0.950848, 0.757992)
(-4.421569, 0.881984, 0.911441), (-4.421377, 0.840131, 1.064838), (-4.260502, 0.918282, 0.914229)
(-4.260502, 0.918282, 0.914229), (-4.098006, 0.952677, 0.91607), (-4.096103, 0.980179, 0.758648)
(-4.260502, 0.918282, 0.914229), (-4.261187, 0.880584, 1.068976), (-4.098006, 0.952677, 0.91607)
(-4.098006, 0.952677, 0.91607), (-3.934209, 0.98464, 0.91703), (-3.931816, 1.006535, 0.758378)
(-4.098006, 0.952677, 0.91607), (-4.099489, 0.919484, 1.072165), (-3.934209, 0.98464, 0.91703)
(-4.580075, 0.798923, 1.059813), (-4.578575, 0.75222, 1.211073), (-4.421377, 0.840131, 1.064838)
(-4.580075, 0.798923, 1.059813), (-4.421377, 0.840131, 1.064838), (-4.421569, 0.881984, 0.911441)
(-4.421377, 0.840131, 1.064838), (-4.420754, 0.796601, 1.217299), (-4.261187, 0.880584, 1.068976)
(-4.421377, 0.840131, 1.064838), (-4.261187, 0.880584, 1.068976), (-4.260502, 0.918282, 0.914229)
(-4.261187, 0.880584, 1.068976), (-4.261521, 0.840634, 1.222778), (-4.099489, 0.919484, 1.072165)
(-4.261187, 0.880584, 1.068976), (-4.099489, 0.919484, 1.072165), (-4.098006, 0.952677, 0.91607)
(-4.099489, 0.919484, 1.072165), (-4.100683, 0.88324, 1.227274), (-3.936305, 0.955639, 1.074313)
(-4.099489, 0.919484, 1.072165), (-3.936305, 0.955639, 1.074313), (-3.934209, 0.98464, 0.91703)
(-4.578575, 0.75222, 1.211073), (-4.420754, 0.796601, 1.217299), (-4.421377, 0.840131, 1.064838)
(-4.578575, 0.75222, 1.211073), (-4.576534, 0.705518, 1.361525), (-4.420754, 0.796601, 1.217299)
(-4.420754, 0.796601, 1.217299), (-4.261521, 0.840634, 1.222778), (-4.261187, 0.880584, 1.068976)
(-4.420754, 0.796601, 1.217299), (-4.419681, 0.752579, 1.36894), (-4.261521, 0.840634, 1.222778)
(-4.261521, 0.840634, 1.222778), (-4.100683, 0.88324, 1.227274), (-4.099489, 0.919484, 1.072165)
(-4.261521, 0.840634, 1.222778), (-4.261261, 0.799419, 1.375542), (-4.100683, 0.88324, 1.227274)
(-4.100683, 0.88324, 1.227274), (-3.938337, 0.923302, 1.230751), (-3.936305, 0.955639, 1.074313)
(-4.100683, 0.88324, 1.227274), (-4.101426, 0.844948, 1.381341), (-3.938337, 0.923302, 1.230751)
# -3.6396292833533312, 0, 0.9678603499800029
(-3.433731, 1.060926, 0.752897), (-3.267051, 1.069742, 0.750008), (-3.264823, 1.062682, 0.587026)
(-3.433731, 1.060926, 0.752897), (-3.436748, 1.054583, 0.914534), (-3.267051, 1.069742, 0.750008)
(-3.600315, 1.047202, 0.75534), (-3.603257, 1.036159, 0.916142), (-3.433731, 1.060926, 0.752897)
(-3.600315, 1.047202, 0.75534), (-3.433731, 1.060926, 0.752897), (-3.431252, 1.058415, 0.590466)
(-3.766463, 1.02921, 0.757251), (-3.600315, 1.047202, 0.75534), (-3.597711, 1.050118, 0.593668)
(-3.766463, 1.02921, 0.757251), (-3.769184, 1.012645, 0.917003), (-3.600315, 1.047202, 0.75534)
(-3.931816, 1.006535, 0.758378), (-3.934209, 0.98464, 0.91703), (-3.766463, 1.02921, 0.757251)
(-3.931816, 1.006535, 0.758378), (-3.766463, 1.02921, 0.757251), (-3.763827, 1.037225, 0.59637)
(-3.436748, 1.054583, 0.914534), (-3.270007, 1.067775, 0.912307), (-3.267051, 1.069742, 0.750008)
(-3.436748, 1.054583, 0.914534), (-3.440262, 1.039608, 1.075209), (-3.270007, 1.067775, 0.912307)
(-3.603257, 1.036159, 0.916142), (-3.436748, 1.054583, 0.914534), (-3.433731, 1.060926, 0.752897)
(-3.603257, 1.036159, 0.916142), (-3.606463, 1.016736, 1.075858), (-3.436748, 1.054583, 0.914534)
(-3.769184, 1.012645, 0.917003), (-3.603257, 1.036159, 0.916142), (-3.600315, 1.047202, 0.75534)
(-3.769184, 1.012645, 0.917003), (-3.771904, 0.988411, 1.075555), (-3.603257, 1.036159, 0.916142)
(-3.934209, 0.98464, 0.91703), (-3.769184, 1.012645, 0.917003), (-3.766463, 1.02921, 0.757251)
(-3.934209, 0.98464, 0.91703), (-3.936305, 0.955639, 1.074313), (-3.769184, 1.012645, 0.917003)
(-3.936305, 0.955639, 1.074313), (-3.938337, 0.923302, 1.230751), (-3.771904, 0.988411, 1.075555)
(-3.936305, 0.955639, 1.074313), (-3.771904, 0.988411, 1.075555), (-3.769184, 1.012645, 0.917003)
(-3.440262, 1.039608, 1.075209), (-3.44408, 1.018452, 1.234943), (-3.273707, 1.056001, 1.073624)
(-3.440262, 1.039608, 1.075209), (-3.273707, 1.056001, 1.073624), (-3.270007, 1.067775, 0.912307)
(-3.771904, 0.988411, 1.075555), (-3.774649, 0.959852, 1.233209), (-3.606463, 1.016736, 1.075858)
(-3.771904, 0.988411, 1.075555), (-3.606463, 1.016736, 1.075858), (-3.603257, 1.036159, 0.916142)
(-3.606463, 1.016736, 1.075858), (-3.609829, 0.992154, 1.234675), (-3.440262, 1.039608, 1.075209)
(-3.606463, 1.016736, 1.075858), (-3.440262, 1.039608, 1.075209), (-3.436748, 1.054583, 0.914534)
(-3.938337, 0.923302, 1.230751), (-3.774649, 0.959852, 1.233209), (-3.771904, 0.988411, 1.075555)
(-3.938337, 0.923302, 1.230751), (-3.940124, 0.888168, 1.386191), (-3.774649, 0.959852, 1.233209)
(-3.774649, 0.959852, 1.233209), (-3.609829, 0.992154, 1.234675), (-3.606463, 1.016736, 1.075858)
(-3.774649, 0.959852, 1.233209), (-3.777315, 0.92768, 1.389866), (-3.609829, 0.992154, 1.234675)
(-3.609829, 0.992154, 1.234675), (-3.44408, 1.018452, 1.234943), (-3.440262, 1.039608, 1.075209)
(-3.609829, 0.992154, 1.234675), (-3.613145, 0.962032, 1.392204), (-3.44408, 1.018452, 1.234943)
(-3.44408, 1.018452, 1.234943), (-3.277836, 1.038108, 1.234092), (-3.273707, 1.056001, 1.073624)
(-3.44408, 1.018452, 1.234943), (-3.448038, 0.991123, 1.393415), (-3.277836, 1.038108, 1.234092)
# -2.9718590500199973, 0, 0.9678603499800029
(-2.770167, 1.0668, 0.739954), (-2.606499, 1.057483, 0.736479), (-2.605507, 1.046189, 0.57393)
(-2.770167, 1.0668, 0.739954), (-2.772538, 1.071023, 0.902628), (-2.606499, 1.057483, 0.736479)
(-2.934984, 1.072096, 0.743412), (-2.937562, 1.075631, 0.906251), (-2.770167, 1.0668, 0.739954)
(-2.934984, 1.072096, 0.743412), (-2.770167, 1.0668, 0.739954), (-2.76888, 1.054525, 0.576879)
(-3.100663, 1.073531, 0.74681), (-2.934984, 1.072096, 0.743412), (-2.933378, 1.060231, 0.5801)
(-3.100663, 1.073531, 0.74681), (-3.103485, 1.074657, 0.909499), (-2.934984, 1.072096, 0.743412)
(-3.267051, 1.069742, 0.750008), (-3.270007, 1.067775, 0.912307), (-3.100663, 1.073531, 0.74681)
(-3.267051, 1.069742, 0.750008), (-3.100663, 1.073531, 0.74681), (-3.098753, 1.063242, 0.583522)
(-2.772538, 1.071023, 0.902628), (-2.608626, 1.061375, 0.898716), (-2.606499, 1.057483, 0.736479)
(-2.772538, 1.071023, 0.902628), (-2.77603, 1.06662, 1.064604), (-2.608626, 1.061375, 0.898716)
(-2.937562, 1.075631, 0.906251), (-2.772538, 1.071023, 0.902628), (-2.770167, 1.0668, 0.739954)
(-2.937562, 1.075631, 0.906251), (-2.941207, 1.069811, 1.068295), (-2.772538, 1.071023, 0.902628)
(-3.103485, 1.074657, 0.909499), (-2.937562, 1.075631, 0.906251), (-2.934984, 1.072096, 0.743412)
(-3.103485, 1.074657, 0.909499), (-3.107222, 1.06623, 1.071311), (-2.937562, 1.075631, 0.906251)
(-3.270007, 1.067775, 0.912307), (-3.103485, 1.074657, 0.909499), (-3.100663, 1.073531, 0.74681)
(-3.270007, 1.067775, 0.912307), (-3.273707, 1.056001, 1.073624), (-3.103485, 1.074657, 0.909499)
(-2.77603, 1.06662, 1.064604), (-2.780333, 1.054882, 1.225714), (-2.612046, 1.056665, 1.060295)
(-2.77603, 1.06662, 1.064604), (-2.612046, 1.056665, 1.060295), (-2.608626, 1.061375, 0.898716)
(-2.941207, 1.069811, 1.068295), (-2.945543, 1.056796, 1.229459), (-2.77603, 1.06662, 1.064604)
(-2.941207, 1.069811, 1.068295), (-2.77603, 1.06662, 1.064604), (-2.772538, 1.071023, 0.902628)
(-3.107222, 1.06623, 1.071311), (-3.111528, 1.050917, 1.232235), (-2.941207, 1.069811, 1.068295)
(-3.107222, 1.06623, 1.071311), (-2.941207, 1.069811, 1.068295), (-2.937562, 1.075631, 0.906251)
(-3.273707, 1.056001, 1.073624), (-3.277836, 1.038108, 1.234092), (-3.107222, 1.06623, 1.071311)
(-3.273707, 1.056001, 1.073624), (-3.107222, 1.06623, 1.071311), (-3.103485, 1.074657, 0.909499)
(-2.780333, 1.054882, 1.225714), (-2.616228, 1.045665, 1.221139), (-2.612046, 1.056665, 1.060295)
(-2.780333, 1.054882, 1.225714), (-2.785392, 1.035361, 1.3856), (-2.616228, 1.045665, 1.221139)
(-2.945543, 1.056796, 1.229459), (-2.780333, 1.054882, 1.225714), (-2.77603, 1.06662, 1.064604)
(-2.945543, 1.056796, 1.229459), (-2.950544, 1.035728, 1.38932), (-2.780333, 1.054882, 1.225714)
(-3.111528, 1.050917, 1.232235), (-2.945543, 1.056796, 1.229459), (-2.941207, 1.069811, 1.068295)
(-3.111528, 1.050917, 1.232235), (-3.116294, 1.029021, 1.392041), (-2.945543, 1.056796, 1.229459)
(-3.277836, 1.038108, 1.234092), (-3.111528, 1.050917, 1.232235), (-3.107222, 1.06623, 1.071311)
(-3.277836, 1.038108, 1.234092), (-3.282286, 1.013939, 1.393412), (-3.111528, 1.050917, 1.232235)
# -2.304088816686664, 0, 0.9678603499800029
(-2.123955, 1.006885, 0.726179), (-1.965994, 0.983152, 0.722768), (-1.965184, 0.987662, 0.564531)
(-2.123955, 1.006885, 0.726179), (-2.125808, 1.002616, 0.885688), (-1.965994, 0.983152, 0.722768)
(-2.283364, 1.027174, 0.729578), (-2.28523, 1.026535, 0.890179), (-2.123955, 1.006885, 0.726179)
(-2.283364, 1.027174, 0.729578), (-2.123955, 1.006885, 0.726179), (-2.123163, 1.006503, 0.566644)
(-2.44417, 1.044296, 0.733017), (-2.283364, 1.027174, 0.729578), (-2.282545, 1.022392, 0.568851)
(-2.44417, 1.044296, 0.733017), (-2.446155, 1.046356, 0.894543), (-2.283364, 1.027174, 0.729578)
(-2.606499, 1.057483, 0.736479), (-2.608626, 1.061375, 0.898716), (-2.44417, 1.044296, 0.733017)
(-2.606499, 1.057483, 0.736479), (-2.44417, 1.044296, 0.733017), (-2.443388, 1.03541, 0.571265)
(-2.125808, 1.002616, 0.885688), (-1.967803, 0.975007, 0.881087), (-1.965994, 0.983152, 0.722768)
(-2.125808, 1.002616, 0.885688), (-2.128801, 0.993251, 1.04494), (-1.967803, 0.975007, 0.881087)
(-2.28523, 1.026535, 0.890179), (-2.125808, 1.002616, 0.885688), (-2.123955, 1.006885, 0.726179)
(-2.28523, 1.026535, 0.890179), (-2.288369, 1.019368, 1.050369), (-2.125808, 1.002616, 0.885688)
(-2.446155, 1.046356, 0.894543), (-2.28523, 1.026535, 0.890179), (-2.283364, 1.027174, 0.729578)
(-2.446155, 1.046356, 0.894543), (-2.449399, 1.040991, 1.055544), (-2.28523, 1.026535, 0.890179)
(-2.608626, 1.061375, 0.898716), (-2.446155, 1.046356, 0.894543), (-2.44417, 1.044296, 0.733017)
(-2.608626, 1.061375, 0.898716), (-2.612046, 1.056665, 1.060295), (-2.446155, 1.046356, 0.894543)
(-1.970881, 0.962316, 1.039265), (-1.974487, 0.947231, 1.19719), (-1.814371, 0.927617, 1.033468)
(-1.970881, 0.962316, 1.039265), (-1.814371, 0.927617, 1.033468), (-1.811365, 0.943236, 0.876363)
(-2.128801, 0.993251, 1.04494), (-2.132559, 0.979895, 1.203775), (-1.970881, 0.962316, 1.039265)
(-2.128801, 0.993251, 1.04494), (-1.970881, 0.962316, 1.039265), (-1.967803, 0.975007, 0.881087)
(-2.288369, 1.019368, 1.050369), (-2.292242, 1.007515, 1.210038), (-2.128801, 0.993251, 1.04494)
(-2.288369, 1.019368, 1.050369), (-2.128801, 0.993251, 1.04494), (-2.125808, 1.002616, 0.885688)
(-2.449399, 1.040991, 1.055544), (-2.453462, 1.029769, 1.215881), (-2.288369, 1.019368, 1.050369)
(-2.449399, 1.040991, 1.055544), (-2.288369, 1.019368, 1.050369), (-2.28523, 1.026535, 0.890179)
(-2.612046, 1.056665, 1.060295), (-2.616228, 1.045665, 1.221139), (-2.449399, 1.040991, 1.055544)
(-2.612046, 1.056665, 1.060295), (-2.449399, 1.040991, 1.055544), (-2.446155, 1.046356, 0.894543)
(-1.974487, 0.947231, 1.19719), (-1.817906, 0.910364, 1.190432), (-1.814371, 0.927617, 1.033468)
(-1.974487, 0.947231, 1.19719), (-1.97886, 0.928977, 1.35462), (-1.817906, 0.910364, 1.190432)
(-2.132559, 0.979895, 1.203775), (-1.974487, 0.947231, 1.19719), (-1.970881, 0.962316, 1.039265)
(-2.132559, 0.979895, 1.203775), (-2.137198, 0.961944, 1.361908), (-1.974487, 0.947231, 1.19719)
(-2.292242, 1.007515, 1.210038), (-2.132559, 0.979895, 1.203775), (-2.128801, 0.993251, 1.04494)
(-2.292242, 1.007515, 1.210038), (-2.29704, 0.989887, 1.368836), (-2.132559, 0.979895, 1.203775)
(-2.453462, 1.029769, 1.215881), (-2.292242, 1.007515, 1.210038), (-2.288369, 1.019368, 1.050369)
(-2.453462, 1.029769, 1.215881), (-2.45832, 1.012487, 1.375292), (-2.292242, 1.007515, 1.210038)
(-2.616228, 1.045665, 1.221139), (-2.453462, 1.029769, 1.215881), (-2.449399, 1.040991, 1.055544)
(-2.616228, 1.045665, 1.221139), (-2.621192, 1.027734, 1.380919), (-2.453462, 1.029769, 1.215881)
# -1.6363185833533305, 0, 0.9678603499800029
(-1.347249, 0.852892, 0.707827), (-1.349401, 0.828463, 0.861579), (-1.194999, 0.812664, 0.703548)
(-1.347249, 0.852892, 0.707827), (-1.194999, 0.812664, 0.703548), (-1.193352, 0.840815, 0.551073)
(-1.500325, 0.890307, 0.711862), (-1.347249, 0.852892, 0.707827), (-1.345747, 0.877347, 0.554472)
(-1.500325, 0.890307, 0.711862), (-1.502411, 0.869426, 0.866615), (-1.347249, 0.852892, 0.707827)
(-1.654395, 0.924527, 0.715666), (-1.656307, 0.90786, 0.871538), (-1.500325, 0.890307, 0.711862)
(-1.654395, 0.924527, 0.715666), (-1.500325, 0.890307, 0.711862), (-1.498972, 0.910444, 0.55745)
(-1.809452, 0.955829, 0.719279), (-1.654395, 0.924527, 0.715666), (-1.653226, 0.939754, 0.560055)
(-1.809452, 0.955829, 0.719279), (-1.811365, 0.943236, 0.876363), (-1.654395, 0.924527, 0.715666)
(-1.965994, 0.983152, 0.722768), (-1.967803, 0.975007, 0.881087), (-1.809452, 0.955829, 0.719279)
(-1.965994, 0.983152, 0.722768), (-1.809452, 0.955829, 0.719279), (-1.808527, 0.965613, 0.562375)
(-1.349401, 0.828463, 0.861579), (-1.197302, 0.785201, 0.856492), (-1.194999, 0.812664, 0.703548)
(-1.349401, 0.828463, 0.861579), (-1.352401, 0.804446, 1.015789), (-1.197302, 0.785201, 0.856492)
(-1.502411, 0.869426, 0.866615), (-1.349401, 0.828463, 0.861579), (-1.347249, 0.852892, 0.707827)
(-1.502411, 0.869426, 0.866615), (-1.50527, 0.848059, 1.021658), (-1.349401, 0.828463, 0.861579)
(-1.656307, 0.90786, 0.871538), (-1.502411, 0.869426, 0.866615), (-1.500325, 0.890307, 0.711862)
(-1.656307, 0.90786, 0.871538), (-1.65922, 0.889346, 1.027583), (-1.502411, 0.869426, 0.866615)
(-1.811365, 0.943236, 0.876363), (-1.656307, 0.90786, 0.871538), (-1.654395, 0.924527, 0.715666)
(-1.811365, 0.943236, 0.876363), (-1.814371, 0.927617, 1.033468), (-1.656307, 0.90786, 0.871538)
(-1.967803, 0.975007, 0.881087), (-1.811365, 0.943236, 0.876363), (-1.809452, 0.955829, 0.719279)
(-1.967803, 0.975007, 0.881087), (-1.970881, 0.962316, 1.039265), (-1.811365, 0.943236, 0.876363)
(-1.352401, 0.804446, 1.015789), (-1.355614, 0.781391, 1.170173), (-1.200193, 0.759417, 1.009989)
(-1.352401, 0.804446, 1.015789), (-1.200193, 0.759417, 1.009989), (-1.197302, 0.785201, 0.856492)
(-1.50527, 0.848059, 1.021658), (-1.5086, 0.826732, 1.176818), (-1.352401, 0.804446, 1.015789)
(-1.50527, 0.848059, 1.021658), (-1.352401, 0.804446, 1.015789), (-1.349401, 0.828463, 0.861579)
(-1.65922, 0.889346, 1.027583), (-1.662592, 0.870128, 1.183617), (-1.50527, 0.848059, 1.021658)
(-1.65922, 0.889346, 1.027583), (-1.50527, 0.848059, 1.021658), (-1.502411, 0.869426, 0.866615)
(-1.814371, 0.927617, 1.033468), (-1.817906, 0.910364, 1.190432), (-1.65922, 0.889346, 1.027583)
(-1.814371, 0.927617, 1.033468), (-1.65922, 0.889346, 1.027583), (-1.656307, 0.90786, 0.871538)
(-1.355614, 0.781391, 1.170173), (-1.203331, 0.735048, 1.163757), (-1.200193, 0.759417, 1.009989)
(-1.355614, 0.781391, 1.170173), (-1.35929, 0.759491, 1.324715), (-1.203331, 0.735048, 1.163757)
(-1.5086, 0.826732, 1.176818), (-1.355614, 0.781391, 1.170173), (-1.352401, 0.804446, 1.015789)
(-1.5086, 0.826732, 1.176818), (-1.512579, 0.805482, 1.331986), (-1.355614, 0.781391, 1.170173)
(-1.662592, 0.870128, 1.183617), (-1.5086, 0.826732, 1.176818), (-1.50527, 0.848059, 1.021658)
(-1.662592, 0.870128, 1.183617), (-1.666794, 0.849627, 1.339472), (-1.5086, 0.826732, 1.176818)
(-1.817906, 0.910364, 1.190432), (-1.662592, 0.870128, 1.183617), (-1.65922, 0.889346, 1.027583)
(-1.817906, 0.910364, 1.190432), (-1.822075, 0.891302, 1.347087), (-1.662592, 0.870128, 1.183617)
# -0.968548350019997, 0, 0.9678603499800029
(-0.741282, 0.681823, 0.689462), (-0.743554, 0.650285, 0.841111), (-0.590395, 0.637271, 0.684457)
(-0.741282, 0.681823, 0.689462), (-0.590395, 0.637271, 0.684457), (-0.588474, 0.671161, 0.53338)
(-0.892242, 0.726481, 0.69436), (-0.741282, 0.681823, 0.689462), (-0.739322, 0.715543, 0.538316)
(-0.892242, 0.726481, 0.69436), (-0.894592, 0.695567, 0.846263), (-0.741282, 0.681823, 0.689462)
(-1.043458, 0.770303, 0.699076), (-1.045775, 0.740624, 0.851375), (-0.892242, 0.726481, 0.69436)
(-1.043458, 0.770303, 0.699076), (-0.892242, 0.726481, 0.69436), (-0.890269, 0.759259, 0.54296)
(-1.194999, 0.812664, 0.703548), (-1.043458, 0.770303, 0.699076), (-1.041503, 0.801381, 0.547227)
(-1.194999, 0.812664, 0.703548), (-1.197302, 0.785201, 0.856492), (-1.043458, 0.770303, 0.699076)
(-0.743554, 0.650285, 0.841111), (-0.59255, 0.606362, 0.836106), (-0.590395, 0.637271, 0.684457)
(-0.743554, 0.650285, 0.841111), (-0.746026, 0.623287, 0.993586), (-0.59255, 0.606362, 0.836106)
(-0.894592, 0.695567, 0.846263), (-0.743554, 0.650285, 0.841111), (-0.741282, 0.681823, 0.689462)
(-0.894592, 0.695567, 0.846263), (-0.897215, 0.667689, 0.998797), (-0.743554, 0.650285, 0.841111)
(-1.045775, 0.740624, 0.851375), (-0.894592, 0.695567, 0.846263), (-0.892242, 0.726481, 0.69436)
(-1.045775, 0.740624, 0.851375), (-1.048535, 0.713536, 1.004308), (-0.894592, 0.695567, 0.846263)
(-1.197302, 0.785201, 0.856492), (-1.045775, 0.740624, 0.851375), (-1.043458, 0.770303, 0.699076)
(-1.197302, 0.785201, 0.856492), (-1.200193, 0.759417, 1.009989), (-1.045775, 0.740624, 0.851375)
(-0.746026, 0.623287, 0.993586), (-0.748605, 0.598048, 1.146382), (-0.594763, 0.580114, 0.988534)
(-0.746026, 0.623287, 0.993586), (-0.594763, 0.580114, 0.988534), (-0.59255, 0.606362, 0.836106)
(-0.897215, 0.667689, 0.998797), (-0.900019, 0.64221, 1.151765), (-0.746026, 0.623287, 0.993586)
(-0.897215, 0.667689, 0.998797), (-0.746026, 0.623287, 0.993586), (-0.743554, 0.650285, 0.841111)
(-1.048535, 0.713536, 1.004308), (-1.051497, 0.688177, 1.157561), (-0.897215, 0.667689, 0.998797)
(-1.048535, 0.713536, 1.004308), (-0.897215, 0.667689, 0.998797), (-0.894592, 0.695567, 0.846263)
(-1.200193, 0.759417, 1.009989), (-1.203331, 0.735048, 1.163757), (-1.048535, 0.713536, 1.004308)
(-1.200193, 0.759417, 1.009989), (-1.048535, 0.713536, 1.004308), (-1.045775, 0.740624, 0.851375)
(-0.748605, 0.598048, 1.146382), (-0.597077, 0.556087, 1.141371), (-0.594763, 0.580114, 0.988534)
(-0.748605, 0.598048, 1.146382), (-0.751253, 0.576565, 1.299722), (-0.597077, 0.556087, 1.141371)
(-0.900019, 0.64221, 1.151765), (-0.748605, 0.598048, 1.146382), (-0.746026, 0.623287, 0.993586)
(-0.900019, 0.64221, 1.151765), (-0.902988, 0.620482, 1.305285), (-0.748605, 0.598048, 1.146382)
(-1.051497, 0.688177, 1.157561), (-0.900019, 0.64221, 1.151765), (-0.897215, 0.667689, 0.998797)
(-1.051497, 0.688177, 1.157561), (-1.054781, 0.666108, 1.31132), (-0.900019, 0.64221, 1.151765)
(-1.203331, 0.735048, 1.163757), (-1.051497, 0.688177, 1.157561), (-1.048535, 0.713536, 1.004308)
(-1.203331, 0.735048, 1.163757), (-1.206767, 0.712571, 1.317776), (-1.051497, 0.688177, 1.157561)
(-0.751253, 0.576565, 1.299722), (-0.753976, 0.558291, 1.453439), (-0.599407, 0.535514, 1.294706)
(-0.751253, 0.576565, 1.299722), (-0.599407, 0.535514, 1.294706), (-0.597077, 0.556087, 1.141371)
# -0.3007781166866636, 0, 0.9678603499800029
(0.015306, 0.47908, 0.664981), (0.167767, 0.448974, 0.660701), (0.168581, 0.472072, 0.507865)
(0.015306, 0.47908, 0.664981), (0.014162, 0.455834, 0.817765), (0.167767, 0.448974, 0.660701)
(-0.136629, 0.514431, 0.669655), (-0.138106, 0.488102, 0.821969), (0.015306, 0.47908, 0.664981)
(-0.136629, 0.514431, 0.669655), (0.015306, 0.47908, 0.664981), (0.016503, 0.506649, 0.512788)
(-0.288167, 0.553244, 0.674535), (-0.136629, 0.514431, 0.669655), (-0.135212, 0.543948, 0.517838)
(-0.288167, 0.553244, 0.674535), (-0.289895, 0.525084, 0.826544), (-0.136629, 0.514431, 0.669655)
(-0.439396, 0.594677, 0.679525), (-0.441371, 0.564404, 0.831237), (-0.288167, 0.553244, 0.674535)
(-0.439396, 0.594677, 0.679525), (-0.288167, 0.553244, 0.674535), (-0.286548, 0.584453, 0.523036)
(-0.590395, 0.637271, 0.684457), (-0.439396, 0.594677, 0.679525), (-0.437601, 0.627317, 0.528268)
(-0.590395, 0.637271, 0.684457), (-0.59255, 0.606362, 0.836106), (-0.439396, 0.594677, 0.679525)
(0.014162, 0.455834, 0.817765), (0.166917, 0.428224, 0.813903), (0.167767, 0.448974, 0.660701)
(0.014162, 0.455834, 0.817765), (0.013183, 0.437754, 0.971249), (0.166917, 0.428224, 0.813903)
(-0.138106, 0.488102, 0.821969), (0.014162, 0.455834, 0.817765), (0.015306, 0.47908, 0.664981)
(-0.138106, 0.488102, 0.821969), (-0.139379, 0.468063, 0.975143), (0.014162, 0.455834, 0.817765)
(-0.289895, 0.525084, 0.826544), (-0.138106, 0.488102, 0.821969), (-0.136629, 0.514431, 0.669655)
(-0.289895, 0.525084, 0.826544), (-0.291574, 0.501384, 0.979235), (-0.138106, 0.488102, 0.821969)
(-0.441371, 0.564404, 0.831237), (-0.289895, 0.525084, 0.826544), (-0.288167, 0.553244, 0.674535)
(-0.441371, 0.564404, 0.831237), (-0.44332, 0.539226, 0.983738), (-0.289895, 0.525084, 0.826544)
(-0.59255, 0.606362, 0.836106), (-0.441371, 0.564404, 0.831237), (-0.439396, 0.594677, 0.679525)
(-0.59255, 0.606362, 0.836106), (-0.594763, 0.580114, 0.988534), (-0.441371, 0.564404, 0.831237)
(0.013183, 0.437754, 0.971249), (0.01222, 0.422173, 1.125149), (0.166291, 0.413215, 0.967835)
(0.013183, 0.437754, 0.971249), (0.166291, 0.413215, 0.967835), (0.166917, 0.428224, 0.813903)
(-0.139379, 0.468063, 0.975143), (-0.14073, 0.449424, 1.128619), (0.013183, 0.437754, 0.971249)
(-0.139379, 0.468063, 0.975143), (0.013183, 0.437754, 0.971249), (0.014162, 0.455834, 0.817765)
(-0.291574, 0.501384, 0.979235), (-0.293262, 0.480625, 1.132416), (-0.139379, 0.468063, 0.975143)
(-0.291574, 0.501384, 0.979235), (-0.139379, 0.468063, 0.975143), (-0.138106, 0.488102, 0.821969)
(-0.44332, 0.539226, 0.983738), (-0.445358, 0.516155, 1.136636), (-0.291574, 0.501384, 0.979235)
(-0.44332, 0.539226, 0.983738), (-0.291574, 0.501384, 0.979235), (-0.289895, 0.525084, 0.826544)
(-0.594763, 0.580114, 0.988534), (-0.597077, 0.556087, 1.141371), (-0.44332, 0.539226, 0.983738)
(-0.594763, 0.580114, 0.988534), (-0.44332, 0.539226, 0.983738), (-0.441371, 0.564404, 0.831237)
(0.01222, 0.422173, 1.125149), (0.165632, 0.39967, 1.122058), (0.166291, 0.413215, 0.967835)
(0.01222, 0.422173, 1.125149), (0.011394, 0.410455, 1.27958), (0.165632, 0.39967, 1.122058)
(-0.14073, 0.449424, 1.128619), (0.01222, 0.422173, 1.125149), (0.013183, 0.437754, 0.971249)
(-0.14073, 0.449424, 1.128619), (-0.141927, 0.435278, 1.282709), (0.01222, 0.422173, 1.125149)
(-0.293262, 0.480625, 1.132416), (-0.14073, 0.449424, 1.128619), (-0.139379, 0.468063, 0.975143)
(-0.293262, 0.480625, 1.132416), (-0.294785, 0.465035, 1.286303), (-0.14073, 0.449424, 1.128619)
(-0.445358, 0.516155, 1.136636), (-0.293262, 0.480625, 1.132416), (-0.291574, 0.501384, 0.979235)
(-0.445358, 0.516155, 1.136636), (-0.447255, 0.498765, 1.290319), (-0.293262, 0.480625, 1.132416)
(-0.597077, 0.556087, 1.141371), (-0.445358, 0.516155, 1.136636), (-0.44332, 0.539226, 0.983738)
(-0.597077, 0.556087, 1.141371), (-0.599407, 0.535514, 1.294706), (-0.445358, 0.516155, 1.136636)
(0.011394, 0.410455, 1.27958), (0.010745, 0.402936, 1.434559), (0.165241, 0.391677, 1.276967)
(0.011394, 0.410455, 1.27958), (0.165241, 0.391677, 1.276967), (0.165632, 0.39967, 1.122058)
(-0.141927, 0.435278, 1.282709), (-0.143005, 0.424843, 1.437298), (0.011394, 0.410455, 1.27958)
(-0.141927, 0.435278, 1.282709), (0.011394, 0.410455, 1.27958), (0.01222, 0.422173, 1.125149)
(-0.294785, 0.465035, 1.286303), (-0.141927, 0.435278, 1.282709), (-0.14073, 0.449424, 1.128619)
(-0.294785, 0.465035, 1.286303), (-0.296279, 0.452284, 1.440578), (-0.141927, 0.435278, 1.282709)
(-0.447255, 0.498765, 1.290319), (-0.449184, 0.483595, 1.444295), (-0.294785, 0.465035, 1.286303)
(-0.447255, 0.498765, 1.290319), (-0.294785, 0.465035, 1.286303), (-0.293262, 0.480625, 1.132416)
(-0.599407, 0.535514, 1.294706), (-0.601729, 0.518944, 1.448548), (-0.447255, 0.498765, 1.290319)
(-0.599407, 0.535514, 1.294706), (-0.447255, 0.498765, 1.290319), (-0.445358, 0.516155, 1.136636)
