# -19.66611488335333, 0, 6.977792449980003
(-19.867149, -0.449812, 6.747716), (-19.705893, -0.444422, 6.751322), (-19.700485, -0.464312, 6.592751)
(-19.867149, -0.449812, 6.747716), (-19.87389, -0.425714, 6.904687), (-19.705893, -0.444422, 6.751322)
(-19.705893, -0.444422, 6.751322), (-19.550308, -0.416523, 6.754112), (-19.545212, -0.436201, 6.595675)
(-19.705893, -0.444422, 6.751322), (-19.712505, -0.420089, 6.908165), (-19.550308, -0.416523, 6.754112)
(-19.550308, -0.416523, 6.754112), (-19.400549, -0.365474, 6.755982), (-19.395876, -0.38478, 6.597742)
(-19.550308, -0.416523, 6.754112), (-19.556606, -0.392438, 6.91083), (-19.400549, -0.365474, 6.755982)
(-19.400549, -0.365474, 6.755982), (-19.256359, -0.292559, 6.756888), (-19.252256, -0.310796, 6.598958)
(-19.400549, -0.365474, 6.755982), (-19.406359, -0.342137, 6.912544), (-19.256359, -0.292559, 6.756888)
(-19.87389, -0.425714, 6.904687), (-19.712505, -0.420089, 6.908165), (-19.705893, -0.444422, 6.751322)
(-19.87389, -0.425714, 6.904687), (-19.880951, -0.402524, 7.059354), (-19.712505, -0.420089, 6.908165)
(-19.712505, -0.420089, 6.908165), (-19.719507, -0.396331, 7.062651), (-19.556606, -0.392438, 6.91083)
(-19.712505, -0.420089, 6.908165), (-19.556606, -0.392438, 6.91083), (-19.550308, -0.416523, 6.754112)
(-19.556606, -0.392438, 6.91083), (-19.406359, -0.342137, 6.912544), (-19.400549, -0.365474, 6.755982)
(-19.556606, -0.392438, 6.91083), (-19.563358, -0.368635, 7.065225), (-19.406359, -0.342137, 6.912544)
(-19.406359, -0.342137, 6.912544), (-19.412701, -0.318678, 7.066936), (-19.261526, -0.270301, 6.913252)
(-19.406359, -0.342137, 6.912544), (-19.261526, -0.270301, 6.913252), (-19.256359, -0.292559, 6.756888)
(-19.880951, -0.402524, 7.059354), (-19.719507, -0.396331, 7.062651), (-19.712505, -0.420089, 6.908165)
(-19.880951, -0.402524, 7.059354), (-19.888371, -0.380423, 7.212169), (-19.719507, -0.396331, 7.062651)
(-19.719507, -0.396331, 7.062651), (-19.563358, -0.368635, 7.065225), (-19.556606, -0.392438, 6.91083)
(-19.719507, -0.396331, 7.062651), (-19.726974, -0.373232, 7.215271), (-19.563358, -0.368635, 7.065225)
(-19.563358, -0.368635, 7.065225), (-19.412701, -0.318678, 7.066936), (-19.406359, -0.342137, 6.912544)
(-19.563358, -0.368635, 7.065225), (-19.570625, -0.345346, 7.21777), (-19.412701, -0.318678, 7.066936)
(-19.412701, -0.318678, 7.066936), (-19.2673, -0.247582, 7.06771), (-19.261526, -0.270301, 6.913252)
(-19.412701, -0.318678, 7.066936), (-19.419531, -0.295946, 7.219532), (-19.2673, -0.247582, 7.06771)
(-19.888371, -0.380423, 7.212169), (-19.895683, -0.360822, 7.363403), (-19.726974, -0.373232, 7.215271)
(-19.888371, -0.380423, 7.212169), (-19.726974, -0.373232, 7.215271), (-19.719507, -0.396331, 7.062651)
(-19.726974, -0.373232, 7.215271), (-19.734465, -0.352288, 7.366311), (-19.570625, -0.345346, 7.21777)
(-19.726974, -0.373232, 7.215271), (-19.570625, -0.345346, 7.21777), (-19.563358, -0.368635, 7.065225)
(-19.570625, -0.345346, 7.21777), (-19.578011, -0.32397, 7.368757), (-19.419531, -0.295946, 7.219532)
(-19.570625, -0.345346, 7.21777), (-19.419531, -0.295946, 7.219532), (-19.412701, -0.318678, 7.066936)
(-19.419531, -0.295946, 7.219532), (-19.426561, -0.275045, 7.370619), (-19.273479, -0.226137, 7.220478)
(-19.419531, -0.295946, 7.219532), (-19.273479, -0.226137, 7.220478), (-19.2673, -0.247582, 7.06771)
# -18.99834465002, 0, 6.977792449980003
(-18.71452, 0.128921, 6.752647), (-18.57822, 0.226295, 6.750718), (-18.57859, 0.219809, 6.595603)
(-18.71452, 0.128921, 6.752647), (-18.715656, 0.140712, 6.907735), (-18.57822, 0.226295, 6.750718)
(-18.84823, 0.018874, 6.754546), (-18.71452, 0.128921, 6.752647), (-18.714045, 0.119586, 6.596879)
(-18.84823, 0.018874, 6.754546), (-18.850382, 0.033667, 6.909988), (-18.71452, 0.128921, 6.752647)
(-18.981617, -0.094355, 6.75607), (-18.84823, 0.018874, 6.754546), (-18.84671, 0.006363, 6.598129)
(-18.981617, -0.094355, 6.75607), (-18.984854, -0.076711, 6.911822), (-18.84823, 0.018874, 6.754546)
(-19.256359, -0.292559, 6.756888), (-19.117081, -0.200534, 6.756911), (-19.113672, -0.21748, 6.59938)
(-19.256359, -0.292559, 6.756888), (-19.261526, -0.270301, 6.913252), (-19.117081, -0.200534, 6.756911)
(-19.117081, -0.200534, 6.756911), (-18.981617, -0.094355, 6.75607), (-18.979088, -0.109428, 6.599044)
(-19.117081, -0.200534, 6.756911), (-19.121368, -0.180348, 6.912967), (-18.981617, -0.094355, 6.75607)
(-18.715656, 0.140712, 6.907735), (-18.578472, 0.235152, 6.905375), (-18.57822, 0.226295, 6.750718)
(-18.715656, 0.140712, 6.907735), (-18.717272, 0.153321, 7.062185), (-18.578472, 0.235152, 6.905375)
(-18.850382, 0.033667, 6.909988), (-18.853157, 0.049458, 7.064586), (-18.715656, 0.140712, 6.907735)
(-18.850382, 0.033667, 6.909988), (-18.715656, 0.140712, 6.907735), (-18.71452, 0.128921, 6.752647)
(-18.984854, -0.076711, 6.911822), (-18.850382, 0.033667, 6.909988), (-18.84823, 0.018874, 6.754546)
(-18.984854, -0.076711, 6.911822), (-18.988909, -0.05744, 7.0665), (-18.850382, 0.033667, 6.909988)
(-19.121368, -0.180348, 6.912967), (-19.126451, -0.158741, 7.06757), (-18.984854, -0.076711, 6.911822)
(-19.121368, -0.180348, 6.912967), (-18.984854, -0.076711, 6.911822), (-18.981617, -0.094355, 6.75607)
(-19.261526, -0.270301, 6.913252), (-19.121368, -0.180348, 6.912967), (-19.117081, -0.200534, 6.756911)
(-19.261526, -0.270301, 6.913252), (-19.2673, -0.247582, 7.06771), (-19.121368, -0.180348, 6.912967)
(-18.717272, 0.153321, 7.062185), (-18.579037, 0.244248, 7.059615), (-18.578472, 0.235152, 6.905375)
(-18.717272, 0.153321, 7.062185), (-18.719065, 0.163913, 7.216002), (-18.579037, 0.244248, 7.059615)
(-18.853157, 0.049458, 7.064586), (-18.717272, 0.153321, 7.062185), (-18.715656, 0.140712, 6.907735)
(-18.853157, 0.049458, 7.064586), (-18.856319, 0.064201, 7.218249), (-18.717272, 0.153321, 7.062185)
(-18.988909, -0.05744, 7.0665), (-18.853157, 0.049458, 7.064586), (-18.850382, 0.033667, 6.909988)
(-18.988909, -0.05744, 7.0665), (-18.993208, -0.040007, 7.219819), (-18.853157, 0.049458, 7.064586)
(-19.126451, -0.158741, 7.06757), (-18.988909, -0.05744, 7.0665), (-18.984854, -0.076711, 6.911822)
(-19.126451, -0.158741, 7.06757), (-19.131752, -0.13919, 7.220575), (-18.988909, -0.05744, 7.0665)
(-19.2673, -0.247582, 7.06771), (-19.126451, -0.158741, 7.06757), (-19.121368, -0.180348, 6.912967)
(-19.2673, -0.247582, 7.06771), (-19.273479, -0.226137, 7.220478), (-19.126451, -0.158741, 7.06757)
(-18.719065, 0.163913, 7.216002), (-18.721003, 0.171407, 7.369301), (-18.579796, 0.251828, 7.213526)
(-18.719065, 0.163913, 7.216002), (-18.579796, 0.251828, 7.213526), (-18.579037, 0.244248, 7.059615)
(-18.856319, 0.064201, 7.218249), (-18.859283, 0.07418, 7.37091), (-18.719065, 0.163913, 7.216002)
(-18.856319, 0.064201, 7.218249), (-18.719065, 0.163913, 7.216002), (-18.717272, 0.153321, 7.062185)
(-18.993208, -0.040007, 7.219819), (-18.997496, -0.026048, 7.371905), (-18.856319, 0.064201, 7.218249)
(-18.993208, -0.040007, 7.219819), (-18.856319, 0.064201, 7.218249), (-18.853157, 0.049458, 7.064586)
(-19.273479, -0.226137, 7.220478), (-19.279877, -0.206579, 7.371793), (-19.131752, -0.13919, 7.220575)
(-19.273479, -0.226137, 7.220478), (-19.131752, -0.13919, 7.220575), (-19.126451, -0.158741, 7.06757)
(-19.131752, -0.13919, 7.220575), (-19.137234, -0.121888, 7.372224), (-18.993208, -0.040007, 7.219819)
(-19.131752, -0.13919, 7.220575), (-18.993208, -0.040007, 7.219819), (-18.988909, -0.05744, 7.0665)
# -18.330574416686666, 0, 6.977792449980003
(-18.143524, 0.400691, 6.746854), (-17.991293, 0.426649, 6.746355), (-17.993063, 0.429721, 6.592984)
(-18.143524, 0.400691, 6.746854), (-18.142244, 0.401668, 6.900362), (-17.991293, 0.426649, 6.746355)
(-18.29283, 0.362232, 6.747711), (-18.143524, 0.400691, 6.746854), (-18.145206, 0.401659, 6.593228)
(-18.29283, 0.362232, 6.747711), (-18.291948, 0.366139, 6.901496), (-18.143524, 0.400691, 6.746854)
(-18.437937, 0.305198, 6.749014), (-18.29283, 0.362232, 6.747711), (-18.294439, 0.361559, 6.593718)
(-18.437937, 0.305198, 6.749014), (-18.437412, 0.311006, 6.903216), (-18.29283, 0.362232, 6.747711)
(-18.57822, 0.226295, 6.750718), (-18.437937, 0.305198, 6.749014), (-18.439018, 0.301635, 6.59452)
(-18.57822, 0.226295, 6.750718), (-18.578472, 0.235152, 6.905375), (-18.437937, 0.305198, 6.749014)
(-18.142244, 0.401668, 6.900362), (-17.989805, 0.425146, 6.899685), (-17.991293, 0.426649, 6.746355)
(-18.142244, 0.401668, 6.900362), (-18.141203, 0.40338, 7.053909), (-17.989805, 0.425146, 6.899685)
(-18.291948, 0.366139, 6.901496), (-18.29117, 0.3698, 7.055254), (-18.142244, 0.401668, 6.900362)
(-18.291948, 0.366139, 6.901496), (-18.142244, 0.401668, 6.900362), (-18.143524, 0.400691, 6.746854)
(-18.437412, 0.311006, 6.903216), (-18.291948, 0.366139, 6.901496), (-18.29283, 0.362232, 6.747711)
(-18.437412, 0.311006, 6.903216), (-18.437164, 0.317101, 7.057218), (-18.291948, 0.366139, 6.901496)
(-18.578472, 0.235152, 6.905375), (-18.579037, 0.244248, 7.059615), (-18.437412, 0.311006, 6.903216)
(-18.578472, 0.235152, 6.905375), (-18.437412, 0.311006, 6.903216), (-18.437937, 0.305198, 6.749014)
(-18.141203, 0.40338, 7.053909), (-17.988525, 0.424514, 7.053141), (-17.989805, 0.425146, 6.899685)
(-18.141203, 0.40338, 7.053909), (-18.140211, 0.404066, 7.207767), (-17.988525, 0.424514, 7.053141)
(-18.29117, 0.3698, 7.055254), (-18.141203, 0.40338, 7.053909), (-18.142244, 0.401668, 6.900362)
(-18.29117, 0.3698, 7.055254), (-18.29059, 0.372721, 7.209151), (-18.141203, 0.40338, 7.053909)
(-18.437164, 0.317101, 7.057218), (-18.29117, 0.3698, 7.055254), (-18.291948, 0.366139, 6.901496)
(-18.437164, 0.317101, 7.057218), (-18.437168, 0.32232, 7.211155), (-18.29117, 0.3698, 7.055254)
(-18.579037, 0.244248, 7.059615), (-18.437164, 0.317101, 7.057218), (-18.437412, 0.311006, 6.903216)
(-18.579037, 0.244248, 7.059615), (-18.579796, 0.251828, 7.213526), (-18.437164, 0.317101, 7.057218)
(-18.140211, 0.404066, 7.207767), (-18.139439, 0.403675, 7.362114), (-17.98744, 0.424073, 7.206943)
(-18.140211, 0.404066, 7.207767), (-17.98744, 0.424073, 7.206943), (-17.988525, 0.424514, 7.053141)
(-18.29059, 0.372721, 7.209151), (-18.289993, 0.372626, 7.363433), (-18.140211, 0.404066, 7.207767)
(-18.29059, 0.372721, 7.209151), (-18.140211, 0.404066, 7.207767), (-18.141203, 0.40338, 7.053909)
(-18.437168, 0.32232, 7.211155), (-18.437235, 0.324545, 7.365206), (-18.29059, 0.372721, 7.209151)
(-18.437168, 0.32232, 7.211155), (-18.29059, 0.372721, 7.209151), (-18.29117, 0.3698, 7.055254)
(-18.579796, 0.251828, 7.213526), (-18.580746, 0.256666, 7.367272), (-18.437168, 0.32232, 7.211155)
(-18.579796, 0.251828, 7.213526), (-18.437168, 0.32232, 7.211155), (-18.437164, 0.317101, 7.057218)
# -17.662804183353337, 0, 6.977792449980003
(-17.837461, 0.446288, 6.74612), (-17.682888, 0.46345, 6.74614), (-17.68454, 0.469242, 6.593025)
(-17.837461, 0.446288, 6.74612), (-17.835918, 0.442918, 6.899347), (-17.682888, 0.46345, 6.74614)
(-17.682888, 0.46345, 6.74614), (-17.528084, 0.480215, 6.746439), (-17.529503, 0.486315, 6.59335)
(-17.682888, 0.46345, 6.74614), (-17.681463, 0.45907, 6.899324), (-17.528084, 0.480215, 6.746439)
(-17.991293, 0.426649, 6.746355), (-17.837461, 0.446288, 6.74612), (-17.839237, 0.451098, 6.592916)
(-17.991293, 0.426649, 6.746355), (-17.989805, 0.425146, 6.899685), (-17.837461, 0.446288, 6.74612)
(-17.528084, 0.480215, 6.746439), (-17.373236, 0.497164, 6.747036), (-17.37438, 0.503178, 6.593925)
(-17.528084, 0.480215, 6.746439), (-17.526896, 0.475547, 6.899658), (-17.373236, 0.497164, 6.747036)
(-17.373236, 0.497164, 6.747036), (-17.218359, 0.514157, 6.747896), (-17.21921, 0.519828, 6.594721)
(-17.373236, 0.497164, 6.747036), (-17.372337, 0.492609, 6.900337), (-17.218359, 0.514157, 6.747896)
(-17.681463, 0.45907, 6.899324), (-17.680305, 0.456134, 7.052754), (-17.526896, 0.475547, 6.899658)
(-17.681463, 0.45907, 6.899324), (-17.526896, 0.475547, 6.899658), (-17.528084, 0.480215, 6.746439)
(-17.835918, 0.442918, 6.899347), (-17.681463, 0.45907, 6.899324), (-17.682888, 0.46345, 6.74614)
(-17.835918, 0.442918, 6.899347), (-17.834618, 0.440753, 7.052762), (-17.681463, 0.45907, 6.899324)
(-17.526896, 0.475547, 6.899658), (-17.372337, 0.492609, 6.900337), (-17.373236, 0.497164, 6.747036)
(-17.526896, 0.475547, 6.899658), (-17.52598, 0.472316, 7.053139), (-17.372337, 0.492609, 6.900337)
(-17.989805, 0.425146, 6.899685), (-17.988525, 0.424514, 7.053141), (-17.835918, 0.442918, 6.899347)
(-17.989805, 0.425146, 6.899685), (-17.835918, 0.442918, 6.899347), (-17.837461, 0.446288, 6.74612)
(-17.372337, 0.492609, 6.900337), (-17.371717, 0.489519, 7.053959), (-17.217758, 0.509929, 6.901307)
(-17.372337, 0.492609, 6.900337), (-17.217758, 0.509929, 6.901307), (-17.218359, 0.514157, 6.747896)
(-17.680305, 0.456134, 7.052754), (-17.52598, 0.472316, 7.053139), (-17.526896, 0.475547, 6.899658)
(-17.680305, 0.456134, 7.052754), (-17.679447, 0.454398, 7.206586), (-17.52598, 0.472316, 7.053139)
(-17.834618, 0.440753, 7.052762), (-17.680305, 0.456134, 7.052754), (-17.681463, 0.45907, 6.899324)
(-17.834618, 0.440753, 7.052762), (-17.833578, 0.439472, 7.20655), (-17.680305, 0.456134, 7.052754)
(-17.52598, 0.472316, 7.053139), (-17.371717, 0.489519, 7.053959), (-17.372337, 0.492609, 6.900337)
(-17.52598, 0.472316, 7.053139), (-17.525379, 0.470466, 7.207086), (-17.371717, 0.489519, 7.053959)
(-17.988525, 0.424514, 7.053141), (-17.834618, 0.440753, 7.052762), (-17.835918, 0.442918, 6.899347)
(-17.988525, 0.424514, 7.053141), (-17.98744, 0.424073, 7.206943), (-17.834618, 0.440753, 7.052762)
(-17.371717, 0.489519, 7.053959), (-17.217421, 0.507089, 7.055071), (-17.217758, 0.509929, 6.901307)
(-17.371717, 0.489519, 7.053959), (-17.37138, 0.48766, 7.20803), (-17.217421, 0.507089, 7.055071)
(-17.833578, 0.439472, 7.20655), (-17.832848, 0.438698, 7.360909), (-17.679447, 0.454398, 7.206586)
(-17.833578, 0.439472, 7.20655), (-17.679447, 0.454398, 7.206586), (-17.680305, 0.456134, 7.052754)
(-17.679447, 0.454398, 7.206586), (-17.678917, 0.453525, 7.361016), (-17.525379, 0.470466, 7.207086)
(-17.679447, 0.454398, 7.206586), (-17.525379, 0.470466, 7.207086), (-17.52598, 0.472316, 7.053139)
(-17.98744, 0.424073, 7.206943), (-17.986622, 0.423474, 7.361288), (-17.833578, 0.439472, 7.20655)
(-17.98744, 0.424073, 7.206943), (-17.833578, 0.439472, 7.20655), (-17.834618, 0.440753, 7.052762)
(-17.525379, 0.470466, 7.207086), (-17.525084, 0.469489, 7.36161), (-17.37138, 0.48766, 7.20803)
(-17.525379, 0.470466, 7.207086), (-17.37138, 0.48766, 7.20803), (-17.371717, 0.489519, 7.053959)
(-17.37138, 0.48766, 7.20803), (-17.371323, 0.486637, 7.362699), (-17.217346, 0.505378, 7.209298)
(-17.37138, 0.48766, 7.20803), (-17.217346, 0.505378, 7.209298), (-17.217421, 0.507089, 7.055071)
# -16.99503395002, 0, 6.977792449980003
(-17.218359, 0.514157, 6.747896), (-17.063423, 0.530971, 6.74901), (-17.063984, 0.536139, 6.595726)
(-17.218359, 0.514157, 6.747896), (-17.217758, 0.509929, 6.901307), (-17.063423, 0.530971, 6.74901)
(-17.063423, 0.530971, 6.74901), (-16.908356, 0.547173, 6.750283), (-16.908661, 0.55186, 6.596913)
(-17.063423, 0.530971, 6.74901), (-17.063101, 0.527136, 6.902526), (-16.908356, 0.547173, 6.750283)
(-16.908356, 0.547173, 6.750283), (-16.753113, 0.5625, 6.751668), (-16.75318, 0.566658, 6.598205)
(-16.908356, 0.547173, 6.750283), (-16.908295, 0.543848, 6.903945), (-16.753113, 0.5625, 6.751668)
(-16.753113, 0.5625, 6.751668), (-16.597641, 0.57667, 6.75303), (-16.597483, 0.580242, 6.599473)
(-16.753113, 0.5625, 6.751668), (-16.753286, 0.559688, 6.905455), (-16.597641, 0.57667, 6.75303)
(-17.217758, 0.509929, 6.901307), (-17.063101, 0.527136, 6.902526), (-17.063423, 0.530971, 6.74901)
(-17.217758, 0.509929, 6.901307), (-17.217421, 0.507089, 7.055071), (-17.063101, 0.527136, 6.902526)
(-17.063101, 0.527136, 6.902526), (-17.063028, 0.524635, 7.056439), (-16.908295, 0.543848, 6.903945)
(-17.063101, 0.527136, 6.902526), (-16.908295, 0.543848, 6.903945), (-16.908356, 0.547173, 6.750283)
(-16.908295, 0.543848, 6.903945), (-16.753286, 0.559688, 6.905455), (-16.753113, 0.5625, 6.751668)
(-16.908295, 0.543848, 6.903945), (-16.908472, 0.541743, 7.057998), (-16.753286, 0.559688, 6.905455)
(-16.753286, 0.559688, 6.905455), (-16.753681, 0.55805, 7.059678), (-16.598034, 0.574448, 6.906946)
(-16.753286, 0.559688, 6.905455), (-16.598034, 0.574448, 6.906946), (-16.597641, 0.57667, 6.75303)
(-17.217421, 0.507089, 7.055071), (-17.063028, 0.524635, 7.056439), (-17.063101, 0.527136, 6.902526)
(-17.217421, 0.507089, 7.055071), (-17.217346, 0.505378, 7.209298), (-17.063028, 0.524635, 7.056439)
(-17.063028, 0.524635, 7.056439), (-16.908472, 0.541743, 7.057998), (-16.908295, 0.543848, 6.903945)
(-17.063028, 0.524635, 7.056439), (-17.063194, 0.52316, 7.210845), (-16.908472, 0.541743, 7.057998)
(-16.908472, 0.541743, 7.057998), (-16.753681, 0.55805, 7.059678), (-16.753286, 0.559688, 6.905455)
(-16.908472, 0.541743, 7.057998), (-16.908844, 0.540559, 7.212594), (-16.753681, 0.55805, 7.059678)
(-16.753681, 0.55805, 7.059678), (-16.598637, 0.573346, 7.061315), (-16.598034, 0.574448, 6.906946)
(-16.753681, 0.55805, 7.059678), (-16.754248, 0.557227, 7.214413), (-16.598637, 0.573346, 7.061315)
(-17.217346, 0.505378, 7.209298), (-17.217506, 0.504385, 7.364121), (-17.063194, 0.52316, 7.210845)
(-17.217346, 0.505378, 7.209298), (-17.063194, 0.52316, 7.210845), (-17.063028, 0.524635, 7.056439)
(-17.063194, 0.52316, 7.210845), (-17.063543, 0.522255, 7.36585), (-16.908844, 0.540559, 7.212594)
(-17.063194, 0.52316, 7.210845), (-16.908844, 0.540559, 7.212594), (-16.908472, 0.541743, 7.057998)
(-16.908844, 0.540559, 7.212594), (-16.909359, 0.539802, 7.367745), (-16.754248, 0.557227, 7.214413)
(-16.908844, 0.540559, 7.212594), (-16.754248, 0.557227, 7.214413), (-16.753681, 0.55805, 7.059678)
(-16.754248, 0.557227, 7.214413), (-16.754919, 0.55673, 7.369702), (-16.599384, 0.572978, 7.2162)
(-16.754248, 0.557227, 7.214413), (-16.599384, 0.572978, 7.2162), (-16.598637, 0.573346, 7.061315)
# -16.32726371668667, 0, 6.977792449980003
(-16.126522, 1.155111, 6.64697), (-16.153652, 1.157631, 6.550723), (-16.177036, 1.148094, 6.55701)
(-16.126522, 1.155111, 6.64697), (-16.099398, 1.152591, 6.743211), (-16.051287, 1.152591, 6.729596)
(-16.149899, 1.145574, 6.653297), (-16.126522, 1.155111, 6.64697), (-16.177036, 1.148094, 6.55701)
(-16.149899, 1.145574, 6.653297), (-16.177036, 1.148094, 6.55701), (-16.324892, 1.148094, 6.598363)
(-16.331251, 0.390376, 6.684482), (-16.382404, 1.155111, 6.718964), (-16.358494, 0.392902, 6.587719)
(-16.297688, 1.145573, 6.694878), (-16.149899, 1.145574, 6.653297), (-16.324892, 1.148094, 6.598363)
(-16.297688, 1.145573, 6.694878), (-16.324892, 1.148094, 6.598363), (-16.347593, 1.157631, 6.604966)
(-16.320377, 1.155111, 6.701513), (-16.297688, 1.145573, 6.694878), (-16.347593, 1.157631, 6.604966)
(-16.320377, 1.155111, 6.701513), (-16.347593, 1.157631, 6.604966), (-16.409641, 1.157631, 6.622321)
(-16.003178, 1.152591, 6.71598), (-16.03026, 1.155111, 6.619887), (-16.051287, 1.152591, 6.729596)
(-16.003178, 1.152591, 6.71598), (-15.979939, 1.143054, 6.709156), (-16.007015, 1.145574, 6.613096)
(-16.003178, 1.152591, 6.71598), (-16.051287, 1.152591, 6.729596), (-16.02409, 1.150089, 6.825737)
(-16.003178, 1.152591, 6.71598), (-15.975996, 1.150089, 6.812047), (-15.979939, 1.143054, 6.709156)
(-16.382404, 1.155111, 6.718964), (-16.320377, 1.155111, 6.701513), (-16.409641, 1.157631, 6.622321)
(-16.382404, 1.155111, 6.718964), (-16.409641, 1.157631, 6.622321), (-16.358494, 0.392902, 6.587719)
(-16.051287, 1.152591, 6.729596), (-16.099398, 1.152591, 6.743211), (-16.02409, 1.150089, 6.825737)
(-16.099398, 1.152591, 6.743211), (-16.126522, 1.155111, 6.64697), (-16.149899, 1.145574, 6.653297)
(-16.099398, 1.152591, 6.743211), (-16.072178, 1.150089, 6.839426), (-16.02409, 1.150089, 6.825737)
(-16.122765, 1.143054, 6.749576), (-16.099398, 1.152591, 6.743211), (-16.149899, 1.145574, 6.653297)
(-16.122765, 1.143054, 6.749576), (-16.149899, 1.145574, 6.653297), (-16.297688, 1.145573, 6.694878)
(-16.597641, 0.57667, 6.75303), (-16.441916, 0.589542, 6.754382), (-16.441549, 0.592498, 6.600731)
(-16.597641, 0.57667, 6.75303), (-16.598034, 0.574448, 6.906946), (-16.441916, 0.589542, 6.754382)
(-16.441916, 0.589542, 6.754382), (-16.285902, 0.60094, 6.755658), (-16.285347, 0.603252, 6.601947)
(-16.441916, 0.589542, 6.754382), (-16.442518, 0.587963, 6.908395), (-16.285902, 0.60094, 6.755658)
(-16.285902, 0.60094, 6.755658), (-16.129585, 0.610702, 6.756815), (-16.128843, 0.612313, 6.603055)
(-16.285902, 0.60094, 6.755658), (-16.286707, 0.600044, 6.909779), (-16.129585, 0.610702, 6.756815)
(-16.129585, 0.610702, 6.756815), (-15.972928, 0.618675, 6.75782), (-15.972009, 0.619524, 6.604008)
(-16.129585, 0.610702, 6.756815), (-16.130571, 0.610536, 6.911032), (-15.972928, 0.618675, 6.75782)
(-16.304014, 0.387851, 6.781236), (-16.355167, 1.152591, 6.815599), (-16.331251, 0.390376, 6.684482)
(-16.270489, 1.143054, 6.791385), (-16.122765, 1.143054, 6.749576), (-16.297688, 1.145573, 6.694878)
(-16.270489, 1.143054, 6.791385), (-16.297688, 1.145573, 6.694878), (-16.320377, 1.155111, 6.701513)
(-16.293171, 1.152591, 6.798053), (-16.270489, 1.143054, 6.791385), (-16.320377, 1.155111, 6.701513)
(-16.293171, 1.152591, 6.798053), (-16.320377, 1.155111, 6.701513), (-16.382404, 1.155111, 6.718964)
(-16.355167, 1.152591, 6.815599), (-16.293171, 1.152591, 6.798053), (-16.382404, 1.155111, 6.718964)
(-16.355167, 1.152591, 6.815599), (-16.382404, 1.155111, 6.718964), (-16.331251, 0.390376, 6.684482)
(-16.02409, 1.150089, 6.825737), (-16.072178, 1.150089, 6.839426), (-15.996525, 1.147651, 6.921779)
(-16.072178, 1.150089, 6.839426), (-16.099398, 1.152591, 6.743211), (-16.122765, 1.143054, 6.749576)
(-16.072178, 1.150089, 6.839426), (-16.044598, 1.147651, 6.935535), (-15.996525, 1.147651, 6.921779)
(-16.095533, 1.140551, 6.845828), (-16.072178, 1.150089, 6.839426), (-16.122765, 1.143054, 6.749576)
(-16.095533, 1.140551, 6.845828), (-16.122765, 1.143054, 6.749576), (-16.270489, 1.143054, 6.791385)
(-16.276684, 0.385344, 6.877954), (-16.327839, 1.150089, 6.912199), (-16.304014, 0.387851, 6.781236)
(-16.243193, 1.140551, 6.88786), (-16.095533, 1.140551, 6.845828), (-16.270489, 1.143054, 6.791385)
(-16.243193, 1.140551, 6.88786), (-16.270489, 1.143054, 6.791385), (-16.293171, 1.152591, 6.798053)
(-16.265867, 1.150089, 6.894559), (-16.243193, 1.140551, 6.88786), (-16.293171, 1.152591, 6.798053)
(-16.265867, 1.150089, 6.894559), (-16.293171, 1.152591, 6.798053), (-16.355167, 1.152591, 6.815599)
(-16.598034, 0.574448, 6.906946), (-16.442518, 0.587963, 6.908395), (-16.441916, 0.589542, 6.754382)
(-16.598034, 0.574448, 6.906946), (-16.598637, 0.573346, 7.061315), (-16.442518, 0.587963, 6.908395)
(-16.442518, 0.587963, 6.908395), (-16.443317, 0.587465, 7.062895), (-16.286707, 0.600044, 6.909779)
(-16.442518, 0.587963, 6.908395), (-16.286707, 0.600044, 6.909779), (-16.285902, 0.60094, 6.755658)
(-16.286707, 0.600044, 6.909779), (-16.130571, 0.610536, 6.911032), (-16.129585, 0.610702, 6.756815)
(-16.286707, 0.600044, 6.909779), (-16.287693, 0.600236, 7.064391), (-16.130571, 0.610536, 6.911032)
(-16.130571, 0.610536, 6.911032), (-16.131733, 0.611437, 7.06578), (-15.974098, 0.619321, 6.912121)
(-16.130571, 0.610536, 6.911032), (-15.974098, 0.619321, 6.912121), (-15.972928, 0.618675, 6.75782)
(-16.327839, 1.150089, 6.912199), (-16.265867, 1.150089, 6.894559), (-16.355167, 1.152591, 6.815599)
(-16.327839, 1.150089, 6.912199), (-16.355167, 1.152591, 6.815599), (-16.304014, 0.387851, 6.781236)
(-15.996525, 1.147651, 6.921779), (-16.044598, 1.147651, 6.935535), (-15.968962, 1.145214, 7.017823)
(-16.044598, 1.147651, 6.935535), (-16.072178, 1.150089, 6.839426), (-16.095533, 1.140551, 6.845828)
(-16.044598, 1.147651, 6.935535), (-16.017012, 1.145214, 7.031646), (-15.968962, 1.145214, 7.017823)
(-16.067944, 1.138114, 6.941973), (-16.044598, 1.147651, 6.935535), (-16.095533, 1.140551, 6.845828)
(-16.067944, 1.138114, 6.941973), (-16.095533, 1.140551, 6.845828), (-16.243193, 1.140551, 6.88786)
(-16.248995, 0.382902, 6.974529), (-16.300154, 1.147651, 7.008667), (-16.276684, 0.385344, 6.877954)
(-16.215544, 1.138114, 6.984211), (-16.067944, 1.138114, 6.941973), (-16.243193, 1.140551, 6.88786)
(-16.215544, 1.138114, 6.984211), (-16.243193, 1.140551, 6.88786), (-16.265867, 1.150089, 6.894559)
(-16.238209, 1.147651, 6.99094), (-16.215544, 1.138114, 6.984211), (-16.265867, 1.150089, 6.894559)
(-16.238209, 1.147651, 6.99094), (-16.265867, 1.150089, 6.894559), (-16.327839, 1.150089, 6.912199)
(-16.300154, 1.147651, 7.008667), (-16.238209, 1.147651, 6.99094), (-16.327839, 1.150089, 6.912199)
(-16.300154, 1.147651, 7.008667), (-16.327839, 1.150089, 6.912199), (-16.276684, 0.385344, 6.877954)
(-16.017012, 1.145214, 7.031646), (-16.044598, 1.147651, 6.935535), (-16.067944, 1.138114, 6.941973)
(-16.017012, 1.145214, 7.031646), (-15.989428, 1.142777, 7.127763), (-15.941395, 1.142777, 7.113873)
(-16.040348, 1.135677, 7.038118), (-16.017012, 1.145214, 7.031646), (-16.067944, 1.138114, 6.941973)
(-16.040348, 1.135677, 7.038118), (-16.067944, 1.138114, 6.941973), (-16.215544, 1.138114, 6.984211)
(-16.598637, 0.573346, 7.061315), (-16.443317, 0.587465, 7.062895), (-16.442518, 0.587963, 6.908395)
(-16.598637, 0.573346, 7.061315), (-16.599384, 0.572978, 7.2162), (-16.443317, 0.587465, 7.062895)
(-16.443317, 0.587465, 7.062895), (-16.287693, 0.600236, 7.064391), (-16.286707, 0.600044, 6.909779)
(-16.443317, 0.587465, 7.062895), (-16.444233, 0.587627, 7.217933), (-16.287693, 0.600236, 7.064391)
(-16.287693, 0.600236, 7.064391), (-16.131733, 0.611437, 7.06578), (-16.130571, 0.610536, 6.911032)
(-16.287693, 0.600236, 7.064391), (-16.288769, 0.600989, 7.219584), (-16.131733, 0.611437, 7.06578)
(-16.131733, 0.611437, 7.06578), (-15.975443, 0.621054, 7.066976), (-15.974098, 0.619321, 6.912121)
(-16.131733, 0.611437, 7.06578), (-16.132982, 0.612925, 7.221096), (-15.975443, 0.621054, 7.066976)
(-16.221306, 0.38046, 7.071103), (-16.272472, 1.145214, 7.105134), (-16.248995, 0.382902, 6.974529)
(-16.187893, 1.135677, 7.080563), (-16.040348, 1.135677, 7.038118), (-16.215544, 1.138114, 6.984211)
(-16.187893, 1.135677, 7.080563), (-16.215544, 1.138114, 6.984211), (-16.238209, 1.147651, 6.99094)
(-16.210548, 1.145214, 7.087321), (-16.187893, 1.135677, 7.080563), (-16.238209, 1.147651, 6.99094)
(-16.210548, 1.145214, 7.087321), (-16.238209, 1.147651, 6.99094), (-16.300154, 1.147651, 7.008667)
(-16.272472, 1.145214, 7.105134), (-16.210548, 1.145214, 7.087321), (-16.300154, 1.147651, 7.008667)
(-16.272472, 1.145214, 7.105134), (-16.300154, 1.147651, 7.008667), (-16.248995, 0.382902, 6.974529)
(-16.012754, 1.133239, 7.134271), (-15.989428, 1.142777, 7.127763), (-16.040348, 1.135677, 7.038118)
(-16.012754, 1.133239, 7.134271), (-16.040348, 1.135677, 7.038118), (-16.187893, 1.135677, 7.080563)
(-16.193615, 0.378019, 7.167685), (-16.24478, 1.142777, 7.201609), (-16.221306, 0.38046, 7.071103)
(-16.160236, 1.133239, 7.176921), (-16.012754, 1.133239, 7.134271), (-16.187893, 1.135677, 7.080563)
(-16.160236, 1.133239, 7.176921), (-16.187893, 1.135677, 7.080563), (-16.210548, 1.145214, 7.087321)
(-16.182884, 1.142777, 7.18371), (-16.160236, 1.133239, 7.176921), (-16.210548, 1.145214, 7.087321)
(-16.182884, 1.142777, 7.18371), (-16.210548, 1.145214, 7.087321), (-16.272472, 1.145214, 7.105134)
(-16.24478, 1.142777, 7.201609), (-16.182884, 1.142777, 7.18371), (-16.272472, 1.145214, 7.105134)
(-16.24478, 1.142777, 7.201609), (-16.272472, 1.145214, 7.105134), (-16.221306, 0.38046, 7.071103)
(-16.599384, 0.572978, 7.2162), (-16.600199, 0.572836, 7.371644), (-16.444233, 0.587627, 7.217933)
(-16.599384, 0.572978, 7.2162), (-16.444233, 0.587627, 7.217933), (-16.443317, 0.587465, 7.062895)
(-16.444233, 0.587627, 7.217933), (-16.445181, 0.587911, 7.373538), (-16.288769, 0.600989, 7.219584)
(-16.444233, 0.587627, 7.217933), (-16.288769, 0.600989, 7.219584), (-16.287693, 0.600236, 7.064391)
(-16.288769, 0.600989, 7.219584), (-16.289864, 0.601853, 7.375322), (-16.132982, 0.612925, 7.221096)
(-16.288769, 0.600989, 7.219584), (-16.132982, 0.612925, 7.221096), (-16.131733, 0.611437, 7.06578)
(-16.132982, 0.612925, 7.221096), (-16.13422, 0.614445, 7.376976), (-15.976869, 0.62337, 7.222416)
(-16.132982, 0.612925, 7.221096), (-15.976869, 0.62337, 7.222416), (-15.975443, 0.621054, 7.066976)
(-16.165539, 0.375647, 7.264145), (-16.216709, 1.140409, 7.297963), (-16.193615, 0.378019, 7.167685)
(-16.1322, 1.130872, 7.27316), (-15.984776, 1.130872, 7.230305), (-16.160236, 1.133239, 7.176921)
(-16.1322, 1.130872, 7.27316), (-16.160236, 1.133239, 7.176921), (-16.182884, 1.142777, 7.18371)
(-16.154839, 1.140409, 7.279977), (-16.1322, 1.130872, 7.27316), (-16.182884, 1.142777, 7.18371)
(-16.154839, 1.140409, 7.279977), (-16.182884, 1.142777, 7.18371), (-16.24478, 1.142777, 7.201609)
(-16.216709, 1.140409, 7.297963), (-16.154839, 1.140409, 7.279977), (-16.24478, 1.142777, 7.201609)
(-16.216709, 1.140409, 7.297963), (-16.24478, 1.142777, 7.201609), (-16.193615, 0.378019, 7.167685)
# -15.659493483353337, 0, 6.977792449980003
(-15.753048, 1.152591, 6.645189), (-15.826887, 0.348818, 6.645187), (-15.85392, 0.351343, 6.549158)
(-15.753048, 1.152591, 6.645189), (-15.725979, 1.150089, 6.740879), (-15.826887, 0.348818, 6.645187)
(-15.809404, 1.152591, 6.661138), (-15.753048, 1.152591, 6.645189), (-15.780022, 1.155111, 6.549482)
(-15.809404, 1.152591, 6.661138), (-15.782307, 1.150089, 6.756914), (-15.753048, 1.152591, 6.645189)
(-15.832216, 1.143054, 6.667346), (-15.809404, 1.152591, 6.661138), (-15.836403, 1.155111, 6.565345)
(-15.832216, 1.143054, 6.667346), (-15.805111, 1.140551, 6.763159), (-15.809404, 1.152591, 6.661138)
(-15.979939, 1.143054, 6.709156), (-15.832216, 1.143054, 6.667346), (-15.859226, 1.145574, 6.571516)
(-15.979939, 1.143054, 6.709156), (-15.952772, 1.140551, 6.805191), (-15.832216, 1.143054, 6.667346)
(-15.725979, 1.150089, 6.740879), (-15.799757, 0.34631, 6.741193), (-15.826887, 0.348818, 6.645187)
(-15.725979, 1.150089, 6.740879), (-15.698534, 1.147652, 6.836505), (-15.799757, 0.34631, 6.741193)
(-15.782307, 1.150089, 6.756914), (-15.725979, 1.150089, 6.740879), (-15.753048, 1.152591, 6.645189)
(-15.782307, 1.150089, 6.756914), (-15.754841, 1.147652, 6.852619), (-15.725979, 1.150089, 6.740879)
(-15.972928, 0.618675, 6.75782), (-15.815884, 0.624616, 6.758699), (-15.814802, 0.624673, 6.604834)
(-15.972928, 0.618675, 6.75782), (-15.974098, 0.619321, 6.912121), (-15.815884, 0.624616, 6.758699)
(-15.815884, 0.624616, 6.758699), (-15.658418, 0.628319, 6.759414), (-15.65719, 0.62753, 6.60553)
(-15.815884, 0.624616, 6.758699), (-15.817238, 0.626157, 6.913054), (-15.658418, 0.628319, 6.759414)
(-15.658418, 0.628319, 6.759414), (-15.500477, 0.62949, 6.759975), (-15.49912, 0.62786, 6.606064)
(-15.658418, 0.628319, 6.759414), (-15.659935, 0.630749, 6.913839), (-15.500477, 0.62949, 6.759975)
(-15.500477, 0.62949, 6.759975), (-15.342015, 0.627909, 6.760345), (-15.340562, 0.625448, 6.606412)
(-15.500477, 0.62949, 6.759975), (-15.502144, 0.632851, 6.914443), (-15.342015, 0.627909, 6.760345)
(-15.342015, 0.627909, 6.760345), (-15.182972, 0.623128, 6.76055), (-15.181474, 0.619944, 6.606584)
(-15.342015, 0.627909, 6.760345), (-15.343811, 0.632163, 6.914861), (-15.182972, 0.623128, 6.76055)
(-15.805111, 1.140551, 6.763159), (-15.782307, 1.150089, 6.756914), (-15.809404, 1.152591, 6.661138)
(-15.805111, 1.140551, 6.763159), (-15.777636, 1.138114, 6.858898), (-15.782307, 1.150089, 6.756914)
(-15.952772, 1.140551, 6.805191), (-15.805111, 1.140551, 6.763159), (-15.832216, 1.143054, 6.667346)
(-15.952772, 1.140551, 6.805191), (-15.925236, 1.138114, 6.901136), (-15.805111, 1.140551, 6.763159)
(-15.975996, 1.150089, 6.812047), (-16.003178, 1.152591, 6.71598), (-16.02409, 1.150089, 6.825737)
(-15.975996, 1.150089, 6.812047), (-15.952772, 1.140551, 6.805191), (-15.979939, 1.143054, 6.709156)
(-15.975996, 1.150089, 6.812047), (-16.02409, 1.150089, 6.825737), (-15.996525, 1.147651, 6.921779)
(-15.975996, 1.150089, 6.812047), (-15.948454, 1.147651, 6.908023), (-15.952772, 1.140551, 6.805191)
(-15.698534, 1.147652, 6.836505), (-15.772261, 0.343868, 6.83711), (-15.799757, 0.34631, 6.741193)
(-15.698534, 1.147652, 6.836505), (-15.671089, 1.145215, 6.932132), (-15.772261, 0.343868, 6.83711)
(-15.754841, 1.147652, 6.852619), (-15.698534, 1.147652, 6.836505), (-15.725979, 1.150089, 6.740879)
(-15.754841, 1.147652, 6.852619), (-15.727375, 1.145214, 6.948324), (-15.698534, 1.147652, 6.836505)
(-15.777636, 1.138114, 6.858898), (-15.754841, 1.147652, 6.852619), (-15.782307, 1.150089, 6.756914)
(-15.777636, 1.138114, 6.858898), (-15.75016, 1.135677, 6.954638), (-15.754841, 1.147652, 6.852619)
(-15.925236, 1.138114, 6.901136), (-15.777636, 1.138114, 6.858898), (-15.805111, 1.140551, 6.763159)
(-15.925236, 1.138114, 6.901136), (-15.897703, 1.135677, 6.997082), (-15.777636, 1.138114, 6.858898)
(-15.948454, 1.147651, 6.908023), (-15.975996, 1.150089, 6.812047), (-15.996525, 1.147651, 6.921779)
(-15.948454, 1.147651, 6.908023), (-15.925236, 1.138114, 6.901136), (-15.952772, 1.140551, 6.805191)
(-15.948454, 1.147651, 6.908023), (-15.996525, 1.147651, 6.921779), (-15.968962, 1.145214, 7.017823)
(-15.948454, 1.147651, 6.908023), (-15.920912, 1.145214, 7.003999), (-15.925236, 1.138114, 6.901136)
(-15.974098, 0.619321, 6.912121), (-15.817238, 0.626157, 6.913054), (-15.815884, 0.624616, 6.758699)
(-15.974098, 0.619321, 6.912121), (-15.975443, 0.621054, 7.066976), (-15.817238, 0.626157, 6.913054)
(-15.817238, 0.626157, 6.913054), (-15.818769, 0.628793, 7.068004), (-15.659935, 0.630749, 6.913839)
(-15.817238, 0.626157, 6.913054), (-15.659935, 0.630749, 6.913839), (-15.658418, 0.628319, 6.759414)
(-15.659935, 0.630749, 6.913839), (-15.502144, 0.632851, 6.914443), (-15.500477, 0.62949, 6.759975)
(-15.659935, 0.630749, 6.913839), (-15.661654, 0.634363, 7.068862), (-15.502144, 0.632851, 6.914443)
(-15.502144, 0.632851, 6.914443), (-15.504017, 0.637365, 7.069556), (-15.343811, 0.632163, 6.914861)
(-15.502144, 0.632851, 6.914443), (-15.343811, 0.632163, 6.914861), (-15.342015, 0.627909, 6.760345)
(-15.343811, 0.632163, 6.914861), (-15.184853, 0.628238, 6.915101), (-15.182972, 0.623128, 6.76055)
(-15.343811, 0.632163, 6.914861), (-15.345832, 0.637632, 7.070038), (-15.184853, 0.628238, 6.915101)
(-15.671089, 1.145215, 6.932132), (-15.744762, 0.341426, 6.933027), (-15.772261, 0.343868, 6.83711)
(-15.671089, 1.145215, 6.932132), (-15.643642, 1.142777, 7.027766), (-15.744762, 0.341426, 6.933027)
(-15.727375, 1.145214, 6.948324), (-15.671089, 1.145215, 6.932132), (-15.698534, 1.147652, 6.836505)
(-15.727375, 1.145214, 6.948324), (-15.699907, 1.142777, 7.044037), (-15.671089, 1.145215, 6.932132)
(-15.75016, 1.135677, 6.954638), (-15.727375, 1.145214, 6.948324), (-15.754841, 1.147652, 6.852619)
(-15.75016, 1.135677, 6.954638), (-15.722683, 1.133239, 7.050384), (-15.727375, 1.145214, 6.948324)
(-15.897703, 1.135677, 6.997082), (-15.75016, 1.135677, 6.954638), (-15.777636, 1.138114, 6.858898)
(-15.897703, 1.135677, 6.997082), (-15.870165, 1.133239, 7.093035), (-15.75016, 1.135677, 6.954638)
(-15.920912, 1.145214, 7.003999), (-15.948454, 1.147651, 6.908023), (-15.968962, 1.145214, 7.017823)
(-15.920912, 1.145214, 7.003999), (-15.897703, 1.135677, 6.997082), (-15.925236, 1.138114, 6.901136)
(-15.920912, 1.145214, 7.003999), (-15.968962, 1.145214, 7.017823), (-15.941395, 1.142777, 7.113873)
(-15.920912, 1.145214, 7.003999), (-15.893364, 1.142777, 7.099983), (-15.897703, 1.135677, 6.997082)
(-15.968962, 1.145214, 7.017823), (-16.017012, 1.145214, 7.031646), (-15.941395, 1.142777, 7.113873)
(-15.643642, 1.142777, 7.027766), (-15.717258, 0.338984, 7.028952), (-15.744762, 0.341426, 6.933027)
(-15.643642, 1.142777, 7.027766), (-15.615812, 1.14041, 7.123287), (-15.717258, 0.338984, 7.028952)
(-15.699907, 1.142777, 7.044037), (-15.643642, 1.142777, 7.027766), (-15.671089, 1.145215, 6.932132)
(-15.699907, 1.142777, 7.044037), (-15.672056, 1.14041, 7.139636), (-15.643642, 1.142777, 7.027766)
(-15.722683, 1.133239, 7.050384), (-15.699907, 1.142777, 7.044037), (-15.727375, 1.145214, 6.948324)
(-15.722683, 1.133239, 7.050384), (-15.69482, 1.130872, 7.146018), (-15.699907, 1.142777, 7.044037)
(-15.975443, 0.621054, 7.066976), (-15.818769, 0.628793, 7.068004), (-15.817238, 0.626157, 6.913054)
(-15.975443, 0.621054, 7.066976), (-15.976869, 0.62337, 7.222416), (-15.818769, 0.628793, 7.068004)
(-15.818769, 0.628793, 7.068004), (-15.661654, 0.634363, 7.068862), (-15.659935, 0.630749, 6.913839)
(-15.818769, 0.628793, 7.068004), (-15.820372, 0.631991, 7.223564), (-15.661654, 0.634363, 7.068862)
(-15.661654, 0.634363, 7.068862), (-15.504017, 0.637365, 7.069556), (-15.502144, 0.632851, 6.914443)
(-15.661654, 0.634363, 7.068862), (-15.663422, 0.638446, 7.224546), (-15.504017, 0.637365, 7.069556)
(-15.504017, 0.637365, 7.069556), (-15.345832, 0.637632, 7.070038), (-15.343811, 0.632163, 6.914861)
(-15.504017, 0.637365, 7.069556), (-15.505971, 0.642458, 7.22533), (-15.345832, 0.637632, 7.070038)
(-15.345832, 0.637632, 7.070038), (-15.186998, 0.634601, 7.070332), (-15.184853, 0.628238, 6.915101)
(-15.345832, 0.637632, 7.070038), (-15.347959, 0.643695, 7.225902), (-15.186998, 0.634601, 7.070332)
(-15.870165, 1.133239, 7.093035), (-15.722683, 1.133239, 7.050384), (-15.75016, 1.135677, 6.954638)
(-15.870165, 1.133239, 7.093035), (-15.842243, 1.130872, 7.188872), (-15.722683, 1.133239, 7.050384)
(-15.893364, 1.142777, 7.099983), (-15.920912, 1.145214, 7.003999), (-15.941395, 1.142777, 7.113873)
(-15.893364, 1.142777, 7.099983), (-15.870165, 1.133239, 7.093035), (-15.897703, 1.135677, 6.997082)
(-15.893364, 1.142777, 7.099983), (-15.941395, 1.142777, 7.113873), (-15.913448, 1.140409, 7.209806)
(-15.893364, 1.142777, 7.099983), (-15.865435, 1.14041, 7.19585), (-15.870165, 1.133239, 7.093035)
(-15.941395, 1.142777, 7.113873), (-15.989428, 1.142777, 7.127763), (-15.913448, 1.140409, 7.209806)
(-15.615812, 1.14041, 7.123287), (-15.689375, 0.336612, 7.124761), (-15.717258, 0.338984, 7.028952)
(-15.615812, 1.14041, 7.123287), (-15.587934, 1.138051, 7.218795), (-15.689375, 0.336612, 7.124761)
(-15.989428, 1.142777, 7.127763), (-16.017012, 1.145214, 7.031646), (-16.040348, 1.135677, 7.038118)
(-15.989428, 1.142777, 7.127763), (-15.96146, 1.140409, 7.223763), (-15.913448, 1.140409, 7.209806)
(-15.672056, 1.14041, 7.139636), (-15.615812, 1.14041, 7.123287), (-15.643642, 1.142777, 7.027766)
(-15.672056, 1.14041, 7.139636), (-15.644157, 1.138051, 7.235222), (-15.615812, 1.14041, 7.123287)
(-15.69482, 1.130872, 7.146018), (-15.672056, 1.14041, 7.139636), (-15.699907, 1.142777, 7.044037)
(-15.69482, 1.130872, 7.146018), (-15.666912, 1.128513, 7.241637), (-15.672056, 1.14041, 7.139636)
(-15.842243, 1.130872, 7.188872), (-15.69482, 1.130872, 7.146018), (-15.722683, 1.133239, 7.050384)
(-15.842243, 1.130872, 7.188872), (-15.814274, 1.128513, 7.284696), (-15.69482, 1.130872, 7.146018)
(-15.865435, 1.14041, 7.19585), (-15.893364, 1.142777, 7.099983), (-15.913448, 1.140409, 7.209806)
(-15.865435, 1.14041, 7.19585), (-15.842243, 1.130872, 7.188872), (-15.870165, 1.133239, 7.093035)
(-15.865435, 1.14041, 7.19585), (-15.913448, 1.140409, 7.209806), (-15.88545, 1.138051, 7.305727)
(-15.865435, 1.14041, 7.19585), (-15.83746, 1.138051, 7.291704), (-15.842243, 1.130872, 7.188872)
(-15.913448, 1.140409, 7.209806), (-15.96146, 1.140409, 7.223763), (-15.88545, 1.138051, 7.305727)
(-15.587934, 1.138051, 7.218795), (-15.661442, 0.334248, 7.220558), (-15.689375, 0.336612, 7.124761)
(-15.587934, 1.138051, 7.218795), (-15.560061, 1.135692, 7.314304), (-15.661442, 0.334248, 7.220558)
(-15.976869, 0.62337, 7.222416), (-15.978265, 0.625663, 7.37844), (-15.820372, 0.631991, 7.223564)
(-15.976869, 0.62337, 7.222416), (-15.820372, 0.631991, 7.223564), (-15.818769, 0.628793, 7.068004)
(-15.820372, 0.631991, 7.223564), (-15.821917, 0.635074, 7.379739), (-15.663422, 0.638446, 7.224546)
(-15.820372, 0.631991, 7.223564), (-15.663422, 0.638446, 7.224546), (-15.661654, 0.634363, 7.068862)
(-15.96146, 1.140409, 7.223763), (-15.989428, 1.142777, 7.127763), (-16.012754, 1.133239, 7.134271)
(-15.96146, 1.140409, 7.223763), (-15.933445, 1.138051, 7.319749), (-15.88545, 1.138051, 7.305727)
(-15.663422, 0.638446, 7.224546), (-15.665145, 0.642463, 7.380846), (-15.505971, 0.642458, 7.22533)
(-15.663422, 0.638446, 7.224546), (-15.505971, 0.642458, 7.22533), (-15.504017, 0.637365, 7.069556)
(-15.505971, 0.642458, 7.22533), (-15.50788, 0.64746, 7.38175), (-15.347959, 0.643695, 7.225902)
(-15.505971, 0.642458, 7.22533), (-15.347959, 0.643695, 7.225902), (-15.345832, 0.637632, 7.070038)
(-15.347959, 0.643695, 7.225902), (-15.350044, 0.649617, 7.38244), (-15.18927, 0.641543, 7.226274)
(-15.347959, 0.643695, 7.225902), (-15.18927, 0.641543, 7.226274), (-15.186998, 0.634601, 7.070332)
(-15.984776, 1.130872, 7.230305), (-15.96146, 1.140409, 7.223763), (-16.012754, 1.133239, 7.134271)
(-15.984776, 1.130872, 7.230305), (-16.012754, 1.133239, 7.134271), (-16.160236, 1.133239, 7.176921)
(-15.644157, 1.138051, 7.235222), (-15.587934, 1.138051, 7.218795), (-15.615812, 1.14041, 7.123287)
(-15.644157, 1.138051, 7.235222), (-15.616259, 1.135692, 7.330808), (-15.587934, 1.138051, 7.218795)
(-15.666912, 1.128513, 7.241637), (-15.644157, 1.138051, 7.235222), (-15.672056, 1.14041, 7.139636)
(-15.666912, 1.128513, 7.241637), (-15.639004, 1.126154, 7.337257), (-15.644157, 1.138051, 7.235222)
(-15.814274, 1.128513, 7.284696), (-15.666912, 1.128513, 7.241637), (-15.69482, 1.130872, 7.146018)
(-15.814274, 1.128513, 7.284696), (-15.786308, 1.126154, 7.38052), (-15.666912, 1.128513, 7.241637)
(-15.83746, 1.138051, 7.291704), (-15.865435, 1.14041, 7.19585), (-15.88545, 1.138051, 7.305727)
(-15.83746, 1.138051, 7.291704), (-15.814274, 1.128513, 7.284696), (-15.842243, 1.130872, 7.188872)
(-15.83746, 1.138051, 7.291704), (-15.88545, 1.138051, 7.305727), (-15.857454, 1.135692, 7.401647)
(-15.83746, 1.138051, 7.291704), (-15.809481, 1.135692, 7.387558), (-15.814274, 1.128513, 7.284696)
(-15.88545, 1.138051, 7.305727), (-15.933445, 1.138051, 7.319749), (-15.857454, 1.135692, 7.401647)
# -14.991723250020002, 0, 6.977792449980003
(-14.702234, 0.586066, 6.759787), (-14.541061, 0.565214, 6.758864), (-14.540144, 0.561362, 6.604675)
(-14.702234, 0.586066, 6.759787), (-14.70394, 0.592488, 6.914485), (-14.541061, 0.565214, 6.758864)
(-14.863045, 0.602537, 6.760325), (-14.702234, 0.586066, 6.759787), (-14.701056, 0.581898, 6.60567)
(-14.863045, 0.602537, 6.760325), (-14.864885, 0.608757, 6.914973), (-14.702234, 0.586066, 6.759787)
(-15.182972, 0.623128, 6.76055), (-15.023313, 0.6148, 6.760555), (-15.021839, 0.611028, 6.606558)
(-15.182972, 0.623128, 6.76055), (-15.184853, 0.628238, 6.915101), (-15.023313, 0.6148, 6.760555)
(-15.023313, 0.6148, 6.760555), (-14.863045, 0.602537, 6.760325), (-14.861678, 0.598406, 6.606275)
(-15.023313, 0.6148, 6.760555), (-15.025215, 0.620575, 6.915154), (-14.863045, 0.602537, 6.760325)
(-14.70394, 0.592488, 6.914485), (-14.542519, 0.571552, 6.913616), (-14.541061, 0.565214, 6.758864)
(-14.70394, 0.592488, 6.914485), (-14.706086, 0.600456, 7.069856), (-14.542519, 0.571552, 6.913616)
(-14.864885, 0.608757, 6.914973), (-14.867106, 0.616391, 7.070301), (-14.70394, 0.592488, 6.914485)
(-14.864885, 0.608757, 6.914973), (-14.70394, 0.592488, 6.914485), (-14.702234, 0.586066, 6.759787)
(-15.184853, 0.628238, 6.915101), (-15.186998, 0.634601, 7.070332), (-15.025215, 0.620575, 6.915154)
(-15.184853, 0.628238, 6.915101), (-15.025215, 0.620575, 6.915154), (-15.023313, 0.6148, 6.760555)
(-15.025215, 0.620575, 6.915154), (-14.864885, 0.608757, 6.914973), (-14.863045, 0.602537, 6.760325)
(-15.025215, 0.620575, 6.915154), (-15.027439, 0.627736, 7.070427), (-14.864885, 0.608757, 6.914973)
(-14.706086, 0.600456, 7.069856), (-14.544491, 0.579595, 7.069027), (-14.542519, 0.571552, 6.913616)
(-14.706086, 0.600456, 7.069856), (-14.708549, 0.609166, 7.22595), (-14.544491, 0.579595, 7.069027)
(-14.867106, 0.616391, 7.070301), (-14.706086, 0.600456, 7.069856), (-14.70394, 0.592488, 6.914485)
(-14.867106, 0.616391, 7.070301), (-14.869561, 0.624694, 7.226357), (-14.706086, 0.600456, 7.069856)
(-15.186998, 0.634601, 7.070332), (-15.027439, 0.627736, 7.070427), (-15.025215, 0.620575, 6.915154)
(-15.186998, 0.634601, 7.070332), (-15.18927, 0.641543, 7.226274), (-15.027439, 0.627736, 7.070427)
(-15.027439, 0.627736, 7.070427), (-14.867106, 0.616391, 7.070301), (-14.864885, 0.608757, 6.914973)
(-15.027439, 0.627736, 7.070427), (-15.029814, 0.635378, 7.226442), (-14.867106, 0.616391, 7.070301)
(-14.708549, 0.609166, 7.22595), (-14.711172, 0.6178, 7.382771), (-14.546885, 0.588399, 7.225155)
(-14.708549, 0.609166, 7.22595), (-14.546885, 0.588399, 7.225155), (-14.544491, 0.579595, 7.069027)
(-15.18927, 0.641543, 7.226274), (-15.191511, 0.648256, 7.382922), (-15.029814, 0.635378, 7.226442)
(-15.18927, 0.641543, 7.226274), (-15.029814, 0.635378, 7.226442), (-15.027439, 0.627736, 7.070427)
(-14.869561, 0.624694, 7.226357), (-14.872099, 0.632901, 7.383132), (-14.708549, 0.609166, 7.22595)
(-14.869561, 0.624694, 7.226357), (-14.708549, 0.609166, 7.22595), (-14.706086, 0.600456, 7.069856)
(-15.029814, 0.635378, 7.226442), (-15.032217, 0.642909, 7.383162), (-14.869561, 0.624694, 7.226357)
(-15.029814, 0.635378, 7.226442), (-14.869561, 0.624694, 7.226357), (-14.867106, 0.616391, 7.070301)
# -14.32395301668667, 0, 6.977792449980003
(-14.058176, 0.477578, 6.753417), (-13.898431, 0.441429, 6.750836), (-13.898911, 0.441682, 6.596418)
(-14.058176, 0.477578, 6.753417), (-14.058538, 0.481165, 6.908293), (-13.898431, 0.441429, 6.750836)
(-14.218788, 0.510582, 6.755677), (-14.058176, 0.477578, 6.753417), (-14.058403, 0.476528, 6.599046)
(-14.218788, 0.510582, 6.755677), (-14.219517, 0.515396, 6.910533), (-14.058176, 0.477578, 6.753417)
(-14.379807, 0.539969, 6.757501), (-14.218788, 0.510582, 6.755677), (-14.218635, 0.508352, 6.601345)
(-14.379807, 0.539969, 6.757501), (-14.380931, 0.545752, 6.912313), (-14.218788, 0.510582, 6.755677)
(-14.541061, 0.565214, 6.758864), (-14.379807, 0.539969, 6.757501), (-14.379252, 0.536767, 6.603234)
(-14.541061, 0.565214, 6.758864), (-14.542519, 0.571552, 6.913616), (-14.379807, 0.539969, 6.757501)
(-14.058538, 0.481165, 6.908293), (-13.898392, 0.443574, 6.905703), (-13.898431, 0.441429, 6.750836)
(-14.058538, 0.481165, 6.908293), (-14.059509, 0.486961, 7.063756), (-13.898392, 0.443574, 6.905703)
(-14.219517, 0.515396, 6.910533), (-14.220847, 0.522303, 7.066), (-14.058538, 0.481165, 6.908293)
(-14.219517, 0.515396, 6.910533), (-14.058538, 0.481165, 6.908293), (-14.058176, 0.477578, 6.753417)
(-14.380931, 0.545752, 6.912313), (-14.219517, 0.515396, 6.910533), (-14.218788, 0.510582, 6.755677)
(-14.380931, 0.545752, 6.912313), (-14.382596, 0.553569, 7.067752), (-14.219517, 0.515396, 6.910533)
(-14.542519, 0.571552, 6.913616), (-14.544491, 0.579595, 7.069027), (-14.380931, 0.545752, 6.912313)
(-14.542519, 0.571552, 6.913616), (-14.380931, 0.545752, 6.912313), (-14.379807, 0.539969, 6.757501)
(-14.059509, 0.486961, 7.063756), (-13.899012, 0.448001, 7.061138), (-13.898392, 0.443574, 6.905703)
(-14.059509, 0.486961, 7.063756), (-14.061087, 0.494436, 7.219873), (-13.899012, 0.448001, 7.061138)
(-14.220847, 0.522303, 7.066), (-14.059509, 0.486961, 7.063756), (-14.058538, 0.481165, 6.908293)
(-14.220847, 0.522303, 7.066), (-14.222767, 0.530564, 7.222143), (-14.059509, 0.486961, 7.063756)
(-14.382596, 0.553569, 7.067752), (-14.220847, 0.522303, 7.066), (-14.219517, 0.515396, 6.910533)
(-14.382596, 0.553569, 7.067752), (-14.384822, 0.562159, 7.223904), (-14.220847, 0.522303, 7.066)
(-14.544491, 0.579595, 7.069027), (-14.382596, 0.553569, 7.067752), (-14.380931, 0.545752, 6.912313)
(-14.544491, 0.579595, 7.069027), (-14.546885, 0.588399, 7.225155), (-14.382596, 0.553569, 7.067752)
(-14.061087, 0.494436, 7.219873), (-14.063282, 0.502829, 7.376673), (-13.90024, 0.454336, 7.217198)
(-14.061087, 0.494436, 7.219873), (-13.90024, 0.454336, 7.217198), (-13.899012, 0.448001, 7.061138)
(-14.222767, 0.530564, 7.222143), (-14.225211, 0.539335, 7.378984), (-14.061087, 0.494436, 7.219873)
(-14.222767, 0.530564, 7.222143), (-14.061087, 0.494436, 7.219873), (-14.059509, 0.486961, 7.063756)
(-14.384822, 0.562159, 7.223904), (-14.387441, 0.570966, 7.380763), (-14.222767, 0.530564, 7.222143)
(-14.384822, 0.562159, 7.223904), (-14.222767, 0.530564, 7.222143), (-14.220847, 0.522303, 7.066)
(-14.546885, 0.588399, 7.225155), (-14.54954, 0.597174, 7.382007), (-14.384822, 0.562159, 7.223904)
(-14.546885, 0.588399, 7.225155), (-14.384822, 0.562159, 7.223904), (-14.382596, 0.553569, 7.067752)
# -13.656182783353334, 0, 6.977792449980003
(-13.425142, 0.325871, 6.742496), (-13.269092, 0.289875, 6.739953), (-13.270059, 0.294242, 6.58527)
(-13.425142, 0.325871, 6.742496), (-13.424563, 0.323821, 6.897413), (-13.269092, 0.289875, 6.739953)
(-13.581993, 0.364219, 6.745252), (-13.425142, 0.325871, 6.742496), (-13.426144, 0.329762, 6.587923)
(-13.581993, 0.364219, 6.745252), (-13.58152, 0.363392, 6.900141), (-13.425142, 0.325871, 6.742496)
(-13.739702, 0.403187, 6.748066), (-13.581993, 0.364219, 6.745252), (-13.582928, 0.367093, 6.590745)
(-13.739702, 0.403187, 6.748066), (-13.739415, 0.403803, 6.902941), (-13.581993, 0.364219, 6.745252)
(-13.898431, 0.441429, 6.750836), (-13.739702, 0.403187, 6.748066), (-13.74044, 0.40476, 6.593606)
(-13.898431, 0.441429, 6.750836), (-13.898392, 0.443574, 6.905703), (-13.739702, 0.403187, 6.748066)
(-13.424563, 0.323821, 6.897413), (-13.268404, 0.286551, 6.894872), (-13.269092, 0.289875, 6.739953)
(-13.424563, 0.323821, 6.897413), (-13.424465, 0.323811, 7.052752), (-13.268404, 0.286551, 6.894872)
(-13.58152, 0.363392, 6.900141), (-13.581599, 0.364757, 7.055507), (-13.424563, 0.323821, 6.897413)
(-13.58152, 0.363392, 6.900141), (-13.424563, 0.323821, 6.897413), (-13.425142, 0.325871, 6.742496)
(-13.739415, 0.403803, 6.902941), (-13.58152, 0.363392, 6.900141), (-13.581993, 0.364219, 6.745252)
(-13.739415, 0.403803, 6.902941), (-13.739651, 0.406615, 7.058315), (-13.58152, 0.363392, 6.900141)
(-13.898392, 0.443574, 6.905703), (-13.899012, 0.448001, 7.061138), (-13.739415, 0.403803, 6.902941)
(-13.898392, 0.443574, 6.905703), (-13.739415, 0.403803, 6.902941), (-13.739702, 0.403187, 6.748066)
(-13.424465, 0.323811, 7.052752), (-13.268183, 0.285328, 7.050189), (-13.268404, 0.286551, 6.894872)
(-13.424465, 0.323811, 7.052752), (-13.424843, 0.325945, 7.208573), (-13.268183, 0.285328, 7.050189)
(-13.581599, 0.364757, 7.055507), (-13.424465, 0.323811, 7.052752), (-13.424563, 0.323821, 6.897413)
(-13.581599, 0.364757, 7.055507), (-13.58222, 0.368283, 7.211412), (-13.424465, 0.323811, 7.052752)
(-13.739651, 0.406615, 7.058315), (-13.581599, 0.364757, 7.055507), (-13.58152, 0.363392, 6.900141)
(-13.739651, 0.406615, 7.058315), (-13.740604, 0.4116, 7.214314), (-13.581599, 0.364757, 7.055507)
(-13.899012, 0.448001, 7.061138), (-13.739651, 0.406615, 7.058315), (-13.739415, 0.403803, 6.902941)
(-13.899012, 0.448001, 7.061138), (-13.90024, 0.454336, 7.217198), (-13.739651, 0.406615, 7.058315)
(-13.424843, 0.325945, 7.208573), (-13.425817, 0.330855, 7.365003), (-13.268418, 0.286373, 7.20596)
(-13.424843, 0.325945, 7.208573), (-13.268418, 0.286373, 7.20596), (-13.268183, 0.285328, 7.050189)
(-13.58222, 0.368283, 7.211412), (-13.583448, 0.37416, 7.367942), (-13.424843, 0.325945, 7.208573)
(-13.58222, 0.368283, 7.211412), (-13.424843, 0.325945, 7.208573), (-13.424465, 0.323811, 7.052752)
(-13.740604, 0.4116, 7.214314), (-13.742136, 0.41849, 7.370951), (-13.58222, 0.368283, 7.211412)
(-13.740604, 0.4116, 7.214314), (-13.58222, 0.368283, 7.211412), (-13.581599, 0.364757, 7.055507)
(-13.90024, 0.454336, 7.217198), (-13.902148, 0.462077, 7.373939), (-13.740604, 0.4116, 7.214314)
(-13.90024, 0.454336, 7.217198), (-13.740604, 0.4116, 7.214314), (-13.739651, 0.406615, 7.058315)
# -12.988412550020001, 0, 6.977792449980003
(-12.803184, 0.201094, 6.733768), (-12.648145, 0.178929, 6.732249), (-12.64885, 0.184253, 6.577296)
(-12.803184, 0.201094, 6.733768), (-12.802622, 0.196483, 6.888831), (-12.648145, 0.178929, 6.732249)
(-12.958313, 0.22749, 6.735606), (-12.803184, 0.201094, 6.733768), (-12.804016, 0.206629, 6.578889)
(-12.958313, 0.22749, 6.735606), (-12.957674, 0.22306, 6.890621), (-12.803184, 0.201094, 6.733768)
(-13.113529, 0.256813, 6.737637), (-12.958313, 0.22749, 6.735606), (-12.959237, 0.232863, 6.580791)
(-13.113529, 0.256813, 6.737637), (-13.112874, 0.252972, 6.89262), (-12.958313, 0.22749, 6.735606)
(-13.269092, 0.289875, 6.739953), (-13.113529, 0.256813, 6.737637), (-13.114514, 0.261851, 6.582892)
(-13.269092, 0.289875, 6.739953), (-13.268404, 0.286551, 6.894872), (-13.113529, 0.256813, 6.737637)
(-12.802622, 0.196483, 6.888831), (-12.647656, 0.173798, 6.887302), (-12.648145, 0.178929, 6.732249)
(-12.802622, 0.196483, 6.888831), (-12.802372, 0.193511, 7.044167), (-12.647656, 0.173798, 6.887302)
(-12.957674, 0.22306, 6.890621), (-12.957402, 0.220486, 7.045956), (-12.802622, 0.196483, 6.888831)
(-12.957674, 0.22306, 6.890621), (-12.802622, 0.196483, 6.888831), (-12.803184, 0.201094, 6.733768)
(-13.112874, 0.252972, 6.89262), (-12.957674, 0.22306, 6.890621), (-12.958313, 0.22749, 6.735606)
(-13.112874, 0.252972, 6.89262), (-13.11255, 0.250471, 7.047894), (-12.957674, 0.22306, 6.890621)
(-13.268404, 0.286551, 6.894872), (-13.268183, 0.285328, 7.050189), (-13.112874, 0.252972, 6.89262)
(-13.268404, 0.286551, 6.894872), (-13.112874, 0.252972, 6.89262), (-13.113529, 0.256813, 6.737637)
(-12.802372, 0.193511, 7.044167), (-12.647453, 0.170501, 7.042625), (-12.647656, 0.173798, 6.887302)
(-12.802372, 0.193511, 7.044167), (-12.802433, 0.192604, 7.19983), (-12.647453, 0.170501, 7.042625)
(-12.957402, 0.220486, 7.045956), (-12.802372, 0.193511, 7.044167), (-12.802622, 0.196483, 6.888831)
(-12.957402, 0.220486, 7.045956), (-12.957495, 0.220144, 7.201663), (-12.802372, 0.193511, 7.044167)
(-13.11255, 0.250471, 7.047894), (-12.957402, 0.220486, 7.045956), (-12.957674, 0.22306, 6.890621)
(-13.11255, 0.250471, 7.047894), (-13.112754, 0.251169, 7.20368), (-12.957402, 0.220486, 7.045956)
(-13.268183, 0.285328, 7.050189), (-13.11255, 0.250471, 7.047894), (-13.112874, 0.252972, 6.89262)
(-13.268183, 0.285328, 7.050189), (-13.268418, 0.286373, 7.20596), (-13.11255, 0.250471, 7.047894)
(-12.802433, 0.192604, 7.19983), (-12.802849, 0.195094, 7.355948), (-12.647533, 0.169422, 7.198262)
(-12.802433, 0.192604, 7.19983), (-12.647533, 0.169422, 7.198262), (-12.647453, 0.170501, 7.042625)
(-12.957495, 0.220144, 7.201663), (-12.957969, 0.222925, 7.357838), (-12.802433, 0.192604, 7.19983)
(-12.957495, 0.220144, 7.201663), (-12.802433, 0.192604, 7.19983), (-12.802372, 0.193511, 7.044167)
(-13.112754, 0.251169, 7.20368), (-13.113379, 0.254845, 7.359965), (-12.957495, 0.220144, 7.201663)
(-13.112754, 0.251169, 7.20368), (-12.957495, 0.220144, 7.201663), (-12.957402, 0.220486, 7.045956)
(-13.268418, 0.286373, 7.20596), (-13.269252, 0.2909, 7.362351), (-13.112754, 0.251169, 7.20368)
(-13.268418, 0.286373, 7.20596), (-13.112754, 0.251169, 7.20368), (-13.11255, 0.250471, 7.047894)
# -12.320642316686666, 0, 6.977792449980003
(-12.027447, 0.127956, 6.728898), (-11.872001, 0.124805, 6.728768), (-11.872043, 0.13215, 6.574109)
(-12.027447, 0.127956, 6.728898), (-12.027424, 0.122023, 6.883792), (-11.872001, 0.124805, 6.728768)
(-12.182768, 0.134834, 6.729302), (-12.027447, 0.127956, 6.728898), (-12.027631, 0.134463, 6.574092)
(-12.182768, 0.134834, 6.729302), (-12.182622, 0.129535, 6.88431), (-12.027447, 0.127956, 6.728898)
(-12.337978, 0.145977, 6.730028), (-12.182768, 0.134834, 6.729302), (-12.183095, 0.141215, 6.57444)
(-12.337978, 0.145977, 6.730028), (-12.337717, 0.140856, 6.885085), (-12.182768, 0.134834, 6.729302)
(-12.493092, 0.160599, 6.731005), (-12.337978, 0.145977, 6.730028), (-12.338448, 0.152134, 6.575126)
(-12.493092, 0.160599, 6.731005), (-12.492719, 0.155537, 6.886079), (-12.337978, 0.145977, 6.730028)
(-12.648145, 0.178929, 6.732249), (-12.493092, 0.160599, 6.731005), (-12.493688, 0.166287, 6.57606)
(-12.648145, 0.178929, 6.732249), (-12.647656, 0.173798, 6.887302), (-12.493092, 0.160599, 6.731005)
(-12.027424, 0.122023, 6.883792), (-12.027571, 0.118035, 7.038893), (-11.872103, 0.118687, 6.883557)
(-12.027424, 0.122023, 6.883792), (-11.872103, 0.118687, 6.883557), (-11.872001, 0.124805, 6.728768)
(-12.182622, 0.129535, 6.88431), (-12.027424, 0.122023, 6.883792), (-12.027447, 0.127956, 6.728898)
(-12.182622, 0.129535, 6.88431), (-12.182671, 0.12594, 7.039519), (-12.027424, 0.122023, 6.883792)
(-12.337717, 0.140856, 6.885085), (-12.337675, 0.137507, 7.040368), (-12.182622, 0.129535, 6.88431)
(-12.337717, 0.140856, 6.885085), (-12.182622, 0.129535, 6.88431), (-12.182768, 0.134834, 6.729302)
(-12.492719, 0.155537, 6.886079), (-12.337717, 0.140856, 6.885085), (-12.337978, 0.145977, 6.730028)
(-12.492719, 0.155537, 6.886079), (-12.492571, 0.151641, 7.041345), (-12.337717, 0.140856, 6.885085)
(-12.647656, 0.173798, 6.887302), (-12.647453, 0.170501, 7.042625), (-12.492719, 0.155537, 6.886079)
(-12.647656, 0.173798, 6.887302), (-12.492719, 0.155537, 6.886079), (-12.493092, 0.160599, 6.731005)
(-12.027571, 0.118035, 7.038893), (-11.87236, 0.113989, 7.038499), (-11.872103, 0.118687, 6.883557)
(-12.027571, 0.118035, 7.038893), (-12.027899, 0.116303, 7.194225), (-11.87236, 0.113989, 7.038499)
(-12.182671, 0.12594, 7.039519), (-12.027571, 0.118035, 7.038893), (-12.027424, 0.122023, 6.883792)
(-12.182671, 0.12594, 7.039519), (-12.182917, 0.124429, 7.194967), (-12.027571, 0.118035, 7.038893)
(-12.337675, 0.137507, 7.040368), (-12.182671, 0.12594, 7.039519), (-12.182622, 0.129535, 6.88431)
(-12.337675, 0.137507, 7.040368), (-12.337855, 0.13639, 7.195919), (-12.182671, 0.12594, 7.039519)
(-12.492571, 0.151641, 7.041345), (-12.337675, 0.137507, 7.040368), (-12.337717, 0.140856, 6.885085)
(-12.492571, 0.151641, 7.041345), (-12.492709, 0.150985, 7.196987), (-12.337675, 0.137507, 7.040368)
(-12.647453, 0.170501, 7.042625), (-12.492571, 0.151641, 7.041345), (-12.492719, 0.155537, 6.886079)
(-12.647453, 0.170501, 7.042625), (-12.647533, 0.169422, 7.198262), (-12.492571, 0.151641, 7.041345)
(-12.027899, 0.116303, 7.194225), (-12.028425, 0.117986, 7.349871), (-11.872788, 0.112344, 7.193713)
(-12.027899, 0.116303, 7.194225), (-11.872788, 0.112344, 7.193713), (-11.87236, 0.113989, 7.038499)
(-12.182917, 0.124429, 7.194967), (-12.183372, 0.126093, 7.350734), (-12.027899, 0.116303, 7.194225)
(-12.182917, 0.124429, 7.194967), (-12.027899, 0.116303, 7.194225), (-12.027571, 0.118035, 7.038893)
(-12.337855, 0.13639, 7.195919), (-12.338265, 0.138269, 7.351799), (-12.182917, 0.124429, 7.194967)
(-12.337855, 0.13639, 7.195919), (-12.182917, 0.124429, 7.194967), (-12.182671, 0.12594, 7.039519)
(-12.492709, 0.150985, 7.196987), (-12.493094, 0.153122, 7.352967), (-12.337855, 0.13639, 7.195919)
(-12.492709, 0.150985, 7.196987), (-12.337855, 0.13639, 7.195919), (-12.337675, 0.137507, 7.040368)
(-12.647533, 0.169422, 7.198262), (-12.647943, 0.172147, 7.354356), (-12.492709, 0.150985, 7.196987)
(-12.647533, 0.169422, 7.198262), (-12.492709, 0.150985, 7.196987), (-12.492571, 0.151641, 7.041345)
# -11.652872083353333, 0, 6.977792449980003
(-11.872001, 0.124805, 6.728768), (-11.716424, 0.125611, 6.728925), (-11.716326, 0.133642, 6.574423)
(-11.872001, 0.124805, 6.728768), (-11.872103, 0.118687, 6.883557), (-11.716424, 0.125611, 6.728925)
(-11.716424, 0.125611, 6.728925), (-11.560722, 0.129419, 6.729286), (-11.560487, 0.138231, 6.574967)
(-11.716424, 0.125611, 6.728925), (-11.716654, 0.118832, 6.883546), (-11.560722, 0.129419, 6.729286)
(-11.560722, 0.129419, 6.729286), (-11.404902, 0.13681, 6.729879), (-11.404532, 0.146327, 6.575762)
(-11.560722, 0.129419, 6.729286), (-11.561083, 0.122143, 6.883727), (-11.404902, 0.13681, 6.729879)
(-11.404902, 0.13681, 6.729879), (-11.248974, 0.147037, 6.73063), (-11.248474, 0.15753, 6.576746)
(-11.404902, 0.13681, 6.729879), (-11.40539, 0.128757, 6.8841), (-11.248974, 0.147037, 6.73063)
(-11.716654, 0.118832, 6.883546), (-11.717032, 0.114138, 7.038352), (-11.561083, 0.122143, 6.883727)
(-11.716654, 0.118832, 6.883546), (-11.561083, 0.122143, 6.883727), (-11.560722, 0.129419, 6.729286)
(-11.872103, 0.118687, 6.883557), (-11.716654, 0.118832, 6.883546), (-11.716424, 0.125611, 6.728925)
(-11.872103, 0.118687, 6.883557), (-11.87236, 0.113989, 7.038499), (-11.716654, 0.118832, 6.883546)
(-11.561083, 0.122143, 6.883727), (-11.40539, 0.128757, 6.8841), (-11.404902, 0.13681, 6.729879)
(-11.561083, 0.122143, 6.883727), (-11.561581, 0.116927, 7.038335), (-11.40539, 0.128757, 6.8841)
(-11.40539, 0.128757, 6.8841), (-11.406013, 0.122961, 7.03848), (-11.24959, 0.138444, 6.884625)
(-11.40539, 0.128757, 6.8841), (-11.24959, 0.138444, 6.884625), (-11.248974, 0.147037, 6.73063)
(-11.561581, 0.116927, 7.038335), (-11.406013, 0.122961, 7.03848), (-11.40539, 0.128757, 6.8841)
(-11.561581, 0.116927, 7.038335), (-11.562228, 0.113924, 7.193122), (-11.406013, 0.122961, 7.03848)
(-11.717032, 0.114138, 7.038352), (-11.561581, 0.116927, 7.038335), (-11.561083, 0.122143, 6.883727)
(-11.717032, 0.114138, 7.038352), (-11.717566, 0.111695, 7.193356), (-11.561581, 0.116927, 7.038335)
(-11.406013, 0.122961, 7.03848), (-11.25034, 0.131943, 7.038752), (-11.24959, 0.138444, 6.884625)
(-11.406013, 0.122961, 7.03848), (-11.406784, 0.119522, 7.193031), (-11.25034, 0.131943, 7.038752)
(-11.87236, 0.113989, 7.038499), (-11.717032, 0.114138, 7.038352), (-11.716654, 0.118832, 6.883546)
(-11.87236, 0.113989, 7.038499), (-11.872788, 0.112344, 7.193713), (-11.717032, 0.114138, 7.038352)
(-11.406784, 0.119522, 7.193031), (-11.407727, 0.119156, 7.347804), (-11.251244, 0.128219, 7.193053)
(-11.406784, 0.119522, 7.193031), (-11.251244, 0.128219, 7.193053), (-11.25034, 0.131943, 7.038752)
(-11.562228, 0.113924, 7.193122), (-11.563045, 0.113827, 7.348135), (-11.406784, 0.119522, 7.193031)
(-11.562228, 0.113924, 7.193122), (-11.406784, 0.119522, 7.193031), (-11.406013, 0.122961, 7.03848)
(-11.717566, 0.111695, 7.193356), (-11.718268, 0.111973, 7.348589), (-11.562228, 0.113924, 7.193122)
(-11.717566, 0.111695, 7.193356), (-11.562228, 0.113924, 7.193122), (-11.561581, 0.116927, 7.038335)
(-11.872788, 0.112344, 7.193713), (-11.873393, 0.113332, 7.349163), (-11.717566, 0.111695, 7.193356)
(-11.872788, 0.112344, 7.193713), (-11.717566, 0.111695, 7.193356), (-11.717032, 0.114138, 7.038352)
# -10.985101850019998, 0, 6.977792449980003
(-11.248974, 0.147037, 6.73063), (-11.092947, 0.159754, 6.731493), (-11.092319, 0.171081, 6.57784)
(-11.248974, 0.147037, 6.73063), (-11.24959, 0.138444, 6.884625), (-11.092947, 0.159754, 6.731493)
(-11.092947, 0.159754, 6.731493), (-10.936823, 0.174386, 6.732409), (-10.936075, 0.186423, 6.578984)
(-11.092947, 0.159754, 6.731493), (-11.093689, 0.150457, 6.885242), (-10.936823, 0.174386, 6.732409)
(-10.936823, 0.174386, 6.732409), (-10.78061, 0.190528, 6.733332), (-10.779738, 0.203198, 6.580124)
(-10.936823, 0.174386, 6.732409), (-10.937693, 0.164409, 6.885908), (-10.78061, 0.190528, 6.733332)
(-10.78061, 0.190528, 6.733332), (-10.624296, 0.207494, 6.734207), (-10.623302, 0.220916, 6.581199)
(-10.78061, 0.190528, 6.733332), (-10.781601, 0.179835, 6.886583), (-10.624296, 0.207494, 6.734207)
(-11.24959, 0.138444, 6.884625), (-11.093689, 0.150457, 6.885242), (-11.092947, 0.159754, 6.731493)
(-11.24959, 0.138444, 6.884625), (-11.25034, 0.131943, 7.038752), (-11.093689, 0.150457, 6.885242)
(-11.093689, 0.150457, 6.885242), (-11.094569, 0.143564, 7.039114), (-10.937693, 0.164409, 6.885908)
(-11.093689, 0.150457, 6.885242), (-10.937693, 0.164409, 6.885908), (-10.936823, 0.174386, 6.732409)
(-10.937693, 0.164409, 6.885908), (-10.781601, 0.179835, 6.886583), (-10.78061, 0.190528, 6.733332)
(-10.937693, 0.164409, 6.885908), (-10.9387, 0.156892, 7.039508), (-10.781601, 0.179835, 6.886583)
(-10.781601, 0.179835, 6.886583), (-10.782734, 0.171708, 7.039919), (-10.625411, 0.196241, 6.887236)
(-10.781601, 0.179835, 6.886583), (-10.625411, 0.196241, 6.887236), (-10.624296, 0.207494, 6.734207)
(-11.25034, 0.131943, 7.038752), (-11.094569, 0.143564, 7.039114), (-11.093689, 0.150457, 6.885242)
(-11.25034, 0.131943, 7.038752), (-11.251244, 0.128219, 7.193053), (-11.094569, 0.143564, 7.039114)
(-11.094569, 0.143564, 7.039114), (-10.9387, 0.156892, 7.039508), (-10.937693, 0.164409, 6.885908)
(-11.094569, 0.143564, 7.039114), (-11.095602, 0.139246, 7.193133), (-10.9387, 0.156892, 7.039508)
(-10.9387, 0.156892, 7.039508), (-10.782734, 0.171708, 7.039919), (-10.781601, 0.179835, 6.886583)
(-10.9387, 0.156892, 7.039508), (-10.939867, 0.152066, 7.193245), (-10.782734, 0.171708, 7.039919)
(-10.782734, 0.171708, 7.039919), (-10.626668, 0.187492, 7.04032), (-10.625411, 0.196241, 6.887236)
(-10.782734, 0.171708, 7.039919), (-10.78403, 0.16643, 7.193379), (-10.626668, 0.187492, 7.04032)
(-11.251244, 0.128219, 7.193053), (-11.252312, 0.127146, 7.347541), (-11.095602, 0.139246, 7.193133)
(-11.251244, 0.128219, 7.193053), (-11.095602, 0.139246, 7.193133), (-11.094569, 0.143564, 7.039114)
(-11.095602, 0.139246, 7.193133), (-11.096802, 0.137741, 7.347339), (-10.939867, 0.152066, 7.193245)
(-11.095602, 0.139246, 7.193133), (-10.939867, 0.152066, 7.193245), (-10.9387, 0.156892, 7.039508)
(-10.939867, 0.152066, 7.193245), (-10.941198, 0.150145, 7.347159), (-10.78403, 0.16643, 7.193379)
(-10.939867, 0.152066, 7.193245), (-10.78403, 0.16643, 7.193379), (-10.782734, 0.171708, 7.039919)
(-10.78403, 0.16643, 7.193379), (-10.785495, 0.164209, 7.347011), (-10.628088, 0.181835, 7.193519)
(-10.78403, 0.16643, 7.193379), (-10.628088, 0.181835, 7.193519), (-10.626668, 0.187492, 7.04032)
# -10.317331616686666, 0, 6.977792449980003
(-10.624296, 0.207494, 6.734207), (-10.467876, 0.224684, 6.73501), (-10.466764, 0.238755, 6.58218)
(-10.624296, 0.207494, 6.734207), (-10.625411, 0.196241, 6.887236), (-10.467876, 0.224684, 6.73501)
(-10.467876, 0.224684, 6.73501), (-10.311344, 0.241342, 6.73573), (-10.310115, 0.256087, 6.58306)
(-10.467876, 0.224684, 6.73501), (-10.469111, 0.212822, 6.887837), (-10.311344, 0.241342, 6.73573)
(-10.311344, 0.241342, 6.73573), (-10.154696, 0.257272, 6.736335), (-10.153356, 0.272668, 6.5838)
(-10.311344, 0.241342, 6.73573), (-10.312692, 0.228923, 6.888375), (-10.154696, 0.257272, 6.736335)
(-10.154696, 0.257272, 6.736335), (-9.997932, 0.271993, 6.736823), (-9.996485, 0.288121, 6.584362)
(-10.154696, 0.257272, 6.736335), (-10.156153, 0.244224, 6.888833), (-9.997932, 0.271993, 6.736823)
(-9.997932, 0.271993, 6.736823), (-9.841063, 0.285211, 6.737187), (-9.839512, 0.302029, 6.584754)
(-9.997932, 0.271993, 6.736823), (-9.999493, 0.258397, 6.889207), (-9.841063, 0.285211, 6.737187)
(-10.625411, 0.196241, 6.887236), (-10.469111, 0.212822, 6.887837), (-10.467876, 0.224684, 6.73501)
(-10.625411, 0.196241, 6.887236), (-10.626668, 0.187492, 7.04032), (-10.469111, 0.212822, 6.887837)
(-10.469111, 0.212822, 6.887837), (-10.470488, 0.203666, 7.040701), (-10.312692, 0.228923, 6.888375)
(-10.469111, 0.212822, 6.887837), (-10.312692, 0.228923, 6.888375), (-10.311344, 0.241342, 6.73573)
(-10.312692, 0.228923, 6.888375), (-10.156153, 0.244224, 6.888833), (-10.154696, 0.257272, 6.736335)
(-10.312692, 0.228923, 6.888375), (-10.31418, 0.21926, 7.041036), (-10.156153, 0.244224, 6.888833)
(-10.156153, 0.244224, 6.888833), (-10.157746, 0.234023, 7.041328), (-9.999493, 0.258397, 6.889207)
(-10.156153, 0.244224, 6.888833), (-9.999493, 0.258397, 6.889207), (-9.997932, 0.271993, 6.736823)
(-9.999493, 0.258397, 6.889207), (-9.842715, 0.270972, 6.889508), (-9.841063, 0.285211, 6.737187)
(-9.999493, 0.258397, 6.889207), (-10.001181, 0.2476, 7.041577), (-9.842715, 0.270972, 6.889508)
(-10.626668, 0.187492, 7.04032), (-10.470488, 0.203666, 7.040701), (-10.469111, 0.212822, 6.887837)
(-10.626668, 0.187492, 7.04032), (-10.628088, 0.181835, 7.193519), (-10.470488, 0.203666, 7.040701)
(-10.470488, 0.203666, 7.040701), (-10.31418, 0.21926, 7.041036), (-10.312692, 0.228923, 6.888375)
(-10.470488, 0.203666, 7.040701), (-10.472026, 0.197482, 7.193655), (-10.31418, 0.21926, 7.041036)
(-10.31418, 0.21926, 7.041036), (-10.157746, 0.234023, 7.041328), (-10.156153, 0.244224, 6.888833)
(-10.31418, 0.21926, 7.041036), (-10.315827, 0.212628, 7.193773), (-10.157746, 0.234023, 7.041328)
(-10.157746, 0.234023, 7.041328), (-10.001181, 0.2476, 7.041577), (-9.999493, 0.258397, 6.889207)
(-10.157746, 0.234023, 7.041328), (-10.159489, 0.22696, 7.193883), (-10.001181, 0.2476, 7.041577)
(-10.001181, 0.2476, 7.041577), (-9.844487, 0.259644, 7.041793), (-9.842715, 0.270972, 6.889508)
(-10.001181, 0.2476, 7.041577), (-10.003012, 0.240143, 7.193996), (-9.844487, 0.259644, 7.041793)
(-10.628088, 0.181835, 7.193519), (-10.629674, 0.179209, 7.34688), (-10.472026, 0.197482, 7.193655)
(-10.628088, 0.181835, 7.193519), (-10.472026, 0.197482, 7.193655), (-10.470488, 0.203666, 7.040701)
(-10.472026, 0.197482, 7.193655), (-10.473727, 0.194442, 7.34676), (-10.315827, 0.212628, 7.193773)
(-10.472026, 0.197482, 7.193655), (-10.315827, 0.212628, 7.193773), (-10.31418, 0.21926, 7.041036)
(-10.315827, 0.212628, 7.193773), (-10.317636, 0.209269, 7.346656), (-10.159489, 0.22696, 7.193883)
(-10.315827, 0.212628, 7.193773), (-10.159489, 0.22696, 7.193883), (-10.157746, 0.234023, 7.041328)
(-10.159489, 0.22696, 7.193883), (-10.161394, 0.223291, 7.346581), (-10.003012, 0.240143, 7.193996)
(-10.159489, 0.22696, 7.193883), (-10.003012, 0.240143, 7.193996), (-10.001181, 0.2476, 7.041577)
(-10.003012, 0.240143, 7.193996), (-10.004996, 0.235961, 7.346537), (-9.846394, 0.251682, 7.19412)
(-10.003012, 0.240143, 7.193996), (-9.846394, 0.251682, 7.19412), (-9.844487, 0.259644, 7.041793)
