# 10.383545616646671, 0, 5.642251983313336
(10.61983, 0.540116, 5.322336), (10.616923, 0.520448, 5.476425), (10.776777, 0.513715, 5.320299)
(10.61983, 0.540116, 5.322336), (10.776777, 0.513715, 5.320299), (10.779938, 0.531992, 5.166839)
(10.462627, 0.566029, 5.324258), (10.459619, 0.544371, 5.478211), (10.61983, 0.540116, 5.322336)
(10.462627, 0.566029, 5.324258), (10.61983, 0.540116, 5.322336), (10.623163, 0.560575, 5.169008)
(10.305156, 0.590119, 5.326037), (10.302101, 0.566789, 5.479835), (10.462627, 0.566029, 5.324258)
(10.305156, 0.590119, 5.326037), (10.462627, 0.566029, 5.324258), (10.466082, 0.588512, 5.17109)
(10.147429, 0.611126, 5.327578), (10.144417, 0.586479, 5.481258), (10.305156, 0.590119, 5.326037)
(10.147429, 0.611126, 5.327578), (10.305156, 0.590119, 5.326037), (10.308656, 0.614374, 5.172985)
(10.616923, 0.520448, 5.476425), (10.774035, 0.496205, 5.474548), (10.776777, 0.513715, 5.320299)
(10.616923, 0.520448, 5.476425), (10.614486, 0.501312, 5.631104), (10.774035, 0.496205, 5.474548)
(10.459619, 0.544371, 5.478211), (10.616923, 0.520448, 5.476425), (10.61983, 0.540116, 5.322336)
(10.459619, 0.544371, 5.478211), (10.457086, 0.523595, 5.632732), (10.616923, 0.520448, 5.476425)
(10.302101, 0.566789, 5.479835), (10.459619, 0.544371, 5.478211), (10.462627, 0.566029, 5.324258)
(10.302101, 0.566789, 5.479835), (10.299553, 0.544657, 5.634217), (10.459619, 0.544371, 5.478211)
(10.144417, 0.586479, 5.481258), (10.302101, 0.566789, 5.479835), (10.305156, 0.590119, 5.326037)
(10.144417, 0.586479, 5.481258), (10.141912, 0.563366, 5.635507), (10.302101, 0.566789, 5.479835)
(10.614486, 0.501312, 5.631104), (10.771719, 0.478947, 5.629367), (10.774035, 0.496205, 5.474548)
(10.614486, 0.501312, 5.631104), (10.612545, 0.482511, 5.786247), (10.771719, 0.478947, 5.629367)
(10.457086, 0.523595, 5.632732), (10.455099, 0.503515, 5.787735), (10.614486, 0.501312, 5.631104)
(10.457086, 0.523595, 5.632732), (10.614486, 0.501312, 5.631104), (10.616923, 0.520448, 5.476425)
(10.299553, 0.544657, 5.634217), (10.457086, 0.523595, 5.632732), (10.459619, 0.544371, 5.478211)
(10.299553, 0.544657, 5.634217), (10.297565, 0.523627, 5.789075), (10.457086, 0.523595, 5.632732)
(10.141912, 0.563366, 5.635507), (10.139972, 0.541762, 5.790234), (10.299553, 0.544657, 5.634217)
(10.141912, 0.563366, 5.635507), (10.299553, 0.544657, 5.634217), (10.302101, 0.566789, 5.479835)
(10.612545, 0.482511, 5.786247), (10.769883, 0.46174, 5.784654), (10.771719, 0.478947, 5.629367)
(10.612545, 0.482511, 5.786247), (10.611123, 0.463895, 5.941735), (10.769883, 0.46174, 5.784654)
(10.455099, 0.503515, 5.787735), (10.612545, 0.482511, 5.786247), (10.614486, 0.501312, 5.631104)
(10.455099, 0.503515, 5.787735), (10.453654, 0.483968, 5.943088), (10.612545, 0.482511, 5.786247)
(10.297565, 0.523627, 5.789075), (10.455099, 0.503515, 5.787735), (10.457086, 0.523595, 5.632732)
(10.297565, 0.523627, 5.789075), (10.296135, 0.503537, 5.944297), (10.455099, 0.503515, 5.787735)
(10.139972, 0.541762, 5.790234), (10.297565, 0.523627, 5.789075), (10.299553, 0.544657, 5.634217)
(10.139972, 0.541762, 5.790234), (10.138603, 0.521509, 5.945335), (10.297565, 0.523627, 5.789075)
(10.611123, 0.463895, 5.941735), (10.610168, 0.445303, 6.09745), (10.768509, 0.444397, 5.940266)
(10.611123, 0.463895, 5.941735), (10.768509, 0.444397, 5.940266), (10.769883, 0.46174, 5.784654)
(10.453654, 0.483968, 5.943088), (10.452711, 0.46471, 6.098688), (10.611123, 0.463895, 5.941735)
(10.453654, 0.483968, 5.943088), (10.611123, 0.463895, 5.941735), (10.612545, 0.482511, 5.786247)
(10.296135, 0.503537, 5.944297), (10.295237, 0.484022, 6.099785), (10.453654, 0.483968, 5.943088)
(10.296135, 0.503537, 5.944297), (10.453654, 0.483968, 5.943088), (10.455099, 0.503515, 5.787735)
(10.138603, 0.521509, 5.945335), (10.137772, 0.502129, 6.100721), (10.296135, 0.503537, 5.944297)
(10.138603, 0.521509, 5.945335), (10.296135, 0.503537, 5.944297), (10.297565, 0.523627, 5.789075)
# 11.051315849980007, 0, 5.642251983313336
(11.246454, 0.442077, 5.314033), (11.244359, 0.431745, 5.468727), (11.40279, 0.423558, 5.312071)
(11.246454, 0.442077, 5.314033), (11.40279, 0.423558, 5.312071), (11.405012, 0.432268, 5.157995)
(11.090032, 0.463633, 5.316052), (11.087714, 0.450942, 5.470643), (11.246454, 0.442077, 5.314033)
(11.090032, 0.463633, 5.316052), (11.246454, 0.442077, 5.314033), (11.248908, 0.453038, 5.160056)
(10.933491, 0.487848, 5.318167), (10.930944, 0.472668, 5.472586), (11.090032, 0.463633, 5.316052)
(10.933491, 0.487848, 5.318167), (11.090032, 0.463633, 5.316052), (11.092741, 0.47713, 5.162251)
(10.776777, 0.513715, 5.320299), (10.774035, 0.496205, 5.474548), (10.933491, 0.487848, 5.318167)
(10.776777, 0.513715, 5.320299), (10.933491, 0.487848, 5.318167), (10.936441, 0.503764, 5.164531)
(11.244359, 0.431745, 5.468727), (11.400914, 0.415629, 5.466867), (11.40279, 0.423558, 5.312071)
(11.244359, 0.431745, 5.468727), (11.242596, 0.421143, 5.623937), (11.400914, 0.415629, 5.466867)
(11.087714, 0.450942, 5.470643), (11.244359, 0.431745, 5.468727), (11.246454, 0.442077, 5.314033)
(11.087714, 0.450942, 5.470643), (11.085752, 0.437977, 5.625735), (11.244359, 0.431745, 5.468727)
(10.930944, 0.472668, 5.472586), (11.087714, 0.450942, 5.470643), (11.090032, 0.463633, 5.316052)
(10.930944, 0.472668, 5.472586), (10.928802, 0.457516, 5.62756), (11.087714, 0.450942, 5.470643)
(10.774035, 0.496205, 5.474548), (10.930944, 0.472668, 5.472586), (10.933491, 0.487848, 5.318167)
(10.774035, 0.496205, 5.474548), (10.771719, 0.478947, 5.629367), (10.930944, 0.472668, 5.472586)
(11.242596, 0.421143, 5.623937), (11.399342, 0.407434, 5.62217), (11.400914, 0.415629, 5.466867)
(11.242596, 0.421143, 5.623937), (11.24117, 0.410018, 5.779566), (11.399342, 0.407434, 5.62217)
(11.085752, 0.437977, 5.625735), (11.084183, 0.424682, 5.781274), (11.242596, 0.421143, 5.623937)
(11.085752, 0.437977, 5.625735), (11.242596, 0.421143, 5.623937), (11.244359, 0.431745, 5.468727)
(10.928802, 0.457516, 5.62756), (11.085752, 0.437977, 5.625735), (11.087714, 0.450942, 5.470643)
(10.928802, 0.457516, 5.62756), (10.927087, 0.442162, 5.782981), (11.085752, 0.437977, 5.625735)
(10.771719, 0.478947, 5.629367), (10.769883, 0.46174, 5.784654), (10.928802, 0.457516, 5.62756)
(10.771719, 0.478947, 5.629367), (10.928802, 0.457516, 5.62756), (10.930944, 0.472668, 5.472586)
(11.24117, 0.410018, 5.779566), (11.398077, 0.398739, 5.777888), (11.399342, 0.407434, 5.62217)
(11.24117, 0.410018, 5.779566), (11.240086, 0.398322, 5.935504), (11.398077, 0.398739, 5.777888)
(11.084183, 0.424682, 5.781274), (11.24117, 0.410018, 5.779566), (11.242596, 0.421143, 5.623937)
(11.084183, 0.424682, 5.781274), (11.082982, 0.41082, 5.937116), (11.24117, 0.410018, 5.779566)
(10.927087, 0.442162, 5.782981), (11.084183, 0.424682, 5.781274), (11.085752, 0.437977, 5.625735)
(10.927087, 0.442162, 5.782981), (10.92579, 0.426416, 5.938715), (11.084183, 0.424682, 5.781274)
(10.769883, 0.46174, 5.784654), (10.927087, 0.442162, 5.782981), (10.928802, 0.457516, 5.62756)
(10.769883, 0.46174, 5.784654), (10.768509, 0.444397, 5.940266), (10.927087, 0.442162, 5.782981)
(11.240086, 0.398322, 5.935504), (11.23929, 0.385957, 6.091633), (11.397095, 0.389278, 5.933895)
(11.240086, 0.398322, 5.935504), (11.397095, 0.389278, 5.933895), (11.398077, 0.398739, 5.777888)
(11.082982, 0.41082, 5.937116), (11.082129, 0.396478, 6.093163), (11.240086, 0.398322, 5.935504)
(11.082982, 0.41082, 5.937116), (11.240086, 0.398322, 5.935504), (11.24117, 0.410018, 5.779566)
(10.92579, 0.426416, 5.938715), (10.924884, 0.410293, 6.094661), (11.082982, 0.41082, 5.937116)
(10.92579, 0.426416, 5.938715), (11.082982, 0.41082, 5.937116), (11.084183, 0.424682, 5.781274)
(10.768509, 0.444397, 5.940266), (10.767563, 0.426853, 6.0961), (10.92579, 0.426416, 5.938715)
(10.768509, 0.444397, 5.940266), (10.92579, 0.426416, 5.938715), (10.927087, 0.442162, 5.782981)
# 11.71908608331334, 0, 5.642251983313336
(11.715342, 0.397093, 5.308418), (11.713877, 0.394149, 5.463415), (11.871639, 0.389905, 5.306824)
(11.715342, 0.397093, 5.308418), (11.871639, 0.389905, 5.306824), (11.873225, 0.391529, 5.152409)
(11.559069, 0.408393, 5.310178), (11.557408, 0.402952, 5.465078), (11.715342, 0.397093, 5.308418)
(11.559069, 0.408393, 5.310178), (11.715342, 0.397093, 5.308418), (11.717123, 0.401102, 5.154119)
(11.40279, 0.423558, 5.312071), (11.400914, 0.415629, 5.466867), (11.559069, 0.408393, 5.310178)
(11.40279, 0.423558, 5.312071), (11.559069, 0.408393, 5.310178), (11.561064, 0.414737, 5.155986)
(12.026783, 0.387799, 5.460412), (12.183232, 0.389878, 5.459047), (12.184286, 0.386357, 5.303907)
(12.026783, 0.387799, 5.460412), (12.025814, 0.389079, 5.615926), (12.183232, 0.389878, 5.459047)
(11.870329, 0.389089, 5.461854), (12.026783, 0.387799, 5.460412), (12.02795, 0.386402, 5.305326)
(11.870329, 0.389089, 5.461854), (11.869247, 0.388149, 5.617342), (12.026783, 0.387799, 5.460412)
(11.713877, 0.394149, 5.463415), (11.870329, 0.389089, 5.461854), (11.871639, 0.389905, 5.306824)
(11.713877, 0.394149, 5.463415), (11.712647, 0.39078, 5.618849), (11.870329, 0.389089, 5.461854)
(11.557408, 0.402952, 5.465078), (11.713877, 0.394149, 5.463415), (11.715342, 0.397093, 5.308418)
(11.557408, 0.402952, 5.465078), (11.556017, 0.397233, 5.620466), (11.713877, 0.394149, 5.463415)
(11.400914, 0.415629, 5.466867), (11.557408, 0.402952, 5.465078), (11.559069, 0.408393, 5.310178)
(11.400914, 0.415629, 5.466867), (11.399342, 0.407434, 5.62217), (11.557408, 0.402952, 5.465078)
(12.025814, 0.389079, 5.615926), (12.025037, 0.390051, 5.771814), (12.182367, 0.393409, 5.614604)
(12.025814, 0.389079, 5.615926), (12.182367, 0.393409, 5.614604), (12.183232, 0.389878, 5.459047)
(11.869247, 0.388149, 5.617342), (12.025814, 0.389079, 5.615926), (12.026783, 0.387799, 5.460412)
(11.869247, 0.388149, 5.617342), (11.86837, 0.386692, 5.773198), (12.025814, 0.389079, 5.615926)
(11.712647, 0.39078, 5.618849), (11.711658, 0.386962, 5.774682), (11.869247, 0.388149, 5.617342)
(11.712647, 0.39078, 5.618849), (11.869247, 0.388149, 5.617342), (11.870329, 0.389089, 5.461854)
(11.556017, 0.397233, 5.620466), (11.712647, 0.39078, 5.618849), (11.713877, 0.394149, 5.463415)
(11.556017, 0.397233, 5.620466), (11.554899, 0.390972, 5.776249), (11.712647, 0.39078, 5.618849)
(11.399342, 0.407434, 5.62217), (11.398077, 0.398739, 5.777888), (11.556017, 0.397233, 5.620466)
(11.399342, 0.407434, 5.62217), (11.556017, 0.397233, 5.620466), (11.557408, 0.402952, 5.465078)
(12.025037, 0.390051, 5.771814), (12.181664, 0.396648, 5.770515), (12.182367, 0.393409, 5.614604)
(12.025037, 0.390051, 5.771814), (12.02441, 0.390303, 5.927978), (12.181664, 0.396648, 5.770515)
(11.86837, 0.386692, 5.773198), (12.025037, 0.390051, 5.771814), (12.025814, 0.389079, 5.615926)
(11.86837, 0.386692, 5.773198), (11.867678, 0.384595, 5.929347), (12.025037, 0.390051, 5.771814)
(11.711658, 0.386962, 5.774682), (11.86837, 0.386692, 5.773198), (11.869247, 0.388149, 5.617342)
(11.711658, 0.386962, 5.774682), (11.710878, 0.382349, 5.930791), (11.86837, 0.386692, 5.773198)
(11.554899, 0.390972, 5.776249), (11.711658, 0.386962, 5.774682), (11.712647, 0.39078, 5.618849)
(11.554899, 0.390972, 5.776249), (11.554022, 0.383899, 5.932317), (11.711658, 0.386962, 5.774682)
(11.398077, 0.398739, 5.777888), (11.554899, 0.390972, 5.776249), (11.556017, 0.397233, 5.620466)
(11.398077, 0.398739, 5.777888), (11.397095, 0.389278, 5.933895), (11.554899, 0.390972, 5.776249)
(12.02441, 0.390303, 5.927978), (12.023915, 0.389689, 6.08434), (12.181096, 0.399199, 5.926694)
(12.02441, 0.390303, 5.927978), (12.181096, 0.399199, 5.926694), (12.181664, 0.396648, 5.770515)
(11.867678, 0.384595, 5.929347), (11.867132, 0.381613, 6.085686), (12.02441, 0.390303, 5.927978)
(11.867678, 0.384595, 5.929347), (12.02441, 0.390303, 5.927978), (12.025037, 0.390051, 5.771814)
(11.710878, 0.382349, 5.930791), (11.710281, 0.376983, 6.087103), (11.867678, 0.384595, 5.929347)
(11.710878, 0.382349, 5.930791), (11.867678, 0.384595, 5.929347), (11.86837, 0.386692, 5.773198)
(11.554022, 0.383899, 5.932317), (11.553364, 0.37607, 6.088577), (11.710878, 0.382349, 5.930791)
(11.554022, 0.383899, 5.932317), (11.710878, 0.382349, 5.930791), (11.711658, 0.386962, 5.774682)
(11.397095, 0.389278, 5.933895), (11.396366, 0.379097, 6.090097), (11.554022, 0.383899, 5.932317)
(11.397095, 0.389278, 5.933895), (11.554022, 0.383899, 5.932317), (11.554899, 0.390972, 5.776249)
# 12.386856316646675, 0, 5.642251983313336
(12.652864, 0.416098, 5.45563), (12.80957, 0.430414, 5.454601), (12.810427, 0.420721, 5.299277)
(12.652864, 0.416098, 5.45563), (12.652134, 0.424955, 5.611272), (12.80957, 0.430414, 5.454601)
(12.496264, 0.404379, 5.456691), (12.652864, 0.416098, 5.45563), (12.653746, 0.407694, 5.300369)
(12.496264, 0.404379, 5.456691), (12.495508, 0.411686, 5.612302), (12.652864, 0.416098, 5.45563)
(12.339725, 0.395531, 5.457822), (12.496264, 0.404379, 5.456691), (12.497173, 0.397377, 5.301473)
(12.339725, 0.395531, 5.457822), (12.338925, 0.401042, 5.613401), (12.496264, 0.404379, 5.456691)
(12.183232, 0.389878, 5.459047), (12.339725, 0.395531, 5.457822), (12.340689, 0.390091, 5.302631)
(12.183232, 0.389878, 5.459047), (12.182367, 0.393409, 5.614604), (12.339725, 0.395531, 5.457822)
(12.652134, 0.424955, 5.611272), (12.651525, 0.433818, 5.767231), (12.808846, 0.440627, 5.610287)
(12.652134, 0.424955, 5.611272), (12.808846, 0.440627, 5.610287), (12.80957, 0.430414, 5.454601)
(12.495508, 0.411686, 5.612302), (12.652134, 0.424955, 5.611272), (12.652864, 0.416098, 5.45563)
(12.495508, 0.411686, 5.612302), (12.494888, 0.418856, 5.768235), (12.652134, 0.424955, 5.611272)
(12.338925, 0.401042, 5.613401), (12.338277, 0.406357, 5.769325), (12.495508, 0.411686, 5.612302)
(12.338925, 0.401042, 5.613401), (12.495508, 0.411686, 5.612302), (12.496264, 0.404379, 5.456691)
(12.182367, 0.393409, 5.614604), (12.338925, 0.401042, 5.613401), (12.339725, 0.395531, 5.457822)
(12.182367, 0.393409, 5.614604), (12.181664, 0.396648, 5.770515), (12.338925, 0.401042, 5.613401)
(12.651525, 0.433818, 5.767231), (12.808227, 0.450912, 5.766272), (12.808846, 0.440627, 5.610287)
(12.651525, 0.433818, 5.767231), (12.651009, 0.442199, 5.923436), (12.808227, 0.450912, 5.766272)
(12.494888, 0.418856, 5.768235), (12.651525, 0.433818, 5.767231), (12.652134, 0.424955, 5.611272)
(12.494888, 0.418856, 5.768235), (12.494374, 0.425529, 5.924433), (12.651525, 0.433818, 5.767231)
(12.338277, 0.406357, 5.769325), (12.494888, 0.418856, 5.768235), (12.495508, 0.411686, 5.612302)
(12.338277, 0.406357, 5.769325), (12.337746, 0.411058, 5.92551), (12.494888, 0.418856, 5.768235)
(12.181664, 0.396648, 5.770515), (12.338277, 0.406357, 5.769325), (12.338925, 0.401042, 5.613401)
(12.181664, 0.396648, 5.770515), (12.181096, 0.399199, 5.926694), (12.338277, 0.406357, 5.769325)
(12.651009, 0.442199, 5.923436), (12.650558, 0.449723, 6.079835), (12.80769, 0.460779, 5.922495)
(12.651009, 0.442199, 5.923436), (12.80769, 0.460779, 5.922495), (12.808227, 0.450912, 5.766272)
(12.494374, 0.425529, 5.924433), (12.493937, 0.431302, 6.080824), (12.651009, 0.442199, 5.923436)
(12.494374, 0.425529, 5.924433), (12.651009, 0.442199, 5.923436), (12.651525, 0.433818, 5.767231)
(12.337746, 0.411058, 5.92551), (12.337303, 0.414903, 6.081902), (12.494374, 0.425529, 5.924433)
(12.337746, 0.411058, 5.92551), (12.494374, 0.425529, 5.924433), (12.494888, 0.418856, 5.768235)
(12.181096, 0.399199, 5.926694), (12.180634, 0.400886, 6.083071), (12.337746, 0.411058, 5.92551)
(12.181096, 0.399199, 5.926694), (12.337746, 0.411058, 5.92551), (12.338277, 0.406357, 5.769325)
# 13.054626549980007, 0, 5.642251983313336
(13.280769, 0.487639, 5.451535), (13.438301, 0.510549, 5.450434), (13.439079, 0.497637, 5.294795)
(13.280769, 0.487639, 5.451535), (13.280009, 0.500429, 5.60738), (13.438301, 0.510549, 5.450434)
(13.123479, 0.466408, 5.45258), (13.280769, 0.487639, 5.451535), (13.281582, 0.475297, 5.295983)
(13.123479, 0.466408, 5.45258), (13.122732, 0.478576, 5.608368), (13.280769, 0.487639, 5.451535)
(12.966431, 0.447276, 5.453597), (13.123479, 0.466408, 5.45258), (13.124311, 0.454762, 5.297106)
(12.966431, 0.447276, 5.453597), (12.96569, 0.458547, 5.609326), (13.123479, 0.466408, 5.45258)
(12.80957, 0.430414, 5.454601), (12.966431, 0.447276, 5.453597), (12.967267, 0.436431, 5.298193)
(12.80957, 0.430414, 5.454601), (12.808846, 0.440627, 5.610287), (12.966431, 0.447276, 5.453597)
(13.280009, 0.500429, 5.60738), (13.279293, 0.513422, 5.763483), (13.437542, 0.523853, 5.606344)
(13.280009, 0.500429, 5.60738), (13.437542, 0.523853, 5.606344), (13.438301, 0.510549, 5.450434)
(13.122732, 0.478576, 5.608368), (13.280009, 0.500429, 5.60738), (13.280769, 0.487639, 5.451535)
(13.122732, 0.478576, 5.608368), (13.122046, 0.490878, 5.764421), (13.280009, 0.500429, 5.60738)
(12.96569, 0.458547, 5.609326), (12.965045, 0.469985, 5.765346), (13.122732, 0.478576, 5.608368)
(12.96569, 0.458547, 5.609326), (13.122732, 0.478576, 5.608368), (13.123479, 0.466408, 5.45258)
(12.808846, 0.440627, 5.610287), (12.96569, 0.458547, 5.609326), (12.966431, 0.447276, 5.453597)
(12.808846, 0.440627, 5.610287), (12.808227, 0.450912, 5.766272), (12.96569, 0.458547, 5.609326)
(13.279293, 0.513422, 5.763483), (13.4368, 0.537323, 5.762495), (13.437542, 0.523853, 5.606344)
(13.279293, 0.513422, 5.763483), (13.278606, 0.526216, 5.919798), (13.4368, 0.537323, 5.762495)
(13.122046, 0.490878, 5.764421), (13.279293, 0.513422, 5.763483), (13.280009, 0.500429, 5.60738)
(13.122046, 0.490878, 5.764421), (13.121423, 0.502973, 5.920705), (13.279293, 0.513422, 5.763483)
(12.965045, 0.469985, 5.765346), (13.122046, 0.490878, 5.764421), (13.122732, 0.478576, 5.608368)
(12.965045, 0.469985, 5.765346), (12.96447, 0.481084, 5.921592), (13.122046, 0.490878, 5.764421)
(12.808227, 0.450912, 5.766272), (12.965045, 0.469985, 5.765346), (12.96569, 0.458547, 5.609326)
(12.808227, 0.450912, 5.766272), (12.80769, 0.460779, 5.922495), (12.965045, 0.469985, 5.765346)
(13.278606, 0.526216, 5.919798), (13.277942, 0.538423, 6.076289), (13.436066, 0.550621, 5.918849)
(13.278606, 0.526216, 5.919798), (13.436066, 0.550621, 5.918849), (13.4368, 0.537323, 5.762495)
(13.121423, 0.502973, 5.920705), (13.120832, 0.514364, 6.077166), (13.278606, 0.526216, 5.919798)
(13.121423, 0.502973, 5.920705), (13.278606, 0.526216, 5.919798), (13.279293, 0.513422, 5.763483)
(12.96447, 0.481084, 5.921592), (12.963943, 0.491442, 6.078031), (13.121423, 0.502973, 5.920705)
(12.96447, 0.481084, 5.921592), (13.121423, 0.502973, 5.920705), (13.122046, 0.490878, 5.764421)
(12.80769, 0.460779, 5.922495), (12.807207, 0.469835, 6.07891), (12.96447, 0.481084, 5.921592)
(12.80769, 0.460779, 5.922495), (12.96447, 0.481084, 5.921592), (12.965045, 0.469985, 5.765346)
# 13.722396783313343, 0, 5.642251983313336
(13.9126, 0.587749, 5.446942), (14.071216, 0.615144, 5.445746), (14.071683, 0.601938, 5.289805)
(13.9126, 0.587749, 5.446942), (13.911964, 0.601318, 5.603031), (14.071216, 0.615144, 5.445746)
(13.754227, 0.560967, 5.448134), (13.9126, 0.587749, 5.446942), (13.913174, 0.57434, 5.291077)
(13.754227, 0.560967, 5.448134), (13.753529, 0.57465, 5.604165), (13.9126, 0.587749, 5.446942)
(13.596125, 0.535112, 5.4493), (13.754227, 0.560967, 5.448134), (13.754888, 0.547524, 5.292339)
(13.596125, 0.535112, 5.4493), (13.595377, 0.548693, 5.605268), (13.754227, 0.560967, 5.448134)
(13.438301, 0.510549, 5.450434), (13.596125, 0.535112, 5.4493), (13.596844, 0.521778, 5.293572)
(13.438301, 0.510549, 5.450434), (13.437542, 0.523853, 5.606344), (13.596125, 0.535112, 5.4493)
(13.911964, 0.601318, 5.603031), (13.911265, 0.61487, 5.75933), (14.070667, 0.628396, 5.601896)
(13.911964, 0.601318, 5.603031), (14.070667, 0.628396, 5.601896), (14.071216, 0.615144, 5.445746)
(13.753529, 0.57465, 5.604165), (13.911964, 0.601318, 5.603031), (13.9126, 0.587749, 5.446942)
(13.753529, 0.57465, 5.604165), (13.752784, 0.588389, 5.760406), (13.911964, 0.601318, 5.603031)
(13.595377, 0.548693, 5.605268), (13.594626, 0.56241, 5.761467), (13.753529, 0.57465, 5.604165)
(13.595377, 0.548693, 5.605268), (13.753529, 0.57465, 5.604165), (13.754227, 0.560967, 5.448134)
(13.437542, 0.523853, 5.606344), (13.595377, 0.548693, 5.605268), (13.596125, 0.535112, 5.4493)
(13.437542, 0.523853, 5.606344), (13.4368, 0.537323, 5.762495), (13.595377, 0.548693, 5.605268)
(13.911265, 0.61487, 5.75933), (14.070032, 0.641514, 5.758248), (14.070667, 0.628396, 5.601896)
(13.911265, 0.61487, 5.75933), (13.910496, 0.628188, 5.915819), (14.070032, 0.641514, 5.758248)
(13.752784, 0.588389, 5.760406), (13.911265, 0.61487, 5.75933), (13.911964, 0.601318, 5.603031)
(13.752784, 0.588389, 5.760406), (13.752008, 0.60196, 5.916851), (13.911265, 0.61487, 5.75933)
(13.594626, 0.56241, 5.761467), (13.752784, 0.588389, 5.760406), (13.753529, 0.57465, 5.604165)
(13.594626, 0.56241, 5.761467), (13.593853, 0.575973, 5.917864), (13.752784, 0.588389, 5.760406)
(13.4368, 0.537323, 5.762495), (13.594626, 0.56241, 5.761467), (13.595377, 0.548693, 5.605268)
(13.4368, 0.537323, 5.762495), (13.436066, 0.550621, 5.918849), (13.594626, 0.56241, 5.761467)
(13.910496, 0.628188, 5.915819), (13.90964, 0.641041, 6.072487), (14.069292, 0.654308, 5.914791)
(13.910496, 0.628188, 5.915819), (14.069292, 0.654308, 5.914791), (14.070032, 0.641514, 5.758248)
(13.752008, 0.60196, 5.916851), (13.751178, 0.615064, 6.073471), (13.910496, 0.628188, 5.915819)
(13.752008, 0.60196, 5.916851), (13.910496, 0.628188, 5.915819), (13.911265, 0.61487, 5.75933)
(13.593853, 0.575973, 5.917864), (13.593072, 0.589064, 6.07444), (13.752008, 0.60196, 5.916851)
(13.593853, 0.575973, 5.917864), (13.752008, 0.60196, 5.916851), (13.752784, 0.588389, 5.760406)
(13.436066, 0.550621, 5.918849), (13.43533, 0.563413, 6.07538), (13.593853, 0.575973, 5.917864)
(13.436066, 0.550621, 5.918849), (13.593853, 0.575973, 5.917864), (13.594626, 0.56241, 5.761467)
# 14.390167016646675, 0, 5.642251983313336
(14.707262, 0.722484, 5.44188), (14.866271, 0.746981, 5.441493), (14.866114, 0.740842, 5.285441)
(14.707262, 0.722484, 5.44188), (14.707135, 0.731279, 5.59823), (14.866271, 0.746981, 5.441493)
(14.548164, 0.696853, 5.44261), (14.707262, 0.722484, 5.44188), (14.70723, 0.713848, 5.285806)
(14.548164, 0.696853, 5.44261), (14.547932, 0.707316, 5.598924), (14.707262, 0.722484, 5.44188)
(14.389068, 0.670189, 5.443535), (14.548164, 0.696853, 5.44261), (14.548262, 0.686379, 5.286537)
(14.389068, 0.670189, 5.443535), (14.388724, 0.681915, 5.599802), (14.548164, 0.696853, 5.44261)
(14.23006, 0.642787, 5.444597), (14.389068, 0.670189, 5.443535), (14.389295, 0.658395, 5.28749)
(14.23006, 0.642787, 5.444597), (14.229609, 0.655448, 5.600805), (14.389068, 0.670189, 5.443535)
(14.071216, 0.615144, 5.445746), (14.23006, 0.642787, 5.444597), (14.230406, 0.630102, 5.288591)
(14.071216, 0.615144, 5.445746), (14.070667, 0.628396, 5.601896), (14.23006, 0.642787, 5.444597)
(14.707135, 0.731279, 5.59823), (14.866258, 0.753631, 5.597822), (14.866271, 0.746981, 5.441493)
(14.707135, 0.731279, 5.59823), (14.706832, 0.739749, 5.754836), (14.866258, 0.753631, 5.597822)
(14.547932, 0.707316, 5.598924), (14.547537, 0.717365, 5.75547), (14.707135, 0.731279, 5.59823)
(14.547932, 0.707316, 5.598924), (14.707135, 0.731279, 5.59823), (14.707262, 0.722484, 5.44188)
(14.388724, 0.681915, 5.599802), (14.547932, 0.707316, 5.598924), (14.548164, 0.696853, 5.44261)
(14.388724, 0.681915, 5.599802), (14.388248, 0.69331, 5.756273), (14.547932, 0.707316, 5.598924)
(14.229609, 0.655448, 5.600805), (14.22905, 0.667843, 5.757215), (14.388724, 0.681915, 5.599802)
(14.229609, 0.655448, 5.600805), (14.388724, 0.681915, 5.599802), (14.389068, 0.670189, 5.443535)
(14.070667, 0.628396, 5.601896), (14.229609, 0.655448, 5.600805), (14.23006, 0.642787, 5.444597)
(14.070667, 0.628396, 5.601896), (14.070032, 0.641514, 5.758248), (14.229609, 0.655448, 5.600805)
(14.706832, 0.739749, 5.754836), (14.866043, 0.76019, 5.754457), (14.866258, 0.753631, 5.597822)
(14.706832, 0.739749, 5.754836), (14.706329, 0.747672, 5.911679), (14.866043, 0.76019, 5.754457)
(14.547537, 0.717365, 5.75547), (14.706832, 0.739749, 5.754836), (14.707135, 0.731279, 5.59823)
(14.547537, 0.717365, 5.75547), (14.54697, 0.726829, 5.912232), (14.706832, 0.739749, 5.754836)
(14.388248, 0.69331, 5.756273), (14.547537, 0.717365, 5.75547), (14.547932, 0.707316, 5.598924)
(14.388248, 0.69331, 5.756273), (14.387618, 0.7041, 5.912959), (14.547537, 0.717365, 5.75547)
(14.22905, 0.667843, 5.757215), (14.388248, 0.69331, 5.756273), (14.388724, 0.681915, 5.599802)
(14.22905, 0.667843, 5.757215), (14.228359, 0.679789, 5.913821), (14.388248, 0.69331, 5.756273)
(14.070032, 0.641514, 5.758248), (14.22905, 0.667843, 5.757215), (14.229609, 0.655448, 5.600805)
(14.070032, 0.641514, 5.758248), (14.069292, 0.654308, 5.914791), (14.22905, 0.667843, 5.757215)
(14.706329, 0.747672, 5.911679), (14.705615, 0.754879, 6.06877), (14.86561, 0.766345, 5.911367)
(14.706329, 0.747672, 5.911679), (14.86561, 0.766345, 5.911367), (14.866043, 0.76019, 5.754457)
(14.54697, 0.726829, 5.912232), (14.546209, 0.735612, 6.069216), (14.706329, 0.747672, 5.911679)
(14.54697, 0.726829, 5.912232), (14.706329, 0.747672, 5.911679), (14.706832, 0.739749, 5.754836)
(14.387618, 0.7041, 5.912959), (14.386816, 0.714259, 6.069847), (14.54697, 0.726829, 5.912232)
(14.387618, 0.7041, 5.912959), (14.54697, 0.726829, 5.912232), (14.547537, 0.717365, 5.75547)
(14.228359, 0.679789, 5.913821), (14.227528, 0.691121, 6.070626), (14.387618, 0.7041, 5.912959)
(14.228359, 0.679789, 5.913821), (14.387618, 0.7041, 5.912959), (14.388248, 0.69331, 5.756273)
(14.069292, 0.654308, 5.914791), (14.068439, 0.666576, 6.071519), (14.228359, 0.679789, 5.913821)
(14.069292, 0.654308, 5.914791), (14.228359, 0.679789, 5.913821), (14.22905, 0.667843, 5.757215)
# 15.05793724998001, 0, 5.642251983313336
(14.866271, 0.746981, 5.441493), (15.025137, 0.770737, 5.441564), (15.024858, 0.767794, 5.285616)
(14.866271, 0.746981, 5.441493), (14.866258, 0.753631, 5.597822), (15.025137, 0.770737, 5.441564)
(15.025137, 0.770737, 5.441564), (15.183861, 0.794302, 5.442191), (15.183477, 0.795007, 5.286392)
(15.025137, 0.770737, 5.441564), (15.025226, 0.774646, 5.597843), (15.183861, 0.794302, 5.442191)
(15.183861, 0.794302, 5.442191), (15.342487, 0.81817, 5.44342), (15.342024, 0.822576, 5.287765)
(15.183861, 0.794302, 5.442191), (15.184044, 0.795045, 5.598368), (15.342487, 0.81817, 5.44342)
(15.342487, 0.81817, 5.44342), (15.50106, 0.842737, 5.445321), (15.500538, 0.850538, 5.289767)
(15.342487, 0.81817, 5.44342), (15.342758, 0.81559, 5.599457), (15.50106, 0.842737, 5.445321)
(14.866258, 0.753631, 5.597822), (14.866043, 0.76019, 5.754457), (15.025226, 0.774646, 5.597843)
(14.866258, 0.753631, 5.597822), (15.025226, 0.774646, 5.597843), (15.025137, 0.770737, 5.441564)
(15.025226, 0.774646, 5.597843), (15.184044, 0.795045, 5.598368), (15.183861, 0.794302, 5.442191)
(15.025226, 0.774646, 5.597843), (15.025105, 0.778905, 5.754443), (15.184044, 0.795045, 5.598368)
(15.184044, 0.795045, 5.598368), (15.183993, 0.796593, 5.754942), (15.342758, 0.81559, 5.599457)
(15.184044, 0.795045, 5.598368), (15.342758, 0.81559, 5.599457), (15.342487, 0.81817, 5.44342)
(15.342758, 0.81559, 5.599457), (15.501421, 0.836864, 5.601178), (15.50106, 0.842737, 5.445321)
(15.342758, 0.81559, 5.599457), (15.342798, 0.814289, 5.755923), (15.501421, 0.836864, 5.601178)
(15.025105, 0.778905, 5.754443), (15.183993, 0.796593, 5.754942), (15.184044, 0.795045, 5.598368)
(15.025105, 0.778905, 5.754443), (15.024734, 0.783002, 5.911407), (15.183993, 0.796593, 5.754942)
(14.866043, 0.76019, 5.754457), (15.025105, 0.778905, 5.754443), (15.025226, 0.774646, 5.597843)
(14.866043, 0.76019, 5.754457), (14.86561, 0.766345, 5.911367), (15.025105, 0.778905, 5.754443)
(15.183993, 0.796593, 5.754942), (15.342798, 0.814289, 5.755923), (15.342758, 0.81559, 5.599457)
(15.183993, 0.796593, 5.754942), (15.183704, 0.798504, 5.911889), (15.342798, 0.814289, 5.755923)
(15.342798, 0.814289, 5.755923), (15.501551, 0.832712, 5.757496), (15.501421, 0.836864, 5.601178)
(15.342798, 0.814289, 5.755923), (15.342594, 0.813873, 5.912804), (15.501551, 0.832712, 5.757496)
(14.86561, 0.766345, 5.911367), (14.864933, 0.771821, 6.068582), (15.024734, 0.783002, 5.911407)
(14.86561, 0.766345, 5.911367), (15.024734, 0.783002, 5.911407), (15.025105, 0.778905, 5.754443)
(15.024734, 0.783002, 5.911407), (15.024132, 0.786874, 6.06868), (15.183704, 0.798504, 5.911889)
(15.024734, 0.783002, 5.911407), (15.183704, 0.798504, 5.911889), (15.183993, 0.796593, 5.754942)
(15.183704, 0.798504, 5.911889), (15.183168, 0.800632, 6.069215), (15.342594, 0.813873, 5.912804)
(15.183704, 0.798504, 5.911889), (15.342594, 0.813873, 5.912804), (15.342798, 0.814289, 5.755923)
(15.342594, 0.813873, 5.912804), (15.342142, 0.814237, 6.070127), (15.501432, 0.829976, 5.914285)
(15.342594, 0.813873, 5.912804), (15.501432, 0.829976, 5.914285), (15.501551, 0.832712, 5.757496)
# 15.725707483313343, 0, 5.642251983313336
(15.50106, 0.842737, 5.445321), (15.659645, 0.867568, 5.447767), (15.659074, 0.878307, 5.292328)
(15.50106, 0.842737, 5.445321), (15.501421, 0.836864, 5.601178), (15.659645, 0.867568, 5.447767)
(15.659645, 0.867568, 5.447767), (15.818249, 0.891797, 5.450644), (15.817627, 0.904432, 5.295218)
(15.659645, 0.867568, 5.447767), (15.660075, 0.858983, 5.603524), (15.818249, 0.891797, 5.450644)
(15.818249, 0.891797, 5.450644), (15.976863, 0.914015, 5.453698), (15.976162, 0.927575, 5.298239)
(15.818249, 0.891797, 5.450644), (15.818762, 0.881203, 5.606315), (15.976863, 0.914015, 5.453698)
(15.976863, 0.914015, 5.453698), (16.135391, 0.932478, 5.456777), (16.134602, 0.946059, 5.301222)
(15.976863, 0.914015, 5.453698), (15.977469, 0.902297, 5.609354), (16.135391, 0.932478, 5.456777)
(15.501421, 0.836864, 5.601178), (15.501551, 0.832712, 5.757496), (15.660075, 0.858983, 5.603524)
(15.501421, 0.836864, 5.601178), (15.660075, 0.858983, 5.603524), (15.659645, 0.867568, 5.447767)
(15.660075, 0.858983, 5.603524), (15.818762, 0.881203, 5.606315), (15.818249, 0.891797, 5.450644)
(15.660075, 0.858983, 5.603524), (15.660296, 0.852246, 5.759678), (15.818762, 0.881203, 5.606315)
(15.818762, 0.881203, 5.606315), (15.819067, 0.872611, 5.7624), (15.977469, 0.902297, 5.609354)
(15.818762, 0.881203, 5.606315), (15.977469, 0.902297, 5.609354), (15.976863, 0.914015, 5.453698)
(15.977469, 0.902297, 5.609354), (16.136124, 0.920718, 5.612481), (16.135391, 0.932478, 5.456777)
(15.977469, 0.902297, 5.609354), (15.977875, 0.892439, 5.765369), (16.136124, 0.920718, 5.612481)
(15.501551, 0.832712, 5.757496), (15.660296, 0.852246, 5.759678), (15.660075, 0.858983, 5.603524)
(15.501551, 0.832712, 5.757496), (15.501432, 0.829976, 5.914285), (15.660296, 0.852246, 5.759678)
(15.660296, 0.852246, 5.759678), (15.819067, 0.872611, 5.7624), (15.818762, 0.881203, 5.606315)
(15.660296, 0.852246, 5.759678), (15.660259, 0.847461, 5.916385), (15.819067, 0.872611, 5.7624)
(15.819067, 0.872611, 5.7624), (15.977875, 0.892439, 5.765369), (15.977469, 0.902297, 5.609354)
(15.819067, 0.872611, 5.7624), (15.819125, 0.865913, 5.918946), (15.977875, 0.892439, 5.765369)
(15.977875, 0.892439, 5.765369), (16.136644, 0.910448, 5.768487), (16.136124, 0.920718, 5.612481)
(15.977875, 0.892439, 5.765369), (15.978029, 0.884365, 5.921798), (16.136644, 0.910448, 5.768487)
(15.501432, 0.829976, 5.914285), (15.50106, 0.828636, 6.071585), (15.660259, 0.847461, 5.916385)
(15.501432, 0.829976, 5.914285), (15.660259, 0.847461, 5.916385), (15.660296, 0.852246, 5.759678)
(15.660259, 0.847461, 5.916385), (15.659985, 0.844265, 6.073544), (15.819125, 0.865913, 5.918946)
(15.660259, 0.847461, 5.916385), (15.819125, 0.865913, 5.918946), (15.819067, 0.872611, 5.7624)
(15.819125, 0.865913, 5.918946), (15.818939, 0.860951, 6.075938), (15.978029, 0.884365, 5.921798)
(15.819125, 0.865913, 5.918946), (15.978029, 0.884365, 5.921798), (15.977875, 0.892439, 5.765369)
(15.978029, 0.884365, 5.921798), (15.9779, 0.877962, 6.07866), (16.136877, 0.901604, 5.924862)
(15.978029, 0.884365, 5.921798), (16.136877, 0.901604, 5.924862), (16.136644, 0.910448, 5.768487)
# 16.39347771664668, 0, 5.642251983313336
(16.658594, 1.413888, 5.317783), (16.635216, 1.423417, 5.321325), (16.647179, 1.418588, 5.416241)
(16.658594, 1.413888, 5.317783), (16.645618, 1.418785, 5.222761), (16.635216, 1.423417, 5.321325)
(16.635216, 1.423417, 5.321325), (16.577145, 1.423417, 5.328959), (16.588995, 1.418588, 5.422951)
(16.635216, 1.423417, 5.321325), (16.622301, 1.428314, 5.226698), (16.577145, 1.423417, 5.328959)
(16.577145, 1.423417, 5.328959), (16.642488, 0.620343, 5.280945), (16.655197, 0.615472, 5.376854)
(16.577145, 1.423417, 5.328959), (16.564365, 1.428314, 5.235291), (16.642488, 0.620343, 5.280945)
(16.670612, 1.409059, 5.413083), (16.647179, 1.418588, 5.416241), (16.656847, 1.413936, 5.511715)
(16.670612, 1.409059, 5.413083), (16.658594, 1.413888, 5.317783), (16.647179, 1.418588, 5.416241)
(16.647179, 1.418588, 5.416241), (16.588995, 1.418588, 5.422951), (16.59857, 1.413936, 5.517566)
(16.647179, 1.418588, 5.416241), (16.635216, 1.423417, 5.321325), (16.588995, 1.418588, 5.422951)
(16.588995, 1.418588, 5.422951), (16.655197, 0.615472, 5.376854), (16.665531, 0.610777, 5.47334)
(16.588995, 1.418588, 5.422951), (16.577145, 1.423417, 5.328959), (16.655197, 0.615472, 5.376854)
(16.135391, 0.932478, 5.456777), (16.293737, 0.945495, 5.459662), (16.292812, 0.957725, 5.303926)
(16.135391, 0.932478, 5.456777), (16.136124, 0.920718, 5.612481), (16.293737, 0.945495, 5.459662)
(16.293737, 0.945495, 5.459662), (16.451769, 0.9515, 5.462182), (16.450657, 0.961709, 5.30624)
(16.293737, 0.945495, 5.459662), (16.294596, 0.934442, 5.615492), (16.451769, 0.9515, 5.462182)
(16.451769, 0.9515, 5.462182), (16.609343, 0.94904, 5.464172), (16.608, 0.956863, 5.308027)
(16.451769, 0.9515, 5.462182), (16.452774, 0.941826, 5.618174), (16.609343, 0.94904, 5.464172)
(16.609343, 0.94904, 5.464172), (16.766212, 0.93582, 5.465435), (16.764626, 0.94132, 5.309114)
(16.609343, 0.94904, 5.464172), (16.610538, 0.941289, 5.62035), (16.766212, 0.93582, 5.465435)
(16.680325, 1.404406, 5.508914), (16.656847, 1.413936, 5.511715), (16.665779, 1.409345, 5.607337)
(16.680325, 1.404406, 5.508914), (16.670612, 1.409059, 5.413083), (16.656847, 1.413936, 5.511715)
(16.656847, 1.413936, 5.511715), (16.59857, 1.413936, 5.517566), (16.607424, 1.409346, 5.612346)
(16.656847, 1.413936, 5.511715), (16.647179, 1.418588, 5.416241), (16.59857, 1.413936, 5.517566)
(16.59857, 1.413936, 5.517566), (16.665531, 0.610777, 5.47334), (16.675095, 0.606145, 5.569992)
(16.59857, 1.413936, 5.517566), (16.588995, 1.418588, 5.422951), (16.665531, 0.610777, 5.47334)
(16.689297, 1.399815, 5.604885), (16.665779, 1.409345, 5.607337), (16.673149, 1.404886, 5.703256)
(16.689297, 1.399815, 5.604885), (16.680325, 1.404406, 5.508914), (16.665779, 1.409345, 5.607337)
(16.665779, 1.409345, 5.607337), (16.607424, 1.409346, 5.612346), (16.614729, 1.404886, 5.707459)
(16.665779, 1.409345, 5.607337), (16.656847, 1.413936, 5.511715), (16.607424, 1.409346, 5.612346)
(16.607424, 1.409346, 5.612346), (16.675095, 0.606145, 5.569992), (16.683046, 0.601644, 5.666973)
(16.607424, 1.409346, 5.612346), (16.59857, 1.413936, 5.517566), (16.675095, 0.606145, 5.569992)
(16.136124, 0.920718, 5.612481), (16.136644, 0.910448, 5.768487), (16.294596, 0.934442, 5.615492)
(16.136124, 0.920718, 5.612481), (16.294596, 0.934442, 5.615492), (16.293737, 0.945495, 5.459662)
(16.294596, 0.934442, 5.615492), (16.452774, 0.941826, 5.618174), (16.451769, 0.9515, 5.462182)
(16.294596, 0.934442, 5.615492), (16.295254, 0.924677, 5.771561), (16.452774, 0.941826, 5.618174)
(16.452774, 0.941826, 5.618174), (16.45352, 0.932655, 5.774351), (16.610538, 0.941289, 5.62035)
(16.452774, 0.941826, 5.618174), (16.610538, 0.941289, 5.62035), (16.609343, 0.94904, 5.464172)
(16.610538, 0.941289, 5.62035), (16.767651, 0.930537, 5.621824), (16.766212, 0.93582, 5.465435)
(16.610538, 0.941289, 5.62035), (16.611427, 0.933479, 5.776675), (16.767651, 0.930537, 5.621824)
(16.696699, 1.395355, 5.701139), (16.673149, 1.404886, 5.703256), (16.679161, 1.400554, 5.799358)
(16.696699, 1.395355, 5.701139), (16.689297, 1.399815, 5.604885), (16.673149, 1.404886, 5.703256)
(16.673149, 1.404886, 5.703256), (16.614729, 1.404886, 5.707459), (16.620691, 1.400555, 5.802778)
(16.673149, 1.404886, 5.703256), (16.665779, 1.409345, 5.607337), (16.614729, 1.404886, 5.707459)
(16.614729, 1.404886, 5.707459), (16.683046, 0.601644, 5.666973), (16.6896, 0.59727, 5.764184)
(16.614729, 1.404886, 5.707459), (16.607424, 1.409346, 5.612346), (16.683046, 0.601644, 5.666973)
(16.136644, 0.910448, 5.768487), (16.295254, 0.924677, 5.771561), (16.294596, 0.934442, 5.615492)
(16.136644, 0.910448, 5.768487), (16.136877, 0.901604, 5.924862), (16.295254, 0.924677, 5.771561)
(16.295254, 0.924677, 5.771561), (16.45352, 0.932655, 5.774351), (16.452774, 0.941826, 5.618174)
(16.295254, 0.924677, 5.771561), (16.295542, 0.91545, 5.927934), (16.45352, 0.932655, 5.774351)
(16.45352, 0.932655, 5.774351), (16.611427, 0.933479, 5.776675), (16.610538, 0.941289, 5.62035)
(16.45352, 0.932655, 5.774351), (16.453917, 0.923898, 5.930763), (16.611427, 0.933479, 5.776675)
(16.611427, 0.933479, 5.776675), (16.768711, 0.924463, 5.778323), (16.767651, 0.930537, 5.621824)
(16.611427, 0.933479, 5.776675), (16.611921, 0.925493, 5.933173), (16.768711, 0.924463, 5.778323)
(16.702738, 1.391022, 5.797569), (16.679161, 1.400554, 5.799358), (16.68442, 1.396293, 5.895566)
(16.702738, 1.391022, 5.797569), (16.696699, 1.395355, 5.701139), (16.679161, 1.400554, 5.799358)
(16.679161, 1.400554, 5.799358), (16.620691, 1.400555, 5.802778), (16.625908, 1.396293, 5.898215)
(16.679161, 1.400554, 5.799358), (16.673149, 1.404886, 5.703256), (16.620691, 1.400555, 5.802778)
(16.620691, 1.400555, 5.802778), (16.6896, 0.59727, 5.764184), (16.695368, 0.592966, 5.861529)
(16.620691, 1.400555, 5.802778), (16.614729, 1.404886, 5.707459), (16.6896, 0.59727, 5.764184)
(16.708017, 1.38676, 5.894099), (16.68442, 1.396293, 5.895566), (16.687649, 1.392243, 5.991937)
(16.708017, 1.38676, 5.894099), (16.702738, 1.391022, 5.797569), (16.68442, 1.396293, 5.895566)
(16.68442, 1.396293, 5.895566), (16.625908, 1.396293, 5.898215), (16.629108, 1.392243, 5.993835)
(16.68442, 1.396293, 5.895566), (16.679161, 1.400554, 5.799358), (16.625908, 1.396293, 5.898215)
(16.625908, 1.396293, 5.898215), (16.695368, 0.592966, 5.861529), (16.699064, 0.588872, 5.959132)
(16.625908, 1.396293, 5.898215), (16.620691, 1.400555, 5.802778), (16.695368, 0.592966, 5.861529)
(16.136877, 0.901604, 5.924862), (16.136778, 0.893935, 6.081614), (16.295542, 0.91545, 5.927934)
(16.136877, 0.901604, 5.924862), (16.295542, 0.91545, 5.927934), (16.295254, 0.924677, 5.771561)
(16.295542, 0.91545, 5.927934), (16.295486, 0.906945, 6.084575), (16.453917, 0.923898, 5.930763)
(16.295542, 0.91545, 5.927934), (16.453917, 0.923898, 5.930763), (16.45352, 0.932655, 5.774351)
(16.453917, 0.923898, 5.930763), (16.453911, 0.915104, 6.087357), (16.611921, 0.925493, 5.933173)
(16.453917, 0.923898, 5.930763), (16.611921, 0.925493, 5.933173), (16.611427, 0.933479, 5.776675)
(16.611921, 0.925493, 5.933173), (16.611897, 0.916329, 6.089766), (16.769264, 0.917163, 5.934932)
(16.611921, 0.925493, 5.933173), (16.769264, 0.917163, 5.934932), (16.768711, 0.924463, 5.778323)
# 17.061247949980007, 0, 5.642251983313336
(17.074785, 0.874351, 5.308912), (17.077028, 0.873555, 5.465489), (17.228004, 0.824671, 5.307847)
(17.074785, 0.874351, 5.308912), (17.228004, 0.824671, 5.307847), (17.224751, 0.821091, 5.151234)
(16.764626, 0.94132, 5.309114), (16.766212, 0.93582, 5.465435), (16.920277, 0.913628, 5.309382)
(16.764626, 0.94132, 5.309114), (16.920277, 0.913628, 5.309382), (16.918118, 0.914269, 5.152718)
(16.920277, 0.913628, 5.309382), (16.92219, 0.910888, 5.465879), (17.074785, 0.874351, 5.308912)
(16.920277, 0.913628, 5.309382), (17.074785, 0.874351, 5.308912), (17.0721, 0.872394, 5.152212)
(17.148287, 0.654473, 5.321859), (17.210646, 1.418588, 5.351262), (17.159374, 0.649778, 5.425581)
(17.210646, 1.418588, 5.351262), (17.146637, 1.418588, 5.358644), (17.22121, 1.413933, 5.455056)
(17.210646, 1.418588, 5.351262), (17.22121, 1.413933, 5.455056), (17.159374, 0.649778, 5.425581)
(17.146637, 1.418588, 5.358644), (17.123098, 1.409058, 5.360901), (17.157099, 1.413933, 5.461492)
(17.146637, 1.418588, 5.358644), (17.157099, 1.413933, 5.461492), (17.22121, 1.413933, 5.455056)
(17.123098, 1.409058, 5.360901), (16.970583, 1.409058, 5.378489), (17.133532, 1.404403, 5.463413)
(17.123098, 1.409058, 5.360901), (17.133532, 1.404403, 5.463413), (17.157099, 1.413933, 5.461492)
(16.970583, 1.409058, 5.378489), (16.946579, 1.418588, 5.381714), (16.980774, 1.404404, 5.47875)
(16.970583, 1.409058, 5.378489), (16.980774, 1.404404, 5.47875), (17.133532, 1.404403, 5.463413)
(16.946579, 1.418588, 5.381714), (16.956722, 1.413934, 5.481609), (16.980774, 1.404404, 5.47875)
(16.946579, 1.418588, 5.381714), (16.934029, 1.423415, 5.282038), (16.884455, 1.423416, 5.288556)
(16.896908, 1.418588, 5.387442), (16.946579, 1.418588, 5.381714), (16.884455, 1.423416, 5.288556)
(16.847237, 1.418588, 5.39317), (16.857224, 1.413935, 5.491599), (16.896908, 1.418588, 5.387442)
(16.847237, 1.418588, 5.39317), (16.823128, 1.409058, 5.395494), (16.833084, 1.404405, 5.493577)
(16.847237, 1.418588, 5.39317), (16.896908, 1.418588, 5.387442), (16.884455, 1.423416, 5.288556)
(16.847237, 1.418588, 5.39317), (16.834881, 1.423416, 5.295074), (16.823128, 1.409058, 5.395494)
(16.823128, 1.409058, 5.395494), (16.670612, 1.409059, 5.413083), (16.680325, 1.404406, 5.508914)
(16.823128, 1.409058, 5.395494), (16.81081, 1.413887, 5.297771), (16.670612, 1.409059, 5.413083)
(17.159374, 0.649778, 5.425581), (17.22121, 1.413933, 5.455056), (17.169571, 0.645149, 5.529322)
(17.22121, 1.413933, 5.455056), (17.157099, 1.413933, 5.461492), (17.230902, 1.409343, 5.558828)
(17.22121, 1.413933, 5.455056), (17.230902, 1.409343, 5.558828), (17.169571, 0.645149, 5.529322)
(17.157099, 1.413933, 5.461492), (17.133532, 1.404403, 5.463413), (17.166704, 1.409344, 5.564339)
(17.157099, 1.413933, 5.461492), (17.166704, 1.409344, 5.564339), (17.230902, 1.409343, 5.558828)
(17.382467, 0.766039, 5.46288), (17.532385, 0.699415, 5.461346), (17.52873, 0.697857, 5.305074)
(17.382467, 0.766039, 5.46288), (17.385042, 0.76589, 5.619449), (17.532385, 0.699415, 5.461346)
(17.133532, 1.404403, 5.463413), (16.980774, 1.404404, 5.47875), (17.143112, 1.399813, 5.56593)
(17.133532, 1.404403, 5.463413), (17.143112, 1.399813, 5.56593), (17.166704, 1.409344, 5.564339)
(17.230629, 0.825345, 5.464427), (17.382467, 0.766039, 5.46288), (17.379461, 0.764851, 5.306394)
(17.230629, 0.825345, 5.464427), (17.232821, 0.824736, 5.621109), (17.382467, 0.766039, 5.46288)
(16.766212, 0.93582, 5.465435), (16.92219, 0.910888, 5.465879), (16.920277, 0.913628, 5.309382)
(16.766212, 0.93582, 5.465435), (16.767651, 0.930537, 5.621824), (16.92219, 0.910888, 5.465879)
(17.077028, 0.873555, 5.465489), (17.230629, 0.825345, 5.464427), (17.228004, 0.824671, 5.307847)
(17.077028, 0.873555, 5.465489), (17.078941, 0.871944, 5.622159), (17.230629, 0.825345, 5.464427)
(16.92219, 0.910888, 5.465879), (17.077028, 0.873555, 5.465489), (17.074785, 0.874351, 5.308912)
(16.92219, 0.910888, 5.465879), (16.923836, 0.907447, 5.622428), (17.077028, 0.873555, 5.465489)
(16.980774, 1.404404, 5.47875), (16.956722, 1.413934, 5.481609), (16.990149, 1.399814, 5.57906)
(16.980774, 1.404404, 5.47875), (16.990149, 1.399814, 5.57906), (17.143112, 1.399813, 5.56593)
(16.956722, 1.413934, 5.481609), (16.966059, 1.409344, 5.581562), (16.990149, 1.399814, 5.57906)
(16.956722, 1.413934, 5.481609), (16.946579, 1.418588, 5.381714), (16.896908, 1.418588, 5.387442)
(16.906973, 1.413935, 5.486604), (16.956722, 1.413934, 5.481609), (16.896908, 1.418588, 5.387442)
(16.857224, 1.413935, 5.491599), (16.866425, 1.409345, 5.590114), (16.906973, 1.413935, 5.486604)
(16.857224, 1.413935, 5.491599), (16.833084, 1.404405, 5.493577), (16.84226, 1.399814, 5.591754)
(16.857224, 1.413935, 5.491599), (16.906973, 1.413935, 5.486604), (16.896908, 1.418588, 5.387442)
(16.857224, 1.413935, 5.491599), (16.847237, 1.418588, 5.39317), (16.833084, 1.404405, 5.493577)
(16.833084, 1.404405, 5.493577), (16.680325, 1.404406, 5.508914), (16.689297, 1.399815, 5.604885)
(16.833084, 1.404405, 5.493577), (16.823128, 1.409058, 5.395494), (16.680325, 1.404406, 5.508914)
(17.169571, 0.645149, 5.529322), (17.230902, 1.409343, 5.558828), (17.178034, 0.640651, 5.633087)
(17.230902, 1.409343, 5.558828), (17.166704, 1.409344, 5.564339), (17.238886, 1.404884, 5.662551)
(17.230902, 1.409343, 5.558828), (17.238886, 1.404884, 5.662551), (17.178034, 0.640651, 5.633087)
(17.166704, 1.409344, 5.564339), (17.143112, 1.399813, 5.56593), (17.17462, 1.404884, 5.667175)
(17.166704, 1.409344, 5.564339), (17.17462, 1.404884, 5.667175), (17.238886, 1.404884, 5.662551)
(17.143112, 1.399813, 5.56593), (16.990149, 1.399814, 5.57906), (17.151011, 1.395353, 5.668452)
(17.143112, 1.399813, 5.56593), (17.151011, 1.395353, 5.668452), (17.17462, 1.404884, 5.667175)
(16.990149, 1.399814, 5.57906), (16.966059, 1.409344, 5.581562), (16.997879, 1.395354, 5.67947)
(16.990149, 1.399814, 5.57906), (16.997879, 1.395354, 5.67947), (17.151011, 1.395353, 5.668452)
(16.966059, 1.409344, 5.581562), (16.973755, 1.404885, 5.681627), (16.997879, 1.395354, 5.67947)
(16.966059, 1.409344, 5.581562), (16.956722, 1.413934, 5.481609), (16.906973, 1.413935, 5.486604)
(16.916241, 1.409344, 5.585838), (16.966059, 1.409344, 5.581562), (16.906973, 1.413935, 5.486604)
(16.866425, 1.409345, 5.590114), (16.874014, 1.404885, 5.688804), (16.916241, 1.409344, 5.585838)
(16.866425, 1.409345, 5.590114), (16.84226, 1.399814, 5.591754), (16.849829, 1.395354, 5.690122)
(16.866425, 1.409345, 5.590114), (16.916241, 1.409344, 5.585838), (16.906973, 1.413935, 5.486604)
(16.866425, 1.409345, 5.590114), (16.857224, 1.413935, 5.491599), (16.84226, 1.399814, 5.591754)
(16.84226, 1.399814, 5.591754), (16.689297, 1.399815, 5.604885), (16.696699, 1.395355, 5.701139)
(16.84226, 1.399814, 5.591754), (16.833084, 1.404405, 5.493577), (16.689297, 1.399815, 5.604885)
(17.385042, 0.76589, 5.619449), (17.38678, 0.763071, 5.776161), (17.535282, 0.698439, 5.617664)
(17.385042, 0.76589, 5.619449), (17.535282, 0.698439, 5.617664), (17.532385, 0.699415, 5.461346)
(17.232821, 0.824736, 5.621109), (17.385042, 0.76589, 5.619449), (17.382467, 0.766039, 5.46288)
(17.232821, 0.824736, 5.621109), (17.234356, 0.821915, 5.777912), (17.385042, 0.76589, 5.619449)
(16.767651, 0.930537, 5.621824), (16.768711, 0.924463, 5.778323), (16.923836, 0.907447, 5.622428)
(16.767651, 0.930537, 5.621824), (16.923836, 0.907447, 5.622428), (16.92219, 0.910888, 5.465879)
(17.078941, 0.871944, 5.622159), (17.080292, 0.868348, 5.778919), (17.232821, 0.824736, 5.621109)
(17.078941, 0.871944, 5.622159), (17.232821, 0.824736, 5.621109), (17.230629, 0.825345, 5.464427)
(16.923836, 0.907447, 5.622428), (17.078941, 0.871944, 5.622159), (17.077028, 0.873555, 5.465489)
(16.923836, 0.907447, 5.622428), (16.925117, 0.903414, 5.779117), (17.078941, 0.871944, 5.622159)
(17.178034, 0.640651, 5.633087), (17.238886, 1.404884, 5.662551), (17.184994, 0.636277, 5.736888)
(17.238886, 1.404884, 5.662551), (17.17462, 1.404884, 5.667175), (17.245394, 1.400551, 5.76624)
(17.238886, 1.404884, 5.662551), (17.245394, 1.400551, 5.76624), (17.184994, 0.636277, 5.736888)
(17.17462, 1.404884, 5.667175), (17.151011, 1.395353, 5.668452), (17.18107, 1.400552, 5.770002)
(17.17462, 1.404884, 5.667175), (17.18107, 1.400552, 5.770002), (17.245394, 1.400551, 5.76624)
(17.151011, 1.395353, 5.668452), (16.997879, 1.395354, 5.67947), (17.157446, 1.39102, 5.770974)
(17.151011, 1.395353, 5.668452), (17.157446, 1.39102, 5.770974), (17.18107, 1.400552, 5.770002)
(16.997879, 1.395354, 5.67947), (16.973755, 1.404885, 5.681627), (17.004181, 1.391021, 5.779938)
(16.997879, 1.395354, 5.67947), (17.004181, 1.391021, 5.779938), (17.157446, 1.39102, 5.770974)
(16.973755, 1.404885, 5.681627), (16.98003, 1.400553, 5.781761), (17.004181, 1.391021, 5.779938)
(16.973755, 1.404885, 5.681627), (16.966059, 1.409344, 5.581562), (16.916241, 1.409344, 5.585838)
(16.923885, 1.404885, 5.685215), (16.973755, 1.404885, 5.681627), (16.916241, 1.409344, 5.585838)
(16.874014, 1.404885, 5.688804), (16.880201, 1.400553, 5.7876), (16.923885, 1.404885, 5.685215)
(16.874014, 1.404885, 5.688804), (16.849829, 1.395354, 5.690122), (16.856003, 1.391022, 5.788605)
(16.874014, 1.404885, 5.688804), (16.923885, 1.404885, 5.685215), (16.916241, 1.409344, 5.585838)
(16.874014, 1.404885, 5.688804), (16.866425, 1.409345, 5.590114), (16.849829, 1.395354, 5.690122)
(16.849829, 1.395354, 5.690122), (16.696699, 1.395355, 5.701139), (16.702738, 1.391022, 5.797569)
(16.849829, 1.395354, 5.690122), (16.84226, 1.399814, 5.591754), (16.696699, 1.395355, 5.701139)
(17.184994, 0.636277, 5.736888), (17.245394, 1.400551, 5.76624), (17.191078, 0.631978, 5.840713)
(17.245394, 1.400551, 5.76624), (17.18107, 1.400552, 5.770002), (17.25104, 1.396292, 5.86991)
(17.245394, 1.400551, 5.76624), (17.25104, 1.396292, 5.86991), (17.191078, 0.631978, 5.840713)
(17.18107, 1.400552, 5.770002), (17.157446, 1.39102, 5.770974), (17.186672, 1.396292, 5.872824)
(17.18107, 1.400552, 5.770002), (17.186672, 1.396292, 5.872824), (17.25104, 1.396292, 5.86991)
(17.157446, 1.39102, 5.770974), (17.004181, 1.391021, 5.779938), (17.163038, 1.38676, 5.873496)
(17.157446, 1.39102, 5.770974), (17.163038, 1.38676, 5.873496), (17.186672, 1.396292, 5.872824)
(17.38678, 0.763071, 5.776161), (17.537271, 0.694845, 5.774114), (17.535282, 0.698439, 5.617664)
(17.38678, 0.763071, 5.776161), (17.387589, 0.757279, 5.933028), (17.537271, 0.694845, 5.774114)
(17.234356, 0.821915, 5.777912), (17.38678, 0.763071, 5.776161), (17.385042, 0.76589, 5.619449)
(17.234356, 0.821915, 5.777912), (17.235144, 0.816615, 5.934835), (17.38678, 0.763071, 5.776161)
(16.768711, 0.924463, 5.778323), (16.925117, 0.903414, 5.779117), (16.923836, 0.907447, 5.622428)
(16.768711, 0.924463, 5.778323), (16.769264, 0.917163, 5.934932), (16.925117, 0.903414, 5.779117)
(17.080292, 0.868348, 5.778919), (17.234356, 0.821915, 5.777912), (17.232821, 0.824736, 5.621109)
(17.080292, 0.868348, 5.778919), (17.08098, 0.862501, 5.935769), (17.234356, 0.821915, 5.777912)
(16.925117, 0.903414, 5.779117), (17.080292, 0.868348, 5.778919), (17.078941, 0.871944, 5.622159)
(16.925117, 0.903414, 5.779117), (16.925646, 0.896148, 5.935809), (17.080292, 0.868348, 5.778919)
(17.004181, 1.391021, 5.779938), (16.98003, 1.400553, 5.781761), (17.009668, 1.38676, 5.880441)
(17.004181, 1.391021, 5.779938), (17.009668, 1.38676, 5.880441), (17.163038, 1.38676, 5.873496)
(16.98003, 1.400553, 5.781761), (16.985495, 1.396292, 5.881933), (17.009668, 1.38676, 5.880441)
(16.98003, 1.400553, 5.781761), (16.973755, 1.404885, 5.681627), (16.923885, 1.404885, 5.685215)
(16.930117, 1.400553, 5.78468), (16.98003, 1.400553, 5.781761), (16.923885, 1.404885, 5.685215)
(16.880201, 1.400553, 5.7876), (16.885597, 1.396293, 5.886456), (16.930117, 1.400553, 5.78468)
(16.880201, 1.400553, 5.7876), (16.856003, 1.391022, 5.788605), (16.861387, 1.38676, 5.887155)
(16.880201, 1.400553, 5.7876), (16.930117, 1.400553, 5.78468), (16.923885, 1.404885, 5.685215)
(16.880201, 1.400553, 5.7876), (16.874014, 1.404885, 5.688804), (16.856003, 1.391022, 5.788605)
(16.856003, 1.391022, 5.788605), (16.702738, 1.391022, 5.797569), (16.708017, 1.38676, 5.894099)
(16.856003, 1.391022, 5.788605), (16.849829, 1.395354, 5.690122), (16.702738, 1.391022, 5.797569)
(17.191078, 0.631978, 5.840713), (17.25104, 1.396292, 5.86991), (17.194998, 0.627883, 5.944619)
(17.25104, 1.396292, 5.86991), (17.186672, 1.396292, 5.872824), (17.254551, 1.39224, 5.973547)
(17.25104, 1.396292, 5.86991), (17.254551, 1.39224, 5.973547), (17.194998, 0.627883, 5.944619)
(17.186672, 1.396292, 5.872824), (17.163038, 1.38676, 5.873496), (17.190151, 1.39224, 5.975636)
(17.186672, 1.396292, 5.872824), (17.190151, 1.39224, 5.975636), (17.254551, 1.39224, 5.973547)
(17.163038, 1.38676, 5.873496), (17.009668, 1.38676, 5.880441), (17.16651, 1.382707, 5.976017)
(17.163038, 1.38676, 5.873496), (17.16651, 1.382707, 5.976017), (17.190151, 1.39224, 5.975636)
(17.009668, 1.38676, 5.880441), (16.985495, 1.396292, 5.881933), (17.013065, 1.382708, 5.980995)
(17.009668, 1.38676, 5.880441), (17.013065, 1.382708, 5.980995), (17.16651, 1.382707, 5.976017)
(16.985495, 1.396292, 5.881933), (16.988873, 1.392241, 5.982165), (17.013065, 1.382708, 5.980995)
(16.985495, 1.396292, 5.881933), (16.98003, 1.400553, 5.781761), (16.930117, 1.400553, 5.78468)
(16.935545, 1.396292, 5.884195), (16.985495, 1.396292, 5.881933), (16.930117, 1.400553, 5.78468)
(16.885597, 1.396293, 5.886456), (16.888926, 1.392242, 5.985407), (16.935545, 1.396292, 5.884195)
(16.885597, 1.396293, 5.886456), (16.861387, 1.38676, 5.887155), (16.86471, 1.382709, 5.985808)
(16.885597, 1.396293, 5.886456), (16.935545, 1.396292, 5.884195), (16.930117, 1.400553, 5.78468)
(16.885597, 1.396293, 5.886456), (16.880201, 1.400553, 5.7876), (16.861387, 1.38676, 5.887155)
(16.861387, 1.38676, 5.887155), (16.708017, 1.38676, 5.894099), (16.711264, 1.38271, 5.990786)
(16.861387, 1.38676, 5.887155), (16.856003, 1.391022, 5.788605), (16.708017, 1.38676, 5.894099)
(17.387589, 0.757279, 5.933028), (17.38719, 0.747582, 6.090009), (17.537909, 0.687669, 5.930808)
(17.387589, 0.757279, 5.933028), (17.537909, 0.687669, 5.930808), (17.537271, 0.694845, 5.774114)
(17.235144, 0.816615, 5.934835), (17.23497, 0.807801, 6.091797), (17.387589, 0.757279, 5.933028)
(17.235144, 0.816615, 5.934835), (17.387589, 0.757279, 5.933028), (17.38678, 0.763071, 5.776161)
(16.769264, 0.917163, 5.934932), (16.769156, 0.907379, 6.091542), (16.925646, 0.896148, 5.935809)
(16.769264, 0.917163, 5.934932), (16.925646, 0.896148, 5.935809), (16.925117, 0.903414, 5.779117)
(17.08098, 0.862501, 5.935769), (17.080912, 0.854056, 6.092649), (17.235144, 0.816615, 5.934835)
(17.08098, 0.862501, 5.935769), (17.235144, 0.816615, 5.934835), (17.234356, 0.821915, 5.777912)
(16.925646, 0.896148, 5.935809), (16.925556, 0.887003, 6.09254), (17.08098, 0.862501, 5.935769)
(16.925646, 0.896148, 5.935809), (17.08098, 0.862501, 5.935769), (17.080292, 0.868348, 5.778919)
(17.194998, 0.627883, 5.944619), (17.254551, 1.39224, 5.973547), (17.198149, 0.623869, 6.048571)
(17.254551, 1.39224, 5.973547), (17.190151, 1.39224, 5.975636), (17.257305, 1.388268, 6.077181)
(17.254551, 1.39224, 5.973547), (17.257305, 1.388268, 6.077181), (17.198149, 0.623869, 6.048571)
(17.190151, 1.39224, 5.975636), (17.16651, 1.382707, 5.976017), (17.192884, 1.388268, 6.078448)
(17.190151, 1.39224, 5.975636), (17.192884, 1.388268, 6.078448), (17.257305, 1.388268, 6.077181)
(17.16651, 1.382707, 5.976017), (17.013065, 1.382708, 5.980995), (17.169241, 1.378735, 6.078541)
(17.16651, 1.382707, 5.976017), (17.169241, 1.378735, 6.078541), (17.192884, 1.388268, 6.078448)
# 17.729018183313343, 0, 5.642251983313336
(17.680489, 0.631153, 5.460501), (17.827337, 0.567712, 5.461025), (17.821768, 0.565869, 5.305417)
(17.680489, 0.631153, 5.460501), (17.683861, 0.629436, 5.61649), (17.827337, 0.567712, 5.461025)
(17.827337, 0.567712, 5.461025), (17.973322, 0.510879, 5.463114), (17.966381, 0.507641, 5.307811)
(17.827337, 0.567712, 5.461025), (17.831387, 0.565937, 5.616687), (17.973322, 0.510879, 5.463114)
(17.532385, 0.699415, 5.461346), (17.680489, 0.631153, 5.460501), (17.675993, 0.629717, 5.304562)
(17.532385, 0.699415, 5.461346), (17.535282, 0.698439, 5.617664), (17.680489, 0.631153, 5.460501)
(17.973322, 0.510879, 5.463114), (18.11824, 0.454396, 5.465998), (18.10961, 0.448941, 5.311038)
(17.973322, 0.510879, 5.463114), (17.978388, 0.510121, 5.618453), (18.11824, 0.454396, 5.465998)
(17.683861, 0.629436, 5.61649), (17.685835, 0.624531, 5.772668), (17.831387, 0.565937, 5.616687)
(17.683861, 0.629436, 5.61649), (17.831387, 0.565937, 5.616687), (17.827337, 0.567712, 5.461025)
(17.831387, 0.565937, 5.616687), (17.978388, 0.510121, 5.618453), (17.973322, 0.510879, 5.463114)
(17.831387, 0.565937, 5.616687), (17.833599, 0.560427, 5.772529), (17.978388, 0.510121, 5.618453)
(17.535282, 0.698439, 5.617664), (17.683861, 0.629436, 5.61649), (17.680489, 0.631153, 5.460501)
(17.535282, 0.698439, 5.617664), (17.537271, 0.694845, 5.774114), (17.683861, 0.629436, 5.61649)
(17.978388, 0.510121, 5.618453), (17.980967, 0.504564, 5.773973), (18.124317, 0.454944, 5.621046)
(17.978388, 0.510121, 5.618453), (18.124317, 0.454944, 5.621046), (18.11824, 0.454396, 5.465998)
(17.833599, 0.560427, 5.772529), (17.980967, 0.504564, 5.773973), (17.978388, 0.510121, 5.618453)
(17.833599, 0.560427, 5.772529), (17.833946, 0.550926, 5.928566), (17.980967, 0.504564, 5.773973)
(17.685835, 0.624531, 5.772668), (17.833599, 0.560427, 5.772529), (17.831387, 0.565937, 5.616687)
(17.685835, 0.624531, 5.772668), (17.686375, 0.616184, 5.929053), (17.833599, 0.560427, 5.772529)
(17.980967, 0.504564, 5.773973), (18.12739, 0.449789, 5.776247), (18.124317, 0.454944, 5.621046)
(17.980967, 0.504564, 5.773973), (17.981083, 0.494142, 5.929698), (18.12739, 0.449789, 5.776247)
(17.537271, 0.694845, 5.774114), (17.685835, 0.624531, 5.772668), (17.683861, 0.629436, 5.61649)
(17.537271, 0.694845, 5.774114), (17.537909, 0.687669, 5.930808), (17.685835, 0.624531, 5.772668)
(17.833946, 0.550926, 5.928566), (17.832386, 0.537801, 6.084933), (17.981083, 0.494142, 5.929698)
(17.833946, 0.550926, 5.928566), (17.981083, 0.494142, 5.929698), (17.980967, 0.504564, 5.773973)
(17.686375, 0.616184, 5.929053), (17.68545, 0.604896, 6.085746), (17.833946, 0.550926, 5.928566)
(17.686375, 0.616184, 5.929053), (17.833946, 0.550926, 5.928566), (17.833599, 0.560427, 5.772529)
(17.981083, 0.494142, 5.929698), (17.978706, 0.478792, 6.085715), (18.127268, 0.438348, 5.931659)
(17.981083, 0.494142, 5.929698), (18.127268, 0.438348, 5.931659), (18.12739, 0.449789, 5.776247)
(17.537909, 0.687669, 5.930808), (17.537453, 0.677749, 6.087715), (17.686375, 0.616184, 5.929053)
(17.537909, 0.687669, 5.930808), (17.686375, 0.616184, 5.929053), (17.685835, 0.624531, 5.772668)
# 18.39678841664667, 0, 5.642251983313336
(18.10961, 0.448941, 5.311038), (18.11824, 0.454396, 5.465998), (18.25066, 0.38221, 5.314316)
(18.10961, 0.448941, 5.311038), (18.25066, 0.38221, 5.314316), (18.237728, 0.368832, 5.159702)
(18.25066, 0.38221, 5.314316), (18.260843, 0.389904, 5.468967), (18.388973, 0.303022, 5.317216)
(18.25066, 0.38221, 5.314316), (18.388973, 0.303022, 5.317216), (18.374134, 0.286651, 5.16289)
(18.388973, 0.303022, 5.317216), (18.400578, 0.312817, 5.471572), (18.525257, 0.211524, 5.319447)
(18.388973, 0.303022, 5.317216), (18.525257, 0.211524, 5.319447), (18.508976, 0.192911, 5.16537)
(18.525257, 0.211524, 5.319447), (18.538107, 0.223273, 5.473542), (18.661659, 0.112928, 5.32077)
(18.525257, 0.211524, 5.319447), (18.661659, 0.112928, 5.32077), (18.644444, 0.092646, 5.166862)
(18.661659, 0.112928, 5.32077), (18.675369, 0.125894, 5.474665), (18.800537, 0.013747, 5.320999)
(18.661659, 0.112928, 5.32077), (18.800537, 0.013747, 5.320999), (18.783207, -0.006598, 5.16716)
(18.11824, 0.454396, 5.465998), (18.260843, 0.389904, 5.468967), (18.25066, 0.38221, 5.314316)
(18.11824, 0.454396, 5.465998), (18.124317, 0.454944, 5.621046), (18.260843, 0.389904, 5.468967)
(18.260843, 0.389904, 5.468967), (18.400578, 0.312817, 5.471572), (18.388973, 0.303022, 5.317216)
(18.260843, 0.389904, 5.468967), (18.26812, 0.392154, 5.623693), (18.400578, 0.312817, 5.471572)
(18.400578, 0.312817, 5.471572), (18.538107, 0.223273, 5.473542), (18.525257, 0.211524, 5.319447)
(18.400578, 0.312817, 5.471572), (18.408894, 0.316364, 5.625981), (18.538107, 0.223273, 5.473542)
(18.538107, 0.223273, 5.473542), (18.675369, 0.125894, 5.474665), (18.661659, 0.112928, 5.32077)
(18.538107, 0.223273, 5.473542), (18.547323, 0.227842, 5.627666), (18.675369, 0.125894, 5.474665)
(18.675369, 0.125894, 5.474665), (18.814501, 0.027157, 5.474822), (18.800537, 0.013747, 5.320999)
(18.675369, 0.125894, 5.474665), (18.685249, 0.131296, 5.628586), (18.814501, 0.027157, 5.474822)
(18.124317, 0.454944, 5.621046), (18.26812, 0.392154, 5.623693), (18.260843, 0.389904, 5.468967)
(18.124317, 0.454944, 5.621046), (18.12739, 0.449789, 5.776247), (18.26812, 0.392154, 5.623693)
(18.26812, 0.392154, 5.623693), (18.271526, 0.386984, 5.778583), (18.408894, 0.316364, 5.625981)
(18.26812, 0.392154, 5.623693), (18.408894, 0.316364, 5.625981), (18.400578, 0.312817, 5.471572)
(18.408894, 0.316364, 5.625981), (18.547323, 0.227842, 5.627666), (18.538107, 0.223273, 5.473542)
(18.408894, 0.316364, 5.625981), (18.412846, 0.311611, 5.780567), (18.547323, 0.227842, 5.627666)
(18.547323, 0.227842, 5.627666), (18.551905, 0.223655, 5.781979), (18.685249, 0.131296, 5.628586)
(18.547323, 0.227842, 5.627666), (18.685249, 0.131296, 5.628586), (18.675369, 0.125894, 5.474665)
(18.685249, 0.131296, 5.628586), (18.82486, 0.033386, 5.628636), (18.814501, 0.027157, 5.474822)
(18.685249, 0.131296, 5.628586), (18.69055, 0.128047, 5.782663), (18.82486, 0.033386, 5.628636)
(18.12739, 0.449789, 5.776247), (18.271526, 0.386984, 5.778583), (18.26812, 0.392154, 5.623693)
(18.12739, 0.449789, 5.776247), (18.127268, 0.438348, 5.931659), (18.271526, 0.386984, 5.778583)
(18.271526, 0.386984, 5.778583), (18.412846, 0.311611, 5.780567), (18.408894, 0.316364, 5.625981)
(18.271526, 0.386984, 5.778583), (18.271492, 0.375218, 5.933669), (18.412846, 0.311611, 5.780567)
(18.412846, 0.311611, 5.780567), (18.551905, 0.223655, 5.781979), (18.547323, 0.227842, 5.627666)
(18.412846, 0.311611, 5.780567), (18.412956, 0.29941, 5.935342), (18.551905, 0.223655, 5.781979)
(18.551905, 0.223655, 5.781979), (18.69055, 0.128047, 5.782663), (18.685249, 0.131296, 5.628586)
(18.551905, 0.223655, 5.781979), (18.552382, 0.211484, 5.93646), (18.69055, 0.128047, 5.782663)
(18.69055, 0.128047, 5.782663), (18.830561, 0.030428, 5.782562), (18.82486, 0.033386, 5.628636)
(18.69055, 0.128047, 5.782663), (18.691448, 0.11588, 5.936882), (18.830561, 0.030428, 5.782562)
(18.127268, 0.438348, 5.931659), (18.124174, 0.420978, 6.087314), (18.271492, 0.375218, 5.933669)
(18.127268, 0.438348, 5.931659), (18.271492, 0.375218, 5.933669), (18.271526, 0.386984, 5.778583)
(18.271492, 0.375218, 5.933669), (18.267756, 0.356134, 6.089008), (18.412956, 0.29941, 5.935342)
(18.271492, 0.375218, 5.933669), (18.412956, 0.29941, 5.935342), (18.412846, 0.311611, 5.780567)
(18.412956, 0.29941, 5.935342), (18.408905, 0.279067, 6.090369), (18.552382, 0.211484, 5.93646)
(18.412956, 0.29941, 5.935342), (18.552382, 0.211484, 5.93646), (18.551905, 0.223655, 5.781979)
(18.552382, 0.211484, 5.93646), (18.548418, 0.190403, 6.091163), (18.691448, 0.11588, 5.936882)
(18.552382, 0.211484, 5.93646), (18.691448, 0.11588, 5.936882), (18.69055, 0.128047, 5.782663)
(18.691448, 0.11588, 5.936882), (18.688217, 0.096205, 6.09134), (18.832291, 0.019942, 5.93663)
(18.691448, 0.11588, 5.936882), (18.832291, 0.019942, 5.93663), (18.830561, 0.030428, 5.782562)
# 19.064558649980007, 0, 5.642251983313336
(19.243233, -0.236759, 5.316384), (19.254858, -0.226802, 5.47056), (19.399313, -0.296096, 5.314063)
(19.243233, -0.236759, 5.316384), (19.399313, -0.296096, 5.314063), (19.38777, -0.30795, 5.159455)
(19.091125, -0.164305, 5.318531), (19.103939, -0.152468, 5.47254), (19.243233, -0.236759, 5.316384)
(19.091125, -0.164305, 5.318531), (19.243233, -0.236759, 5.316384), (19.229689, -0.251573, 5.161996)
(18.943533, -0.07995, 5.320175), (18.957159, -0.066842, 5.474064), (19.091125, -0.164305, 5.318531)
(18.943533, -0.07995, 5.320175), (19.091125, -0.164305, 5.318531), (19.075829, -0.181603, 5.16439)
(18.800537, 0.013747, 5.320999), (18.814501, 0.027157, 5.474822), (18.943533, -0.07995, 5.320175)
(18.800537, 0.013747, 5.320999), (18.943533, -0.07995, 5.320175), (18.926893, -0.099185, 5.166244)
(19.254858, -0.226802, 5.47056), (19.409416, -0.288235, 5.468472), (19.399313, -0.296096, 5.314063)
(19.254858, -0.226802, 5.47056), (19.26405, -0.221646, 5.624664), (19.409416, -0.288235, 5.468472)
(19.103939, -0.152468, 5.47254), (19.254858, -0.226802, 5.47056), (19.243233, -0.236759, 5.316384)
(19.103939, -0.152468, 5.47254), (19.113972, -0.146566, 5.62644), (19.254858, -0.226802, 5.47056)
(18.957159, -0.066842, 5.474064), (19.103939, -0.152468, 5.47254), (19.091125, -0.164305, 5.318531)
(18.957159, -0.066842, 5.474064), (18.967567, -0.060609, 5.627856), (19.103939, -0.152468, 5.47254)
(18.814501, 0.027157, 5.474822), (18.957159, -0.066842, 5.474064), (18.943533, -0.07995, 5.320175)
(18.814501, 0.027157, 5.474822), (18.82486, 0.033386, 5.628636), (18.957159, -0.066842, 5.474064)
(19.26405, -0.221646, 5.624664), (19.417637, -0.283889, 5.6228), (19.409416, -0.288235, 5.468472)
(19.26405, -0.221646, 5.624664), (19.270327, -0.221995, 5.778756), (19.417637, -0.283889, 5.6228)
(19.113972, -0.146566, 5.62644), (19.120049, -0.148105, 5.78042), (19.26405, -0.221646, 5.624664)
(19.113972, -0.146566, 5.62644), (19.26405, -0.221646, 5.624664), (19.254858, -0.226802, 5.47056)
(18.967567, -0.060609, 5.627856), (19.113972, -0.146566, 5.62644), (19.103939, -0.152468, 5.47254)
(18.967567, -0.060609, 5.627856), (18.973476, -0.063088, 5.78176), (19.113972, -0.146566, 5.62644)
(18.82486, 0.033386, 5.628636), (18.830561, 0.030428, 5.782562), (18.967567, -0.060609, 5.627856)
(18.82486, 0.033386, 5.628636), (18.967567, -0.060609, 5.627856), (18.957159, -0.066842, 5.474064)
(19.270327, -0.221995, 5.778756), (19.423912, -0.283202, 5.777032), (19.417637, -0.283889, 5.6228)
(19.270327, -0.221995, 5.778756), (19.273819, -0.227729, 5.932675), (19.423912, -0.283202, 5.777032)
(19.120049, -0.148105, 5.78042), (19.270327, -0.221995, 5.778756), (19.26405, -0.221646, 5.624664)
(19.120049, -0.148105, 5.78042), (19.123289, -0.154965, 5.934327), (19.270327, -0.221995, 5.778756)
(18.973476, -0.063088, 5.78176), (19.120049, -0.148105, 5.78042), (19.113972, -0.146566, 5.62644)
(18.973476, -0.063088, 5.78176), (18.976099, -0.071456, 5.935735), (19.120049, -0.148105, 5.78042)
(18.830561, 0.030428, 5.782562), (18.973476, -0.063088, 5.78176), (18.967567, -0.060609, 5.627856)
(18.830561, 0.030428, 5.782562), (18.832291, 0.019942, 5.93663), (18.973476, -0.063088, 5.78176)
(19.273819, -0.227729, 5.932675), (19.274483, -0.238994, 6.086509), (19.427549, -0.287706, 5.931054)
(19.273819, -0.227729, 5.932675), (19.427549, -0.287706, 5.931054), (19.423912, -0.283202, 5.777032)
(19.123289, -0.154965, 5.934327), (19.122585, -0.169729, 6.088181), (19.273819, -0.227729, 5.932675)
(19.123289, -0.154965, 5.934327), (19.273819, -0.227729, 5.932675), (19.270327, -0.221995, 5.778756)
(18.976099, -0.071456, 5.935735), (18.974346, -0.088734, 6.0897), (19.123289, -0.154965, 5.934327)
(18.976099, -0.071456, 5.935735), (19.123289, -0.154965, 5.934327), (19.120049, -0.148105, 5.78042)
(18.832291, 0.019942, 5.93663), (18.829771, 0.00135, 6.090821), (18.976099, -0.071456, 5.935735)
(18.832291, 0.019942, 5.93663), (18.976099, -0.071456, 5.935735), (18.973476, -0.063088, 5.78176)
# 19.732328883313336, 0, 5.642251983313336
(19.721195, -0.372702, 5.31017), (19.727684, -0.36922, 5.46506), (19.886375, -0.390014, 5.308984)
(19.721195, -0.372702, 5.31017), (19.886375, -0.390014, 5.308984), (19.881973, -0.391928, 5.15368)
(19.558788, -0.341516, 5.311903), (19.567078, -0.33593, 5.466578), (19.721195, -0.372702, 5.31017)
(19.558788, -0.341516, 5.311903), (19.721195, -0.372702, 5.31017), (19.714767, -0.377157, 5.15506)
(19.399313, -0.296096, 5.314063), (19.409416, -0.288235, 5.468472), (19.558788, -0.341516, 5.311903)
(19.399313, -0.296096, 5.314063), (19.558788, -0.341516, 5.311903), (19.54969, -0.349732, 5.157058)
(19.727684, -0.36922, 5.46506), (19.890949, -0.388464, 5.464107), (19.886375, -0.390014, 5.308984)
(19.727684, -0.36922, 5.46506), (19.733974, -0.365884, 5.619843), (19.890949, -0.388464, 5.464107)
(19.567078, -0.33593, 5.466578), (19.727684, -0.36922, 5.46506), (19.721195, -0.372702, 5.31017)
(19.567078, -0.33593, 5.466578), (19.574463, -0.33199, 5.621118), (19.727684, -0.36922, 5.46506)
(19.409416, -0.288235, 5.468472), (19.567078, -0.33593, 5.466578), (19.558788, -0.341516, 5.311903)
(19.409416, -0.288235, 5.468472), (19.417637, -0.283889, 5.6228), (19.567078, -0.33593, 5.466578)
(19.733974, -0.365884, 5.619843), (19.739168, -0.364641, 5.774474), (19.89583, -0.386223, 5.619117)
(19.733974, -0.365884, 5.619843), (19.89583, -0.386223, 5.619117), (19.890949, -0.388464, 5.464107)
(19.574463, -0.33199, 5.621118), (19.733974, -0.365884, 5.619843), (19.727684, -0.36922, 5.46506)
(19.574463, -0.33199, 5.621118), (19.580202, -0.331065, 5.775546), (19.733974, -0.365884, 5.619843)
(19.417637, -0.283889, 5.6228), (19.423912, -0.283202, 5.777032), (19.574463, -0.33199, 5.621118)
(19.417637, -0.283889, 5.6228), (19.574463, -0.33199, 5.621118), (19.567078, -0.33593, 5.466578)
(19.739168, -0.364641, 5.774474), (19.900848, -0.383753, 5.773956), (19.89583, -0.386223, 5.619117)
(19.739168, -0.364641, 5.774474), (19.743946, -0.364402, 5.928784), (19.900848, -0.383753, 5.773956)
(19.580202, -0.331065, 5.775546), (19.739168, -0.364641, 5.774474), (19.733974, -0.365884, 5.619843)
(19.580202, -0.331065, 5.775546), (19.584448, -0.333274, 5.929687), (19.739168, -0.364641, 5.774474)
(19.423912, -0.283202, 5.777032), (19.580202, -0.331065, 5.775546), (19.574463, -0.33199, 5.621118)
(19.423912, -0.283202, 5.777032), (19.427549, -0.287706, 5.931054), (19.580202, -0.331065, 5.775546)
(19.743946, -0.364402, 5.928784), (19.747406, -0.366295, 6.082987), (19.905403, -0.382252, 5.928509)
(19.743946, -0.364402, 5.928784), (19.905403, -0.382252, 5.928509), (19.900848, -0.383753, 5.773956)
(19.584448, -0.333274, 5.929687), (19.587374, -0.337732, 6.083694), (19.743946, -0.364402, 5.928784)
(19.584448, -0.333274, 5.929687), (19.743946, -0.364402, 5.928784), (19.739168, -0.364641, 5.774474)
(19.427549, -0.287706, 5.931054), (19.429623, -0.295139, 6.084936), (19.584448, -0.333274, 5.929687)
(19.427549, -0.287706, 5.931054), (19.584448, -0.333274, 5.929687), (19.580202, -0.331065, 5.775546)
