# -19.66611488335333, 0, -0.36768011668666384
(-19.890303, -0.373432, -0.605472), (-19.736176, -0.339131, -0.599532), (-19.741655, -0.3498, -0.755878)
(-19.890303, -0.373432, -0.605472), (-19.884836, -0.368686, -0.450641), (-19.736176, -0.339131, -0.599532)
(-19.736176, -0.339131, -0.599532), (-19.731127, -0.328527, -0.444028), (-19.58708, -0.286501, -0.594159)
(-19.736176, -0.339131, -0.599532), (-19.58708, -0.286501, -0.594159), (-19.591875, -0.302419, -0.751143)
(-19.58708, -0.286501, -0.594159), (-19.442909, -0.214735, -0.5891), (-19.446863, -0.234586, -0.746541)
(-19.58708, -0.286501, -0.594159), (-19.582745, -0.270397, -0.438003), (-19.442909, -0.214735, -0.5891)
(-19.442909, -0.214735, -0.5891), (-19.439484, -0.194258, -0.432413), (-19.303082, -0.125848, -0.584319)
(-19.442909, -0.214735, -0.5891), (-19.303082, -0.125848, -0.584319), (-19.306089, -0.148513, -0.742056)
(-19.884836, -0.368686, -0.450641), (-19.731127, -0.328527, -0.444028), (-19.736176, -0.339131, -0.599532)
(-19.884836, -0.368686, -0.450641), (-19.879757, -0.365666, -0.296516), (-19.731127, -0.328527, -0.444028)
(-19.731127, -0.328527, -0.444028), (-19.582745, -0.270397, -0.438003), (-19.58708, -0.286501, -0.594159)
(-19.731127, -0.328527, -0.444028), (-19.726452, -0.319898, -0.289336), (-19.582745, -0.270397, -0.438003)
(-19.582745, -0.270397, -0.438003), (-19.439484, -0.194258, -0.432413), (-19.442909, -0.214735, -0.5891)
(-19.582745, -0.270397, -0.438003), (-19.578745, -0.256411, -0.282702), (-19.439484, -0.194258, -0.432413)
(-19.439484, -0.194258, -0.432413), (-19.300629, -0.102679, -0.427252), (-19.303082, -0.125848, -0.584319)
(-19.439484, -0.194258, -0.432413), (-19.436325, -0.175986, -0.276578), (-19.300629, -0.102679, -0.427252)
(-19.879757, -0.365666, -0.296516), (-19.875677, -0.362487, -0.142923), (-19.726452, -0.319898, -0.289336)
(-19.879757, -0.365666, -0.296516), (-19.726452, -0.319898, -0.289336), (-19.731127, -0.328527, -0.444028)
(-19.726452, -0.319898, -0.289336), (-19.722668, -0.312293, -0.135379), (-19.578745, -0.256411, -0.282702)
(-19.726452, -0.319898, -0.289336), (-19.578745, -0.256411, -0.282702), (-19.582745, -0.270397, -0.438003)
(-19.578745, -0.256411, -0.282702), (-19.575518, -0.24448, -0.128287), (-19.436325, -0.175986, -0.276578)
(-19.578745, -0.256411, -0.282702), (-19.436325, -0.175986, -0.276578), (-19.439484, -0.194258, -0.432413)
(-19.436325, -0.175986, -0.276578), (-19.4338, -0.160983, -0.121762), (-19.298378, -0.081808, -0.271043)
(-19.436325, -0.175986, -0.276578), (-19.298378, -0.081808, -0.271043), (-19.300629, -0.102679, -0.427252)
(-19.875677, -0.362487, -0.142923), (-19.722668, -0.312293, -0.135379), (-19.726452, -0.319898, -0.289336)
(-19.875677, -0.362487, -0.142923), (-19.872252, -0.360759, 0.010428), (-19.722668, -0.312293, -0.135379)
(-19.722668, -0.312293, -0.135379), (-19.575518, -0.24448, -0.128287), (-19.578745, -0.256411, -0.282702)
(-19.722668, -0.312293, -0.135379), (-19.719427, -0.307719, 0.018125), (-19.575518, -0.24448, -0.128287)
(-19.575518, -0.24448, -0.128287), (-19.4338, -0.160983, -0.121762), (-19.436325, -0.175986, -0.276578)
(-19.575518, -0.24448, -0.128287), (-19.572695, -0.236769, 0.025525), (-19.4338, -0.160983, -0.121762)
(-19.4338, -0.160983, -0.121762), (-19.296623, -0.064647, -0.115786), (-19.298378, -0.081808, -0.271043)
(-19.4338, -0.160983, -0.121762), (-19.431589, -0.150275, 0.032469), (-19.296623, -0.064647, -0.115786)
# -18.99834465002, 0, -0.36768011668666384
(-19.303082, -0.125848, -0.584319), (-19.166607, -0.024595, -0.579953), (-19.168661, -0.04829, -0.737816)
(-19.303082, -0.125848, -0.584319), (-19.300629, -0.102679, -0.427252), (-19.166607, -0.024595, -0.579953)
(-19.166607, -0.024595, -0.579953), (-19.165035, -0.000859, -0.422712), (-19.032213, 0.083558, -0.576078)
(-19.166607, -0.024595, -0.579953), (-19.032213, 0.083558, -0.576078), (-19.033316, 0.060187, -0.733962)
(-19.032213, 0.083558, -0.576078), (-18.898413, 0.192807, -0.572702), (-18.898605, 0.17092, -0.730542)
(-19.032213, 0.083558, -0.576078), (-19.03137, 0.106388, -0.41875), (-18.898413, 0.192807, -0.572702)
(-18.898413, 0.192807, -0.572702), (-18.898216, 0.213728, -0.415362), (-18.763426, 0.297275, -0.569712)
(-18.898413, 0.192807, -0.572702), (-18.763426, 0.297275, -0.569712), (-18.762991, 0.277711, -0.72743)
(-18.763426, 0.297275, -0.569712), (-18.625301, 0.390661, -0.566717), (-18.624435, 0.373775, -0.724317)
(-18.763426, 0.297275, -0.569712), (-18.763783, 0.315358, -0.412374), (-18.625301, 0.390661, -0.566717)
(-19.300629, -0.102679, -0.427252), (-19.165035, -0.000859, -0.422712), (-19.166607, -0.024595, -0.579953)
(-19.300629, -0.102679, -0.427252), (-19.298378, -0.081808, -0.271043), (-19.165035, -0.000859, -0.422712)
(-19.165035, -0.000859, -0.422712), (-19.03137, 0.106388, -0.41875), (-19.032213, 0.083558, -0.576078)
(-19.165035, -0.000859, -0.422712), (-19.163692, 0.021171, -0.266198), (-19.03137, 0.106388, -0.41875)
(-19.03137, 0.106388, -0.41875), (-18.898216, 0.213728, -0.415362), (-18.898413, 0.192807, -0.572702)
(-19.03137, 0.106388, -0.41875), (-19.030846, 0.127903, -0.26203), (-18.898216, 0.213728, -0.415362)
(-18.898216, 0.213728, -0.415362), (-18.763783, 0.315358, -0.412374), (-18.763426, 0.297275, -0.569712)
(-18.898216, 0.213728, -0.415362), (-18.89819, 0.232679, -0.258529), (-18.763783, 0.315358, -0.412374)
(-18.763783, 0.315358, -0.412374), (-18.625906, 0.405458, -0.409421), (-18.625301, 0.390661, -0.566717)
(-18.763783, 0.315358, -0.412374), (-18.763969, 0.330776, -0.255498), (-18.625906, 0.405458, -0.409421)
(-19.298378, -0.081808, -0.271043), (-19.296623, -0.064647, -0.115786), (-19.163692, 0.021171, -0.266198)
(-19.298378, -0.081808, -0.271043), (-19.163692, 0.021171, -0.266198), (-19.165035, -0.000859, -0.422712)
(-19.163692, 0.021171, -0.266198), (-19.162556, 0.038678, -0.110559), (-19.030846, 0.127903, -0.26203)
(-19.163692, 0.021171, -0.266198), (-19.030846, 0.127903, -0.26203), (-19.03137, 0.106388, -0.41875)
(-19.030846, 0.127903, -0.26203), (-19.030201, 0.144362, -0.106101), (-18.89819, 0.232679, -0.258529)
(-19.030846, 0.127903, -0.26203), (-18.89819, 0.232679, -0.258529), (-18.898216, 0.213728, -0.415362)
(-18.89819, 0.232679, -0.258529), (-18.897997, 0.247327, -0.10239), (-18.763969, 0.330776, -0.255498)
(-18.89819, 0.232679, -0.258529), (-18.763969, 0.330776, -0.255498), (-18.763783, 0.315358, -0.412374)
(-18.763969, 0.330776, -0.255498), (-18.763981, 0.342574, -0.099125), (-18.626207, 0.417405, -0.25248)
(-18.763969, 0.330776, -0.255498), (-18.626207, 0.417405, -0.25248), (-18.625906, 0.405458, -0.409421)
(-19.296623, -0.064647, -0.115786), (-19.162556, 0.038678, -0.110559), (-19.163692, 0.021171, -0.266198)
(-19.296623, -0.064647, -0.115786), (-19.294996, -0.053121, 0.038702), (-19.162556, 0.038678, -0.110559)
(-19.162556, 0.038678, -0.110559), (-19.030201, 0.144362, -0.106101), (-19.030846, 0.127903, -0.26203)
(-19.162556, 0.038678, -0.110559), (-19.161627, 0.051121, 0.044287), (-19.030201, 0.144362, -0.106101)
(-19.030201, 0.144362, -0.106101), (-18.897997, 0.247327, -0.10239), (-18.89819, 0.232679, -0.258529)
(-19.030201, 0.144362, -0.106101), (-19.029831, 0.156852, 0.049149), (-18.897997, 0.247327, -0.10239)
(-18.897997, 0.247327, -0.10239), (-18.763981, 0.342574, -0.099125), (-18.763969, 0.330776, -0.255498)
(-18.897997, 0.247327, -0.10239), (-18.897764, 0.257798, 0.053241), (-18.763981, 0.342574, -0.099125)
(-18.763981, 0.342574, -0.099125), (-18.626051, 0.425265, -0.09594), (-18.626207, 0.417405, -0.25248)
(-18.763981, 0.342574, -0.099125), (-18.76366, 0.349626, 0.056782), (-18.626051, 0.425265, -0.09594)
# -18.330574416686666, 0, -0.36768011668666384
(-18.625301, 0.390661, -0.566717), (-18.625906, 0.405458, -0.409421), (-18.482656, 0.469044, -0.563357)
(-18.625301, 0.390661, -0.566717), (-18.482656, 0.469044, -0.563357), (-18.48155, 0.454629, -0.720828)
(-18.482656, 0.469044, -0.563357), (-18.335554, 0.533023, -0.559484), (-18.334291, 0.520602, -0.716778)
(-18.482656, 0.469044, -0.563357), (-18.483351, 0.480891, -0.406118), (-18.335554, 0.533023, -0.559484)
(-18.335554, 0.533023, -0.559484), (-18.336264, 0.542422, -0.402357), (-18.185081, 0.586405, -0.555136)
(-18.335554, 0.533023, -0.559484), (-18.185081, 0.586405, -0.555136), (-18.183901, 0.576332, -0.712229)
(-18.185081, 0.586405, -0.555136), (-18.032536, 0.633626, -0.550411), (-18.031389, 0.625484, -0.707279)
(-18.185081, 0.586405, -0.555136), (-18.185839, 0.593985, -0.398174), (-18.032536, 0.633626, -0.550411)
(-18.032536, 0.633626, -0.550411), (-18.033169, 0.639106, -0.393624), (-17.878771, 0.677553, -0.545375)
(-18.032536, 0.633626, -0.550411), (-17.878771, 0.677553, -0.545375), (-17.87771, 0.671341, -0.702033)
(-18.625906, 0.405458, -0.409421), (-18.483351, 0.480891, -0.406118), (-18.482656, 0.469044, -0.563357)
(-18.625906, 0.405458, -0.409421), (-18.626207, 0.417405, -0.25248), (-18.483351, 0.480891, -0.406118)
(-18.483351, 0.480891, -0.406118), (-18.336264, 0.542422, -0.402357), (-18.335554, 0.533023, -0.559484)
(-18.483351, 0.480891, -0.406118), (-18.483616, 0.489603, -0.24916), (-18.336264, 0.542422, -0.402357)
(-18.336264, 0.542422, -0.402357), (-18.185839, 0.593985, -0.398174), (-18.185081, 0.586405, -0.555136)
(-18.336264, 0.542422, -0.402357), (-18.336432, 0.548449, -0.245452), (-18.185839, 0.593985, -0.398174)
(-18.185839, 0.593985, -0.398174), (-18.033169, 0.639106, -0.393624), (-18.032536, 0.633626, -0.550411)
(-18.185839, 0.593985, -0.398174), (-18.185867, 0.597711, -0.241374), (-18.033169, 0.639106, -0.393624)
(-18.033169, 0.639106, -0.393624), (-17.87937, 0.68146, -0.388768), (-17.878771, 0.677553, -0.545375)
(-18.033169, 0.639106, -0.393624), (-18.033258, 0.641557, -0.236965), (-17.87937, 0.68146, -0.388768)
(-18.626207, 0.417405, -0.25248), (-18.626051, 0.425265, -0.09594), (-18.483616, 0.489603, -0.24916)
(-18.626207, 0.417405, -0.25248), (-18.483616, 0.489603, -0.24916), (-18.483351, 0.480891, -0.406118)
(-18.483616, 0.489603, -0.24916), (-18.483238, 0.494008, -0.092529), (-18.336432, 0.548449, -0.245452)
(-18.483616, 0.489603, -0.24916), (-18.336432, 0.548449, -0.245452), (-18.336264, 0.542422, -0.402357)
(-18.336432, 0.548449, -0.245452), (-18.335817, 0.549987, -0.088814), (-18.185867, 0.597711, -0.241374)
(-18.336432, 0.548449, -0.245452), (-18.185867, 0.597711, -0.241374), (-18.185839, 0.593985, -0.398174)
(-18.185867, 0.597711, -0.241374), (-18.185297, 0.597818, -0.084793), (-18.033258, 0.641557, -0.236965)
(-18.185867, 0.597711, -0.241374), (-18.033258, 0.641557, -0.236965), (-18.033169, 0.639106, -0.393624)
(-18.033258, 0.641557, -0.236965), (-18.03277, 0.640708, -0.080472), (-17.879484, 0.682741, -0.23225)
(-18.033258, 0.641557, -0.236965), (-17.879484, 0.682741, -0.23225), (-17.87937, 0.68146, -0.388768)
(-18.626051, 0.425265, -0.09594), (-18.483238, 0.494008, -0.092529), (-18.483616, 0.489603, -0.24916)
(-18.626051, 0.425265, -0.09594), (-18.625595, 0.429165, 0.060194), (-18.483238, 0.494008, -0.092529)
(-18.483238, 0.494008, -0.092529), (-18.335817, 0.549987, -0.088814), (-18.336432, 0.548449, -0.245452)
(-18.483238, 0.494008, -0.092529), (-18.482513, 0.494796, 0.063745), (-18.335817, 0.549987, -0.088814)
(-18.335817, 0.549987, -0.088814), (-18.185297, 0.597818, -0.084793), (-18.185867, 0.597711, -0.241374)
(-18.335817, 0.549987, -0.088814), (-18.335007, 0.548816, 0.067514), (-18.185297, 0.597818, -0.084793)
(-18.185297, 0.597818, -0.084793), (-18.03277, 0.640708, -0.080472), (-18.033258, 0.641557, -0.236965)
(-18.185297, 0.597818, -0.084793), (-18.184353, 0.594952, 0.071526), (-18.03277, 0.640708, -0.080472)
(-18.03277, 0.640708, -0.080472), (-17.879053, 0.681082, -0.075848), (-17.879484, 0.682741, -0.23225)
(-18.03277, 0.640708, -0.080472), (-18.031868, 0.637052, 0.075808), (-17.879053, 0.681082, -0.075848)
# -17.662804183353337, 0, -0.36768011668666384
(-17.723217, 0.715039, -0.696503), (-17.568281, 0.757807, -0.690728), (-17.567059, 0.753651, -0.846992)
(-17.723217, 0.715039, -0.696503), (-17.724232, 0.719632, -0.540051), (-17.568281, 0.757807, -0.690728)
(-17.568281, 0.757807, -0.690728), (-17.413128, 0.800268, -0.684731), (-17.411964, 0.797644, -0.840814)
(-17.568281, 0.757807, -0.690728), (-17.569227, 0.760847, -0.534448), (-17.413128, 0.800268, -0.684731)
(-17.413128, 0.800268, -0.684731), (-17.257895, 0.842808, -0.678531), (-17.256802, 0.841532, -0.834467)
(-17.413128, 0.800268, -0.684731), (-17.414026, 0.802014, -0.528599), (-17.257895, 0.842808, -0.678531)
(-17.878771, 0.677553, -0.545375), (-17.724232, 0.719632, -0.540051), (-17.723217, 0.715039, -0.696503)
(-17.878771, 0.677553, -0.545375), (-17.87937, 0.68146, -0.388768), (-17.724232, 0.719632, -0.540051)
(-17.724232, 0.719632, -0.540051), (-17.724821, 0.722214, -0.383614), (-17.569227, 0.760847, -0.534448)
(-17.724232, 0.719632, -0.540051), (-17.569227, 0.760847, -0.534448), (-17.568281, 0.757807, -0.690728)
(-17.569227, 0.760847, -0.534448), (-17.414026, 0.802014, -0.528599), (-17.413128, 0.800268, -0.684731)
(-17.569227, 0.760847, -0.534448), (-17.56983, 0.762358, -0.378171), (-17.414026, 0.802014, -0.528599)
(-17.414026, 0.802014, -0.528599), (-17.41461, 0.802522, -0.372435), (-17.258764, 0.843494, -0.522525)
(-17.414026, 0.802014, -0.528599), (-17.258764, 0.843494, -0.522525), (-17.257895, 0.842808, -0.678531)
(-17.87937, 0.68146, -0.388768), (-17.724821, 0.722214, -0.383614), (-17.724232, 0.719632, -0.540051)
(-17.87937, 0.68146, -0.388768), (-17.879484, 0.682741, -0.23225), (-17.724821, 0.722214, -0.383614)
(-17.724821, 0.722214, -0.383614), (-17.56983, 0.762358, -0.378171), (-17.569227, 0.760847, -0.534448)
(-17.724821, 0.722214, -0.383614), (-17.724957, 0.722517, -0.227226), (-17.56983, 0.762358, -0.378171)
(-17.56983, 0.762358, -0.378171), (-17.41461, 0.802522, -0.372435), (-17.414026, 0.802014, -0.528599)
(-17.56983, 0.762358, -0.378171), (-17.570002, 0.761875, -0.22189), (-17.41461, 0.802522, -0.372435)
(-17.41461, 0.802522, -0.372435), (-17.259371, 0.843283, -0.366465), (-17.258764, 0.843494, -0.522525)
(-17.41461, 0.802522, -0.372435), (-17.414871, 0.801583, -0.216261), (-17.259371, 0.843283, -0.366465)
(-17.879484, 0.682741, -0.23225), (-17.879053, 0.681082, -0.075848), (-17.724957, 0.722517, -0.227226)
(-17.879484, 0.682741, -0.23225), (-17.724957, 0.722517, -0.227226), (-17.724821, 0.722214, -0.383614)
(-17.724957, 0.722517, -0.227226), (-17.724607, 0.720323, -0.070905), (-17.570002, 0.761875, -0.22189)
(-17.724957, 0.722517, -0.227226), (-17.570002, 0.761875, -0.22189), (-17.56983, 0.762358, -0.378171)
(-17.570002, 0.761875, -0.22189), (-17.569803, 0.759519, -0.06565), (-17.414871, 0.801583, -0.216261)
(-17.570002, 0.761875, -0.22189), (-17.414871, 0.801583, -0.216261), (-17.41461, 0.802522, -0.372435)
(-17.414871, 0.801583, -0.216261), (-17.41481, 0.799164, -0.060089), (-17.259705, 0.841995, -0.210369)
(-17.414871, 0.801583, -0.216261), (-17.259705, 0.841995, -0.210369), (-17.259371, 0.843283, -0.366465)
(-17.879053, 0.681082, -0.075848), (-17.724607, 0.720323, -0.070905), (-17.724957, 0.722517, -0.227226)
(-17.879053, 0.681082, -0.075848), (-17.878292, 0.677147, 0.080383), (-17.724607, 0.720323, -0.070905)
(-17.724607, 0.720323, -0.070905), (-17.569803, 0.759519, -0.06565), (-17.570002, 0.761875, -0.22189)
(-17.724607, 0.720323, -0.070905), (-17.724014, 0.716365, 0.085272), (-17.569803, 0.759519, -0.06565)
(-17.569803, 0.759519, -0.06565), (-17.41481, 0.799164, -0.060089), (-17.414871, 0.801583, -0.216261)
(-17.569803, 0.759519, -0.06565), (-17.56934, 0.755574, 0.090493), (-17.41481, 0.799164, -0.060089)
(-17.41481, 0.799164, -0.060089), (-17.259766, 0.839571, -0.05424), (-17.259705, 0.841995, -0.210369)
(-17.41481, 0.799164, -0.060089), (-17.414505, 0.795421, 0.096026), (-17.259766, 0.839571, -0.05424)
# -16.99503395002, 0, -0.36768011668666384
(-16.964487, 1.614252, -0.687963), (-16.90122, 1.614252, -0.675758), (-16.945333, 1.625171, -0.787475)
(-16.964487, 1.614252, -0.687963), (-16.945333, 1.625171, -0.787475), (-16.871365, 0.864849, -0.858629)
(-17.257895, 0.842808, -0.678531), (-17.102663, 0.885637, -0.672108), (-17.101627, 0.88549, -0.827926)
(-17.257895, 0.842808, -0.678531), (-17.258764, 0.843494, -0.522525), (-17.102663, 0.885637, -0.672108)
(-16.90122, 1.614252, -0.675758), (-16.87781, 1.604769, -0.672303), (-16.882153, 1.625172, -0.774844)
(-16.90122, 1.614252, -0.675758), (-16.882153, 1.625172, -0.774844), (-16.945333, 1.625171, -0.787475)
(-16.87781, 1.604769, -0.672303), (-16.727062, 1.604772, -0.643222), (-16.858763, 1.61569, -0.77124)
(-16.87781, 1.604769, -0.672303), (-16.858763, 1.61569, -0.77124), (-16.882153, 1.625172, -0.774844)
(-17.102663, 0.885637, -0.672108), (-16.94751, 0.928907, -0.665483), (-16.946514, 0.929714, -0.821177)
(-17.102663, 0.885637, -0.672108), (-17.103521, 0.885463, -0.516222), (-16.94751, 0.928907, -0.665483)
(-16.94751, 0.928907, -0.665483), (-16.792479, 0.972682, -0.658652), (-16.791523, 0.974272, -0.814239)
(-16.94751, 0.928907, -0.665483), (-16.948355, 0.928056, -0.509683), (-16.792479, 0.972682, -0.658652)
(-16.910883, 0.842852, -0.659163), (-16.983622, 1.603334, -0.588451), (-16.89113, 0.853849, -0.7589)
(-16.792479, 0.972682, -0.658652), (-16.637604, 1.016876, -0.651666), (-16.636681, 1.019073, -0.807159)
(-16.792479, 0.972682, -0.658652), (-16.79332, 0.971304, -0.502937), (-16.637604, 1.016876, -0.651666)
(-16.727062, 1.604772, -0.643222), (-16.70348, 1.614255, -0.637611), (-16.708214, 1.615692, -0.741146)
(-16.727062, 1.604772, -0.643222), (-16.708214, 1.615692, -0.741146), (-16.858763, 1.61569, -0.77124)
(-16.70348, 1.614255, -0.637611), (-16.684673, 1.625174, -0.735369), (-16.708214, 1.615692, -0.741146)
(-16.70348, 1.614255, -0.637611), (-16.722286, 1.603336, -0.539855), (-16.673128, 1.603337, -0.530714)
(-16.983622, 1.603334, -0.588451), (-16.920275, 1.603334, -0.576672), (-16.964487, 1.614252, -0.687963)
(-16.983622, 1.603334, -0.588451), (-16.964487, 1.614252, -0.687963), (-16.89113, 0.853849, -0.7589)
(-16.920275, 1.603334, -0.576672), (-16.896845, 1.59385, -0.573365), (-16.90122, 1.614252, -0.675758)
(-16.920275, 1.603334, -0.576672), (-16.90122, 1.614252, -0.675758), (-16.964487, 1.614252, -0.687963)
(-16.896845, 1.59385, -0.573365), (-16.745903, 1.593852, -0.545298), (-16.87781, 1.604769, -0.672303)
(-16.896845, 1.59385, -0.573365), (-16.87781, 1.604769, -0.672303), (-16.90122, 1.614252, -0.675758)
(-16.93049, 0.831876, -0.559402), (-17.002615, 1.592438, -0.48892), (-16.910883, 0.842852, -0.659163)
(-16.745903, 1.593852, -0.545298), (-16.722286, 1.603336, -0.539855), (-16.727062, 1.604772, -0.643222)
(-16.745903, 1.593852, -0.545298), (-16.727062, 1.604772, -0.643222), (-16.87781, 1.604769, -0.672303)
(-16.722286, 1.603336, -0.539855), (-16.70348, 1.614255, -0.637611), (-16.727062, 1.604772, -0.643222)
(-16.722286, 1.603336, -0.539855), (-16.740959, 1.592438, -0.442083), (-16.69174, 1.592438, -0.433273)
(-16.673128, 1.603337, -0.530714), (-16.722286, 1.603336, -0.539855), (-16.69174, 1.592438, -0.433273)
(-17.258764, 0.843494, -0.522525), (-17.103521, 0.885463, -0.516222), (-17.102663, 0.885637, -0.672108)
(-17.258764, 0.843494, -0.522525), (-17.259371, 0.843283, -0.366465), (-17.103521, 0.885463, -0.516222)
(-17.103521, 0.885463, -0.516222), (-17.10416, 0.884713, -0.36025), (-16.948355, 0.928056, -0.509683)
(-17.103521, 0.885463, -0.516222), (-16.948355, 0.928056, -0.509683), (-16.94751, 0.928907, -0.665483)
(-16.948355, 0.928056, -0.509683), (-16.79332, 0.971304, -0.502937), (-16.792479, 0.972682, -0.658652)
(-16.948355, 0.928056, -0.509683), (-16.949028, 0.926904, -0.353791), (-16.79332, 0.971304, -0.502937)
(-16.79332, 0.971304, -0.502937), (-16.794024, 0.969914, -0.347087), (-16.638443, 1.015135, -0.496016)
(-16.79332, 0.971304, -0.502937), (-16.638443, 1.015135, -0.496016), (-16.637604, 1.016876, -0.651666)
(-17.002615, 1.592438, -0.48892), (-16.939192, 1.592438, -0.477567), (-16.983622, 1.603334, -0.588451)
(-17.002615, 1.592438, -0.48892), (-16.983622, 1.603334, -0.588451), (-16.910883, 0.842852, -0.659163)
(-16.939192, 1.592438, -0.477567), (-16.915739, 1.582952, -0.474409), (-16.920275, 1.603334, -0.576672)
(-16.939192, 1.592438, -0.477567), (-16.920275, 1.603334, -0.576672), (-16.983622, 1.603334, -0.588451)
(-16.915739, 1.582952, -0.474409), (-16.764616, 1.582952, -0.447358), (-16.896845, 1.59385, -0.573365)
(-16.915739, 1.582952, -0.474409), (-16.896845, 1.59385, -0.573365), (-16.920275, 1.603334, -0.576672)
(-16.947466, 0.821282, -0.45905), (-17.018984, 1.581927, -0.388849), (-16.93049, 0.831876, -0.559402)
(-16.764616, 1.582952, -0.447358), (-16.740959, 1.592438, -0.442083), (-16.745903, 1.593852, -0.545298)
(-16.764616, 1.582952, -0.447358), (-16.745903, 1.593852, -0.545298), (-16.896845, 1.59385, -0.573365)
(-16.740959, 1.592438, -0.442083), (-16.722286, 1.603336, -0.539855), (-16.745903, 1.593852, -0.545298)
(-16.740959, 1.592438, -0.442083), (-16.757015, 1.58193, -0.3438), (-16.707735, 1.581931, -0.335326)
(-16.69174, 1.592438, -0.433273), (-16.740959, 1.592438, -0.442083), (-16.707735, 1.581931, -0.335326)
(-17.018984, 1.581927, -0.388849), (-16.955484, 1.581928, -0.37793), (-17.002615, 1.592438, -0.48892)
(-17.018984, 1.581927, -0.388849), (-17.002615, 1.592438, -0.48892), (-16.93049, 0.831876, -0.559402)
(-16.955484, 1.581928, -0.37793), (-16.932013, 1.572442, -0.374922), (-16.939192, 1.592438, -0.477567)
(-16.955484, 1.581928, -0.37793), (-16.939192, 1.592438, -0.477567), (-17.002615, 1.592438, -0.48892)
(-16.932013, 1.572442, -0.374922), (-16.780704, 1.572443, -0.348903), (-16.915739, 1.582952, -0.474409)
(-16.932013, 1.572442, -0.374922), (-16.915739, 1.582952, -0.474409), (-16.939192, 1.592438, -0.477567)
(-17.259371, 0.843283, -0.366465), (-17.10416, 0.884713, -0.36025), (-17.103521, 0.885463, -0.516222)
(-17.259371, 0.843283, -0.366465), (-17.259705, 0.841995, -0.210369), (-17.10416, 0.884713, -0.36025)
(-17.10416, 0.884713, -0.36025), (-16.949028, 0.926904, -0.353791), (-16.948355, 0.928056, -0.509683)
(-17.10416, 0.884713, -0.36025), (-17.104565, 0.883206, -0.204209), (-16.949028, 0.926904, -0.353791)
(-16.96443, 0.810691, -0.358698), (-17.035341, 1.571419, -0.288781), (-16.947466, 0.821282, -0.45905)
(-16.949028, 0.926904, -0.353791), (-16.794024, 0.969914, -0.347087), (-16.79332, 0.971304, -0.502937)
(-16.949028, 0.926904, -0.353791), (-16.949505, 0.925304, -0.197785), (-16.794024, 0.969914, -0.347087)
(-16.780704, 1.572443, -0.348903), (-16.757015, 1.58193, -0.3438), (-16.764616, 1.582952, -0.447358)
(-16.780704, 1.572443, -0.348903), (-16.764616, 1.582952, -0.447358), (-16.915739, 1.582952, -0.474409)
(-16.794024, 0.969914, -0.347087), (-16.639183, 1.01361, -0.34021), (-16.638443, 1.015135, -0.496016)
(-16.794024, 0.969914, -0.347087), (-16.794575, 0.968293, -0.191127), (-16.639183, 1.01361, -0.34021)
(-16.757015, 1.58193, -0.3438), (-16.740959, 1.592438, -0.442083), (-16.764616, 1.582952, -0.447358)
(-16.757015, 1.58193, -0.3438), (-16.773069, 1.571423, -0.245521), (-16.723736, 1.571424, -0.237384)
(-16.707735, 1.581931, -0.335326), (-16.757015, 1.58193, -0.3438), (-16.723736, 1.571424, -0.237384)
(-17.035341, 1.571419, -0.288781), (-16.971769, 1.57142, -0.278295), (-17.018984, 1.581927, -0.388849)
(-17.035341, 1.571419, -0.288781), (-17.018984, 1.581927, -0.388849), (-16.947466, 0.821282, -0.45905)
(-16.971769, 1.57142, -0.278295), (-16.948278, 1.561933, -0.275438), (-16.955484, 1.581928, -0.37793)
(-16.971769, 1.57142, -0.278295), (-16.955484, 1.581928, -0.37793), (-17.018984, 1.581927, -0.388849)
(-16.948278, 1.561933, -0.275438), (-16.796797, 1.561935, -0.250453), (-16.932013, 1.572442, -0.374922)
(-16.948278, 1.561933, -0.275438), (-16.932013, 1.572442, -0.374922), (-16.955484, 1.581928, -0.37793)
(-16.981371, 0.800102, -0.258334), (-17.051683, 1.560912, -0.188706), (-16.96443, 0.810691, -0.358698)
(-16.796797, 1.561935, -0.250453), (-16.773069, 1.571423, -0.245521), (-16.780704, 1.572443, -0.348903)
(-16.796797, 1.561935, -0.250453), (-16.780704, 1.572443, -0.348903), (-16.932013, 1.572442, -0.374922)
(-16.773069, 1.571423, -0.245521), (-16.757015, 1.58193, -0.3438), (-16.780704, 1.572443, -0.348903)
(-16.773069, 1.571423, -0.245521), (-16.789122, 1.560915, -0.147238), (-16.739733, 1.560916, -0.139438)
(-16.723736, 1.571424, -0.237384), (-16.773069, 1.571423, -0.245521), (-16.739733, 1.560916, -0.139438)
(-16.674404, 1.571424, -0.229246), (-16.658459, 1.581931, -0.326852), (-16.723736, 1.571424, -0.237384)
(-16.674404, 1.571424, -0.229246), (-16.650343, 1.561937, -0.226296), (-16.634418, 1.572445, -0.323748)
(-16.674404, 1.571424, -0.229246), (-16.723736, 1.571424, -0.237384), (-16.739733, 1.560916, -0.139438)
(-16.674404, 1.571424, -0.229246), (-16.690346, 1.560917, -0.131638), (-16.650343, 1.561937, -0.226296)
(-17.259705, 0.841995, -0.210369), (-17.259766, 0.839571, -0.05424), (-17.104565, 0.883206, -0.204209)
(-17.259705, 0.841995, -0.210369), (-17.104565, 0.883206, -0.204209), (-17.10416, 0.884713, -0.36025)
(-17.104565, 0.883206, -0.204209), (-17.104742, 0.880876, -0.048104), (-16.949505, 0.925304, -0.197785)
(-17.104565, 0.883206, -0.204209), (-16.949505, 0.925304, -0.197785), (-16.949028, 0.926904, -0.353791)
(-16.949505, 0.925304, -0.197785), (-16.949804, 0.923129, -0.041714), (-16.794575, 0.968293, -0.191127)
(-16.949505, 0.925304, -0.197785), (-16.794575, 0.968293, -0.191127), (-16.794024, 0.969914, -0.347087)
(-16.794575, 0.968293, -0.191127), (-16.794975, 0.966298, -0.035081), (-16.639799, 1.012047, -0.184278)
(-16.794575, 0.968293, -0.191127), (-16.639799, 1.012047, -0.184278), (-16.639183, 1.01361, -0.34021)
(-17.051683, 1.560912, -0.188706), (-16.988039, 1.560913, -0.178655), (-17.035341, 1.571419, -0.288781)
(-17.051683, 1.560912, -0.188706), (-17.035341, 1.571419, -0.288781), (-16.96443, 0.810691, -0.358698)
(-16.988039, 1.560913, -0.178655), (-16.964533, 1.551425, -0.175949), (-16.971769, 1.57142, -0.278295)
(-16.988039, 1.560913, -0.178655), (-16.971769, 1.57142, -0.278295), (-17.035341, 1.571419, -0.288781)
(-16.964533, 1.551425, -0.175949), (-16.812885, 1.551427, -0.151999), (-16.948278, 1.561933, -0.275438)
(-16.964533, 1.551425, -0.175949), (-16.948278, 1.561933, -0.275438), (-16.971769, 1.57142, -0.278295)
(-16.998301, 0.789515, -0.157967), (-17.06801, 1.550408, -0.088632), (-16.981371, 0.800102, -0.258334)
(-16.812885, 1.551427, -0.151999), (-16.789122, 1.560915, -0.147238), (-16.796797, 1.561935, -0.250453)
(-16.812885, 1.551427, -0.151999), (-16.796797, 1.561935, -0.250453), (-16.948278, 1.561933, -0.275438)
(-16.789122, 1.560915, -0.147238), (-16.773069, 1.571423, -0.245521), (-16.796797, 1.561935, -0.250453)
(-16.789122, 1.560915, -0.147238), (-16.805172, 1.550408, -0.048957), (-16.755733, 1.550408, -0.041494)
(-16.739733, 1.560916, -0.139438), (-16.789122, 1.560915, -0.147238), (-16.755733, 1.550408, -0.041494)
(-16.690346, 1.560917, -0.131638), (-16.674404, 1.571424, -0.229246), (-16.739733, 1.560916, -0.139438)
(-16.690346, 1.560917, -0.131638), (-16.666271, 1.551428, -0.128842), (-16.650343, 1.561937, -0.226296)
(-16.690346, 1.560917, -0.131638), (-16.739733, 1.560916, -0.139438), (-16.755733, 1.550408, -0.041494)
(-16.690346, 1.560917, -0.131638), (-16.706291, 1.550408, -0.034032), (-16.666271, 1.551428, -0.128842)
(-16.666271, 1.551428, -0.128842), (-16.514622, 1.55143, -0.104892), (-16.498867, 1.56194, -0.201311)
(-16.666271, 1.551428, -0.128842), (-16.682201, 1.540919, -0.031391), (-16.514622, 1.55143, -0.104892)
(-17.06801, 1.550408, -0.088632), (-17.004301, 1.550408, -0.079015), (-17.051683, 1.560912, -0.188706)
(-17.06801, 1.550408, -0.088632), (-17.051683, 1.560912, -0.188706), (-16.981371, 0.800102, -0.258334)
(-17.004301, 1.550408, -0.079015), (-16.980776, 1.540918, -0.07646), (-16.988039, 1.560913, -0.178655)
(-17.004301, 1.550408, -0.079015), (-16.988039, 1.560913, -0.178655), (-17.051683, 1.560912, -0.188706)
(-16.980776, 1.540918, -0.07646), (-16.828968, 1.540919, -0.053546), (-16.964533, 1.551425, -0.175949)
(-16.980776, 1.540918, -0.07646), (-16.964533, 1.551425, -0.175949), (-16.988039, 1.560913, -0.178655)
(-17.012701, 0.779314, -0.057098), (-17.081812, 1.540292, 0.011894), (-16.998301, 0.789515, -0.157967)
(-17.259766, 0.839571, -0.05424), (-17.104742, 0.880876, -0.048104), (-17.104565, 0.883206, -0.204209)
(-17.259766, 0.839571, -0.05424), (-17.259621, 0.836104, 0.101851), (-17.104742, 0.880876, -0.048104)
(-16.828968, 1.540919, -0.053546), (-16.805172, 1.550408, -0.048957), (-16.812885, 1.551427, -0.151999)
(-16.828968, 1.540919, -0.053546), (-16.812885, 1.551427, -0.151999), (-16.964533, 1.551425, -0.175949)
(-16.805172, 1.550408, -0.048957), (-16.789122, 1.560915, -0.147238), (-16.812885, 1.551427, -0.151999)
(-16.805172, 1.550408, -0.048957), (-16.818703, 1.540295, 0.049729), (-16.769209, 1.540296, 0.056847)
(-17.104742, 0.880876, -0.048104), (-16.949804, 0.923129, -0.041714), (-16.949505, 0.925304, -0.197785)
(-17.104742, 0.880876, -0.048104), (-17.104746, 0.877723, 0.107967), (-16.949804, 0.923129, -0.041714)
(-16.949804, 0.923129, -0.041714), (-16.794975, 0.966298, -0.035081), (-16.794575, 0.968293, -0.191127)
(-16.949804, 0.923129, -0.041714), (-16.949938, 0.920326, 0.114365), (-16.794975, 0.966298, -0.035081)
(-16.755733, 1.550408, -0.041494), (-16.805172, 1.550408, -0.048957), (-16.769209, 1.540296, 0.056847)
(-16.794975, 0.966298, -0.035081), (-16.640289, 1.010249, -0.028242), (-16.639799, 1.012047, -0.184278)
(-16.794975, 0.966298, -0.035081), (-16.795231, 0.963827, 0.120998), (-16.640289, 1.010249, -0.028242)
(-16.706291, 1.550408, -0.034032), (-16.690346, 1.560917, -0.131638), (-16.755733, 1.550408, -0.041494)
(-16.706291, 1.550408, -0.034032), (-16.682201, 1.540919, -0.031391), (-16.666271, 1.551428, -0.128842)
(-16.706291, 1.550408, -0.034032), (-16.755733, 1.550408, -0.041494), (-16.769209, 1.540296, 0.056847)
(-16.706291, 1.550408, -0.034032), (-16.719723, 1.540296, 0.063963), (-16.682201, 1.540919, -0.031391)
# -16.32726371668667, 0, -0.36768011668666384
(-16.412113, 1.615695, -0.681955), (-16.389137, 1.625178, -0.676291), (-16.370735, 1.636094, -0.77206)
(-16.412113, 1.615695, -0.681955), (-16.430571, 1.604776, -0.586023), (-16.389137, 1.625178, -0.676291)
(-16.389137, 1.625178, -0.676291), (-16.331703, 1.625179, -0.664809), (-16.313381, 1.636094, -0.760193)
(-16.389137, 1.625178, -0.676291), (-16.407555, 1.614259, -0.580522), (-16.331703, 1.625179, -0.664809)
(-16.331703, 1.625179, -0.664809), (-16.384001, 0.826047, -0.765593), (-16.364851, 0.837048, -0.862077)
(-16.331703, 1.625179, -0.664809), (-16.350044, 1.61426, -0.569427), (-16.384001, 0.826047, -0.765593)
(-16.637604, 1.016876, -0.651666), (-16.482929, 1.061583, -0.644491), (-16.482037, 1.064251, -0.799898)
(-16.637604, 1.016876, -0.651666), (-16.638443, 1.015135, -0.496016), (-16.482929, 1.061583, -0.644491)
(-16.482929, 1.061583, -0.644491), (-16.328485, 1.106669, -0.637165), (-16.327648, 1.109872, -0.792448)
(-16.482929, 1.061583, -0.644491), (-16.483763, 1.059527, -0.488919), (-16.328485, 1.106669, -0.637165)
(-16.328485, 1.106669, -0.637165), (-16.17429, 1.151909, -0.629735), (-16.173523, 1.155697, -0.784871)
(-16.328485, 1.106669, -0.637165), (-16.329304, 1.104351, -0.481664), (-16.17429, 1.151909, -0.629735)
(-16.17429, 1.151909, -0.629735), (-16.020346, 1.196898, -0.622282), (-16.019663, 1.201358, -0.777249)
(-16.17429, 1.151909, -0.629735), (-16.175072, 1.149206, -0.474339), (-16.020346, 1.196898, -0.622282)
(-16.654387, 1.614256, -0.62814), (-16.70348, 1.614255, -0.637611), (-16.673128, 1.603337, -0.530714)
(-16.020346, 1.196898, -0.622282), (-15.866632, 1.240914, -0.614936), (-15.866074, 1.24642, -0.769668)
(-16.020346, 1.196898, -0.622282), (-16.021055, 1.19361, -0.467033), (-15.866632, 1.240914, -0.614936)
(-16.605289, 1.614257, -0.618669), (-16.586613, 1.625176, -0.715766), (-16.654387, 1.614256, -0.62814)
(-16.605289, 1.614257, -0.618669), (-16.581316, 1.604774, -0.615105), (-16.562664, 1.615694, -0.71205)
(-16.605289, 1.614257, -0.618669), (-16.654387, 1.614256, -0.62814), (-16.673128, 1.603337, -0.530714)
(-16.605289, 1.614257, -0.618669), (-16.62397, 1.603337, -0.521573), (-16.581316, 1.604774, -0.615105)
(-16.581316, 1.604774, -0.615105), (-16.430571, 1.604776, -0.586023), (-16.412113, 1.615695, -0.681955)
(-16.581316, 1.604774, -0.615105), (-16.599974, 1.593853, -0.518162), (-16.430571, 1.604776, -0.586023)
(-16.430571, 1.604776, -0.586023), (-16.407555, 1.614259, -0.580522), (-16.389137, 1.625178, -0.676291)
(-16.430571, 1.604776, -0.586023), (-16.449034, 1.593855, -0.490094), (-16.407555, 1.614259, -0.580522)
(-16.407555, 1.614259, -0.580522), (-16.350044, 1.61426, -0.569427), (-16.331703, 1.625179, -0.664809)
(-16.407555, 1.614259, -0.580522), (-16.425978, 1.603339, -0.484756), (-16.350044, 1.61426, -0.569427)
(-16.350044, 1.61426, -0.569427), (-16.403164, 0.815044, -0.669105), (-16.384001, 0.826047, -0.765593)
(-16.350044, 1.61426, -0.569427), (-16.368397, 1.60334, -0.474049), (-16.403164, 0.815044, -0.669105)
(-16.62397, 1.603337, -0.521573), (-16.605289, 1.614257, -0.618669), (-16.673128, 1.603337, -0.530714)
(-16.62397, 1.603337, -0.521573), (-16.599974, 1.593853, -0.518162), (-16.581316, 1.604774, -0.615105)
(-16.62397, 1.603337, -0.521573), (-16.673128, 1.603337, -0.530714), (-16.69174, 1.592438, -0.433273)
(-16.62397, 1.603337, -0.521573), (-16.642521, 1.592438, -0.424463), (-16.599974, 1.593853, -0.518162)
(-16.599974, 1.593853, -0.518162), (-16.449034, 1.593855, -0.490094), (-16.430571, 1.604776, -0.586023)
(-16.599974, 1.593853, -0.518162), (-16.618504, 1.582952, -0.421204), (-16.449034, 1.593855, -0.490094)
(-16.638443, 1.015135, -0.496016), (-16.483763, 1.059527, -0.488919), (-16.482929, 1.061583, -0.644491)
(-16.638443, 1.015135, -0.496016), (-16.639183, 1.01361, -0.34021), (-16.483763, 1.059527, -0.488919)
(-16.449034, 1.593855, -0.490094), (-16.425978, 1.603339, -0.484756), (-16.407555, 1.614259, -0.580522)
(-16.449034, 1.593855, -0.490094), (-16.467381, 1.582953, -0.394153), (-16.425978, 1.603339, -0.484756)
(-16.483763, 1.059527, -0.488919), (-16.484526, 1.057917, -0.333158), (-16.329304, 1.104351, -0.481664)
(-16.483763, 1.059527, -0.488919), (-16.329304, 1.104351, -0.481664), (-16.328485, 1.106669, -0.637165)
(-16.425978, 1.603339, -0.484756), (-16.368397, 1.60334, -0.474049), (-16.350044, 1.61426, -0.569427)
(-16.425978, 1.603339, -0.484756), (-16.444288, 1.592438, -0.388979), (-16.368397, 1.60334, -0.474049)
(-16.329304, 1.104351, -0.481664), (-16.175072, 1.149206, -0.474339), (-16.17429, 1.151909, -0.629735)
(-16.329304, 1.104351, -0.481664), (-16.330074, 1.10262, -0.325965), (-16.175072, 1.149206, -0.474339)
(-16.175072, 1.149206, -0.474339), (-16.175831, 1.147228, -0.318711), (-16.021055, 1.19361, -0.467033)
(-16.175072, 1.149206, -0.474339), (-16.021055, 1.19361, -0.467033), (-16.020346, 1.196898, -0.622282)
(-16.368397, 1.60334, -0.474049), (-16.422329, 0.80404, -0.572615), (-16.403164, 0.815044, -0.669105)
(-16.368397, 1.60334, -0.474049), (-16.386639, 1.592438, -0.378659), (-16.422329, 0.80404, -0.572615)
(-16.021055, 1.19361, -0.467033), (-15.867223, 1.236661, -0.459901), (-15.866632, 1.240914, -0.614936)
(-16.021055, 1.19361, -0.467033), (-16.021765, 1.19111, -0.311535), (-15.867223, 1.236661, -0.459901)
(-16.642521, 1.592438, -0.424463), (-16.62397, 1.603337, -0.521573), (-16.69174, 1.592438, -0.433273)
(-16.642521, 1.592438, -0.424463), (-16.618504, 1.582952, -0.421204), (-16.599974, 1.593853, -0.518162)
(-16.642521, 1.592438, -0.424463), (-16.69174, 1.592438, -0.433273), (-16.707735, 1.581931, -0.335326)
(-16.642521, 1.592438, -0.424463), (-16.658459, 1.581931, -0.326852), (-16.618504, 1.582952, -0.421204)
(-16.618504, 1.582952, -0.421204), (-16.467381, 1.582953, -0.394153), (-16.449034, 1.593855, -0.490094)
(-16.618504, 1.582952, -0.421204), (-16.634418, 1.572445, -0.323748), (-16.467381, 1.582953, -0.394153)
(-16.467381, 1.582953, -0.394153), (-16.444288, 1.592438, -0.388979), (-16.425978, 1.603339, -0.484756)
(-16.467381, 1.582953, -0.394153), (-16.483116, 1.572447, -0.297729), (-16.444288, 1.592438, -0.388979)
(-16.444288, 1.592438, -0.388979), (-16.386639, 1.592438, -0.378659), (-16.368397, 1.60334, -0.474049)
(-16.444288, 1.592438, -0.388979), (-16.459988, 1.581933, -0.292723), (-16.386639, 1.592438, -0.378659)
(-16.386639, 1.592438, -0.378659), (-16.441372, 0.793055, -0.476105), (-16.422329, 0.80404, -0.572615)
(-16.386639, 1.592438, -0.378659), (-16.402266, 1.581934, -0.282796), (-16.441372, 0.793055, -0.476105)
(-16.639183, 1.01361, -0.34021), (-16.484526, 1.057917, -0.333158), (-16.483763, 1.059527, -0.488919)
(-16.639183, 1.01361, -0.34021), (-16.639799, 1.012047, -0.184278), (-16.484526, 1.057917, -0.333158)
(-16.484526, 1.057917, -0.333158), (-16.330074, 1.10262, -0.325965), (-16.329304, 1.104351, -0.481664)
(-16.484526, 1.057917, -0.333158), (-16.485197, 1.056429, -0.177248), (-16.330074, 1.10262, -0.325965)
(-16.658459, 1.581931, -0.326852), (-16.642521, 1.592438, -0.424463), (-16.707735, 1.581931, -0.335326)
(-16.658459, 1.581931, -0.326852), (-16.634418, 1.572445, -0.323748), (-16.618504, 1.582952, -0.421204)
(-16.658459, 1.581931, -0.326852), (-16.707735, 1.581931, -0.335326), (-16.723736, 1.571424, -0.237384)
(-16.658459, 1.581931, -0.326852), (-16.674404, 1.571424, -0.229246), (-16.634418, 1.572445, -0.323748)
(-16.330074, 1.10262, -0.325965), (-16.175831, 1.147228, -0.318711), (-16.175072, 1.149206, -0.474339)
(-16.330074, 1.10262, -0.325965), (-16.33078, 1.101123, -0.170089), (-16.175831, 1.147228, -0.318711)
(-16.634418, 1.572445, -0.323748), (-16.483116, 1.572447, -0.297729), (-16.467381, 1.582953, -0.394153)
(-16.634418, 1.572445, -0.323748), (-16.650343, 1.561937, -0.226296), (-16.483116, 1.572447, -0.297729)
(-16.175831, 1.147228, -0.318711), (-16.021765, 1.19111, -0.311535), (-16.021055, 1.19361, -0.467033)
(-16.175831, 1.147228, -0.318711), (-16.176538, 1.145514, -0.162914), (-16.021765, 1.19111, -0.311535)
(-16.021765, 1.19111, -0.311535), (-15.867826, 1.233175, -0.304608), (-15.867223, 1.236661, -0.459901)
(-16.021765, 1.19111, -0.311535), (-16.022432, 1.188893, -0.15586), (-15.867826, 1.233175, -0.304608)
(-16.483116, 1.572447, -0.297729), (-16.459988, 1.581933, -0.292723), (-16.444288, 1.592438, -0.388979)
(-16.483116, 1.572447, -0.297729), (-16.498867, 1.56194, -0.201311), (-16.459988, 1.581933, -0.292723)
(-16.459988, 1.581933, -0.292723), (-16.402266, 1.581934, -0.282796), (-16.386639, 1.592438, -0.378659)
(-16.459988, 1.581933, -0.292723), (-16.475704, 1.571428, -0.196473), (-16.402266, 1.581934, -0.282796)
(-16.402266, 1.581934, -0.282796), (-16.457792, 0.782463, -0.379056), (-16.441372, 0.793055, -0.476105)
(-16.402266, 1.581934, -0.282796), (-16.417912, 1.571428, -0.186941), (-16.457792, 0.782463, -0.379056)
(-16.650343, 1.561937, -0.226296), (-16.498867, 1.56194, -0.201311), (-16.483116, 1.572447, -0.297729)
(-16.650343, 1.561937, -0.226296), (-16.666271, 1.551428, -0.128842), (-16.498867, 1.56194, -0.201311)
(-16.498867, 1.56194, -0.201311), (-16.475704, 1.571428, -0.196473), (-16.459988, 1.581933, -0.292723)
(-16.498867, 1.56194, -0.201311), (-16.514622, 1.55143, -0.104892), (-16.475704, 1.571428, -0.196473)
(-16.475704, 1.571428, -0.196473), (-16.417912, 1.571428, -0.186941), (-16.402266, 1.581934, -0.282796)
(-16.475704, 1.571428, -0.196473), (-16.491426, 1.560919, -0.100222), (-16.417912, 1.571428, -0.186941)
(-16.417912, 1.571428, -0.186941), (-16.47423, 0.771869, -0.282008), (-16.457792, 0.782463, -0.379056)
(-16.417912, 1.571428, -0.186941), (-16.433575, 1.56092, -0.091084), (-16.47423, 0.771869, -0.282008)
(-16.639799, 1.012047, -0.184278), (-16.640289, 1.010249, -0.028242), (-16.485197, 1.056429, -0.177248)
(-16.639799, 1.012047, -0.184278), (-16.485197, 1.056429, -0.177248), (-16.484526, 1.057917, -0.333158)
(-16.485197, 1.056429, -0.177248), (-16.485756, 1.054759, -0.02123), (-16.33078, 1.101123, -0.170089)
(-16.485197, 1.056429, -0.177248), (-16.33078, 1.101123, -0.170089), (-16.330074, 1.10262, -0.325965)
(-16.33078, 1.101123, -0.170089), (-16.331379, 1.099425, -0.014124), (-16.176538, 1.145514, -0.162914)
(-16.33078, 1.101123, -0.170089), (-16.176538, 1.145514, -0.162914), (-16.175831, 1.147228, -0.318711)
(-16.176538, 1.145514, -0.162914), (-16.177143, 1.143541, -0.007033), (-16.022432, 1.188893, -0.15586)
(-16.176538, 1.145514, -0.162914), (-16.022432, 1.188893, -0.15586), (-16.021765, 1.19111, -0.311535)
(-16.022432, 1.188893, -0.15586), (-16.022993, 1.186299, -0.000114), (-15.868386, 1.229922, -0.149136)
(-16.022432, 1.188893, -0.15586), (-15.868386, 1.229922, -0.149136), (-15.867826, 1.233175, -0.304608)
(-16.514622, 1.55143, -0.104892), (-16.491426, 1.560919, -0.100222), (-16.475704, 1.571428, -0.196473)
(-16.514622, 1.55143, -0.104892), (-16.530394, 1.540919, -0.008476), (-16.491426, 1.560919, -0.100222)
(-16.491426, 1.560919, -0.100222), (-16.433575, 1.56092, -0.091084), (-16.417912, 1.571428, -0.186941)
(-16.491426, 1.560919, -0.100222), (-16.507164, 1.550409, -0.003974), (-16.433575, 1.56092, -0.091084)
(-16.433575, 1.56092, -0.091084), (-16.490665, 0.761274, -0.184955), (-16.47423, 0.771869, -0.282008)
(-16.433575, 1.56092, -0.091084), (-16.449247, 1.550409, 0.004767), (-16.490665, 0.761274, -0.184955)
# -15.659493483353337, 0, -0.36768011668666384
(-15.866632, 1.240914, -0.614936), (-15.713039, 1.28274, -0.607925), (-15.71267, 1.289809, -0.762337)
(-15.866632, 1.240914, -0.614936), (-15.867223, 1.236661, -0.459901), (-15.713039, 1.28274, -0.607925)
(-15.713039, 1.28274, -0.607925), (-15.559398, 1.320858, -0.601515), (-15.559262, 1.330043, -0.755534)
(-15.713039, 1.28274, -0.607925), (-15.713458, 1.276911, -0.453192), (-15.559398, 1.320858, -0.601515)
(-15.559398, 1.320858, -0.601515), (-15.405525, 1.354272, -0.595898), (-15.405656, 1.365978, -0.749478)
(-15.559398, 1.320858, -0.601515), (-15.559586, 1.312965, -0.447158), (-15.405525, 1.354272, -0.595898)
(-15.405525, 1.354272, -0.595898), (-15.25126, 1.382334, -0.591188), (-15.25168, 1.396758, -0.744319)
(-15.405525, 1.354272, -0.595898), (-15.405453, 1.343944, -0.441961), (-15.25126, 1.382334, -0.591188)
(-15.867223, 1.236661, -0.459901), (-15.867826, 1.233175, -0.304608), (-15.713458, 1.276911, -0.453192)
(-15.867223, 1.236661, -0.459901), (-15.713458, 1.276911, -0.453192), (-15.713039, 1.28274, -0.607925)
(-15.713458, 1.276911, -0.453192), (-15.559586, 1.312965, -0.447158), (-15.559398, 1.320858, -0.601515)
(-15.713458, 1.276911, -0.453192), (-15.713891, 1.271933, -0.298182), (-15.559586, 1.312965, -0.447158)
(-15.559586, 1.312965, -0.447158), (-15.559787, 1.305814, -0.292528), (-15.405453, 1.343944, -0.441961)
(-15.559586, 1.312965, -0.447158), (-15.405453, 1.343944, -0.441961), (-15.405525, 1.354272, -0.595898)
(-15.405453, 1.343944, -0.441961), (-15.250944, 1.369694, -0.437642), (-15.25126, 1.382334, -0.591188)
(-15.405453, 1.343944, -0.441961), (-15.405397, 1.334506, -0.287726), (-15.250944, 1.369694, -0.437642)
(-15.867826, 1.233175, -0.304608), (-15.713891, 1.271933, -0.298182), (-15.713458, 1.276911, -0.453192)
(-15.867826, 1.233175, -0.304608), (-15.868386, 1.229922, -0.149136), (-15.713891, 1.271933, -0.298182)
(-15.713891, 1.271933, -0.298182), (-15.559787, 1.305814, -0.292528), (-15.559586, 1.312965, -0.447158)
(-15.713891, 1.271933, -0.298182), (-15.714274, 1.266973, -0.143014), (-15.559787, 1.305814, -0.292528)
(-15.559787, 1.305814, -0.292528), (-15.405397, 1.334506, -0.287726), (-15.405453, 1.343944, -0.441961)
(-15.559787, 1.305814, -0.292528), (-15.559949, 1.298926, -0.1377), (-15.405397, 1.334506, -0.287726)
(-15.405397, 1.334506, -0.287726), (-15.250641, 1.357975, -0.283794), (-15.250944, 1.369694, -0.437642)
(-15.405397, 1.334506, -0.287726), (-15.405313, 1.325441, -0.133272), (-15.250641, 1.357975, -0.283794)
(-15.868386, 1.229922, -0.149136), (-15.868837, 1.226161, 0.006395), (-15.714274, 1.266973, -0.143014)
(-15.868386, 1.229922, -0.149136), (-15.714274, 1.266973, -0.143014), (-15.713891, 1.271933, -0.298182)
(-15.714274, 1.266973, -0.143014), (-15.714561, 1.261754, 0.012252), (-15.559949, 1.298926, -0.1377)
(-15.714274, 1.266973, -0.143014), (-15.559949, 1.298926, -0.1377), (-15.559787, 1.305814, -0.292528)
(-15.559949, 1.298926, -0.1377), (-15.56002, 1.29178, 0.017233), (-15.405313, 1.325441, -0.133272)
(-15.559949, 1.298926, -0.1377), (-15.405313, 1.325441, -0.133272), (-15.405397, 1.334506, -0.287726)
(-15.405313, 1.325441, -0.133272), (-15.405135, 1.316051, 0.021285), (-15.250313, 1.346679, -0.129716)
(-15.405313, 1.325441, -0.133272), (-15.250313, 1.346679, -0.129716), (-15.250641, 1.357975, -0.283794)
# -14.991723250020002, 0, -0.36768011668666384
(-15.25126, 1.382334, -0.591188), (-15.096559, 1.405506, -0.587325), (-15.09721, 1.422247, -0.740085)
(-15.25126, 1.382334, -0.591188), (-15.250944, 1.369694, -0.437642), (-15.096559, 1.405506, -0.587325)
(-15.096559, 1.405506, -0.587325), (-14.941455, 1.424503, -0.584203), (-14.942287, 1.443289, -0.736635)
(-15.096559, 1.405506, -0.587325), (-15.096002, 1.390475, -0.434168), (-14.941455, 1.424503, -0.584203)
(-14.941455, 1.424503, -0.584203), (-14.785985, 1.439794, -0.581748), (-14.787018, 1.460752, -0.733827)
(-14.941455, 1.424503, -0.584203), (-14.940678, 1.407212, -0.431409), (-14.785985, 1.439794, -0.581748)
(-14.785985, 1.439794, -0.581748), (-14.630069, 1.451047, -0.580008), (-14.631308, 1.474198, -0.731731)
(-14.785985, 1.439794, -0.581748), (-14.785011, 1.420369, -0.4293), (-14.630069, 1.451047, -0.580008)
(-15.250944, 1.369694, -0.437642), (-15.250641, 1.357975, -0.283794), (-15.096002, 1.390475, -0.434168)
(-15.250944, 1.369694, -0.437642), (-15.096002, 1.390475, -0.434168), (-15.096559, 1.405506, -0.587325)
(-15.096002, 1.390475, -0.434168), (-14.940678, 1.407212, -0.431409), (-14.941455, 1.424503, -0.584203)
(-15.096002, 1.390475, -0.434168), (-15.09549, 1.376703, -0.280665), (-14.940678, 1.407212, -0.431409)
(-14.940678, 1.407212, -0.431409), (-14.939919, 1.390959, -0.2783), (-14.785011, 1.420369, -0.4293)
(-14.940678, 1.407212, -0.431409), (-14.785011, 1.420369, -0.4293), (-14.785985, 1.439794, -0.581748)
(-14.785011, 1.420369, -0.4293), (-14.628941, 1.429771, -0.427865), (-14.630069, 1.451047, -0.580008)
(-14.785011, 1.420369, -0.4293), (-14.784059, 1.402077, -0.276521), (-14.628941, 1.429771, -0.427865)
(-15.250641, 1.357975, -0.283794), (-15.09549, 1.376703, -0.280665), (-15.096002, 1.390475, -0.434168)
(-15.250641, 1.357975, -0.283794), (-15.250313, 1.346679, -0.129716), (-15.09549, 1.376703, -0.280665)
(-15.09549, 1.376703, -0.280665), (-14.939919, 1.390959, -0.2783), (-14.940678, 1.407212, -0.431409)
(-15.09549, 1.376703, -0.280665), (-15.094912, 1.363059, -0.126971), (-14.939919, 1.390959, -0.2783)
(-14.939919, 1.390959, -0.2783), (-14.784059, 1.402077, -0.276521), (-14.785011, 1.420369, -0.4293)
(-14.939919, 1.390959, -0.2783), (-14.939151, 1.375397, -0.124924), (-14.784059, 1.402077, -0.276521)
(-14.784059, 1.402077, -0.276521), (-14.627824, 1.409601, -0.275388), (-14.628941, 1.429771, -0.427865)
(-14.784059, 1.402077, -0.276521), (-14.783108, 1.3846, -0.123453), (-14.627824, 1.409601, -0.275388)
(-15.250313, 1.346679, -0.129716), (-15.249873, 1.334948, 0.024456), (-15.094912, 1.363059, -0.126971)
(-15.250313, 1.346679, -0.129716), (-15.094912, 1.363059, -0.126971), (-15.09549, 1.376703, -0.280665)
(-15.094912, 1.363059, -0.126971), (-15.09427, 1.349488, 0.026891), (-14.939151, 1.375397, -0.124924)
(-15.094912, 1.363059, -0.126971), (-14.939151, 1.375397, -0.124924), (-14.939919, 1.390959, -0.2783)
(-14.939151, 1.375397, -0.124924), (-14.938315, 1.35989, 0.028622), (-14.783108, 1.3846, -0.123453)
(-14.939151, 1.375397, -0.124924), (-14.783108, 1.3846, -0.123453), (-14.784059, 1.402077, -0.276521)
(-14.783108, 1.3846, -0.123453), (-14.782084, 1.367124, 0.029784), (-14.626711, 1.390228, -0.122615)
(-14.783108, 1.3846, -0.123453), (-14.626711, 1.390228, -0.122615), (-14.627824, 1.409601, -0.275388)
# -14.32395301668667, 0, -0.36768011668666384
(-14.001756, 1.456906, -0.580147), (-13.843271, 1.447612, -0.582198), (-13.845352, 1.480029, -0.73241)
(-14.001756, 1.456906, -0.580147), (-14.000014, 1.428252, -0.429158), (-13.843271, 1.447612, -0.582198)
(-14.630069, 1.451047, -0.580008), (-14.473722, 1.458495, -0.578954), (-14.475099, 1.483468, -0.730379)
(-14.630069, 1.451047, -0.580008), (-14.628941, 1.429771, -0.427865), (-14.473722, 1.458495, -0.578954)
(-14.159621, 1.461649, -0.578971), (-14.001756, 1.456906, -0.580147), (-14.003675, 1.487701, -0.730602)
(-14.159621, 1.461649, -0.578971), (-14.15801, 1.434639, -0.427737), (-14.001756, 1.456906, -0.580147)
(-14.473722, 1.458495, -0.578954), (-14.316892, 1.461923, -0.578619), (-14.318429, 1.488813, -0.729728)
(-14.473722, 1.458495, -0.578954), (-14.472414, 1.435185, -0.427135), (-14.316892, 1.461923, -0.578619)
(-14.316892, 1.461923, -0.578619), (-14.159621, 1.461649, -0.578971), (-14.161338, 1.490472, -0.729751)
(-14.316892, 1.461923, -0.578619), (-14.315444, 1.436804, -0.427088), (-14.159621, 1.461649, -0.578971)
(-14.000014, 1.428252, -0.429158), (-13.998369, 1.401008, -0.277709), (-13.841375, 1.417274, -0.431422)
(-14.000014, 1.428252, -0.429158), (-13.841375, 1.417274, -0.431422), (-13.843271, 1.447612, -0.582198)
(-14.628941, 1.429771, -0.427865), (-14.627824, 1.409601, -0.275388), (-14.472414, 1.435185, -0.427135)
(-14.628941, 1.429771, -0.427865), (-14.472414, 1.435185, -0.427135), (-14.473722, 1.458495, -0.578954)
(-14.15801, 1.434639, -0.427737), (-14.000014, 1.428252, -0.429158), (-14.001756, 1.456906, -0.580147)
(-14.15801, 1.434639, -0.427737), (-14.156473, 1.409019, -0.276079), (-14.000014, 1.428252, -0.429158)
(-14.472414, 1.435185, -0.427135), (-14.315444, 1.436804, -0.427088), (-14.316892, 1.461923, -0.578619)
(-14.472414, 1.435185, -0.427135), (-14.471176, 1.413347, -0.274924), (-14.315444, 1.436804, -0.427088)
(-14.315444, 1.436804, -0.427088), (-14.314035, 1.412932, -0.275178), (-14.15801, 1.434639, -0.427737)
(-14.315444, 1.436804, -0.427088), (-14.15801, 1.434639, -0.427737), (-14.159621, 1.461649, -0.578971)
(-13.998369, 1.401008, -0.277709), (-13.839665, 1.388669, -0.280106), (-13.841375, 1.417274, -0.431422)
(-13.998369, 1.401008, -0.277709), (-13.996811, 1.374792, -0.125855), (-13.839665, 1.388669, -0.280106)
(-14.156473, 1.409019, -0.276079), (-13.998369, 1.401008, -0.277709), (-14.000014, 1.428252, -0.429158)
(-14.156473, 1.409019, -0.276079), (-14.154999, 1.384472, -0.124038), (-13.998369, 1.401008, -0.277709)
(-14.627824, 1.409601, -0.275388), (-14.471176, 1.413347, -0.274924), (-14.472414, 1.435185, -0.427135)
(-14.627824, 1.409601, -0.275388), (-14.626711, 1.390228, -0.122615), (-14.471176, 1.413347, -0.274924)
(-14.314035, 1.412932, -0.275178), (-14.156473, 1.409019, -0.276079), (-14.15801, 1.434639, -0.427737)
(-14.314035, 1.412932, -0.275178), (-14.31266, 1.390047, -0.12292), (-14.156473, 1.409019, -0.276079)
(-14.471176, 1.413347, -0.274924), (-14.314035, 1.412932, -0.275178), (-14.315444, 1.436804, -0.427088)
(-14.471176, 1.413347, -0.274924), (-14.469895, 1.392002, -0.122442), (-14.314035, 1.412932, -0.275178)
(-13.996811, 1.374792, -0.125855), (-13.995227, 1.348599, 0.026236), (-13.838038, 1.360786, -0.12839)
(-13.996811, 1.374792, -0.125855), (-13.838038, 1.360786, -0.12839), (-13.839665, 1.388669, -0.280106)
(-14.154999, 1.384472, -0.124038), (-14.153494, 1.360085, 0.02824), (-13.996811, 1.374792, -0.125855)
(-14.154999, 1.384472, -0.124038), (-13.996811, 1.374792, -0.125855), (-13.998369, 1.401008, -0.277709)
(-14.31266, 1.390047, -0.12292), (-14.311256, 1.367449, 0.029576), (-14.154999, 1.384472, -0.124038)
(-14.31266, 1.390047, -0.12292), (-14.154999, 1.384472, -0.124038), (-14.156473, 1.409019, -0.276079)
(-14.626711, 1.390228, -0.122615), (-14.625503, 1.370749, 0.030323), (-14.469895, 1.392002, -0.122442)
(-14.626711, 1.390228, -0.122615), (-14.469895, 1.392002, -0.122442), (-14.471176, 1.413347, -0.274924)
(-14.469895, 1.392002, -0.122442), (-14.468582, 1.370976, 0.030268), (-14.31266, 1.390047, -0.12292)
(-14.469895, 1.392002, -0.122442), (-14.31266, 1.390047, -0.12292), (-14.314035, 1.412932, -0.275178)
# -13.656182783353334, 0, -0.36768011668666384
(-13.363464, 1.388378, -0.594737), (-13.202115, 1.358349, -0.601155), (-13.204509, 1.394192, -0.751616)
(-13.363464, 1.388378, -0.594737), (-13.36146, 1.355565, -0.443771), (-13.202115, 1.358349, -0.601155)
(-13.524174, 1.413719, -0.589374), (-13.363464, 1.388378, -0.594737), (-13.365974, 1.424394, -0.744765)
(-13.524174, 1.413719, -0.589374), (-13.52211, 1.381148, -0.438669), (-13.363464, 1.388378, -0.594737)
(-13.684093, 1.433342, -0.585234), (-13.524174, 1.413719, -0.589374), (-13.526603, 1.449007, -0.73929)
(-13.684093, 1.433342, -0.585234), (-13.68209, 1.401679, -0.434565), (-13.524174, 1.413719, -0.589374)
(-13.843271, 1.447612, -0.582198), (-13.684093, 1.433342, -0.585234), (-13.686346, 1.467272, -0.735257)
(-13.843271, 1.447612, -0.582198), (-13.841375, 1.417274, -0.431422), (-13.684093, 1.433342, -0.585234)
(-13.36146, 1.355565, -0.443771), (-13.359847, 1.324547, -0.292128), (-13.200335, 1.325884, -0.449671)
(-13.36146, 1.355565, -0.443771), (-13.200335, 1.325884, -0.449671), (-13.202115, 1.358349, -0.601155)
(-13.52211, 1.381148, -0.438669), (-13.36146, 1.355565, -0.443771), (-13.363464, 1.388378, -0.594737)
(-13.52211, 1.381148, -0.438669), (-13.520363, 1.350361, -0.287321), (-13.36146, 1.355565, -0.443771)
(-13.68209, 1.401679, -0.434565), (-13.680311, 1.371666, -0.283317), (-13.52211, 1.381148, -0.438669)
(-13.68209, 1.401679, -0.434565), (-13.52211, 1.381148, -0.438669), (-13.524174, 1.413719, -0.589374)
(-13.841375, 1.417274, -0.431422), (-13.68209, 1.401679, -0.434565), (-13.684093, 1.433342, -0.585234)
(-13.841375, 1.417274, -0.431422), (-13.839665, 1.388669, -0.280106), (-13.68209, 1.401679, -0.434565)
(-13.359847, 1.324547, -0.292128), (-13.198959, 1.295017, -0.297572), (-13.200335, 1.325884, -0.449671)
(-13.359847, 1.324547, -0.292128), (-13.358439, 1.29384, -0.140143), (-13.198959, 1.295017, -0.297572)
(-13.520363, 1.350361, -0.287321), (-13.359847, 1.324547, -0.292128), (-13.36146, 1.355565, -0.443771)
(-13.520363, 1.350361, -0.287321), (-13.51882, 1.320336, -0.135543), (-13.359847, 1.324547, -0.292128)
(-13.680311, 1.371666, -0.283317), (-13.520363, 1.350361, -0.287321), (-13.52211, 1.381148, -0.438669)
(-13.680311, 1.371666, -0.283317), (-13.678699, 1.342588, -0.131627), (-13.520363, 1.350361, -0.287321)
(-13.839665, 1.388669, -0.280106), (-13.680311, 1.371666, -0.283317), (-13.68209, 1.401679, -0.434565)
(-13.839665, 1.388669, -0.280106), (-13.838038, 1.360786, -0.12839), (-13.680311, 1.371666, -0.283317)
(-13.358439, 1.29384, -0.140143), (-13.357049, 1.262169, 0.011857), (-13.197739, 1.263845, -0.145304)
(-13.358439, 1.29384, -0.140143), (-13.197739, 1.263845, -0.145304), (-13.198959, 1.295017, -0.297572)
(-13.51882, 1.320336, -0.135543), (-13.517323, 1.289889, 0.01639), (-13.358439, 1.29384, -0.140143)
(-13.51882, 1.320336, -0.135543), (-13.358439, 1.29384, -0.140143), (-13.359847, 1.324547, -0.292128)
(-13.678699, 1.342588, -0.131627), (-13.677137, 1.313492, 0.020297), (-13.51882, 1.320336, -0.135543)
(-13.678699, 1.342588, -0.131627), (-13.51882, 1.320336, -0.135543), (-13.520363, 1.350361, -0.287321)
(-13.838038, 1.360786, -0.12839), (-13.836464, 1.333226, 0.023603), (-13.678699, 1.342588, -0.131627)
(-13.838038, 1.360786, -0.12839), (-13.678699, 1.342588, -0.131627), (-13.680311, 1.371666, -0.283317)
# -12.988412550020001, 0, -0.36768011668666384
(-12.720844, 1.295779, -0.615223), (-12.561752, 1.28651, -0.617419), (-12.562747, 1.317463, -0.770685)
(-12.720844, 1.295779, -0.615223), (-12.719868, 1.265139, -0.462091), (-12.561752, 1.28651, -0.617419)
(-12.880224, 1.307132, -0.612486), (-12.720844, 1.295779, -0.615223), (-12.721842, 1.326234, -0.768383)
(-12.880224, 1.307132, -0.612486), (-12.879176, 1.276603, -0.459608), (-12.720844, 1.295779, -0.615223)
(-13.040744, 1.328643, -0.607614), (-12.880224, 1.307132, -0.612486), (-12.881671, 1.339491, -0.764799)
(-13.040744, 1.328643, -0.607614), (-13.039305, 1.296869, -0.455463), (-12.880224, 1.307132, -0.612486)
(-13.202115, 1.358349, -0.601155), (-13.040744, 1.328643, -0.607614), (-13.042792, 1.36347, -0.758821)
(-13.202115, 1.358349, -0.601155), (-13.200335, 1.325884, -0.449671), (-13.040744, 1.328643, -0.607614)
(-12.719868, 1.265139, -0.462091), (-12.718879, 1.23394, -0.309095), (-12.560728, 1.255042, -0.464288)
(-12.719868, 1.265139, -0.462091), (-12.560728, 1.255042, -0.464288), (-12.561752, 1.28651, -0.617419)
(-12.879176, 1.276603, -0.459608), (-12.719868, 1.265139, -0.462091), (-12.720844, 1.295779, -0.615223)
(-12.879176, 1.276603, -0.459608), (-12.878201, 1.245949, -0.306702), (-12.719868, 1.265139, -0.462091)
(-13.039305, 1.296869, -0.455463), (-13.038198, 1.266159, -0.30288), (-12.879176, 1.276603, -0.459608)
(-13.039305, 1.296869, -0.455463), (-12.879176, 1.276603, -0.459608), (-12.880224, 1.307132, -0.612486)
(-13.200335, 1.325884, -0.449671), (-13.039305, 1.296869, -0.455463), (-13.040744, 1.328643, -0.607614)
(-13.200335, 1.325884, -0.449671), (-13.198959, 1.295017, -0.297572), (-13.039305, 1.296869, -0.455463)
(-12.718879, 1.23394, -0.309095), (-12.559705, 1.22308, -0.311298), (-12.560728, 1.255042, -0.464288)
(-12.718879, 1.23394, -0.309095), (-12.717909, 1.202333, -0.156235), (-12.559705, 1.22308, -0.311298)
(-12.878201, 1.245949, -0.306702), (-12.718879, 1.23394, -0.309095), (-12.719868, 1.265139, -0.462091)
(-12.878201, 1.245949, -0.306702), (-12.877222, 1.214772, -0.15392), (-12.718879, 1.23394, -0.309095)
(-13.038198, 1.266159, -0.30288), (-12.878201, 1.245949, -0.306702), (-12.879176, 1.276603, -0.459608)
(-13.038198, 1.266159, -0.30288), (-13.037119, 1.234582, -0.150376), (-12.878201, 1.245949, -0.306702)
(-13.198959, 1.295017, -0.297572), (-13.038198, 1.266159, -0.30288), (-13.039305, 1.296869, -0.455463)
(-13.198959, 1.295017, -0.297572), (-13.197739, 1.263845, -0.145304), (-13.038198, 1.266159, -0.30288)
(-12.717909, 1.202333, -0.156235), (-12.717, 1.170724, -0.003477), (-12.558741, 1.190839, -0.158436)
(-12.717909, 1.202333, -0.156235), (-12.558741, 1.190839, -0.158436), (-12.559705, 1.22308, -0.311298)
(-12.877222, 1.214772, -0.15392), (-12.876274, 1.1836, -0.001216), (-12.717909, 1.202333, -0.156235)
(-12.877222, 1.214772, -0.15392), (-12.717909, 1.202333, -0.156235), (-12.718879, 1.23394, -0.309095)
(-13.037119, 1.234582, -0.150376), (-13.035983, 1.202022, 0.00193), (-12.877222, 1.214772, -0.15392)
(-13.037119, 1.234582, -0.150376), (-12.877222, 1.214772, -0.15392), (-12.878201, 1.245949, -0.306702)
(-13.197739, 1.263845, -0.145304), (-13.196486, 1.231395, 0.006821), (-13.037119, 1.234582, -0.150376)
(-13.197739, 1.263845, -0.145304), (-13.037119, 1.234582, -0.150376), (-13.038198, 1.266159, -0.30288)
# -12.320642316686666, 0, -0.36768011668666384
(-12.084255, 1.252142, -0.62389), (-11.924702, 1.234973, -0.626387), (-11.925429, 1.265175, -0.779766)
(-12.084255, 1.252142, -0.62389), (-12.083372, 1.22079, -0.470681), (-11.924702, 1.234973, -0.626387)
(-12.243542, 1.265721, -0.621656), (-12.084255, 1.252142, -0.62389), (-12.085147, 1.283383, -0.777188)
(-12.243542, 1.265721, -0.621656), (-12.242555, 1.233751, -0.468509), (-12.084255, 1.252142, -0.62389)
(-12.402673, 1.276758, -0.619541), (-12.243542, 1.265721, -0.621656), (-12.244528, 1.29731, -0.774922)
(-12.402673, 1.276758, -0.619541), (-12.401639, 1.244807, -0.466414), (-12.243542, 1.265721, -0.621656)
(-12.561752, 1.28651, -0.617419), (-12.402673, 1.276758, -0.619541), (-12.403689, 1.308239, -0.772799)
(-12.561752, 1.28651, -0.617419), (-12.560728, 1.255042, -0.464288), (-12.402673, 1.276758, -0.619541)
(-12.083372, 1.22079, -0.470681), (-12.082518, 1.189116, -0.317592), (-11.923966, 1.204638, -0.473097)
(-12.083372, 1.22079, -0.470681), (-11.923966, 1.204638, -0.473097), (-11.924702, 1.234973, -0.626387)
(-12.242555, 1.233751, -0.468509), (-12.083372, 1.22079, -0.470681), (-12.084255, 1.252142, -0.62389)
(-12.242555, 1.233751, -0.468509), (-12.241597, 1.20145, -0.315484), (-12.083372, 1.22079, -0.470681)
(-12.401639, 1.244807, -0.466414), (-12.400632, 1.21244, -0.31342), (-12.242555, 1.233751, -0.468509)
(-12.401639, 1.244807, -0.466414), (-12.242555, 1.233751, -0.468509), (-12.243542, 1.265721, -0.621656)
(-12.560728, 1.255042, -0.464288), (-12.401639, 1.244807, -0.466414), (-12.402673, 1.276758, -0.619541)
(-12.560728, 1.255042, -0.464288), (-12.559705, 1.22308, -0.311298), (-12.401639, 1.244807, -0.466414)
(-12.082518, 1.189116, -0.317592), (-11.923251, 1.174195, -0.319902), (-11.923966, 1.204638, -0.473097)
(-12.082518, 1.189116, -0.317592), (-12.081707, 1.157273, -0.164612), (-11.923251, 1.174195, -0.319902)
(-12.241597, 1.20145, -0.315484), (-12.082518, 1.189116, -0.317592), (-12.083372, 1.22079, -0.470681)
(-12.241597, 1.20145, -0.315484), (-12.240705, 1.168997, -0.162568), (-12.082518, 1.189116, -0.317592)
(-12.400632, 1.21244, -0.31342), (-12.241597, 1.20145, -0.315484), (-12.242555, 1.233751, -0.468509)
(-12.400632, 1.21244, -0.31342), (-12.399688, 1.179881, -0.160541), (-12.241597, 1.20145, -0.315484)
(-12.559705, 1.22308, -0.311298), (-12.400632, 1.21244, -0.31342), (-12.401639, 1.244807, -0.466414)
(-12.559705, 1.22308, -0.311298), (-12.558741, 1.190839, -0.158436), (-12.400632, 1.21244, -0.31342)
(-12.081707, 1.157273, -0.164612), (-12.080944, 1.125402, -0.011731), (-11.92254, 1.143416, -0.16684)
(-12.081707, 1.157273, -0.164612), (-11.92254, 1.143416, -0.16684), (-11.923251, 1.174195, -0.319902)
(-12.240705, 1.168997, -0.162568), (-12.239884, 1.136624, -0.009736), (-12.081707, 1.157273, -0.164612)
(-12.240705, 1.168997, -0.162568), (-12.081707, 1.157273, -0.164612), (-12.082518, 1.189116, -0.317592)
(-12.399688, 1.179881, -0.160541), (-12.39882, 1.147415, -0.007746), (-12.240705, 1.168997, -0.162568)
(-12.399688, 1.179881, -0.160541), (-12.240705, 1.168997, -0.162568), (-12.241597, 1.20145, -0.315484)
(-12.558741, 1.190839, -0.158436), (-12.557848, 1.158663, -0.005663), (-12.399688, 1.179881, -0.160541)
(-12.558741, 1.190839, -0.158436), (-12.399688, 1.179881, -0.160541), (-12.400632, 1.21244, -0.31342)
# -11.652872083353333, 0, -0.36768011668666384
(-11.443855, 1.155852, -0.636677), (-11.282866, 1.120323, -0.641231), (-11.282969, 1.144904, -0.794923)
(-11.443855, 1.155852, -0.636677), (-11.443606, 1.130597, -0.483042), (-11.282866, 1.120323, -0.641231)
(-11.604524, 1.187024, -0.632695), (-11.443855, 1.155852, -0.636677), (-11.444069, 1.181954, -0.790303)
(-11.604524, 1.187024, -0.632695), (-11.60413, 1.159899, -0.479176), (-11.443855, 1.155852, -0.636677)
(-11.764795, 1.213267, -0.629303), (-11.604524, 1.187024, -0.632695), (-11.604881, 1.214523, -0.786257)
(-11.764795, 1.213267, -0.629303), (-11.764236, 1.184472, -0.475895), (-11.604524, 1.187024, -0.632695)
(-11.924702, 1.234973, -0.626387), (-11.764795, 1.213267, -0.629303), (-11.765336, 1.242199, -0.782773)
(-11.924702, 1.234973, -0.626387), (-11.923966, 1.204638, -0.473097), (-11.764795, 1.213267, -0.629303)
(-11.443606, 1.130597, -0.483042), (-11.44327, 1.105582, -0.329502), (-11.282681, 1.096732, -0.487537)
(-11.443606, 1.130597, -0.483042), (-11.282681, 1.096732, -0.487537), (-11.282866, 1.120323, -0.641231)
(-11.60413, 1.159899, -0.479176), (-11.443606, 1.130597, -0.483042), (-11.443855, 1.155852, -0.636677)
(-11.60413, 1.159899, -0.479176), (-11.603693, 1.13284, -0.325751), (-11.443606, 1.130597, -0.483042)
(-11.764236, 1.184472, -0.475895), (-11.763662, 1.15554, -0.322593), (-11.60413, 1.159899, -0.479176)
(-11.764236, 1.184472, -0.475895), (-11.60413, 1.159899, -0.479176), (-11.604524, 1.187024, -0.632695)
(-11.923966, 1.204638, -0.473097), (-11.764236, 1.184472, -0.475895), (-11.764795, 1.213267, -0.629303)
(-11.923966, 1.204638, -0.473097), (-11.923251, 1.174195, -0.319902), (-11.764236, 1.184472, -0.475895)
(-11.44327, 1.105582, -0.329502), (-11.282396, 1.073809, -0.333902), (-11.282681, 1.096732, -0.487537)
(-11.44327, 1.105582, -0.329502), (-11.442815, 1.080533, -0.17611), (-11.282396, 1.073809, -0.333902)
(-11.603693, 1.13284, -0.325751), (-11.44327, 1.105582, -0.329502), (-11.443606, 1.130597, -0.483042)
(-11.603693, 1.13284, -0.325751), (-11.603191, 1.105683, -0.172454), (-11.44327, 1.105582, -0.329502)
(-11.763662, 1.15554, -0.322593), (-11.603693, 1.13284, -0.325751), (-11.60413, 1.159899, -0.479176)
(-11.763662, 1.15554, -0.322593), (-11.763065, 1.126428, -0.169414), (-11.603693, 1.13284, -0.325751)
(-11.923251, 1.174195, -0.319902), (-11.763662, 1.15554, -0.322593), (-11.764236, 1.184472, -0.475895)
(-11.923251, 1.174195, -0.319902), (-11.92254, 1.143416, -0.16684), (-11.763662, 1.15554, -0.322593)
(-11.442815, 1.080533, -0.17611), (-11.442166, 1.055038, -0.02295), (-11.281905, 1.050801, -0.180471)
(-11.442815, 1.080533, -0.17611), (-11.281905, 1.050801, -0.180471), (-11.282396, 1.073809, -0.333902)
(-11.603191, 1.105683, -0.172454), (-11.602574, 1.078191, -0.019339), (-11.442815, 1.080533, -0.17611)
(-11.603191, 1.105683, -0.172454), (-11.442815, 1.080533, -0.17611), (-11.44327, 1.105582, -0.329502)
(-11.763065, 1.126428, -0.169414), (-11.76242, 1.097111, -0.016375), (-11.603191, 1.105683, -0.172454)
(-11.763065, 1.126428, -0.169414), (-11.603191, 1.105683, -0.172454), (-11.603693, 1.13284, -0.325751)
(-11.92254, 1.143416, -0.16684), (-11.921836, 1.112585, -0.013888), (-11.763065, 1.126428, -0.169414)
(-11.92254, 1.143416, -0.16684), (-11.763065, 1.126428, -0.169414), (-11.763662, 1.15554, -0.322593)
# -10.985101850019998, 0, -0.36768011668666384
(-10.79897, 0.994434, -0.657741), (-10.637721, 0.94819, -0.663954), (-10.63809, 0.968093, -0.817592)
(-10.79897, 0.994434, -0.657741), (-10.79858, 0.975298, -0.504045), (-10.637721, 0.94819, -0.663954)
(-10.96032, 1.038983, -0.65182), (-10.79897, 0.994434, -0.657741), (-10.799181, 1.015414, -0.81141)
(-10.96032, 1.038983, -0.65182), (-10.960063, 1.018453, -0.498106), (-10.79897, 0.994434, -0.657741)
(-11.12165, 1.081139, -0.646303), (-10.96032, 1.038983, -0.65182), (-10.960423, 1.061065, -0.805531)
(-11.12165, 1.081139, -0.646303), (-11.121463, 1.059129, -0.492583), (-10.96032, 1.038983, -0.65182)
(-11.282866, 1.120323, -0.641231), (-11.12165, 1.081139, -0.646303), (-11.121716, 1.10437, -0.800027)
(-11.282866, 1.120323, -0.641231), (-11.282681, 1.096732, -0.487537), (-11.12165, 1.081139, -0.646303)
(-10.79858, 0.975298, -0.504045), (-10.797959, 0.957733, -0.350421), (-10.637129, 0.930404, -0.510312)
(-10.79858, 0.975298, -0.504045), (-10.637129, 0.930404, -0.510312), (-10.637721, 0.94819, -0.663954)
(-10.960063, 1.018453, -0.498106), (-10.79858, 0.975298, -0.504045), (-10.79897, 0.994434, -0.657741)
(-10.960063, 1.018453, -0.498106), (-10.95961, 0.999121, -0.344464), (-10.79858, 0.975298, -0.504045)
(-11.121463, 1.059129, -0.492583), (-11.121113, 1.037947, -0.338948), (-10.960063, 1.018453, -0.498106)
(-11.121463, 1.059129, -0.492583), (-10.960063, 1.018453, -0.498106), (-10.96032, 1.038983, -0.65182)
(-11.282681, 1.096732, -0.487537), (-11.121463, 1.059129, -0.492583), (-11.12165, 1.081139, -0.646303)
(-11.282681, 1.096732, -0.487537), (-11.282396, 1.073809, -0.333902), (-11.121463, 1.059129, -0.492583)
(-10.797959, 0.957733, -0.350421), (-10.636282, 0.914489, -0.35672), (-10.637129, 0.930404, -0.510312)
(-10.797959, 0.957733, -0.350421), (-10.797063, 0.941332, -0.196936), (-10.636282, 0.914489, -0.35672)
(-10.95961, 0.999121, -0.344464), (-10.797959, 0.957733, -0.350421), (-10.79858, 0.975298, -0.504045)
(-10.95961, 0.999121, -0.344464), (-10.958919, 0.980609, -0.190961), (-10.797959, 0.957733, -0.350421)
(-11.121113, 1.037947, -0.338948), (-10.95961, 0.999121, -0.344464), (-10.960063, 1.018453, -0.498106)
(-11.121113, 1.037947, -0.338948), (-11.120557, 1.017213, -0.185466), (-10.95961, 0.999121, -0.344464)
(-11.282396, 1.073809, -0.333902), (-11.121113, 1.037947, -0.338948), (-11.121463, 1.059129, -0.492583)
(-11.282396, 1.073809, -0.333902), (-11.281905, 1.050801, -0.180471), (-11.121113, 1.037947, -0.338948)
(-10.797063, 0.941332, -0.196936), (-10.795843, 0.925603, -0.043681), (-10.635118, 0.900135, -0.203286)
(-10.797063, 0.941332, -0.196936), (-10.635118, 0.900135, -0.203286), (-10.636282, 0.914489, -0.35672)
(-10.958919, 0.980609, -0.190961), (-10.957936, 0.962444, -0.037683), (-10.797063, 0.941332, -0.196936)
(-10.958919, 0.980609, -0.190961), (-10.797063, 0.941332, -0.196936), (-10.797959, 0.957733, -0.350421)
(-11.120557, 1.017213, -0.185466), (-11.119745, 0.99658, -0.0322), (-10.958919, 0.980609, -0.190961)
(-11.120557, 1.017213, -0.185466), (-10.958919, 0.980609, -0.190961), (-10.95961, 0.999121, -0.344464)
(-11.281905, 1.050801, -0.180471), (-11.281215, 1.027753, -0.027236), (-11.120557, 1.017213, -0.185466)
(-11.281905, 1.050801, -0.180471), (-11.120557, 1.017213, -0.185466), (-11.121113, 1.037947, -0.338948)
(-10.795843, 0.925603, -0.043681), (-10.633646, 0.886918, -0.050027), (-10.635118, 0.900135, -0.203286)
(-10.795843, 0.925603, -0.043681), (-10.794402, 0.910564, 0.109472), (-10.633646, 0.886918, -0.050027)
(-10.957936, 0.962444, -0.037683), (-10.795843, 0.925603, -0.043681), (-10.797063, 0.941332, -0.196936)
(-10.957936, 0.962444, -0.037683), (-10.956744, 0.944774, 0.115473), (-10.795843, 0.925603, -0.043681)
# -10.317331616686666, 0, -0.36768011668666384
(-9.995472, 0.760587, -0.689361), (-9.835978, 0.717522, -0.695184), (-9.837399, 0.731209, -0.848826)
(-9.995472, 0.760587, -0.689361), (-9.993903, 0.748703, -0.535803), (-9.835978, 0.717522, -0.695184)
(-10.155457, 0.806167, -0.683188), (-9.995472, 0.760587, -0.689361), (-9.996698, 0.775337, -0.842971)
(-10.155457, 0.806167, -0.683188), (-10.154121, 0.792548, -0.529649), (-9.995472, 0.760587, -0.689361)
(-10.315871, 0.853201, -0.676807), (-10.155457, 0.806167, -0.683188), (-10.15646, 0.822106, -0.83678)
(-10.315871, 0.853201, -0.676807), (-10.314796, 0.838192, -0.523247), (-10.155457, 0.806167, -0.683188)
(-10.476656, 0.900951, -0.670353), (-10.315871, 0.853201, -0.676807), (-10.316659, 0.870687, -0.830388)
(-10.476656, 0.900951, -0.670353), (-10.475832, 0.884486, -0.516756), (-10.315871, 0.853201, -0.676807)
(-10.637721, 0.94819, -0.663954), (-10.476656, 0.900951, -0.670353), (-10.47723, 0.919712, -0.823954)
(-10.637721, 0.94819, -0.663954), (-10.637129, 0.930404, -0.510312), (-10.476656, 0.900951, -0.670353)
(-9.993903, 0.748703, -0.535803), (-9.834198, 0.707102, -0.541589), (-9.835978, 0.717522, -0.695184)
(-9.993903, 0.748703, -0.535803), (-9.991949, 0.739272, -0.382345), (-9.834198, 0.707102, -0.541589)
(-10.154121, 0.792548, -0.529649), (-10.152437, 0.781641, -0.376179), (-9.993903, 0.748703, -0.535803)
(-10.154121, 0.792548, -0.529649), (-9.993903, 0.748703, -0.535803), (-9.995472, 0.760587, -0.689361)
(-10.314796, 0.838192, -0.523247), (-10.154121, 0.792548, -0.529649), (-10.155457, 0.806167, -0.683188)
(-10.314796, 0.838192, -0.523247), (-10.313395, 0.825641, -0.369753), (-10.154121, 0.792548, -0.529649)
(-10.475832, 0.884486, -0.516756), (-10.474711, 0.870243, -0.363225), (-10.314796, 0.838192, -0.523247)
(-10.475832, 0.884486, -0.516756), (-10.314796, 0.838192, -0.523247), (-10.315871, 0.853201, -0.676807)
(-10.637129, 0.930404, -0.510312), (-10.475832, 0.884486, -0.516756), (-10.476656, 0.900951, -0.670353)
(-10.637129, 0.930404, -0.510312), (-10.636282, 0.914489, -0.35672), (-10.475832, 0.884486, -0.516756)
(-9.991949, 0.739272, -0.382345), (-9.832027, 0.699561, -0.38809), (-9.834198, 0.707102, -0.541589)
(-9.991949, 0.739272, -0.382345), (-9.989647, 0.733196, -0.228955), (-9.832027, 0.699561, -0.38809)
(-10.152437, 0.781641, -0.376179), (-9.991949, 0.739272, -0.382345), (-9.993903, 0.748703, -0.535803)
(-10.152437, 0.781641, -0.376179), (-10.150399, 0.773355, -0.222809), (-9.991949, 0.739272, -0.382345)
(-10.313395, 0.825641, -0.369753), (-10.152437, 0.781641, -0.376179), (-10.154121, 0.792548, -0.529649)
(-10.313395, 0.825641, -0.369753), (-10.311653, 0.815333, -0.216368), (-10.152437, 0.781641, -0.376179)
(-10.474711, 0.870243, -0.363225), (-10.313395, 0.825641, -0.369753), (-10.314796, 0.838192, -0.523247)
(-10.474711, 0.870243, -0.363225), (-10.473269, 0.857911, -0.209814), (-10.313395, 0.825641, -0.369753)
(-10.636282, 0.914489, -0.35672), (-10.474711, 0.870243, -0.363225), (-10.475832, 0.884486, -0.516756)
(-10.636282, 0.914489, -0.35672), (-10.635118, 0.900135, -0.203286), (-10.474711, 0.870243, -0.363225)
(-9.989647, 0.733196, -0.228955), (-9.98699, 0.729185, -0.075719), (-9.829501, 0.695471, -0.23466)
(-9.989647, 0.733196, -0.228955), (-9.829501, 0.695471, -0.23466), (-9.832027, 0.699561, -0.38809)
(-10.150399, 0.773355, -0.222809), (-10.148028, 0.767405, -0.069572), (-9.989647, 0.733196, -0.228955)
(-10.150399, 0.773355, -0.222809), (-9.989647, 0.733196, -0.228955), (-9.991949, 0.739272, -0.382345)
(-10.311653, 0.815333, -0.216368), (-10.309581, 0.806962, -0.063132), (-10.150399, 0.773355, -0.222809)
(-10.311653, 0.815333, -0.216368), (-10.150399, 0.773355, -0.222809), (-10.152437, 0.781641, -0.376179)
(-10.473269, 0.857911, -0.209814), (-10.471507, 0.847126, -0.056564), (-10.311653, 0.815333, -0.216368)
(-10.473269, 0.857911, -0.209814), (-10.311653, 0.815333, -0.216368), (-10.313395, 0.825641, -0.369753)
(-10.635118, 0.900135, -0.203286), (-10.633646, 0.886918, -0.050027), (-10.473269, 0.857911, -0.209814)
(-10.635118, 0.900135, -0.203286), (-10.473269, 0.857911, -0.209814), (-10.474711, 0.870243, -0.363225)
(-9.98699, 0.729185, -0.075719), (-9.826585, 0.693019, -0.081429), (-9.829501, 0.695471, -0.23466)
(-9.98699, 0.729185, -0.075719), (-9.984005, 0.72656, 0.077334), (-9.826585, 0.693019, -0.081429)
(-10.148028, 0.767405, -0.069572), (-9.98699, 0.729185, -0.075719), (-9.989647, 0.733196, -0.228955)
(-10.148028, 0.767405, -0.069572), (-10.145321, 0.762512, 0.083481), (-9.98699, 0.729185, -0.075719)
(-10.309581, 0.806962, -0.063132), (-10.148028, 0.767405, -0.069572), (-10.150399, 0.773355, -0.222809)
(-10.309581, 0.806962, -0.063132), (-10.307197, 0.799687, 0.089938), (-10.148028, 0.767405, -0.069572)
(-10.471507, 0.847126, -0.056564), (-10.309581, 0.806962, -0.063132), (-10.311653, 0.815333, -0.216368)
(-10.471507, 0.847126, -0.056564), (-10.469444, 0.837257, 0.096527), (-10.309581, 0.806962, -0.063132)
(-10.633646, 0.886918, -0.050027), (-10.471507, 0.847126, -0.056564), (-10.473269, 0.857911, -0.209814)
(-10.633646, 0.886918, -0.050027), (-10.631899, 0.874441, 0.103088), (-10.471507, 0.847126, -0.056564)
