# 0.3669921166466698, 0, 8.313332916646669
(0.591016, -0.713862, 8.121725), (0.748777, -0.711943, 8.121584), (0.74949, -0.676874, 7.965367)
(0.591016, -0.713862, 8.121725), (0.590476, -0.74399, 8.278022), (0.748777, -0.711943, 8.121584)
(0.433398, -0.714565, 8.121834), (0.432801, -0.743109, 8.278146), (0.591016, -0.713862, 8.121725)
(0.433398, -0.714565, 8.121834), (0.591016, -0.713862, 8.121725), (0.591795, -0.680431, 7.965487)
(0.275918, -0.714264, 8.121913), (0.433398, -0.714565, 8.121834), (0.43423, -0.682915, 7.965577)
(0.275918, -0.714264, 8.121913), (0.275275, -0.741134, 8.278237), (0.433398, -0.714565, 8.121834)
(0.118582, -0.713008, 8.121966), (0.117884, -0.738366, 8.278299), (0.275918, -0.714264, 8.121913)
(0.118582, -0.713008, 8.121966), (0.275918, -0.714264, 8.121913), (0.276797, -0.684414, 7.965639)
(0.590476, -0.74399, 8.278022), (0.74828, -0.743848, 8.277865), (0.748777, -0.711943, 8.121584)
(0.590476, -0.74399, 8.278022), (0.590136, -0.770799, 8.434387), (0.74828, -0.743848, 8.277865)
(0.432801, -0.743109, 8.278146), (0.590476, -0.74399, 8.278022), (0.591016, -0.713862, 8.121725)
(0.432801, -0.743109, 8.278146), (0.43242, -0.76838, 8.434518), (0.590476, -0.74399, 8.278022)
(0.275275, -0.741134, 8.278237), (0.432801, -0.743109, 8.278146), (0.433398, -0.714565, 8.121834)
(0.275275, -0.741134, 8.278237), (0.27483, -0.765168, 8.434613), (0.432801, -0.743109, 8.278146)
(0.117884, -0.738366, 8.278299), (0.275275, -0.741134, 8.278237), (0.275918, -0.714264, 8.121913)
(0.117884, -0.738366, 8.278299), (0.1174, -0.760903, 8.434681), (0.275275, -0.741134, 8.278237)
(0.590136, -0.770799, 8.434387), (0.589889, -0.795361, 8.590814), (0.747975, -0.772296, 8.43422)
(0.590136, -0.770799, 8.434387), (0.747975, -0.772296, 8.43422), (0.74828, -0.743848, 8.277865)
(0.43242, -0.76838, 8.434518), (0.432127, -0.791636, 8.590942), (0.590136, -0.770799, 8.434387)
(0.43242, -0.76838, 8.434518), (0.590136, -0.770799, 8.434387), (0.590476, -0.74399, 8.278022)
(0.27483, -0.765168, 8.434613), (0.274497, -0.787069, 8.591039), (0.43242, -0.76838, 8.434518)
(0.27483, -0.765168, 8.434613), (0.43242, -0.76838, 8.434518), (0.432801, -0.743109, 8.278146)
(0.1174, -0.760903, 8.434681), (0.117019, -0.781564, 8.591105), (0.27483, -0.765168, 8.434613)
(0.1174, -0.760903, 8.434681), (0.27483, -0.765168, 8.434613), (0.275275, -0.741134, 8.278237)
(0.589889, -0.795361, 8.590814), (0.747763, -0.798357, 8.590644), (0.747975, -0.772296, 8.43422)
(0.589889, -0.795361, 8.590814), (0.589713, -0.817555, 8.7473), (0.747763, -0.798357, 8.590644)
(0.432127, -0.791636, 8.590942), (0.589889, -0.795361, 8.590814), (0.590136, -0.770799, 8.434387)
(0.432127, -0.791636, 8.590942), (0.43192, -0.812557, 8.747423), (0.589889, -0.795361, 8.590814)
(0.274497, -0.787069, 8.591039), (0.432127, -0.791636, 8.590942), (0.43242, -0.76838, 8.434518)
(0.274497, -0.787069, 8.591039), (0.274267, -0.806617, 8.747513), (0.432127, -0.791636, 8.590942)
(0.117019, -0.781564, 8.591105), (0.274497, -0.787069, 8.591039), (0.27483, -0.765168, 8.434613)
(0.117019, -0.781564, 8.591105), (0.116754, -0.799972, 8.747573), (0.274497, -0.787069, 8.591039)
# 1.0347623499800032, 0, 8.313332916646669
(1.222566, -0.701373, 8.120945), (1.380639, -0.695898, 8.12067), (1.38108, -0.654972, 7.964552)
(1.222566, -0.701373, 8.120945), (1.222248, -0.737714, 8.277176), (1.380639, -0.695898, 8.12067)
(1.064559, -0.7058, 8.121193), (1.064176, -0.740802, 8.277439), (1.222566, -0.701373, 8.120945)
(1.064559, -0.7058, 8.121193), (1.222566, -0.701373, 8.120945), (1.223094, -0.661475, 7.964805)
(0.906624, -0.709308, 8.121406), (1.064559, -0.7058, 8.121193), (1.065151, -0.667402, 7.965026)
(0.906624, -0.709308, 8.121406), (0.906188, -0.742734, 8.277671), (1.064559, -0.7058, 8.121193)
(0.748777, -0.711943, 8.121584), (0.74828, -0.743848, 8.277865), (0.906624, -0.709308, 8.121406)
(0.748777, -0.711943, 8.121584), (0.906624, -0.709308, 8.121406), (0.907277, -0.672557, 7.965214)
(1.222248, -0.737714, 8.277176), (1.380377, -0.733634, 8.276881), (1.380639, -0.695898, 8.12067)
(1.222248, -0.737714, 8.277176), (1.222092, -0.770253, 8.43351), (1.380377, -0.733634, 8.276881)
(1.064176, -0.740802, 8.277439), (1.222248, -0.737714, 8.277176), (1.222566, -0.701373, 8.120945)
(1.064176, -0.740802, 8.277439), (1.063976, -0.771914, 8.433783), (1.222248, -0.737714, 8.277176)
(0.906188, -0.742734, 8.277671), (1.064176, -0.740802, 8.277439), (1.064559, -0.7058, 8.121193)
(0.906188, -0.742734, 8.277671), (0.905926, -0.772739, 8.434018), (1.064176, -0.740802, 8.277439)
(0.74828, -0.743848, 8.277865), (0.906188, -0.742734, 8.277671), (0.906624, -0.709308, 8.121406)
(0.74828, -0.743848, 8.277865), (0.747975, -0.772296, 8.43422), (0.906188, -0.742734, 8.277671)
(1.222092, -0.770253, 8.43351), (1.22201, -0.800158, 8.589936), (1.380264, -0.767608, 8.433207)
(1.222092, -0.770253, 8.43351), (1.380264, -0.767608, 8.433207), (1.380377, -0.733634, 8.276881)
(1.063976, -0.771914, 8.433783), (1.063848, -0.80062, 8.590206), (1.222092, -0.770253, 8.43351)
(1.063976, -0.771914, 8.433783), (1.222092, -0.770253, 8.43351), (1.222248, -0.737714, 8.277176)
(0.905926, -0.772739, 8.434018), (0.905758, -0.800093, 8.590442), (1.063976, -0.771914, 8.433783)
(0.905926, -0.772739, 8.434018), (1.063976, -0.771914, 8.433783), (1.064176, -0.740802, 8.277439)
(0.747975, -0.772296, 8.43422), (0.747763, -0.798357, 8.590644), (0.905926, -0.772739, 8.434018)
(0.747975, -0.772296, 8.43422), (0.905926, -0.772739, 8.434018), (0.906188, -0.742734, 8.277671)
(1.22201, -0.800158, 8.589936), (1.380222, -0.798872, 8.589629), (1.380264, -0.767608, 8.433207)
(1.22201, -0.800158, 8.589936), (1.221974, -0.827196, 8.746458), (1.380222, -0.798872, 8.589629)
(1.063848, -0.80062, 8.590206), (1.22201, -0.800158, 8.589936), (1.222092, -0.770253, 8.43351)
(1.063848, -0.80062, 8.590206), (1.06378, -0.826397, 8.74672), (1.22201, -0.800158, 8.589936)
(0.905758, -0.800093, 8.590442), (1.063848, -0.80062, 8.590206), (1.063976, -0.771914, 8.433783)
(0.905758, -0.800093, 8.590442), (0.905666, -0.82435, 8.746951), (1.063848, -0.80062, 8.590206)
(0.747763, -0.798357, 8.590644), (0.905758, -0.800093, 8.590442), (0.905926, -0.772739, 8.434018)
(0.747763, -0.798357, 8.590644), (0.747641, -0.821344, 8.747145), (0.905758, -0.800093, 8.590442)
# 1.7025325833133367, 0, 8.313332916646669
(2.013135, -0.667011, 8.119374), (2.013123, -0.708356, 8.275524), (2.171252, -0.658363, 8.11904)
(2.013135, -0.667011, 8.119374), (2.171252, -0.658363, 8.11904), (2.17134, -0.613744, 7.963033)
(1.854996, -0.675384, 8.119706), (2.013135, -0.667011, 8.119374), (2.013296, -0.622707, 7.963348)
(1.854996, -0.675384, 8.119706), (1.854923, -0.71598, 8.275872), (2.013135, -0.667011, 8.119374)
(1.696862, -0.682953, 8.120042), (1.696724, -0.72281, 8.276221), (1.854996, -0.675384, 8.119706)
(1.696862, -0.682953, 8.120042), (1.854996, -0.675384, 8.119706), (1.855232, -0.631495, 7.963664)
(1.538739, -0.689791, 8.120366), (1.696862, -0.682953, 8.120042), (1.69717, -0.639816, 7.963975)
(1.538739, -0.689791, 8.120366), (1.538542, -0.728601, 8.276563), (1.696862, -0.682953, 8.120042)
(1.380639, -0.695898, 8.12067), (1.380377, -0.733634, 8.276881), (1.538739, -0.689791, 8.120366)
(1.380639, -0.695898, 8.12067), (1.538739, -0.689791, 8.120366), (1.539114, -0.647674, 7.964273)
(2.013123, -0.708356, 8.275524), (2.171307, -0.70005, 8.275183), (2.171252, -0.658363, 8.11904)
(2.013123, -0.708356, 8.275524), (2.013221, -0.746092, 8.431828), (2.171307, -0.70005, 8.275183)
(1.854923, -0.71598, 8.275872), (2.013123, -0.708356, 8.275524), (2.013135, -0.667011, 8.119374)
(1.854923, -0.71598, 8.275872), (1.85497, -0.752831, 8.432187), (2.013123, -0.708356, 8.275524)
(1.696724, -0.72281, 8.276221), (1.854923, -0.71598, 8.275872), (1.854996, -0.675384, 8.119706)
(1.696724, -0.72281, 8.276221), (1.69672, -0.758698, 8.432541), (1.854923, -0.71598, 8.275872)
(1.538542, -0.728601, 8.276563), (1.696724, -0.72281, 8.276221), (1.696862, -0.682953, 8.120042)
(1.538542, -0.728601, 8.276563), (1.538478, -0.76381, 8.432878), (1.696724, -0.72281, 8.276221)
(1.380377, -0.733634, 8.276881), (1.538542, -0.728601, 8.276563), (1.538739, -0.689791, 8.120366)
(1.380377, -0.733634, 8.276881), (1.380264, -0.767608, 8.433207), (1.538542, -0.728601, 8.276563)
(2.013221, -0.746092, 8.431828), (2.013373, -0.781, 8.588261), (2.171461, -0.738381, 8.43148)
(2.013221, -0.746092, 8.431828), (2.171461, -0.738381, 8.43148), (2.171307, -0.70005, 8.275183)
(1.85497, -0.752831, 8.432187), (1.855072, -0.786884, 8.58862), (2.013221, -0.746092, 8.431828)
(1.85497, -0.752831, 8.432187), (2.013221, -0.746092, 8.431828), (2.013123, -0.708356, 8.275524)
(1.69672, -0.758698, 8.432541), (1.696772, -0.791986, 8.588968), (1.85497, -0.752831, 8.432187)
(1.69672, -0.758698, 8.432541), (1.85497, -0.752831, 8.432187), (1.854923, -0.71598, 8.275872)
(1.538478, -0.76381, 8.432878), (1.538483, -0.796094, 8.589305), (1.69672, -0.758698, 8.432541)
(1.538478, -0.76381, 8.432878), (1.69672, -0.758698, 8.432541), (1.696724, -0.72281, 8.276221)
(1.380264, -0.767608, 8.433207), (1.380222, -0.798872, 8.589629), (1.538478, -0.76381, 8.432878)
(1.380264, -0.767608, 8.433207), (1.538478, -0.76381, 8.432878), (1.538542, -0.728601, 8.276563)
(2.013373, -0.781, 8.588261), (2.171667, -0.773746, 8.58792), (2.171461, -0.738381, 8.43148)
(2.013373, -0.781, 8.588261), (2.013548, -0.812086, 8.744856), (2.171667, -0.773746, 8.58792)
(1.855072, -0.786884, 8.58862), (2.013373, -0.781, 8.588261), (2.013221, -0.746092, 8.431828)
(1.855072, -0.786884, 8.58862), (1.8552, -0.817865, 8.745185), (2.013373, -0.781, 8.588261)
(1.696772, -0.791986, 8.588968), (1.855072, -0.786884, 8.58862), (1.85497, -0.752831, 8.432187)
(1.696772, -0.791986, 8.588968), (1.696857, -0.82205, 8.745523), (1.855072, -0.786884, 8.58862)
(1.538483, -0.796094, 8.589305), (1.696772, -0.791986, 8.588968), (1.69672, -0.758698, 8.432541)
(1.538483, -0.796094, 8.589305), (1.53853, -0.824834, 8.745858), (1.696772, -0.791986, 8.588968)
(1.380222, -0.798872, 8.589629), (1.538483, -0.796094, 8.589305), (1.538478, -0.76381, 8.432878)
(1.380222, -0.798872, 8.589629), (1.380233, -0.826489, 8.746171), (1.538483, -0.796094, 8.589305)
# 2.37030281664667, 0, 8.313332916646669
(2.645476, -0.630052, 8.118179), (2.64573, -0.671685, 8.274303), (2.803497, -0.620157, 8.117966)
(2.645476, -0.630052, 8.118179), (2.803497, -0.620157, 8.117966), (2.803287, -0.576612, 7.96199)
(2.487424, -0.639884, 8.118428), (2.645476, -0.630052, 8.118179), (2.645336, -0.585998, 7.962197)
(2.487424, -0.639884, 8.118428), (2.487612, -0.681729, 8.274556), (2.645476, -0.630052, 8.118179)
(2.329349, -0.649321, 8.118721), (2.329468, -0.691246, 8.274851), (2.487424, -0.639884, 8.118428)
(2.329349, -0.649321, 8.118721), (2.487424, -0.639884, 8.118428), (2.487365, -0.5953, 7.96245)
(2.171252, -0.658363, 8.11904), (2.329349, -0.649321, 8.118721), (2.329364, -0.604587, 7.96273)
(2.171252, -0.658363, 8.11904), (2.171307, -0.70005, 8.275183), (2.329349, -0.649321, 8.118721)
(2.64573, -0.671685, 8.274303), (2.803818, -0.661356, 8.27409), (2.803497, -0.620157, 8.117966)
(2.64573, -0.671685, 8.274303), (2.646066, -0.710254, 8.430608), (2.803818, -0.661356, 8.27409)
(2.487612, -0.681729, 8.274556), (2.64573, -0.671685, 8.274303), (2.645476, -0.630052, 8.118179)
(2.487612, -0.681729, 8.274556), (2.487887, -0.720375, 8.430861), (2.64573, -0.671685, 8.274303)
(2.329468, -0.691246, 8.274851), (2.487612, -0.681729, 8.274556), (2.487424, -0.639884, 8.118428)
(2.329468, -0.691246, 8.274851), (2.329685, -0.729634, 8.431161), (2.487612, -0.681729, 8.274556)
(2.171307, -0.70005, 8.275183), (2.329468, -0.691246, 8.274851), (2.329349, -0.649321, 8.118721)
(2.171307, -0.70005, 8.275183), (2.171461, -0.738381, 8.43148), (2.329468, -0.691246, 8.274851)
(2.646066, -0.710254, 8.430608), (2.646441, -0.746278, 8.587055), (2.804215, -0.699782, 8.43039)
(2.646066, -0.710254, 8.430608), (2.804215, -0.699782, 8.43039), (2.803818, -0.661356, 8.27409)
(2.487887, -0.720375, 8.430861), (2.488206, -0.75626, 8.587309), (2.646066, -0.710254, 8.430608)
(2.487887, -0.720375, 8.430861), (2.646066, -0.710254, 8.430608), (2.64573, -0.671685, 8.274303)
(2.329685, -0.729634, 8.431161), (2.329946, -0.765385, 8.587603), (2.487887, -0.720375, 8.430861)
(2.329685, -0.729634, 8.431161), (2.487887, -0.720375, 8.430861), (2.487612, -0.681729, 8.274556)
(2.171461, -0.738381, 8.43148), (2.171667, -0.773746, 8.58792), (2.329685, -0.729634, 8.431161)
(2.171461, -0.738381, 8.43148), (2.329685, -0.729634, 8.431161), (2.329468, -0.691246, 8.274851)
(2.646441, -0.746278, 8.587055), (2.804648, -0.735603, 8.586844), (2.804215, -0.699782, 8.43039)
(2.646441, -0.746278, 8.587055), (2.646822, -0.778917, 8.743686), (2.804648, -0.735603, 8.586844)
(2.488206, -0.75626, 8.587309), (2.646441, -0.746278, 8.587055), (2.646066, -0.710254, 8.430608)
(2.488206, -0.75626, 8.587309), (2.488536, -0.789073, 8.743919), (2.646441, -0.746278, 8.587055)
(2.329946, -0.765385, 8.587603), (2.488206, -0.75626, 8.587309), (2.487887, -0.720375, 8.430861)
(2.329946, -0.765385, 8.587603), (2.330223, -0.797885, 8.744206), (2.488206, -0.75626, 8.587309)
(2.171667, -0.773746, 8.58792), (2.329946, -0.765385, 8.587603), (2.329685, -0.729634, 8.431161)
(2.171667, -0.773746, 8.58792), (2.171891, -0.805485, 8.744526), (2.329946, -0.765385, 8.587603)
# 3.038073049980004, 0, 8.313332916646669
(3.277382, -0.589566, 8.117677), (3.277894, -0.628778, 8.273792), (3.435266, -0.57917, 8.117709)
(3.277382, -0.589566, 8.117677), (3.435266, -0.57917, 8.117709), (3.434772, -0.539088, 7.961739)
(3.119452, -0.59995, 8.117702), (3.277382, -0.589566, 8.117677), (3.276958, -0.548483, 7.961708)
(3.119452, -0.59995, 8.117702), (3.119902, -0.639909, 8.273825), (3.277382, -0.589566, 8.117677)
(2.96149, -0.610132, 8.117803), (2.961875, -0.650813, 8.273923), (3.119452, -0.59995, 8.117702)
(2.96149, -0.610132, 8.117803), (3.119452, -0.59995, 8.117702), (3.119099, -0.557886, 7.961736)
(2.803497, -0.620157, 8.117966), (2.96149, -0.610132, 8.117803), (2.961209, -0.567244, 7.961835)
(2.803497, -0.620157, 8.117966), (2.803818, -0.661356, 8.27409), (2.96149, -0.610132, 8.117803)
(3.277894, -0.628778, 8.273792), (3.435843, -0.61745, 8.273826), (3.435266, -0.57917, 8.117709)
(3.277894, -0.628778, 8.273792), (3.278466, -0.665557, 8.430088), (3.435843, -0.61745, 8.273826)
(3.119902, -0.639909, 8.273825), (3.277894, -0.628778, 8.273792), (3.277382, -0.589566, 8.117677)
(3.119902, -0.639909, 8.273825), (3.120417, -0.677283, 8.430131), (3.277894, -0.628778, 8.273792)
(2.961875, -0.650813, 8.273923), (3.119902, -0.639909, 8.273825), (3.119452, -0.59995, 8.117702)
(2.961875, -0.650813, 8.273923), (2.962332, -0.688669, 8.430235), (3.119902, -0.639909, 8.273825)
(2.803818, -0.661356, 8.27409), (2.961875, -0.650813, 8.273923), (2.96149, -0.610132, 8.117803)
(2.803818, -0.661356, 8.27409), (2.804215, -0.699782, 8.43039), (2.961875, -0.650813, 8.273923)
(3.278466, -0.665557, 8.430088), (3.279064, -0.700014, 8.586533), (3.43647, -0.653452, 8.430117)
(3.278466, -0.665557, 8.430088), (3.43647, -0.653452, 8.430117), (3.435843, -0.61745, 8.273826)
(3.120417, -0.677283, 8.430131), (3.120961, -0.712266, 8.586586), (3.278466, -0.665557, 8.430088)
(3.120417, -0.677283, 8.430131), (3.278466, -0.665557, 8.430088), (3.277894, -0.628778, 8.273792)
(2.962332, -0.688669, 8.430235), (2.962821, -0.724176, 8.586689), (3.120417, -0.677283, 8.430131)
(2.962332, -0.688669, 8.430235), (3.120417, -0.677283, 8.430131), (3.119902, -0.639909, 8.273825)
(2.804215, -0.699782, 8.43039), (2.804648, -0.735603, 8.586844), (2.962332, -0.688669, 8.430235)
(2.804215, -0.699782, 8.43039), (2.962332, -0.688669, 8.430235), (2.961875, -0.650813, 8.273923)
(3.279064, -0.700014, 8.586533), (3.43712, -0.687137, 8.586558), (3.43647, -0.653452, 8.430117)
(3.279064, -0.700014, 8.586533), (3.279653, -0.731407, 8.743165), (3.43712, -0.687137, 8.586558)
(3.120961, -0.712266, 8.586586), (3.279064, -0.700014, 8.586533), (3.278466, -0.665557, 8.430088)
(3.120961, -0.712266, 8.586586), (3.121506, -0.744532, 8.743202), (3.279064, -0.700014, 8.586533)
(2.962821, -0.724176, 8.586689), (3.120961, -0.712266, 8.586586), (3.120417, -0.677283, 8.430131)
(2.962821, -0.724176, 8.586689), (2.963314, -0.756798, 8.743309), (3.120961, -0.712266, 8.586586)
(2.804648, -0.735603, 8.586844), (2.962821, -0.724176, 8.586689), (2.962332, -0.688669, 8.430235)
(2.804648, -0.735603, 8.586844), (2.805084, -0.768221, 8.743477), (2.962821, -0.724176, 8.586689)
# 3.705843283313337, 0, 8.313332916646669
(3.435266, -0.57917, 8.117709), (3.593102, -0.568656, 8.117809), (3.592539, -0.529602, 7.96184)
(3.435266, -0.57917, 8.117709), (3.435843, -0.61745, 8.273826), (3.593102, -0.568656, 8.117809)
(3.593102, -0.568656, 8.117809), (3.593742, -0.605973, 8.273924), (3.750883, -0.557936, 8.117982)
(3.593102, -0.568656, 8.117809), (3.750883, -0.557936, 8.117982), (3.750248, -0.519948, 7.962008)
(3.750883, -0.557936, 8.117982), (3.908596, -0.546911, 8.11823), (3.907891, -0.510075, 7.962242)
(3.750883, -0.557936, 8.117982), (3.751584, -0.594213, 8.274098), (3.908596, -0.546911, 8.11823)
(3.908596, -0.546911, 8.11823), (3.909359, -0.582203, 8.274343), (4.066229, -0.535636, 8.11854)
(3.908596, -0.546911, 8.11823), (4.066229, -0.535636, 8.11854), (4.065455, -0.499803, 7.962549)
(3.435843, -0.61745, 8.273826), (3.593742, -0.605973, 8.273924), (3.593102, -0.568656, 8.117809)
(3.435843, -0.61745, 8.273826), (3.43647, -0.653452, 8.430117), (3.593742, -0.605973, 8.273924)
(3.593742, -0.605973, 8.273924), (3.751584, -0.594213, 8.274098), (3.750883, -0.557936, 8.117982)
(3.593742, -0.605973, 8.273924), (3.594422, -0.640953, 8.430221), (3.751584, -0.594213, 8.274098)
(3.751584, -0.594213, 8.274098), (3.909359, -0.582203, 8.274343), (3.908596, -0.546911, 8.11823)
(3.751584, -0.594213, 8.274098), (3.752317, -0.62828, 8.430384), (3.909359, -0.582203, 8.274343)
(3.909359, -0.582203, 8.274343), (4.067051, -0.569897, 8.27465), (4.066229, -0.535636, 8.11854)
(3.909359, -0.582203, 8.274343), (3.910144, -0.615362, 8.43061), (4.067051, -0.569897, 8.27465)
(3.43647, -0.653452, 8.430117), (3.43712, -0.687137, 8.586558), (3.594422, -0.640953, 8.430221)
(3.43647, -0.653452, 8.430117), (3.594422, -0.640953, 8.430221), (3.593742, -0.605973, 8.273924)
(3.594422, -0.640953, 8.430221), (3.595121, -0.673825, 8.586651), (3.752317, -0.62828, 8.430384)
(3.594422, -0.640953, 8.430221), (3.752317, -0.62828, 8.430384), (3.751584, -0.594213, 8.274098)
(3.752317, -0.62828, 8.430384), (3.753064, -0.66024, 8.586802), (3.910144, -0.615362, 8.43061)
(3.752317, -0.62828, 8.430384), (3.910144, -0.615362, 8.43061), (3.909359, -0.582203, 8.274343)
(3.910144, -0.615362, 8.43061), (3.910939, -0.646443, 8.587007), (4.067886, -0.602072, 8.430903)
(3.910144, -0.615362, 8.43061), (4.067886, -0.602072, 8.430903), (4.067051, -0.569897, 8.27465)
(3.43712, -0.687137, 8.586558), (3.595121, -0.673825, 8.586651), (3.594422, -0.640953, 8.430221)
(3.43712, -0.687137, 8.586558), (3.437757, -0.717946, 8.743175), (3.595121, -0.673825, 8.586651)
(3.595121, -0.673825, 8.586651), (3.753064, -0.66024, 8.586802), (3.752317, -0.62828, 8.430384)
(3.595121, -0.673825, 8.586651), (3.595809, -0.704059, 8.743239), (3.753064, -0.66024, 8.586802)
(3.753064, -0.66024, 8.586802), (3.910939, -0.646443, 8.587007), (3.910144, -0.615362, 8.43061)
(3.753064, -0.66024, 8.586802), (3.753794, -0.689669, 8.743368), (3.910939, -0.646443, 8.587007)
(3.910939, -0.646443, 8.587007), (4.068723, -0.632161, 8.587281), (4.067886, -0.602072, 8.430903)
(3.910939, -0.646443, 8.587007), (3.911698, -0.674742, 8.743561), (4.068723, -0.632161, 8.587281)
# 4.373613516646671, 0, 8.313332916646669
(4.066229, -0.535636, 8.11854), (4.223771, -0.523987, 8.118908), (4.222926, -0.489057, 7.962916)
(4.066229, -0.535636, 8.11854), (4.067051, -0.569897, 8.27465), (4.223771, -0.523987, 8.118908)
(4.223771, -0.523987, 8.118908), (4.224651, -0.55729, 8.275014), (4.381203, -0.511822, 8.11934)
(4.223771, -0.523987, 8.118908), (4.381203, -0.511822, 8.11934), (4.380288, -0.477738, 7.963344)
(4.381203, -0.511822, 8.11934), (4.538502, -0.498957, 8.119832), (4.537521, -0.465672, 7.963824)
(4.381203, -0.511822, 8.11934), (4.382139, -0.544187, 8.275443), (4.538502, -0.498957, 8.119832)
(4.538502, -0.498957, 8.119832), (4.5395, -0.530595, 8.275923), (4.69567, -0.485654, 8.120355)
(4.538502, -0.498957, 8.119832), (4.69567, -0.485654, 8.120355), (4.694621, -0.452975, 7.964344)
(4.69567, -0.485654, 8.120355), (4.852691, -0.471756, 8.120911), (4.851571, -0.439485, 7.964893)
(4.69567, -0.485654, 8.120355), (4.696723, -0.51653, 8.276443), (4.852691, -0.471756, 8.120911)
(4.067051, -0.569897, 8.27465), (4.224651, -0.55729, 8.275014), (4.223771, -0.523987, 8.118908)
(4.067051, -0.569897, 8.27465), (4.067886, -0.602072, 8.430903), (4.224651, -0.55729, 8.275014)
(4.224651, -0.55729, 8.275014), (4.382139, -0.544187, 8.275443), (4.381203, -0.511822, 8.11934)
(4.224651, -0.55729, 8.275014), (4.225525, -0.588319, 8.431263), (4.382139, -0.544187, 8.275443)
(4.382139, -0.544187, 8.275443), (4.5395, -0.530595, 8.275923), (4.538502, -0.498957, 8.119832)
(4.382139, -0.544187, 8.275443), (4.383059, -0.57429, 8.431671), (4.5395, -0.530595, 8.275923)
(4.5395, -0.530595, 8.275923), (4.696723, -0.51653, 8.276443), (4.69567, -0.485654, 8.120355)
(4.5395, -0.530595, 8.275923), (4.540468, -0.559915, 8.432125), (4.696723, -0.51653, 8.276443)
(4.696723, -0.51653, 8.276443), (4.853799, -0.502053, 8.276995), (4.852691, -0.471756, 8.120911)
(4.696723, -0.51653, 8.276443), (4.697734, -0.54506, 8.432624), (4.853799, -0.502053, 8.276995)
(4.067886, -0.602072, 8.430903), (4.068723, -0.632161, 8.587281), (4.225525, -0.588319, 8.431263)
(4.067886, -0.602072, 8.430903), (4.225525, -0.588319, 8.431263), (4.224651, -0.55729, 8.275014)
(4.225525, -0.588319, 8.431263), (4.226403, -0.617444, 8.587614), (4.383059, -0.57429, 8.431671)
(4.225525, -0.588319, 8.431263), (4.383059, -0.57429, 8.431671), (4.382139, -0.544187, 8.275443)
(4.383059, -0.57429, 8.431671), (4.38397, -0.602422, 8.587994), (4.540468, -0.559915, 8.432125)
(4.383059, -0.57429, 8.431671), (4.540468, -0.559915, 8.432125), (4.5395, -0.530595, 8.275923)
(4.540468, -0.559915, 8.432125), (4.541419, -0.587178, 8.588415), (4.697734, -0.54506, 8.432624)
(4.540468, -0.559915, 8.432125), (4.697734, -0.54506, 8.432624), (4.696723, -0.51653, 8.276443)
(4.697734, -0.54506, 8.432624), (4.698713, -0.571393, 8.588882), (4.854833, -0.529615, 8.433165)
(4.697734, -0.54506, 8.432624), (4.854833, -0.529615, 8.433165), (4.853799, -0.502053, 8.276995)
(4.068723, -0.632161, 8.587281), (4.226403, -0.617444, 8.587614), (4.225525, -0.588319, 8.431263)
(4.068723, -0.632161, 8.587281), (4.06952, -0.659555, 8.7438), (4.226403, -0.617444, 8.587614)
(4.226403, -0.617444, 8.587614), (4.38397, -0.602422, 8.587994), (4.383059, -0.57429, 8.431671)
(4.226403, -0.617444, 8.587614), (4.22724, -0.644042, 8.744086), (4.38397, -0.602422, 8.587994)
(4.38397, -0.602422, 8.587994), (4.541419, -0.587178, 8.588415), (4.540468, -0.559915, 8.432125)
(4.38397, -0.602422, 8.587994), (4.384836, -0.628055, 8.744426), (4.541419, -0.587178, 8.588415)
(4.541419, -0.587178, 8.588415), (4.698713, -0.571393, 8.588882), (4.697734, -0.54506, 8.432624)
(4.541419, -0.587178, 8.588415), (4.542285, -0.611497, 8.744814), (4.698713, -0.571393, 8.588882)
(4.698713, -0.571393, 8.588882), (4.855842, -0.555141, 8.58939), (4.854833, -0.529615, 8.433165)
(4.698713, -0.571393, 8.588882), (4.699599, -0.594784, 8.745234), (4.855842, -0.555141, 8.58939)
# 5.041383749980003, 0, 8.313332916646669
(4.852691, -0.471756, 8.120911), (4.853799, -0.502053, 8.276995), (5.009547, -0.457148, 8.121497)
(4.852691, -0.471756, 8.120911), (5.009547, -0.457148, 8.121497), (5.00836, -0.425183, 7.96547)
(5.009547, -0.457148, 8.121497), (5.166221, -0.441723, 8.122104), (5.164988, -0.410157, 7.966062)
(5.009547, -0.457148, 8.121497), (5.010701, -0.486884, 8.27758), (5.166221, -0.441723, 8.122104)
(5.166221, -0.441723, 8.122104), (5.167422, -0.471086, 8.278185), (5.322733, -0.425849, 8.122713)
(5.166221, -0.441723, 8.122104), (5.322733, -0.425849, 8.122713), (5.321434, -0.394191, 7.966662)
(5.322733, -0.425849, 8.122713), (5.479076, -0.409465, 8.123321), (5.477707, -0.377428, 7.967258)
(5.322733, -0.425849, 8.122713), (5.323979, -0.454965, 8.278794), (5.479076, -0.409465, 8.123321)
(4.853799, -0.502053, 8.276995), (5.010701, -0.486884, 8.27758), (5.009547, -0.457148, 8.121497)
(4.853799, -0.502053, 8.276995), (4.854833, -0.529615, 8.433165), (5.010701, -0.486884, 8.27758)
(5.010701, -0.486884, 8.27758), (5.167422, -0.471086, 8.278185), (5.166221, -0.441723, 8.122104)
(5.010701, -0.486884, 8.27758), (5.011777, -0.51387, 8.433726), (5.167422, -0.471086, 8.278185)
(5.167422, -0.471086, 8.278185), (5.323979, -0.454965, 8.278794), (5.322733, -0.425849, 8.122713)
(5.167422, -0.471086, 8.278185), (5.168531, -0.497525, 8.434314), (5.323979, -0.454965, 8.278794)
(5.323979, -0.454965, 8.278794), (5.480375, -0.438651, 8.279404), (5.479076, -0.409465, 8.123321)
(5.323979, -0.454965, 8.278794), (5.325126, -0.481083, 8.434907), (5.480375, -0.438651, 8.279404)
(4.854833, -0.529615, 8.433165), (4.855842, -0.555141, 8.58939), (5.011777, -0.51387, 8.433726)
(4.854833, -0.529615, 8.433165), (5.011777, -0.51387, 8.433726), (5.010701, -0.486884, 8.27758)
(5.011777, -0.51387, 8.433726), (5.012808, -0.538604, 8.589922), (5.168531, -0.497525, 8.434314)
(5.011777, -0.51387, 8.433726), (5.168531, -0.497525, 8.434314), (5.167422, -0.471086, 8.278185)
(5.168531, -0.497525, 8.434314), (5.169592, -0.521682, 8.590476), (5.325126, -0.481083, 8.434907)
(5.168531, -0.497525, 8.434314), (5.325126, -0.481083, 8.434907), (5.323979, -0.454965, 8.278794)
(5.325126, -0.481083, 8.434907), (5.326204, -0.504627, 8.591043), (5.481534, -0.464274, 8.435504)
(5.325126, -0.481083, 8.434907), (5.481534, -0.464274, 8.435504), (5.480375, -0.438651, 8.279404)
(4.855842, -0.555141, 8.58939), (5.012808, -0.538604, 8.589922), (5.011777, -0.51387, 8.433726)
(4.855842, -0.555141, 8.58939), (4.856764, -0.577871, 8.745683), (5.012808, -0.538604, 8.589922)
(5.012808, -0.538604, 8.589922), (5.169592, -0.521682, 8.590476), (5.168531, -0.497525, 8.434314)
(5.012808, -0.538604, 8.589922), (5.013747, -0.560529, 8.746164), (5.169592, -0.521682, 8.590476)
(5.169592, -0.521682, 8.590476), (5.326204, -0.504627, 8.591043), (5.325126, -0.481083, 8.434907)
(5.169592, -0.521682, 8.590476), (5.170521, -0.542605, 8.746677), (5.326204, -0.504627, 8.591043)
(5.326204, -0.504627, 8.591043), (5.482632, -0.487382, 8.591619), (5.481534, -0.464274, 8.435504)
(5.326204, -0.504627, 8.591043), (5.327143, -0.524878, 8.747202), (5.482632, -0.487382, 8.591619)
# 5.709153983313337, 0, 8.313332916646669
(5.479076, -0.409465, 8.123321), (5.480375, -0.438651, 8.279404), (5.635242, -0.392537, 8.123916)
(5.479076, -0.409465, 8.123321), (5.635242, -0.392537, 8.123916), (5.63381, -0.359958, 7.967841)
(5.635242, -0.392537, 8.123916), (5.79122, -0.37487, 8.124487), (5.789729, -0.341606, 7.968398)
(5.635242, -0.392537, 8.123916), (5.636585, -0.42188, 8.280003), (5.79122, -0.37487, 8.124487)
(5.79122, -0.37487, 8.124487), (5.792623, -0.404801, 8.280583), (5.947051, -0.357041, 8.125026)
(5.79122, -0.37487, 8.124487), (5.947051, -0.357041, 8.125026), (5.945496, -0.322721, 7.968924)
(5.947051, -0.357041, 8.125026), (6.102733, -0.338874, 8.125524), (6.101109, -0.30316, 7.96941)
(5.947051, -0.357041, 8.125026), (5.948503, -0.38763, 8.281132), (6.102733, -0.338874, 8.125524)
(5.480375, -0.438651, 8.279404), (5.636585, -0.42188, 8.280003), (5.635242, -0.392537, 8.123916)
(5.480375, -0.438651, 8.279404), (5.481534, -0.464274, 8.435504), (5.636585, -0.42188, 8.280003)
(5.636585, -0.42188, 8.280003), (5.792623, -0.404801, 8.280583), (5.79122, -0.37487, 8.124487)
(5.636585, -0.42188, 8.280003), (5.637786, -0.447519, 8.436096), (5.792623, -0.404801, 8.280583)
(5.792623, -0.404801, 8.280583), (5.948503, -0.38763, 8.281132), (5.947051, -0.357041, 8.125026)
(5.792623, -0.404801, 8.280583), (5.793879, -0.430777, 8.436675), (5.948503, -0.38763, 8.281132)
(5.948503, -0.38763, 8.281132), (6.104244, -0.370517, 8.28164), (6.102733, -0.338874, 8.125524)
(5.948503, -0.38763, 8.281132), (5.949805, -0.414052, 8.437226), (6.104244, -0.370517, 8.28164)
(5.481534, -0.464274, 8.435504), (5.482632, -0.487382, 8.591619), (5.637786, -0.447519, 8.436096)
(5.481534, -0.464274, 8.435504), (5.637786, -0.447519, 8.436096), (5.636585, -0.42188, 8.280003)
(5.637786, -0.447519, 8.436096), (5.6389, -0.470264, 8.592194), (5.793879, -0.430777, 8.436675)
(5.637786, -0.447519, 8.436096), (5.793879, -0.430777, 8.436675), (5.792623, -0.404801, 8.280583)
(5.793879, -0.430777, 8.436675), (5.795021, -0.453486, 8.592761), (5.949805, -0.414052, 8.437226)
(5.793879, -0.430777, 8.436675), (5.949805, -0.414052, 8.437226), (5.948503, -0.38763, 8.281132)
(5.949805, -0.414052, 8.437226), (5.950965, -0.43676, 8.593308), (6.105577, -0.397391, 8.43774)
(5.949805, -0.414052, 8.437226), (6.105577, -0.397391, 8.43774), (6.104244, -0.370517, 8.28164)
(5.482632, -0.487382, 8.591619), (5.6389, -0.470264, 8.592194), (5.637786, -0.447519, 8.436096)
(5.482632, -0.487382, 8.591619), (5.483602, -0.507282, 8.747738), (5.6389, -0.470264, 8.592194)
(5.6389, -0.470264, 8.592194), (5.795021, -0.453486, 8.592761), (5.793879, -0.430777, 8.436675)
(5.6389, -0.470264, 8.592194), (5.639877, -0.489697, 8.748282), (5.795021, -0.453486, 8.592761)
(5.795021, -0.453486, 8.592761), (5.950965, -0.43676, 8.593308), (5.949805, -0.414052, 8.437226)
(5.795021, -0.453486, 8.592761), (5.795964, -0.472141, 8.748823), (5.950965, -0.43676, 8.593308)
(5.950965, -0.43676, 8.593308), (6.10677, -0.420413, 8.593824), (6.105577, -0.397391, 8.43774)
(5.950965, -0.43676, 8.593308), (5.951928, -0.455289, 8.749355), (6.10677, -0.420413, 8.593824)
# 6.376924216646669, 0, 8.313332916646669
(6.102733, -0.338874, 8.125524), (6.104244, -0.370517, 8.28164), (6.258276, -0.320319, 8.125976)
(6.102733, -0.338874, 8.125524), (6.258276, -0.320319, 8.125976), (6.25658, -0.282901, 7.969852)
(6.258276, -0.320319, 8.125976), (6.413688, -0.301125, 8.126377), (6.411933, -0.262067, 7.970253)
(6.258276, -0.320319, 8.125976), (6.259847, -0.353243, 8.282103), (6.413688, -0.301125, 8.126377)
(6.413688, -0.301125, 8.126377), (6.415331, -0.335795, 8.282513), (6.569003, -0.281553, 8.126738)
(6.413688, -0.301125, 8.126377), (6.569003, -0.281553, 8.126738), (6.567178, -0.240351, 7.970612)
(6.569003, -0.281553, 8.126738), (6.724241, -0.261484, 8.12706), (6.722343, -0.217861, 7.970938)
(6.569003, -0.281553, 8.126738), (6.570715, -0.318102, 8.282878), (6.724241, -0.261484, 8.12706)
(6.104244, -0.370517, 8.28164), (6.259847, -0.353243, 8.282103), (6.258276, -0.320319, 8.125976)
(6.104244, -0.370517, 8.28164), (6.105577, -0.397391, 8.43774), (6.259847, -0.353243, 8.282103)
(6.259847, -0.353243, 8.282103), (6.415331, -0.335795, 8.282513), (6.413688, -0.301125, 8.126377)
(6.259847, -0.353243, 8.282103), (6.261234, -0.381072, 8.438211), (6.415331, -0.335795, 8.282513)
(6.415331, -0.335795, 8.282513), (6.570715, -0.318102, 8.282878), (6.569003, -0.281553, 8.126738)
(6.415331, -0.335795, 8.282513), (6.416788, -0.365017, 8.438636), (6.570715, -0.318102, 8.282878)
(6.570715, -0.318102, 8.282878), (6.726027, -0.300328, 8.2832), (6.724241, -0.261484, 8.12706)
(6.570715, -0.318102, 8.282878), (6.572247, -0.349079, 8.439012), (6.726027, -0.300328, 8.2832)
(6.105577, -0.397391, 8.43774), (6.10677, -0.420413, 8.593824), (6.261234, -0.381072, 8.438211)
(6.105577, -0.397391, 8.43774), (6.261234, -0.381072, 8.438211), (6.259847, -0.353243, 8.282103)
(6.261234, -0.381072, 8.438211), (6.262467, -0.404676, 8.594302), (6.416788, -0.365017, 8.438636)
(6.261234, -0.381072, 8.438211), (6.416788, -0.365017, 8.438636), (6.415331, -0.335795, 8.282513)
(6.416788, -0.365017, 8.438636), (6.41808, -0.389695, 8.594742), (6.572247, -0.349079, 8.439012)
(6.416788, -0.365017, 8.438636), (6.572247, -0.349079, 8.439012), (6.570715, -0.318102, 8.282878)
(6.572247, -0.349079, 8.439012), (6.573599, -0.375048, 8.595129), (6.727619, -0.332897, 8.439338)
(6.572247, -0.349079, 8.439012), (6.727619, -0.332897, 8.439338), (6.726027, -0.300328, 8.2832)
(6.10677, -0.420413, 8.593824), (6.262467, -0.404676, 8.594302), (6.261234, -0.381072, 8.438211)
(6.10677, -0.420413, 8.593824), (6.107769, -0.439148, 8.74987), (6.262467, -0.404676, 8.594302)
(6.262467, -0.404676, 8.594302), (6.41808, -0.389695, 8.594742), (6.416788, -0.365017, 8.438636)
(6.262467, -0.404676, 8.594302), (6.263498, -0.423709, 8.750354), (6.41808, -0.389695, 8.594742)
(6.41808, -0.389695, 8.594742), (6.573599, -0.375048, 8.595129), (6.572247, -0.349079, 8.439012)
(6.41808, -0.389695, 8.594742), (6.419124, -0.408958, 8.750795), (6.573599, -0.375048, 8.595129)
(6.573599, -0.375048, 8.595129), (6.729045, -0.360618, 8.595468), (6.727619, -0.332897, 8.439338)
(6.573599, -0.375048, 8.595129), (6.574697, -0.395227, 8.7512), (6.729045, -0.360618, 8.595468)
# 7.044694449980003, 0, 8.313332916646669
(6.724241, -0.261484, 8.12706), (6.726027, -0.300328, 8.2832), (6.87942, -0.240778, 8.12735)
(6.724241, -0.261484, 8.12706), (6.87942, -0.240778, 8.12735), (6.877459, -0.194711, 7.971235)
(6.87942, -0.240778, 8.12735), (7.03456, -0.219232, 8.127612), (7.032548, -0.170912, 7.971511)
(6.87942, -0.240778, 8.12735), (6.881273, -0.281921, 8.283487), (7.03456, -0.219232, 8.127612)
(7.03456, -0.219232, 8.127612), (7.036481, -0.263026, 8.283743), (7.189704, -0.197697, 8.127852)
(7.03456, -0.219232, 8.127612), (7.189704, -0.197697, 8.127852), (7.187647, -0.14702, 7.971764)
(7.189704, -0.197697, 8.127852), (7.344871, -0.176176, 8.12807), (7.342772, -0.123133, 7.971997)
(7.189704, -0.197697, 8.127852), (7.191683, -0.243962, 8.283974), (7.344871, -0.176176, 8.12807)
(7.344871, -0.176176, 8.12807), (7.346903, -0.225053, 8.284179), (7.500073, -0.15464, 8.128265)
(7.344871, -0.176176, 8.12807), (7.500073, -0.15464, 8.128265), (7.497942, -0.099428, 7.972207)
(6.726027, -0.300328, 8.2832), (6.881273, -0.281921, 8.283487), (6.87942, -0.240778, 8.12735)
(6.726027, -0.300328, 8.2832), (6.727619, -0.332897, 8.439338), (6.881273, -0.281921, 8.283487)
(6.881273, -0.281921, 8.283487), (7.036481, -0.263026, 8.283743), (7.03456, -0.219232, 8.127612)
(6.881273, -0.281921, 8.283487), (6.882946, -0.316782, 8.439629), (7.036481, -0.263026, 8.283743)
(7.036481, -0.263026, 8.283743), (7.191683, -0.243962, 8.283974), (7.189704, -0.197697, 8.127852)
(7.036481, -0.263026, 8.283743), (7.038241, -0.300623, 8.439887), (7.191683, -0.243962, 8.283974)
(7.191683, -0.243962, 8.283974), (7.346903, -0.225053, 8.284179), (7.344871, -0.176176, 8.12807)
(7.191683, -0.243962, 8.283974), (7.193522, -0.284357, 8.440115), (7.346903, -0.225053, 8.284179)
(7.346903, -0.225053, 8.284179), (7.50215, -0.205867, 8.284363), (7.500073, -0.15464, 8.128265)
(7.346903, -0.225053, 8.284179), (7.348801, -0.267798, 8.440316), (7.50215, -0.205867, 8.284363)
(6.727619, -0.332897, 8.439338), (6.729045, -0.360618, 8.595468), (6.882946, -0.316782, 8.439629)
(6.727619, -0.332897, 8.439338), (6.882946, -0.316782, 8.439629), (6.881273, -0.281921, 8.283487)
(6.882946, -0.316782, 8.439629), (6.884449, -0.346481, 8.59577), (7.038241, -0.300623, 8.439887)
(6.882946, -0.316782, 8.439629), (7.038241, -0.300623, 8.439887), (7.036481, -0.263026, 8.283743)
(7.038241, -0.300623, 8.439887), (7.039831, -0.332815, 8.596037), (7.193522, -0.284357, 8.440115)
(7.038241, -0.300623, 8.439887), (7.193522, -0.284357, 8.440115), (7.191683, -0.243962, 8.283974)
(7.193522, -0.284357, 8.440115), (7.195189, -0.318987, 8.596268), (7.348801, -0.267798, 8.440316)
(7.193522, -0.284357, 8.440115), (7.348801, -0.267798, 8.440316), (7.346903, -0.225053, 8.284179)
(7.348801, -0.267798, 8.440316), (7.350543, -0.305107, 8.596472), (7.504109, -0.251386, 8.440493)
(7.348801, -0.267798, 8.440316), (7.504109, -0.251386, 8.440493), (7.50215, -0.205867, 8.284363)
(6.729045, -0.360618, 8.595468), (6.884449, -0.346481, 8.59577), (6.882946, -0.316782, 8.439629)
(6.729045, -0.360618, 8.595468), (6.730229, -0.382391, 8.751563), (6.884449, -0.346481, 8.59577)
(6.884449, -0.346481, 8.59577), (7.039831, -0.332815, 8.596037), (7.038241, -0.300623, 8.439887)
(6.884449, -0.346481, 8.59577), (6.885715, -0.370054, 8.751884), (7.039831, -0.332815, 8.596037)
(7.039831, -0.332815, 8.596037), (7.195189, -0.318987, 8.596268), (7.193522, -0.284357, 8.440115)
(7.039831, -0.332815, 8.596037), (7.041156, -0.35784, 8.752161), (7.195189, -0.318987, 8.596268)
(7.195189, -0.318987, 8.596268), (7.350543, -0.305107, 8.596472), (7.348801, -0.267798, 8.440316)
(7.195189, -0.318987, 8.596268), (7.196601, -0.346298, 8.75241), (7.350543, -0.305107, 8.596472)
(7.350543, -0.305107, 8.596472), (7.505919, -0.291321, 8.596648), (7.504109, -0.251386, 8.440493)
(7.350543, -0.305107, 8.596472), (7.352054, -0.335215, 8.752629), (7.505919, -0.291321, 8.596648)
# 7.712464683313336, 0, 8.313332916646669
(7.500073, -0.15464, 8.128265), (7.655325, -0.133024, 8.128441), (7.65317, -0.076104, 7.972396)
(7.500073, -0.15464, 8.128265), (7.50215, -0.205867, 8.284363), (7.655325, -0.133024, 8.128441)
(7.655325, -0.133024, 8.128441), (7.657435, -0.186501, 8.284525), (7.810639, -0.111802, 8.128593)
(7.655325, -0.133024, 8.128441), (7.810639, -0.111802, 8.128593), (7.808466, -0.053155, 7.972564)
(7.810639, -0.111802, 8.128593), (7.966022, -0.090938, 8.128723), (7.96384, -0.030774, 7.972708)
(7.810639, -0.111802, 8.128593), (7.812779, -0.167324, 8.284664), (7.966022, -0.090938, 8.128723)
(7.966022, -0.090938, 8.128723), (7.968182, -0.148411, 8.284781), (8.121474, -0.070382, 8.12883)
(7.966022, -0.090938, 8.128723), (8.121474, -0.070382, 8.12883), (8.119292, -0.009062, 7.972827)
(7.50215, -0.205867, 8.284363), (7.657435, -0.186501, 8.284525), (7.655325, -0.133024, 8.128441)
(7.50215, -0.205867, 8.284363), (7.504109, -0.251386, 8.440493), (7.657435, -0.186501, 8.284525)
(7.657435, -0.186501, 8.284525), (7.812779, -0.167324, 8.284664), (7.810639, -0.111802, 8.128593)
(7.657435, -0.186501, 8.284525), (7.659445, -0.234562, 8.440646), (7.812779, -0.167324, 8.284664)
(7.812779, -0.167324, 8.284664), (7.968182, -0.148411, 8.284781), (7.966022, -0.090938, 8.128723)
(7.812779, -0.167324, 8.284664), (7.814834, -0.217993, 8.440776), (7.968182, -0.148411, 8.284781)
(7.968182, -0.148411, 8.284781), (8.123647, -0.129398, 8.284876), (8.121474, -0.070382, 8.12883)
(7.968182, -0.148411, 8.284781), (7.970267, -0.201078, 8.440884), (8.123647, -0.129398, 8.284876)
(7.504109, -0.251386, 8.440493), (7.505919, -0.291321, 8.596648), (7.659445, -0.234562, 8.440646)
(7.504109, -0.251386, 8.440493), (7.659445, -0.234562, 8.440646), (7.657435, -0.186501, 8.284525)
(7.659445, -0.234562, 8.440646), (7.661318, -0.277287, 8.596799), (7.814834, -0.217993, 8.440776)
(7.659445, -0.234562, 8.440646), (7.814834, -0.217993, 8.440776), (7.812779, -0.167324, 8.284664)
(7.814834, -0.217993, 8.440776), (7.816758, -0.263268, 8.596924), (7.970267, -0.201078, 8.440884)
(7.814834, -0.217993, 8.440776), (7.970267, -0.201078, 8.440884), (7.968182, -0.148411, 8.284781)
(7.970267, -0.201078, 8.440884), (7.972237, -0.248893, 8.597025), (8.125757, -0.184139, 8.440969)
(7.970267, -0.201078, 8.440884), (8.125757, -0.184139, 8.440969), (8.123647, -0.129398, 8.284876)
(7.505919, -0.291321, 8.596648), (7.661318, -0.277287, 8.596799), (7.659445, -0.234562, 8.440646)
(7.505919, -0.291321, 8.596648), (7.507509, -0.324024, 8.752815), (7.661318, -0.277287, 8.596799)
(7.661318, -0.277287, 8.596799), (7.816758, -0.263268, 8.596924), (7.814834, -0.217993, 8.440776)
(7.661318, -0.277287, 8.596799), (7.662966, -0.312209, 8.75297), (7.816758, -0.263268, 8.596924)
(7.816758, -0.263268, 8.596924), (7.972237, -0.248893, 8.597025), (7.970267, -0.201078, 8.440884)
(7.816758, -0.263268, 8.596924), (7.81847, -0.300844, 8.7531), (7.972237, -0.248893, 8.597025)
(7.972237, -0.248893, 8.597025), (8.127762, -0.234181, 8.597107), (8.125757, -0.184139, 8.440969)
(7.972237, -0.248893, 8.597025), (7.974014, -0.289472, 8.753205), (8.127762, -0.234181, 8.597107)
# 8.380234916646671, 0, 8.313332916646669
(8.121474, -0.070382, 8.12883), (8.276999, -0.050135, 8.128914), (8.274824, 0.011871, 7.972921)
(8.121474, -0.070382, 8.12883), (8.123647, -0.129398, 8.284876), (8.276999, -0.050135, 8.128914)
(8.276999, -0.050135, 8.128914), (8.279173, -0.110417, 8.284949), (8.432587, -0.030463, 8.128973)
(8.276999, -0.050135, 8.128914), (8.432587, -0.030463, 8.128973), (8.430427, 0.03191, 7.972988)
(8.432587, -0.030463, 8.128973), (8.588233, -0.011382, 8.129004), (8.586101, 0.05091, 7.973026)
(8.432587, -0.030463, 8.128973), (8.434754, -0.091478, 8.285002), (8.588233, -0.011382, 8.129004)
(8.588233, -0.011382, 8.129004), (8.590383, -0.072732, 8.285028), (8.743933, 0.007135, 8.129008)
(8.588233, -0.011382, 8.129004), (8.743933, 0.007135, 8.129008), (8.741841, 0.068817, 7.973032)
(8.123647, -0.129398, 8.284876), (8.279173, -0.110417, 8.284949), (8.276999, -0.050135, 8.128914)
(8.123647, -0.129398, 8.284876), (8.125757, -0.184139, 8.440969), (8.279173, -0.110417, 8.284949)
(8.279173, -0.110417, 8.284949), (8.434754, -0.091478, 8.285002), (8.432587, -0.030463, 8.128973)
(8.279173, -0.110417, 8.284949), (8.281301, -0.16699, 8.441035), (8.434754, -0.091478, 8.285002)
(8.434754, -0.091478, 8.285002), (8.590383, -0.072732, 8.285028), (8.588233, -0.011382, 8.129004)
(8.434754, -0.091478, 8.285002), (8.436888, -0.149368, 8.441081), (8.590383, -0.072732, 8.285028)
(8.590383, -0.072732, 8.285028), (8.746057, -0.053979, 8.28503), (8.743933, 0.007135, 8.129008)
(8.590383, -0.072732, 8.285028), (8.592507, -0.131001, 8.441109), (8.746057, -0.053979, 8.28503)
(8.125757, -0.184139, 8.440969), (8.127762, -0.234181, 8.597107), (8.281301, -0.16699, 8.441035)
(8.125757, -0.184139, 8.440969), (8.281301, -0.16699, 8.441035), (8.279173, -0.110417, 8.284949)
(8.281301, -0.16699, 8.441035), (8.283333, -0.219168, 8.597167), (8.436888, -0.149368, 8.441081)
(8.281301, -0.16699, 8.441035), (8.436888, -0.149368, 8.441081), (8.434754, -0.091478, 8.285002)
(8.436888, -0.149368, 8.441081), (8.438934, -0.203001, 8.597211), (8.592507, -0.131001, 8.441109)
(8.436888, -0.149368, 8.441081), (8.592507, -0.131001, 8.441109), (8.590383, -0.072732, 8.285028)
(8.592507, -0.131001, 8.441109), (8.594559, -0.185717, 8.597239), (8.748164, -0.112442, 8.441113)
(8.592507, -0.131001, 8.441109), (8.748164, -0.112442, 8.441113), (8.746057, -0.053979, 8.28503)
(8.127762, -0.234181, 8.597107), (8.283333, -0.219168, 8.597167), (8.281301, -0.16699, 8.441035)
(8.127762, -0.234181, 8.597107), (8.129588, -0.277307, 8.753286), (8.283333, -0.219168, 8.597167)
(8.283333, -0.219168, 8.597167), (8.438934, -0.203001, 8.597211), (8.436888, -0.149368, 8.441081)
(8.283333, -0.219168, 8.597167), (8.285178, -0.263703, 8.753348), (8.438934, -0.203001, 8.597211)
(8.438934, -0.203001, 8.597211), (8.594559, -0.185717, 8.597239), (8.592507, -0.131001, 8.441109)
(8.438934, -0.203001, 8.597211), (8.440806, -0.249375, 8.753394), (8.594559, -0.185717, 8.597239)
(8.594559, -0.185717, 8.597239), (8.750207, -0.167506, 8.597252), (8.748164, -0.112442, 8.441113)
(8.594559, -0.185717, 8.597239), (8.596458, -0.233911, 8.753427), (8.750207, -0.167506, 8.597252)
# 9.048005149980003, 0, 8.313332916646669
(9.367193, 0.073583, 8.128693), (9.523117, 0.087682, 8.128521), (9.521366, 0.139577, 7.972505)
(9.367193, 0.073583, 8.128693), (9.369088, 0.018563, 8.284752), (9.523117, 0.087682, 8.128521)
(9.21132, 0.058279, 8.128828), (9.213287, 0.00095, 8.284871), (9.367193, 0.073583, 8.128693)
(9.21132, 0.058279, 8.128828), (9.367193, 0.073583, 8.128693), (9.365354, 0.128333, 7.972694)
(9.055483, 0.042097, 8.128924), (9.21132, 0.058279, 8.128828), (9.209396, 0.115468, 7.972839)
(9.055483, 0.042097, 8.128924), (9.057518, -0.017019, 8.284958), (9.21132, 0.058279, 8.128828)
(8.899688, 0.025022, 8.128984), (8.901772, -0.035411, 8.285008), (9.055483, 0.042097, 8.128924)
(8.899688, 0.025022, 8.128984), (9.055483, 0.042097, 8.128924), (9.053486, 0.101324, 7.972941)
(8.743933, 0.007135, 8.129008), (8.899688, 0.025022, 8.128984), (8.89763, 0.085778, 7.973004)
(8.743933, 0.007135, 8.129008), (8.746057, -0.053979, 8.28503), (8.899688, 0.025022, 8.128984)
(9.369088, 0.018563, 8.284752), (9.524916, 0.035505, 8.284595), (9.523117, 0.087682, 8.128521)
(9.369088, 0.018563, 8.284752), (9.370993, -0.034545, 8.44089), (9.524916, 0.035505, 8.284595)
(9.213287, 0.00095, 8.284871), (9.369088, 0.018563, 8.284752), (9.367193, 0.073583, 8.128693)
(9.213287, 0.00095, 8.284871), (9.215264, -0.054247, 8.44099), (9.369088, 0.018563, 8.284752)
(9.057518, -0.017019, 8.284958), (9.213287, 0.00095, 8.284871), (9.21132, 0.058279, 8.128828)
(9.057518, -0.017019, 8.284958), (9.059554, -0.074272, 8.441055), (9.213287, 0.00095, 8.284871)
(8.901772, -0.035411, 8.285008), (9.057518, -0.017019, 8.284958), (9.055483, 0.042097, 8.128924)
(8.901772, -0.035411, 8.285008), (8.903852, -0.09359, 8.441097), (9.057518, -0.017019, 8.284958)
(8.746057, -0.053979, 8.28503), (8.901772, -0.035411, 8.285008), (8.899688, 0.025022, 8.128984)
(8.746057, -0.053979, 8.28503), (8.748164, -0.112442, 8.441113), (8.901772, -0.035411, 8.285008)
(9.370993, -0.034545, 8.44089), (9.372858, -0.08489, 8.597096), (9.526733, -0.015044, 8.440753)
(9.370993, -0.034545, 8.44089), (9.526733, -0.015044, 8.440753), (9.524916, 0.035505, 8.284595)
(9.215264, -0.054247, 8.44099), (9.217201, -0.106911, 8.597172), (9.370993, -0.034545, 8.44089)
(9.215264, -0.054247, 8.44099), (9.370993, -0.034545, 8.44089), (9.369088, 0.018563, 8.284752)
(9.059554, -0.074272, 8.441055), (9.061543, -0.128404, 8.597219), (9.215264, -0.054247, 8.44099)
(9.059554, -0.074272, 8.441055), (9.215264, -0.054247, 8.44099), (9.213287, 0.00095, 8.284871)
(8.903852, -0.09359, 8.441097), (8.905877, -0.148731, 8.597243), (9.059554, -0.074272, 8.441055)
(8.903852, -0.09359, 8.441097), (9.059554, -0.074272, 8.441055), (9.057518, -0.017019, 8.284958)
(8.748164, -0.112442, 8.441113), (8.750207, -0.167506, 8.597252), (8.903852, -0.09359, 8.441097)
(8.748164, -0.112442, 8.441113), (8.903852, -0.09359, 8.441097), (8.901772, -0.035411, 8.285008)
(9.372858, -0.08489, 8.597096), (9.528522, -0.063042, 8.596984), (9.526733, -0.015044, 8.440753)
(9.372858, -0.08489, 8.597096), (9.37463, -0.130139, 8.753384), (9.528522, -0.063042, 8.596984)
(9.217201, -0.106911, 8.597172), (9.372858, -0.08489, 8.597096), (9.370993, -0.034545, 8.44089)
(9.217201, -0.106911, 8.597172), (9.219027, -0.153879, 8.753432), (9.372858, -0.08489, 8.597096)
(9.061543, -0.128404, 8.597219), (9.217201, -0.106911, 8.597172), (9.215264, -0.054247, 8.44099)
(9.061543, -0.128404, 8.597219), (9.063396, -0.176045, 8.753458), (9.217201, -0.106911, 8.597172)
(8.905877, -0.148731, 8.597243), (9.061543, -0.128404, 8.597219), (9.059554, -0.074272, 8.441055)
(8.905877, -0.148731, 8.597243), (8.907755, -0.196913, 8.753463), (9.061543, -0.128404, 8.597219)
(8.750207, -0.167506, 8.597252), (8.905877, -0.148731, 8.597243), (8.903852, -0.09359, 8.441097)
(8.750207, -0.167506, 8.597252), (8.752114, -0.21661, 8.753449), (8.905877, -0.148731, 8.597243)
# 9.71577538331334, 0, 8.313332916646669
(9.991046, 0.124601, 8.127712), (10.147099, 0.135377, 8.127352), (10.145815, 0.172946, 7.971243)
(9.991046, 0.124601, 8.127712), (9.992512, 0.082889, 8.283865), (10.147099, 0.135377, 8.127352)
(9.835035, 0.11321, 8.12803), (9.836622, 0.067645, 8.284151), (9.991046, 0.124601, 8.127712)
(9.835035, 0.11321, 8.12803), (9.991046, 0.124601, 8.127712), (9.989642, 0.166083, 7.971638)
(9.67906, 0.100966, 8.1283), (9.835035, 0.11321, 8.12803), (9.833506, 0.158438, 7.971978)
(9.67906, 0.100966, 8.1283), (9.680761, 0.051925, 8.284398), (9.835035, 0.11321, 8.12803)
(9.523117, 0.087682, 8.128521), (9.524916, 0.035505, 8.284595), (9.67906, 0.100966, 8.1283)
(9.523117, 0.087682, 8.128521), (9.67906, 0.100966, 8.1283), (9.677412, 0.149715, 7.972267)
(9.992512, 0.082889, 8.283865), (10.148425, 0.097835, 8.283535), (10.147099, 0.135377, 8.127352)
(9.992512, 0.082889, 8.283865), (9.993994, 0.042697, 8.440104), (10.148425, 0.097835, 8.283535)
(9.836622, 0.067645, 8.284151), (9.992512, 0.082889, 8.283865), (9.991046, 0.124601, 8.127712)
(9.836622, 0.067645, 8.284151), (9.838228, 0.023914, 8.440366), (9.992512, 0.082889, 8.283865)
(9.680761, 0.051925, 8.284398), (9.836622, 0.067645, 8.284151), (9.835035, 0.11321, 8.12803)
(9.680761, 0.051925, 8.284398), (9.68248, 0.004385, 8.440578), (9.836622, 0.067645, 8.284151)
(9.524916, 0.035505, 8.284595), (9.680761, 0.051925, 8.284398), (9.67906, 0.100966, 8.1283)
(9.524916, 0.035505, 8.284595), (9.526733, -0.015044, 8.440753), (9.680761, 0.051925, 8.284398)
(9.993994, 0.042697, 8.440104), (9.995449, 0.00526, 8.596426), (10.149774, 0.061444, 8.439802)
(9.993994, 0.042697, 8.440104), (10.149774, 0.061444, 8.439802), (10.148425, 0.097835, 8.283535)
(9.838228, 0.023914, 8.440366), (9.839806, -0.017365, 8.596655), (9.993994, 0.042697, 8.440104)
(9.838228, 0.023914, 8.440366), (9.993994, 0.042697, 8.440104), (9.992512, 0.082889, 8.283865)
(9.68248, 0.004385, 8.440578), (9.684168, -0.040297, 8.596839), (9.838228, 0.023914, 8.440366)
(9.68248, 0.004385, 8.440578), (9.838228, 0.023914, 8.440366), (9.836622, 0.067645, 8.284151)
(9.526733, -0.015044, 8.440753), (9.528522, -0.063042, 8.596984), (9.68248, 0.004385, 8.440578)
(9.526733, -0.015044, 8.440753), (9.68248, 0.004385, 8.440578), (9.680761, 0.051925, 8.284398)
(9.995449, 0.00526, 8.596426), (10.151098, 0.027876, 8.596152), (10.149774, 0.061444, 8.439802)
(9.995449, 0.00526, 8.596426), (9.996835, -0.027874, 8.752823), (10.151098, 0.027876, 8.596152)
(9.839806, -0.017365, 8.596655), (9.995449, 0.00526, 8.596426), (9.993994, 0.042697, 8.440104)
(9.839806, -0.017365, 8.596655), (9.841303, -0.053719, 8.753028), (9.995449, 0.00526, 8.596426)
(9.684168, -0.040297, 8.596839), (9.839806, -0.017365, 8.596655), (9.838228, 0.023914, 8.440366)
(9.684168, -0.040297, 8.596839), (9.685756, -0.079301, 8.753188), (9.839806, -0.017365, 8.596655)
(9.528522, -0.063042, 8.596984), (9.684168, -0.040297, 8.596839), (9.68248, 0.004385, 8.440578)
(9.528522, -0.063042, 8.596984), (9.530195, -0.104693, 8.753306), (9.684168, -0.040297, 8.596839)
