# -9.64956138335333, 0, -9.716463383353332
(-9.810215, 1.571278, -10.045544), (-9.805137, 1.639319, -9.890304), (-9.649705, 1.568551, -10.054756)
(-9.810215, 1.571278, -10.045544), (-9.649705, 1.568551, -10.054756), (-9.655026, 1.497955, -10.209676)
(-9.970581, 1.574854, -10.037052), (-9.810215, 1.571278, -10.045544), (-9.815401, 1.501217, -10.200396)
(-9.970581, 1.574854, -10.037052), (-9.965624, 1.642381, -9.881965), (-9.810215, 1.571278, -10.045544)
(-9.355055, 2.248004, -9.986899), (-9.323427, 2.248004, -9.930762), (-9.269144, 2.230899, -10.035401)
(-9.355055, 2.248004, -9.986899), (-9.269144, 2.230899, -10.035401), (-9.354343, 1.477205, -9.92003)
(-9.441038, 2.264882, -9.938474), (-9.409464, 2.264882, -9.88231), (-9.355055, 2.248004, -9.986899)
(-9.441038, 2.264882, -9.938474), (-9.355055, 2.248004, -9.986899), (-9.439064, 1.494055, -9.872331)
(-9.323427, 2.248004, -9.930762), (-9.313229, 2.238602, -9.909371), (-9.237467, 2.2309, -9.979291)
(-9.323427, 2.248004, -9.930762), (-9.237467, 2.2309, -9.979291), (-9.269144, 2.230899, -10.035401)
(-9.354343, 1.477205, -9.92003), (-9.269144, 2.230899, -10.035401), (-9.269636, 1.460184, -9.96782)
(-9.323211, 1.633914, -9.919274), (-9.162625, 1.633517, -9.929724), (-9.167727, 1.566573, -10.085863)
(-9.323211, 1.633914, -9.919274), (-9.318405, 1.69789, -9.762639), (-9.162625, 1.633517, -9.929724)
(-9.483871, 1.634985, -9.909072), (-9.323211, 1.633914, -9.919274), (-9.328399, 1.566231, -10.075115)
(-9.483871, 1.634985, -9.909072), (-9.478987, 1.699632, -9.752831), (-9.323211, 1.633914, -9.919274)
(-9.644539, 1.63677, -9.899363), (-9.483871, 1.634985, -9.909072), (-9.489079, 1.56685, -10.064665)
(-9.644539, 1.63677, -9.899363), (-9.639624, 1.701874, -9.743464), (-9.483871, 1.634985, -9.909072)
(-9.805137, 1.639319, -9.890304), (-9.644539, 1.63677, -9.899363), (-9.649705, 1.568551, -10.054756)
(-9.805137, 1.639319, -9.890304), (-9.800254, 1.704426, -9.734705), (-9.644539, 1.63677, -9.899363)
(-9.5271, 2.281591, -9.890098), (-9.495583, 2.281591, -9.833901), (-9.441038, 2.264882, -9.938474)
(-9.5271, 2.281591, -9.890098), (-9.441038, 2.264882, -9.938474), (-9.52379, 1.510664, -9.824754)
(-9.409464, 2.264882, -9.88231), (-9.399269, 2.255476, -9.860919), (-9.323427, 2.248004, -9.930762)
(-9.409464, 2.264882, -9.88231), (-9.323427, 2.248004, -9.930762), (-9.355055, 2.248004, -9.986899)
(-9.965624, 1.642381, -9.881965), (-9.805137, 1.639319, -9.890304), (-9.810215, 1.571278, -10.045544)
(-9.965624, 1.642381, -9.881965), (-9.960798, 1.707334, -9.726626), (-9.805137, 1.639319, -9.890304)
(-9.439064, 1.494055, -9.872331), (-9.355055, 2.248004, -9.986899), (-9.354343, 1.477205, -9.92003)
(-9.399269, 2.255476, -9.860919), (-9.324038, 2.255476, -9.727088), (-9.313229, 2.238602, -9.909371)
(-9.399269, 2.255476, -9.860919), (-9.313229, 2.238602, -9.909371), (-9.323427, 2.248004, -9.930762)
(-9.613268, 2.298038, -9.841805), (-9.581808, 2.298039, -9.785575), (-9.5271, 2.281591, -9.890098)
(-9.613268, 2.298038, -9.841805), (-9.5271, 2.281591, -9.890098), (-9.608538, 1.527098, -9.777261)
(-9.495583, 2.281591, -9.833901), (-9.485392, 2.272182, -9.812509), (-9.409464, 2.264882, -9.88231)
(-9.495583, 2.281591, -9.833901), (-9.409464, 2.264882, -9.88231), (-9.441038, 2.264882, -9.938474)
(-9.52379, 1.510664, -9.824754), (-9.441038, 2.264882, -9.938474), (-9.439064, 1.494055, -9.872331)
(-9.485392, 2.272182, -9.812509), (-9.410292, 2.272182, -9.678605), (-9.399269, 2.255476, -9.860919)
(-9.485392, 2.272182, -9.812509), (-9.399269, 2.255476, -9.860919), (-9.409464, 2.264882, -9.88231)
(-9.699528, 2.314309, -9.793551), (-9.668125, 2.314309, -9.73729), (-9.613268, 2.298038, -9.841805)
(-9.699528, 2.314309, -9.793551), (-9.613268, 2.298038, -9.841805), (-9.693302, 1.543256, -9.729905)
(-9.581808, 2.298039, -9.785575), (-9.571621, 2.288625, -9.764184), (-9.495583, 2.281591, -9.833901)
(-9.581808, 2.298039, -9.785575), (-9.495583, 2.281591, -9.833901), (-9.5271, 2.281591, -9.890098)
(-9.608538, 1.527098, -9.777261), (-9.5271, 2.281591, -9.890098), (-9.52379, 1.510664, -9.824754)
(-9.571621, 2.288625, -9.764184), (-9.49666, 2.288626, -9.630204), (-9.485392, 2.272182, -9.812509)
(-9.571621, 2.288625, -9.764184), (-9.485392, 2.272182, -9.812509), (-9.495583, 2.281591, -9.833901)
(-9.318405, 1.69789, -9.762639), (-9.314013, 1.758015, -9.605238), (-9.157979, 1.696416, -9.772619)
(-9.318405, 1.69789, -9.762639), (-9.157979, 1.696416, -9.772619), (-9.162625, 1.633517, -9.929724)
(-9.478987, 1.699632, -9.752831), (-9.474451, 1.760802, -9.595924), (-9.318405, 1.69789, -9.762639)
(-9.478987, 1.699632, -9.752831), (-9.318405, 1.69789, -9.762639), (-9.323211, 1.633914, -9.919274)
(-9.785944, 2.330279, -9.745362), (-9.754595, 2.330279, -9.689069), (-9.699528, 2.314309, -9.793551)
(-9.785944, 2.330279, -9.745362), (-9.699528, 2.314309, -9.793551), (-9.778086, 1.559228, -9.682618)
(-9.639624, 1.701874, -9.743464), (-9.635012, 1.763781, -9.586991), (-9.478987, 1.699632, -9.752831)
(-9.639624, 1.701874, -9.743464), (-9.478987, 1.699632, -9.752831), (-9.483871, 1.634985, -9.909072)
(-9.668125, 2.314309, -9.73729), (-9.657938, 2.304892, -9.715899), (-9.581808, 2.298039, -9.785575)
(-9.668125, 2.314309, -9.73729), (-9.581808, 2.298039, -9.785575), (-9.613268, 2.298038, -9.841805)
(-9.800254, 1.704426, -9.734705), (-9.795611, 1.766849, -9.578622), (-9.639624, 1.701874, -9.743464)
(-9.800254, 1.704426, -9.734705), (-9.639624, 1.701874, -9.743464), (-9.644539, 1.63677, -9.899363)
(-9.693302, 1.543256, -9.729905), (-9.613268, 2.298038, -9.841805), (-9.608538, 1.527098, -9.777261)
(-9.324038, 2.255476, -9.727088), (-9.310781, 2.264882, -9.706759), (-9.237865, 2.238602, -9.775617)
(-9.324038, 2.255476, -9.727088), (-9.237865, 2.238602, -9.775617), (-9.313229, 2.238602, -9.909371)
(-9.960798, 1.707334, -9.726626), (-9.956169, 1.76984, -9.570903), (-9.800254, 1.704426, -9.734705)
(-9.960798, 1.707334, -9.726626), (-9.800254, 1.704426, -9.734705), (-9.805137, 1.639319, -9.890304)
(-9.657938, 2.304892, -9.715899), (-9.583113, 2.304892, -9.581841), (-9.571621, 2.288625, -9.764184)
(-9.657938, 2.304892, -9.715899), (-9.571621, 2.288625, -9.764184), (-9.581808, 2.298039, -9.785575)
(-9.872454, 2.346057, -9.69719), (-9.841154, 2.346057, -9.640872), (-9.785944, 2.330279, -9.745362)
(-9.872454, 2.346057, -9.69719), (-9.785944, 2.330279, -9.745362), (-9.8629, 1.574884, -9.635453)
(-9.754595, 2.330279, -9.689069), (-9.744408, 2.320858, -9.667686), (-9.668125, 2.314309, -9.73729)
(-9.754595, 2.330279, -9.689069), (-9.668125, 2.314309, -9.73729), (-9.699528, 2.314309, -9.793551)
(-9.778086, 1.559228, -9.682618), (-9.699528, 2.314309, -9.793551), (-9.693302, 1.543256, -9.729905)
(-9.410292, 2.272182, -9.678605), (-9.397074, 2.281591, -9.658256), (-9.324038, 2.255476, -9.727088)
(-9.410292, 2.272182, -9.678605), (-9.324038, 2.255476, -9.727088), (-9.399269, 2.255476, -9.860919)
(-9.744408, 2.320858, -9.667686), (-9.66971, 2.320858, -9.533555), (-9.657938, 2.304892, -9.715899)
(-9.744408, 2.320858, -9.667686), (-9.657938, 2.304892, -9.715899), (-9.668125, 2.314309, -9.73729)
(-9.397074, 2.281591, -9.658256), (-9.310781, 2.264882, -9.706759), (-9.324038, 2.255476, -9.727088)
(-9.397074, 2.281591, -9.658256), (-9.483482, 2.298039, -9.609826), (-9.459068, 2.298039, -9.566194)
(-9.959158, 2.36149, -9.649055), (-9.927898, 2.36149, -9.59271), (-9.872454, 2.346057, -9.69719)
(-9.959158, 2.36149, -9.649055), (-9.872454, 2.346057, -9.69719), (-9.947718, 1.590337, -9.588346)
(-9.841154, 2.346057, -9.640872), (-9.830963, 2.336632, -9.619489), (-9.754595, 2.330279, -9.689069)
(-9.841154, 2.346057, -9.640872), (-9.754595, 2.330279, -9.689069), (-9.785944, 2.330279, -9.745362)
(-9.8629, 1.574884, -9.635453), (-9.785944, 2.330279, -9.745362), (-9.778086, 1.559228, -9.682618)
(-9.49666, 2.288626, -9.630204), (-9.483482, 2.298039, -9.609826), (-9.410292, 2.272182, -9.678605)
(-9.49666, 2.288626, -9.630204), (-9.410292, 2.272182, -9.678605), (-9.485392, 2.272182, -9.812509)
(-9.830963, 2.336632, -9.619489), (-9.756386, 2.336632, -9.485293), (-9.744408, 2.320858, -9.667686)
(-9.830963, 2.336632, -9.619489), (-9.744408, 2.320858, -9.667686), (-9.754595, 2.330279, -9.689069)
(-9.372616, 2.281591, -9.614646), (-9.397074, 2.281591, -9.658256), (-9.459068, 2.298039, -9.566194)
(-9.483482, 2.298039, -9.609826), (-9.397074, 2.281591, -9.658256), (-9.410292, 2.272182, -9.678605)
(-9.483482, 2.298039, -9.609826), (-9.569975, 2.314309, -9.56144), (-9.545607, 2.314309, -9.517783)
(-9.474451, 1.760802, -9.595924), (-9.314013, 1.758015, -9.605238), (-9.318405, 1.69789, -9.762639)
(-9.474451, 1.760802, -9.595924), (-9.470394, 1.817719, -9.438302), (-9.314013, 1.758015, -9.605238)
(-9.927898, 2.36149, -9.59271), (-9.9177, 2.352061, -9.571332), (-9.841154, 2.346057, -9.640872)
(-9.927898, 2.36149, -9.59271), (-9.841154, 2.346057, -9.640872), (-9.872454, 2.346057, -9.69719)
(-9.947718, 1.590337, -9.588346), (-9.872454, 2.346057, -9.69719), (-9.8629, 1.574884, -9.635453)
(-9.635012, 1.763781, -9.586991), (-9.474451, 1.760802, -9.595924), (-9.478987, 1.699632, -9.752831)
(-9.635012, 1.763781, -9.586991), (-9.630811, 1.821816, -9.429918), (-9.474451, 1.760802, -9.595924)
(-9.583113, 2.304892, -9.581841), (-9.569975, 2.314309, -9.56144), (-9.49666, 2.288626, -9.630204)
(-9.583113, 2.304892, -9.581841), (-9.49666, 2.288626, -9.630204), (-9.571621, 2.288625, -9.764184)
(-9.795611, 1.766849, -9.578622), (-9.635012, 1.763781, -9.586991), (-9.639624, 1.701874, -9.743464)
(-9.795611, 1.766849, -9.578622), (-9.791307, 1.82584, -9.422039), (-9.635012, 1.763781, -9.586991)
(-9.9177, 2.352061, -9.571332), (-9.843218, 2.352061, -9.437081), (-9.830963, 2.336632, -9.619489)
(-9.9177, 2.352061, -9.571332), (-9.830963, 2.336632, -9.619489), (-9.841154, 2.346057, -9.640872)
(-9.348158, 2.281591, -9.571036), (-9.261778, 2.264882, -9.61959), (-9.372616, 2.281591, -9.614646)
(-9.348158, 2.281591, -9.571036), (-9.337685, 2.272182, -9.549142), (-9.251301, 2.255476, -9.597699)
(-9.348158, 2.281591, -9.571036), (-9.372616, 2.281591, -9.614646), (-9.459068, 2.298039, -9.566194)
(-9.348158, 2.281591, -9.571036), (-9.434656, 2.298039, -9.522555), (-9.337685, 2.272182, -9.549142)
(-9.956169, 1.76984, -9.570903), (-9.795611, 1.766849, -9.578622), (-9.800254, 1.704426, -9.734705)
(-9.956169, 1.76984, -9.570903), (-9.951803, 1.829579, -9.414753), (-9.795611, 1.766849, -9.578622)
(-9.459068, 2.298039, -9.566194), (-9.483482, 2.298039, -9.609826), (-9.545607, 2.314309, -9.517783)
(-9.569975, 2.314309, -9.56144), (-9.483482, 2.298039, -9.609826), (-9.49666, 2.288626, -9.630204)
(-9.569975, 2.314309, -9.56144), (-9.656612, 2.330279, -9.513129), (-9.632286, 2.330279, -9.469445)
(-9.337685, 2.272182, -9.549142), (-9.262585, 2.272182, -9.415238), (-9.176069, 2.255476, -9.463868)
(-9.337685, 2.272182, -9.549142), (-9.424187, 2.288626, -9.500665), (-9.262585, 2.272182, -9.415238)
(-9.66971, 2.320858, -9.533555), (-9.656612, 2.330279, -9.513129), (-9.583113, 2.304892, -9.581841)
(-9.66971, 2.320858, -9.533555), (-9.583113, 2.304892, -9.581841), (-9.657938, 2.304892, -9.715899)
(-9.434656, 2.298039, -9.522555), (-9.348158, 2.281591, -9.571036), (-9.459068, 2.298039, -9.566194)
(-9.434656, 2.298039, -9.522555), (-9.424187, 2.288626, -9.500665), (-9.337685, 2.272182, -9.549142)
(-9.434656, 2.298039, -9.522555), (-9.459068, 2.298039, -9.566194), (-9.545607, 2.314309, -9.517783)
(-9.434656, 2.298039, -9.522555), (-9.521238, 2.314309, -9.474122), (-9.424187, 2.288626, -9.500665)
(-9.545607, 2.314309, -9.517783), (-9.569975, 2.314309, -9.56144), (-9.632286, 2.330279, -9.469445)
(-9.656612, 2.330279, -9.513129), (-9.569975, 2.314309, -9.56144), (-9.583113, 2.304892, -9.581841)
(-9.656612, 2.330279, -9.513129), (-9.743328, 2.346057, -9.464845), (-9.71904, 2.346057, -9.42114)
(-9.424187, 2.288626, -9.500665), (-9.349228, 2.288626, -9.366681), (-9.262585, 2.272182, -9.415238)
(-9.424187, 2.288626, -9.500665), (-9.510771, 2.304892, -9.452231), (-9.349228, 2.288626, -9.366681)
(-9.756386, 2.336632, -9.485293), (-9.743328, 2.346057, -9.464845), (-9.66971, 2.320858, -9.533555)
(-9.756386, 2.336632, -9.485293), (-9.66971, 2.320858, -9.533555), (-9.744408, 2.320858, -9.667686)
(-9.521238, 2.314309, -9.474122), (-9.434656, 2.298039, -9.522555), (-9.545607, 2.314309, -9.517783)
(-9.521238, 2.314309, -9.474122), (-9.510771, 2.304892, -9.452231), (-9.424187, 2.288626, -9.500665)
(-9.521238, 2.314309, -9.474122), (-9.545607, 2.314309, -9.517783), (-9.632286, 2.330279, -9.469445)
(-9.521238, 2.314309, -9.474122), (-9.60796, 2.330279, -9.425763), (-9.510771, 2.304892, -9.452231)
(-9.632286, 2.330279, -9.469445), (-9.656612, 2.330279, -9.513129), (-9.71904, 2.346057, -9.42114)
(-9.743328, 2.346057, -9.464845), (-9.656612, 2.330279, -9.513129), (-9.66971, 2.320858, -9.533555)
(-9.743328, 2.346057, -9.464845), (-9.8302, 2.36149, -9.416612), (-9.805943, 2.36149, -9.372888)
(-9.510771, 2.304892, -9.452231), (-9.435946, 2.304892, -9.318173), (-9.349228, 2.288626, -9.366681)
(-9.510771, 2.304892, -9.452231), (-9.597492, 2.320858, -9.403876), (-9.435946, 2.304892, -9.318173)
(-9.470394, 1.817719, -9.438302), (-9.466866, 1.87008, -9.279994), (-9.310144, 1.813637, -9.447023)
(-9.470394, 1.817719, -9.438302), (-9.310144, 1.813637, -9.447023), (-9.314013, 1.758015, -9.605238)
(-9.843218, 2.352061, -9.437081), (-9.8302, 2.36149, -9.416612), (-9.756386, 2.336632, -9.485293)
(-9.843218, 2.352061, -9.437081), (-9.756386, 2.336632, -9.485293), (-9.830963, 2.336632, -9.619489)
(-9.630811, 1.821816, -9.429918), (-9.470394, 1.817719, -9.438302), (-9.474451, 1.760802, -9.595924)
(-9.630811, 1.821816, -9.429918), (-9.627083, 1.875636, -9.272242), (-9.470394, 1.817719, -9.438302)
(-9.60796, 2.330279, -9.425763), (-9.521238, 2.314309, -9.474122), (-9.632286, 2.330279, -9.469445)
(-9.60796, 2.330279, -9.425763), (-9.597492, 2.320858, -9.403876), (-9.510771, 2.304892, -9.452231)
(-9.60796, 2.330279, -9.425763), (-9.632286, 2.330279, -9.469445), (-9.71904, 2.346057, -9.42114)
(-9.60796, 2.330279, -9.425763), (-9.69475, 2.346057, -9.377435), (-9.597492, 2.320858, -9.403876)
(-9.791307, 1.82584, -9.422039), (-9.787401, 1.881157, -9.264935), (-9.630811, 1.821816, -9.429918)
(-9.791307, 1.82584, -9.422039), (-9.630811, 1.821816, -9.429918), (-9.635012, 1.763781, -9.586991)
(-9.71904, 2.346057, -9.42114), (-9.743328, 2.346057, -9.464845), (-9.805943, 2.36149, -9.372888)
(-9.8302, 2.36149, -9.416612), (-9.743328, 2.346057, -9.464845), (-9.756386, 2.336632, -9.485293)
(-9.8302, 2.36149, -9.416612), (-9.917147, 2.376712, -9.368384), (-9.892916, 2.376712, -9.324647)
(-9.951803, 1.829579, -9.414753), (-9.791307, 1.82584, -9.422039), (-9.795611, 1.766849, -9.578622)
(-9.951803, 1.829579, -9.414753), (-9.947757, 1.886327, -9.258145), (-9.791307, 1.82584, -9.422039)
(-9.597492, 2.320858, -9.403876), (-9.522797, 2.320859, -9.269746), (-9.435946, 2.304892, -9.318173)
(-9.597492, 2.320858, -9.403876), (-9.68428, 2.336632, -9.355552), (-9.522797, 2.320859, -9.269746)
(-9.930126, 2.367278, -9.388877), (-9.917147, 2.376712, -9.368384), (-9.843218, 2.352061, -9.437081)
(-9.930126, 2.367278, -9.388877), (-9.843218, 2.352061, -9.437081), (-9.9177, 2.352061, -9.571332)
# -8.981791150019998, 0, -9.716463383353332
(-8.708946, 2.142864, -10.047433), (-8.62318, 2.12484, -10.096124), (-8.636631, 2.115456, -10.116336)
(-8.708946, 2.142864, -10.047433), (-8.794739, 2.160786, -9.998712), (-8.770061, 2.160786, -9.955228)
(-9.269144, 2.230899, -10.035401), (-9.237467, 2.2309, -9.979291), (-9.183296, 2.213631, -10.083955)
(-9.269144, 2.230899, -10.035401), (-9.183296, 2.213631, -10.083955), (-9.269636, 1.460184, -9.96782)
(-9.151575, 2.213631, -10.027869), (-9.141373, 2.204234, -10.006478), (-9.065729, 2.196173, -10.076495)
(-9.151575, 2.213631, -10.027869), (-9.065729, 2.196173, -10.076495), (-9.097485, 2.196173, -10.13256)
(-8.808167, 2.151398, -10.018937), (-8.794739, 2.160786, -9.998712), (-8.722387, 2.133478, -10.067651)
(-8.808167, 2.151398, -10.018937), (-8.722387, 2.133478, -10.067651), (-8.798176, 2.133478, -10.201165)
(-9.184902, 1.442959, -10.015718), (-9.097485, 2.196173, -10.13256), (-9.100145, 1.42556, -10.063722)
(-9.141373, 2.204234, -10.006478), (-9.065788, 2.204234, -9.872849), (-9.055527, 2.186779, -10.055102)
(-9.141373, 2.204234, -10.006478), (-9.055527, 2.186779, -10.055102), (-9.065729, 2.196173, -10.076495)
(-8.684263, 2.142864, -10.003953), (-8.708946, 2.142864, -10.047433), (-8.770061, 2.160786, -9.955228)
(-8.794739, 2.160786, -9.998712), (-8.708946, 2.142864, -10.047433), (-8.722387, 2.133478, -10.067651)
(-8.794739, 2.160786, -9.998712), (-8.880581, 2.178552, -9.94999), (-8.855915, 2.178552, -9.906501)
(-9.237467, 2.2309, -9.979291), (-9.227266, 2.2215, -9.957902), (-9.151575, 2.213631, -10.027869)
(-9.237467, 2.2309, -9.979291), (-9.151575, 2.213631, -10.027869), (-9.183296, 2.213631, -10.083955)
(-8.893988, 2.169161, -9.970227), (-8.880581, 2.178552, -9.94999), (-8.808167, 2.151398, -10.018937)
(-8.893988, 2.169161, -9.970227), (-8.808167, 2.151398, -10.018937), (-8.883942, 2.151398, -10.152459)
(-9.269636, 1.460184, -9.96782), (-9.183296, 2.213631, -10.083955), (-9.184902, 1.442959, -10.015718)
(-8.659582, 2.142864, -9.960471), (-8.573822, 2.12484, -10.009156), (-8.684263, 2.142864, -10.003953)
(-8.659582, 2.142864, -9.960471), (-8.649115, 2.133478, -9.938565), (-8.563368, 2.115456, -9.987245)
(-8.659582, 2.142864, -9.960471), (-8.684263, 2.142864, -10.003953), (-8.770061, 2.160786, -9.955228)
(-8.659582, 2.142864, -9.960471), (-8.745382, 2.160786, -9.911744), (-8.649115, 2.133478, -9.938565)
(-8.681602, 1.634726, -9.960263), (-8.521596, 1.63465, -9.969439), (-8.525873, 1.572758, -10.127107)
(-8.681602, 1.634726, -9.960263), (-8.677739, 1.692989, -9.801527), (-8.521596, 1.63465, -9.969439)
(-9.227266, 2.2215, -9.957902), (-9.151789, 2.2215, -9.82421), (-9.141373, 2.204234, -10.006478)
(-9.227266, 2.2215, -9.957902), (-9.141373, 2.204234, -10.006478), (-9.151575, 2.213631, -10.027869)
(-8.770061, 2.160786, -9.955228), (-8.794739, 2.160786, -9.998712), (-8.855915, 2.178552, -9.906501)
(-8.841785, 1.634317, -9.950464), (-8.681602, 1.634726, -9.960263), (-8.686117, 1.571487, -10.117593)
(-8.841785, 1.634317, -9.950464), (-8.837635, 1.694215, -9.792251), (-8.681602, 1.634726, -9.960263)
(-8.880581, 2.178552, -9.94999), (-8.794739, 2.160786, -9.998712), (-8.808167, 2.151398, -10.018937)
(-8.880581, 2.178552, -9.94999), (-8.966473, 2.196173, -9.901269), (-8.94183, 2.196173, -9.857764)
(-9.002144, 1.633719, -9.940184), (-8.841785, 1.634317, -9.950464), (-8.846547, 1.569614, -10.10735)
(-9.002144, 1.633719, -9.940184), (-8.997697, 1.695391, -9.782593), (-8.841785, 1.634317, -9.950464)
(-8.649115, 2.133478, -9.938565), (-8.573324, 2.133478, -9.805047), (-8.487591, 2.115456, -9.853721)
(-8.649115, 2.133478, -9.938565), (-8.734907, 2.151398, -9.889844), (-8.573324, 2.133478, -9.805047)
(-9.162625, 1.633517, -9.929724), (-9.002144, 1.633719, -9.940184), (-9.007097, 1.567818, -10.096688)
(-9.162625, 1.633517, -9.929724), (-9.157979, 1.696416, -9.772619), (-9.002144, 1.633719, -9.940184)
(-8.979858, 2.186779, -9.921517), (-8.966473, 2.196173, -9.901269), (-8.893988, 2.169161, -9.970227)
(-8.979858, 2.186779, -9.921517), (-8.893988, 2.169161, -9.970227), (-8.969723, 2.169161, -10.103776)
(-8.745382, 2.160786, -9.911744), (-8.659582, 2.142864, -9.960471), (-8.770061, 2.160786, -9.955228)
(-8.745382, 2.160786, -9.911744), (-8.734907, 2.151398, -9.889844), (-8.649115, 2.133478, -9.938565)
(-8.745382, 2.160786, -9.911744), (-8.770061, 2.160786, -9.955228), (-8.855915, 2.178552, -9.906501)
(-8.745382, 2.160786, -9.911744), (-8.831249, 2.178552, -9.863008), (-8.734907, 2.151398, -9.889844)
(-9.313229, 2.238602, -9.909371), (-9.237865, 2.238602, -9.775617), (-9.227266, 2.2215, -9.957902)
(-9.313229, 2.238602, -9.909371), (-9.227266, 2.2215, -9.957902), (-9.237467, 2.2309, -9.979291)
(-8.855915, 2.178552, -9.906501), (-8.880581, 2.178552, -9.94999), (-8.94183, 2.196173, -9.857764)
(-8.966473, 2.196173, -9.901269), (-8.880581, 2.178552, -9.94999), (-8.893988, 2.169161, -9.970227)
(-8.966473, 2.196173, -9.901269), (-9.052431, 2.213631, -9.852582), (-9.027815, 2.213631, -9.80906)
(-8.734907, 2.151398, -9.889844), (-8.659132, 2.151398, -9.75632), (-8.573324, 2.133478, -9.805047)
(-8.734907, 2.151398, -9.889844), (-8.820766, 2.169161, -9.841111), (-8.659132, 2.151398, -9.75632)
(-9.065788, 2.204234, -9.872849), (-9.052431, 2.213631, -9.852582), (-8.979858, 2.186779, -9.921517)
(-9.065788, 2.204234, -9.872849), (-8.979858, 2.186779, -9.921517), (-9.055527, 2.186779, -10.055102)
(-8.831249, 2.178552, -9.863008), (-8.745382, 2.160786, -9.911744), (-8.855915, 2.178552, -9.906501)
(-8.831249, 2.178552, -9.863008), (-8.820766, 2.169161, -9.841111), (-8.734907, 2.151398, -9.889844)
(-8.831249, 2.178552, -9.863008), (-8.855915, 2.178552, -9.906501), (-8.94183, 2.196173, -9.857764)
(-8.831249, 2.178552, -9.863008), (-8.917187, 2.196173, -9.814261), (-8.820766, 2.169161, -9.841111)
(-8.94183, 2.196173, -9.857764), (-8.966473, 2.196173, -9.901269), (-9.027815, 2.213631, -9.80906)
(-9.052431, 2.213631, -9.852582), (-8.966473, 2.196173, -9.901269), (-8.979858, 2.186779, -9.921517)
(-9.052431, 2.213631, -9.852582), (-9.13846, 2.2309, -9.803926), (-9.11388, 2.2309, -9.760385)
(-8.820766, 2.169161, -9.841111), (-8.745033, 2.169161, -9.707566), (-8.659132, 2.151398, -9.75632)
(-8.820766, 2.169161, -9.841111), (-8.906702, 2.186779, -9.792367), (-8.745033, 2.169161, -9.707566)
(-9.151789, 2.2215, -9.82421), (-9.13846, 2.2309, -9.803926), (-9.065788, 2.204234, -9.872849)
(-9.151789, 2.2215, -9.82421), (-9.065788, 2.204234, -9.872849), (-9.141373, 2.204234, -10.006478)
(-8.917187, 2.196173, -9.814261), (-8.831249, 2.178552, -9.863008), (-8.94183, 2.196173, -9.857764)
(-8.917187, 2.196173, -9.814261), (-8.906702, 2.186779, -9.792367), (-8.820766, 2.169161, -9.841111)
(-8.917187, 2.196173, -9.814261), (-8.94183, 2.196173, -9.857764), (-9.027815, 2.213631, -9.80906)
(-8.917187, 2.196173, -9.814261), (-9.003199, 2.213631, -9.76554), (-8.906702, 2.186779, -9.792367)
(-9.027815, 2.213631, -9.80906), (-9.052431, 2.213631, -9.852582), (-9.11388, 2.2309, -9.760385)
(-9.13846, 2.2309, -9.803926), (-9.052431, 2.213631, -9.852582), (-9.065788, 2.204234, -9.872849)
(-9.13846, 2.2309, -9.803926), (-9.224573, 2.248005, -9.755311), (-9.200029, 2.248005, -9.711749)
(-8.677739, 1.692989, -9.801527), (-8.674413, 1.746943, -9.64188), (-8.518015, 1.691377, -9.810273)
(-8.677739, 1.692989, -9.801527), (-8.518015, 1.691377, -9.810273), (-8.521596, 1.63465, -9.969439)
(-8.906702, 2.186779, -9.792367), (-8.831036, 2.186779, -9.658784), (-8.745033, 2.169161, -9.707566)
(-8.906702, 2.186779, -9.792367), (-8.992714, 2.204234, -9.743649), (-8.831036, 2.186779, -9.658784)
(-8.837635, 1.694215, -9.792251), (-8.833976, 1.750016, -9.633184), (-8.677739, 1.692989, -9.801527)
(-8.837635, 1.694215, -9.792251), (-8.677739, 1.692989, -9.801527), (-8.681602, 1.634726, -9.960263)
(-8.997697, 1.695391, -9.782593), (-8.99376, 1.752741, -9.624077), (-8.837635, 1.694215, -9.792251)
(-8.997697, 1.695391, -9.782593), (-8.837635, 1.694215, -9.792251), (-8.841785, 1.634317, -9.950464)
(-9.237865, 2.238602, -9.775617), (-9.224573, 2.248005, -9.755311), (-9.151789, 2.2215, -9.82421)
(-9.237865, 2.238602, -9.775617), (-9.151789, 2.2215, -9.82421), (-9.227266, 2.2215, -9.957902)
(-9.157979, 1.696416, -9.772619), (-9.153782, 1.755301, -9.614688), (-8.997697, 1.695391, -9.782593)
(-9.157979, 1.696416, -9.772619), (-8.997697, 1.695391, -9.782593), (-9.002144, 1.633719, -9.940184)
(-9.003199, 2.213631, -9.76554), (-8.917187, 2.196173, -9.814261), (-9.027815, 2.213631, -9.80906)
(-9.003199, 2.213631, -9.76554), (-8.992714, 2.204234, -9.743649), (-8.906702, 2.186779, -9.792367)
(-9.003199, 2.213631, -9.76554), (-9.027815, 2.213631, -9.80906), (-9.11388, 2.2309, -9.760385)
(-9.003199, 2.213631, -9.76554), (-9.089298, 2.2309, -9.716844), (-8.992714, 2.204234, -9.743649)
(-9.11388, 2.2309, -9.760385), (-9.13846, 2.2309, -9.803926), (-9.200029, 2.248005, -9.711749)
(-8.659132, 2.151398, -9.75632), (-8.645988, 2.160786, -9.736596), (-8.560169, 2.142864, -9.785333)
(-8.659132, 2.151398, -9.75632), (-8.745033, 2.169161, -9.707566), (-8.645988, 2.160786, -9.736596)
(-9.224573, 2.248005, -9.755311), (-9.13846, 2.2309, -9.803926), (-9.151789, 2.2215, -9.82421)
(-9.224573, 2.248005, -9.755311), (-9.310781, 2.264882, -9.706759), (-9.28628, 2.264882, -9.663175)
(-8.992714, 2.204234, -9.743649), (-8.91713, 2.204234, -9.610017), (-8.831036, 2.186779, -9.658784)
(-8.992714, 2.204234, -9.743649), (-9.078814, 2.2215, -9.694953), (-8.91713, 2.204234, -9.610017)
(-9.089298, 2.2309, -9.716844), (-9.003199, 2.213631, -9.76554), (-9.11388, 2.2309, -9.760385)
(-9.089298, 2.2309, -9.716844), (-9.078814, 2.2215, -9.694953), (-8.992714, 2.204234, -9.743649)
(-9.089298, 2.2309, -9.716844), (-9.11388, 2.2309, -9.760385), (-9.200029, 2.248005, -9.711749)
(-9.089298, 2.2309, -9.716844), (-9.175486, 2.248005, -9.668189), (-9.078814, 2.2215, -9.694953)
(-9.200029, 2.248005, -9.711749), (-9.224573, 2.248005, -9.755311), (-9.28628, 2.264882, -9.663175)
(-8.745033, 2.169161, -9.707566), (-8.731909, 2.178552, -9.687829), (-8.645988, 2.160786, -9.736596)
(-8.745033, 2.169161, -9.707566), (-8.831036, 2.186779, -9.658784), (-8.731909, 2.178552, -9.687829)
(-9.310781, 2.264882, -9.706759), (-9.224573, 2.248005, -9.755311), (-9.237865, 2.238602, -9.775617)
(-9.310781, 2.264882, -9.706759), (-9.397074, 2.281591, -9.658256), (-9.372616, 2.281591, -9.614646)
(-9.078814, 2.2215, -9.694953), (-9.003336, 2.2215, -9.561261), (-8.91713, 2.204234, -9.610017)
(-9.078814, 2.2215, -9.694953), (-9.165005, 2.238602, -9.646298), (-9.003336, 2.2215, -9.561261)
(-8.731909, 2.178552, -9.687829), (-8.703016, 2.178552, -9.63688), (-8.617081, 2.160786, -9.68566)
(-8.731909, 2.178552, -9.687829), (-8.817932, 2.196173, -9.639031), (-8.703016, 2.178552, -9.63688)
(-9.175486, 2.248005, -9.668189), (-9.089298, 2.2309, -9.716844), (-9.200029, 2.248005, -9.711749)
(-9.175486, 2.248005, -9.668189), (-9.165005, 2.238602, -9.646298), (-9.078814, 2.2215, -9.694953)
(-9.175486, 2.248005, -9.668189), (-9.200029, 2.248005, -9.711749), (-9.28628, 2.264882, -9.663175)
(-9.175486, 2.248005, -9.668189), (-9.261778, 2.264882, -9.61959), (-9.165005, 2.238602, -9.646298)
(-9.28628, 2.264882, -9.663175), (-9.310781, 2.264882, -9.706759), (-9.372616, 2.281591, -9.614646)
(-8.831036, 2.186779, -9.658784), (-8.817932, 2.196173, -9.639031), (-8.731909, 2.178552, -9.687829)
(-8.831036, 2.186779, -9.658784), (-8.91713, 2.204234, -9.610017), (-8.817932, 2.196173, -9.639031)
(-9.165005, 2.238602, -9.646298), (-9.089642, 2.238602, -9.51254), (-9.003336, 2.2215, -9.561261)
(-9.165005, 2.238602, -9.646298), (-9.251301, 2.255476, -9.597699), (-9.089642, 2.238602, -9.51254)
(-8.674413, 1.746943, -9.64188), (-8.515001, 1.74367, -9.650153), (-8.518015, 1.691377, -9.810273)
(-8.674413, 1.746943, -9.64188), (-8.671705, 1.79591, -9.481295), (-8.515001, 1.74367, -9.650153)
(-8.817932, 2.196173, -9.639031), (-8.789066, 2.196173, -9.588071), (-8.703016, 2.178552, -9.63688)
(-8.817932, 2.196173, -9.639031), (-8.904055, 2.213631, -9.590249), (-8.789066, 2.196173, -9.588071)
(-8.703016, 2.178552, -9.63688), (-8.861389, 1.387126, -9.628747), (-8.776501, 1.369577, -9.676881)
(-8.703016, 2.178552, -9.63688), (-8.789066, 2.196173, -9.588071), (-8.861389, 1.387126, -9.628747)
(-8.833976, 1.750016, -9.633184), (-8.674413, 1.746943, -9.64188), (-8.677739, 1.692989, -9.801527)
(-8.833976, 1.750016, -9.633184), (-8.830955, 1.800661, -9.473121), (-8.674413, 1.746943, -9.64188)
(-8.99376, 1.752741, -9.624077), (-8.833976, 1.750016, -9.633184), (-8.837635, 1.694215, -9.792251)
(-8.99376, 1.752741, -9.624077), (-8.990446, 1.805017, -9.464581), (-8.833976, 1.750016, -9.633184)
(-9.261778, 2.264882, -9.61959), (-9.175486, 2.248005, -9.668189), (-9.28628, 2.264882, -9.663175)
(-9.261778, 2.264882, -9.61959), (-9.251301, 2.255476, -9.597699), (-9.165005, 2.238602, -9.646298)
(-9.261778, 2.264882, -9.61959), (-9.28628, 2.264882, -9.663175), (-9.372616, 2.281591, -9.614646)
(-9.261778, 2.264882, -9.61959), (-9.348158, 2.281591, -9.571036), (-9.251301, 2.255476, -9.597699)
(-9.153782, 1.755301, -9.614688), (-8.99376, 1.752741, -9.624077), (-8.997697, 1.695391, -9.782593)
(-9.153782, 1.755301, -9.614688), (-9.150183, 1.809247, -9.455821), (-8.99376, 1.752741, -9.624077)
(-8.91713, 2.204234, -9.610017), (-8.904055, 2.213631, -9.590249), (-8.817932, 2.196173, -9.639031)
(-8.91713, 2.204234, -9.610017), (-9.003336, 2.2215, -9.561261), (-8.904055, 2.213631, -9.590249)
(-9.314013, 1.758015, -9.605238), (-9.153782, 1.755301, -9.614688), (-9.157979, 1.696416, -9.772619)
(-9.314013, 1.758015, -9.605238), (-9.310144, 1.813637, -9.447023), (-9.153782, 1.755301, -9.614688)
(-9.251301, 2.255476, -9.597699), (-9.176069, 2.255476, -9.463868), (-9.089642, 2.238602, -9.51254)
(-9.251301, 2.255476, -9.597699), (-9.337685, 2.272182, -9.549142), (-9.176069, 2.255476, -9.463868)
(-8.904055, 2.213631, -9.590249), (-8.875219, 2.213631, -9.539269), (-8.789066, 2.196173, -9.588071)
(-8.904055, 2.213631, -9.590249), (-8.990292, 2.2309, -9.54148), (-8.875219, 2.213631, -9.539269)
(-8.789066, 2.196173, -9.588071), (-8.946304, 1.404513, -9.580659), (-8.861389, 1.387126, -9.628747)
(-8.789066, 2.196173, -9.588071), (-8.875219, 2.213631, -9.539269), (-8.946304, 1.404513, -9.580659)
(-9.003336, 2.2215, -9.561261), (-8.990292, 2.2309, -9.54148), (-8.904055, 2.213631, -9.590249)
(-9.003336, 2.2215, -9.561261), (-9.089642, 2.238602, -9.51254), (-8.990292, 2.2309, -9.54148)
(-8.990292, 2.2309, -9.54148), (-8.961498, 2.2309, -9.490472), (-8.875219, 2.213631, -9.539269)
(-8.990292, 2.2309, -9.54148), (-9.076632, 2.248005, -9.492738), (-8.961498, 2.2309, -9.490472)
(-8.875219, 2.213631, -9.539269), (-9.031256, 1.421726, -9.532641), (-8.946304, 1.404513, -9.580659)
(-8.875219, 2.213631, -9.539269), (-8.961498, 2.2309, -9.490472), (-9.031256, 1.421726, -9.532641)
(-9.089642, 2.238602, -9.51254), (-9.076632, 2.248005, -9.492738), (-8.990292, 2.2309, -9.54148)
(-9.089642, 2.238602, -9.51254), (-9.176069, 2.255476, -9.463868), (-9.076632, 2.248005, -9.492738)
(-9.076632, 2.248005, -9.492738), (-9.04788, 2.248005, -9.441709), (-8.961498, 2.2309, -9.490472)
(-9.076632, 2.248005, -9.492738), (-9.163094, 2.264882, -9.444039), (-9.04788, 2.248005, -9.441709)
(-8.961498, 2.2309, -9.490472), (-9.116243, 1.438735, -9.484698), (-9.031256, 1.421726, -9.532641)
(-8.961498, 2.2309, -9.490472), (-9.04788, 2.248005, -9.441709), (-9.116243, 1.438735, -9.484698)
(-8.671705, 1.79591, -9.481295), (-8.512725, 1.790194, -9.488908), (-8.515001, 1.74367, -9.650153)
(-8.671705, 1.79591, -9.481295), (-8.66979, 1.83867, -9.319672), (-8.512725, 1.790194, -9.488908)
(-8.830955, 1.800661, -9.473121), (-8.828635, 1.845723, -9.312142), (-8.671705, 1.79591, -9.481295)
(-8.830955, 1.800661, -9.473121), (-8.671705, 1.79591, -9.481295), (-8.674413, 1.746943, -9.64188)
(-8.990446, 1.805017, -9.464581), (-8.830955, 1.800661, -9.473121), (-8.833976, 1.750016, -9.633184)
(-8.990446, 1.805017, -9.464581), (-8.9878, 1.851948, -9.304213), (-8.830955, 1.800661, -9.473121)
(-9.176069, 2.255476, -9.463868), (-9.163094, 2.264882, -9.444039), (-9.076632, 2.248005, -9.492738)
(-9.176069, 2.255476, -9.463868), (-9.262585, 2.272182, -9.415238), (-9.163094, 2.264882, -9.444039)
(-9.150183, 1.809247, -9.455821), (-9.147182, 1.858271, -9.296162), (-8.990446, 1.805017, -9.464581)
(-9.150183, 1.809247, -9.455821), (-8.990446, 1.805017, -9.464581), (-8.99376, 1.752741, -9.624077)
(-9.310144, 1.813637, -9.447023), (-9.150183, 1.809247, -9.455821), (-9.153782, 1.755301, -9.614688)
(-9.310144, 1.813637, -9.447023), (-9.30688, 1.864278, -9.288032), (-9.150183, 1.809247, -9.455821)
(-9.163094, 2.264882, -9.444039), (-9.134392, 2.264882, -9.392983), (-9.04788, 2.248005, -9.441709)
(-9.163094, 2.264882, -9.444039), (-9.249649, 2.281592, -9.395389), (-9.134392, 2.264882, -9.392983)
(-9.04788, 2.248005, -9.441709), (-9.201275, 1.455572, -9.43683), (-9.116243, 1.438735, -9.484698)
(-9.04788, 2.248005, -9.441709), (-9.134392, 2.264882, -9.392983), (-9.201275, 1.455572, -9.43683)
(-9.262585, 2.272182, -9.415238), (-9.249649, 2.281592, -9.395389), (-9.163094, 2.264882, -9.444039)
(-9.262585, 2.272182, -9.415238), (-9.349228, 2.288626, -9.366681), (-9.249649, 2.281592, -9.395389)
(-9.249649, 2.281592, -9.395389), (-9.220999, 2.281592, -9.344306), (-9.134392, 2.264882, -9.392983)
(-9.249649, 2.281592, -9.395389), (-9.336329, 2.298039, -9.346808), (-9.220999, 2.281592, -9.344306)
(-9.134392, 2.264882, -9.392983), (-9.286354, 1.472168, -9.389066), (-9.201275, 1.455572, -9.43683)
(-9.134392, 2.264882, -9.392983), (-9.220999, 2.281592, -9.344306), (-9.286354, 1.472168, -9.389066)
# -8.314020916686664, 0, -9.716463383353332
(-8.145309, 2.042332, -10.047482), (-8.13217, 2.051709, -10.027749), (-8.046738, 2.033237, -10.075746)
(-8.145309, 2.042332, -10.047482), (-8.230824, 2.06071, -9.999194), (-8.13217, 2.051709, -10.027749)
(-8.47768, 2.09729, -10.035865), (-8.401951, 2.09729, -9.902314), (-8.316345, 2.079062, -9.950833)
(-8.47768, 2.09729, -10.035865), (-8.563368, 2.115456, -9.987245), (-8.401951, 2.09729, -9.902314)
(-8.13217, 2.051709, -10.027749), (-8.103405, 2.051709, -9.976731), (-8.018049, 2.033237, -10.02468)
(-8.13217, 2.051709, -10.027749), (-8.217667, 2.070089, -9.97947), (-8.103405, 2.051709, -9.976731)
(-8.018049, 2.033237, -10.02468), (-8.18214, 1.243007, -10.013986), (-8.097105, 1.224594, -10.061994)
(-8.018049, 2.033237, -10.02468), (-8.103405, 2.051709, -9.976731), (-8.18214, 1.243007, -10.013986)
(-8.573822, 2.12484, -10.009156), (-8.488117, 2.106671, -10.057786), (-8.598501, 2.12484, -10.05264)
(-8.573822, 2.12484, -10.009156), (-8.563368, 2.115456, -9.987245), (-8.47768, 2.09729, -10.035865)
(-8.573822, 2.12484, -10.009156), (-8.598501, 2.12484, -10.05264), (-8.684263, 2.142864, -10.003953)
(-8.573822, 2.12484, -10.009156), (-8.659582, 2.142864, -9.960471), (-8.563368, 2.115456, -9.987245)
(-8.230824, 2.06071, -9.999194), (-8.217667, 2.070089, -9.97947), (-8.13217, 2.051709, -10.027749)
(-8.230824, 2.06071, -9.999194), (-8.316345, 2.079062, -9.950833), (-8.217667, 2.070089, -9.97947)
(-8.042651, 1.629304, -9.992572), (-7.883477, 1.624774, -9.998431), (-7.886734, 1.568916, -10.157425)
(-8.042651, 1.629304, -9.992572), (-8.039954, 1.681207, -9.832249), (-7.883477, 1.624774, -9.998431)
(-8.563368, 2.115456, -9.987245), (-8.487591, 2.115456, -9.853721), (-8.401951, 2.09729, -9.902314)
(-8.563368, 2.115456, -9.987245), (-8.649115, 2.133478, -9.938565), (-8.487591, 2.115456, -9.853721)
(-8.202085, 1.632295, -9.985731), (-8.042651, 1.629304, -9.992572), (-8.046123, 1.572055, -10.151342)
(-8.202085, 1.632295, -9.985731), (-8.199142, 1.685508, -9.825653), (-8.042651, 1.629304, -9.992572)
(-8.217667, 2.070089, -9.97947), (-8.188848, 2.070089, -9.928483), (-8.103405, 2.051709, -9.976731)
(-8.217667, 2.070089, -9.97947), (-8.303181, 2.088442, -9.931123), (-8.188848, 2.070089, -9.928483)
(-8.361763, 1.633853, -9.977931), (-8.202085, 1.632295, -9.985731), (-8.205826, 1.573456, -10.144147)
(-8.361763, 1.633853, -9.977931), (-8.358473, 1.689025, -9.818364), (-8.202085, 1.632295, -9.985731)
(-8.103405, 2.051709, -9.976731), (-8.267166, 1.261411, -9.965964), (-8.18214, 1.243007, -10.013986)
(-8.103405, 2.051709, -9.976731), (-8.188848, 2.070089, -9.928483), (-8.267166, 1.261411, -9.965964)
(-8.521596, 1.63465, -9.969439), (-8.361763, 1.633853, -9.977931), (-8.365757, 1.573575, -10.136028)
(-8.521596, 1.63465, -9.969439), (-8.518015, 1.691377, -9.810273), (-8.361763, 1.633853, -9.977931)
(-8.316345, 2.079062, -9.950833), (-8.303181, 2.088442, -9.931123), (-8.217667, 2.070089, -9.97947)
(-8.316345, 2.079062, -9.950833), (-8.401951, 2.09729, -9.902314), (-8.303181, 2.088442, -9.931123)
(-8.303181, 2.088442, -9.931123), (-8.274319, 2.088442, -9.880158), (-8.188848, 2.070089, -9.928483)
(-8.303181, 2.088442, -9.931123), (-8.388783, 2.106671, -9.882606), (-8.274319, 2.088442, -9.880158)
(-8.188848, 2.070089, -9.928483), (-8.352108, 1.279685, -9.917825), (-8.267166, 1.261411, -9.965964)
(-8.188848, 2.070089, -9.928483), (-8.274319, 2.088442, -9.880158), (-8.352108, 1.279685, -9.917825)
(-8.401951, 2.09729, -9.902314), (-8.388783, 2.106671, -9.882606), (-8.303181, 2.088442, -9.931123)
(-8.401951, 2.09729, -9.902314), (-8.487591, 2.115456, -9.853721), (-8.388783, 2.106671, -9.882606)
(-8.388783, 2.106671, -9.882606), (-8.35989, 2.106671, -9.831656), (-8.274319, 2.088442, -9.880158)
(-8.388783, 2.106671, -9.882606), (-8.474424, 2.12484, -9.834008), (-8.35989, 2.106671, -9.831656)
(-8.274319, 2.088442, -9.880158), (-8.437023, 1.297923, -9.86966), (-8.352108, 1.279685, -9.917825)
(-8.274319, 2.088442, -9.880158), (-8.35989, 2.106671, -9.831656), (-8.437023, 1.297923, -9.86966)
(-8.487591, 2.115456, -9.853721), (-8.474424, 2.12484, -9.834008), (-8.388783, 2.106671, -9.882606)
(-8.487591, 2.115456, -9.853721), (-8.573324, 2.133478, -9.805047), (-8.474424, 2.12484, -9.834008)
(-8.474424, 2.12484, -9.834008), (-8.445515, 2.12484, -9.783072), (-8.35989, 2.106671, -9.831656)
(-8.474424, 2.12484, -9.834008), (-8.560169, 2.142864, -9.785333), (-8.445515, 2.12484, -9.783072)
(-8.039954, 1.681207, -9.832249), (-8.037867, 1.728642, -9.670983), (-7.881024, 1.675271, -9.837881)
(-8.039954, 1.681207, -9.832249), (-7.881024, 1.675271, -9.837881), (-7.883477, 1.624774, -9.998431)
(-8.35989, 2.106671, -9.831656), (-8.521904, 1.316006, -9.821464), (-8.437023, 1.297923, -9.86966)
(-8.35989, 2.106671, -9.831656), (-8.445515, 2.12484, -9.783072), (-8.521904, 1.316006, -9.821464)
(-8.199142, 1.685508, -9.825653), (-8.196759, 1.734507, -9.664716), (-8.039954, 1.681207, -9.832249)
(-8.199142, 1.685508, -9.825653), (-8.039954, 1.681207, -9.832249), (-8.042651, 1.629304, -9.992572)
(-8.358473, 1.689025, -9.818364), (-8.355802, 1.739478, -9.657761), (-8.199142, 1.685508, -9.825653)
(-8.358473, 1.689025, -9.818364), (-8.199142, 1.685508, -9.825653), (-8.202085, 1.632295, -9.985731)
(-8.518015, 1.691377, -9.810273), (-8.515001, 1.74367, -9.650153), (-8.358473, 1.689025, -9.818364)
(-8.518015, 1.691377, -9.810273), (-8.358473, 1.689025, -9.818364), (-8.361763, 1.633853, -9.977931)
(-8.573324, 2.133478, -9.805047), (-8.560169, 2.142864, -9.785333), (-8.474424, 2.12484, -9.834008)
(-8.573324, 2.133478, -9.805047), (-8.659132, 2.151398, -9.75632), (-8.560169, 2.142864, -9.785333)
(-8.560169, 2.142864, -9.785333), (-8.531254, 2.142864, -9.734397), (-8.445515, 2.12484, -9.783072)
(-8.560169, 2.142864, -9.785333), (-8.645988, 2.160786, -9.736596), (-8.531254, 2.142864, -9.734397)
(-8.445515, 2.12484, -9.783072), (-8.606766, 1.334014, -9.773252), (-8.521904, 1.316006, -9.821464)
(-8.445515, 2.12484, -9.783072), (-8.531254, 2.142864, -9.734397), (-8.606766, 1.334014, -9.773252)
(-8.645988, 2.160786, -9.736596), (-8.617081, 2.160786, -9.68566), (-8.531254, 2.142864, -9.734397)
(-8.645988, 2.160786, -9.736596), (-8.731909, 2.178552, -9.687829), (-8.617081, 2.160786, -9.68566)
(-8.531254, 2.142864, -9.734397), (-8.691631, 1.351854, -9.725059), (-8.606766, 1.334014, -9.773252)
(-8.531254, 2.142864, -9.734397), (-8.617081, 2.160786, -9.68566), (-8.691631, 1.351854, -9.725059)
(-8.617081, 2.160786, -9.68566), (-8.776501, 1.369577, -9.676881), (-8.691631, 1.351854, -9.725059)
(-8.617081, 2.160786, -9.68566), (-8.703016, 2.178552, -9.63688), (-8.776501, 1.369577, -9.676881)
(-8.037867, 1.728642, -9.670983), (-7.879168, 1.721464, -9.676438), (-7.881024, 1.675271, -9.837881)
(-8.037867, 1.728642, -9.670983), (-8.036487, 1.770738, -9.508744), (-7.879168, 1.721464, -9.676438)
(-8.196759, 1.734507, -9.664716), (-8.037867, 1.728642, -9.670983), (-8.039954, 1.681207, -9.832249)
(-8.196759, 1.734507, -9.664716), (-8.195096, 1.777981, -9.502744), (-8.037867, 1.728642, -9.670983)
(-8.355802, 1.739478, -9.657761), (-8.196759, 1.734507, -9.664716), (-8.199142, 1.685508, -9.825653)
(-8.355802, 1.739478, -9.657761), (-8.353846, 1.784361, -9.4961), (-8.196759, 1.734507, -9.664716)
(-8.515001, 1.74367, -9.650153), (-8.355802, 1.739478, -9.657761), (-8.358473, 1.689025, -9.818364)
(-8.515001, 1.74367, -9.650153), (-8.512725, 1.790194, -9.488908), (-8.355802, 1.739478, -9.657761)
(-8.036487, 1.770738, -9.508744), (-7.87808, 1.762012, -9.513931), (-7.879168, 1.721464, -9.676438)
(-8.036487, 1.770738, -9.508744), (-8.035983, 1.806023, -9.345402), (-7.87808, 1.762012, -9.513931)
(-8.195096, 1.777981, -9.502744), (-8.194239, 1.815121, -9.339766), (-8.036487, 1.770738, -9.508744)
(-8.195096, 1.777981, -9.502744), (-8.036487, 1.770738, -9.508744), (-8.037867, 1.728642, -9.670983)
(-8.353846, 1.784361, -9.4961), (-8.195096, 1.777981, -9.502744), (-8.196759, 1.734507, -9.664716)
(-8.353846, 1.784361, -9.4961), (-8.352669, 1.823096, -9.333464), (-8.195096, 1.777981, -9.502744)
(-8.512725, 1.790194, -9.488908), (-8.511147, 1.831149, -9.326791), (-8.353846, 1.784361, -9.4961)
(-8.512725, 1.790194, -9.488908), (-8.353846, 1.784361, -9.4961), (-8.355802, 1.739478, -9.657761)
# -7.64625068335333, 0, -9.716463383353332
(-7.407451, 1.603944, -10.01086), (-7.24959, 1.593695, -10.012866), (-7.252344, 1.543013, -10.172248)
(-7.407451, 1.603944, -10.01086), (-7.405486, 1.650799, -9.849998), (-7.24959, 1.593695, -10.012866)
(-7.56577, 1.612501, -10.007755), (-7.407451, 1.603944, -10.01086), (-7.410245, 1.552069, -10.170279)
(-7.56577, 1.612501, -10.007755), (-7.563716, 1.660352, -9.846863), (-7.407451, 1.603944, -10.01086)
(-7.724504, 1.61921, -10.003508), (-7.56577, 1.612501, -10.007755), (-7.568692, 1.559239, -10.167059)
(-7.724504, 1.61921, -10.003508), (-7.722226, 1.668614, -9.84285), (-7.56577, 1.612501, -10.007755)
(-7.883477, 1.624774, -9.998431), (-7.724504, 1.61921, -10.003508), (-7.727554, 1.564779, -10.162733)
(-7.883477, 1.624774, -9.998431), (-7.881024, 1.675271, -9.837881), (-7.724504, 1.61921, -10.003508)
(-7.405486, 1.650799, -9.849998), (-7.404139, 1.693444, -9.68825), (-7.247658, 1.639547, -9.852105)
(-7.405486, 1.650799, -9.849998), (-7.247658, 1.639547, -9.852105), (-7.24959, 1.593695, -10.012866)
(-7.563716, 1.660352, -9.846863), (-7.562227, 1.70425, -9.685184), (-7.405486, 1.650799, -9.849998)
(-7.563716, 1.660352, -9.846863), (-7.405486, 1.650799, -9.849998), (-7.407451, 1.603944, -10.01086)
(-7.722226, 1.668614, -9.84285), (-7.720592, 1.713509, -9.681224), (-7.563716, 1.660352, -9.846863)
(-7.722226, 1.668614, -9.84285), (-7.563716, 1.660352, -9.846863), (-7.56577, 1.612501, -10.007755)
(-7.881024, 1.675271, -9.837881), (-7.879168, 1.721464, -9.676438), (-7.722226, 1.668614, -9.84285)
(-7.881024, 1.675271, -9.837881), (-7.722226, 1.668614, -9.84285), (-7.724504, 1.61921, -10.003508)
(-7.404139, 1.693444, -9.68825), (-7.246379, 1.681058, -9.690397), (-7.247658, 1.639547, -9.852105)
(-7.404139, 1.693444, -9.68825), (-7.403543, 1.730965, -9.525551), (-7.246379, 1.681058, -9.690397)
(-7.562227, 1.70425, -9.685184), (-7.404139, 1.693444, -9.68825), (-7.405486, 1.650799, -9.849998)
(-7.562227, 1.70425, -9.685184), (-7.561498, 1.742844, -9.522517), (-7.404139, 1.693444, -9.68825)
(-7.720592, 1.713509, -9.681224), (-7.562227, 1.70425, -9.685184), (-7.563716, 1.660352, -9.846863)
(-7.720592, 1.713509, -9.681224), (-7.719713, 1.752992, -9.518593), (-7.562227, 1.70425, -9.685184)
(-7.879168, 1.721464, -9.676438), (-7.720592, 1.713509, -9.681224), (-7.722226, 1.668614, -9.84285)
(-7.879168, 1.721464, -9.676438), (-7.87808, 1.762012, -9.513931), (-7.720592, 1.713509, -9.681224)
(-7.403543, 1.730965, -9.525551), (-7.245985, 1.716788, -9.527536), (-7.246379, 1.681058, -9.690397)
(-7.403543, 1.730965, -9.525551), (-7.403975, 1.761313, -9.361614), (-7.245985, 1.716788, -9.527536)
(-7.561498, 1.742844, -9.522517), (-7.561715, 1.774596, -9.35871), (-7.403543, 1.730965, -9.525551)
(-7.561498, 1.742844, -9.522517), (-7.403543, 1.730965, -9.525551), (-7.404139, 1.693444, -9.68825)
(-7.719713, 1.752992, -9.518593), (-7.561498, 1.742844, -9.522517), (-7.562227, 1.70425, -9.685184)
(-7.719713, 1.752992, -9.518593), (-7.719728, 1.7858, -9.354878), (-7.561498, 1.742844, -9.522517)
(-7.87808, 1.762012, -9.513931), (-7.877813, 1.796293, -9.350441), (-7.719713, 1.752992, -9.518593)
(-7.87808, 1.762012, -9.513931), (-7.719713, 1.752992, -9.518593), (-7.720592, 1.713509, -9.681224)
# -6.9784804500199975, 0, -9.716463383353332
(-7.092231, 1.581867, -10.013842), (-6.93544, 1.568553, -10.013802), (-6.93806, 1.521143, -10.173292)
(-7.092231, 1.581867, -10.013842), (-7.09035, 1.626347, -9.853106), (-6.93544, 1.568553, -10.013802)
(-6.93544, 1.568553, -10.013802), (-6.779433, 1.553272, -10.012561), (-6.781955, 1.507881, -10.172149)
(-6.93544, 1.568553, -10.013802), (-6.933698, 1.611039, -9.85294), (-6.779433, 1.553272, -10.012561)
(-7.24959, 1.593695, -10.012866), (-7.092231, 1.581867, -10.013842), (-7.094896, 1.532807, -10.173307)
(-7.24959, 1.593695, -10.012866), (-7.247658, 1.639547, -9.852105), (-7.092231, 1.581867, -10.013842)
(-6.779433, 1.553272, -10.012561), (-6.624237, 1.536262, -10.010269), (-6.626693, 1.492899, -10.169877)
(-6.779433, 1.553272, -10.012561), (-6.777705, 1.5941, -9.851774), (-6.624237, 1.536262, -10.010269)
(-7.09035, 1.626347, -9.853106), (-7.089145, 1.666408, -9.691397), (-6.933698, 1.611039, -9.85294)
(-7.09035, 1.626347, -9.853106), (-6.933698, 1.611039, -9.85294), (-6.93544, 1.568553, -10.013802)
(-6.933698, 1.611039, -9.85294), (-6.932509, 1.649683, -9.691303), (-6.777705, 1.5941, -9.851774)
(-6.933698, 1.611039, -9.85294), (-6.777705, 1.5941, -9.851774), (-6.779433, 1.553272, -10.012561)
(-7.247658, 1.639547, -9.852105), (-7.246379, 1.681058, -9.690397), (-7.09035, 1.626347, -9.853106)
(-7.247658, 1.639547, -9.852105), (-7.09035, 1.626347, -9.853106), (-7.092231, 1.581867, -10.013842)
(-6.777705, 1.5941, -9.851774), (-6.776571, 1.630912, -9.690157), (-6.62258, 1.575039, -9.849497)
(-6.777705, 1.5941, -9.851774), (-6.62258, 1.575039, -9.849497), (-6.624237, 1.536262, -10.010269)
(-7.089145, 1.666408, -9.691397), (-6.932509, 1.649683, -9.691303), (-6.933698, 1.611039, -9.85294)
(-7.089145, 1.666408, -9.691397), (-7.088785, 1.701065, -9.528626), (-6.932509, 1.649683, -9.691303)
(-6.932509, 1.649683, -9.691303), (-6.776571, 1.630912, -9.690157), (-6.777705, 1.5941, -9.851774)
(-6.932509, 1.649683, -9.691303), (-6.932139, 1.683156, -9.528667), (-6.776571, 1.630912, -9.690157)
(-7.246379, 1.681058, -9.690397), (-7.089145, 1.666408, -9.691397), (-7.09035, 1.626347, -9.853106)
(-7.246379, 1.681058, -9.690397), (-7.245985, 1.716788, -9.527536), (-7.089145, 1.666408, -9.691397)
(-6.776571, 1.630912, -9.690157), (-6.621476, 1.609946, -9.687949), (-6.62258, 1.575039, -9.849497)
(-6.776571, 1.630912, -9.690157), (-6.776224, 1.662735, -9.527596), (-6.621476, 1.609946, -9.687949)
(-6.932139, 1.683156, -9.528667), (-6.932881, 1.709682, -9.364782), (-6.776224, 1.662735, -9.527596)
(-6.932139, 1.683156, -9.528667), (-6.776224, 1.662735, -9.527596), (-6.776571, 1.630912, -9.690157)
(-7.088785, 1.701065, -9.528626), (-6.932139, 1.683156, -9.528667), (-6.932509, 1.649683, -9.691303)
(-7.088785, 1.701065, -9.528626), (-7.089487, 1.728828, -9.364646), (-6.932139, 1.683156, -9.528667)
(-6.776224, 1.662735, -9.527596), (-6.621203, 1.639704, -9.525421), (-6.621476, 1.609946, -9.687949)
(-6.776224, 1.662735, -9.527596), (-6.777035, 1.687579, -9.363773), (-6.621203, 1.639704, -9.525421)
(-7.245985, 1.716788, -9.527536), (-7.246561, 1.745937, -9.363571), (-7.088785, 1.701065, -9.528626)
(-7.245985, 1.716788, -9.527536), (-7.088785, 1.701065, -9.528626), (-7.089145, 1.666408, -9.691397)
# -6.3107102166866635, 0, -9.716463383353332
(-6.624237, 1.536262, -10.010269), (-6.469731, 1.518199, -10.007228), (-6.472051, 1.477174, -10.166937)
(-6.624237, 1.536262, -10.010269), (-6.62258, 1.575039, -9.849497), (-6.469731, 1.518199, -10.007228)
(-6.469731, 1.518199, -10.007228), (-6.315933, 1.49916, -10.003527), (-6.318147, 1.460397, -10.16326)
(-6.469731, 1.518199, -10.007228), (-6.468144, 1.554861, -9.846486), (-6.315933, 1.49916, -10.003527)
(-6.315933, 1.49916, -10.003527), (-6.162983, 1.478674, -9.999095), (-6.165019, 1.442438, -10.158893)
(-6.315933, 1.49916, -10.003527), (-6.314561, 1.533116, -9.842684), (-6.162983, 1.478674, -9.999095)
(-6.162983, 1.478674, -9.999095), (-6.01077, 1.457061, -9.994134), (-6.01268, 1.423123, -10.153896)
(-6.162983, 1.478674, -9.999095), (-6.161718, 1.510335, -9.838314), (-6.01077, 1.457061, -9.994134)
(-6.01077, 1.457061, -9.994134), (-5.859146, 1.434702, -9.988846), (-5.86081, 1.403452, -10.148664)
(-6.01077, 1.457061, -9.994134), (-6.009618, 1.486453, -9.833442), (-5.859146, 1.434702, -9.988846)
(-6.62258, 1.575039, -9.849497), (-6.621476, 1.609946, -9.687949), (-6.468144, 1.554861, -9.846486)
(-6.62258, 1.575039, -9.849497), (-6.468144, 1.554861, -9.846486), (-6.469731, 1.518199, -10.007228)
(-6.468144, 1.554861, -9.846486), (-6.467144, 1.587506, -9.684943), (-6.314561, 1.533116, -9.842684)
(-6.468144, 1.554861, -9.846486), (-6.314561, 1.533116, -9.842684), (-6.315933, 1.49916, -10.003527)
(-6.314561, 1.533116, -9.842684), (-6.313664, 1.563482, -9.681183), (-6.161718, 1.510335, -9.838314)
(-6.314561, 1.533116, -9.842684), (-6.161718, 1.510335, -9.838314), (-6.162983, 1.478674, -9.999095)
(-6.161718, 1.510335, -9.838314), (-6.161003, 1.538126, -9.67682), (-6.009618, 1.486453, -9.833442)
(-6.161718, 1.510335, -9.838314), (-6.009618, 1.486453, -9.833442), (-6.01077, 1.457061, -9.994134)
(-6.009618, 1.486453, -9.833442), (-6.009061, 1.511825, -9.672024), (-5.858191, 1.461589, -9.828195)
(-6.009618, 1.486453, -9.833442), (-5.858191, 1.461589, -9.828195), (-5.859146, 1.434702, -9.988846)
(-6.621476, 1.609946, -9.687949), (-6.467144, 1.587506, -9.684943), (-6.468144, 1.554861, -9.846486)
(-6.621476, 1.609946, -9.687949), (-6.621203, 1.639704, -9.525421), (-6.467144, 1.587506, -9.684943)
(-6.467144, 1.587506, -9.684943), (-6.313664, 1.563482, -9.681183), (-6.314561, 1.533116, -9.842684)
(-6.467144, 1.587506, -9.684943), (-6.466928, 1.615198, -9.522493), (-6.313664, 1.563482, -9.681183)
(-6.313664, 1.563482, -9.681183), (-6.161003, 1.538126, -9.67682), (-6.161718, 1.510335, -9.838314)
(-6.313664, 1.563482, -9.681183), (-6.31352, 1.589008, -9.518829), (-6.161003, 1.538126, -9.67682)
(-6.161003, 1.538126, -9.67682), (-6.009061, 1.511825, -9.672024), (-6.009618, 1.486453, -9.833442)
(-6.161003, 1.538126, -9.67682), (-6.161015, 1.561189, -9.514531), (-6.009061, 1.511825, -9.672024)
(-6.009061, 1.511825, -9.672024), (-5.85787, 1.484323, -9.666825), (-5.858191, 1.461589, -9.828195)
(-6.009061, 1.511825, -9.672024), (-6.009373, 1.531911, -9.509737), (-5.85787, 1.484323, -9.666825)
(-6.621203, 1.639704, -9.525421), (-6.622015, 1.662963, -9.361756), (-6.466928, 1.615198, -9.522493)
(-6.621203, 1.639704, -9.525421), (-6.466928, 1.615198, -9.522493), (-6.467144, 1.587506, -9.684943)
(-6.466928, 1.615198, -9.522493), (-6.31352, 1.589008, -9.518829), (-6.313664, 1.563482, -9.681183)
(-6.466928, 1.615198, -9.522493), (-6.467842, 1.636283, -9.358906), (-6.31352, 1.589008, -9.518829)
(-6.31352, 1.589008, -9.518829), (-6.314522, 1.607935, -9.355376), (-6.161015, 1.561189, -9.514531)
(-6.31352, 1.589008, -9.518829), (-6.161015, 1.561189, -9.514531), (-6.161003, 1.538126, -9.67682)
(-6.161015, 1.561189, -9.514531), (-6.009373, 1.531911, -9.509737), (-6.009061, 1.511825, -9.672024)
(-6.161015, 1.561189, -9.514531), (-6.162193, 1.577598, -9.351187), (-6.009373, 1.531911, -9.509737)
(-6.009373, 1.531911, -9.509737), (-6.0107, 1.545979, -9.346563), (-5.858346, 1.502075, -9.504686)
(-6.009373, 1.531911, -9.509737), (-5.858346, 1.502075, -9.504686), (-5.85787, 1.484323, -9.666825)
# -5.642939983353331, 0, -9.716463383353332
(-5.859146, 1.434702, -9.988846), (-5.708001, 1.411807, -9.983347), (-5.709455, 1.382997, -10.14315)
(-5.859146, 1.434702, -9.988846), (-5.858191, 1.461589, -9.828195), (-5.708001, 1.411807, -9.983347)
(-5.708001, 1.411807, -9.983347), (-5.557351, 1.387957, -9.977623), (-5.558542, 1.361712, -10.137429)
(-5.708001, 1.411807, -9.983347), (-5.707349, 1.43583, -9.822678), (-5.557351, 1.387957, -9.977623)
(-5.557351, 1.387957, -9.977623), (-5.407023, 1.363483, -9.971807), (-5.407993, 1.339488, -10.131559)
(-5.557351, 1.387957, -9.977623), (-5.55688, 1.409753, -9.81706), (-5.407023, 1.363483, -9.971807)
(-5.407023, 1.363483, -9.971807), (-5.256811, 1.339003, -9.966041), (-5.25754, 1.317234, -10.12575)
(-5.407023, 1.363483, -9.971807), (-5.406768, 1.383031, -9.811345), (-5.256811, 1.339003, -9.966041)
(-5.858191, 1.461589, -9.828195), (-5.85787, 1.484323, -9.666825), (-5.707349, 1.43583, -9.822678)
(-5.858191, 1.461589, -9.828195), (-5.707349, 1.43583, -9.822678), (-5.708001, 1.411807, -9.983347)
(-5.707349, 1.43583, -9.822678), (-5.707233, 1.456171, -9.661412), (-5.55688, 1.409753, -9.81706)
(-5.707349, 1.43583, -9.822678), (-5.55688, 1.409753, -9.81706), (-5.557351, 1.387957, -9.977623)
(-5.55688, 1.409753, -9.81706), (-5.557005, 1.427658, -9.655897), (-5.406768, 1.383031, -9.811345)
(-5.55688, 1.409753, -9.81706), (-5.406768, 1.383031, -9.811345), (-5.407023, 1.363483, -9.971807)
(-5.406768, 1.383031, -9.811345), (-5.407095, 1.398815, -9.65033), (-5.25674, 1.356596, -9.805702)
(-5.406768, 1.383031, -9.811345), (-5.25674, 1.356596, -9.805702), (-5.256811, 1.339003, -9.966041)
(-5.85787, 1.484323, -9.666825), (-5.707233, 1.456171, -9.661412), (-5.707349, 1.43583, -9.822678)
(-5.85787, 1.484323, -9.666825), (-5.858346, 1.502075, -9.504686), (-5.707233, 1.456171, -9.661412)
(-5.707233, 1.456171, -9.661412), (-5.557005, 1.427658, -9.655897), (-5.55688, 1.409753, -9.81706)
(-5.707233, 1.456171, -9.661412), (-5.707875, 1.471693, -9.499446), (-5.557005, 1.427658, -9.655897)
(-5.557005, 1.427658, -9.655897), (-5.407095, 1.398815, -9.65033), (-5.406768, 1.383031, -9.811345)
(-5.557005, 1.427658, -9.655897), (-5.557857, 1.440911, -9.494096), (-5.407095, 1.398815, -9.65033)
(-5.407095, 1.398815, -9.65033), (-5.257284, 1.3703, -9.644825), (-5.25674, 1.356596, -9.805702)
(-5.407095, 1.398815, -9.65033), (-5.408178, 1.409813, -9.488696), (-5.257284, 1.3703, -9.644825)
(-5.858346, 1.502075, -9.504686), (-5.707875, 1.471693, -9.499446), (-5.707233, 1.456171, -9.661412)
(-5.858346, 1.502075, -9.504686), (-5.859883, 1.513627, -9.341682), (-5.707875, 1.471693, -9.499446)
(-5.707875, 1.471693, -9.499446), (-5.709567, 1.481077, -9.336671), (-5.557857, 1.440911, -9.494096)
(-5.707875, 1.471693, -9.499446), (-5.557857, 1.440911, -9.494096), (-5.557005, 1.427658, -9.655897)
(-5.557857, 1.440911, -9.494096), (-5.408178, 1.409813, -9.488696), (-5.407095, 1.398815, -9.65033)
(-5.557857, 1.440911, -9.494096), (-5.559743, 1.448053, -9.331543), (-5.408178, 1.409813, -9.488696)
(-5.408178, 1.409813, -9.488696), (-5.410187, 1.415173, -9.326411), (-5.25854, 1.379441, -9.48339)
(-5.408178, 1.409813, -9.488696), (-5.25854, 1.379441, -9.48339), (-5.257284, 1.3703, -9.644825)
# -4.975169750019997, 0, -9.716463383353332
(-5.256811, 1.339003, -9.966041), (-5.106619, 1.314615, -9.96036), (-5.107155, 1.294644, -10.119977)
(-5.256811, 1.339003, -9.966041), (-5.25674, 1.356596, -9.805702), (-5.106619, 1.314615, -9.96036)
(-5.106619, 1.314615, -9.96036), (-4.956423, 1.289903, -9.954731), (-4.956763, 1.271639, -10.114265)
(-5.106619, 1.314615, -9.96036), (-5.106774, 1.330108, -9.800113), (-4.956423, 1.289903, -9.954731)
(-4.956423, 1.289903, -9.954731), (-4.806095, 1.265173, -9.949205), (-4.806281, 1.248134, -10.10862)
(-4.956423, 1.289903, -9.954731), (-4.956721, 1.303963, -9.794634), (-4.806095, 1.265173, -9.949205)
(-4.806095, 1.265173, -9.949205), (-4.655532, 1.240715, -9.943822), (-4.655554, 1.22493, -10.103145)
(-4.806095, 1.265173, -9.949205), (-4.806516, 1.278106, -9.789266), (-4.655532, 1.240715, -9.943822)
(-4.655532, 1.240715, -9.943822), (-4.504663, 1.216656, -9.938589), (-4.50455, 1.201715, -10.097803)
(-4.655532, 1.240715, -9.943822), (-4.656075, 1.252617, -9.784022), (-4.504663, 1.216656, -9.938589)
(-5.25674, 1.356596, -9.805702), (-5.257284, 1.3703, -9.644825), (-5.106774, 1.330108, -9.800113)
(-5.25674, 1.356596, -9.805702), (-5.106774, 1.330108, -9.800113), (-5.106619, 1.314615, -9.96036)
(-5.106774, 1.330108, -9.800113), (-5.107491, 1.342082, -9.639398), (-4.956721, 1.303963, -9.794634)
(-5.106774, 1.330108, -9.800113), (-4.956721, 1.303963, -9.794634), (-4.956423, 1.289903, -9.954731)
(-4.956721, 1.303963, -9.794634), (-4.957609, 1.314341, -9.634076), (-4.806516, 1.278106, -9.789266)
(-4.956721, 1.303963, -9.794634), (-4.806516, 1.278106, -9.789266), (-4.806095, 1.265173, -9.949205)
(-4.806516, 1.278106, -9.789266), (-4.807528, 1.287318, -9.628886), (-4.656075, 1.252617, -9.784022)
(-4.806516, 1.278106, -9.789266), (-4.656075, 1.252617, -9.784022), (-4.655532, 1.240715, -9.943822)
(-4.656075, 1.252617, -9.784022), (-4.657199, 1.260793, -9.623804), (-4.505325, 1.227531, -9.778903)
(-4.656075, 1.252617, -9.784022), (-4.505325, 1.227531, -9.778903), (-4.504663, 1.216656, -9.938589)
(-5.257284, 1.3703, -9.644825), (-5.107491, 1.342082, -9.639398), (-5.106774, 1.330108, -9.800113)
(-5.257284, 1.3703, -9.644825), (-5.25854, 1.379441, -9.48339), (-5.107491, 1.342082, -9.639398)
(-5.107491, 1.342082, -9.639398), (-4.957609, 1.314341, -9.634076), (-4.956721, 1.303963, -9.794634)
(-5.107491, 1.342082, -9.639398), (-5.108895, 1.349648, -9.478174), (-4.957609, 1.314341, -9.634076)
(-4.957609, 1.314341, -9.634076), (-4.807528, 1.287318, -9.628886), (-4.806516, 1.278106, -9.789266)
(-4.957609, 1.314341, -9.634076), (-4.959152, 1.320482, -9.473058), (-4.807528, 1.287318, -9.628886)
(-4.807528, 1.287318, -9.628886), (-4.657199, 1.260793, -9.623804), (-4.656075, 1.252617, -9.784022)
(-4.807528, 1.287318, -9.628886), (-4.809211, 1.292018, -9.468047), (-4.657199, 1.260793, -9.623804)
(-4.657199, 1.260793, -9.623804), (-4.506521, 1.235069, -9.618854), (-4.505325, 1.227531, -9.778903)
(-4.657199, 1.260793, -9.623804), (-4.658937, 1.264766, -9.463179), (-4.506521, 1.235069, -9.618854)
(-5.25854, 1.379441, -9.48339), (-5.108895, 1.349648, -9.478174), (-5.107491, 1.342082, -9.639398)
(-5.25854, 1.379441, -9.48339), (-5.260705, 1.382961, -9.32135), (-5.108895, 1.349648, -9.478174)
(-5.108895, 1.349648, -9.478174), (-5.111161, 1.351745, -9.316399), (-4.959152, 1.320482, -9.473058)
(-5.108895, 1.349648, -9.478174), (-4.959152, 1.320482, -9.473058), (-4.957609, 1.314341, -9.634076)
(-4.959152, 1.320482, -9.473058), (-4.809211, 1.292018, -9.468047), (-4.807528, 1.287318, -9.628886)
(-4.959152, 1.320482, -9.473058), (-4.961514, 1.32125, -9.311531), (-4.809211, 1.292018, -9.468047)
(-4.809211, 1.292018, -9.468047), (-4.811617, 1.291841, -9.306773), (-4.658937, 1.264766, -9.463179)
(-4.809211, 1.292018, -9.468047), (-4.658937, 1.264766, -9.463179), (-4.657199, 1.260793, -9.623804)
(-4.658937, 1.264766, -9.463179), (-4.508286, 1.238628, -9.458432), (-4.506521, 1.235069, -9.618854)
(-4.658937, 1.264766, -9.463179), (-4.661355, 1.263922, -9.302148), (-4.508286, 1.238628, -9.458432)
# -4.307399516686664, 0, -9.716463383353332
(-4.504663, 1.216656, -9.938589), (-4.353445, 1.192716, -9.933476), (-4.353209, 1.178508, -10.0926)
(-4.504663, 1.216656, -9.938589), (-4.505325, 1.227531, -9.778903), (-4.353445, 1.192716, -9.933476)
(-4.353445, 1.192716, -9.933476), (-4.201816, 1.169116, -9.928493), (-4.20148, 1.155269, -10.087515)
(-4.353445, 1.192716, -9.933476), (-4.354182, 1.203179, -9.77393), (-4.201816, 1.169116, -9.928493)
(-4.201816, 1.169116, -9.928493), (-4.049736, 1.146234, -9.923656), (-4.049318, 1.132604, -10.082593)
(-4.201816, 1.169116, -9.928493), (-4.202611, 1.179331, -9.769068), (-4.049736, 1.146234, -9.923656)
(-4.049736, 1.146234, -9.923656), (-3.897188, 1.124123, -9.918951), (-3.896701, 1.110357, -10.077805)
(-4.049736, 1.146234, -9.923656), (-4.050572, 1.15651, -9.764345), (-3.897188, 1.124123, -9.918951)
(-4.505325, 1.227531, -9.778903), (-4.506521, 1.235069, -9.618854), (-4.354182, 1.203179, -9.77393)
(-4.505325, 1.227531, -9.778903), (-4.354182, 1.203179, -9.77393), (-4.353445, 1.192716, -9.933476)
(-4.354182, 1.203179, -9.77393), (-4.355431, 1.210267, -9.614031), (-4.202611, 1.179331, -9.769068)
(-4.354182, 1.203179, -9.77393), (-4.202611, 1.179331, -9.769068), (-4.201816, 1.169116, -9.928493)
(-4.202611, 1.179331, -9.769068), (-4.203884, 1.18635, -9.60932), (-4.050572, 1.15651, -9.764345)
(-4.202611, 1.179331, -9.769068), (-4.050572, 1.15651, -9.764345), (-4.049736, 1.146234, -9.923656)
(-4.050572, 1.15651, -9.764345), (-4.051848, 1.16363, -9.604724), (-3.898048, 1.134515, -9.759723)
(-4.050572, 1.15651, -9.764345), (-3.898048, 1.134515, -9.759723), (-3.897188, 1.124123, -9.918951)
(-4.506521, 1.235069, -9.618854), (-4.355431, 1.210267, -9.614031), (-4.354182, 1.203179, -9.77393)
(-4.506521, 1.235069, -9.618854), (-4.508286, 1.238628, -9.458432), (-4.355431, 1.210267, -9.614031)
(-4.355431, 1.210267, -9.614031), (-4.203884, 1.18635, -9.60932), (-4.202611, 1.179331, -9.769068)
(-4.355431, 1.210267, -9.614031), (-4.357202, 1.213612, -9.453796), (-4.203884, 1.18635, -9.60932)
(-4.203884, 1.18635, -9.60932), (-4.051848, 1.16363, -9.604724), (-4.050572, 1.15651, -9.764345)
(-4.203884, 1.18635, -9.60932), (-4.205633, 1.189692, -9.449251), (-4.051848, 1.16363, -9.604724)
(-4.051848, 1.16363, -9.604724), (-3.899312, 1.142064, -9.600217), (-3.898048, 1.134515, -9.759723)
(-4.051848, 1.16363, -9.604724), (-4.053555, 1.167347, -9.444811), (-3.899312, 1.142064, -9.600217)
(-4.508286, 1.238628, -9.458432), (-4.510667, 1.237576, -9.297642), (-4.357202, 1.213612, -9.453796)
(-4.508286, 1.238628, -9.458432), (-4.357202, 1.213612, -9.453796), (-4.355431, 1.210267, -9.614031)
(-4.357202, 1.213612, -9.453796), (-4.205633, 1.189692, -9.449251), (-4.203884, 1.18635, -9.60932)
(-4.357202, 1.213612, -9.453796), (-4.359521, 1.21255, -9.293222), (-4.205633, 1.189692, -9.449251)
(-4.205633, 1.189692, -9.449251), (-4.207863, 1.189057, -9.288885), (-4.053555, 1.167347, -9.444811)
(-4.205633, 1.189692, -9.449251), (-4.053555, 1.167347, -9.444811), (-4.051848, 1.16363, -9.604724)
(-4.053555, 1.167347, -9.444811), (-3.900959, 1.146443, -9.440442), (-3.899312, 1.142064, -9.600217)
(-4.053555, 1.167347, -9.444811), (-4.055672, 1.16731, -9.284621), (-3.900959, 1.146443, -9.440442)
# -3.6396292833533312, 0, -9.716463383353332
(-3.897188, 1.124123, -9.918951), (-3.744158, 1.102598, -9.914336), (-3.743615, 1.088557, -10.073126)
(-3.897188, 1.124123, -9.918951), (-3.898048, 1.134515, -9.759723), (-3.744158, 1.102598, -9.914336)
(-3.744158, 1.102598, -9.914336), (-3.590659, 1.082, -9.909802), (-3.590062, 1.067367, -10.068531)
(-3.744158, 1.102598, -9.914336), (-3.745039, 1.113599, -9.755194), (-3.590659, 1.082, -9.909802)
(-3.590659, 1.082, -9.909802), (-3.43674, 1.06273, -9.905352), (-3.436099, 1.047436, -10.064053)
(-3.590659, 1.082, -9.909802), (-3.591563, 1.093846, -9.750737), (-3.43674, 1.06273, -9.905352)
(-3.43674, 1.06273, -9.905352), (-3.282473, 1.045156, -9.900972), (-3.281783, 1.028999, -10.059658)
(-3.43674, 1.06273, -9.905352), (-3.437665, 1.075537, -9.746334), (-3.282473, 1.045156, -9.900972)
(-3.898048, 1.134515, -9.759723), (-3.899312, 1.142064, -9.600217), (-3.745039, 1.113599, -9.755194)
(-3.898048, 1.134515, -9.759723), (-3.745039, 1.113599, -9.755194), (-3.744158, 1.102598, -9.914336)
(-3.745039, 1.113599, -9.755194), (-3.746278, 1.121784, -9.595782), (-3.591563, 1.093846, -9.750737)
(-3.745039, 1.113599, -9.755194), (-3.591563, 1.093846, -9.750737), (-3.590659, 1.082, -9.909802)
(-3.591563, 1.093846, -9.750737), (-3.592777, 1.102985, -9.59141), (-3.437665, 1.075537, -9.746334)
(-3.591563, 1.093846, -9.750737), (-3.437665, 1.075537, -9.746334), (-3.43674, 1.06273, -9.905352)
(-3.437665, 1.075537, -9.746334), (-3.438856, 1.085793, -9.587063), (-3.283427, 1.059047, -9.741972)
(-3.437665, 1.075537, -9.746334), (-3.283427, 1.059047, -9.741972), (-3.282473, 1.045156, -9.900972)
(-3.899312, 1.142064, -9.600217), (-3.746278, 1.121784, -9.595782), (-3.745039, 1.113599, -9.755194)
(-3.899312, 1.142064, -9.600217), (-3.900959, 1.146443, -9.440442), (-3.746278, 1.121784, -9.595782)
(-3.746278, 1.121784, -9.595782), (-3.592777, 1.102985, -9.59141), (-3.591563, 1.093846, -9.750737)
(-3.746278, 1.121784, -9.595782), (-3.747853, 1.127044, -9.436122), (-3.592777, 1.102985, -9.59141)
(-3.592777, 1.102985, -9.59141), (-3.438856, 1.085793, -9.587063), (-3.437665, 1.075537, -9.746334)
(-3.592777, 1.102985, -9.59141), (-3.594272, 1.109307, -9.43183), (-3.438856, 1.085793, -9.587063)
(-3.438856, 1.085793, -9.587063), (-3.284612, 1.070598, -9.582745), (-3.283427, 1.059047, -9.741972)
(-3.438856, 1.085793, -9.587063), (-3.440295, 1.09351, -9.427563), (-3.284612, 1.070598, -9.582745)
(-3.900959, 1.146443, -9.440442), (-3.902954, 1.147365, -9.280412), (-3.747853, 1.127044, -9.436122)
(-3.900959, 1.146443, -9.440442), (-3.747853, 1.127044, -9.436122), (-3.746278, 1.121784, -9.595782)
(-3.747853, 1.127044, -9.436122), (-3.594272, 1.109307, -9.43183), (-3.592777, 1.102985, -9.59141)
(-3.747853, 1.127044, -9.436122), (-3.749716, 1.129152, -9.276223), (-3.594272, 1.109307, -9.43183)
(-3.594272, 1.109307, -9.43183), (-3.596016, 1.112884, -9.272043), (-3.440295, 1.09351, -9.427563)
(-3.594272, 1.109307, -9.43183), (-3.440295, 1.09351, -9.427563), (-3.438856, 1.085793, -9.587063)
(-3.440295, 1.09351, -9.427563), (-3.286012, 1.079815, -9.423305), (-3.284612, 1.070598, -9.582745)
(-3.440295, 1.09351, -9.427563), (-3.441939, 1.098714, -9.267863), (-3.286012, 1.079815, -9.423305)
# -2.9718590500199973, 0, -9.716463383353332
(-2.817857, 0.987298, -10.046978), (-2.663269, 0.978956, -10.042974), (-2.662516, 0.957501, -10.201538)
(-2.817857, 0.987298, -10.046978), (-2.818752, 1.006421, -9.888216), (-2.663269, 0.978956, -10.042974)
(-2.663269, 0.978956, -10.042974), (-2.664236, 0.998933, -9.884156), (-2.508856, 0.973577, -10.03911)
(-2.663269, 0.978956, -10.042974), (-2.508856, 0.973577, -10.03911), (-2.508011, 0.951469, -10.197768)
(-3.282473, 1.045156, -9.900972), (-3.12797, 1.02967, -9.896644), (-3.127219, 1.012539, -10.05534)
(-3.282473, 1.045156, -9.900972), (-3.283427, 1.059047, -9.741972), (-3.12797, 1.02967, -9.896644)
(-3.12797, 1.02967, -9.896644), (-2.97336, 1.016695, -9.892384), (-2.972544, 0.998562, -10.051103)
(-3.12797, 1.02967, -9.896644), (-3.128966, 1.044769, -9.737662), (-2.97336, 1.016695, -9.892384)
(-2.97336, 1.016695, -9.892384), (-2.818752, 1.006421, -9.888216), (-2.817857, 0.987298, -10.046978)
(-2.97336, 1.016695, -9.892384), (-2.974411, 1.032987, -9.733398), (-2.818752, 1.006421, -9.888216)
(-2.818752, 1.006421, -9.888216), (-2.664236, 0.998933, -9.884156), (-2.663269, 0.978956, -10.042974)
(-2.818752, 1.006421, -9.888216), (-2.819864, 1.023822, -9.729212), (-2.664236, 0.998933, -9.884156)
(-2.664236, 0.998933, -9.884156), (-2.509908, 0.9943, -9.880223), (-2.508856, 0.973577, -10.03911)
(-2.664236, 0.998933, -9.884156), (-2.665433, 1.017353, -9.725115), (-2.509908, 0.9943, -9.880223)
(-3.283427, 1.059047, -9.741972), (-3.284612, 1.070598, -9.582745), (-3.128966, 1.044769, -9.737662)
(-3.283427, 1.059047, -9.741972), (-3.128966, 1.044769, -9.737662), (-3.12797, 1.02967, -9.896644)
(-3.128966, 1.044769, -9.737662), (-3.130163, 1.057677, -9.578456), (-2.974411, 1.032987, -9.733398)
(-3.128966, 1.044769, -9.737662), (-2.974411, 1.032987, -9.733398), (-2.97336, 1.016695, -9.892384)
(-2.974411, 1.032987, -9.733398), (-2.975633, 1.047219, -9.574202), (-2.819864, 1.023822, -9.729212)
(-2.974411, 1.032987, -9.733398), (-2.819864, 1.023822, -9.729212), (-2.818752, 1.006421, -9.888216)
(-2.819864, 1.023822, -9.729212), (-2.821128, 1.039281, -9.570009), (-2.665433, 1.017353, -9.725115)
(-2.819864, 1.023822, -9.729212), (-2.665433, 1.017353, -9.725115), (-2.664236, 0.998933, -9.884156)
(-2.665433, 1.017353, -9.725115), (-2.66674, 1.033857, -9.5659), (-2.511169, 1.013487, -9.721142)
(-2.665433, 1.017353, -9.725115), (-2.511169, 1.013487, -9.721142), (-2.509908, 0.9943, -9.880223)
(-3.284612, 1.070598, -9.582745), (-3.130163, 1.057677, -9.578456), (-3.128966, 1.044769, -9.737662)
(-3.284612, 1.070598, -9.582745), (-3.286012, 1.079815, -9.423305), (-3.130163, 1.057677, -9.578456)
(-3.130163, 1.057677, -9.578456), (-2.975633, 1.047219, -9.574202), (-2.974411, 1.032987, -9.733398)
(-3.130163, 1.057677, -9.578456), (-3.131541, 1.068409, -9.419056), (-2.975633, 1.047219, -9.574202)
(-2.975633, 1.047219, -9.574202), (-2.821128, 1.039281, -9.570009), (-2.819864, 1.023822, -9.729212)
(-2.975633, 1.047219, -9.574202), (-2.977013, 1.059403, -9.414824), (-2.821128, 1.039281, -9.570009)
(-2.821128, 1.039281, -9.570009), (-2.66674, 1.033857, -9.5659), (-2.665433, 1.017353, -9.725115)
(-2.821128, 1.039281, -9.570009), (-2.822521, 1.052767, -9.410645), (-2.66674, 1.033857, -9.5659)
(-2.66674, 1.033857, -9.5659), (-2.512529, 1.030835, -9.5619), (-2.511169, 1.013487, -9.721142)
(-2.66674, 1.033857, -9.5659), (-2.668152, 1.048443, -9.406539), (-2.512529, 1.030835, -9.5619)
(-3.286012, 1.079815, -9.423305), (-3.287585, 1.086735, -9.263679), (-3.131541, 1.068409, -9.419056)
(-3.286012, 1.079815, -9.423305), (-3.131541, 1.068409, -9.419056), (-3.130163, 1.057677, -9.578456)
(-3.131541, 1.068409, -9.419056), (-2.977013, 1.059403, -9.414824), (-2.975633, 1.047219, -9.574202)
(-3.131541, 1.068409, -9.419056), (-3.133071, 1.077016, -9.259482), (-2.977013, 1.059403, -9.414824)
(-2.977013, 1.059403, -9.414824), (-2.978522, 1.069568, -9.255296), (-2.822521, 1.052767, -9.410645)
(-2.977013, 1.059403, -9.414824), (-2.822521, 1.052767, -9.410645), (-2.821128, 1.039281, -9.570009)
(-2.822521, 1.052767, -9.410645), (-2.668152, 1.048443, -9.406539), (-2.66674, 1.033857, -9.5659)
(-2.822521, 1.052767, -9.410645), (-2.82403, 1.064313, -9.251144), (-2.668152, 1.048443, -9.406539)
(-2.668152, 1.048443, -9.406539), (-2.66967, 1.061136, -9.247057), (-2.513973, 1.046306, -9.402531)
(-2.668152, 1.048443, -9.406539), (-2.513973, 1.046306, -9.402531), (-2.512529, 1.030835, -9.5619)
# -2.304088816686664, 0, -9.716463383353332
(-2.508856, 0.973577, -10.03911), (-2.509908, 0.9943, -9.880223), (-2.354687, 0.971153, -10.035409)
(-2.508856, 0.973577, -10.03911), (-2.354687, 0.971153, -10.035409), (-2.353723, 0.948432, -10.194176)
(-2.354687, 0.971153, -10.035409), (-2.355805, 0.992392, -9.876441), (-2.200726, 0.971314, -10.031891)
(-2.354687, 0.971153, -10.035409), (-2.200726, 0.971314, -10.031891), (-2.199669, 0.948223, -10.190771)
(-2.200726, 0.971314, -10.031891), (-2.047005, 0.973966, -10.028562), (-2.045889, 0.950761, -10.187561)
(-2.200726, 0.971314, -10.031891), (-2.20193, 0.992956, -9.872834), (-2.047005, 0.973966, -10.028562)
(-2.047005, 0.973966, -10.028562), (-2.048276, 0.99578, -9.86941), (-1.89353, 0.978909, -10.025427)
(-2.047005, 0.973966, -10.028562), (-1.89353, 0.978909, -10.025427), (-1.892336, 0.955704, -10.184551)
(-2.509908, 0.9943, -9.880223), (-2.355805, 0.992392, -9.876441), (-2.354687, 0.971153, -10.035409)
(-2.509908, 0.9943, -9.880223), (-2.511169, 1.013487, -9.721142), (-2.355805, 0.992392, -9.876441)
(-2.355805, 0.992392, -9.876441), (-2.20193, 0.992956, -9.872834), (-2.200726, 0.971314, -10.031891)
(-2.355805, 0.992392, -9.876441), (-2.357117, 1.012112, -9.71731), (-2.20193, 0.992956, -9.872834)
(-2.20193, 0.992956, -9.872834), (-2.048276, 0.99578, -9.86941), (-2.047005, 0.973966, -10.028562)
(-2.20193, 0.992956, -9.872834), (-2.2033, 1.013035, -9.713642), (-2.048276, 0.99578, -9.86941)
(-2.048276, 0.99578, -9.86941), (-1.894871, 1.000714, -9.866181), (-1.89353, 0.978909, -10.025427)
(-2.048276, 0.99578, -9.86941), (-2.049725, 1.016046, -9.710155), (-1.894871, 1.000714, -9.866181)
(-2.511169, 1.013487, -9.721142), (-2.512529, 1.030835, -9.5619), (-2.357117, 1.012112, -9.71731)
(-2.511169, 1.013487, -9.721142), (-2.357117, 1.012112, -9.71731), (-2.355805, 0.992392, -9.876441)
(-2.357117, 1.012112, -9.71731), (-2.358523, 1.030059, -9.558035), (-2.2033, 1.013035, -9.713642)
(-2.357117, 1.012112, -9.71731), (-2.2033, 1.013035, -9.713642), (-2.20193, 0.992956, -9.872834)
(-2.2033, 1.013035, -9.713642), (-2.204759, 1.03138, -9.554328), (-2.049725, 1.016046, -9.710155)
(-2.2033, 1.013035, -9.713642), (-2.049725, 1.016046, -9.710155), (-2.048276, 0.99578, -9.86941)
(-2.049725, 1.016046, -9.710155), (-2.051223, 1.034573, -9.550795), (-1.896357, 1.020913, -9.706856)
(-2.049725, 1.016046, -9.710155), (-1.896357, 1.020913, -9.706856), (-1.894871, 1.000714, -9.866181)
(-2.512529, 1.030835, -9.5619), (-2.358523, 1.030059, -9.558035), (-2.357117, 1.012112, -9.71731)
(-2.512529, 1.030835, -9.5619), (-2.513973, 1.046306, -9.402531), (-2.358523, 1.030059, -9.558035)
(-2.358523, 1.030059, -9.558035), (-2.204759, 1.03138, -9.554328), (-2.2033, 1.013035, -9.713642)
(-2.358523, 1.030059, -9.558035), (-2.360027, 1.046182, -9.398657), (-2.204759, 1.03138, -9.554328)
(-2.204759, 1.03138, -9.554328), (-2.051223, 1.034573, -9.550795), (-2.049725, 1.016046, -9.710155)
(-2.204759, 1.03138, -9.554328), (-2.206291, 1.047909, -9.394928), (-2.051223, 1.034573, -9.550795)
(-2.051223, 1.034573, -9.550795), (-1.897901, 1.039414, -9.547448), (-1.896357, 1.020913, -9.706856)
(-2.051223, 1.034573, -9.550795), (-2.05278, 1.051303, -9.391366), (-1.897901, 1.039414, -9.547448)
(-2.513973, 1.046306, -9.402531), (-2.360027, 1.046182, -9.398657), (-2.358523, 1.030059, -9.558035)
(-2.513973, 1.046306, -9.402531), (-2.515517, 1.059902, -9.243064), (-2.360027, 1.046182, -9.398657)
(-2.360027, 1.046182, -9.398657), (-2.361597, 1.060421, -9.239199), (-2.206291, 1.047909, -9.394928)
(-2.360027, 1.046182, -9.398657), (-2.206291, 1.047909, -9.394928), (-2.204759, 1.03138, -9.554328)
(-2.206291, 1.047909, -9.394928), (-2.05278, 1.051303, -9.391366), (-2.051223, 1.034573, -9.550795)
(-2.206291, 1.047909, -9.394928), (-2.207892, 1.062555, -9.235474), (-2.05278, 1.051303, -9.391366)
(-2.05278, 1.051303, -9.391366), (-2.054404, 1.066147, -9.231905), (-1.899491, 1.056144, -9.387988)
(-2.05278, 1.051303, -9.391366), (-1.899491, 1.056144, -9.387988), (-1.897901, 1.039414, -9.547448)
# -1.6363185833533305, 0, -9.716463383353332
(-1.89353, 0.978909, -10.025427), (-1.894871, 1.000714, -9.866181), (-1.740302, 0.985919, -10.022499)
(-1.89353, 0.978909, -10.025427), (-1.740302, 0.985919, -10.022499), (-1.739022, 0.962879, -10.18174)
(-1.740302, 0.985919, -10.022499), (-1.741688, 1.007482, -9.863153), (-1.587246, 0.994667, -10.019754)
(-1.740302, 0.985919, -10.022499), (-1.587246, 0.994667, -10.019754), (-1.58592, 0.97201, -10.179121)
(-1.587246, 0.994667, -10.019754), (-1.434361, 1.004967, -10.017193), (-1.433035, 0.982875, -10.176689)
(-1.587246, 0.994667, -10.019754), (-1.588675, 1.015837, -9.860312), (-1.434361, 1.004967, -10.017193)
(-1.434361, 1.004967, -10.017193), (-1.435804, 1.025584, -9.857649), (-1.281626, 1.016576, -10.014802)
(-1.434361, 1.004967, -10.017193), (-1.281626, 1.016576, -10.014802), (-1.280299, 0.995187, -10.174422)
(-1.894871, 1.000714, -9.866181), (-1.741688, 1.007482, -9.863153), (-1.740302, 0.985919, -10.022499)
(-1.894871, 1.000714, -9.866181), (-1.896357, 1.020913, -9.706856), (-1.741688, 1.007482, -9.863153)
(-1.741688, 1.007482, -9.863153), (-1.588675, 1.015837, -9.860312), (-1.587246, 0.994667, -10.019754)
(-1.741688, 1.007482, -9.863153), (-1.743211, 1.027415, -9.703758), (-1.588675, 1.015837, -9.860312)
(-1.588675, 1.015837, -9.860312), (-1.435804, 1.025584, -9.857649), (-1.434361, 1.004967, -10.017193)
(-1.588675, 1.015837, -9.860312), (-1.590218, 1.035359, -9.700841), (-1.435804, 1.025584, -9.857649)
(-1.435804, 1.025584, -9.857649), (-1.283076, 1.036487, -9.855167), (-1.281626, 1.016576, -10.014802)
(-1.435804, 1.025584, -9.857649), (-1.437377, 1.044513, -9.698114), (-1.283076, 1.036487, -9.855167)
(-1.896357, 1.020913, -9.706856), (-1.897901, 1.039414, -9.547448), (-1.743211, 1.027415, -9.703758)
(-1.896357, 1.020913, -9.706856), (-1.743211, 1.027415, -9.703758), (-1.741688, 1.007482, -9.863153)
(-1.743211, 1.027415, -9.703758), (-1.744784, 1.045689, -9.544299), (-1.590218, 1.035359, -9.700841)
(-1.743211, 1.027415, -9.703758), (-1.590218, 1.035359, -9.700841), (-1.588675, 1.015837, -9.860312)
(-1.590218, 1.035359, -9.700841), (-1.591822, 1.053248, -9.541332), (-1.437377, 1.044513, -9.698114)
(-1.590218, 1.035359, -9.700841), (-1.437377, 1.044513, -9.698114), (-1.435804, 1.025584, -9.857649)
(-1.437377, 1.044513, -9.698114), (-1.438998, 1.061895, -9.538551), (-1.284642, 1.05474, -9.695557)
(-1.437377, 1.044513, -9.698114), (-1.284642, 1.05474, -9.695557), (-1.283076, 1.036487, -9.855167)
(-1.897901, 1.039414, -9.547448), (-1.744784, 1.045689, -9.544299), (-1.743211, 1.027415, -9.703758)
(-1.897901, 1.039414, -9.547448), (-1.899491, 1.056144, -9.387988), (-1.744784, 1.045689, -9.544299)
(-1.744784, 1.045689, -9.544299), (-1.591822, 1.053248, -9.541332), (-1.590218, 1.035359, -9.700841)
(-1.744784, 1.045689, -9.544299), (-1.746412, 1.062208, -9.384812), (-1.591822, 1.053248, -9.541332)
(-1.591822, 1.053248, -9.541332), (-1.438998, 1.061895, -9.538551), (-1.437377, 1.044513, -9.698114)
(-1.591822, 1.053248, -9.541332), (-1.593476, 1.069431, -9.38181), (-1.438998, 1.061895, -9.538551)
(-1.438998, 1.061895, -9.538551), (-1.286275, 1.071475, -9.535943), (-1.284642, 1.05474, -9.695557)
(-1.438998, 1.061895, -9.538551), (-1.440672, 1.077626, -9.37899), (-1.286275, 1.071475, -9.535943)
(-1.899491, 1.056144, -9.387988), (-1.746412, 1.062208, -9.384812), (-1.744784, 1.045689, -9.544299)
(-1.899491, 1.056144, -9.387988), (-1.901148, 1.07097, -9.228524), (-1.746412, 1.062208, -9.384812)
(-1.746412, 1.062208, -9.384812), (-1.748089, 1.076886, -9.225329), (-1.593476, 1.069431, -9.38181)
(-1.746412, 1.062208, -9.384812), (-1.593476, 1.069431, -9.38181), (-1.591822, 1.053248, -9.541332)
# -0.968548350019997, 0, -9.716463383353332
(-1.281626, 1.016576, -10.014802), (-1.129016, 1.029216, -10.012581), (-1.127707, 1.00866, -10.172316)
(-1.281626, 1.016576, -10.014802), (-1.283076, 1.036487, -9.855167), (-1.129016, 1.029216, -10.012581)
(-1.129016, 1.029216, -10.012581), (-1.130443, 1.048344, -9.852849), (-0.97646, 1.042733, -10.01049)
(-1.129016, 1.029216, -10.012581), (-0.97646, 1.042733, -10.01049), (-0.975183, 1.02309, -10.170338)
(-0.97646, 1.042733, -10.01049), (-0.82394, 1.05687, -10.008528), (-0.822725, 1.038172, -10.168484)
(-0.97646, 1.042733, -10.01049), (-0.977859, 1.060964, -9.850675), (-0.82394, 1.05687, -10.008528)
(-0.82394, 1.05687, -10.008528), (-0.82529, 1.074192, -9.848622), (-0.67142, 1.071387, -10.006677)
(-0.82394, 1.05687, -10.008528), (-0.67142, 1.071387, -10.006677), (-0.670277, 1.053719, -10.166729)
(-0.67142, 1.071387, -10.006677), (-0.672708, 1.087734, -9.8467), (-0.518864, 1.086001, -10.004939)
(-0.67142, 1.071387, -10.006677), (-0.518864, 1.086001, -10.004939), (-0.517806, 1.069453, -10.165063)
(-1.283076, 1.036487, -9.855167), (-1.130443, 1.048344, -9.852849), (-1.129016, 1.029216, -10.012581)
(-1.283076, 1.036487, -9.855167), (-1.284642, 1.05474, -9.695557), (-1.130443, 1.048344, -9.852849)
(-1.130443, 1.048344, -9.852849), (-0.977859, 1.060964, -9.850675), (-0.97646, 1.042733, -10.01049)
(-1.130443, 1.048344, -9.852849), (-1.131988, 1.065845, -9.69316), (-0.977859, 1.060964, -9.850675)
(-0.977859, 1.060964, -9.850675), (-0.82529, 1.074192, -9.848622), (-0.82394, 1.05687, -10.008528)
(-0.977859, 1.060964, -9.850675), (-0.979379, 1.077634, -9.690916), (-0.82529, 1.074192, -9.848622)
(-0.82529, 1.074192, -9.848622), (-0.672708, 1.087734, -9.8467), (-0.67142, 1.071387, -10.006677)
(-0.82529, 1.074192, -9.848622), (-0.826777, 1.08992, -9.688814), (-0.672708, 1.087734, -9.8467)
(-0.672708, 1.087734, -9.8467), (-0.520071, 1.101429, -9.844886), (-0.518864, 1.086001, -10.004939)
(-0.672708, 1.087734, -9.8467), (-0.67414, 1.102624, -9.686823), (-0.520071, 1.101429, -9.844886)
(-1.284642, 1.05474, -9.695557), (-1.286275, 1.071475, -9.535943), (-1.131988, 1.065845, -9.69316)
(-1.284642, 1.05474, -9.695557), (-1.131988, 1.065845, -9.69316), (-1.130443, 1.048344, -9.852849)
(-1.131988, 1.065845, -9.69316), (-1.133616, 1.081878, -9.533493), (-0.979379, 1.077634, -9.690916)
(-1.131988, 1.065845, -9.69316), (-0.979379, 1.077634, -9.690916), (-0.977859, 1.060964, -9.850675)
(-0.979379, 1.077634, -9.690916), (-0.980997, 1.092887, -9.531201), (-0.826777, 1.08992, -9.688814)
(-0.979379, 1.077634, -9.690916), (-0.826777, 1.08992, -9.688814), (-0.82529, 1.074192, -9.848622)
(-0.826777, 1.08992, -9.688814), (-0.828371, 1.104412, -9.529045), (-0.67414, 1.102624, -9.686823)
(-0.826777, 1.08992, -9.688814), (-0.67414, 1.102624, -9.686823), (-0.672708, 1.087734, -9.8467)
(-0.67414, 1.102624, -9.686823), (-0.675701, 1.116333, -9.52701), (-0.521437, 1.115473, -9.684952)
(-0.67414, 1.102624, -9.686823), (-0.521437, 1.115473, -9.684952), (-0.520071, 1.101429, -9.844886)
(-1.286275, 1.071475, -9.535943), (-1.133616, 1.081878, -9.533493), (-1.131988, 1.065845, -9.69316)
(-1.286275, 1.071475, -9.535943), (-1.287969, 1.086633, -9.376348), (-1.133616, 1.081878, -9.533493)
(-1.133616, 1.081878, -9.533493), (-0.980997, 1.092887, -9.531201), (-0.979379, 1.077634, -9.690916)
(-1.133616, 1.081878, -9.533493), (-1.135332, 1.096311, -9.373878), (-0.980997, 1.092887, -9.531201)
(-0.980997, 1.092887, -9.531201), (-0.828371, 1.104412, -9.529045), (-0.826777, 1.08992, -9.688814)
(-0.980997, 1.092887, -9.531201), (-0.982712, 1.106666, -9.371546), (-0.828371, 1.104412, -9.529045)
(-0.828371, 1.104412, -9.529045), (-0.675701, 1.116333, -9.52701), (-0.67414, 1.102624, -9.686823)
(-0.828371, 1.104412, -9.529045), (-0.830079, 1.117543, -9.369347), (-0.675701, 1.116333, -9.52701)
(-0.675701, 1.116333, -9.52701), (-0.522952, 1.128474, -9.52509), (-0.521437, 1.115473, -9.684952)
(-0.675701, 1.116333, -9.52701), (-0.677395, 1.128812, -9.367273), (-0.522952, 1.128474, -9.52509)
# -0.3007781166866636, 0, -9.716463383353332
(-0.518864, 1.086001, -10.004939), (-0.520071, 1.101429, -9.844886), (-0.366218, 1.100718, -10.003265)
(-0.518864, 1.086001, -10.004939), (-0.366218, 1.100718, -10.003265), (-0.365266, 1.085168, -10.163471)
(-0.366218, 1.100718, -10.003265), (-0.213455, 1.115256, -10.001665), (-0.212626, 1.100525, -10.161961)
(-0.366218, 1.100718, -10.003265), (-0.367335, 1.115221, -9.843151), (-0.213455, 1.115256, -10.001665)
(-0.213455, 1.115256, -10.001665), (-0.214468, 1.128946, -9.841486), (-0.060538, 1.129374, -10.000137)
(-0.213455, 1.115256, -10.001665), (-0.060538, 1.129374, -10.000137), (-0.059839, 1.115512, -10.160498)
(-0.060538, 1.129374, -10.000137), (0.092569, 1.142815, -9.998686), (0.093131, 1.129828, -10.159096)
(-0.060538, 1.129374, -10.000137), (-0.061439, 1.142254, -9.839909), (0.092569, 1.142815, -9.998686)
(-0.520071, 1.101429, -9.844886), (-0.367335, 1.115221, -9.843151), (-0.366218, 1.100718, -10.003265)
(-0.520071, 1.101429, -9.844886), (-0.521437, 1.115473, -9.684952), (-0.367335, 1.115221, -9.843151)
(-0.367335, 1.115221, -9.843151), (-0.214468, 1.128946, -9.841486), (-0.213455, 1.115256, -10.001665)
(-0.367335, 1.115221, -9.843151), (-0.368624, 1.128495, -9.683159), (-0.214468, 1.128946, -9.841486)
(-0.214468, 1.128946, -9.841486), (-0.061439, 1.142254, -9.839909), (-0.060538, 1.129374, -10.000137)
(-0.214468, 1.128946, -9.841486), (-0.215671, 1.141394, -9.681458), (-0.061439, 1.142254, -9.839909)
(-0.061439, 1.142254, -9.839909), (0.091789, 1.155038, -9.838407), (0.092569, 1.142815, -9.998686)
(-0.061439, 1.142254, -9.839909), (-0.062544, 1.154083, -9.679832), (0.091789, 1.155038, -9.838407)
(-0.521437, 1.115473, -9.684952), (-0.522952, 1.128474, -9.52509), (-0.368624, 1.128495, -9.683159)
(-0.521437, 1.115473, -9.684952), (-0.368624, 1.128495, -9.683159), (-0.367335, 1.115221, -9.843151)
(-0.368624, 1.128495, -9.683159), (-0.370084, 1.1408, -9.523256), (-0.215671, 1.141394, -9.681458)
(-0.368624, 1.128495, -9.683159), (-0.215671, 1.141394, -9.681458), (-0.214468, 1.128946, -9.841486)
(-0.215671, 1.141394, -9.681458), (-0.217066, 1.153107, -9.521512), (-0.062544, 1.154083, -9.679832)
(-0.215671, 1.141394, -9.681458), (-0.062544, 1.154083, -9.679832), (-0.061439, 1.142254, -9.839909)
(-0.062544, 1.154083, -9.679832), (-0.063863, 1.165246, -9.519852), (0.090789, 1.166345, -9.678282)
(-0.062544, 1.154083, -9.679832), (0.090789, 1.166345, -9.678282), (0.091789, 1.155038, -9.838407)
(-0.522952, 1.128474, -9.52509), (-0.370084, 1.1408, -9.523256), (-0.368624, 1.128495, -9.683159)
(-0.522952, 1.128474, -9.52509), (-0.524625, 1.140316, -9.365322), (-0.370084, 1.1408, -9.523256)
(-0.370084, 1.1408, -9.523256), (-0.217066, 1.153107, -9.521512), (-0.215671, 1.141394, -9.681458)
(-0.370084, 1.1408, -9.523256), (-0.371724, 1.152111, -9.363451), (-0.217066, 1.153107, -9.521512)
(-0.217066, 1.153107, -9.521512), (-0.063863, 1.165246, -9.519852), (-0.062544, 1.154083, -9.679832)
(-0.217066, 1.153107, -9.521512), (-0.218662, 1.163975, -9.361668), (-0.063863, 1.165246, -9.519852)
(-0.063863, 1.165246, -9.519852), (0.089556, 1.177086, -9.518268), (0.090789, 1.166345, -9.678282)
(-0.063863, 1.165246, -9.519852), (-0.065406, 1.175724, -9.359976), (0.089556, 1.177086, -9.518268)
