# -19.66611488335333, 0, -19.06524665002
(-20.0, -0.293771, -19.375), (-19.84375, -0.363524, -19.375), (-19.84375, -0.376286, -19.53125)
(-20.0, -0.293771, -19.375), (-20.0, -0.271654, -19.21875), (-19.84375, -0.363524, -19.375)
(-19.84375, -0.363524, -19.375), (-19.84375, -0.340925, -19.21875), (-19.6875, -0.392361, -19.375)
(-19.84375, -0.363524, -19.375), (-19.6875, -0.392361, -19.375), (-19.6875, -0.40986, -19.53125)
(-19.6875, -0.392361, -19.375), (-19.531233, -0.394962, -19.374994), (-19.53125, -0.409867, -19.53125)
(-19.6875, -0.392361, -19.375), (-19.6875, -0.37576, -19.21875), (-19.531233, -0.394962, -19.374994)
(-19.531233, -0.394962, -19.374994), (-19.530796, -0.390829, -19.21858), (-19.37401, -0.392438, -19.37468)
(-19.531233, -0.394962, -19.374994), (-19.37401, -0.392438, -19.37468), (-19.374855, -0.390218, -19.531212)
(-19.37401, -0.392438, -19.37468), (-19.214937, -0.404274, -19.373713), (-19.217154, -0.382887, -19.530771)
(-19.37401, -0.392438, -19.37468), (-19.372206, -0.40448, -19.217688), (-19.214937, -0.404274, -19.373713)
(-20.0, -0.271654, -19.21875), (-19.84375, -0.340925, -19.21875), (-19.84375, -0.363524, -19.375)
(-20.0, -0.271654, -19.21875), (-20.0, -0.254137, -19.0625), (-19.84375, -0.340925, -19.21875)
(-19.84375, -0.340925, -19.21875), (-19.6875, -0.37576, -19.21875), (-19.6875, -0.392361, -19.375)
(-19.84375, -0.340925, -19.21875), (-19.84375, -0.329655, -19.0625), (-19.6875, -0.37576, -19.21875)
(-19.6875, -0.37576, -19.21875), (-19.530796, -0.390829, -19.21858), (-19.531233, -0.394962, -19.374994)
(-19.6875, -0.37576, -19.21875), (-19.687387, -0.372467, -19.062447), (-19.530796, -0.390829, -19.21858)
(-19.530796, -0.390829, -19.21858), (-19.372206, -0.40448, -19.217688), (-19.37401, -0.392438, -19.37468)
(-19.530796, -0.390829, -19.21858), (-19.529503, -0.400221, -19.061714), (-19.372206, -0.40448, -19.217688)
(-19.372206, -0.40448, -19.217688), (-19.211596, -0.4301, -19.216011), (-19.214937, -0.404274, -19.373713)
(-19.372206, -0.40448, -19.217688), (-19.369328, -0.423987, -19.06002), (-19.211596, -0.4301, -19.216011)
(-20.0, -0.254137, -19.0625), (-20.0, -0.250138, -18.90625), (-19.84375, -0.329655, -19.0625)
(-20.0, -0.254137, -19.0625), (-19.84375, -0.329655, -19.0625), (-19.84375, -0.340925, -19.21875)
(-19.84375, -0.329655, -19.0625), (-19.843746, -0.330664, -18.906248), (-19.687387, -0.372467, -19.062447)
(-19.84375, -0.329655, -19.0625), (-19.687387, -0.372467, -19.062447), (-19.6875, -0.37576, -19.21875)
(-19.687387, -0.372467, -19.062447), (-19.686592, -0.382447, -18.90575), (-19.529503, -0.400221, -19.061714)
(-19.687387, -0.372467, -19.062447), (-19.529503, -0.400221, -19.061714), (-19.530796, -0.390829, -19.21858)
(-19.529503, -0.400221, -19.061714), (-19.527174, -0.416207, -18.904158), (-19.369328, -0.423987, -19.06002)
(-19.529503, -0.400221, -19.061714), (-19.369328, -0.423987, -19.06002), (-19.372206, -0.40448, -19.217688)
(-19.369328, -0.423987, -19.06002), (-19.365276, -0.44329, -18.901491), (-19.207027, -0.452493, -19.057476)
(-19.369328, -0.423987, -19.06002), (-19.207027, -0.452493, -19.057476), (-19.211596, -0.4301, -19.216011)
(-20.0, -0.250138, -18.90625), (-19.843746, -0.330664, -18.906248), (-19.84375, -0.329655, -19.0625)
(-20.0, -0.250138, -18.90625), (-20.0, -0.244393, -18.75), (-19.843746, -0.330664, -18.906248)
(-19.843746, -0.330664, -18.906248), (-19.686592, -0.382447, -18.90575), (-19.687387, -0.372467, -19.062447)
(-19.843746, -0.330664, -18.906248), (-19.843342, -0.333574, -18.749729), (-19.686592, -0.382447, -18.90575)
(-19.686592, -0.382447, -18.90575), (-19.527174, -0.416207, -18.904158), (-19.529503, -0.400221, -19.061714)
(-19.686592, -0.382447, -18.90575), (-19.684771, -0.391248, -18.748352), (-19.527174, -0.416207, -18.904158)
(-19.527174, -0.416207, -18.904158), (-19.365276, -0.44329, -18.901491), (-19.369328, -0.423987, -19.06002)
(-19.527174, -0.416207, -18.904158), (-19.523645, -0.430363, -18.745707), (-19.365276, -0.44329, -18.901491)
(-19.365276, -0.44329, -18.901491), (-19.20121, -0.470812, -18.897953), (-19.207027, -0.452493, -19.057476)
(-19.365276, -0.44329, -18.901491), (-19.359995, -0.460197, -18.741949), (-19.20121, -0.470812, -18.897953)
(-20.0, -0.244393, -18.75), (-19.999805, -0.233969, -18.593609), (-19.843342, -0.333574, -18.749729)
(-20.0, -0.244393, -18.75), (-19.843342, -0.333574, -18.749729), (-19.843746, -0.330664, -18.906248)
(-19.843342, -0.333574, -18.749729), (-19.841906, -0.332487, -18.59248), (-19.684771, -0.391248, -18.748352)
(-19.843342, -0.333574, -18.749729), (-19.684771, -0.391248, -18.748352), (-19.686592, -0.382447, -18.90575)
(-19.684771, -0.391248, -18.748352), (-19.523645, -0.430363, -18.745707), (-19.527174, -0.416207, -18.904158)
(-19.684771, -0.391248, -18.748352), (-19.681742, -0.398538, -18.590046), (-19.523645, -0.430363, -18.745707)
(-19.523645, -0.430363, -18.745707), (-19.518984, -0.443433, -18.586313), (-19.359995, -0.460197, -18.741949)
(-19.523645, -0.430363, -18.745707), (-19.359995, -0.460197, -18.741949), (-19.365276, -0.44329, -18.901491)
(-19.359995, -0.460197, -18.741949), (-19.353849, -0.480075, -18.581541), (-19.194326, -0.489838, -18.737408)
(-19.359995, -0.460197, -18.741949), (-19.194326, -0.489838, -18.737408), (-19.20121, -0.470812, -18.897953)
# -18.99834465002, 0, -19.06524665002
(-19.214937, -0.404274, -19.373713), (-19.211596, -0.4301, -19.216011), (-19.054239, -0.436384, -19.372118)
(-19.214937, -0.404274, -19.373713), (-19.054239, -0.436384, -19.372118), (-19.057882, -0.402468, -19.529772)
(-19.054239, -0.436384, -19.372118), (-18.892452, -0.477689, -19.370102), (-18.897556, -0.447397, -19.528372)
(-19.054239, -0.436384, -19.372118), (-19.049322, -0.463569, -19.213678), (-18.892452, -0.477689, -19.370102)
(-18.892452, -0.477689, -19.370102), (-18.885912, -0.498826, -19.21092), (-18.729965, -0.517055, -19.36783)
(-18.892452, -0.477689, -19.370102), (-18.729965, -0.517055, -19.36783), (-18.736519, -0.494094, -19.526701)
(-18.729965, -0.517055, -19.36783), (-18.566999, -0.543877, -19.365406), (-18.574989, -0.53041, -19.524849)
(-18.729965, -0.517055, -19.36783), (-18.721861, -0.530583, -19.207958), (-18.566999, -0.543877, -19.365406)
(-19.211596, -0.4301, -19.216011), (-19.049322, -0.463569, -19.213678), (-19.054239, -0.436384, -19.372118)
(-19.211596, -0.4301, -19.216011), (-19.207027, -0.452493, -19.057476), (-19.049322, -0.463569, -19.213678)
(-19.049322, -0.463569, -19.213678), (-18.885912, -0.498826, -19.21092), (-18.892452, -0.477689, -19.370102)
(-19.049322, -0.463569, -19.213678), (-19.043058, -0.483339, -19.054281), (-18.885912, -0.498826, -19.21092)
(-18.885912, -0.498826, -19.21092), (-18.721861, -0.530583, -19.207958), (-18.729965, -0.517055, -19.36783)
(-18.885912, -0.498826, -19.21092), (-18.877998, -0.513198, -19.050707), (-18.721861, -0.530583, -19.207958)
(-18.721861, -0.530583, -19.207958), (-18.557392, -0.54674, -19.204905), (-18.566999, -0.543877, -19.365406)
(-18.721861, -0.530583, -19.207958), (-18.712534, -0.540436, -19.047073), (-18.557392, -0.54674, -19.204905)
(-19.207027, -0.452493, -19.057476), (-19.20121, -0.470812, -18.897953), (-19.043058, -0.483339, -19.054281)
(-19.207027, -0.452493, -19.057476), (-19.043058, -0.483339, -19.054281), (-19.049322, -0.463569, -19.213678)
(-19.043058, -0.483339, -19.054281), (-19.035603, -0.500258, -18.893847), (-18.877998, -0.513198, -19.050707)
(-19.043058, -0.483339, -19.054281), (-18.877998, -0.513198, -19.050707), (-18.885912, -0.498826, -19.21092)
(-18.877998, -0.513198, -19.050707), (-18.869074, -0.526895, -18.889482), (-18.712534, -0.540436, -19.047073)
(-18.877998, -0.513198, -19.050707), (-18.712534, -0.540436, -19.047073), (-18.721861, -0.530583, -19.207958)
(-18.712534, -0.540436, -19.047073), (-18.703068, -0.563206, -18.88553), (-18.547209, -0.558041, -19.043634)
(-18.712534, -0.540436, -19.047073), (-18.547209, -0.558041, -19.043634), (-18.557392, -0.54674, -19.204905)
(-19.20121, -0.470812, -18.897953), (-19.035603, -0.500258, -18.893847), (-19.043058, -0.483339, -19.054281)
(-19.20121, -0.470812, -18.897953), (-19.194326, -0.489838, -18.737408), (-19.035603, -0.500258, -18.893847)
(-19.035603, -0.500258, -18.893847), (-18.869074, -0.526895, -18.889482), (-18.877998, -0.513198, -19.050707)
(-19.035603, -0.500258, -18.893847), (-19.027222, -0.516368, -18.732397), (-18.869074, -0.526895, -18.889482)
(-18.869074, -0.526895, -18.889482), (-18.703068, -0.563206, -18.88553), (-18.712534, -0.540436, -19.047073)
(-18.869074, -0.526895, -18.889482), (-18.860065, -0.5522, -18.727591), (-18.703068, -0.563206, -18.88553)
(-18.703068, -0.563206, -18.88553), (-18.537716, -0.590298, -18.882042), (-18.547209, -0.558041, -19.043634)
(-18.703068, -0.563206, -18.88553), (-18.694227, -0.599249, -18.723623), (-18.537716, -0.590298, -18.882042)
(-19.194326, -0.489838, -18.737408), (-19.186747, -0.509097, -18.576015), (-19.027222, -0.516368, -18.732397)
(-19.194326, -0.489838, -18.737408), (-19.027222, -0.516368, -18.732397), (-19.035603, -0.500258, -18.893847)
(-19.027222, -0.516368, -18.732397), (-18.860065, -0.5522, -18.727591), (-18.869074, -0.526895, -18.889482)
(-19.027222, -0.516368, -18.732397), (-19.018667, -0.538739, -18.570292), (-18.860065, -0.5522, -18.727591)
# -18.330574416686666, 0, -19.06524665002
(-18.566999, -0.543877, -19.365406), (-18.557392, -0.54674, -19.204905), (-18.403837, -0.552186, -19.362946)
(-18.566999, -0.543877, -19.365406), (-18.403837, -0.552186, -19.362946), (-18.413242, -0.553158, -19.522932)
(-18.403837, -0.552186, -19.362946), (-18.241104, -0.542753, -19.360693), (-18.251537, -0.556355, -19.521044)
(-18.403837, -0.552186, -19.362946), (-18.393105, -0.546152, -19.202009), (-18.241104, -0.542753, -19.360693)
(-18.241104, -0.542753, -19.360693), (-18.230042, -0.534618, -19.199688), (-18.079931, -0.524425, -19.359045)
(-18.241104, -0.542753, -19.360693), (-18.079931, -0.524425, -19.359045), (-18.090448, -0.538078, -19.519379)
(-18.079931, -0.524425, -19.359045), (-17.921215, -0.514568, -19.358313), (-17.930929, -0.508421, -19.518263)
(-18.079931, -0.524425, -19.359045), (-18.06945, -0.528261, -19.198372), (-17.921215, -0.514568, -19.358313)
(-18.557392, -0.54674, -19.204905), (-18.393105, -0.546152, -19.202009), (-18.403837, -0.552186, -19.362946)
(-18.557392, -0.54674, -19.204905), (-18.547209, -0.558041, -19.043634), (-18.393105, -0.546152, -19.202009)
(-18.393105, -0.546152, -19.202009), (-18.230042, -0.534618, -19.199688), (-18.241104, -0.542753, -19.360693)
(-18.393105, -0.546152, -19.202009), (-18.382595, -0.561152, -19.040634), (-18.230042, -0.534618, -19.199688)
(-18.230042, -0.534618, -19.199688), (-18.06945, -0.528261, -19.198372), (-18.079931, -0.524425, -19.359045)
(-18.230042, -0.534618, -19.199688), (-18.219637, -0.552439, -19.038446), (-18.06945, -0.528261, -19.198372)
(-18.06945, -0.528261, -19.198372), (-17.911558, -0.528377, -19.198088), (-17.921215, -0.514568, -19.358313)
(-18.06945, -0.528261, -19.198372), (-18.059435, -0.544209, -19.03743), (-17.911558, -0.528377, -19.198088)
(-18.547209, -0.558041, -19.043634), (-18.537716, -0.590298, -18.882042), (-18.382595, -0.561152, -19.040634)
(-18.547209, -0.558041, -19.043634), (-18.382595, -0.561152, -19.040634), (-18.393105, -0.546152, -19.202009)
(-18.382595, -0.561152, -19.040634), (-18.373177, -0.597257, -18.879095), (-18.219637, -0.552439, -19.038446)
(-18.382595, -0.561152, -19.040634), (-18.219637, -0.552439, -19.038446), (-18.230042, -0.534618, -19.199688)
(-18.219637, -0.552439, -19.038446), (-18.210217, -0.583072, -18.87701), (-18.059435, -0.544209, -19.03743)
(-18.219637, -0.552439, -19.038446), (-18.059435, -0.544209, -19.03743), (-18.06945, -0.528261, -19.198372)
(-18.059435, -0.544209, -19.03743), (-18.050325, -0.564184, -18.876314), (-17.902287, -0.541912, -19.037598)
(-18.059435, -0.544209, -19.03743), (-17.902287, -0.541912, -19.037598), (-17.911558, -0.528377, -19.198088)
(-18.537716, -0.590298, -18.882042), (-18.373177, -0.597257, -18.879095), (-18.382595, -0.561152, -19.040634)
(-18.537716, -0.590298, -18.882042), (-18.529289, -0.632159, -18.720282), (-18.373177, -0.597257, -18.879095)
(-18.373177, -0.597257, -18.879095), (-18.210217, -0.583072, -18.87701), (-18.219637, -0.552439, -19.038446)
(-18.373177, -0.597257, -18.879095), (-18.364897, -0.635275, -18.717434), (-18.210217, -0.583072, -18.87701)
(-18.210217, -0.583072, -18.87701), (-18.050325, -0.564184, -18.876314), (-18.059435, -0.544209, -19.03743)
(-18.210217, -0.583072, -18.87701), (-18.202112, -0.613228, -18.715549), (-18.050325, -0.564184, -18.876314)
(-18.050325, -0.564184, -18.876314), (-17.894165, -0.557445, -18.877119), (-17.902287, -0.541912, -19.037598)
(-18.050325, -0.564184, -18.876314), (-18.042753, -0.584443, -18.715298), (-17.894165, -0.557445, -18.877119)
# -17.662804183353337, 0, -19.06524665002
(-17.457779, -0.507042, -19.360493), (-17.306257, -0.491521, -19.362179), (-17.311874, -0.467038, -19.520336)
(-17.457779, -0.507042, -19.360493), (-17.451422, -0.525733, -19.20188), (-17.306257, -0.491521, -19.362179)
(-17.610497, -0.508614, -19.35919), (-17.602938, -0.533992, -19.199999), (-17.457779, -0.507042, -19.360493)
(-17.610497, -0.508614, -19.35919), (-17.457779, -0.507042, -19.360493), (-17.464535, -0.475817, -19.519115)
(-17.764843, -0.510609, -19.358412), (-17.610497, -0.508614, -19.35919), (-17.618273, -0.477511, -19.518236)
(-17.764843, -0.510609, -19.358412), (-17.75614, -0.530454, -19.198668), (-17.610497, -0.508614, -19.35919)
(-17.921215, -0.514568, -19.358313), (-17.911558, -0.528377, -19.198088), (-17.764843, -0.510609, -19.358412)
(-17.921215, -0.514568, -19.358313), (-17.764843, -0.510609, -19.358412), (-17.773598, -0.487456, -19.517899)
(-17.451422, -0.525733, -19.20188), (-17.301044, -0.503428, -19.204063), (-17.306257, -0.491521, -19.362179)
(-17.451422, -0.525733, -19.20188), (-17.445745, -0.53196, -19.043289), (-17.301044, -0.503428, -19.204063)
(-17.602938, -0.533992, -19.199999), (-17.451422, -0.525733, -19.20188), (-17.457779, -0.507042, -19.360493)
(-17.602938, -0.533992, -19.199999), (-17.596119, -0.547583, -19.040833), (-17.451422, -0.525733, -19.20188)
(-17.75614, -0.530454, -19.198668), (-17.602938, -0.533992, -19.199999), (-17.610497, -0.508614, -19.35919)
(-17.75614, -0.530454, -19.198668), (-17.748095, -0.548727, -19.038841), (-17.602938, -0.533992, -19.199999)
(-17.911558, -0.528377, -19.198088), (-17.75614, -0.530454, -19.198668), (-17.764843, -0.510609, -19.358412)
(-17.911558, -0.528377, -19.198088), (-17.902287, -0.541912, -19.037598), (-17.75614, -0.530454, -19.198668)
(-17.445745, -0.53196, -19.043289), (-17.4412, -0.525658, -18.884897), (-17.296589, -0.502578, -19.046083)
(-17.445745, -0.53196, -19.043289), (-17.296589, -0.502578, -19.046083), (-17.301044, -0.503428, -19.204063)
(-17.596119, -0.547583, -19.040833), (-17.590324, -0.54923, -18.881718), (-17.445745, -0.53196, -19.043289)
(-17.596119, -0.547583, -19.040833), (-17.445745, -0.53196, -19.043289), (-17.451422, -0.525733, -19.20188)
(-17.748095, -0.548727, -19.038841), (-17.741142, -0.558655, -18.879055), (-17.596119, -0.547583, -19.040833)
(-17.748095, -0.548727, -19.038841), (-17.596119, -0.547583, -19.040833), (-17.602938, -0.533992, -19.199999)
(-17.902287, -0.541912, -19.037598), (-17.894165, -0.557445, -18.877119), (-17.748095, -0.548727, -19.038841)
(-17.902287, -0.541912, -19.037598), (-17.748095, -0.548727, -19.038841), (-17.75614, -0.530454, -19.198668)
(-17.4412, -0.525658, -18.884897), (-17.29315, -0.489712, -18.888283), (-17.296589, -0.502578, -19.046083)
(-17.4412, -0.525658, -18.884897), (-17.437969, -0.508238, -18.726728), (-17.29315, -0.489712, -18.888283)
(-17.590324, -0.54923, -18.881718), (-17.4412, -0.525658, -18.884897), (-17.445745, -0.53196, -19.043289)
(-17.590324, -0.54923, -18.881718), (-17.586004, -0.539229, -18.72287), (-17.4412, -0.525658, -18.884897)
(-17.741142, -0.558655, -18.879055), (-17.590324, -0.54923, -18.881718), (-17.596119, -0.547583, -19.040833)
(-17.741142, -0.558655, -18.879055), (-17.735588, -0.557564, -18.719404), (-17.590324, -0.54923, -18.881718)
(-17.894165, -0.557445, -18.877119), (-17.741142, -0.558655, -18.879055), (-17.748095, -0.548727, -19.038841)
(-17.894165, -0.557445, -18.877119), (-17.887482, -0.567478, -18.716719), (-17.741142, -0.558655, -18.879055)
# -16.99503395002, 0, -19.06524665002
(-16.703259, -0.316494, -19.369684), (-16.702024, -0.308513, -19.213043), (-16.551497, -0.257513, -19.371267)
(-16.703259, -0.316494, -19.369684), (-16.551497, -0.257513, -19.371267), (-16.552494, -0.258285, -19.527882)
(-16.854342, -0.372461, -19.36792), (-16.703259, -0.316494, -19.369684), (-16.704922, -0.313733, -19.526499)
(-16.854342, -0.372461, -19.36792), (-16.852299, -0.367995, -19.211018), (-16.703259, -0.316494, -19.369684)
(-17.004932, -0.422268, -19.366005), (-17.001974, -0.422203, -19.208792), (-16.854342, -0.372461, -19.36792)
(-17.004932, -0.422268, -19.366005), (-16.854342, -0.372461, -19.36792), (-16.856781, -0.36554, -19.524967)
(-17.155458, -0.462651, -19.364065), (-17.004932, -0.422268, -19.366005), (-17.008389, -0.409967, -19.523386)
(-17.155458, -0.462651, -19.364065), (-17.15139, -0.468256, -19.206419), (-17.004932, -0.422268, -19.366005)
(-17.306257, -0.491521, -19.362179), (-17.301044, -0.503428, -19.204063), (-17.155458, -0.462651, -19.364065)
(-17.306257, -0.491521, -19.362179), (-17.155458, -0.462651, -19.364065), (-17.159948, -0.444612, -19.521795)
(-16.702024, -0.308513, -19.213043), (-16.550873, -0.247148, -19.2148), (-16.551497, -0.257513, -19.371267)
(-16.702024, -0.308513, -19.213043), (-16.701334, -0.290322, -19.056597), (-16.550873, -0.247148, -19.2148)
(-16.852299, -0.367995, -19.211018), (-16.702024, -0.308513, -19.213043), (-16.703259, -0.316494, -19.369684)
(-16.852299, -0.367995, -19.211018), (-16.85088, -0.352334, -19.054329), (-16.702024, -0.308513, -19.213043)
(-17.001974, -0.422203, -19.208792), (-16.852299, -0.367995, -19.211018), (-16.854342, -0.372461, -19.36792)
(-17.001974, -0.422203, -19.208792), (-16.999653, -0.410398, -19.051752), (-16.852299, -0.367995, -19.211018)
(-17.15139, -0.468256, -19.206419), (-17.001974, -0.422203, -19.208792), (-17.004932, -0.422268, -19.366005)
(-17.15139, -0.468256, -19.206419), (-17.148056, -0.461387, -19.048952), (-17.001974, -0.422203, -19.208792)
(-17.301044, -0.503428, -19.204063), (-17.15139, -0.468256, -19.206419), (-17.155458, -0.462651, -19.364065)
(-17.301044, -0.503428, -19.204063), (-17.296589, -0.502578, -19.046083), (-17.15139, -0.468256, -19.206419)
(-16.701334, -0.290322, -19.056597), (-16.701195, -0.264795, -18.900339), (-16.550646, -0.228681, -19.058493)
(-16.701334, -0.290322, -19.056597), (-16.550646, -0.228681, -19.058493), (-16.550873, -0.247148, -19.2148)
(-16.85088, -0.352334, -19.054329), (-16.850229, -0.326476, -18.897879), (-16.701334, -0.290322, -19.056597)
(-16.85088, -0.352334, -19.054329), (-16.701334, -0.290322, -19.056597), (-16.702024, -0.308513, -19.213043)
(-16.999653, -0.410398, -19.051752), (-16.998205, -0.387561, -18.894947), (-16.85088, -0.352334, -19.054329)
(-16.999653, -0.410398, -19.051752), (-16.85088, -0.352334, -19.054329), (-16.852299, -0.367995, -19.211018)
(-17.148056, -0.461387, -19.048952), (-17.145693, -0.442815, -18.891714), (-16.999653, -0.410398, -19.051752)
(-17.148056, -0.461387, -19.048952), (-16.999653, -0.410398, -19.051752), (-17.001974, -0.422203, -19.208792)
(-17.296589, -0.502578, -19.046083), (-17.29315, -0.489712, -18.888283), (-17.148056, -0.461387, -19.048952)
(-17.296589, -0.502578, -19.046083), (-17.148056, -0.461387, -19.048952), (-17.15139, -0.468256, -19.206419)
(-16.701195, -0.264795, -18.900339), (-16.550625, -0.211232, -18.902262), (-16.550646, -0.228681, -19.058493)
(-16.701195, -0.264795, -18.900339), (-16.701382, -0.241987, -18.744144), (-16.550625, -0.211232, -18.902262)
(-16.850229, -0.326476, -18.897879), (-16.701195, -0.264795, -18.900339), (-16.701334, -0.290322, -19.056597)
(-16.850229, -0.326476, -18.897879), (-16.850298, -0.294822, -18.741613), (-16.701195, -0.264795, -18.900339)
(-16.998205, -0.387561, -18.894947), (-16.850229, -0.326476, -18.897879), (-16.85088, -0.352334, -19.054329)
(-16.998205, -0.387561, -18.894947), (-16.997799, -0.354882, -18.738449), (-16.850229, -0.326476, -18.897879)
(-17.145693, -0.442815, -18.891714), (-16.998205, -0.387561, -18.894947), (-16.999653, -0.410398, -19.051752)
(-17.145693, -0.442815, -18.891714), (-17.144461, -0.413857, -18.734749), (-16.998205, -0.387561, -18.894947)
(-17.29315, -0.489712, -18.888283), (-17.145693, -0.442815, -18.891714), (-17.148056, -0.461387, -19.048952)
(-17.29315, -0.489712, -18.888283), (-17.291019, -0.46565, -18.730801), (-17.145693, -0.442815, -18.891714)
(-16.701382, -0.241987, -18.744144), (-16.701958, -0.224918, -18.588127), (-16.550713, -0.200129, -18.746078)
(-16.701382, -0.241987, -18.744144), (-16.550713, -0.200129, -18.746078), (-16.550625, -0.211232, -18.902262)
(-16.850298, -0.294822, -18.741613), (-16.850889, -0.266669, -18.585436), (-16.701382, -0.241987, -18.744144)
(-16.850298, -0.294822, -18.741613), (-16.701382, -0.241987, -18.744144), (-16.701195, -0.264795, -18.900339)
(-16.997799, -0.354882, -18.738449), (-16.998314, -0.318081, -18.582163), (-16.850298, -0.294822, -18.741613)
(-16.997799, -0.354882, -18.738449), (-16.850298, -0.294822, -18.741613), (-16.850229, -0.326476, -18.897879)
(-17.144461, -0.413857, -18.734749), (-16.997799, -0.354882, -18.738449), (-16.998205, -0.387561, -18.894947)
(-17.144461, -0.413857, -18.734749), (-17.144552, -0.375951, -18.578163), (-16.997799, -0.354882, -18.738449)
# -16.32726371668667, 0, -19.06524665002
(-16.091167, -0.096877, -19.374487), (-16.090824, -0.097765, -19.218174), (-15.935932, -0.063318, -19.374964)
(-16.091167, -0.096877, -19.374487), (-15.935932, -0.063318, -19.374964), (-15.936228, -0.061466, -19.531258)
(-16.245453, -0.144327, -19.373692), (-16.091167, -0.096877, -19.374487), (-16.091253, -0.101707, -19.530771)
(-16.245453, -0.144327, -19.373692), (-16.245337, -0.135965, -19.217394), (-16.091167, -0.096877, -19.374487)
(-16.398914, -0.198987, -19.372614), (-16.398664, -0.187697, -19.216255), (-16.245453, -0.144327, -19.373692)
(-16.398914, -0.198987, -19.372614), (-16.245453, -0.144327, -19.373692), (-16.245691, -0.149219, -19.530056)
(-16.551497, -0.257513, -19.371267), (-16.398914, -0.198987, -19.372614), (-16.399443, -0.202342, -19.529081)
(-16.551497, -0.257513, -19.371267), (-16.550873, -0.247148, -19.2148), (-16.398914, -0.198987, -19.372614)
(-16.090824, -0.097765, -19.218174), (-15.935172, -0.076304, -19.21863), (-15.935932, -0.063318, -19.374964)
(-16.090824, -0.097765, -19.218174), (-16.090267, -0.107931, -19.061989), (-15.935172, -0.076304, -19.21863)
(-16.245337, -0.135965, -19.217394), (-16.090824, -0.097765, -19.218174), (-16.091167, -0.096877, -19.374487)
(-16.245337, -0.135965, -19.217394), (-16.245018, -0.134265, -19.061079), (-16.090824, -0.097765, -19.218174)
(-16.398664, -0.187697, -19.216255), (-16.245337, -0.135965, -19.217394), (-16.245453, -0.144327, -19.373692)
(-16.398664, -0.187697, -19.216255), (-16.39856, -0.175132, -19.059986), (-16.245337, -0.135965, -19.217394)
(-16.550873, -0.247148, -19.2148), (-16.398664, -0.187697, -19.216255), (-16.398914, -0.198987, -19.372614)
(-16.550873, -0.247148, -19.2148), (-16.550646, -0.228681, -19.058493), (-16.398664, -0.187697, -19.216255)
(-16.090267, -0.107931, -19.061989), (-16.091026, -0.118559, -18.907459), (-15.935182, -0.093538, -19.063461)
(-16.090267, -0.107931, -19.061989), (-15.935182, -0.093538, -19.063461), (-15.935172, -0.076304, -19.21863)
(-16.245018, -0.134265, -19.061079), (-16.244877, -0.139444, -18.905184), (-16.090267, -0.107931, -19.061989)
(-16.245018, -0.134265, -19.061079), (-16.090267, -0.107931, -19.061989), (-16.090824, -0.097765, -19.218174)
(-16.39856, -0.175132, -19.059986), (-16.398352, -0.169539, -18.903687), (-16.245018, -0.134265, -19.061079)
(-16.39856, -0.175132, -19.059986), (-16.245018, -0.134265, -19.061079), (-16.245337, -0.135965, -19.217394)
(-16.550646, -0.228681, -19.058493), (-16.550625, -0.211232, -18.902262), (-16.39856, -0.175132, -19.059986)
(-16.550646, -0.228681, -19.058493), (-16.39856, -0.175132, -19.059986), (-16.398664, -0.187697, -19.216255)
(-16.091026, -0.118559, -18.907459), (-15.937273, -0.105905, -18.910713), (-15.935182, -0.093538, -19.063461)
(-16.091026, -0.118559, -18.907459), (-16.093838, -0.123088, -18.755228), (-15.937273, -0.105905, -18.910713)
(-16.244877, -0.139444, -18.905184), (-16.091026, -0.118559, -18.907459), (-16.090267, -0.107931, -19.061989)
(-16.244877, -0.139444, -18.905184), (-16.246431, -0.141776, -18.751232), (-16.091026, -0.118559, -18.907459)
(-16.398352, -0.169539, -18.903687), (-16.244877, -0.139444, -18.905184), (-16.245018, -0.134265, -19.061079)
(-16.398352, -0.169539, -18.903687), (-16.398842, -0.167422, -18.748215), (-16.244877, -0.139444, -18.905184)
(-16.550625, -0.211232, -18.902262), (-16.398352, -0.169539, -18.903687), (-16.39856, -0.175132, -19.059986)
(-16.550625, -0.211232, -18.902262), (-16.550713, -0.200129, -18.746078), (-16.398352, -0.169539, -18.903687)
(-16.093838, -0.123088, -18.755228), (-16.098473, -0.120573, -18.604939), (-15.941423, -0.110576, -18.760208)
(-16.093838, -0.123088, -18.755228), (-15.941423, -0.110576, -18.760208), (-15.937273, -0.105905, -18.910713)
(-16.246431, -0.141776, -18.751232), (-16.249912, -0.138294, -18.599361), (-16.093838, -0.123088, -18.755228)
(-16.246431, -0.141776, -18.751232), (-16.093838, -0.123088, -18.755228), (-16.091026, -0.118559, -18.907459)
(-16.398842, -0.167422, -18.748215), (-16.401165, -0.161501, -18.594715), (-16.246431, -0.141776, -18.751232)
(-16.398842, -0.167422, -18.748215), (-16.246431, -0.141776, -18.751232), (-16.244877, -0.139444, -18.905184)
(-16.550713, -0.200129, -18.746078), (-16.398842, -0.167422, -18.748215), (-16.398352, -0.169539, -18.903687)
(-16.550713, -0.200129, -18.746078), (-16.551933, -0.190308, -18.59103), (-16.398842, -0.167422, -18.748215)
# -15.659493483353337, 0, -19.06524665002
(-15.466473, -0.057045, -19.376205), (-15.468712, -0.078973, -19.224003), (-15.311029, -0.072014, -19.378407)
(-15.466473, -0.057045, -19.376205), (-15.311029, -0.072014, -19.378407), (-15.309656, -0.046132, -19.53154)
(-15.62291, -0.047033, -19.37525), (-15.466473, -0.057045, -19.376205), (-15.466806, -0.029064, -19.531332)
(-15.62291, -0.047033, -19.37525), (-15.623457, -0.071134, -19.221062), (-15.466473, -0.057045, -19.376205)
(-15.779733, -0.047193, -19.375134), (-15.779091, -0.069096, -19.219357), (-15.62291, -0.047033, -19.37525)
(-15.779733, -0.047193, -19.375134), (-15.62291, -0.047033, -19.37525), (-15.62402, -0.0231, -19.531534)
(-15.935932, -0.063318, -19.374964), (-15.779733, -0.047193, -19.375134), (-15.780525, -0.033741, -19.531517)
(-15.935932, -0.063318, -19.374964), (-15.935172, -0.076304, -19.21863), (-15.779733, -0.047193, -19.375134)
(-15.468712, -0.078973, -19.224003), (-15.315159, -0.088739, -19.228275), (-15.311029, -0.072014, -19.378407)
(-15.468712, -0.078973, -19.224003), (-15.473419, -0.091419, -19.074459), (-15.315159, -0.088739, -19.228275)
(-15.623457, -0.071134, -19.221062), (-15.468712, -0.078973, -19.224003), (-15.466473, -0.057045, -19.376205)
(-15.623457, -0.071134, -19.221062), (-15.626429, -0.0883, -19.069599), (-15.468712, -0.078973, -19.224003)
(-15.779091, -0.069096, -19.219357), (-15.623457, -0.071134, -19.221062), (-15.62291, -0.047033, -19.37525)
(-15.779091, -0.069096, -19.219357), (-15.780425, -0.088047, -19.065941), (-15.623457, -0.071134, -19.221062)
(-15.935172, -0.076304, -19.21863), (-15.779091, -0.069096, -19.219357), (-15.779733, -0.047193, -19.375134)
(-15.935172, -0.076304, -19.21863), (-15.935182, -0.093538, -19.063461), (-15.779091, -0.069096, -19.219357)
(-15.473419, -0.091419, -19.074459), (-15.480076, -0.092448, -18.926828), (-15.321535, -0.094125, -19.080425)
(-15.473419, -0.091419, -19.074459), (-15.321535, -0.094125, -19.080425), (-15.315159, -0.088739, -19.228275)
(-15.626429, -0.0883, -19.069599), (-15.6316, -0.09604, -18.920475), (-15.473419, -0.091419, -19.074459)
(-15.626429, -0.0883, -19.069599), (-15.473419, -0.091419, -19.074459), (-15.468712, -0.078973, -19.224003)
(-15.780425, -0.088047, -19.065941), (-15.78405, -0.09934, -18.91507), (-15.626429, -0.0883, -19.069599)
(-15.780425, -0.088047, -19.065941), (-15.626429, -0.0883, -19.069599), (-15.623457, -0.071134, -19.221062)
(-15.935182, -0.093538, -19.063461), (-15.937273, -0.105905, -18.910713), (-15.780425, -0.088047, -19.065941)
(-15.935182, -0.093538, -19.063461), (-15.780425, -0.088047, -19.065941), (-15.779091, -0.069096, -19.219357)
(-15.329452, -0.086442, -18.933949), (-15.179611, -0.077038, -18.941591), (-15.170718, -0.094366, -19.087328)
(-15.329452, -0.086442, -18.933949), (-15.338078, -0.06573, -18.787815), (-15.179611, -0.077038, -18.941591)
(-15.480076, -0.092448, -18.926828), (-15.329452, -0.086442, -18.933949), (-15.321535, -0.094125, -19.080425)
(-15.480076, -0.092448, -18.926828), (-15.487953, -0.08156, -18.780201), (-15.329452, -0.086442, -18.933949)
(-15.6316, -0.09604, -18.920475), (-15.480076, -0.092448, -18.926828), (-15.473419, -0.091419, -19.074459)
(-15.6316, -0.09604, -18.920475), (-15.638419, -0.092649, -18.772896), (-15.480076, -0.092448, -18.926828)
(-15.78405, -0.09934, -18.91507), (-15.6316, -0.09604, -18.920475), (-15.626429, -0.0883, -19.069599)
(-15.78405, -0.09934, -18.91507), (-15.789571, -0.101585, -18.766153), (-15.6316, -0.09604, -18.920475)
(-15.937273, -0.105905, -18.910713), (-15.78405, -0.09934, -18.91507), (-15.780425, -0.088047, -19.065941)
(-15.937273, -0.105905, -18.910713), (-15.941423, -0.110576, -18.760208), (-15.78405, -0.09934, -18.91507)
(-15.338078, -0.06573, -18.787815), (-15.18869, -0.046506, -18.79557), (-15.179611, -0.077038, -18.941591)
(-15.338078, -0.06573, -18.787815), (-15.346632, -0.032767, -18.641098), (-15.18869, -0.046506, -18.79557)
(-15.487953, -0.08156, -18.780201), (-15.496211, -0.058675, -18.633528), (-15.338078, -0.06573, -18.787815)
(-15.487953, -0.08156, -18.780201), (-15.338078, -0.06573, -18.787815), (-15.329452, -0.086442, -18.933949)
(-15.638419, -0.092649, -18.772896), (-15.64613, -0.078973, -18.625938), (-15.487953, -0.08156, -18.780201)
(-15.638419, -0.092649, -18.772896), (-15.487953, -0.08156, -18.780201), (-15.480076, -0.092448, -18.926828)
(-15.789571, -0.101585, -18.766153), (-15.796447, -0.093512, -18.618456), (-15.638419, -0.092649, -18.772896)
(-15.789571, -0.101585, -18.766153), (-15.638419, -0.092649, -18.772896), (-15.6316, -0.09604, -18.920475)
(-15.941423, -0.110576, -18.760208), (-15.789571, -0.101585, -18.766153), (-15.78405, -0.09934, -18.91507)
(-15.941423, -0.110576, -18.760208), (-15.947205, -0.106796, -18.611341), (-15.789571, -0.101585, -18.766153)
# -14.991723250020002, 0, -19.06524665002
(-14.852852, -0.111371, -19.393282), (-14.861858, -0.105149, -19.247889), (-14.702795, -0.11649, -19.400398)
(-14.852852, -0.111371, -19.393282), (-14.702795, -0.11649, -19.400398), (-14.694082, -0.115007, -19.546017)
(-15.004178, -0.101635, -19.387051), (-14.852852, -0.111371, -19.393282), (-14.845652, -0.103306, -19.540331)
(-15.004178, -0.101635, -19.387051), (-15.011847, -0.103136, -19.24045), (-14.852852, -0.111371, -19.393282)
(-15.156883, -0.088218, -19.382023), (-15.162858, -0.098126, -19.233791), (-15.004178, -0.101635, -19.387051)
(-15.156883, -0.088218, -19.382023), (-15.004178, -0.101635, -19.387051), (-14.998808, -0.086627, -19.535908)
(-15.311029, -0.072014, -19.378407), (-15.156883, -0.088218, -19.382023), (-15.153514, -0.066937, -19.532963)
(-15.311029, -0.072014, -19.378407), (-15.315159, -0.088739, -19.228275), (-15.156883, -0.088218, -19.382023)
(-14.712768, -0.103023, -19.2558), (-14.564532, -0.095949, -19.263969), (-14.553879, -0.116637, -19.408024)
(-14.712768, -0.103023, -19.2558), (-14.723099, -0.07436, -19.111139), (-14.564532, -0.095949, -19.263969)
(-14.861858, -0.105149, -19.247889), (-14.712768, -0.103023, -19.2558), (-14.702795, -0.11649, -19.400398)
(-14.861858, -0.105149, -19.247889), (-14.871684, -0.084335, -19.102953), (-14.712768, -0.103023, -19.2558)
(-15.011847, -0.103136, -19.24045), (-14.861858, -0.105149, -19.247889), (-14.852852, -0.111371, -19.393282)
(-15.011847, -0.103136, -19.24045), (-15.020862, -0.090776, -19.094955), (-14.861858, -0.105149, -19.247889)
(-15.162858, -0.098126, -19.233791), (-15.011847, -0.103136, -19.24045), (-15.004178, -0.101635, -19.387051)
(-15.162858, -0.098126, -19.233791), (-15.170718, -0.094366, -19.087328), (-15.011847, -0.103136, -19.24045)
(-15.315159, -0.088739, -19.228275), (-15.162858, -0.098126, -19.233791), (-15.156883, -0.088218, -19.382023)
(-15.315159, -0.088739, -19.228275), (-15.321535, -0.094125, -19.080425), (-15.162858, -0.098126, -19.233791)
(-14.723099, -0.07436, -19.111139), (-14.732637, -0.032733, -18.965061), (-14.57477, -0.061813, -19.119246)
(-14.723099, -0.07436, -19.111139), (-14.57477, -0.061813, -19.119246), (-14.564532, -0.095949, -19.263969)
(-14.871684, -0.084335, -19.102953), (-14.881458, -0.049659, -18.957458), (-14.723099, -0.07436, -19.111139)
(-14.871684, -0.084335, -19.102953), (-14.723099, -0.07436, -19.111139), (-14.712768, -0.103023, -19.2558)
(-15.020862, -0.090776, -19.094955), (-15.03036, -0.064235, -18.94952), (-14.871684, -0.084335, -19.102953)
(-15.020862, -0.090776, -19.094955), (-14.871684, -0.084335, -19.102953), (-14.861858, -0.105149, -19.247889)
(-15.170718, -0.094366, -19.087328), (-15.179611, -0.077038, -18.941591), (-15.020862, -0.090776, -19.094955)
(-15.170718, -0.094366, -19.087328), (-15.020862, -0.090776, -19.094955), (-15.011847, -0.103136, -19.24045)
(-15.321535, -0.094125, -19.080425), (-15.329452, -0.086442, -18.933949), (-15.170718, -0.094366, -19.087328)
(-15.321535, -0.094125, -19.080425), (-15.170718, -0.094366, -19.087328), (-15.162858, -0.098126, -19.233791)
(-14.732637, -0.032733, -18.965061), (-14.583389, -0.019377, -18.972837), (-14.57477, -0.061813, -19.119246)
(-14.732637, -0.032733, -18.965061), (-14.740361, 0.015636, -18.816748), (-14.583389, -0.019377, -18.972837)
(-14.881458, -0.049659, -18.957458), (-14.732637, -0.032733, -18.965061), (-14.723099, -0.07436, -19.111139)
(-14.881458, -0.049659, -18.957458), (-14.89006, -0.003844, -18.810143), (-14.732637, -0.032733, -18.965061)
(-15.03036, -0.064235, -18.94952), (-14.881458, -0.049659, -18.957458), (-14.871684, -0.084335, -19.102953)
(-15.03036, -0.064235, -18.94952), (-15.039453, -0.025367, -18.803118), (-14.881458, -0.049659, -18.957458)
(-15.179611, -0.077038, -18.941591), (-15.03036, -0.064235, -18.94952), (-15.020862, -0.090776, -19.094955)
(-15.179611, -0.077038, -18.941591), (-15.18869, -0.046506, -18.79557), (-15.03036, -0.064235, -18.94952)
(-14.740361, 0.015636, -18.816748), (-14.589501, 0.02418, -18.823761), (-14.583389, -0.019377, -18.972837)
(-14.740361, 0.015636, -18.816748), (-14.745321, 0.060621, -18.66564), (-14.589501, 0.02418, -18.823761)
(-14.89006, -0.003844, -18.810143), (-14.896599, 0.046354, -18.660275), (-14.740361, 0.015636, -18.816748)
(-14.89006, -0.003844, -18.810143), (-14.740361, 0.015636, -18.816748), (-14.732637, -0.032733, -18.965061)
(-15.039453, -0.025367, -18.803118), (-15.047035, 0.022141, -18.65456), (-14.89006, -0.003844, -18.810143)
(-15.039453, -0.025367, -18.803118), (-14.89006, -0.003844, -18.810143), (-14.881458, -0.049659, -18.957458)
(-15.18869, -0.046506, -18.79557), (-15.197001, -0.00576, -18.648212), (-15.039453, -0.025367, -18.803118)
(-15.18869, -0.046506, -18.79557), (-15.039453, -0.025367, -18.803118), (-15.03036, -0.064235, -18.94952)
# -14.32395301668667, 0, -19.06524665002
(-14.119882, -0.075596, -19.290901), (-13.970243, -0.071883, -19.298752), (-13.964285, -0.082077, -19.441143)
(-14.119882, -0.075596, -19.290901), (-14.125105, -0.054053, -19.146212), (-13.970243, -0.071883, -19.298752)
(-14.26854, -0.080256, -19.281803), (-14.119882, -0.075596, -19.290901), (-14.111499, -0.094232, -19.432905)
(-14.26854, -0.080256, -19.281803), (-14.276197, -0.051108, -19.137571), (-14.119882, -0.075596, -19.290901)
(-14.416728, -0.086221, -19.272503), (-14.26854, -0.080256, -19.281803), (-14.258739, -0.102535, -19.424244)
(-14.416728, -0.086221, -19.272503), (-14.425968, -0.052931, -19.12812), (-14.26854, -0.080256, -19.281803)
(-14.564532, -0.095949, -19.263969), (-14.416728, -0.086221, -19.272503), (-14.406119, -0.110112, -19.41589)
(-14.564532, -0.095949, -19.263969), (-14.57477, -0.061813, -19.119246), (-14.416728, -0.086221, -19.272503)
(-14.125105, -0.054053, -19.146212), (-14.126626, -0.034732, -18.997505), (-13.972369, -0.060254, -19.153027)
(-14.125105, -0.054053, -19.146212), (-13.972369, -0.060254, -19.153027), (-13.970243, -0.071883, -19.298752)
(-14.276197, -0.051108, -19.137571), (-14.280861, -0.021497, -18.990131), (-14.125105, -0.054053, -19.146212)
(-14.276197, -0.051108, -19.137571), (-14.125105, -0.054053, -19.146212), (-14.119882, -0.075596, -19.290901)
(-14.425968, -0.052931, -19.12812), (-14.432938, -0.01486, -18.981401), (-14.276197, -0.051108, -19.137571)
(-14.425968, -0.052931, -19.12812), (-14.276197, -0.051108, -19.137571), (-14.26854, -0.080256, -19.281803)
(-14.57477, -0.061813, -19.119246), (-14.583389, -0.019377, -18.972837), (-14.425968, -0.052931, -19.12812)
(-14.57477, -0.061813, -19.119246), (-14.425968, -0.052931, -19.12812), (-14.416728, -0.086221, -19.272503)
(-14.126626, -0.034732, -18.997505), (-13.970554, -0.050549, -19.002741), (-13.972369, -0.060254, -19.153027)
(-14.126626, -0.034732, -18.997505), (-14.124763, -0.020521, -18.844316), (-13.970554, -0.050549, -19.002741)
(-14.280861, -0.021497, -18.990131), (-14.126626, -0.034732, -18.997505), (-14.125105, -0.054053, -19.146212)
(-14.280861, -0.021497, -18.990131), (-14.281994, 0.002835, -18.838537), (-14.126626, -0.034732, -18.997505)
(-14.432938, -0.01486, -18.981401), (-14.280861, -0.021497, -18.990131), (-14.276197, -0.051108, -19.137571)
(-14.432938, -0.01486, -18.981401), (-14.436981, 0.020752, -18.831335), (-14.280861, -0.021497, -18.990131)
(-14.583389, -0.019377, -18.972837), (-14.432938, -0.01486, -18.981401), (-14.425968, -0.052931, -19.12812)
(-14.583389, -0.019377, -18.972837), (-14.589501, 0.02418, -18.823761), (-14.432938, -0.01486, -18.981401)
(-14.124763, -0.020521, -18.844316), (-13.965367, -0.045482, -18.84771), (-13.970554, -0.050549, -19.002741)
(-14.124763, -0.020521, -18.844316), (-14.120154, -0.013854, -18.686928), (-13.965367, -0.045482, -18.84771)
(-14.281994, 0.002835, -18.838537), (-14.280053, 0.019072, -18.682867), (-14.124763, -0.020521, -18.844316)
(-14.281994, 0.002835, -18.838537), (-14.124763, -0.020521, -18.844316), (-14.126626, -0.034732, -18.997505)
(-14.436981, 0.020752, -18.831335), (-14.437531, 0.046142, -18.677357), (-14.281994, 0.002835, -18.838537)
(-14.436981, 0.020752, -18.831335), (-14.281994, 0.002835, -18.838537), (-14.280861, -0.021497, -18.990131)
(-14.589501, 0.02418, -18.823761), (-14.59259, 0.060911, -18.671486), (-14.436981, 0.020752, -18.831335)
(-14.589501, 0.02418, -18.823761), (-14.436981, 0.020752, -18.831335), (-14.432938, -0.01486, -18.981401)
# -13.656182783353334, 0, -19.06524665002
(-13.513322, -0.076337, -19.310261), (-13.358292, -0.084641, -19.308569), (-13.364393, -0.054919, -19.457418)
(-13.513322, -0.076337, -19.310261), (-13.504838, -0.092446, -19.158728), (-13.358292, -0.084641, -19.308569)
(-13.666936, -0.071315, -19.308956), (-13.513322, -0.076337, -19.310261), (-13.516793, -0.054057, -19.457037)
(-13.666936, -0.071315, -19.308956), (-13.661736, -0.080848, -19.159588), (-13.513322, -0.076337, -19.310261)
(-13.358292, -0.084641, -19.308569), (-13.201546, -0.092268, -19.303864), (-13.209519, -0.060515, -19.454855)
(-13.358292, -0.084641, -19.308569), (-13.347271, -0.10298, -19.154818), (-13.201546, -0.092268, -19.303864)
(-13.81934, -0.070052, -19.304998), (-13.666936, -0.071315, -19.308956), (-13.667306, -0.059304, -19.453915)
(-13.81934, -0.070052, -19.304998), (-13.817879, -0.06937, -19.157637), (-13.666936, -0.071315, -19.308956)
(-13.970243, -0.071883, -19.298752), (-13.81934, -0.070052, -19.304998), (-13.816277, -0.070372, -19.448315)
(-13.970243, -0.071883, -19.298752), (-13.972369, -0.060254, -19.153027), (-13.81934, -0.070052, -19.304998)
(-13.661736, -0.080848, -19.159588), (-13.652956, -0.08517, -19.005363), (-13.504838, -0.092446, -19.158728)
(-13.661736, -0.080848, -19.159588), (-13.504838, -0.092446, -19.158728), (-13.513322, -0.076337, -19.310261)
(-13.504838, -0.092446, -19.158728), (-13.492989, -0.098872, -19.002327), (-13.347271, -0.10298, -19.154818)
(-13.504838, -0.092446, -19.158728), (-13.347271, -0.10298, -19.154818), (-13.358292, -0.084641, -19.308569)
(-13.817879, -0.06937, -19.157637), (-13.812359, -0.068761, -19.005398), (-13.661736, -0.080848, -19.159588)
(-13.817879, -0.06937, -19.157637), (-13.661736, -0.080848, -19.159588), (-13.666936, -0.071315, -19.308956)
(-13.347271, -0.10298, -19.154818), (-13.33322, -0.106326, -18.996235), (-13.188972, -0.108512, -19.14809)
(-13.347271, -0.10298, -19.154818), (-13.188972, -0.108512, -19.14809), (-13.201546, -0.092268, -19.303864)
(-13.972369, -0.060254, -19.153027), (-13.970554, -0.050549, -19.002741), (-13.817879, -0.06937, -19.157637)
(-13.972369, -0.060254, -19.153027), (-13.817879, -0.06937, -19.157637), (-13.81934, -0.070052, -19.304998)
(-13.812359, -0.068761, -19.005398), (-13.652956, -0.08517, -19.005363), (-13.661736, -0.080848, -19.159588)
(-13.812359, -0.068761, -19.005398), (-13.804344, -0.067421, -18.848557), (-13.652956, -0.08517, -19.005363)
(-13.652956, -0.08517, -19.005363), (-13.492989, -0.098872, -19.002327), (-13.504838, -0.092446, -19.158728)
(-13.652956, -0.08517, -19.005363), (-13.642241, -0.08454, -18.846558), (-13.492989, -0.098872, -19.002327)
(-13.970554, -0.050549, -19.002741), (-13.812359, -0.068761, -19.005398), (-13.817879, -0.06937, -19.157637)
(-13.970554, -0.050549, -19.002741), (-13.965367, -0.045482, -18.84771), (-13.812359, -0.068761, -19.005398)
(-13.492989, -0.098872, -19.002327), (-13.33322, -0.106326, -18.996235), (-13.347271, -0.10298, -19.154818)
(-13.492989, -0.098872, -19.002327), (-13.479929, -0.093755, -18.841366), (-13.33322, -0.106326, -18.996235)
(-13.33322, -0.106326, -18.996235), (-13.173537, -0.105153, -18.987347), (-13.188972, -0.108512, -19.14809)
(-13.33322, -0.106326, -18.996235), (-13.318233, -0.093549, -18.833021), (-13.173537, -0.105153, -18.987347)
(-13.804344, -0.067421, -18.848557), (-13.795203, -0.066609, -18.687696), (-13.642241, -0.08454, -18.846558)
(-13.804344, -0.067421, -18.848557), (-13.642241, -0.08454, -18.846558), (-13.652956, -0.08517, -19.005363)
(-13.965367, -0.045482, -18.84771), (-13.95835, -0.043832, -18.688684), (-13.804344, -0.067421, -18.848557)
(-13.965367, -0.045482, -18.84771), (-13.804344, -0.067421, -18.848557), (-13.812359, -0.068761, -19.005398)
(-13.642241, -0.08454, -18.846558), (-13.631327, -0.07949, -18.683722), (-13.479929, -0.093755, -18.841366)
(-13.642241, -0.08454, -18.846558), (-13.479929, -0.093755, -18.841366), (-13.492989, -0.098872, -19.002327)
(-13.479929, -0.093755, -18.841366), (-13.318233, -0.093549, -18.833021), (-13.33322, -0.106326, -18.996235)
(-13.479929, -0.093755, -18.841366), (-13.467413, -0.08107, -18.676401), (-13.318233, -0.093549, -18.833021)
# -12.988412550020001, 0, -19.06524665002
(-13.201546, -0.092268, -19.303864), (-13.043039, -0.097952, -19.296745), (-13.052188, -0.069957, -19.450024)
(-13.201546, -0.092268, -19.303864), (-13.188972, -0.108512, -19.14809), (-13.043039, -0.097952, -19.296745)
(-13.043039, -0.097952, -19.296745), (-12.882743, -0.101056, -19.287971), (-12.892591, -0.080359, -19.443691)
(-13.043039, -0.097952, -19.296745), (-13.029551, -0.106843, -19.138853), (-12.882743, -0.101056, -19.287971)
(-12.882743, -0.101056, -19.287971), (-12.720892, -0.099008, -19.278601), (-12.730793, -0.089773, -19.436592)
(-12.882743, -0.101056, -19.287971), (-12.868872, -0.099621, -19.128014), (-12.720892, -0.099008, -19.278601)
(-12.720892, -0.099008, -19.278601), (-12.558352, -0.095292, -19.269739), (-12.567894, -0.096704, -19.429451)
(-12.720892, -0.099008, -19.278601), (-12.707237, -0.085758, -19.116962), (-12.558352, -0.095292, -19.269739)
(-13.188972, -0.108512, -19.14809), (-13.173537, -0.105153, -18.987347), (-13.029551, -0.106843, -19.138853)
(-13.188972, -0.108512, -19.14809), (-13.029551, -0.106843, -19.138853), (-13.043039, -0.097952, -19.296745)
(-13.029551, -0.106843, -19.138853), (-13.013495, -0.095003, -18.976326), (-12.868872, -0.099621, -19.128014)
(-13.029551, -0.106843, -19.138853), (-12.868872, -0.099621, -19.128014), (-12.882743, -0.101056, -19.287971)
(-12.868872, -0.099621, -19.128014), (-12.852802, -0.077634, -18.964138), (-12.707237, -0.085758, -19.116962)
(-12.868872, -0.099621, -19.128014), (-12.707237, -0.085758, -19.116962), (-12.720892, -0.099008, -19.278601)
(-12.707237, -0.085758, -19.116962), (-12.691751, -0.05187, -18.952286), (-12.545328, -0.068976, -19.106716)
(-12.707237, -0.085758, -19.116962), (-12.545328, -0.068976, -19.106716), (-12.558352, -0.095292, -19.269739)
(-13.173537, -0.105153, -18.987347), (-13.013495, -0.095003, -18.976326), (-13.029551, -0.106843, -19.138853)
(-13.173537, -0.105153, -18.987347), (-13.157381, -0.084293, -18.822281), (-13.013495, -0.095003, -18.976326)
(-13.013495, -0.095003, -18.976326), (-12.852802, -0.077634, -18.964138), (-12.868872, -0.099621, -19.128014)
(-13.013495, -0.095003, -18.976326), (-12.996892, -0.066219, -18.809946), (-12.852802, -0.077634, -18.964138)
(-12.852802, -0.077634, -18.964138), (-12.691751, -0.05187, -18.952286), (-12.707237, -0.085758, -19.116962)
(-12.852802, -0.077634, -18.964138), (-12.836709, -0.039164, -18.79748), (-12.691751, -0.05187, -18.952286)
(-12.691751, -0.05187, -18.952286), (-12.530948, -0.021765, -18.941891), (-12.545328, -0.068976, -19.106716)
(-12.691751, -0.05187, -18.952286), (-12.676907, -0.00097, -18.786116), (-12.530948, -0.021765, -18.941891)
(-13.318233, -0.093549, -18.833021), (-13.304317, -0.072159, -18.666119), (-13.157381, -0.084293, -18.822281)
(-13.318233, -0.093549, -18.833021), (-13.157381, -0.084293, -18.822281), (-13.173537, -0.105153, -18.987347)
(-13.157381, -0.084293, -18.822281), (-13.142444, -0.052692, -18.653894), (-12.996892, -0.066219, -18.809946)
(-13.157381, -0.084293, -18.822281), (-12.996892, -0.066219, -18.809946), (-13.013495, -0.095003, -18.976326)
(-12.996892, -0.066219, -18.809946), (-12.982008, -0.023784, -18.641386), (-12.836709, -0.039164, -18.79748)
(-12.996892, -0.066219, -18.809946), (-12.836709, -0.039164, -18.79748), (-12.852802, -0.077634, -18.964138)
(-12.836709, -0.039164, -18.79748), (-12.676907, -0.00097, -18.786116), (-12.691751, -0.05187, -18.952286)
(-12.836709, -0.039164, -18.79748), (-12.822938, 0.013464, -18.629852), (-12.676907, -0.00097, -18.786116)
(-12.676907, -0.00097, -18.786116), (-12.665086, 0.057048, -18.620361), (-12.517719, 0.038138, -18.776871)
(-12.676907, -0.00097, -18.786116), (-12.517719, 0.038138, -18.776871), (-12.530948, -0.021765, -18.941891)
# -12.320642316686666, 0, -19.06524665002
(-12.558352, -0.095292, -19.269739), (-12.396454, -0.090985, -19.261591), (-12.405094, -0.101774, -19.422344)
(-12.558352, -0.095292, -19.269739), (-12.545328, -0.068976, -19.106716), (-12.396454, -0.090985, -19.261591)
(-12.396454, -0.090985, -19.261591), (-12.237582, -0.098319, -19.255899), (-12.244645, -0.113249, -19.41662)
(-12.396454, -0.090985, -19.261591), (-12.384834, -0.056094, -19.098677), (-12.237582, -0.098319, -19.255899)
(-12.237582, -0.098319, -19.255899), (-12.082595, -0.118838, -19.252989), (-12.088152, -0.135446, -19.413761)
(-12.237582, -0.098319, -19.255899), (-12.227451, -0.058538, -19.093433), (-12.082595, -0.118838, -19.252989)
(-12.082595, -0.118838, -19.252989), (-11.931355, -0.154133, -19.252642), (-11.935656, -0.170067, -19.413677)
(-12.082595, -0.118838, -19.252989), (-12.073783, -0.078197, -19.090883), (-11.931355, -0.154133, -19.252642)
(-12.545328, -0.068976, -19.106716), (-12.530948, -0.021765, -18.941891), (-12.384834, -0.056094, -19.098677)
(-12.545328, -0.068976, -19.106716), (-12.384834, -0.056094, -19.098677), (-12.396454, -0.090985, -19.261591)
(-12.384834, -0.056094, -19.098677), (-12.371977, -0.001782, -18.934677), (-12.227451, -0.058538, -19.093433)
(-12.384834, -0.056094, -19.098677), (-12.227451, -0.058538, -19.093433), (-12.237582, -0.098319, -19.255899)
(-12.227451, -0.058538, -19.093433), (-12.215823, -0.001886, -18.930363), (-12.073783, -0.078197, -19.090883)
(-12.227451, -0.058538, -19.093433), (-12.073783, -0.078197, -19.090883), (-12.082595, -0.118838, -19.252989)
(-12.073783, -0.078197, -19.090883), (-12.06299, -0.020658, -18.928534), (-11.923355, -0.113017, -19.090389)
(-12.073783, -0.078197, -19.090883), (-11.923355, -0.113017, -19.090389), (-11.931355, -0.154133, -19.252642)
(-12.530948, -0.021765, -18.941891), (-12.371977, -0.001782, -18.934677), (-12.384834, -0.056094, -19.098677)
(-12.530948, -0.021765, -18.941891), (-12.517719, 0.038138, -18.776871), (-12.371977, -0.001782, -18.934677)
(-12.371977, -0.001782, -18.934677), (-12.215823, -0.001886, -18.930363), (-12.227451, -0.058538, -19.093433)
(-12.371977, -0.001782, -18.934677), (-12.360003, 0.060372, -18.770931), (-12.215823, -0.001886, -18.930363)
(-12.215823, -0.001886, -18.930363), (-12.06299, -0.020658, -18.928534), (-12.073783, -0.078197, -19.090883)
(-12.215823, -0.001886, -18.930363), (-12.204809, 0.060006, -18.768082), (-12.06299, -0.020658, -18.928534)
(-12.06299, -0.020658, -18.928534), (-11.912684, -0.055935, -18.928278), (-11.923355, -0.113017, -19.090389)
(-12.06299, -0.020658, -18.928534), (-12.052035, 0.041327, -18.767117), (-11.912684, -0.055935, -18.928278)
(-12.517719, 0.038138, -18.776871), (-12.507557, 0.095447, -18.613035), (-12.360003, 0.060372, -18.770931)
(-12.517719, 0.038138, -18.776871), (-12.360003, 0.060372, -18.770931), (-12.371977, -0.001782, -18.934677)
(-12.360003, 0.060372, -18.770931), (-12.351055, 0.11536, -18.608917), (-12.204809, 0.060006, -18.768082)
(-12.360003, 0.060372, -18.770931), (-12.204809, 0.060006, -18.768082), (-12.215823, -0.001886, -18.930363)
(-12.204809, 0.060006, -18.768082), (-12.052035, 0.041327, -18.767117), (-12.06299, -0.020658, -18.928534)
(-12.204809, 0.060006, -18.768082), (-12.195754, 0.112605, -18.607431), (-12.052035, 0.041327, -18.767117)
(-12.052035, 0.041327, -18.767117), (-12.041824, 0.087897, -18.607239), (-11.900785, 0.002775, -18.767292)
(-12.052035, 0.041327, -18.767117), (-11.900785, 0.002775, -18.767292), (-11.912684, -0.055935, -18.928278)
# -11.652872083353333, 0, -19.06524665002
(-11.322745, -0.405746, -19.266304), (-11.158909, -0.466671, -19.2686), (-11.163946, -0.452938, -19.434944)
(-11.322745, -0.405746, -19.266304), (-11.313589, -0.385647, -19.09996), (-11.158909, -0.466671, -19.2686)
(-11.480169, -0.33562, -19.262566), (-11.322745, -0.405746, -19.266304), (-11.327052, -0.395304, -19.431332)
(-11.480169, -0.33562, -19.262566), (-11.471319, -0.311836, -19.097574), (-11.322745, -0.405746, -19.266304)
(-11.63259, -0.26437, -19.258156), (-11.480169, -0.33562, -19.262566), (-11.483817, -0.333124, -19.426414)
(-11.63259, -0.26437, -19.258156), (-11.624279, -0.233204, -19.094406), (-11.480169, -0.33562, -19.262566)
(-11.782187, -0.201331, -19.254343), (-11.63259, -0.26437, -19.258156), (-11.635818, -0.271248, -19.420874)
(-11.782187, -0.201331, -19.254343), (-11.774307, -0.16449, -19.091698), (-11.63259, -0.26437, -19.258156)
(-11.931355, -0.154133, -19.252642), (-11.782187, -0.201331, -19.254343), (-11.785575, -0.215135, -19.416132)
(-11.931355, -0.154133, -19.252642), (-11.923355, -0.113017, -19.090389), (-11.782187, -0.201331, -19.254343)
(-11.471319, -0.311836, -19.097574), (-11.458344, -0.26396, -18.933117), (-11.313589, -0.385647, -19.09996)
(-11.471319, -0.311836, -19.097574), (-11.313589, -0.385647, -19.09996), (-11.322745, -0.405746, -19.266304)
(-11.624279, -0.233204, -19.094406), (-11.611902, -0.183907, -18.931145), (-11.471319, -0.311836, -19.097574)
(-11.624279, -0.233204, -19.094406), (-11.471319, -0.311836, -19.097574), (-11.480169, -0.33562, -19.262566)
(-11.774307, -0.16449, -19.091698), (-11.762899, -0.11133, -18.929394), (-11.624279, -0.233204, -19.094406)
(-11.774307, -0.16449, -19.091698), (-11.624279, -0.233204, -19.094406), (-11.63259, -0.26437, -19.258156)
(-11.923355, -0.113017, -19.090389), (-11.912684, -0.055935, -18.928278), (-11.774307, -0.16449, -19.091698)
(-11.923355, -0.113017, -19.090389), (-11.774307, -0.16449, -19.091698), (-11.782187, -0.201331, -19.254343)
(-11.458344, -0.26396, -18.933117), (-11.300597, -0.337558, -18.934343), (-11.313589, -0.385647, -19.09996)
(-11.458344, -0.26396, -18.933117), (-11.443357, -0.203267, -18.77059), (-11.300597, -0.337558, -18.934343)
(-11.611902, -0.183907, -18.931145), (-11.458344, -0.26396, -18.933117), (-11.471319, -0.311836, -19.097574)
(-11.611902, -0.183907, -18.931145), (-11.597532, -0.128848, -18.769596), (-11.458344, -0.26396, -18.933117)
(-11.762899, -0.11133, -18.929394), (-11.611902, -0.183907, -18.931145), (-11.624279, -0.233204, -19.094406)
(-11.762899, -0.11133, -18.929394), (-11.749571, -0.055432, -18.768282), (-11.611902, -0.183907, -18.931145)
(-11.912684, -0.055935, -18.928278), (-11.762899, -0.11133, -18.929394), (-11.774307, -0.16449, -19.091698)
(-11.912684, -0.055935, -18.928278), (-11.900785, 0.002775, -18.767292), (-11.762899, -0.11133, -18.929394)
(-11.443357, -0.203267, -18.77059), (-11.42885, -0.143193, -18.610825), (-11.285582, -0.270322, -18.770945)
(-11.443357, -0.203267, -18.77059), (-11.285582, -0.270322, -18.770945), (-11.300597, -0.337558, -18.934343)
(-11.597532, -0.128848, -18.769596), (-11.443357, -0.203267, -18.77059), (-11.458344, -0.26396, -18.933117)
(-11.597532, -0.128848, -18.769596), (-11.583405, -0.079504, -18.610144), (-11.443357, -0.203267, -18.77059)
(-11.749571, -0.055432, -18.768282), (-11.736442, -0.013111, -18.609055), (-11.597532, -0.128848, -18.769596)
(-11.749571, -0.055432, -18.768282), (-11.597532, -0.128848, -18.769596), (-11.611902, -0.183907, -18.931145)
(-11.900785, 0.002775, -18.767292), (-11.888868, 0.045487, -18.607784), (-11.749571, -0.055432, -18.768282)
(-11.900785, 0.002775, -18.767292), (-11.749571, -0.055432, -18.768282), (-11.762899, -0.11133, -18.929394)
# -10.985101850019998, 0, -19.06524665002
(-10.987282, -0.514384, -19.268764), (-10.808676, -0.545724, -19.266449), (-10.81501, -0.53334, -19.435207)
(-10.987282, -0.514384, -19.268764), (-10.97806, -0.491831, -19.099915), (-10.808676, -0.545724, -19.266449)
(-11.158909, -0.466671, -19.2686), (-10.987282, -0.514384, -19.268764), (-10.993052, -0.499879, -19.436405)
(-11.158909, -0.466671, -19.2686), (-11.149598, -0.447428, -19.100998), (-10.987282, -0.514384, -19.268764)
(-10.808676, -0.545724, -19.266449), (-10.624987, -0.561822, -19.26256), (-10.63105, -0.553421, -19.432047)
(-10.808676, -0.545724, -19.266449), (-10.800144, -0.51826, -19.096901), (-10.624987, -0.561822, -19.26256)
(-11.149598, -0.447428, -19.100998), (-11.136937, -0.395643, -18.934181), (-10.97806, -0.491831, -19.099915)
(-11.149598, -0.447428, -19.100998), (-10.97806, -0.491831, -19.099915), (-10.987282, -0.514384, -19.268764)
(-11.313589, -0.385647, -19.09996), (-11.300597, -0.337558, -18.934343), (-11.149598, -0.447428, -19.100998)
(-11.313589, -0.385647, -19.09996), (-11.149598, -0.447428, -19.100998), (-11.158909, -0.466671, -19.2686)
(-10.97806, -0.491831, -19.099915), (-10.966658, -0.433397, -18.932302), (-10.800144, -0.51826, -19.096901)
(-10.97806, -0.491831, -19.099915), (-10.800144, -0.51826, -19.096901), (-10.808676, -0.545724, -19.266449)
(-10.800144, -0.51826, -19.096901), (-10.790974, -0.453148, -18.929031), (-10.618405, -0.527194, -19.09277)
(-10.800144, -0.51826, -19.096901), (-10.618405, -0.527194, -19.09277), (-10.624987, -0.561822, -19.26256)
(-11.300597, -0.337558, -18.934343), (-11.136937, -0.395643, -18.934181), (-11.149598, -0.447428, -19.100998)
(-11.300597, -0.337558, -18.934343), (-11.285582, -0.270322, -18.770945), (-11.136937, -0.395643, -18.934181)
(-11.136937, -0.395643, -18.934181), (-10.966658, -0.433397, -18.932302), (-10.97806, -0.491831, -19.099915)
(-11.136937, -0.395643, -18.934181), (-11.122874, -0.318138, -18.769867), (-10.966658, -0.433397, -18.932302)
(-10.966658, -0.433397, -18.932302), (-10.790974, -0.453148, -18.929031), (-10.800144, -0.51826, -19.096901)
(-10.966658, -0.433397, -18.932302), (-10.95491, -0.347283, -18.767595), (-10.790974, -0.453148, -18.929031)
(-10.790974, -0.453148, -18.929031), (-10.612698, -0.453627, -18.924881), (-10.618405, -0.527194, -19.09277)
(-10.790974, -0.453148, -18.929031), (-10.782862, -0.359147, -18.764446), (-10.612698, -0.453627, -18.924881)
(-11.285582, -0.270322, -18.770945), (-11.27107, -0.194975, -18.610645), (-11.122874, -0.318138, -18.769867)
(-11.285582, -0.270322, -18.770945), (-11.122874, -0.318138, -18.769867), (-11.136937, -0.395643, -18.934181)
(-11.122874, -0.318138, -18.769867), (-11.109547, -0.230539, -18.60924), (-10.95491, -0.347283, -18.767595)
(-11.122874, -0.318138, -18.769867), (-10.95491, -0.347283, -18.767595), (-10.966658, -0.433397, -18.932302)
(-10.95491, -0.347283, -18.767595), (-10.782862, -0.359147, -18.764446), (-10.790974, -0.453148, -18.929031)
(-10.95491, -0.347283, -18.767595), (-10.944664, -0.248749, -18.606953), (-10.782862, -0.359147, -18.764446)
(-10.782862, -0.359147, -18.764446), (-10.777064, -0.251479, -18.603987), (-10.609336, -0.352408, -18.760662)
(-10.782862, -0.359147, -18.764446), (-10.609336, -0.352408, -18.760662), (-10.612698, -0.453627, -18.924881)
# -10.317331616686666, 0, -19.06524665002
(-10.624987, -0.561822, -19.26256), (-10.439014, -0.562463, -19.257875), (-10.444169, -0.560067, -19.427565)
(-10.624987, -0.561822, -19.26256), (-10.618405, -0.527194, -19.09277), (-10.439014, -0.562463, -19.257875)
(-10.439014, -0.562463, -19.257875), (-10.254922, -0.54955, -19.253048), (-10.258024, -0.55515, -19.42268)
(-10.439014, -0.562463, -19.257875), (-10.435332, -0.520785, -19.088217), (-10.254922, -0.54955, -19.253048)
(-10.254922, -0.54955, -19.253048), (-10.076664, -0.527957, -19.247456), (-10.077274, -0.542155, -19.416939)
(-10.254922, -0.54955, -19.253048), (-10.255272, -0.499889, -19.083469), (-10.076664, -0.527957, -19.247456)
(-10.076664, -0.527957, -19.247456), (-9.906192, -0.504567, -19.241285), (-9.903865, -0.526206, -19.410215)
(-10.076664, -0.527957, -19.247456), (-10.081299, -0.471531, -19.078066), (-9.906192, -0.504567, -19.241285)
(-10.618405, -0.527194, -19.09277), (-10.612698, -0.453627, -18.924881), (-10.435332, -0.520785, -19.088217)
(-10.618405, -0.527194, -19.09277), (-10.435332, -0.520785, -19.088217), (-10.439014, -0.562463, -19.257875)
(-10.435332, -0.520785, -19.088217), (-10.4344, -0.439772, -18.920673), (-10.255272, -0.499889, -19.083469)
(-10.435332, -0.520785, -19.088217), (-10.255272, -0.499889, -19.083469), (-10.254922, -0.54955, -19.253048)
(-10.255272, -0.499889, -19.083469), (-10.259575, -0.413047, -18.915968), (-10.081299, -0.471531, -19.078066)
(-10.255272, -0.499889, -19.083469), (-10.081299, -0.471531, -19.078066), (-10.076664, -0.527957, -19.247456)
(-10.081299, -0.471531, -19.078066), (-10.090782, -0.380874, -18.91069), (-9.914738, -0.441705, -19.072329)
(-10.081299, -0.471531, -19.078066), (-9.914738, -0.441705, -19.072329), (-9.906192, -0.504567, -19.241285)
(-10.612698, -0.453627, -18.924881), (-10.4344, -0.439772, -18.920673), (-10.435332, -0.520785, -19.088217)
(-10.612698, -0.453627, -18.924881), (-10.609336, -0.352408, -18.760662), (-10.4344, -0.439772, -18.920673)
(-10.4344, -0.439772, -18.920673), (-10.259575, -0.413047, -18.915968), (-10.255272, -0.499889, -19.083469)
(-10.4344, -0.439772, -18.920673), (-10.43681, -0.331713, -18.756641), (-10.259575, -0.413047, -18.915968)
(-10.259575, -0.413047, -18.915968), (-10.090782, -0.380874, -18.91069), (-10.081299, -0.471531, -19.078066)
(-10.259575, -0.413047, -18.915968), (-10.267653, -0.303123, -18.752047), (-10.090782, -0.380874, -18.91069)
(-10.090782, -0.380874, -18.91069), (-9.928187, -0.350181, -18.904951), (-9.914738, -0.441705, -19.072329)
(-10.090782, -0.380874, -18.91069), (-10.103285, -0.276142, -18.745934), (-9.928187, -0.350181, -18.904951)
(-10.609336, -0.352408, -18.760662), (-10.608472, -0.240536, -18.600357), (-10.43681, -0.331713, -18.756641)
(-10.609336, -0.352408, -18.760662), (-10.43681, -0.331713, -18.756641), (-10.4344, -0.439772, -18.920673)
(-10.43681, -0.331713, -18.756641), (-10.441265, -0.220638, -18.595795), (-10.267653, -0.303123, -18.752047)
(-10.43681, -0.331713, -18.756641), (-10.267653, -0.303123, -18.752047), (-10.259575, -0.413047, -18.915968)
(-10.267653, -0.303123, -18.752047), (-10.103285, -0.276142, -18.745934), (-10.090782, -0.380874, -18.91069)
(-10.267653, -0.303123, -18.752047), (-10.276599, -0.201776, -18.58972), (-10.103285, -0.276142, -18.745934)
(-10.103285, -0.276142, -18.745934), (-10.114897, -0.190802, -18.581888), (-9.943289, -0.257952, -18.738688)
(-10.103285, -0.276142, -18.745934), (-9.943289, -0.257952, -18.738688), (-9.928187, -0.350181, -18.904951)
