# -9.64956138335333, 0, 8.313332916646669
(-9.54697, 0.281918, 8.112266), (-9.549526, 0.292921, 8.266534), (-9.389889, 0.284206, 8.112462)
(-9.54697, 0.281918, 8.112266), (-9.389889, 0.284206, 8.112462), (-9.387386, 0.275181, 7.958656)
(-9.703839, 0.276963, 8.112318), (-9.54697, 0.281918, 8.112266), (-9.544418, 0.272637, 7.958464)
(-9.703839, 0.276963, 8.112318), (-9.706432, 0.288103, 8.266619), (-9.54697, 0.281918, 8.112266)
(-9.389889, 0.284206, 8.112462), (-9.232615, 0.28377, 8.112925), (-9.230187, 0.275088, 7.95906)
(-9.389889, 0.284206, 8.112462), (-9.39238, 0.294991, 8.266748), (-9.232615, 0.28377, 8.112925)
(-9.860478, 0.26949, 8.112616), (-9.863096, 0.280753, 8.266951), (-9.703839, 0.276963, 8.112318)
(-9.860478, 0.26949, 8.112616), (-9.703839, 0.276963, 8.112318), (-9.701261, 0.267491, 7.958476)
(-9.549526, 0.292921, 8.266534), (-9.39238, 0.294991, 8.266748), (-9.389889, 0.284206, 8.112462)
(-9.549526, 0.292921, 8.266534), (-9.552006, 0.304798, 8.421387), (-9.39238, 0.294991, 8.266748)
(-9.706432, 0.288103, 8.266619), (-9.549526, 0.292921, 8.266534), (-9.54697, 0.281918, 8.112266)
(-9.706432, 0.288103, 8.266619), (-9.708976, 0.300186, 8.421448), (-9.549526, 0.292921, 8.266534)
(-9.39238, 0.294991, 8.266748), (-9.235033, 0.294335, 8.26723), (-9.232615, 0.28377, 8.112925)
(-9.39238, 0.294991, 8.266748), (-9.3948, 0.306768, 8.421598), (-9.235033, 0.294335, 8.26723)
(-9.863096, 0.280753, 8.266951), (-9.706432, 0.288103, 8.266619), (-9.703839, 0.276963, 8.112318)
(-9.863096, 0.280753, 8.266951), (-9.865662, 0.29287, 8.421833), (-9.706432, 0.288103, 8.266619)
(-9.552006, 0.304798, 8.421387), (-9.554448, 0.317471, 8.576631), (-9.3948, 0.306768, 8.421598)
(-9.552006, 0.304798, 8.421387), (-9.3948, 0.306768, 8.421598), (-9.39238, 0.294991, 8.266748)
(-9.708976, 0.300186, 8.421448), (-9.711467, 0.312876, 8.576709), (-9.552006, 0.304798, 8.421387)
(-9.708976, 0.300186, 8.421448), (-9.552006, 0.304798, 8.421387), (-9.549526, 0.292921, 8.266534)
(-9.3948, 0.306768, 8.421598), (-9.397167, 0.319343, 8.57686), (-9.237382, 0.30602, 8.422083)
(-9.3948, 0.306768, 8.421598), (-9.237382, 0.30602, 8.422083), (-9.235033, 0.294335, 8.26723)
(-9.865662, 0.29287, 8.421833), (-9.868184, 0.305548, 8.577136), (-9.708976, 0.300186, 8.421448)
(-9.865662, 0.29287, 8.421833), (-9.708976, 0.300186, 8.421448), (-9.706432, 0.288103, 8.266619)
(-9.554448, 0.317471, 8.576631), (-9.397167, 0.319343, 8.57686), (-9.3948, 0.306768, 8.421598)
(-9.554448, 0.317471, 8.576631), (-9.556771, 0.330096, 8.732363), (-9.397167, 0.319343, 8.57686)
(-9.711467, 0.312876, 8.576709), (-9.554448, 0.317471, 8.576631), (-9.552006, 0.304798, 8.421387)
(-9.711467, 0.312876, 8.576709), (-9.713814, 0.325256, 8.732506), (-9.554448, 0.317471, 8.576631)
(-9.397167, 0.319343, 8.57686), (-9.23967, 0.318546, 8.577359), (-9.237382, 0.30602, 8.422083)
(-9.397167, 0.319343, 8.57686), (-9.399425, 0.332016, 8.732592), (-9.23967, 0.318546, 8.577359)
(-9.868184, 0.305548, 8.577136), (-9.711467, 0.312876, 8.576709), (-9.708976, 0.300186, 8.421448)
(-9.868184, 0.305548, 8.577136), (-9.870547, 0.317786, 8.732984), (-9.711467, 0.312876, 8.576709)
# -8.981791150019998, 0, 8.313332916646669
(-9.232615, 0.28377, 8.112925), (-9.235033, 0.294335, 8.26723), (-9.075207, 0.28076, 8.113546)
(-9.232615, 0.28377, 8.112925), (-9.075207, 0.28076, 8.113546), (-9.072865, 0.272425, 7.95961)
(-9.075207, 0.28076, 8.113546), (-8.917693, 0.275265, 8.11433), (-8.915454, 0.267304, 7.9603)
(-9.075207, 0.28076, 8.113546), (-9.077526, 0.29102, 8.267931), (-8.917693, 0.275265, 8.11433)
(-8.917693, 0.275265, 8.11433), (-8.919903, 0.285203, 8.268802), (-8.760114, 0.267429, 8.115257)
(-8.917693, 0.275265, 8.11433), (-8.760114, 0.267429, 8.115257), (-8.75799, 0.259876, 7.961097)
(-8.760114, 0.267429, 8.115257), (-8.602509, 0.257479, 8.116302), (-8.600511, 0.250322, 7.961965)
(-8.760114, 0.267429, 8.115257), (-8.762199, 0.27701, 8.269855), (-8.602509, 0.257479, 8.116302)
(-9.235033, 0.294335, 8.26723), (-9.077526, 0.29102, 8.267931), (-9.075207, 0.28076, 8.113546)
(-9.235033, 0.294335, 8.26723), (-9.237382, 0.30602, 8.422083), (-9.077526, 0.29102, 8.267931)
(-9.077526, 0.29102, 8.267931), (-8.919903, 0.285203, 8.268802), (-8.917693, 0.275265, 8.11433)
(-9.077526, 0.29102, 8.267931), (-9.079781, 0.302527, 8.422831), (-8.919903, 0.285203, 8.268802)
(-8.919903, 0.285203, 8.268802), (-8.762199, 0.27701, 8.269855), (-8.760114, 0.267429, 8.115257)
(-8.919903, 0.285203, 8.268802), (-8.922035, 0.29639, 8.423819), (-8.762199, 0.27701, 8.269855)
(-8.762199, 0.27701, 8.269855), (-8.604465, 0.266713, 8.271028), (-8.602509, 0.257479, 8.116302)
(-8.762199, 0.27701, 8.269855), (-8.764215, 0.287971, 8.424957), (-8.604465, 0.266713, 8.271028)
(-9.237382, 0.30602, 8.422083), (-9.23967, 0.318546, 8.577359), (-9.079781, 0.302527, 8.422831)
(-9.237382, 0.30602, 8.422083), (-9.079781, 0.302527, 8.422831), (-9.077526, 0.29102, 8.267931)
(-9.079781, 0.302527, 8.422831), (-9.081961, 0.314877, 8.578169), (-8.922035, 0.29639, 8.423819)
(-9.079781, 0.302527, 8.422831), (-8.922035, 0.29639, 8.423819), (-8.919903, 0.285203, 8.268802)
(-8.922035, 0.29639, 8.423819), (-8.924101, 0.308571, 8.579226), (-8.764215, 0.287971, 8.424957)
(-8.922035, 0.29639, 8.423819), (-8.764215, 0.287971, 8.424957), (-8.762199, 0.27701, 8.269855)
(-8.764215, 0.287971, 8.424957), (-8.766153, 0.299929, 8.580455), (-8.606357, 0.277436, 8.426219)
(-8.764215, 0.287971, 8.424957), (-8.606357, 0.277436, 8.426219), (-8.604465, 0.266713, 8.271028)
(-9.23967, 0.318546, 8.577359), (-9.081961, 0.314877, 8.578169), (-9.079781, 0.302527, 8.422831)
(-9.23967, 0.318546, 8.577359), (-9.241804, 0.330892, 8.733193), (-9.081961, 0.314877, 8.578169)
(-9.081961, 0.314877, 8.578169), (-8.924101, 0.308571, 8.579226), (-8.922035, 0.29639, 8.423819)
(-9.081961, 0.314877, 8.578169), (-9.084, 0.327218, 8.734036), (-8.924101, 0.308571, 8.579226)
(-8.924101, 0.308571, 8.579226), (-8.766153, 0.299929, 8.580455), (-8.764215, 0.287971, 8.424957)
(-8.924101, 0.308571, 8.579226), (-8.926049, 0.32102, 8.735102), (-8.766153, 0.299929, 8.580455)
(-8.766153, 0.299929, 8.580455), (-8.608171, 0.289196, 8.581795), (-8.606357, 0.277436, 8.426219)
(-8.766153, 0.299929, 8.580455), (-8.767985, 0.312305, 8.736385), (-8.608171, 0.289196, 8.581795)
# -8.314020916686664, 0, 8.313332916646669
(-8.602509, 0.257479, 8.116302), (-8.604465, 0.266713, 8.271028), (-8.444924, 0.245674, 8.117396)
(-8.602509, 0.257479, 8.116302), (-8.444924, 0.245674, 8.117396), (-8.443055, 0.238923, 7.962898)
(-8.444924, 0.245674, 8.117396), (-8.287399, 0.232252, 8.118516), (-8.285664, 0.225919, 7.963853)
(-8.444924, 0.245674, 8.117396), (-8.446747, 0.254534, 8.272272), (-8.287399, 0.232252, 8.118516)
(-8.287399, 0.232252, 8.118516), (-8.289084, 0.240709, 8.273536), (-8.12997, 0.217456, 8.119632)
(-8.287399, 0.232252, 8.118516), (-8.12997, 0.217456, 8.119632), (-8.128368, 0.211533, 7.964792)
(-8.12997, 0.217456, 8.119632), (-7.972676, 0.20157, 8.120722), (-7.971208, 0.196039, 7.965698)
(-8.12997, 0.217456, 8.119632), (-8.131519, 0.225512, 8.274811), (-7.972676, 0.20157, 8.120722)
(-8.604465, 0.266713, 8.271028), (-8.446747, 0.254534, 8.272272), (-8.444924, 0.245674, 8.117396)
(-8.604465, 0.266713, 8.271028), (-8.606357, 0.277436, 8.426219), (-8.446747, 0.254534, 8.272272)
(-8.446747, 0.254534, 8.272272), (-8.289084, 0.240709, 8.273536), (-8.287399, 0.232252, 8.118516)
(-8.446747, 0.254534, 8.272272), (-8.448507, 0.264955, 8.427573), (-8.289084, 0.240709, 8.273536)
(-8.289084, 0.240709, 8.273536), (-8.131519, 0.225512, 8.274811), (-8.12997, 0.217456, 8.119632)
(-8.289084, 0.240709, 8.273536), (-8.290711, 0.25077, 8.42898), (-8.131519, 0.225512, 8.274811)
(-8.131519, 0.225512, 8.274811), (-7.97409, 0.209178, 8.276042), (-7.972676, 0.20157, 8.120722)
(-8.131519, 0.225512, 8.274811), (-8.133016, 0.235203, 8.430365), (-7.97409, 0.209178, 8.276042)
(-8.606357, 0.277436, 8.426219), (-8.608171, 0.289196, 8.581795), (-8.448507, 0.264955, 8.427573)
(-8.606357, 0.277436, 8.426219), (-8.448507, 0.264955, 8.427573), (-8.446747, 0.254534, 8.272272)
(-8.448507, 0.264955, 8.427573), (-8.450185, 0.276423, 8.583254), (-8.290711, 0.25077, 8.42898)
(-8.448507, 0.264955, 8.427573), (-8.290711, 0.25077, 8.42898), (-8.289084, 0.240709, 8.273536)
(-8.290711, 0.25077, 8.42898), (-8.292254, 0.261921, 8.584757), (-8.133016, 0.235203, 8.430365)
(-8.290711, 0.25077, 8.42898), (-8.133016, 0.235203, 8.430365), (-8.131519, 0.225512, 8.274811)
(-8.133016, 0.235203, 8.430365), (-8.13443, 0.245976, 8.586241), (-7.975455, 0.21844, 8.431699)
(-8.133016, 0.235203, 8.430365), (-7.975455, 0.21844, 8.431699), (-7.97409, 0.209178, 8.276042)
(-8.608171, 0.289196, 8.581795), (-8.450185, 0.276423, 8.583254), (-8.448507, 0.264955, 8.427573)
(-8.608171, 0.289196, 8.581795), (-8.609864, 0.301239, 8.737846), (-8.450185, 0.276423, 8.583254)
(-8.450185, 0.276423, 8.583254), (-8.292254, 0.261921, 8.584757), (-8.290711, 0.25077, 8.42898)
(-8.450185, 0.276423, 8.583254), (-8.451756, 0.288308, 8.739367), (-8.292254, 0.261921, 8.584757)
(-8.292254, 0.261921, 8.584757), (-8.13443, 0.245976, 8.586241), (-8.133016, 0.235203, 8.430365)
(-8.292254, 0.261921, 8.584757), (-8.293704, 0.273654, 8.740912), (-8.13443, 0.245976, 8.586241)
(-8.13443, 0.245976, 8.586241), (-7.976741, 0.228794, 8.587659), (-7.975455, 0.21844, 8.431699)
(-8.13443, 0.245976, 8.586241), (-8.135756, 0.257401, 8.742458), (-7.976741, 0.228794, 8.587659)
# -7.64625068335333, 0, 8.313332916646669
(-7.972676, 0.20157, 8.120722), (-7.97409, 0.209178, 8.276042), (-7.815536, 0.184651, 8.121722)
(-7.972676, 0.20157, 8.120722), (-7.815536, 0.184651, 8.121722), (-7.814195, 0.179521, 7.966526)
(-7.815536, 0.184651, 8.121722), (-7.658576, 0.166907, 8.122627), (-7.657359, 0.162208, 7.967269)
(-7.815536, 0.184651, 8.121722), (-7.816822, 0.191826, 8.27719), (-7.658576, 0.166907, 8.122627)
(-7.658576, 0.166907, 8.122627), (-7.65974, 0.173591, 8.27823), (-7.501818, 0.148484, 8.123425)
(-7.658576, 0.166907, 8.122627), (-7.501818, 0.148484, 8.123425), (-7.500716, 0.144224, 7.967912)
(-7.501818, 0.148484, 8.123425), (-7.345283, 0.129509, 8.124104), (-7.344274, 0.12564, 7.968449)
(-7.501818, 0.148484, 8.123425), (-7.502875, 0.15467, 8.279155), (-7.345283, 0.129509, 8.124104)
(-7.345283, 0.129509, 8.124104), (-7.346241, 0.135127, 8.279946), (-7.188964, 0.109966, 8.124658)
(-7.345283, 0.129509, 8.124104), (-7.188964, 0.109966, 8.124658), (-7.188051, 0.10664, 7.968879)
(-7.97409, 0.209178, 8.276042), (-7.816822, 0.191826, 8.27719), (-7.815536, 0.184651, 8.121722)
(-7.97409, 0.209178, 8.276042), (-7.975455, 0.21844, 8.431699), (-7.816822, 0.191826, 8.27719)
(-7.816822, 0.191826, 8.27719), (-7.65974, 0.173591, 8.27823), (-7.658576, 0.166907, 8.122627)
(-7.816822, 0.191826, 8.27719), (-7.818063, 0.200616, 8.432955), (-7.65974, 0.173591, 8.27823)
(-7.65974, 0.173591, 8.27823), (-7.502875, 0.15467, 8.279155), (-7.501818, 0.148484, 8.123425)
(-7.65974, 0.173591, 8.27823), (-7.660875, 0.181883, 8.434103), (-7.502875, 0.15467, 8.279155)
(-7.502875, 0.15467, 8.279155), (-7.346241, 0.135127, 8.279946), (-7.345283, 0.129509, 8.124104)
(-7.502875, 0.15467, 8.279155), (-7.503901, 0.162374, 8.435117), (-7.346241, 0.135127, 8.279946)
(-7.346241, 0.135127, 8.279946), (-7.189837, 0.114963, 8.280598), (-7.188964, 0.109966, 8.124658)
(-7.346241, 0.135127, 8.279946), (-7.347177, 0.14217, 8.435987), (-7.189837, 0.114963, 8.280598)
(-7.975455, 0.21844, 8.431699), (-7.976741, 0.228794, 8.587659), (-7.818063, 0.200616, 8.432955)
(-7.975455, 0.21844, 8.431699), (-7.818063, 0.200616, 8.432955), (-7.816822, 0.191826, 8.27719)
(-7.818063, 0.200616, 8.432955), (-7.819233, 0.210481, 8.589), (-7.660875, 0.181883, 8.434103)
(-7.818063, 0.200616, 8.432955), (-7.660875, 0.181883, 8.434103), (-7.65974, 0.173591, 8.27823)
(-7.660875, 0.181883, 8.434103), (-7.661934, 0.1912, 8.590223), (-7.503901, 0.162374, 8.435117)
(-7.660875, 0.181883, 8.434103), (-7.503901, 0.162374, 8.435117), (-7.502875, 0.15467, 8.279155)
(-7.503901, 0.162374, 8.435117), (-7.504864, 0.171071, 8.591301), (-7.347177, 0.14217, 8.435987)
(-7.503901, 0.162374, 8.435117), (-7.347177, 0.14217, 8.435987), (-7.346241, 0.135127, 8.279946)
(-7.347177, 0.14217, 8.435987), (-7.348047, 0.150152, 8.592222), (-7.190685, 0.121269, 8.436705)
(-7.347177, 0.14217, 8.435987), (-7.190685, 0.121269, 8.436705), (-7.189837, 0.114963, 8.280598)
(-7.976741, 0.228794, 8.587659), (-7.819233, 0.210481, 8.589), (-7.818063, 0.200616, 8.432955)
(-7.976741, 0.228794, 8.587659), (-7.977959, 0.23973, 8.743961), (-7.819233, 0.210481, 8.589)
(-7.819233, 0.210481, 8.589), (-7.661934, 0.1912, 8.590223), (-7.660875, 0.181883, 8.434103)
(-7.819233, 0.210481, 8.589), (-7.820343, 0.22096, 8.745348), (-7.661934, 0.1912, 8.590223)
(-7.661934, 0.1912, 8.590223), (-7.504864, 0.171071, 8.591301), (-7.503901, 0.162374, 8.435117)
(-7.661934, 0.1912, 8.590223), (-7.662936, 0.20117, 8.746602), (-7.504864, 0.171071, 8.591301)
(-7.504864, 0.171071, 8.591301), (-7.348047, 0.150152, 8.592222), (-7.347177, 0.14217, 8.435987)
(-7.504864, 0.171071, 8.591301), (-7.505775, 0.180406, 8.747708), (-7.348047, 0.150152, 8.592222)
(-7.348047, 0.150152, 8.592222), (-7.191482, 0.128463, 8.592979), (-7.190685, 0.121269, 8.436705)
(-7.348047, 0.150152, 8.592222), (-7.348888, 0.158712, 8.748653), (-7.191482, 0.128463, 8.592979)
# -6.9784804500199975, 0, 8.313332916646669
(-7.188964, 0.109966, 8.124658), (-7.032873, 0.089908, 8.125086), (-7.032043, 0.087192, 7.969203)
(-7.188964, 0.109966, 8.124658), (-7.189837, 0.114963, 8.280598), (-7.032873, 0.089908, 8.125086)
(-7.032873, 0.089908, 8.125086), (-7.033664, 0.094182, 8.281107), (-6.877008, 0.069324, 8.125396)
(-7.032873, 0.089908, 8.125086), (-6.877008, 0.069324, 8.125396), (-6.87625, 0.067261, 7.96942)
(-6.877008, 0.069324, 8.125396), (-6.721377, 0.048208, 8.125599), (-6.720672, 0.046855, 7.969547)
(-6.877008, 0.069324, 8.125396), (-6.877738, 0.072832, 8.281487), (-6.721377, 0.048208, 8.125599)
(-6.721377, 0.048208, 8.125599), (-6.722048, 0.05086, 8.281744), (-6.565948, 0.026434, 8.125704)
(-6.721377, 0.048208, 8.125599), (-6.565948, 0.026434, 8.125704), (-6.565286, 0.025861, 7.969592)
(-7.189837, 0.114963, 8.280598), (-7.033664, 0.094182, 8.281107), (-7.032873, 0.089908, 8.125086)
(-7.189837, 0.114963, 8.280598), (-7.190685, 0.121269, 8.436705), (-7.033664, 0.094182, 8.281107)
(-7.033664, 0.094182, 8.281107), (-6.877738, 0.072832, 8.281487), (-6.877008, 0.069324, 8.125396)
(-7.033664, 0.094182, 8.281107), (-7.034451, 0.099692, 8.43727), (-6.877738, 0.072832, 8.281487)
(-6.877738, 0.072832, 8.281487), (-6.722048, 0.05086, 8.281744), (-6.721377, 0.048208, 8.125599)
(-6.877738, 0.072832, 8.281487), (-6.878458, 0.077447, 8.437695), (-6.722048, 0.05086, 8.281744)
(-6.722048, 0.05086, 8.281744), (-6.566577, 0.028202, 8.281893), (-6.565948, 0.026434, 8.125704)
(-6.722048, 0.05086, 8.281744), (-6.722709, 0.054524, 8.437985), (-6.566577, 0.028202, 8.281893)
(-7.190685, 0.121269, 8.436705), (-7.191482, 0.128463, 8.592979), (-7.034451, 0.099692, 8.43727)
(-7.190685, 0.121269, 8.436705), (-7.034451, 0.099692, 8.43727), (-7.033664, 0.094182, 8.281107)
(-7.034451, 0.099692, 8.43727), (-7.03518, 0.106012, 8.593577), (-6.878458, 0.077447, 8.437695)
(-7.034451, 0.099692, 8.43727), (-6.878458, 0.077447, 8.437695), (-6.877738, 0.072832, 8.281487)
(-6.878458, 0.077447, 8.437695), (-6.879135, 0.082817, 8.594023), (-6.722709, 0.054524, 8.437985)
(-6.878458, 0.077447, 8.437695), (-6.722709, 0.054524, 8.437985), (-6.722048, 0.05086, 8.281744)
(-6.722709, 0.054524, 8.437985), (-6.723333, 0.058889, 8.594327), (-6.567194, 0.030882, 8.43816)
(-6.722709, 0.054524, 8.437985), (-6.567194, 0.030882, 8.43816), (-6.566577, 0.028202, 8.281893)
(-7.191482, 0.128463, 8.592979), (-7.03518, 0.106012, 8.593577), (-7.034451, 0.099692, 8.43727)
(-7.191482, 0.128463, 8.592979), (-7.192252, 0.136197, 8.749424), (-7.03518, 0.106012, 8.593577)
(-7.03518, 0.106012, 8.593577), (-6.879135, 0.082817, 8.594023), (-6.878458, 0.077447, 8.437695)
(-7.03518, 0.106012, 8.593577), (-7.035877, 0.112855, 8.750028), (-6.879135, 0.082817, 8.594023)
(-6.879135, 0.082817, 8.594023), (-6.723333, 0.058889, 8.594327), (-6.722709, 0.054524, 8.437985)
(-6.879135, 0.082817, 8.594023), (-6.87978, 0.088668, 8.75047), (-6.723333, 0.058889, 8.594327)
(-6.723333, 0.058889, 8.594327), (-6.567786, 0.0342, 8.594507), (-6.567194, 0.030882, 8.43816)
(-6.723333, 0.058889, 8.594327), (-6.72396, 0.063635, 8.750765), (-6.567786, 0.0342, 8.594507)
# -6.3107102166866635, 0, 8.313332916646669
(-6.100774, -0.042722, 8.12559), (-6.101339, -0.043806, 8.281849), (-5.946019, -0.066983, 8.125459)
(-6.100774, -0.042722, 8.12559), (-5.946019, -0.066983, 8.125459), (-5.945421, -0.064022, 7.969226)
(-6.255662, -0.019044, 8.125685), (-6.100774, -0.042722, 8.12559), (-6.100172, -0.040692, 7.969374)
(-6.255662, -0.019044, 8.125685), (-6.256241, -0.019162, 8.281928), (-6.100774, -0.042722, 8.12559)
(-6.565948, 0.026434, 8.125704), (-6.410713, 0.004018, 8.125728), (-6.410086, 0.004284, 7.96957)
(-6.565948, 0.026434, 8.125704), (-6.566577, 0.028202, 8.281893), (-6.410713, 0.004018, 8.125728)
(-6.410713, 0.004018, 8.125728), (-6.411312, 0.004851, 8.281948), (-6.255662, -0.019044, 8.125685)
(-6.410713, 0.004018, 8.125728), (-6.255662, -0.019044, 8.125685), (-6.255055, -0.017899, 7.969492)
(-6.101339, -0.043806, 8.281849), (-5.946582, -0.069023, 8.281725), (-5.946019, -0.066983, 8.125459)
(-6.101339, -0.043806, 8.281849), (-6.101888, -0.044152, 8.438148), (-5.946582, -0.069023, 8.281725)
(-6.566577, 0.028202, 8.281893), (-6.411312, 0.004851, 8.281948), (-6.410713, 0.004018, 8.125728)
(-6.566577, 0.028202, 8.281893), (-6.567194, 0.030882, 8.43816), (-6.411312, 0.004851, 8.281948)
(-6.256241, -0.019162, 8.281928), (-6.101339, -0.043806, 8.281849), (-6.100774, -0.042722, 8.12559)
(-6.256241, -0.019162, 8.281928), (-6.256811, -0.018504, 8.438222), (-6.101339, -0.043806, 8.281849)
(-6.411312, 0.004851, 8.281948), (-6.256241, -0.019162, 8.281928), (-6.255662, -0.019044, 8.125685)
(-6.411312, 0.004851, 8.281948), (-6.411908, 0.006523, 8.438231), (-6.256241, -0.019162, 8.281928)
(-6.101888, -0.044152, 8.438148), (-6.102414, -0.04399, 8.594487), (-5.94712, -0.070351, 8.438025)
(-6.101888, -0.044152, 8.438148), (-5.94712, -0.070351, 8.438025), (-5.946582, -0.069023, 8.281725)
(-6.567194, 0.030882, 8.43816), (-6.567786, 0.0342, 8.594507), (-6.411908, 0.006523, 8.438231)
(-6.567194, 0.030882, 8.43816), (-6.411908, 0.006523, 8.438231), (-6.411312, 0.004851, 8.281948)
(-6.256811, -0.018504, 8.438222), (-6.257353, -0.017308, 8.594568), (-6.101888, -0.044152, 8.438148)
(-6.256811, -0.018504, 8.438222), (-6.101888, -0.044152, 8.438148), (-6.101339, -0.043806, 8.281849)
(-6.411908, 0.006523, 8.438231), (-6.41247, 0.00878, 8.594581), (-6.256811, -0.018504, 8.438222)
(-6.411908, 0.006523, 8.438231), (-6.256811, -0.018504, 8.438222), (-6.256241, -0.019162, 8.281928)
(-6.102414, -0.04399, 8.594487), (-5.947636, -0.071194, 8.594357), (-5.94712, -0.070351, 8.438025)
(-6.102414, -0.04399, 8.594487), (-6.102937, -0.043535, 8.750867), (-5.947636, -0.071194, 8.594357)
(-6.567786, 0.0342, 8.594507), (-6.41247, 0.00878, 8.594581), (-6.411908, 0.006523, 8.438231)
(-6.567786, 0.0342, 8.594507), (-6.568377, 0.037867, 8.750935), (-6.41247, 0.00878, 8.594581)
(-6.257353, -0.017308, 8.594568), (-6.102414, -0.04399, 8.594487), (-6.101888, -0.044152, 8.438148)
(-6.257353, -0.017308, 8.594568), (-6.257882, -0.015777, 8.750966), (-6.102414, -0.04399, 8.594487)
(-6.41247, 0.00878, 8.594581), (-6.257353, -0.017308, 8.594568), (-6.256811, -0.018504, 8.438222)
(-6.41247, 0.00878, 8.594581), (-6.41302, 0.011385, 8.750994), (-6.257353, -0.017308, 8.594568)
# -5.642939983353331, 0, 8.313332916646669
(-5.327852, -0.167855, 8.124772), (-5.173394, -0.193453, 8.124593), (-5.172713, -0.186111, 7.968347)
(-5.327852, -0.167855, 8.124772), (-5.32845, -0.173434, 8.281037), (-5.173394, -0.193453, 8.124593)
(-5.482322, -0.142284, 8.124953), (-5.482903, -0.147057, 8.281221), (-5.327852, -0.167855, 8.124772)
(-5.482322, -0.142284, 8.124953), (-5.327852, -0.167855, 8.124772), (-5.327197, -0.161322, 7.968524)
(-5.636821, -0.116891, 8.125132), (-5.482322, -0.142284, 8.124953), (-5.481687, -0.136597, 7.968704)
(-5.636821, -0.116891, 8.125132), (-5.637391, -0.120783, 8.281402), (-5.482322, -0.142284, 8.124953)
(-5.791377, -0.091741, 8.125302), (-5.791941, -0.094728, 8.281572), (-5.636821, -0.116891, 8.125132)
(-5.791377, -0.091741, 8.125302), (-5.636821, -0.116891, 8.125132), (-5.636205, -0.112081, 7.968884)
(-5.946019, -0.066983, 8.125459), (-5.791377, -0.091741, 8.125302), (-5.790773, -0.087846, 7.96906)
(-5.946019, -0.066983, 8.125459), (-5.946582, -0.069023, 8.281725), (-5.791377, -0.091741, 8.125302)
(-5.32845, -0.173434, 8.281037), (-5.174009, -0.199799, 8.280856), (-5.173394, -0.193453, 8.124593)
(-5.32845, -0.173434, 8.281037), (-5.328998, -0.178231, 8.43732), (-5.174009, -0.199799, 8.280856)
(-5.482903, -0.147057, 8.281221), (-5.32845, -0.173434, 8.281037), (-5.327852, -0.167855, 8.124772)
(-5.482903, -0.147057, 8.281221), (-5.483442, -0.151068, 8.437509), (-5.32845, -0.173434, 8.281037)
(-5.637391, -0.120783, 8.281402), (-5.482903, -0.147057, 8.281221), (-5.482322, -0.142284, 8.124953)
(-5.637391, -0.120783, 8.281402), (-5.637927, -0.123941, 8.437695), (-5.482903, -0.147057, 8.281221)
(-5.791941, -0.094728, 8.281572), (-5.637391, -0.120783, 8.281402), (-5.636821, -0.116891, 8.125132)
(-5.791941, -0.094728, 8.281572), (-5.792478, -0.096991, 8.43787), (-5.637391, -0.120783, 8.281402)
(-5.946582, -0.069023, 8.281725), (-5.791941, -0.094728, 8.281572), (-5.791377, -0.091741, 8.125302)
(-5.946582, -0.069023, 8.281725), (-5.94712, -0.070351, 8.438025), (-5.791941, -0.094728, 8.281572)
(-5.328998, -0.178231, 8.43732), (-5.329515, -0.182508, 8.593614), (-5.174566, -0.20528, 8.437134)
(-5.328998, -0.178231, 8.43732), (-5.174566, -0.20528, 8.437134), (-5.174009, -0.199799, 8.280856)
(-5.483442, -0.151068, 8.437509), (-5.483954, -0.15459, 8.593811), (-5.328998, -0.178231, 8.43732)
(-5.483442, -0.151068, 8.437509), (-5.328998, -0.178231, 8.43732), (-5.32845, -0.173434, 8.281037)
(-5.637927, -0.123941, 8.437695), (-5.638436, -0.126628, 8.594007), (-5.483442, -0.151068, 8.437509)
(-5.637927, -0.123941, 8.437695), (-5.483442, -0.151068, 8.437509), (-5.482903, -0.147057, 8.281221)
(-5.792478, -0.096991, 8.43787), (-5.792988, -0.098787, 8.594192), (-5.637927, -0.123941, 8.437695)
(-5.792478, -0.096991, 8.43787), (-5.637927, -0.123941, 8.437695), (-5.637391, -0.120783, 8.281402)
(-5.94712, -0.070351, 8.438025), (-5.947636, -0.071194, 8.594357), (-5.792478, -0.096991, 8.43787)
(-5.94712, -0.070351, 8.438025), (-5.792478, -0.096991, 8.43787), (-5.791941, -0.094728, 8.281572)
(-5.329515, -0.182508, 8.593614), (-5.17509, -0.210249, 8.59342), (-5.174566, -0.20528, 8.437134)
(-5.329515, -0.182508, 8.593614), (-5.330005, -0.186365, 8.749919), (-5.17509, -0.210249, 8.59342)
(-5.483954, -0.15459, 8.593811), (-5.329515, -0.182508, 8.593614), (-5.328998, -0.178231, 8.43732)
(-5.483954, -0.15459, 8.593811), (-5.484445, -0.157722, 8.750128), (-5.329515, -0.182508, 8.593614)
(-5.638436, -0.126628, 8.594007), (-5.483954, -0.15459, 8.593811), (-5.483442, -0.151068, 8.437509)
(-5.638436, -0.126628, 8.594007), (-5.638927, -0.128982, 8.750338), (-5.483954, -0.15459, 8.593811)
(-5.792988, -0.098787, 8.594192), (-5.638436, -0.126628, 8.594007), (-5.637927, -0.123941, 8.437695)
(-5.792988, -0.098787, 8.594192), (-5.793485, -0.100265, 8.750538), (-5.638436, -0.126628, 8.594007)
(-5.947636, -0.071194, 8.594357), (-5.792988, -0.098787, 8.594192), (-5.792478, -0.096991, 8.43787)
(-5.947636, -0.071194, 8.594357), (-5.948145, -0.071735, 8.750721), (-5.792988, -0.098787, 8.594192)
# -4.975169750019997, 0, 8.313332916646669
(-4.709864, -0.269175, 8.124095), (-4.555254, -0.293785, 8.123943), (-4.554462, -0.283811, 7.967694)
(-4.709864, -0.269175, 8.124095), (-4.710539, -0.277412, 8.280354), (-4.555254, -0.293785, 8.123943)
(-4.864415, -0.244194, 8.124254), (-4.865069, -0.25186, 8.280514), (-4.709864, -0.269175, 8.124095)
(-4.864415, -0.244194, 8.124254), (-4.709864, -0.269175, 8.124095), (-4.709105, -0.259809, 7.967848)
(-5.018921, -0.218945, 8.12442), (-4.864415, -0.244194, 8.124254), (-4.863685, -0.235473, 7.968007)
(-5.018921, -0.218945, 8.12442), (-5.019555, -0.225976, 8.280682), (-4.864415, -0.244194, 8.124254)
(-5.173394, -0.193453, 8.124593), (-5.174009, -0.199799, 8.280856), (-5.018921, -0.218945, 8.12442)
(-5.173394, -0.193453, 8.124593), (-5.018921, -0.218945, 8.12442), (-5.018213, -0.210855, 7.968174)
(-4.710539, -0.277412, 8.280354), (-4.555954, -0.302571, 8.280203), (-4.555254, -0.293785, 8.123943)
(-4.710539, -0.277412, 8.280354), (-4.711142, -0.284699, 8.436624), (-4.555954, -0.302571, 8.280203)
(-4.865069, -0.25186, 8.280514), (-4.710539, -0.277412, 8.280354), (-4.709864, -0.269175, 8.124095)
(-4.865069, -0.25186, 8.280514), (-4.865654, -0.258596, 8.436784), (-4.710539, -0.277412, 8.280354)
(-5.019555, -0.225976, 8.280682), (-4.865069, -0.25186, 8.280514), (-4.864415, -0.244194, 8.124254)
(-5.019555, -0.225976, 8.280682), (-5.020125, -0.232122, 8.436954), (-4.865069, -0.25186, 8.280514)
(-5.174009, -0.199799, 8.280856), (-5.019555, -0.225976, 8.280682), (-5.018921, -0.218945, 8.12442)
(-5.174009, -0.199799, 8.280856), (-5.174566, -0.20528, 8.437134), (-5.019555, -0.225976, 8.280682)
(-4.711142, -0.284699, 8.436624), (-4.711699, -0.291356, 8.592896), (-4.556571, -0.31029, 8.436472)
(-4.711142, -0.284699, 8.436624), (-4.556571, -0.31029, 8.436472), (-4.555954, -0.302571, 8.280203)
(-4.865654, -0.258596, 8.436784), (-4.866199, -0.264759, 8.59306), (-4.711142, -0.284699, 8.436624)
(-4.865654, -0.258596, 8.436784), (-4.711142, -0.284699, 8.436624), (-4.710539, -0.277412, 8.280354)
(-5.020125, -0.232122, 8.436954), (-5.020659, -0.237707, 8.593236), (-4.865654, -0.258596, 8.436784)
(-5.020125, -0.232122, 8.436954), (-4.865654, -0.258596, 8.436784), (-4.865069, -0.25186, 8.280514)
(-5.174566, -0.20528, 8.437134), (-5.17509, -0.210249, 8.59342), (-5.020125, -0.232122, 8.436954)
(-5.174566, -0.20528, 8.437134), (-5.020125, -0.232122, 8.436954), (-5.019555, -0.225976, 8.280682)
(-4.711699, -0.291356, 8.592896), (-4.557142, -0.317398, 8.592745), (-4.556571, -0.31029, 8.436472)
(-4.711699, -0.291356, 8.592896), (-4.712213, -0.29743, 8.749172), (-4.557142, -0.317398, 8.592745)
(-4.866199, -0.264759, 8.59306), (-4.711699, -0.291356, 8.592896), (-4.711142, -0.284699, 8.436624)
(-4.866199, -0.264759, 8.59306), (-4.866704, -0.270368, 8.749341), (-4.711699, -0.291356, 8.592896)
(-5.020659, -0.237707, 8.593236), (-4.866199, -0.264759, 8.59306), (-4.865654, -0.258596, 8.436784)
(-5.020659, -0.237707, 8.593236), (-5.021158, -0.242829, 8.749522), (-4.866199, -0.264759, 8.59306)
(-5.17509, -0.210249, 8.59342), (-5.020659, -0.237707, 8.593236), (-5.020125, -0.232122, 8.436954)
(-5.17509, -0.210249, 8.59342), (-5.175585, -0.214783, 8.749715), (-5.020659, -0.237707, 8.593236)
# -4.307399516686664, 0, 8.313332916646669
(-4.090976, -0.364667, 8.123535), (-3.93606, -0.387251, 8.123411), (-3.935149, -0.375413, 7.967149)
(-4.090976, -0.364667, 8.123535), (-4.091752, -0.374771, 8.279802), (-3.93606, -0.387251, 8.123411)
(-4.245811, -0.341531, 8.123664), (-4.246564, -0.351264, 8.279928), (-4.090976, -0.364667, 8.123535)
(-4.245811, -0.341531, 8.123664), (-4.090976, -0.364667, 8.123535), (-4.090096, -0.353246, 7.967276)
(-4.400574, -0.317938, 8.123799), (-4.245811, -0.341531, 8.123664), (-4.244961, -0.330553, 7.967409)
(-4.400574, -0.317938, 8.123799), (-4.401298, -0.327195, 8.280062), (-4.245811, -0.341531, 8.123664)
(-4.555254, -0.293785, 8.123943), (-4.555954, -0.302571, 8.280203), (-4.400574, -0.317938, 8.123799)
(-4.555254, -0.293785, 8.123943), (-4.400574, -0.317938, 8.123799), (-4.399752, -0.307425, 7.967547)
(-4.091752, -0.374771, 8.279802), (-3.936862, -0.397714, 8.279684), (-3.93606, -0.387251, 8.123411)
(-4.091752, -0.374771, 8.279802), (-4.092436, -0.383736, 8.436076), (-3.936862, -0.397714, 8.279684)
(-4.246564, -0.351264, 8.279928), (-4.091752, -0.374771, 8.279802), (-4.090976, -0.364667, 8.123535)
(-4.246564, -0.351264, 8.279928), (-4.247225, -0.359871, 8.436199), (-4.091752, -0.374771, 8.279802)
(-4.401298, -0.327195, 8.280062), (-4.246564, -0.351264, 8.279928), (-4.245811, -0.341531, 8.123664)
(-4.401298, -0.327195, 8.280062), (-4.401935, -0.33537, 8.436331), (-4.246564, -0.351264, 8.279928)
(-4.555954, -0.302571, 8.280203), (-4.401298, -0.327195, 8.280062), (-4.400574, -0.317938, 8.123799)
(-4.555954, -0.302571, 8.280203), (-4.556571, -0.31029, 8.436472), (-4.401298, -0.327195, 8.280062)
(-4.092436, -0.383736, 8.436076), (-4.093056, -0.391903, 8.59235), (-3.937559, -0.406908, 8.435961)
(-4.092436, -0.383736, 8.436076), (-3.937559, -0.406908, 8.435961), (-3.936862, -0.397714, 8.279684)
(-4.247225, -0.359871, 8.436199), (-4.24783, -0.367742, 8.592472), (-4.092436, -0.383736, 8.436076)
(-4.247225, -0.359871, 8.436199), (-4.092436, -0.383736, 8.436076), (-4.091752, -0.374771, 8.279802)
(-4.401935, -0.33537, 8.436331), (-4.402521, -0.342864, 8.592603), (-4.247225, -0.359871, 8.436199)
(-4.401935, -0.33537, 8.436331), (-4.247225, -0.359871, 8.436199), (-4.246564, -0.351264, 8.279928)
(-4.556571, -0.31029, 8.436472), (-4.557142, -0.317398, 8.592745), (-4.401935, -0.33537, 8.436331)
(-4.556571, -0.31029, 8.436472), (-4.401935, -0.33537, 8.436331), (-4.401298, -0.327195, 8.280062)
(-4.093056, -0.391903, 8.59235), (-3.938197, -0.415352, 8.592237), (-3.937559, -0.406908, 8.435961)
(-4.093056, -0.391903, 8.59235), (-4.093613, -0.399297, 8.748623), (-3.938197, -0.415352, 8.592237)
(-4.24783, -0.367742, 8.592472), (-4.093056, -0.391903, 8.59235), (-4.092436, -0.383736, 8.436076)
(-4.24783, -0.367742, 8.592472), (-4.248374, -0.37485, 8.748743), (-4.093056, -0.391903, 8.59235)
(-4.402521, -0.342864, 8.592603), (-4.24783, -0.367742, 8.592472), (-4.247225, -0.359871, 8.436199)
(-4.402521, -0.342864, 8.592603), (-4.403061, -0.349758, 8.748874), (-4.24783, -0.367742, 8.592472)
(-4.557142, -0.317398, 8.592745), (-4.402521, -0.342864, 8.592603), (-4.401935, -0.33537, 8.436331)
(-4.557142, -0.317398, 8.592745), (-4.55767, -0.323928, 8.749017), (-4.402521, -0.342864, 8.592603)
# -3.6396292833533312, 0, 8.313332916646669
(-3.315556, -0.47125, 8.122984), (-3.31645, -0.482722, 8.279271), (-3.160229, -0.490541, 8.12289)
(-3.315556, -0.47125, 8.122984), (-3.160229, -0.490541, 8.12289), (-3.159187, -0.477344, 7.966609)
(-3.470803, -0.451229, 8.123083), (-3.315556, -0.47125, 8.122984), (-3.314538, -0.458272, 7.966705)
(-3.470803, -0.451229, 8.123083), (-3.471674, -0.462475, 8.279366), (-3.315556, -0.47125, 8.122984)
(-3.62597, -0.430529, 8.123187), (-3.62682, -0.441561, 8.279467), (-3.470803, -0.451229, 8.123083)
(-3.62597, -0.430529, 8.123187), (-3.470803, -0.451229, 8.123083), (-3.469814, -0.438524, 7.966807)
(-3.781059, -0.409227, 8.123297), (-3.62597, -0.430529, 8.123187), (-3.62501, -0.418116, 7.966914)
(-3.781059, -0.409227, 8.123297), (-3.781883, -0.419972, 8.279572), (-3.62597, -0.430529, 8.123187)
(-3.93606, -0.387251, 8.123411), (-3.936862, -0.397714, 8.279684), (-3.781059, -0.409227, 8.123297)
(-3.93606, -0.387251, 8.123411), (-3.781059, -0.409227, 8.123297), (-3.780118, -0.397034, 7.967028)
(-3.31645, -0.482722, 8.279271), (-3.161141, -0.502181, 8.279181), (-3.160229, -0.490541, 8.12289)
(-3.31645, -0.482722, 8.279271), (-3.317224, -0.492793, 8.435562), (-3.161141, -0.502181, 8.279181)
(-3.471674, -0.462475, 8.279366), (-3.31645, -0.482722, 8.279271), (-3.315556, -0.47125, 8.122984)
(-3.471674, -0.462475, 8.279366), (-3.472437, -0.472448, 8.435654), (-3.31645, -0.482722, 8.279271)
(-3.62682, -0.441561, 8.279467), (-3.471674, -0.462475, 8.279366), (-3.470803, -0.451229, 8.123083)
(-3.62682, -0.441561, 8.279467), (-3.627563, -0.451318, 8.43575), (-3.471674, -0.462475, 8.279366)
(-3.781883, -0.419972, 8.279572), (-3.62682, -0.441561, 8.279467), (-3.62597, -0.430529, 8.123187)
(-3.781883, -0.419972, 8.279572), (-3.782602, -0.429453, 8.435852), (-3.62682, -0.441561, 8.279467)
(-3.936862, -0.397714, 8.279684), (-3.781883, -0.419972, 8.279572), (-3.781059, -0.409227, 8.123297)
(-3.936862, -0.397714, 8.279684), (-3.937559, -0.406908, 8.435961), (-3.781883, -0.419972, 8.279572)
(-3.317224, -0.492793, 8.435562), (-3.317928, -0.502035, 8.591853), (-3.161935, -0.512445, 8.435475)
(-3.317224, -0.492793, 8.435562), (-3.161935, -0.512445, 8.435475), (-3.161141, -0.502181, 8.279181)
(-3.472437, -0.472448, 8.435654), (-3.473125, -0.48152, 8.591941), (-3.317224, -0.492793, 8.435562)
(-3.472437, -0.472448, 8.435654), (-3.317224, -0.492793, 8.435562), (-3.31645, -0.482722, 8.279271)
(-3.627563, -0.451318, 8.43575), (-3.628236, -0.460223, 8.592034), (-3.472437, -0.472448, 8.435654)
(-3.627563, -0.451318, 8.43575), (-3.472437, -0.472448, 8.435654), (-3.471674, -0.462475, 8.279366)
(-3.782602, -0.429453, 8.435852), (-3.783256, -0.43812, 8.592132), (-3.627563, -0.451318, 8.43575)
(-3.782602, -0.429453, 8.435852), (-3.627563, -0.451318, 8.43575), (-3.62682, -0.441561, 8.279467)
(-3.937559, -0.406908, 8.435961), (-3.938197, -0.415352, 8.592237), (-3.782602, -0.429453, 8.435852)
(-3.937559, -0.406908, 8.435961), (-3.782602, -0.429453, 8.435852), (-3.781883, -0.419972, 8.279572)
(-3.317928, -0.502035, 8.591853), (-3.162652, -0.521822, 8.591769), (-3.161935, -0.512445, 8.435475)
(-3.317928, -0.502035, 8.591853), (-3.31856, -0.510436, 8.748137), (-3.162652, -0.521822, 8.591769)
(-3.473125, -0.48152, 8.591941), (-3.317928, -0.502035, 8.591853), (-3.317224, -0.492793, 8.435562)
(-3.473125, -0.48152, 8.591941), (-3.473736, -0.489698, 8.74822), (-3.317928, -0.502035, 8.591853)
(-3.628236, -0.460223, 8.592034), (-3.473125, -0.48152, 8.591941), (-3.472437, -0.472448, 8.435654)
(-3.628236, -0.460223, 8.592034), (-3.628831, -0.46822, 8.748311), (-3.473125, -0.48152, 8.591941)
(-3.783256, -0.43812, 8.592132), (-3.628236, -0.460223, 8.592034), (-3.627563, -0.451318, 8.43575)
(-3.783256, -0.43812, 8.592132), (-3.783849, -0.446042, 8.748407), (-3.628236, -0.460223, 8.592034)
(-3.938197, -0.415352, 8.592237), (-3.783256, -0.43812, 8.592132), (-3.782602, -0.429453, 8.435852)
(-3.938197, -0.415352, 8.592237), (-3.938774, -0.423052, 8.748511), (-3.783256, -0.43812, 8.592132)
# -2.9718590500199973, 0, 8.313332916646669
(-2.693808, -0.543904, 8.122637), (-2.694777, -0.556117, 8.278934), (-2.538203, -0.56017, 8.122559)
(-2.693808, -0.543904, 8.122637), (-2.538203, -0.56017, 8.122559), (-2.537079, -0.546168, 7.96627)
(-2.849346, -0.526832, 8.122718), (-2.693808, -0.543904, 8.122637), (-2.692701, -0.530114, 7.966349)
(-2.849346, -0.526832, 8.122718), (-2.850299, -0.538852, 8.279013), (-2.693808, -0.543904, 8.122637)
(-3.004818, -0.50901, 8.122803), (-3.005755, -0.52088, 8.279096), (-2.849346, -0.526832, 8.122718)
(-3.004818, -0.50901, 8.122803), (-2.849346, -0.526832, 8.122718), (-2.848262, -0.513269, 7.966432)
(-3.160229, -0.490541, 8.12289), (-3.004818, -0.50901, 8.122803), (-3.003756, -0.495643, 7.966518)
(-3.160229, -0.490541, 8.12289), (-3.161141, -0.502181, 8.279181), (-3.004818, -0.50901, 8.122803)
(-2.694777, -0.556117, 8.278934), (-2.539184, -0.572538, 8.278859), (-2.538203, -0.56017, 8.122559)
(-2.694777, -0.556117, 8.278934), (-2.695614, -0.56684, 8.435239), (-2.539184, -0.572538, 8.278859)
(-2.850299, -0.538852, 8.279013), (-2.694777, -0.556117, 8.278934), (-2.693808, -0.543904, 8.122637)
(-2.850299, -0.538852, 8.279013), (-2.851131, -0.549507, 8.435314), (-2.694777, -0.556117, 8.278934)
(-3.005755, -0.52088, 8.279096), (-2.850299, -0.538852, 8.279013), (-2.849346, -0.526832, 8.122718)
(-3.005755, -0.52088, 8.279096), (-3.006571, -0.531361, 8.435392), (-2.850299, -0.538852, 8.279013)
(-3.161141, -0.502181, 8.279181), (-3.005755, -0.52088, 8.279096), (-3.004818, -0.50901, 8.122803)
(-3.161141, -0.502181, 8.279181), (-3.161935, -0.512445, 8.435475), (-3.005755, -0.52088, 8.279096)
(-2.695614, -0.56684, 8.435239), (-2.696369, -0.576681, 8.591544), (-2.540034, -0.583465, 8.435167)
(-2.695614, -0.56684, 8.435239), (-2.540034, -0.583465, 8.435167), (-2.539184, -0.572538, 8.278859)
(-2.851131, -0.549507, 8.435314), (-2.851874, -0.559189, 8.591616), (-2.695614, -0.56684, 8.435239)
(-2.851131, -0.549507, 8.435314), (-2.695614, -0.56684, 8.435239), (-2.694777, -0.556117, 8.278934)
(-3.006571, -0.531361, 8.435392), (-3.007304, -0.540916, 8.591691), (-2.851131, -0.549507, 8.435314)
(-3.006571, -0.531361, 8.435392), (-2.851131, -0.549507, 8.435314), (-2.850299, -0.538852, 8.279013)
(-3.161935, -0.512445, 8.435475), (-3.162652, -0.521822, 8.591769), (-3.006571, -0.531361, 8.435392)
(-3.161935, -0.512445, 8.435475), (-3.006571, -0.531361, 8.435392), (-3.005755, -0.52088, 8.279096)
(-2.696369, -0.576681, 8.591544), (-2.540796, -0.593455, 8.591476), (-2.540034, -0.583465, 8.435167)
(-2.696369, -0.576681, 8.591544), (-2.697037, -0.585604, 8.747846), (-2.540796, -0.593455, 8.591476)
(-2.851874, -0.559189, 8.591616), (-2.696369, -0.576681, 8.591544), (-2.695614, -0.56684, 8.435239)
(-2.851874, -0.559189, 8.591616), (-2.852527, -0.567889, 8.747911), (-2.696369, -0.576681, 8.591544)
(-3.007304, -0.540916, 8.591691), (-2.851874, -0.559189, 8.591616), (-2.851131, -0.549507, 8.435314)
(-3.007304, -0.540916, 8.591691), (-3.007946, -0.549467, 8.747981), (-2.851874, -0.559189, 8.591616)
(-3.162652, -0.521822, 8.591769), (-3.007304, -0.540916, 8.591691), (-3.006571, -0.531361, 8.435392)
(-3.162652, -0.521822, 8.591769), (-3.163296, -0.53037, 8.748056), (-3.007304, -0.540916, 8.591691)
# -2.304088816686664, 0, 8.313332916646669
(-2.071023, -0.604107, 8.122348), (-2.072031, -0.617208, 8.278657), (-1.915182, -0.617155, 8.122286)
(-2.071023, -0.604107, 8.122348), (-1.915182, -0.617155, 8.122286), (-1.914012, -0.60201, 7.965992)
(-2.226805, -0.59023, 8.122415), (-2.071023, -0.604107, 8.122348), (-2.069863, -0.589342, 7.966056)
(-2.226805, -0.59023, 8.122415), (-2.227804, -0.603019, 8.278721), (-2.071023, -0.604107, 8.122348)
(-2.38253, -0.575563, 8.122485), (-2.383523, -0.588137, 8.278789), (-2.226805, -0.59023, 8.122415)
(-2.38253, -0.575563, 8.122485), (-2.226805, -0.59023, 8.122415), (-2.22566, -0.575831, 7.966123)
(-2.538203, -0.56017, 8.122559), (-2.38253, -0.575563, 8.122485), (-2.381401, -0.561459, 7.966195)
(-2.538203, -0.56017, 8.122559), (-2.539184, -0.572538, 8.278859), (-2.38253, -0.575563, 8.122485)
(-2.072031, -0.617208, 8.278657), (-1.916193, -0.630568, 8.278599), (-1.915182, -0.617155, 8.122286)
(-2.072031, -0.617208, 8.278657), (-2.072891, -0.628749, 8.43498), (-1.916193, -0.630568, 8.278599)
(-2.227804, -0.603019, 8.278721), (-2.072031, -0.617208, 8.278657), (-2.071023, -0.604107, 8.122348)
(-2.227804, -0.603019, 8.278721), (-2.22867, -0.614392, 8.435039), (-2.072031, -0.617208, 8.278657)
(-2.383523, -0.588137, 8.278789), (-2.227804, -0.603019, 8.278721), (-2.226805, -0.59023, 8.122415)
(-2.383523, -0.588137, 8.278789), (-2.38438, -0.599256, 8.435101), (-2.227804, -0.603019, 8.278721)
(-2.539184, -0.572538, 8.278859), (-2.383523, -0.588137, 8.278789), (-2.38253, -0.575563, 8.122485)
(-2.539184, -0.572538, 8.278859), (-2.540034, -0.583465, 8.435167), (-2.383523, -0.588137, 8.278789)
(-2.072891, -0.628749, 8.43498), (-2.073663, -0.639408, 8.591308), (-1.917054, -0.64245, 8.434927)
(-2.072891, -0.628749, 8.43498), (-1.917054, -0.64245, 8.434927), (-1.916193, -0.630568, 8.278599)
(-2.22867, -0.614392, 8.435039), (-2.229442, -0.624799, 8.591359), (-2.072891, -0.628749, 8.43498)
(-2.22867, -0.614392, 8.435039), (-2.072891, -0.628749, 8.43498), (-2.072031, -0.617208, 8.278657)
(-2.38438, -0.599256, 8.435101), (-2.38515, -0.609468, 8.591415), (-2.22867, -0.614392, 8.435039)
(-2.38438, -0.599256, 8.435101), (-2.22867, -0.614392, 8.435039), (-2.227804, -0.603019, 8.278721)
(-2.540034, -0.583465, 8.435167), (-2.540796, -0.593455, 8.591476), (-2.38438, -0.599256, 8.435101)
(-2.540034, -0.583465, 8.435167), (-2.38438, -0.599256, 8.435101), (-2.383523, -0.588137, 8.278789)
(-2.073663, -0.639408, 8.591308), (-1.91782, -0.653376, 8.591262), (-1.917054, -0.64245, 8.434927)
(-2.073663, -0.639408, 8.591308), (-2.074342, -0.649137, 8.747637), (-1.91782, -0.653376, 8.591262)
(-2.229442, -0.624799, 8.591359), (-2.073663, -0.639408, 8.591308), (-2.072891, -0.628749, 8.43498)
(-2.229442, -0.624799, 8.591359), (-2.230115, -0.634215, 8.747681), (-2.073663, -0.639408, 8.591308)
(-2.38515, -0.609468, 8.591415), (-2.229442, -0.624799, 8.591359), (-2.22867, -0.614392, 8.435039)
(-2.38515, -0.609468, 8.591415), (-2.385822, -0.618672, 8.74773), (-2.229442, -0.624799, 8.591359)
(-2.540796, -0.593455, 8.591476), (-2.38515, -0.609468, 8.591415), (-2.38438, -0.599256, 8.435101)
(-2.540796, -0.593455, 8.591476), (-2.54147, -0.602547, 8.747786), (-2.38515, -0.609468, 8.591415)
# -1.6363185833533305, 0, 8.313332916646669
(-1.44729, -0.651486, 8.122133), (-1.448295, -0.666308, 8.278459), (-1.291195, -0.661411, 8.122095)
(-1.44729, -0.651486, 8.122133), (-1.291195, -0.661411, 8.122095), (-1.290018, -0.644082, 7.96579)
(-1.603313, -0.640765, 8.122178), (-1.44729, -0.651486, 8.122133), (-1.44611, -0.634824, 7.965832)
(-1.603313, -0.640765, 8.122178), (-1.604323, -0.655052, 8.2785), (-1.44729, -0.651486, 8.122133)
(-1.759272, -0.629287, 8.12223), (-1.760288, -0.643157, 8.278547), (-1.603313, -0.640765, 8.122178)
(-1.759272, -0.629287, 8.12223), (-1.603313, -0.640765, 8.122178), (-1.602136, -0.624718, 7.965878)
(-1.915182, -0.617155, 8.122286), (-1.759272, -0.629287, 8.12223), (-1.758099, -0.613743, 7.965933)
(-1.915182, -0.617155, 8.122286), (-1.916193, -0.630568, 8.278599), (-1.759272, -0.629287, 8.12223)
(-1.448295, -0.666308, 8.278459), (-1.292183, -0.676785, 8.278428), (-1.291195, -0.661411, 8.122095)
(-1.448295, -0.666308, 8.278459), (-1.449125, -0.679404, 8.434809), (-1.292183, -0.676785, 8.278428)
(-1.604323, -0.655052, 8.2785), (-1.448295, -0.666308, 8.278459), (-1.44729, -0.651486, 8.122133)
(-1.604323, -0.655052, 8.2785), (-1.605179, -0.66779, 8.434839), (-1.448295, -0.666308, 8.278459)
(-1.760288, -0.643157, 8.278547), (-1.604323, -0.655052, 8.2785), (-1.603313, -0.640765, 8.122178)
(-1.760288, -0.643157, 8.278547), (-1.761152, -0.655467, 8.434879), (-1.604323, -0.655052, 8.2785)
(-1.916193, -0.630568, 8.278599), (-1.760288, -0.643157, 8.278547), (-1.759272, -0.629287, 8.12223)
(-1.916193, -0.630568, 8.278599), (-1.917054, -0.64245, 8.434927), (-1.760288, -0.643157, 8.278547)
(-1.449125, -0.679404, 8.434809), (-1.449857, -0.691489, 8.591167), (-1.292998, -0.690444, 8.434784)
(-1.449125, -0.679404, 8.434809), (-1.292998, -0.690444, 8.434784), (-1.292183, -0.676785, 8.278428)
(-1.605179, -0.66779, 8.434839), (-1.605927, -0.679439, 8.59119), (-1.449125, -0.679404, 8.434809)
(-1.605179, -0.66779, 8.434839), (-1.449125, -0.679404, 8.434809), (-1.448295, -0.666308, 8.278459)
(-1.761152, -0.655467, 8.434879), (-1.761914, -0.666759, 8.591222), (-1.605179, -0.66779, 8.434839)
(-1.761152, -0.655467, 8.434879), (-1.605179, -0.66779, 8.434839), (-1.604323, -0.655052, 8.2785)
(-1.917054, -0.64245, 8.434927), (-1.91782, -0.653376, 8.591262), (-1.761152, -0.655467, 8.434879)
(-1.917054, -0.64245, 8.434927), (-1.761152, -0.655467, 8.434879), (-1.760288, -0.643157, 8.278547)
(-1.449857, -0.691489, 8.591167), (-1.293707, -0.703004, 8.591153), (-1.292998, -0.690444, 8.434784)
(-1.449857, -0.691489, 8.591167), (-1.450486, -0.702513, 8.747537), (-1.293707, -0.703004, 8.591153)
(-1.605927, -0.679439, 8.59119), (-1.449857, -0.691489, 8.591167), (-1.449125, -0.679404, 8.434809)
(-1.605927, -0.679439, 8.59119), (-1.606563, -0.689976, 8.74755), (-1.449857, -0.691489, 8.591167)
(-1.761914, -0.666759, 8.591222), (-1.605927, -0.679439, 8.59119), (-1.605179, -0.66779, 8.434839)
(-1.761914, -0.666759, 8.591222), (-1.762563, -0.676927, 8.74757), (-1.605927, -0.679439, 8.59119)
(-1.91782, -0.653376, 8.591262), (-1.761914, -0.666759, 8.591222), (-1.761152, -0.655467, 8.434879)
(-1.91782, -0.653376, 8.591262), (-1.918494, -0.663378, 8.7476), (-1.761914, -0.666759, 8.591222)
# -0.968548350019997, 0, 8.313332916646669
(-0.665894, -0.692982, 8.122026), (-0.509269, -0.698641, 8.122025), (-0.508185, -0.676453, 7.965711)
(-0.665894, -0.692982, 8.122026), (-0.666788, -0.711681, 8.278377), (-0.509269, -0.698641, 8.122025)
(-0.822379, -0.686329, 8.122033), (-0.823305, -0.704054, 8.27838), (-0.665894, -0.692982, 8.122026)
(-0.822379, -0.686329, 8.122033), (-0.665894, -0.692982, 8.122026), (-0.664781, -0.672002, 7.965711)
(-0.978746, -0.678807, 8.122046), (-0.822379, -0.686329, 8.122033), (-0.821247, -0.666473, 7.965718)
(-0.978746, -0.678807, 8.122046), (-0.979695, -0.695624, 8.278388), (-0.822379, -0.686329, 8.122033)
(-1.135012, -0.670474, 8.122066), (-1.135986, -0.686548, 8.278404), (-0.978746, -0.678807, 8.122046)
(-1.135012, -0.670474, 8.122066), (-0.978746, -0.678807, 8.122046), (-0.977602, -0.659987, 7.965733)
(-1.291195, -0.661411, 8.122095), (-1.135012, -0.670474, 8.122066), (-1.133858, -0.652542, 7.965757)
(-1.291195, -0.661411, 8.122095), (-1.292183, -0.676785, 8.278428), (-1.135012, -0.670474, 8.122066)
(-0.666788, -0.711681, 8.278377), (-0.510139, -0.718538, 8.278374), (-0.509269, -0.698641, 8.122025)
(-0.666788, -0.711681, 8.278377), (-0.667485, -0.728335, 8.434757), (-0.510139, -0.718538, 8.278374)
(-0.823305, -0.704054, 8.27838), (-0.666788, -0.711681, 8.278377), (-0.665894, -0.692982, 8.122026)
(-0.823305, -0.704054, 8.27838), (-0.824034, -0.71979, 8.434756), (-0.666788, -0.711681, 8.278377)
(-0.979695, -0.695624, 8.278388), (-0.823305, -0.704054, 8.27838), (-0.822379, -0.686329, 8.122033)
(-0.979695, -0.695624, 8.278388), (-0.980468, -0.710675, 8.434756), (-0.823305, -0.704054, 8.27838)
(-1.135986, -0.686548, 8.278404), (-0.979695, -0.695624, 8.278388), (-0.978746, -0.678807, 8.122046)
(-1.135986, -0.686548, 8.278404), (-1.136784, -0.70088, 8.434766), (-0.979695, -0.695624, 8.278388)
(-1.292183, -0.676785, 8.278428), (-1.135986, -0.686548, 8.278404), (-1.135012, -0.670474, 8.122066)
(-1.292183, -0.676785, 8.278428), (-1.292998, -0.690444, 8.434784), (-1.135986, -0.686548, 8.278404)
(-0.980468, -0.710675, 8.434756), (-0.981123, -0.724445, 8.591145), (-0.824034, -0.71979, 8.434756)
(-0.980468, -0.710675, 8.434756), (-0.824034, -0.71979, 8.434756), (-0.823305, -0.704054, 8.27838)
(-0.824034, -0.71979, 8.434756), (-0.824656, -0.734283, 8.591152), (-0.667485, -0.728335, 8.434757)
(-0.824034, -0.71979, 8.434756), (-0.667485, -0.728335, 8.434757), (-0.666788, -0.711681, 8.278377)
(-0.667485, -0.728335, 8.434757), (-0.668068, -0.743613, 8.59116), (-0.510807, -0.736261, 8.434757)
(-0.667485, -0.728335, 8.434757), (-0.510807, -0.736261, 8.434757), (-0.510139, -0.718538, 8.278374)
(-1.136784, -0.70088, 8.434766), (-1.137471, -0.714033, 8.591144), (-0.980468, -0.710675, 8.434756)
(-1.136784, -0.70088, 8.434766), (-0.980468, -0.710675, 8.434756), (-0.979695, -0.695624, 8.278388)
(-1.292998, -0.690444, 8.434784), (-1.293707, -0.703004, 8.591153), (-1.136784, -0.70088, 8.434766)
(-1.292998, -0.690444, 8.434784), (-1.136784, -0.70088, 8.434766), (-1.135986, -0.686548, 8.278404)
(-1.137471, -0.714033, 8.591144), (-0.981123, -0.724445, 8.591145), (-0.980468, -0.710675, 8.434756)
(-1.137471, -0.714033, 8.591144), (-1.138038, -0.725919, 8.747537), (-0.981123, -0.724445, 8.591145)
(-0.981123, -0.724445, 8.591145), (-0.824656, -0.734283, 8.591152), (-0.824034, -0.71979, 8.434756)
(-0.981123, -0.724445, 8.591145), (-0.981661, -0.736923, 8.747548), (-0.824656, -0.734283, 8.591152)
(-0.824656, -0.734283, 8.591152), (-0.668068, -0.743613, 8.59116), (-0.667485, -0.728335, 8.434757)
(-0.824656, -0.734283, 8.591152), (-0.825171, -0.747483, 8.747564), (-0.668068, -0.743613, 8.59116)
(-1.293707, -0.703004, 8.591153), (-1.137471, -0.714033, 8.591144), (-1.136784, -0.70088, 8.434766)
(-1.293707, -0.703004, 8.591153), (-1.294314, -0.714495, 8.747532), (-1.137471, -0.714033, 8.591144)
(-0.668068, -0.743613, 8.59116), (-0.511356, -0.752478, 8.591166), (-0.510807, -0.736261, 8.434757)
(-0.668068, -0.743613, 8.59116), (-0.668548, -0.757546, 8.747583), (-0.511356, -0.752478, 8.591166)
# -0.3007781166866636, 0, 8.313332916646669
(-0.038609, -0.710843, 8.121997), (0.118582, -0.713008, 8.121966), (0.119509, -0.684871, 7.965677)
(-0.038609, -0.710843, 8.121997), (-0.039352, -0.734668, 8.278338), (0.118582, -0.713008, 8.121966)
(-0.195641, -0.707668, 8.122014), (-0.196434, -0.730119, 8.278361), (-0.038609, -0.710843, 8.121997)
(-0.195641, -0.707668, 8.122014), (-0.038609, -0.710843, 8.121997), (-0.037623, -0.684207, 7.965699)
(-0.352525, -0.703582, 8.122023), (-0.195641, -0.707668, 8.122014), (-0.194617, -0.682608, 7.965708)
(-0.352525, -0.703582, 8.122023), (-0.353354, -0.724672, 8.278371), (-0.195641, -0.707668, 8.122014)
(-0.509269, -0.698641, 8.122025), (-0.510139, -0.718538, 8.278374), (-0.352525, -0.703582, 8.122023)
(-0.509269, -0.698641, 8.122025), (-0.352525, -0.703582, 8.122023), (-0.35147, -0.680031, 7.965711)
(-0.039352, -0.734668, 8.278338), (0.117884, -0.738366, 8.278299), (0.118582, -0.713008, 8.121966)
(-0.039352, -0.734668, 8.278338), (-0.039885, -0.755894, 8.434723), (0.117884, -0.738366, 8.278299)
(-0.196434, -0.730119, 8.278361), (-0.039352, -0.734668, 8.278338), (-0.038609, -0.710843, 8.121997)
(-0.196434, -0.730119, 8.278361), (-0.197006, -0.750018, 8.434747), (-0.039352, -0.734668, 8.278338)
(-0.353354, -0.724672, 8.278371), (-0.196434, -0.730119, 8.278361), (-0.195641, -0.707668, 8.122014)
(-0.353354, -0.724672, 8.278371), (-0.353986, -0.743524, 8.434755), (-0.196434, -0.730119, 8.278361)
(-0.510139, -0.718538, 8.278374), (-0.353354, -0.724672, 8.278371), (-0.352525, -0.703582, 8.122023)
(-0.510139, -0.718538, 8.278374), (-0.510807, -0.736261, 8.434757), (-0.353354, -0.724672, 8.278371)
(-0.039885, -0.755894, 8.434723), (-0.040303, -0.775268, 8.591146), (0.1174, -0.760903, 8.434681)
(-0.039885, -0.755894, 8.434723), (0.1174, -0.760903, 8.434681), (0.117884, -0.738366, 8.278299)
(-0.197006, -0.750018, 8.434747), (-0.197471, -0.768275, 8.591166), (-0.039885, -0.755894, 8.434723)
(-0.197006, -0.750018, 8.434747), (-0.039885, -0.755894, 8.434723), (-0.039352, -0.734668, 8.278338)
(-0.353986, -0.743524, 8.434755), (-0.354491, -0.760698, 8.591171), (-0.197006, -0.750018, 8.434747)
(-0.353986, -0.743524, 8.434755), (-0.197006, -0.750018, 8.434747), (-0.196434, -0.730119, 8.278361)
(-0.510807, -0.736261, 8.434757), (-0.511356, -0.752478, 8.591166), (-0.353986, -0.743524, 8.434755)
(-0.510807, -0.736261, 8.434757), (-0.353986, -0.743524, 8.434755), (-0.353354, -0.724672, 8.278371)
(-0.040303, -0.775268, 8.591146), (0.117019, -0.781564, 8.591105), (0.1174, -0.760903, 8.434681)
(-0.040303, -0.775268, 8.591146), (-0.040622, -0.792777, 8.747605), (0.117019, -0.781564, 8.591105)
(-0.511356, -0.752478, 8.591166), (-0.354491, -0.760698, 8.591171), (-0.353986, -0.743524, 8.434755)
(-0.511356, -0.752478, 8.591166), (-0.511779, -0.76705, 8.747602), (-0.354491, -0.760698, 8.591171)
(-0.197471, -0.768275, 8.591166), (-0.040303, -0.775268, 8.591146), (-0.039885, -0.755894, 8.434723)
(-0.197471, -0.768275, 8.591166), (-0.197828, -0.784763, 8.747618), (-0.040303, -0.775268, 8.591146)
(-0.354491, -0.760698, 8.591171), (-0.197471, -0.768275, 8.591166), (-0.197006, -0.750018, 8.434747)
(-0.354491, -0.760698, 8.591171), (-0.354876, -0.776144, 8.747615), (-0.197471, -0.768275, 8.591166)
