# -9.64956138335333, 0, 2.30340081664667
(-9.319496, 0.661932, 2.054395), (-9.162494, 0.637816, 2.049965), (-9.162069, 0.636391, 1.894956)
(-9.319496, 0.661932, 2.054395), (-9.320445, 0.659912, 2.209837), (-9.162494, 0.637816, 2.049965)
(-9.477504, 0.681795, 2.059163), (-9.319496, 0.661932, 2.054395), (-9.318997, 0.661645, 1.899256)
(-9.477504, 0.681795, 2.059163), (-9.478456, 0.678401, 2.214652), (-9.319496, 0.661932, 2.054395)
(-9.636492, 0.697424, 2.064212), (-9.477504, 0.681795, 2.059163), (-9.477044, 0.682566, 1.903965)
(-9.636492, 0.697424, 2.064212), (-9.637298, 0.69301, 2.219669), (-9.477504, 0.681795, 2.059163)
(-9.796272, 0.709622, 2.069435), (-9.636492, 0.697424, 2.064212), (-9.636092, 0.699597, 1.908991)
(-9.796272, 0.709622, 2.069435), (-9.796947, 0.703715, 2.224836), (-9.636492, 0.697424, 2.064212)
(-9.956789, 0.718551, 2.074778), (-9.796272, 0.709622, 2.069435), (-9.796039, 0.713134, 1.914259)
(-9.956789, 0.718551, 2.074778), (-9.957228, 0.711267, 2.230061), (-9.796272, 0.709622, 2.069435)
(-9.320445, 0.659912, 2.209837), (-9.321487, 0.6572, 2.365449), (-9.163342, 0.637242, 2.205293)
(-9.320445, 0.659912, 2.209837), (-9.163342, 0.637242, 2.205293), (-9.162494, 0.637816, 2.049965)
(-9.478456, 0.678401, 2.214652), (-9.479482, 0.674375, 2.37029), (-9.320445, 0.659912, 2.209837)
(-9.478456, 0.678401, 2.214652), (-9.320445, 0.659912, 2.209837), (-9.319496, 0.661932, 2.054395)
(-9.637298, 0.69301, 2.219669), (-9.638259, 0.687547, 2.375289), (-9.478456, 0.678401, 2.214652)
(-9.637298, 0.69301, 2.219669), (-9.478456, 0.678401, 2.214652), (-9.477504, 0.681795, 2.059163)
(-9.796947, 0.703715, 2.224836), (-9.797766, 0.696854, 2.380385), (-9.637298, 0.69301, 2.219669)
(-9.796947, 0.703715, 2.224836), (-9.637298, 0.69301, 2.219669), (-9.636492, 0.697424, 2.064212)
(-9.957228, 0.711267, 2.230061), (-9.957911, 0.702586, 2.385501), (-9.796947, 0.703715, 2.224836)
(-9.957228, 0.711267, 2.230061), (-9.796947, 0.703715, 2.224836), (-9.796272, 0.709622, 2.069435)
(-9.321487, 0.6572, 2.365449), (-9.164294, 0.63604, 2.360811), (-9.163342, 0.637242, 2.205293)
(-9.321487, 0.6572, 2.365449), (-9.322657, 0.653775, 2.521288), (-9.164294, 0.63604, 2.360811)
(-9.479482, 0.674375, 2.37029), (-9.321487, 0.6572, 2.365449), (-9.320445, 0.659912, 2.209837)
(-9.479482, 0.674375, 2.37029), (-9.480659, 0.66945, 2.52614), (-9.321487, 0.6572, 2.365449)
(-9.638259, 0.687547, 2.375289), (-9.479482, 0.674375, 2.37029), (-9.478456, 0.678401, 2.214652)
(-9.638259, 0.687547, 2.375289), (-9.639398, 0.681026, 2.53111), (-9.479482, 0.674375, 2.37029)
(-9.797766, 0.696854, 2.380385), (-9.638259, 0.687547, 2.375289), (-9.637298, 0.69301, 2.219669)
(-9.797766, 0.696854, 2.380385), (-9.798793, 0.688791, 2.536122), (-9.638259, 0.687547, 2.375289)
(-9.957911, 0.702586, 2.385501), (-9.797766, 0.696854, 2.380385), (-9.796947, 0.703715, 2.224836)
(-9.957911, 0.702586, 2.385501), (-9.958769, 0.692982, 2.541105), (-9.797766, 0.696854, 2.380385)
(-9.322657, 0.653775, 2.521288), (-9.323956, 0.649733, 2.677382), (-9.16548, 0.633717, 2.516643)
(-9.322657, 0.653775, 2.521288), (-9.16548, 0.633717, 2.516643), (-9.164294, 0.63604, 2.360811)
(-9.480659, 0.66945, 2.52614), (-9.481968, 0.663832, 2.682219), (-9.322657, 0.653775, 2.521288)
(-9.480659, 0.66945, 2.52614), (-9.322657, 0.653775, 2.521288), (-9.321487, 0.6572, 2.365449)
(-9.639398, 0.681026, 2.53111), (-9.480659, 0.66945, 2.52614), (-9.479482, 0.674375, 2.37029)
(-9.639398, 0.681026, 2.53111), (-9.640678, 0.67376, 2.687138), (-9.480659, 0.66945, 2.52614)
(-9.798793, 0.688791, 2.536122), (-9.799952, 0.680108, 2.692042), (-9.639398, 0.681026, 2.53111)
(-9.798793, 0.688791, 2.536122), (-9.639398, 0.681026, 2.53111), (-9.638259, 0.687547, 2.375289)
(-9.958769, 0.692982, 2.541105), (-9.798793, 0.688791, 2.536122), (-9.797766, 0.696854, 2.380385)
(-9.958769, 0.692982, 2.541105), (-9.959724, 0.683051, 2.696874), (-9.798793, 0.688791, 2.536122)
# -8.981791150019998, 0, 2.30340081664667
(-8.697291, 0.541462, 2.039065), (-8.544127, 0.501848, 2.036408), (-8.544214, 0.498375, 1.882126)
(-8.697291, 0.541462, 2.039065), (-8.697682, 0.544088, 2.193908), (-8.544127, 0.501848, 2.036408)
(-8.85137, 0.577591, 2.042234), (-8.697291, 0.541462, 2.039065), (-8.697201, 0.538269, 1.884571)
(-8.85137, 0.577591, 2.042234), (-8.851992, 0.579071, 2.197287), (-8.697291, 0.541462, 2.039065)
(-9.006461, 0.609643, 2.045902), (-8.85137, 0.577591, 2.042234), (-8.851146, 0.574761, 1.887554)
(-9.006461, 0.609643, 2.045902), (-9.007181, 0.6103, 2.201084), (-8.85137, 0.577591, 2.042234)
(-9.162494, 0.637816, 2.049965), (-9.006461, 0.609643, 2.045902), (-9.006099, 0.6075, 1.891032)
(-9.162494, 0.637816, 2.049965), (-9.163342, 0.637242, 2.205293), (-9.006461, 0.609643, 2.045902)
(-8.697682, 0.544088, 2.193908), (-8.698113, 0.546997, 2.348961), (-8.544272, 0.505478, 2.19104)
(-8.697682, 0.544088, 2.193908), (-8.544272, 0.505478, 2.19104), (-8.544127, 0.501848, 2.036408)
(-8.851992, 0.579071, 2.197287), (-8.852646, 0.580608, 2.352526), (-8.697682, 0.544088, 2.193908)
(-8.851992, 0.579071, 2.197287), (-8.697682, 0.544088, 2.193908), (-8.697291, 0.541462, 2.039065)
(-9.007181, 0.6103, 2.201084), (-9.008022, 0.610417, 2.356487), (-8.851992, 0.579071, 2.197287)
(-9.007181, 0.6103, 2.201084), (-8.851992, 0.579071, 2.197287), (-8.85137, 0.577591, 2.042234)
(-9.163342, 0.637242, 2.205293), (-9.164294, 0.63604, 2.360811), (-9.007181, 0.6103, 2.201084)
(-9.163342, 0.637242, 2.205293), (-9.007181, 0.6103, 2.201084), (-9.006461, 0.609643, 2.045902)
(-8.698113, 0.546997, 2.348961), (-8.544413, 0.509853, 2.345868), (-8.544272, 0.505478, 2.19104)
(-8.698113, 0.546997, 2.348961), (-8.698591, 0.550278, 2.504298), (-8.544413, 0.509853, 2.345868)
(-8.852646, 0.580608, 2.352526), (-8.698113, 0.546997, 2.348961), (-8.697682, 0.544088, 2.193908)
(-8.852646, 0.580608, 2.352526), (-8.853406, 0.582009, 2.508063), (-8.698113, 0.546997, 2.348961)
(-9.008022, 0.610417, 2.356487), (-8.852646, 0.580608, 2.352526), (-8.851992, 0.579071, 2.197287)
(-9.008022, 0.610417, 2.356487), (-9.00905, 0.609814, 2.512212), (-8.852646, 0.580608, 2.352526)
(-9.164294, 0.63604, 2.360811), (-9.008022, 0.610417, 2.356487), (-9.007181, 0.6103, 2.201084)
(-9.164294, 0.63604, 2.360811), (-9.16548, 0.633717, 2.516643), (-9.008022, 0.610417, 2.356487)
(-8.698591, 0.550278, 2.504298), (-8.544592, 0.514956, 2.501002), (-8.544413, 0.509853, 2.345868)
(-8.698591, 0.550278, 2.504298), (-8.699158, 0.553832, 2.659998), (-8.544592, 0.514956, 2.501002)
(-8.853406, 0.582009, 2.508063), (-8.854239, 0.583522, 2.663918), (-8.698591, 0.550278, 2.504298)
(-8.853406, 0.582009, 2.508063), (-8.698591, 0.550278, 2.504298), (-8.698113, 0.546997, 2.348961)
(-9.00905, 0.609814, 2.512212), (-8.853406, 0.582009, 2.508063), (-8.852646, 0.580608, 2.352526)
(-9.00905, 0.609814, 2.512212), (-9.01011, 0.609332, 2.668196), (-8.853406, 0.582009, 2.508063)
(-9.16548, 0.633717, 2.516643), (-9.166682, 0.631444, 2.6727), (-9.00905, 0.609814, 2.512212)
(-9.16548, 0.633717, 2.516643), (-9.00905, 0.609814, 2.512212), (-9.008022, 0.610417, 2.356487)
# -8.314020916686664, 0, 2.30340081664667
(-8.088584, 0.370034, 2.03133), (-7.937531, 0.325115, 2.030613), (-7.93846, 0.322255, 1.877193)
(-8.088584, 0.370034, 2.03133), (-8.08785, 0.376359, 2.185273), (-7.937531, 0.325115, 2.030613)
(-8.239898, 0.415292, 2.032519), (-8.088584, 0.370034, 2.03133), (-8.089313, 0.366598, 1.877703)
(-8.239898, 0.415292, 2.032519), (-8.239476, 0.420833, 2.186706), (-8.088584, 0.370034, 2.03133)
(-8.391705, 0.459565, 2.034229), (-8.239898, 0.415292, 2.032519), (-8.240416, 0.411671, 1.878688)
(-8.391705, 0.459565, 2.034229), (-8.391556, 0.464192, 2.188615), (-8.239898, 0.415292, 2.032519)
(-8.544127, 0.501848, 2.036408), (-8.391705, 0.459565, 2.034229), (-8.391991, 0.455951, 1.88016)
(-8.544127, 0.501848, 2.036408), (-8.544272, 0.505478, 2.19104), (-8.391705, 0.459565, 2.034229)
(-8.08785, 0.376359, 2.185273), (-8.087051, 0.384732, 2.339412), (-7.936513, 0.331835, 2.184324)
(-8.08785, 0.376359, 2.185273), (-7.936513, 0.331835, 2.184324), (-7.937531, 0.325115, 2.030613)
(-8.239476, 0.420833, 2.186706), (-8.238995, 0.427958, 2.341067), (-8.08785, 0.376359, 2.185273)
(-8.239476, 0.420833, 2.186706), (-8.08785, 0.376359, 2.185273), (-8.088584, 0.370034, 2.03133)
(-8.391556, 0.464192, 2.188615), (-8.3914, 0.469955, 2.34322), (-8.239476, 0.420833, 2.186706)
(-8.391556, 0.464192, 2.188615), (-8.239476, 0.420833, 2.186706), (-8.239898, 0.415292, 2.032519)
(-8.544272, 0.505478, 2.19104), (-8.544413, 0.509853, 2.345868), (-8.391556, 0.464192, 2.188615)
(-8.544272, 0.505478, 2.19104), (-8.391556, 0.464192, 2.188615), (-8.391705, 0.459565, 2.034229)
(-8.087051, 0.384732, 2.339412), (-7.935415, 0.341155, 2.338233), (-7.936513, 0.331835, 2.184324)
(-8.087051, 0.384732, 2.339412), (-8.086183, 0.395225, 2.493819), (-7.935415, 0.341155, 2.338233)
(-8.238995, 0.427958, 2.341067), (-8.087051, 0.384732, 2.339412), (-8.08785, 0.376359, 2.185273)
(-8.238995, 0.427958, 2.341067), (-8.238469, 0.436752, 2.495707), (-8.087051, 0.384732, 2.339412)
(-8.3914, 0.469955, 2.34322), (-8.238995, 0.427958, 2.341067), (-8.239476, 0.420833, 2.186706)
(-8.3914, 0.469955, 2.34322), (-8.391236, 0.476933, 2.498116), (-8.238995, 0.427958, 2.341067)
(-8.544413, 0.509853, 2.345868), (-8.3914, 0.469955, 2.34322), (-8.391556, 0.464192, 2.188615)
(-8.544413, 0.509853, 2.345868), (-8.544592, 0.514956, 2.501002), (-8.3914, 0.469955, 2.34322)
(-8.086183, 0.395225, 2.493819), (-8.0853, 0.407423, 2.648597), (-7.93423, 0.353397, 2.492489)
(-8.086183, 0.395225, 2.493819), (-7.93423, 0.353397, 2.492489), (-7.935415, 0.341155, 2.338233)
(-8.238469, 0.436752, 2.495707), (-8.237954, 0.446882, 2.650714), (-8.086183, 0.395225, 2.493819)
(-8.238469, 0.436752, 2.495707), (-8.086183, 0.395225, 2.493819), (-8.087051, 0.384732, 2.339412)
(-8.391236, 0.476933, 2.498116), (-8.238469, 0.436752, 2.495707), (-8.238995, 0.427958, 2.341067)
(-8.391236, 0.476933, 2.498116), (-8.391104, 0.484896, 2.653378), (-8.238469, 0.436752, 2.495707)
(-8.544592, 0.514956, 2.501002), (-8.544807, 0.52075, 2.656479), (-8.391236, 0.476933, 2.498116)
(-8.544592, 0.514956, 2.501002), (-8.391236, 0.476933, 2.498116), (-8.3914, 0.469955, 2.34322)
# -7.64625068335333, 0, 2.30340081664667
(-7.78652, 0.281727, 2.030318), (-7.63535, 0.24101, 2.030392), (-7.636552, 0.240112, 1.877229)
(-7.78652, 0.281727, 2.030318), (-7.785273, 0.288517, 2.183846), (-7.63535, 0.24101, 2.030392)
(-7.63535, 0.24101, 2.030392), (-7.483779, 0.204962, 2.030823), (-7.485059, 0.205464, 1.877719)
(-7.63535, 0.24101, 2.030392), (-7.633906, 0.247911, 2.183816), (-7.483779, 0.204962, 2.030823)
(-7.937531, 0.325115, 2.030613), (-7.78652, 0.281727, 2.030318), (-7.787611, 0.27957, 1.877041)
(-7.937531, 0.325115, 2.030613), (-7.936513, 0.331835, 2.184324), (-7.78652, 0.281727, 2.030318)
(-7.483779, 0.204962, 2.030823), (-7.331636, 0.174685, 2.031544), (-7.332935, 0.177202, 1.878468)
(-7.483779, 0.204962, 2.030823), (-7.482232, 0.210926, 2.184144), (-7.331636, 0.174685, 2.031544)
(-7.331636, 0.174685, 2.031544), (-7.178859, 0.150351, 2.032485), (-7.180132, 0.155349, 1.879409)
(-7.331636, 0.174685, 2.031544), (-7.33005, 0.179226, 2.184818), (-7.178859, 0.150351, 2.032485)
(-7.633906, 0.247911, 2.183816), (-7.63235, 0.258208, 2.337392), (-7.482232, 0.210926, 2.184144)
(-7.633906, 0.247911, 2.183816), (-7.482232, 0.210926, 2.184144), (-7.483779, 0.204962, 2.030823)
(-7.785273, 0.288517, 2.183846), (-7.783917, 0.298585, 2.337578), (-7.633906, 0.247911, 2.183816)
(-7.785273, 0.288517, 2.183846), (-7.633906, 0.247911, 2.183816), (-7.63535, 0.24101, 2.030392)
(-7.482232, 0.210926, 2.184144), (-7.480543, 0.220986, 2.337614), (-7.33005, 0.179226, 2.184818)
(-7.482232, 0.210926, 2.184144), (-7.33005, 0.179226, 2.184818), (-7.331636, 0.174685, 2.031544)
(-7.936513, 0.331835, 2.184324), (-7.935415, 0.341155, 2.338233), (-7.785273, 0.288517, 2.183846)
(-7.936513, 0.331835, 2.184324), (-7.785273, 0.288517, 2.183846), (-7.78652, 0.281727, 2.030318)
(-7.33005, 0.179226, 2.184818), (-7.328327, 0.188113, 2.338214), (-7.177329, 0.152484, 2.185738)
(-7.33005, 0.179226, 2.184818), (-7.177329, 0.152484, 2.185738), (-7.178859, 0.150351, 2.032485)
(-7.63235, 0.258208, 2.337392), (-7.480543, 0.220986, 2.337614), (-7.482232, 0.210926, 2.184144)
(-7.63235, 0.258208, 2.337392), (-7.630642, 0.272182, 2.491204), (-7.480543, 0.220986, 2.337614)
(-7.783917, 0.298585, 2.337578), (-7.63235, 0.258208, 2.337392), (-7.633906, 0.247911, 2.183816)
(-7.783917, 0.298585, 2.337578), (-7.782432, 0.312058, 2.491615), (-7.63235, 0.258208, 2.337392)
(-7.480543, 0.220986, 2.337614), (-7.328327, 0.188113, 2.338214), (-7.33005, 0.179226, 2.184818)
(-7.480543, 0.220986, 2.337614), (-7.478691, 0.235, 2.491269), (-7.328327, 0.188113, 2.338214)
(-7.328327, 0.188113, 2.338214), (-7.175639, 0.159689, 2.339109), (-7.177329, 0.152484, 2.185738)
(-7.328327, 0.188113, 2.338214), (-7.326416, 0.201605, 2.491779), (-7.175639, 0.159689, 2.339109)
(-7.935415, 0.341155, 2.338233), (-7.783917, 0.298585, 2.337578), (-7.785273, 0.288517, 2.183846)
(-7.935415, 0.341155, 2.338233), (-7.93423, 0.353397, 2.492489), (-7.783917, 0.298585, 2.337578)
(-7.630642, 0.272182, 2.491204), (-7.628839, 0.288997, 2.645308), (-7.478691, 0.235, 2.491269)
(-7.630642, 0.272182, 2.491204), (-7.478691, 0.235, 2.491269), (-7.480543, 0.220986, 2.337614)
(-7.478691, 0.235, 2.491269), (-7.326416, 0.201605, 2.491779), (-7.328327, 0.188113, 2.338214)
(-7.478691, 0.235, 2.491269), (-7.476712, 0.252448, 2.645206), (-7.326416, 0.201605, 2.491779)
(-7.782432, 0.312058, 2.491615), (-7.630642, 0.272182, 2.491204), (-7.63235, 0.258208, 2.337392)
(-7.782432, 0.312058, 2.491615), (-7.780885, 0.327731, 2.645935), (-7.630642, 0.272182, 2.491204)
(-7.326416, 0.201605, 2.491779), (-7.324374, 0.218756, 2.645566), (-7.173769, 0.171801, 2.492615)
(-7.326416, 0.201605, 2.491779), (-7.173769, 0.171801, 2.492615), (-7.175639, 0.159689, 2.339109)
(-7.93423, 0.353397, 2.492489), (-7.932997, 0.367451, 2.647027), (-7.782432, 0.312058, 2.491615)
(-7.93423, 0.353397, 2.492489), (-7.782432, 0.312058, 2.491615), (-7.783917, 0.298585, 2.337578)
# -6.9784804500199975, 0, 2.30340081664667
(-7.178859, 0.150351, 2.032485), (-7.025419, 0.132181, 2.033611), (-7.026604, 0.14058, 1.880529)
(-7.178859, 0.150351, 2.032485), (-7.177329, 0.152484, 2.185738), (-7.025419, 0.132181, 2.033611)
(-7.025419, 0.132181, 2.033611), (-6.871301, 0.12102, 2.034914), (-6.872396, 0.132971, 1.88182)
(-7.025419, 0.132181, 2.033611), (-7.023969, 0.131827, 2.186887), (-6.871301, 0.12102, 2.034914)
(-6.871301, 0.12102, 2.034914), (-6.716633, 0.116157, 2.036372), (-6.71763, 0.132327, 1.883301)
(-6.871301, 0.12102, 2.034914), (-6.870028, 0.116794, 2.188209), (-6.716633, 0.116157, 2.036372)
(-6.716633, 0.116157, 2.036372), (-6.561573, 0.116814, 2.037974), (-6.562523, 0.136818, 1.884954)
(-6.716633, 0.116157, 2.036372), (-6.715556, 0.107469, 2.189681), (-6.561573, 0.116814, 2.037974)
(-7.177329, 0.152484, 2.185738), (-7.175639, 0.159689, 2.339109), (-7.023969, 0.131827, 2.186887)
(-7.177329, 0.152484, 2.185738), (-7.023969, 0.131827, 2.186887), (-7.025419, 0.132181, 2.033611)
(-7.023969, 0.131827, 2.186887), (-7.022405, 0.136377, 2.340261), (-6.870028, 0.116794, 2.188209)
(-7.023969, 0.131827, 2.186887), (-6.870028, 0.116794, 2.188209), (-6.871301, 0.12102, 2.034914)
(-6.870028, 0.116794, 2.188209), (-6.868635, 0.118166, 2.341617), (-6.715556, 0.107469, 2.189681)
(-6.870028, 0.116794, 2.188209), (-6.715556, 0.107469, 2.189681), (-6.716633, 0.116157, 2.036372)
(-6.715556, 0.107469, 2.189681), (-6.714389, 0.104799, 2.343129), (-6.560656, 0.103769, 2.191284)
(-6.715556, 0.107469, 2.189681), (-6.560656, 0.103769, 2.191284), (-6.561573, 0.116814, 2.037974)
(-7.175639, 0.159689, 2.339109), (-7.022405, 0.136377, 2.340261), (-7.023969, 0.131827, 2.186887)
(-7.175639, 0.159689, 2.339109), (-7.173769, 0.171801, 2.492615), (-7.022405, 0.136377, 2.340261)
(-7.022405, 0.136377, 2.340261), (-6.868635, 0.118166, 2.341617), (-6.870028, 0.116794, 2.188209)
(-7.022405, 0.136377, 2.340261), (-7.020673, 0.146236, 2.493751), (-6.868635, 0.118166, 2.341617)
(-6.868635, 0.118166, 2.341617), (-6.714389, 0.104799, 2.343129), (-6.715556, 0.107469, 2.189681)
(-6.868635, 0.118166, 2.341617), (-6.8671, 0.125255, 2.495138), (-6.714389, 0.104799, 2.343129)
(-6.714389, 0.104799, 2.343129), (-6.559703, 0.097114, 2.344777), (-6.560656, 0.103769, 2.191284)
(-6.714389, 0.104799, 2.343129), (-6.713064, 0.109344, 2.496727), (-6.559703, 0.097114, 2.344777)
(-7.173769, 0.171801, 2.492615), (-7.020673, 0.146236, 2.493751), (-7.022405, 0.136377, 2.340261)
(-7.173769, 0.171801, 2.492615), (-7.171748, 0.188175, 2.646324), (-7.020673, 0.146236, 2.493751)
(-7.020673, 0.146236, 2.493751), (-7.018781, 0.160925, 2.647418), (-6.8671, 0.125255, 2.495138)
(-7.020673, 0.146236, 2.493751), (-6.8671, 0.125255, 2.495138), (-6.868635, 0.118166, 2.341617)
(-6.8671, 0.125255, 2.495138), (-6.86541, 0.137811, 2.648822), (-6.713064, 0.109344, 2.496727)
(-6.8671, 0.125255, 2.495138), (-6.713064, 0.109344, 2.496727), (-6.714389, 0.104799, 2.343129)
(-6.713064, 0.109344, 2.496727), (-6.71165, 0.119063, 2.650462), (-6.558664, 0.097824, 2.498442)
(-6.713064, 0.109344, 2.496727), (-6.558664, 0.097824, 2.498442), (-6.559703, 0.097114, 2.344777)
# -6.3107102166866635, 0, 2.30340081664667
(-6.561573, 0.116814, 2.037974), (-6.406267, 0.122364, 2.039726), (-6.407227, 0.146154, 1.886823)
(-6.561573, 0.116814, 2.037974), (-6.560656, 0.103769, 2.191284), (-6.406267, 0.122364, 2.039726)
(-6.406267, 0.122364, 2.039726), (-6.250868, 0.132836, 2.041688), (-6.251912, 0.159728, 1.88896)
(-6.406267, 0.122364, 2.039726), (-6.405457, 0.105692, 2.193022), (-6.250868, 0.132836, 2.041688)
(-6.250868, 0.132836, 2.041688), (-6.095538, 0.147474, 2.043926), (-6.096756, 0.176976, 1.891459)
(-6.250868, 0.132836, 2.041688), (-6.250112, 0.112318, 2.194901), (-6.095538, 0.147474, 2.043926)
(-6.095538, 0.147474, 2.043926), (-5.940409, 0.165565, 2.046523), (-5.941875, 0.197021, 1.894382)
(-6.095538, 0.147474, 2.043926), (-6.094752, 0.124034, 2.197007), (-5.940409, 0.165565, 2.046523)
(-6.560656, 0.103769, 2.191284), (-6.559703, 0.097114, 2.344777), (-6.405457, 0.105692, 2.193022)
(-6.560656, 0.103769, 2.191284), (-6.405457, 0.105692, 2.193022), (-6.406267, 0.122364, 2.039726)
(-6.405457, 0.105692, 2.193022), (-6.404705, 0.094903, 2.34654), (-6.250112, 0.112318, 2.194901)
(-6.405457, 0.105692, 2.193022), (-6.250112, 0.112318, 2.194901), (-6.250868, 0.132836, 2.041688)
(-6.250112, 0.112318, 2.194901), (-6.249506, 0.097891, 2.348422), (-6.094752, 0.124034, 2.197007)
(-6.250112, 0.112318, 2.194901), (-6.094752, 0.124034, 2.197007), (-6.095538, 0.147474, 2.043926)
(-6.094752, 0.124034, 2.197007), (-6.094222, 0.106354, 2.350476), (-5.939498, 0.139707, 2.199392)
(-6.094752, 0.124034, 2.197007), (-5.939498, 0.139707, 2.199392), (-5.940409, 0.165565, 2.046523)
(-6.559703, 0.097114, 2.344777), (-6.404705, 0.094903, 2.34654), (-6.405457, 0.105692, 2.193022)
(-6.559703, 0.097114, 2.344777), (-6.558664, 0.097824, 2.498442), (-6.404705, 0.094903, 2.34654)
(-6.404705, 0.094903, 2.34654), (-6.249506, 0.097891, 2.348422), (-6.250112, 0.112318, 2.194901)
(-6.404705, 0.094903, 2.34654), (-6.403952, 0.091257, 2.500266), (-6.249506, 0.097891, 2.348422)
(-6.249506, 0.097891, 2.348422), (-6.094222, 0.106354, 2.350476), (-6.094752, 0.124034, 2.197007)
(-6.249506, 0.097891, 2.348422), (-6.248993, 0.090455, 2.502203), (-6.094222, 0.106354, 2.350476)
(-6.094222, 0.106354, 2.350476), (-5.938967, 0.119644, 2.352772), (-5.939498, 0.139707, 2.199392)
(-6.094222, 0.106354, 2.350476), (-6.093886, 0.095898, 2.504295), (-5.938967, 0.119644, 2.352772)
(-6.558664, 0.097824, 2.498442), (-6.403952, 0.091257, 2.500266), (-6.404705, 0.094903, 2.34654)
(-6.558664, 0.097824, 2.498442), (-6.557555, 0.104586, 2.652261), (-6.403952, 0.091257, 2.500266)
(-6.403952, 0.091257, 2.500266), (-6.403163, 0.094779, 2.654183), (-6.248993, 0.090455, 2.502203)
(-6.403952, 0.091257, 2.500266), (-6.248993, 0.090455, 2.502203), (-6.249506, 0.097891, 2.348422)
(-6.248993, 0.090455, 2.502203), (-6.093886, 0.095898, 2.504295), (-6.094222, 0.106354, 2.350476)
(-6.248993, 0.090455, 2.502203), (-6.248507, 0.091038, 2.656231), (-6.093886, 0.095898, 2.504295)
(-6.093886, 0.095898, 2.504295), (-6.093663, 0.093485, 2.658411), (-5.938739, 0.106552, 2.506582)
(-6.093886, 0.095898, 2.504295), (-5.938739, 0.106552, 2.506582), (-5.938967, 0.119644, 2.352772)
# -5.642939983353331, 0, 2.30340081664667
(-5.940409, 0.165565, 2.046523), (-5.785604, 0.186905, 2.049614), (-5.787404, 0.21995, 1.89789)
(-5.940409, 0.165565, 2.046523), (-5.939498, 0.139707, 2.199392), (-5.785604, 0.186905, 2.049614)
(-5.785604, 0.186905, 2.049614), (-5.631293, 0.211865, 2.053446), (-5.633457, 0.246017, 1.90217)
(-5.785604, 0.186905, 2.049614), (-5.784509, 0.159622, 2.202243), (-5.631293, 0.211865, 2.053446)
(-5.631293, 0.211865, 2.053446), (-5.477549, 0.240574, 2.058205), (-5.480104, 0.275734, 1.907428)
(-5.631293, 0.211865, 2.053446), (-5.629904, 0.183288, 2.205717), (-5.477549, 0.240574, 2.058205)
(-5.477549, 0.240574, 2.058205), (-5.324386, 0.273311, 2.064047), (-5.327268, 0.30915, 1.913714)
(-5.477549, 0.240574, 2.058205), (-5.475816, 0.210974, 2.21005), (-5.324386, 0.273311, 2.064047)
(-5.324386, 0.273311, 2.064047), (-5.171741, 0.310247, 2.071061), (-5.174872, 0.346695, 1.921123)
(-5.324386, 0.273311, 2.064047), (-5.322309, 0.242911, 2.215452), (-5.171741, 0.310247, 2.071061)
(-5.939498, 0.139707, 2.199392), (-5.938967, 0.119644, 2.352772), (-5.784509, 0.159622, 2.202243)
(-5.939498, 0.139707, 2.199392), (-5.784509, 0.159622, 2.202243), (-5.785604, 0.186905, 2.049614)
(-5.784509, 0.159622, 2.202243), (-5.783882, 0.137676, 2.355454), (-5.629904, 0.183288, 2.205717)
(-5.784509, 0.159622, 2.202243), (-5.629904, 0.183288, 2.205717), (-5.631293, 0.211865, 2.053446)
(-5.629904, 0.183288, 2.205717), (-5.6291, 0.160141, 2.358696), (-5.475816, 0.210974, 2.21005)
(-5.629904, 0.183288, 2.205717), (-5.475816, 0.210974, 2.21005), (-5.477549, 0.240574, 2.058205)
(-5.475816, 0.210974, 2.21005), (-5.474736, 0.186744, 2.362687), (-5.322309, 0.242911, 2.215452)
(-5.475816, 0.210974, 2.21005), (-5.322309, 0.242911, 2.215452), (-5.324386, 0.273311, 2.064047)
(-5.322309, 0.242911, 2.215452), (-5.320917, 0.217842, 2.367696), (-5.16938, 0.279272, 2.222076)
(-5.322309, 0.242911, 2.215452), (-5.16938, 0.279272, 2.222076), (-5.171741, 0.310247, 2.071061)
(-5.938967, 0.119644, 2.352772), (-5.783882, 0.137676, 2.355454), (-5.784509, 0.159622, 2.202243)
(-5.938967, 0.119644, 2.352772), (-5.938739, 0.106552, 2.506582), (-5.783882, 0.137676, 2.355454)
(-5.783882, 0.137676, 2.355454), (-5.6291, 0.160141, 2.358696), (-5.629904, 0.183288, 2.205717)
(-5.783882, 0.137676, 2.355454), (-5.783663, 0.122573, 2.509187), (-5.6291, 0.160141, 2.358696)
(-5.6291, 0.160141, 2.358696), (-5.474736, 0.186744, 2.362687), (-5.475816, 0.210974, 2.21005)
(-5.6291, 0.160141, 2.358696), (-5.628792, 0.143658, 2.512276), (-5.474736, 0.186744, 2.362687)
(-5.474736, 0.186744, 2.362687), (-5.320917, 0.217842, 2.367696), (-5.322309, 0.242911, 2.215452)
(-5.474736, 0.186744, 2.362687), (-5.474269, 0.169573, 2.516067), (-5.320917, 0.217842, 2.367696)
(-5.320917, 0.217842, 2.367696), (-5.167656, 0.253225, 2.37386), (-5.16938, 0.279272, 2.222076)
(-5.320917, 0.217842, 2.367696), (-5.320162, 0.199514, 2.520706), (-5.167656, 0.253225, 2.37386)
(-5.938739, 0.106552, 2.506582), (-5.783663, 0.122573, 2.509187), (-5.783882, 0.137676, 2.355454)
(-5.938739, 0.106552, 2.506582), (-5.938714, 0.102023, 2.660769), (-5.783663, 0.122573, 2.509187)
(-5.783663, 0.122573, 2.509187), (-5.783751, 0.116196, 2.663382), (-5.628792, 0.143658, 2.512276)
(-5.783663, 0.122573, 2.509187), (-5.628792, 0.143658, 2.512276), (-5.6291, 0.160141, 2.358696)
(-5.628792, 0.143658, 2.512276), (-5.628895, 0.136081, 2.666412), (-5.474269, 0.169573, 2.516067)
(-5.628792, 0.143658, 2.512276), (-5.474269, 0.169573, 2.516067), (-5.474736, 0.186744, 2.362687)
(-5.474269, 0.169573, 2.516067), (-5.474258, 0.160811, 2.670018), (-5.320162, 0.199514, 2.520706)
(-5.474269, 0.169573, 2.516067), (-5.320162, 0.199514, 2.520706), (-5.320917, 0.217842, 2.367696)
(-5.320162, 0.199514, 2.520706), (-5.166545, 0.233527, 2.526383), (-5.167656, 0.253225, 2.37386)
(-5.320162, 0.199514, 2.520706), (-5.319938, 0.189659, 2.674364), (-5.166545, 0.233527, 2.526383)
# -4.975169750019997, 0, 2.30340081664667
(-5.171741, 0.310247, 2.071061), (-5.019501, 0.351624, 2.079299), (-5.022757, 0.388514, 1.929645)
(-5.171741, 0.310247, 2.071061), (-5.16938, 0.279272, 2.222076), (-5.019501, 0.351624, 2.079299)
(-5.019501, 0.351624, 2.079299), (-4.867434, 0.397057, 2.088615), (-4.870696, 0.43442, 1.939154)
(-5.019501, 0.351624, 2.079299), (-5.016896, 0.319751, 2.229894), (-4.867434, 0.397057, 2.088615)
(-4.867434, 0.397057, 2.088615), (-4.715273, 0.445768, 2.098741), (-4.718388, 0.483486, 1.949337)
(-4.867434, 0.397057, 2.088615), (-4.864671, 0.364025, 2.238806), (-4.715273, 0.445768, 2.098741)
(-4.715273, 0.445768, 2.098741), (-4.562741, 0.496656, 2.10935), (-4.565555, 0.534767, 1.959887)
(-4.715273, 0.445768, 2.098741), (-4.712468, 0.411503, 2.248601), (-4.562741, 0.496656, 2.10935)
(-5.16938, 0.279272, 2.222076), (-5.167656, 0.253225, 2.37386), (-5.016896, 0.319751, 2.229894)
(-5.16938, 0.279272, 2.222076), (-5.016896, 0.319751, 2.229894), (-5.019501, 0.351624, 2.079299)
(-5.016896, 0.319751, 2.229894), (-5.014872, 0.29257, 2.381196), (-4.864671, 0.364025, 2.238806)
(-5.016896, 0.319751, 2.229894), (-4.864671, 0.364025, 2.238806), (-4.867434, 0.397057, 2.088615)
(-4.864671, 0.364025, 2.238806), (-4.862406, 0.335346, 2.389596), (-4.712468, 0.411503, 2.248601)
(-4.864671, 0.364025, 2.238806), (-4.712468, 0.411503, 2.248601), (-4.715273, 0.445768, 2.098741)
(-4.712468, 0.411503, 2.248601), (-4.710063, 0.38115, 2.398916), (-4.560008, 0.46126, 2.258977)
(-4.712468, 0.411503, 2.248601), (-4.560008, 0.46126, 2.258977), (-4.562741, 0.496656, 2.10935)
(-5.167656, 0.253225, 2.37386), (-5.014872, 0.29257, 2.381196), (-5.016896, 0.319751, 2.229894)
(-5.167656, 0.253225, 2.37386), (-5.166545, 0.233527, 2.526383), (-5.014872, 0.29257, 2.381196)
(-5.014872, 0.29257, 2.381196), (-4.862406, 0.335346, 2.389596), (-4.864671, 0.364025, 2.238806)
(-5.014872, 0.29257, 2.381196), (-5.013412, 0.271457, 2.533187), (-4.862406, 0.335346, 2.389596)
(-4.862406, 0.335346, 2.389596), (-4.710063, 0.38115, 2.398916), (-4.712468, 0.411503, 2.248601)
(-4.862406, 0.335346, 2.389596), (-4.860653, 0.312798, 2.541053), (-4.710063, 0.38115, 2.398916)
(-4.710063, 0.38115, 2.398916), (-4.557572, 0.428959, 2.408848), (-4.560008, 0.46126, 2.258977)
(-4.710063, 0.38115, 2.398916), (-4.708058, 0.356495, 2.549758), (-4.557572, 0.428959, 2.408848)
(-5.166545, 0.233527, 2.526383), (-5.16601, 0.222334, 2.679616), (-5.013412, 0.271457, 2.533187)
(-5.166545, 0.233527, 2.526383), (-5.013412, 0.271457, 2.533187), (-5.014872, 0.29257, 2.381196)
(-5.013412, 0.271457, 2.533187), (-4.860653, 0.312798, 2.541053), (-4.862406, 0.335346, 2.389596)
(-5.013412, 0.271457, 2.533187), (-5.012526, 0.258817, 2.68591), (-4.860653, 0.312798, 2.541053)
(-4.860653, 0.312798, 2.541053), (-4.859407, 0.298308, 2.693178), (-4.708058, 0.356495, 2.549758)
(-4.860653, 0.312798, 2.541053), (-4.708058, 0.356495, 2.549758), (-4.710063, 0.38115, 2.398916)
(-4.708058, 0.356495, 2.549758), (-4.555405, 0.401731, 2.559061), (-4.557572, 0.428959, 2.408848)
(-4.708058, 0.356495, 2.549758), (-4.706493, 0.339831, 2.70123), (-4.555405, 0.401731, 2.559061)
# -4.307399516686664, 0, 2.30340081664667
(-4.411891, 0.586973, 1.970429), (-4.257042, 0.63847, 1.98049), (-4.258503, 0.677967, 1.830059)
(-4.411891, 0.586973, 1.970429), (-4.409523, 0.548498, 2.120073), (-4.257042, 0.63847, 1.98049)
(-4.257042, 0.63847, 1.98049), (-4.255315, 0.599509, 2.130441), (-4.100993, 0.687974, 1.989848)
(-4.257042, 0.63847, 1.98049), (-4.100993, 0.687974, 1.989848), (-4.101575, 0.727414, 1.838794)
(-4.100993, 0.687974, 1.989848), (-3.94354, 0.734295, 1.998176), (-3.943145, 0.773783, 1.846441)
(-4.100993, 0.687974, 1.989848), (-4.099961, 0.648336, 2.140122), (-3.94354, 0.734295, 1.998176)
(-4.562741, 0.496656, 2.10935), (-4.409523, 0.548498, 2.120073), (-4.411891, 0.586973, 1.970429)
(-4.562741, 0.496656, 2.10935), (-4.560008, 0.46126, 2.258977), (-4.409523, 0.548498, 2.120073)
(-4.409523, 0.548498, 2.120073), (-4.255315, 0.599509, 2.130441), (-4.257042, 0.63847, 1.98049)
(-4.409523, 0.548498, 2.120073), (-4.407001, 0.511596, 2.269505), (-4.255315, 0.599509, 2.130441)
(-4.255315, 0.599509, 2.130441), (-4.099961, 0.648336, 2.140122), (-4.100993, 0.687974, 1.989848)
(-4.255315, 0.599509, 2.130441), (-4.253207, 0.561128, 2.279815), (-4.099961, 0.648336, 2.140122)
(-4.099961, 0.648336, 2.140122), (-3.943358, 0.693921, 2.148863), (-3.94354, 0.734295, 1.998176)
(-4.099961, 0.648336, 2.140122), (-4.098393, 0.608543, 2.289527), (-3.943358, 0.693921, 2.148863)
(-4.560008, 0.46126, 2.258977), (-4.557572, 0.428959, 2.408848), (-4.407001, 0.511596, 2.269505)
(-4.560008, 0.46126, 2.258977), (-4.407001, 0.511596, 2.269505), (-4.409523, 0.548498, 2.120073)
(-4.407001, 0.511596, 2.269505), (-4.404663, 0.4774, 2.419016), (-4.253207, 0.561128, 2.279815)
(-4.407001, 0.511596, 2.269505), (-4.253207, 0.561128, 2.279815), (-4.255315, 0.599509, 2.130441)
(-4.253207, 0.561128, 2.279815), (-4.251132, 0.524951, 2.429064), (-4.098393, 0.608543, 2.289527)
(-4.253207, 0.561128, 2.279815), (-4.098393, 0.608543, 2.289527), (-4.099961, 0.648336, 2.140122)
(-4.098393, 0.608543, 2.289527), (-4.096675, 0.570416, 2.438563), (-3.942296, 0.652287, 2.298175)
(-4.098393, 0.608543, 2.289527), (-3.942296, 0.652287, 2.298175), (-3.943358, 0.693921, 2.148863)
(-4.557572, 0.428959, 2.408848), (-4.404663, 0.4774, 2.419016), (-4.407001, 0.511596, 2.269505)
(-4.557572, 0.428959, 2.408848), (-4.555405, 0.401731, 2.559061), (-4.404663, 0.4774, 2.419016)
(-4.404663, 0.4774, 2.419016), (-4.251132, 0.524951, 2.429064), (-4.253207, 0.561128, 2.279815)
(-4.404663, 0.4774, 2.419016), (-4.402448, 0.447603, 2.568656), (-4.251132, 0.524951, 2.429064)
(-4.251132, 0.524951, 2.429064), (-4.096675, 0.570416, 2.438563), (-4.098393, 0.608543, 2.289527)
(-4.251132, 0.524951, 2.429064), (-4.248907, 0.492867, 2.578151), (-4.096675, 0.570416, 2.438563)
(-4.096675, 0.570416, 2.438563), (-3.941081, 0.612194, 2.447079), (-3.942296, 0.652287, 2.298175)
(-4.096675, 0.570416, 2.438563), (-4.094628, 0.535467, 2.587163), (-3.941081, 0.612194, 2.447079)
(-4.555405, 0.401731, 2.559061), (-4.553578, 0.382257, 2.709812), (-4.402448, 0.447603, 2.568656)
(-4.555405, 0.401731, 2.559061), (-4.402448, 0.447603, 2.568656), (-4.404663, 0.4774, 2.419016)
(-4.402448, 0.447603, 2.568656), (-4.400445, 0.42508, 2.718686), (-4.248907, 0.492867, 2.578151)
(-4.402448, 0.447603, 2.568656), (-4.248907, 0.492867, 2.578151), (-4.251132, 0.524951, 2.429064)
(-4.248907, 0.492867, 2.578151), (-4.246829, 0.466917, 2.727474), (-4.094628, 0.535467, 2.587163)
(-4.248907, 0.492867, 2.578151), (-4.094628, 0.535467, 2.587163), (-4.096675, 0.570416, 2.438563)
(-4.094628, 0.535467, 2.587163), (-3.939441, 0.574511, 2.59538), (-3.941081, 0.612194, 2.447079)
(-4.094628, 0.535467, 2.587163), (-4.092556, 0.506054, 2.735809), (-3.939441, 0.574511, 2.59538)
# -3.6396292833533312, 0, 2.30340081664667
(-3.94354, 0.734295, 1.998176), (-3.943358, 0.693921, 2.148863), (-3.78456, 0.776211, 2.005148)
(-3.94354, 0.734295, 1.998176), (-3.78456, 0.776211, 2.005148), (-3.783211, 0.816055, 1.852805)
(-3.78456, 0.776211, 2.005148), (-3.624003, 0.812552, 2.010424), (-3.621883, 0.853594, 1.857802)
(-3.78456, 0.776211, 2.005148), (-3.785189, 0.734604, 2.15612), (-3.624003, 0.812552, 2.010424)
(-3.624003, 0.812552, 2.010424), (-3.625487, 0.769602, 2.161661), (-3.462234, 0.843375, 2.01416)
(-3.624003, 0.812552, 2.010424), (-3.462234, 0.843375, 2.01416), (-3.45919, 0.884996, 1.861065)
(-3.462234, 0.843375, 2.01416), (-3.299401, 0.86791, 2.016144), (-3.295494, 0.909748, 1.862586)
(-3.462234, 0.843375, 2.01416), (-3.46455, 0.798982, 2.165583), (-3.299401, 0.86791, 2.016144)
(-3.943358, 0.693921, 2.148863), (-3.785189, 0.734604, 2.15612), (-3.78456, 0.776211, 2.005148)
(-3.943358, 0.693921, 2.148863), (-3.942296, 0.652287, 2.298175), (-3.785189, 0.734604, 2.15612)
(-3.785189, 0.734604, 2.15612), (-3.625487, 0.769602, 2.161661), (-3.624003, 0.812552, 2.010424)
(-3.785189, 0.734604, 2.15612), (-3.784903, 0.691363, 2.305546), (-3.625487, 0.769602, 2.161661)
(-3.625487, 0.769602, 2.161661), (-3.46455, 0.798982, 2.165583), (-3.462234, 0.843375, 2.01416)
(-3.625487, 0.769602, 2.161661), (-3.625981, 0.724574, 2.311131), (-3.46455, 0.798982, 2.165583)
(-3.46455, 0.798982, 2.165583), (-3.302593, 0.822673, 2.167871), (-3.299401, 0.86791, 2.016144)
(-3.46455, 0.798982, 2.165583), (-3.465927, 0.752405, 2.315197), (-3.302593, 0.822673, 2.167871)
(-3.942296, 0.652287, 2.298175), (-3.941081, 0.612194, 2.447079), (-3.784903, 0.691363, 2.305546)
(-3.942296, 0.652287, 2.298175), (-3.784903, 0.691363, 2.305546), (-3.785189, 0.734604, 2.15612)
(-3.784903, 0.691363, 2.305546), (-3.784261, 0.649199, 2.45432), (-3.625981, 0.724574, 2.311131)
(-3.784903, 0.691363, 2.305546), (-3.625981, 0.724574, 2.311131), (-3.625487, 0.769602, 2.161661)
(-3.625981, 0.724574, 2.311131), (-3.626056, 0.680577, 2.459897), (-3.465927, 0.752405, 2.315197)
(-3.625981, 0.724574, 2.311131), (-3.465927, 0.752405, 2.315197), (-3.46455, 0.798982, 2.165583)
(-3.465927, 0.752405, 2.315197), (-3.466699, 0.706417, 2.463871), (-3.304689, 0.774187, 2.317324)
(-3.465927, 0.752405, 2.315197), (-3.304689, 0.774187, 2.317324), (-3.302593, 0.822673, 2.167871)
(-3.941081, 0.612194, 2.447079), (-3.784261, 0.649199, 2.45432), (-3.784903, 0.691363, 2.305546)
(-3.941081, 0.612194, 2.447079), (-3.939441, 0.574511, 2.59538), (-3.784261, 0.649199, 2.45432)
(-3.784261, 0.649199, 2.45432), (-3.626056, 0.680577, 2.459897), (-3.625981, 0.724574, 2.311131)
(-3.784261, 0.649199, 2.45432), (-3.783101, 0.609057, 2.60237), (-3.626056, 0.680577, 2.459897)
(-3.626056, 0.680577, 2.459897), (-3.466699, 0.706417, 2.463871), (-3.465927, 0.752405, 2.315197)
(-3.626056, 0.680577, 2.459897), (-3.625412, 0.638212, 2.607699), (-3.466699, 0.706417, 2.463871)
(-3.466699, 0.706417, 2.463871), (-3.306224, 0.726582, 2.466), (-3.304689, 0.774187, 2.317324)
(-3.466699, 0.706417, 2.463871), (-3.466686, 0.661982, 2.611534), (-3.306224, 0.726582, 2.466)
(-3.306224, 0.726582, 2.466), (-3.144896, 0.741603, 2.466336), (-3.142666, 0.790403, 2.317708)
(-3.306224, 0.726582, 2.466), (-3.306912, 0.680419, 2.613625), (-3.144896, 0.741603, 2.466336)
(-3.939441, 0.574511, 2.59538), (-3.937496, 0.541523, 2.743418), (-3.783101, 0.609057, 2.60237)
(-3.939441, 0.574511, 2.59538), (-3.783101, 0.609057, 2.60237), (-3.784261, 0.649199, 2.45432)
(-3.783101, 0.609057, 2.60237), (-3.625412, 0.638212, 2.607699), (-3.626056, 0.680577, 2.459897)
(-3.783101, 0.609057, 2.60237), (-3.78137, 0.572893, 2.749866), (-3.625412, 0.638212, 2.607699)
(-3.625412, 0.638212, 2.607699), (-3.624101, 0.599304, 2.754871), (-3.466686, 0.661982, 2.611534)
(-3.625412, 0.638212, 2.607699), (-3.466686, 0.661982, 2.611534), (-3.466699, 0.706417, 2.463871)
(-3.466686, 0.661982, 2.611534), (-3.306912, 0.680419, 2.613625), (-3.306224, 0.726582, 2.466)
(-3.466686, 0.661982, 2.611534), (-3.465787, 0.620645, 2.758363), (-3.306912, 0.680419, 2.613625)
(-3.306912, 0.680419, 2.613625), (-3.306571, 0.637119, 2.760308), (-3.146225, 0.694139, 2.613885)
(-3.306912, 0.680419, 2.613625), (-3.146225, 0.694139, 2.613885), (-3.144896, 0.741603, 2.466336)
# -2.9718590500199973, 0, 2.30340081664667
(-2.644388, 0.898291, 2.005977), (-2.649826, 0.855447, 2.158283), (-2.481719, 0.890162, 1.999753)
(-2.644388, 0.898291, 2.005977), (-2.481719, 0.890162, 1.999753), (-2.475808, 0.926564, 1.845645)
(-2.807845, 0.90009, 2.010822), (-2.644388, 0.898291, 2.005977), (-2.638603, 0.93698, 1.851813)
(-2.807845, 0.90009, 2.010822), (-2.812929, 0.855288, 2.162999), (-2.644388, 0.898291, 2.005977)
(-2.971749, 0.895676, 2.014205), (-2.976339, 0.850143, 2.166336), (-2.807845, 0.90009, 2.010822)
(-2.971749, 0.895676, 2.014205), (-2.807845, 0.90009, 2.010822), (-2.802317, 0.940695, 1.856753)
(-3.299401, 0.86791, 2.016144), (-3.302593, 0.822673, 2.167871), (-3.135776, 0.885558, 2.016209)
(-3.299401, 0.86791, 2.016144), (-3.135776, 0.885558, 2.016209), (-3.131179, 0.927464, 1.862359)
(-3.135776, 0.885558, 2.016209), (-2.971749, 0.895676, 2.014205), (-2.966635, 0.937391, 1.860267)
(-3.135776, 0.885558, 2.016209), (-3.139698, 0.839591, 2.168064), (-2.971749, 0.895676, 2.014205)
(-2.649826, 0.855447, 2.158283), (-2.487396, 0.84973, 2.152038), (-2.481719, 0.890162, 1.999753)
(-2.649826, 0.855447, 2.158283), (-2.654684, 0.808641, 2.308327), (-2.487396, 0.84973, 2.152038)
(-2.812929, 0.855288, 2.162999), (-2.649826, 0.855447, 2.158283), (-2.644388, 0.898291, 2.005977)
(-2.812929, 0.855288, 2.162999), (-2.817321, 0.807197, 2.31313), (-2.649826, 0.855447, 2.158283)
(-2.976339, 0.850143, 2.166336), (-2.812929, 0.855288, 2.162999), (-2.807845, 0.90009, 2.010822)
(-2.976339, 0.850143, 2.166336), (-2.980107, 0.801197, 2.316287), (-2.812929, 0.855288, 2.162999)
(-3.302593, 0.822673, 2.167871), (-3.139698, 0.839591, 2.168064), (-3.135776, 0.885558, 2.016209)
(-3.302593, 0.822673, 2.167871), (-3.304689, 0.774187, 2.317324), (-3.139698, 0.839591, 2.168064)
(-3.139698, 0.839591, 2.168064), (-2.976339, 0.850143, 2.166336), (-2.971749, 0.895676, 2.014205)
(-3.139698, 0.839591, 2.168064), (-3.142666, 0.790403, 2.317708), (-2.976339, 0.850143, 2.166336)
(-2.654684, 0.808641, 2.308327), (-2.658743, 0.761711, 2.4573), (-2.492637, 0.805862, 2.302352)
(-2.654684, 0.808641, 2.308327), (-2.492637, 0.805862, 2.302352), (-2.487396, 0.84973, 2.152038)
(-2.817321, 0.807197, 2.31313), (-2.820855, 0.758634, 2.461943), (-2.654684, 0.808641, 2.308327)
(-2.817321, 0.807197, 2.31313), (-2.654684, 0.808641, 2.308327), (-2.649826, 0.855447, 2.158283)
(-2.980107, 0.801197, 2.316287), (-2.98306, 0.752159, 2.46507), (-2.817321, 0.807197, 2.31313)
(-2.980107, 0.801197, 2.316287), (-2.817321, 0.807197, 2.31313), (-2.812929, 0.855288, 2.162999)
(-3.304689, 0.774187, 2.317324), (-3.306224, 0.726582, 2.466), (-3.142666, 0.790403, 2.317708)
(-3.304689, 0.774187, 2.317324), (-3.142666, 0.790403, 2.317708), (-3.139698, 0.839591, 2.168064)
(-3.142666, 0.790403, 2.317708), (-3.144896, 0.741603, 2.466336), (-2.980107, 0.801197, 2.316287)
(-3.142666, 0.790403, 2.317708), (-2.980107, 0.801197, 2.316287), (-2.976339, 0.850143, 2.166336)
(-2.658743, 0.761711, 2.4573), (-2.497114, 0.761579, 2.451501), (-2.492637, 0.805862, 2.302352)
(-2.658743, 0.761711, 2.4573), (-2.66183, 0.715164, 2.605024), (-2.497114, 0.761579, 2.451501)
(-2.820855, 0.758634, 2.461943), (-2.658743, 0.761711, 2.4573), (-2.654684, 0.808641, 2.308327)
(-2.820855, 0.758634, 2.461943), (-2.823282, 0.710743, 2.609271), (-2.658743, 0.761711, 2.4573)
(-2.98306, 0.752159, 2.46507), (-2.820855, 0.758634, 2.461943), (-2.817321, 0.807197, 2.31313)
(-2.98306, 0.752159, 2.46507), (-2.984824, 0.703957, 2.612249), (-2.820855, 0.758634, 2.461943)
(-3.144896, 0.741603, 2.466336), (-2.98306, 0.752159, 2.46507), (-2.980107, 0.801197, 2.316287)
(-3.144896, 0.741603, 2.466336), (-3.146225, 0.694139, 2.613885), (-2.98306, 0.752159, 2.46507)
(-2.66183, 0.715164, 2.605024), (-2.663774, 0.670625, 2.751806), (-2.500712, 0.717492, 2.599558)
(-2.66183, 0.715164, 2.605024), (-2.500712, 0.717492, 2.599558), (-2.497114, 0.761579, 2.451501)
(-2.823282, 0.710743, 2.609271), (-2.66183, 0.715164, 2.605024), (-2.658743, 0.761711, 2.4573)
(-2.823282, 0.710743, 2.609271), (-2.824624, 0.665373, 2.755857), (-2.66183, 0.715164, 2.605024)
(-2.984824, 0.703957, 2.612249), (-2.9856, 0.658565, 2.758799), (-2.823282, 0.710743, 2.609271)
(-2.984824, 0.703957, 2.612249), (-2.823282, 0.710743, 2.609271), (-2.820855, 0.758634, 2.461943)
(-3.146225, 0.694139, 2.613885), (-3.146405, 0.649429, 2.76041), (-2.984824, 0.703957, 2.612249)
(-3.146225, 0.694139, 2.613885), (-2.984824, 0.703957, 2.612249), (-2.98306, 0.752159, 2.46507)
# -2.304088816686664, 0, 2.30340081664667
(-2.000851, 0.830173, 1.975685), (-2.006607, 0.800736, 2.128173), (-1.843215, 0.799477, 1.966817)
(-2.000851, 0.830173, 1.975685), (-1.843215, 0.799477, 1.966817), (-1.837662, 0.823824, 1.813123)
(-2.159833, 0.855661, 1.984272), (-2.000851, 0.830173, 1.975685), (-1.995089, 0.857681, 1.821918)
(-2.159833, 0.855661, 1.984272), (-2.165681, 0.822101, 2.136624), (-2.000851, 0.830173, 1.975685)
(-2.320155, 0.875664, 1.992354), (-2.325966, 0.838425, 2.144654), (-2.159833, 0.855661, 1.984272)
(-2.320155, 0.875664, 1.992354), (-2.159833, 0.855661, 1.984272), (-2.15391, 0.886581, 1.830463)
(-2.481719, 0.890162, 1.999753), (-2.320155, 0.875664, 1.992354), (-2.314164, 0.909808, 1.838483)
(-2.481719, 0.890162, 1.999753), (-2.487396, 0.84973, 2.152038), (-2.320155, 0.875664, 1.992354)
(-2.006607, 0.800736, 2.128173), (-1.848821, 0.773945, 2.119421), (-1.843215, 0.799477, 1.966817)
(-2.006607, 0.800736, 2.128173), (-2.012263, 0.769162, 2.279274), (-1.848821, 0.773945, 2.119421)
(-2.165681, 0.822101, 2.136624), (-2.006607, 0.800736, 2.128173), (-2.000851, 0.830173, 1.975685)
(-2.165681, 0.822101, 2.136624), (-2.171285, 0.786245, 2.287479), (-2.006607, 0.800736, 2.128173)
(-2.325966, 0.838425, 2.144654), (-2.165681, 0.822101, 2.136624), (-2.159833, 0.855661, 1.984272)
(-2.325966, 0.838425, 2.144654), (-2.33145, 0.798209, 2.295193), (-2.165681, 0.822101, 2.136624)
(-2.487396, 0.84973, 2.152038), (-2.325966, 0.838425, 2.144654), (-2.320155, 0.875664, 1.992354)
(-2.487396, 0.84973, 2.152038), (-2.492637, 0.805862, 2.302352), (-2.325966, 0.838425, 2.144654)
(-2.012263, 0.769162, 2.279274), (-2.01738, 0.737771, 2.429482), (-1.854362, 0.747169, 2.27091)
(-2.012263, 0.769162, 2.279274), (-1.854362, 0.747169, 2.27091), (-1.848821, 0.773945, 2.119421)
(-2.171285, 0.786245, 2.287479), (-2.176288, 0.750092, 2.437279), (-2.012263, 0.769162, 2.279274)
(-2.171285, 0.786245, 2.287479), (-2.012263, 0.769162, 2.279274), (-2.006607, 0.800736, 2.128173)
(-2.33145, 0.798209, 2.295193), (-2.336232, 0.757769, 2.444673), (-2.171285, 0.786245, 2.287479)
(-2.33145, 0.798209, 2.295193), (-2.171285, 0.786245, 2.287479), (-2.165681, 0.822101, 2.136624)
(-2.492637, 0.805862, 2.302352), (-2.497114, 0.761579, 2.451501), (-2.33145, 0.798209, 2.295193)
(-2.492637, 0.805862, 2.302352), (-2.33145, 0.798209, 2.295193), (-2.325966, 0.838425, 2.144654)
(-2.01738, 0.737771, 2.429482), (-1.859487, 0.720582, 2.421563), (-1.854362, 0.747169, 2.27091)
(-2.01738, 0.737771, 2.429482), (-2.021877, 0.706582, 2.578884), (-1.859487, 0.720582, 2.421563)
(-2.176288, 0.750092, 2.437279), (-2.01738, 0.737771, 2.429482), (-2.012263, 0.769162, 2.279274)
(-2.176288, 0.750092, 2.437279), (-2.18058, 0.713944, 2.586144), (-2.01738, 0.737771, 2.429482)
(-2.336232, 0.757769, 2.444673), (-2.176288, 0.750092, 2.437279), (-2.171285, 0.786245, 2.287479)
(-2.336232, 0.757769, 2.444673), (-2.340212, 0.717263, 2.593076), (-2.176288, 0.750092, 2.437279)
(-2.497114, 0.761579, 2.451501), (-2.336232, 0.757769, 2.444673), (-2.33145, 0.798209, 2.295193)
(-2.497114, 0.761579, 2.451501), (-2.500712, 0.717492, 2.599558), (-2.336232, 0.757769, 2.444673)
(-2.021877, 0.706582, 2.578884), (-2.025611, 0.676021, 2.727617), (-1.86409, 0.694403, 2.571539)
(-2.021877, 0.706582, 2.578884), (-1.86409, 0.694403, 2.571539), (-1.859487, 0.720582, 2.421563)
(-2.18058, 0.713944, 2.586144), (-2.021877, 0.706582, 2.578884), (-2.01738, 0.737771, 2.429482)
(-2.18058, 0.713944, 2.586144), (-2.183983, 0.678615, 2.734221), (-2.021877, 0.706582, 2.578884)
(-2.340212, 0.717263, 2.593076), (-2.343201, 0.677917, 2.740627), (-2.18058, 0.713944, 2.586144)
(-2.340212, 0.717263, 2.593076), (-2.18058, 0.713944, 2.586144), (-2.176288, 0.750092, 2.437279)
(-2.500712, 0.717492, 2.599558), (-2.340212, 0.717263, 2.593076), (-2.336232, 0.757769, 2.444673)
(-2.500712, 0.717492, 2.599558), (-2.503193, 0.674985, 2.746613), (-2.340212, 0.717263, 2.593076)
# -1.6363185833533305, 0, 2.30340081664667
(-1.381539, 0.669832, 2.09443), (-1.227128, 0.630998, 2.087245), (-1.222864, 0.643411, 1.93381)
(-1.381539, 0.669832, 2.09443), (-1.386235, 0.655739, 2.247153), (-1.227128, 0.630998, 2.087245)
(-1.536502, 0.707435, 2.102306), (-1.381539, 0.669832, 2.09443), (-1.376861, 0.685109, 1.941268)
(-1.536502, 0.707435, 2.102306), (-1.541531, 0.689541, 2.254599), (-1.381539, 0.669832, 2.09443)
(-1.692193, 0.742502, 2.110702), (-1.536502, 0.707435, 2.102306), (-1.531451, 0.725778, 1.949362)
(-1.692193, 0.742502, 2.110702), (-1.697507, 0.720414, 2.262599), (-1.536502, 0.707435, 2.102306)
(-1.848821, 0.773945, 2.119421), (-1.692193, 0.742502, 2.110702), (-1.686849, 0.764205, 1.957932)
(-1.848821, 0.773945, 2.119421), (-1.854362, 0.747169, 2.27091), (-1.692193, 0.742502, 2.110702)
(-1.386235, 0.655739, 2.247153), (-1.390766, 0.642726, 2.399422), (-1.231391, 0.620545, 2.240426)
(-1.386235, 0.655739, 2.247153), (-1.231391, 0.620545, 2.240426), (-1.227128, 0.630998, 2.087245)
(-1.541531, 0.689541, 2.254599), (-1.546349, 0.672273, 2.406298), (-1.386235, 0.655739, 2.247153)
(-1.541531, 0.689541, 2.254599), (-1.386235, 0.655739, 2.247153), (-1.381539, 0.669832, 2.09443)
(-1.697507, 0.720414, 2.262599), (-1.702517, 0.698681, 2.413764), (-1.541531, 0.689541, 2.254599)
(-1.697507, 0.720414, 2.262599), (-1.541531, 0.689541, 2.254599), (-1.536502, 0.707435, 2.102306)
(-1.854362, 0.747169, 2.27091), (-1.859487, 0.720582, 2.421563), (-1.697507, 0.720414, 2.262599)
(-1.854362, 0.747169, 2.27091), (-1.697507, 0.720414, 2.262599), (-1.692193, 0.742502, 2.110702)
(-1.390766, 0.642726, 2.399422), (-1.235552, 0.611557, 2.3933), (-1.231391, 0.620545, 2.240426)
(-1.390766, 0.642726, 2.399422), (-1.395059, 0.630958, 2.551423), (-1.235552, 0.611557, 2.3933)
(-1.546349, 0.672273, 2.406298), (-1.390766, 0.642726, 2.399422), (-1.386235, 0.655739, 2.247153)
(-1.546349, 0.672273, 2.406298), (-1.550856, 0.65567, 2.557609), (-1.390766, 0.642726, 2.399422)
(-1.702517, 0.698681, 2.413764), (-1.546349, 0.672273, 2.406298), (-1.541531, 0.689541, 2.254599)
(-1.702517, 0.698681, 2.413764), (-1.707139, 0.67708, 2.564372), (-1.546349, 0.672273, 2.406298)
(-1.859487, 0.720582, 2.421563), (-1.702517, 0.698681, 2.413764), (-1.697507, 0.720414, 2.262599)
(-1.859487, 0.720582, 2.421563), (-1.86409, 0.694403, 2.571539), (-1.702517, 0.698681, 2.413764)
(-1.395059, 0.630958, 2.551423), (-1.399024, 0.620483, 2.703358), (-1.239543, 0.604239, 2.546018)
(-1.395059, 0.630958, 2.551423), (-1.239543, 0.604239, 2.546018), (-1.235552, 0.611557, 2.3933)
(-1.550856, 0.65567, 2.557609), (-1.395059, 0.630958, 2.551423), (-1.390766, 0.642726, 2.399422)
(-1.550856, 0.65567, 2.557609), (-1.554925, 0.640219, 2.708707), (-1.395059, 0.630958, 2.551423)
(-1.707139, 0.67708, 2.564372), (-1.711205, 0.656599, 2.714634), (-1.550856, 0.65567, 2.557609)
(-1.707139, 0.67708, 2.564372), (-1.550856, 0.65567, 2.557609), (-1.546349, 0.672273, 2.406298)
(-1.86409, 0.694403, 2.571539), (-1.868049, 0.668788, 2.720993), (-1.707139, 0.67708, 2.564372)
(-1.86409, 0.694403, 2.571539), (-1.707139, 0.67708, 2.564372), (-1.702517, 0.698681, 2.413764)
# -0.968548350019997, 0, 2.30340081664667
(-0.764928, 0.520564, 2.070745), (-0.610635, 0.489601, 2.06699), (-0.608468, 0.491505, 1.912042)
(-0.764928, 0.520564, 2.070745), (-0.767598, 0.520147, 2.225481), (-0.610635, 0.489601, 2.06699)
(-0.919008, 0.555323, 2.075392), (-0.764928, 0.520564, 2.070745), (-0.762197, 0.525117, 1.916233)
(-0.919008, 0.555323, 2.075392), (-0.92225, 0.551522, 2.229569), (-0.764928, 0.520564, 2.070745)
(-1.073022, 0.592444, 2.08089), (-0.919008, 0.555323, 2.075392), (-0.915735, 0.562333, 1.921261)
(-1.073022, 0.592444, 2.08089), (-1.076795, 0.585456, 2.234571), (-0.919008, 0.555323, 2.075392)
(-1.227128, 0.630998, 2.087245), (-1.073022, 0.592444, 2.08089), (-1.069233, 0.602149, 1.927133)
(-1.227128, 0.630998, 2.087245), (-1.231391, 0.620545, 2.240426), (-1.073022, 0.592444, 2.08089)
(-0.767598, 0.520147, 2.225481), (-0.770265, 0.522031, 2.380233), (-0.612732, 0.492057, 2.22223)
(-0.767598, 0.520147, 2.225481), (-0.612732, 0.492057, 2.22223), (-0.610635, 0.489601, 2.06699)
(-0.92225, 0.551522, 2.229569), (-0.925459, 0.55, 2.383702), (-0.767598, 0.520147, 2.225481)
(-0.92225, 0.551522, 2.229569), (-0.767598, 0.520147, 2.225481), (-0.764928, 0.520564, 2.070745)
(-1.076795, 0.585456, 2.234571), (-1.080506, 0.580261, 2.388065), (-0.92225, 0.551522, 2.229569)
(-1.076795, 0.585456, 2.234571), (-0.92225, 0.551522, 2.229569), (-0.919008, 0.555323, 2.075392)
(-1.231391, 0.620545, 2.240426), (-1.235552, 0.611557, 2.3933), (-1.076795, 0.585456, 2.234571)
(-1.231391, 0.620545, 2.240426), (-1.076795, 0.585456, 2.234571), (-1.073022, 0.592444, 2.08089)
(-0.770265, 0.522031, 2.380233), (-0.614831, 0.497255, 2.377607), (-0.612732, 0.492057, 2.22223)
(-0.770265, 0.522031, 2.380233), (-0.772909, 0.526537, 2.535136), (-0.614831, 0.497255, 2.377607)
(-0.925459, 0.55, 2.383702), (-0.770265, 0.522031, 2.380233), (-0.767598, 0.520147, 2.225481)
(-0.925459, 0.55, 2.383702), (-0.928602, 0.550875, 2.537906), (-0.770265, 0.522031, 2.380233)
(-1.080506, 0.580261, 2.388065), (-0.925459, 0.55, 2.383702), (-0.92225, 0.551522, 2.229569)
(-1.080506, 0.580261, 2.388065), (-1.084104, 0.577178, 2.541542), (-0.925459, 0.55, 2.383702)
(-1.235552, 0.611557, 2.3933), (-1.080506, 0.580261, 2.388065), (-1.076795, 0.585456, 2.234571)
(-1.235552, 0.611557, 2.3933), (-1.239543, 0.604239, 2.546018), (-1.080506, 0.580261, 2.388065)
(-0.772909, 0.526537, 2.535136), (-0.775518, 0.533428, 2.690345), (-0.616938, 0.505257, 2.533207)
(-0.772909, 0.526537, 2.535136), (-0.616938, 0.505257, 2.533207), (-0.614831, 0.497255, 2.377607)
(-0.928602, 0.550875, 2.537906), (-0.772909, 0.526537, 2.535136), (-0.770265, 0.522031, 2.380233)
(-0.928602, 0.550875, 2.537906), (-0.931652, 0.553951, 2.692354), (-0.772909, 0.526537, 2.535136)
(-1.084104, 0.577178, 2.541542), (-1.087546, 0.575979, 2.695159), (-0.928602, 0.550875, 2.537906)
(-1.084104, 0.577178, 2.541542), (-0.928602, 0.550875, 2.537906), (-0.925459, 0.55, 2.383702)
(-1.239543, 0.604239, 2.546018), (-1.084104, 0.577178, 2.541542), (-1.080506, 0.580261, 2.388065)
(-1.239543, 0.604239, 2.546018), (-1.24329, 0.598545, 2.69882), (-1.084104, 0.577178, 2.541542)
# -0.3007781166866636, 0, 2.30340081664667
(0.009777, 0.413499, 2.059006), (0.165698, 0.407937, 2.058291), (0.165262, 0.396244, 1.90111)
(0.009777, 0.413499, 2.059006), (0.009866, 0.4274, 2.216242), (0.165698, 0.407937, 2.058291)
(-0.145842, 0.424518, 2.060131), (0.009777, 0.413499, 2.059006), (0.009804, 0.404607, 1.902255)
(-0.145842, 0.424518, 2.060131), (-0.146257, 0.435676, 2.2169), (0.009777, 0.413499, 2.059006)
(-0.301109, 0.441334, 2.061797), (-0.145842, 0.424518, 2.060131), (-0.145303, 0.418702, 1.903854)
(-0.301109, 0.441334, 2.061797), (-0.302083, 0.449149, 2.218022), (-0.145842, 0.424518, 2.060131)
(-0.456041, 0.463059, 2.064043), (-0.301109, 0.441334, 2.061797), (-0.300046, 0.438143, 1.905968)
(-0.456041, 0.463059, 2.064043), (-0.457572, 0.468156, 2.21977), (-0.301109, 0.441334, 2.061797)
(-0.610635, 0.489601, 2.06699), (-0.456041, 0.463059, 2.064043), (-0.454421, 0.462664, 1.908684)
(-0.610635, 0.489601, 2.06699), (-0.612732, 0.492057, 2.22223), (-0.456041, 0.463059, 2.064043)
(0.009866, 0.4274, 2.216242), (0.009951, 0.444388, 2.373826), (0.166258, 0.424602, 2.215974)
(0.009866, 0.4274, 2.216242), (0.166258, 0.424602, 2.215974), (0.165698, 0.407937, 2.058291)
(-0.146257, 0.435676, 2.2169), (-0.146687, 0.449701, 2.373966), (0.009866, 0.4274, 2.216242)
(-0.146257, 0.435676, 2.2169), (0.009866, 0.4274, 2.216242), (0.009777, 0.413499, 2.059006)
(-0.302083, 0.449149, 2.218022), (-0.303052, 0.460332, 2.374554), (-0.146257, 0.435676, 2.2169)
(-0.302083, 0.449149, 2.218022), (-0.146257, 0.435676, 2.2169), (-0.145842, 0.424518, 2.060131)
(-0.457572, 0.468156, 2.21977), (-0.459107, 0.476285, 2.375723), (-0.302083, 0.449149, 2.218022)
(-0.457572, 0.468156, 2.21977), (-0.302083, 0.449149, 2.218022), (-0.301109, 0.441334, 2.061797)
(-0.612732, 0.492057, 2.22223), (-0.614831, 0.497255, 2.377607), (-0.457572, 0.468156, 2.21977)
(-0.612732, 0.492057, 2.22223), (-0.457572, 0.468156, 2.21977), (-0.456041, 0.463059, 2.064043)
(0.009951, 0.444388, 2.373826), (0.166819, 0.444347, 2.37403), (0.166258, 0.424602, 2.215974)
(0.009951, 0.444388, 2.373826), (0.009951, 0.464033, 2.531761), (0.166819, 0.444347, 2.37403)
(-0.146687, 0.449701, 2.373966), (0.009951, 0.444388, 2.373826), (0.009866, 0.4274, 2.216242)
(-0.146687, 0.449701, 2.373966), (-0.147184, 0.46675, 2.531393), (0.009951, 0.444388, 2.373826)
(-0.303052, 0.460332, 2.374554), (-0.146687, 0.449701, 2.373966), (-0.146257, 0.435676, 2.2169)
(-0.303052, 0.460332, 2.374554), (-0.30406, 0.474996, 2.531471), (-0.146687, 0.449701, 2.373966)
(-0.459107, 0.476285, 2.375723), (-0.303052, 0.460332, 2.374554), (-0.302083, 0.449149, 2.218022)
(-0.459107, 0.476285, 2.375723), (-0.460648, 0.488057, 2.532053), (-0.303052, 0.460332, 2.374554)
(-0.614831, 0.497255, 2.377607), (-0.459107, 0.476285, 2.375723), (-0.457572, 0.468156, 2.21977)
(-0.614831, 0.497255, 2.377607), (-0.616938, 0.505257, 2.533207), (-0.459107, 0.476285, 2.375723)
(-0.147184, 0.46675, 2.531393), (-0.147845, 0.485896, 2.689177), (0.009951, 0.464033, 2.531761)
(-0.147184, 0.46675, 2.531393), (0.009951, 0.464033, 2.531761), (0.009951, 0.444388, 2.373826)
(-0.30406, 0.474996, 2.531471), (-0.147184, 0.46675, 2.531393), (-0.146687, 0.449701, 2.373966)
(-0.30406, 0.474996, 2.531471), (-0.305202, 0.491524, 2.688706), (-0.147184, 0.46675, 2.531393)
(0.009951, 0.464033, 2.531761), (0.167289, 0.467031, 2.532482), (0.166819, 0.444347, 2.37403)
(0.009951, 0.464033, 2.531761), (0.009753, 0.485849, 2.690072), (0.167289, 0.467031, 2.532482)
(-0.460648, 0.488057, 2.532053), (-0.462281, 0.501659, 2.688672), (-0.30406, 0.474996, 2.531471)
(-0.460648, 0.488057, 2.532053), (-0.30406, 0.474996, 2.531471), (-0.303052, 0.460332, 2.374554)
(-0.616938, 0.505257, 2.533207), (-0.619062, 0.515737, 2.689159), (-0.460648, 0.488057, 2.532053)
(-0.616938, 0.505257, 2.533207), (-0.460648, 0.488057, 2.532053), (-0.459107, 0.476285, 2.375723)
