# -19.66611488335333, 0, 16.326575716646676
(-19.606373, -1.219965, 15.997038), (-19.434818, -1.298142, 15.972692), (-19.43955, -1.281347, 15.822978)
(-19.606373, -1.219965, 15.997038), (-19.601688, -1.228263, 16.150663), (-19.434818, -1.298142, 15.972692)
(-19.777401, -1.130255, 16.021603), (-19.773434, -1.133424, 16.177048), (-19.606373, -1.219965, 15.997038)
(-19.777401, -1.130255, 16.021603), (-19.606373, -1.219965, 15.997038), (-19.610456, -1.208302, 15.845287)
(-19.947491, -1.033265, 16.04603), (-19.944315, -1.032069, 16.202948), (-19.777401, -1.130255, 16.021603)
(-19.947491, -1.033265, 16.04603), (-19.777401, -1.130255, 16.021603), (-19.780769, -1.123332, 15.867956)
(-19.429478, -1.312547, 16.124439), (-19.256788, -1.383114, 16.09844), (-19.262859, -1.360722, 15.948908)
(-19.429478, -1.312547, 16.124439), (-19.423483, -1.322247, 16.278303), (-19.256788, -1.383114, 16.09844)
(-19.601688, -1.228263, 16.150663), (-19.429478, -1.312547, 16.124439), (-19.434818, -1.298142, 15.972692)
(-19.601688, -1.228263, 16.150663), (-19.596407, -1.232109, 16.306395), (-19.429478, -1.312547, 16.124439)
(-19.773434, -1.133424, 16.177048), (-19.601688, -1.228263, 16.150663), (-19.606373, -1.219965, 15.997038)
(-19.773434, -1.133424, 16.177048), (-19.768772, -1.132676, 16.334373), (-19.601688, -1.228263, 16.150663)
(-19.944315, -1.032069, 16.202948), (-19.773434, -1.133424, 16.177048), (-19.777401, -1.130255, 16.021603)
(-19.944315, -1.032069, 16.202948), (-19.940346, -1.027226, 16.361755), (-19.773434, -1.133424, 16.177048)
(-19.423483, -1.322247, 16.278303), (-19.416864, -1.326559, 16.434534), (-19.250099, -1.400396, 16.250292)
(-19.423483, -1.322247, 16.278303), (-19.250099, -1.400396, 16.250292), (-19.256788, -1.383114, 16.09844)
(-19.596407, -1.232109, 16.306395), (-19.590528, -1.231178, 16.464384), (-19.423483, -1.322247, 16.278303)
(-19.596407, -1.232109, 16.306395), (-19.423483, -1.322247, 16.278303), (-19.429478, -1.312547, 16.124439)
(-19.768772, -1.132676, 16.334373), (-19.763533, -1.127878, 16.493715), (-19.596407, -1.232109, 16.306395)
(-19.768772, -1.132676, 16.334373), (-19.596407, -1.232109, 16.306395), (-19.601688, -1.228263, 16.150663)
(-19.940346, -1.027226, 16.361755), (-19.935734, -1.019014, 16.52231), (-19.768772, -1.132676, 16.334373)
(-19.940346, -1.027226, 16.361755), (-19.768772, -1.132676, 16.334373), (-19.773434, -1.133424, 16.177048)
(-19.416864, -1.326559, 16.434534), (-19.242828, -1.410868, 16.404713), (-19.250099, -1.400396, 16.250292)
(-19.416864, -1.326559, 16.434534), (-19.40955, -1.325405, 16.593292), (-19.242828, -1.410868, 16.404713)
(-19.590528, -1.231178, 16.464384), (-19.416864, -1.326559, 16.434534), (-19.423483, -1.322247, 16.278303)
(-19.590528, -1.231178, 16.464384), (-19.584036, -1.225255, 16.624645), (-19.416864, -1.326559, 16.434534)
(-19.763533, -1.127878, 16.493715), (-19.590528, -1.231178, 16.464384), (-19.596407, -1.232109, 16.306395)
(-19.763533, -1.127878, 16.493715), (-19.757822, -1.118202, 16.655199), (-19.590528, -1.231178, 16.464384)
(-19.935734, -1.019014, 16.52231), (-19.763533, -1.127878, 16.493715), (-19.768772, -1.132676, 16.334373)
(-19.935734, -1.019014, 16.52231), (-19.930717, -1.00648, 16.684719), (-19.763533, -1.127878, 16.493715)
(-19.40955, -1.325405, 16.593292), (-19.402096, -1.317286, 16.754841), (-19.234871, -1.415101, 16.561905)
(-19.40955, -1.325405, 16.593292), (-19.234871, -1.415101, 16.561905), (-19.242828, -1.410868, 16.404713)
(-19.584036, -1.225255, 16.624645), (-19.40955, -1.325405, 16.593292), (-19.416864, -1.326559, 16.434534)
(-19.584036, -1.225255, 16.624645), (-19.577295, -1.213624, 16.78738), (-19.40955, -1.325405, 16.593292)
(-19.757822, -1.118202, 16.655199), (-19.751894, -1.10323, 16.818949), (-19.584036, -1.225255, 16.624645)
(-19.757822, -1.118202, 16.655199), (-19.584036, -1.225255, 16.624645), (-19.590528, -1.231178, 16.464384)
# -18.99834465002, 0, 16.326575716646676
(-18.738703, -1.506768, 16.027264), (-18.567196, -1.518149, 16.007763), (-18.575365, -1.477831, 15.867238)
(-18.738703, -1.506768, 16.027264), (-18.730541, -1.541373, 16.17285), (-18.567196, -1.518149, 16.007763)
(-18.911074, -1.480792, 16.049221), (-18.738703, -1.506768, 16.027264), (-18.746508, -1.470039, 15.884453)
(-18.911074, -1.480792, 16.049221), (-18.90328, -1.510579, 16.196991), (-18.738703, -1.506768, 16.027264)
(-19.083878, -1.439246, 16.073147), (-18.911074, -1.480792, 16.049221), (-18.918358, -1.447111, 15.904171)
(-19.083878, -1.439246, 16.073147), (-19.076586, -1.463454, 16.222971), (-18.911074, -1.480792, 16.049221)
(-19.256788, -1.383114, 16.09844), (-19.083878, -1.439246, 16.073147), (-19.090584, -1.409959, 15.925846)
(-19.256788, -1.383114, 16.09844), (-19.250099, -1.400396, 16.250292), (-19.083878, -1.439246, 16.073147)
(-18.730541, -1.541373, 16.17285), (-18.722078, -1.571514, 16.321304), (-18.558804, -1.557245, 16.150965)
(-18.730541, -1.541373, 16.17285), (-18.558804, -1.557245, 16.150965), (-18.567196, -1.518149, 16.007763)
(-18.90328, -1.510579, 16.196991), (-18.895061, -1.534152, 16.347668), (-18.730541, -1.541373, 16.17285)
(-18.90328, -1.510579, 16.196991), (-18.730541, -1.541373, 16.17285), (-18.738703, -1.506768, 16.027264)
(-19.076586, -1.463454, 16.222971), (-19.068777, -1.480622, 16.375572), (-18.90328, -1.510579, 16.196991)
(-19.076586, -1.463454, 16.222971), (-18.90328, -1.510579, 16.196991), (-18.911074, -1.480792, 16.049221)
(-19.250099, -1.400396, 16.250292), (-19.242828, -1.410868, 16.404713), (-19.076586, -1.463454, 16.222971)
(-19.250099, -1.400396, 16.250292), (-19.076586, -1.463454, 16.222971), (-19.083878, -1.439246, 16.073147)
(-18.722078, -1.571514, 16.321304), (-18.550104, -1.593548, 16.297001), (-18.558804, -1.557245, 16.150965)
(-18.722078, -1.571514, 16.321304), (-18.713177, -1.596661, 16.472828), (-18.550104, -1.593548, 16.297001)
(-18.895061, -1.534152, 16.347668), (-18.722078, -1.571514, 16.321304), (-18.730541, -1.541373, 16.17285)
(-18.895061, -1.534152, 16.347668), (-18.886374, -1.551462, 16.501347), (-18.722078, -1.571514, 16.321304)
(-19.068777, -1.480622, 16.375572), (-18.895061, -1.534152, 16.347668), (-18.90328, -1.510579, 16.196991)
(-19.068777, -1.480622, 16.375572), (-19.060352, -1.490783, 16.531149), (-18.895061, -1.534152, 16.347668)
(-19.242828, -1.410868, 16.404713), (-19.068777, -1.480622, 16.375572), (-19.076586, -1.463454, 16.222971)
(-19.242828, -1.410868, 16.404713), (-19.234871, -1.415101, 16.561905), (-19.068777, -1.480622, 16.375572)
(-18.713177, -1.596661, 16.472828), (-18.704174, -1.613293, 16.627863), (-18.541039, -1.625823, 16.446228)
(-18.713177, -1.596661, 16.472828), (-18.541039, -1.625823, 16.446228), (-18.550104, -1.593548, 16.297001)
(-18.886374, -1.551462, 16.501347), (-18.713177, -1.596661, 16.472828), (-18.722078, -1.571514, 16.321304)
(-18.886374, -1.551462, 16.501347), (-18.877596, -1.559948, 16.658375), (-18.713177, -1.596661, 16.472828)
(-19.060352, -1.490783, 16.531149), (-19.051867, -1.492227, 16.690012), (-18.886374, -1.551462, 16.501347)
(-19.060352, -1.490783, 16.531149), (-18.886374, -1.551462, 16.501347), (-18.895061, -1.534152, 16.347668)
(-19.234871, -1.415101, 16.561905), (-19.060352, -1.490783, 16.531149), (-19.068777, -1.480622, 16.375572)
(-19.234871, -1.415101, 16.561905), (-19.226797, -1.411055, 16.722208), (-19.060352, -1.490783, 16.531149)
(-18.704174, -1.613293, 16.627863), (-18.531919, -1.650197, 16.599224), (-18.541039, -1.625823, 16.446228)
(-18.704174, -1.613293, 16.627863), (-18.695053, -1.62002, 16.786755), (-18.531919, -1.650197, 16.599224)
(-18.877596, -1.559948, 16.658375), (-18.704174, -1.613293, 16.627863), (-18.713177, -1.596661, 16.472828)
(-18.877596, -1.559948, 16.658375), (-18.868731, -1.559268, 16.819033), (-18.704174, -1.613293, 16.627863)
# -18.330574416686666, 0, 16.326575716646676
(-18.567196, -1.518149, 16.007763), (-18.396955, -1.515305, 15.991125), (-18.405397, -1.47106, 15.853015)
(-18.567196, -1.518149, 16.007763), (-18.558804, -1.557245, 16.150965), (-18.396955, -1.515305, 15.991125)
(-18.052641, -1.512642, 16.104733), (-18.043499, -1.562662, 16.243309), (-17.888002, -1.464102, 16.097734)
(-18.052641, -1.512642, 16.104733), (-17.888002, -1.464102, 16.097734), (-17.897078, -1.410422, 15.963727)
(-18.219511, -1.544096, 16.116186), (-18.210485, -1.590056, 16.257267), (-18.052641, -1.512642, 16.104733)
(-18.219511, -1.544096, 16.116186), (-18.052641, -1.512642, 16.104733), (-18.061499, -1.462746, 15.968504)
(-18.388363, -1.558371, 16.131889), (-18.379456, -1.600051, 16.275389), (-18.219511, -1.544096, 16.116186)
(-18.388363, -1.558371, 16.131889), (-18.219511, -1.544096, 16.116186), (-18.228298, -1.497055, 15.977918)
(-18.558804, -1.557245, 16.150965), (-18.550104, -1.593548, 16.297001), (-18.388363, -1.558371, 16.131889)
(-18.558804, -1.557245, 16.150965), (-18.388363, -1.558371, 16.131889), (-18.396955, -1.515305, 15.991125)
(-18.043499, -1.562662, 16.243309), (-17.878796, -1.517717, 16.234098), (-17.888002, -1.464102, 16.097734)
(-18.043499, -1.562662, 16.243309), (-18.034338, -1.610585, 16.385529), (-17.878796, -1.517717, 16.234098)
(-18.210485, -1.590056, 16.257267), (-18.043499, -1.562662, 16.243309), (-18.052641, -1.512642, 16.104733)
(-18.210485, -1.590056, 16.257267), (-18.20133, -1.633167, 16.401905), (-18.043499, -1.562662, 16.243309)
(-18.379456, -1.600051, 16.275389), (-18.210485, -1.590056, 16.257267), (-18.219511, -1.544096, 16.116186)
(-18.379456, -1.600051, 16.275389), (-18.370319, -1.638068, 16.422359), (-18.210485, -1.590056, 16.257267)
(-18.550104, -1.593548, 16.297001), (-18.379456, -1.600051, 16.275389), (-18.388363, -1.558371, 16.131889)
(-18.550104, -1.593548, 16.297001), (-18.541039, -1.625823, 16.446228), (-18.379456, -1.600051, 16.275389)
(-18.034338, -1.610585, 16.385529), (-18.025145, -1.656212, 16.531523), (-17.869572, -1.5709, 16.37373)
(-18.034338, -1.610585, 16.385529), (-17.869572, -1.5709, 16.37373), (-17.878796, -1.517717, 16.234098)
(-18.20133, -1.633167, 16.401905), (-18.034338, -1.610585, 16.385529), (-18.043499, -1.562662, 16.243309)
(-18.20133, -1.633167, 16.401905), (-18.19219, -1.671486, 16.550489), (-18.034338, -1.610585, 16.385529)
(-18.370319, -1.638068, 16.422359), (-18.361158, -1.669649, 16.573189), (-18.20133, -1.633167, 16.401905)
(-18.370319, -1.638068, 16.422359), (-18.20133, -1.633167, 16.401905), (-18.210485, -1.590056, 16.257267)
(-18.541039, -1.625823, 16.446228), (-18.370319, -1.638068, 16.422359), (-18.379456, -1.600051, 16.275389)
(-18.541039, -1.625823, 16.446228), (-18.531919, -1.650197, 16.599224), (-18.370319, -1.638068, 16.422359)
(-18.025145, -1.656212, 16.531523), (-17.860332, -1.623591, 16.517185), (-17.869572, -1.5709, 16.37373)
(-18.025145, -1.656212, 16.531523), (-18.016167, -1.696941, 16.682365), (-17.860332, -1.623591, 16.517185)
(-18.19219, -1.671486, 16.550489), (-18.025145, -1.656212, 16.531523), (-18.034338, -1.610585, 16.385529)
(-18.19219, -1.671486, 16.550489), (-18.183186, -1.70334, 16.703491), (-18.025145, -1.656212, 16.531523)
(-18.361158, -1.669649, 16.573189), (-18.19219, -1.671486, 16.550489), (-18.20133, -1.633167, 16.401905)
(-18.361158, -1.669649, 16.573189), (-18.352098, -1.692424, 16.728418), (-18.19219, -1.671486, 16.550489)
(-18.531919, -1.650197, 16.599224), (-18.361158, -1.669649, 16.573189), (-18.370319, -1.638068, 16.422359)
(-18.531919, -1.650197, 16.599224), (-18.522766, -1.66492, 16.756327), (-18.361158, -1.669649, 16.573189)
# -17.662804183353337, 0, 16.326575716646676
(-17.726271, -1.397389, 16.096424), (-17.716753, -1.455956, 16.230291), (-17.56732, -1.31679, 16.099821)
(-17.726271, -1.397389, 16.096424), (-17.56732, -1.31679, 16.099821), (-17.577166, -1.254484, 15.969495)
(-17.888002, -1.464102, 16.097734), (-17.878796, -1.517717, 16.234098), (-17.726271, -1.397389, 16.096424)
(-17.888002, -1.464102, 16.097734), (-17.726271, -1.397389, 16.096424), (-17.735546, -1.340177, 15.964058)
(-17.56732, -1.31679, 16.099821), (-17.557571, -1.379678, 16.23185), (-17.411892, -1.222404, 16.109129)
(-17.56732, -1.31679, 16.099821), (-17.411892, -1.222404, 16.109129), (-17.421635, -1.157265, 15.979298)
(-17.411892, -1.222404, 16.109129), (-17.401564, -1.290561, 16.239002), (-17.259319, -1.118751, 16.122633)
(-17.411892, -1.222404, 16.109129), (-17.259319, -1.118751, 16.122633), (-17.269583, -1.048793, 15.994154)
(-17.716753, -1.455956, 16.230291), (-17.557571, -1.379678, 16.23185), (-17.56732, -1.31679, 16.099821)
(-17.716753, -1.455956, 16.230291), (-17.707502, -1.514342, 16.367651), (-17.557571, -1.379678, 16.23185)
(-17.557571, -1.379678, 16.23185), (-17.401564, -1.290561, 16.239002), (-17.411892, -1.222404, 16.109129)
(-17.557571, -1.379678, 16.23185), (-17.54812, -1.443871, 16.366705), (-17.401564, -1.290561, 16.239002)
(-17.878796, -1.517717, 16.234098), (-17.716753, -1.455956, 16.230291), (-17.726271, -1.397389, 16.096424)
(-17.878796, -1.517717, 16.234098), (-17.869572, -1.5709, 16.37373), (-17.716753, -1.455956, 16.230291)
(-17.401564, -1.290561, 16.239002), (-17.248741, -1.19105, 16.251385), (-17.259319, -1.118751, 16.122633)
(-17.401564, -1.290561, 16.239002), (-17.391703, -1.360606, 16.371323), (-17.248741, -1.19105, 16.251385)
(-17.54812, -1.443871, 16.366705), (-17.391703, -1.360606, 16.371323), (-17.401564, -1.290561, 16.239002)
(-17.54812, -1.443871, 16.366705), (-17.538626, -1.510729, 16.504625), (-17.391703, -1.360606, 16.371323)
(-17.707502, -1.514342, 16.367651), (-17.698061, -1.574693, 16.508039), (-17.54812, -1.443871, 16.366705)
(-17.707502, -1.514342, 16.367651), (-17.54812, -1.443871, 16.366705), (-17.557571, -1.379678, 16.23185)
(-17.391703, -1.360606, 16.371323), (-17.381903, -1.434174, 16.506283), (-17.238281, -1.266571, 16.381294)
(-17.391703, -1.360606, 16.371323), (-17.238281, -1.266571, 16.381294), (-17.248741, -1.19105, 16.251385)
(-17.869572, -1.5709, 16.37373), (-17.707502, -1.514342, 16.367651), (-17.716753, -1.455956, 16.230291)
(-17.869572, -1.5709, 16.37373), (-17.860332, -1.623591, 16.517185), (-17.707502, -1.514342, 16.367651)
(-17.538626, -1.510729, 16.504625), (-17.381903, -1.434174, 16.506283), (-17.391703, -1.360606, 16.371323)
(-17.538626, -1.510729, 16.504625), (-17.529415, -1.579187, 16.647121), (-17.381903, -1.434174, 16.506283)
(-17.381903, -1.434174, 16.506283), (-17.228378, -1.345941, 16.514236), (-17.238281, -1.266571, 16.381294)
(-17.381903, -1.434174, 16.506283), (-17.373026, -1.509535, 16.647156), (-17.228378, -1.345941, 16.514236)
(-17.698061, -1.574693, 16.508039), (-17.538626, -1.510729, 16.504625), (-17.54812, -1.443871, 16.366705)
(-17.698061, -1.574693, 16.508039), (-17.688993, -1.634186, 16.65362), (-17.538626, -1.510729, 16.504625)
(-17.860332, -1.623591, 16.517185), (-17.698061, -1.574693, 16.508039), (-17.707502, -1.514342, 16.367651)
(-17.860332, -1.623591, 16.517185), (-17.851318, -1.673825, 16.665499), (-17.698061, -1.574693, 16.508039)
(-17.529415, -1.579187, 16.647121), (-17.520407, -1.647041, 16.794174), (-17.373026, -1.509535, 16.647156)
(-17.529415, -1.579187, 16.647121), (-17.373026, -1.509535, 16.647156), (-17.381903, -1.434174, 16.506283)
(-17.373026, -1.509535, 16.647156), (-17.363909, -1.587297, 16.790867), (-17.219322, -1.429312, 16.651953)
(-17.373026, -1.509535, 16.647156), (-17.219322, -1.429312, 16.651953), (-17.228378, -1.345941, 16.514236)
(-17.688993, -1.634186, 16.65362), (-17.67996, -1.691869, 16.803438), (-17.529415, -1.579187, 16.647121)
(-17.688993, -1.634186, 16.65362), (-17.529415, -1.579187, 16.647121), (-17.538626, -1.510729, 16.504625)
# -16.99503395002, 0, 16.326575716646676
(-17.269583, -1.048793, 15.994154), (-17.120493, -0.932859, 16.012976), (-17.132965, -0.857768, 15.887609)
(-17.269583, -1.048793, 15.994154), (-17.259319, -1.118751, 16.122633), (-17.120493, -0.932859, 16.012976)
(-17.120493, -0.932859, 16.012976), (-16.973816, -0.812422, 16.03491), (-16.986216, -0.73629, 15.909216)
(-17.120493, -0.932859, 16.012976), (-17.109638, -1.007076, 16.140333), (-16.973816, -0.812422, 16.03491)
(-16.973816, -0.812422, 16.03491), (-16.828726, -0.689264, 16.058914), (-16.841175, -0.612722, 15.93286)
(-16.973816, -0.812422, 16.03491), (-16.9625, -0.889638, 16.161606), (-16.828726, -0.689264, 16.058914)
(-16.828726, -0.689264, 16.058914), (-16.685722, -0.565199, 16.085178), (-16.697756, -0.488861, 15.95816)
(-16.828726, -0.689264, 16.058914), (-16.817959, -0.768986, 16.18622), (-16.685722, -0.565199, 16.085178)
(-16.685722, -0.565199, 16.085178), (-16.54398, -0.443312, 16.112522), (-16.555679, -0.368498, 15.984329)
(-16.685722, -0.565199, 16.085178), (-16.674675, -0.646538, 16.212322), (-16.54398, -0.443312, 16.112522)
(-17.259319, -1.118751, 16.122633), (-17.248741, -1.19105, 16.251385), (-17.109638, -1.007076, 16.140333)
(-17.259319, -1.118751, 16.122633), (-17.109638, -1.007076, 16.140333), (-17.120493, -0.932859, 16.012976)
(-17.109638, -1.007076, 16.140333), (-17.098467, -1.083671, 16.267632), (-16.9625, -0.889638, 16.161606)
(-17.109638, -1.007076, 16.140333), (-16.9625, -0.889638, 16.161606), (-16.973816, -0.812422, 16.03491)
(-16.9625, -0.889638, 16.161606), (-16.951311, -0.969372, 16.288588), (-16.817959, -0.768986, 16.18622)
(-16.9625, -0.889638, 16.161606), (-16.817959, -0.768986, 16.18622), (-16.828726, -0.689264, 16.058914)
(-16.817959, -0.768986, 16.18622), (-16.806494, -0.850994, 16.312677), (-16.674675, -0.646538, 16.212322)
(-16.817959, -0.768986, 16.18622), (-16.674675, -0.646538, 16.212322), (-16.685722, -0.565199, 16.085178)
(-16.674675, -0.646538, 16.212322), (-16.663528, -0.730444, 16.339128), (-16.533262, -0.526295, 16.24028)
(-16.674675, -0.646538, 16.212322), (-16.533262, -0.526295, 16.24028), (-16.54398, -0.443312, 16.112522)
(-17.248741, -1.19105, 16.251385), (-17.098467, -1.083671, 16.267632), (-17.109638, -1.007076, 16.140333)
(-17.248741, -1.19105, 16.251385), (-17.238281, -1.266571, 16.381294), (-17.098467, -1.083671, 16.267632)
(-17.098467, -1.083671, 16.267632), (-16.951311, -0.969372, 16.288588), (-16.9625, -0.889638, 16.161606)
(-17.098467, -1.083671, 16.267632), (-17.088263, -1.163547, 16.397169), (-16.951311, -0.969372, 16.288588)
(-16.951311, -0.969372, 16.288588), (-16.806494, -0.850994, 16.312677), (-16.817959, -0.768986, 16.18622)
(-16.951311, -0.969372, 16.288588), (-16.940666, -1.05395, 16.416515), (-16.806494, -0.850994, 16.312677)
(-16.806494, -0.850994, 16.312677), (-16.663528, -0.730444, 16.339128), (-16.674675, -0.646538, 16.212322)
(-16.806494, -0.850994, 16.312677), (-16.795525, -0.938995, 16.439507), (-16.663528, -0.730444, 16.339128)
(-16.663528, -0.730444, 16.339128), (-16.52228, -0.610391, 16.367535), (-16.533262, -0.526295, 16.24028)
(-16.663528, -0.730444, 16.339128), (-16.652519, -0.820565, 16.465546), (-16.52228, -0.610391, 16.367535)
(-17.238281, -1.266571, 16.381294), (-17.088263, -1.163547, 16.397169), (-17.098467, -1.083671, 16.267632)
(-17.238281, -1.266571, 16.381294), (-17.228378, -1.345941, 16.514236), (-17.088263, -1.163547, 16.397169)
(-17.088263, -1.163547, 16.397169), (-17.078009, -1.248454, 16.527859), (-16.940666, -1.05395, 16.416515)
(-17.088263, -1.163547, 16.397169), (-16.940666, -1.05395, 16.416515), (-16.951311, -0.969372, 16.288588)
(-16.940666, -1.05395, 16.416515), (-16.795525, -0.938995, 16.439507), (-16.806494, -0.850994, 16.312677)
(-16.940666, -1.05395, 16.416515), (-16.930445, -1.143801, 16.546017), (-16.795525, -0.938995, 16.439507)
(-16.795525, -0.938995, 16.439507), (-16.785021, -1.032809, 16.5674), (-16.652519, -0.820565, 16.465546)
(-16.795525, -0.938995, 16.439507), (-16.652519, -0.820565, 16.465546), (-16.663528, -0.730444, 16.339128)
(-17.228378, -1.345941, 16.514236), (-17.078009, -1.248454, 16.527859), (-17.088263, -1.163547, 16.397169)
(-17.228378, -1.345941, 16.514236), (-17.219322, -1.429312, 16.651953), (-17.078009, -1.248454, 16.527859)
(-17.078009, -1.248454, 16.527859), (-16.930445, -1.143801, 16.546017), (-16.940666, -1.05395, 16.416515)
(-17.078009, -1.248454, 16.527859), (-17.069138, -1.338239, 16.663723), (-16.930445, -1.143801, 16.546017)
(-16.930445, -1.143801, 16.546017), (-16.785021, -1.032809, 16.5674), (-16.795525, -0.938995, 16.439507)
(-16.930445, -1.143801, 16.546017), (-16.921242, -1.23998, 16.678963), (-16.785021, -1.032809, 16.5674)
(-16.785021, -1.032809, 16.5674), (-16.642311, -0.918201, 16.59301), (-16.652519, -0.820565, 16.465546)
(-16.785021, -1.032809, 16.5674), (-16.776531, -1.13508, 16.69989), (-16.642311, -0.918201, 16.59301)
(-17.219322, -1.429312, 16.651953), (-17.210348, -1.515461, 16.793037), (-17.069138, -1.338239, 16.663723)
(-17.219322, -1.429312, 16.651953), (-17.069138, -1.338239, 16.663723), (-17.078009, -1.248454, 16.527859)
# -16.32726371668667, 0, 16.326575716646676
(-16.413805, -0.250173, 16.010754), (-16.272213, -0.135307, 16.037317), (-16.282846, -0.067254, 15.905445)
(-16.413805, -0.250173, 16.010754), (-16.402779, -0.324075, 16.140263), (-16.272213, -0.135307, 16.037317)
(-16.272213, -0.135307, 16.037317), (-16.26186, -0.206362, 16.168417), (-16.130621, -0.027111, 16.063326)
(-16.272213, -0.135307, 16.037317), (-16.130621, -0.027111, 16.063326), (-16.14035, 0.036188, 15.929363)
(-16.130621, -0.027111, 16.063326), (-16.121132, -0.096664, 16.195976), (-15.988543, 0.069859, 16.087721)
(-16.130621, -0.027111, 16.063326), (-15.988543, 0.069859, 16.087721), (-15.997481, 0.135208, 15.952848)
(-16.54398, -0.443312, 16.112522), (-16.402779, -0.324075, 16.140263), (-16.413805, -0.250173, 16.010754)
(-16.54398, -0.443312, 16.112522), (-16.533262, -0.526295, 16.24028), (-16.402779, -0.324075, 16.140263)
(-16.402779, -0.324075, 16.140263), (-16.26186, -0.206362, 16.168417), (-16.272213, -0.135307, 16.037317)
(-16.402779, -0.324075, 16.140263), (-16.392258, -0.405724, 16.26881), (-16.26186, -0.206362, 16.168417)
(-16.26186, -0.206362, 16.168417), (-16.121132, -0.096664, 16.195976), (-16.130621, -0.027111, 16.063326)
(-16.26186, -0.206362, 16.168417), (-16.252037, -0.291143, 16.297642), (-16.121132, -0.096664, 16.195976)
(-16.121132, -0.096664, 16.195976), (-15.980066, 0.005496, 16.22258), (-15.988543, 0.069859, 16.087721)
(-16.121132, -0.096664, 16.195976), (-16.111855, -0.179038, 16.326479), (-15.980066, 0.005496, 16.22258)
(-16.533262, -0.526295, 16.24028), (-16.52228, -0.610391, 16.367535), (-16.392258, -0.405724, 16.26881)
(-16.533262, -0.526295, 16.24028), (-16.392258, -0.405724, 16.26881), (-16.402779, -0.324075, 16.140263)
(-16.392258, -0.405724, 16.26881), (-16.381891, -0.490822, 16.396873), (-16.252037, -0.291143, 16.297642)
(-16.392258, -0.405724, 16.26881), (-16.252037, -0.291143, 16.297642), (-16.26186, -0.206362, 16.168417)
(-16.252037, -0.291143, 16.297642), (-16.242228, -0.37458, 16.426764), (-16.111855, -0.179038, 16.326479)
(-16.252037, -0.291143, 16.297642), (-16.111855, -0.179038, 16.326479), (-16.121132, -0.096664, 16.195976)
(-16.111855, -0.179038, 16.326479), (-16.102905, -0.262886, 16.456726), (-15.971634, -0.072869, 16.354877)
(-16.111855, -0.179038, 16.326479), (-15.971634, -0.072869, 16.354877), (-15.980066, 0.005496, 16.22258)
(-16.52228, -0.610391, 16.367535), (-16.381891, -0.490822, 16.396873), (-16.392258, -0.405724, 16.26881)
(-16.52228, -0.610391, 16.367535), (-16.511753, -0.70311, 16.494333), (-16.381891, -0.490822, 16.396873)
(-16.381891, -0.490822, 16.396873), (-16.242228, -0.37458, 16.426764), (-16.252037, -0.291143, 16.297642)
(-16.381891, -0.490822, 16.396873), (-16.371696, -0.584215, 16.523947), (-16.242228, -0.37458, 16.426764)
(-16.242228, -0.37458, 16.426764), (-16.102905, -0.262886, 16.456726), (-16.111855, -0.179038, 16.326479)
(-16.242228, -0.37458, 16.426764), (-16.232565, -0.466776, 16.554621), (-16.102905, -0.262886, 16.456726)
(-16.102905, -0.262886, 16.456726), (-15.96362, -0.153416, 16.486811), (-15.971634, -0.072869, 16.354877)
(-16.102905, -0.262886, 16.456726), (-16.094059, -0.352753, 16.58588), (-15.96362, -0.153416, 16.486811)
(-16.652519, -0.820565, 16.465546), (-16.511753, -0.70311, 16.494333), (-16.52228, -0.610391, 16.367535)
(-16.652519, -0.820565, 16.465546), (-16.642311, -0.918201, 16.59301), (-16.511753, -0.70311, 16.494333)
(-16.511753, -0.70311, 16.494333), (-16.50148, -0.802157, 16.621063), (-16.371696, -0.584215, 16.523947)
(-16.511753, -0.70311, 16.494333), (-16.371696, -0.584215, 16.523947), (-16.381891, -0.490822, 16.396873)
(-16.371696, -0.584215, 16.523947), (-16.232565, -0.466776, 16.554621), (-16.242228, -0.37458, 16.426764)
(-16.371696, -0.584215, 16.523947), (-16.362045, -0.685928, 16.650908), (-16.232565, -0.466776, 16.554621)
(-16.232565, -0.466776, 16.554621), (-16.223392, -0.568168, 16.681911), (-16.094059, -0.352753, 16.58588)
(-16.232565, -0.466776, 16.554621), (-16.094059, -0.352753, 16.58588), (-16.102905, -0.262886, 16.456726)
(-16.094059, -0.352753, 16.58588), (-15.955845, -0.247841, 16.616665), (-15.96362, -0.153416, 16.486811)
(-16.094059, -0.352753, 16.58588), (-16.08576, -0.456238, 16.713781), (-15.955845, -0.247841, 16.616665)
(-16.642311, -0.918201, 16.59301), (-16.50148, -0.802157, 16.621063), (-16.511753, -0.70311, 16.494333)
(-16.642311, -0.918201, 16.59301), (-16.633654, -1.025807, 16.723324), (-16.50148, -0.802157, 16.621063)
(-16.50148, -0.802157, 16.621063), (-16.362045, -0.685928, 16.650908), (-16.371696, -0.584215, 16.523947)
(-16.50148, -0.802157, 16.621063), (-16.492697, -0.913524, 16.749643), (-16.362045, -0.685928, 16.650908)
(-16.362045, -0.685928, 16.650908), (-16.223392, -0.568168, 16.681911), (-16.232565, -0.466776, 16.554621)
(-16.362045, -0.685928, 16.650908), (-16.353401, -0.799407, 16.778538), (-16.223392, -0.568168, 16.681911)
# -15.659493483353337, 0, 16.326575716646676
(-15.708947, 0.296724, 15.993673), (-15.563051, 0.362657, 16.011375), (-15.568716, 0.404823, 15.868385)
(-15.708947, 0.296724, 15.993673), (-15.70237, 0.244784, 16.133572), (-15.563051, 0.362657, 16.011375)
(-15.563051, 0.362657, 16.011375), (-15.416059, 0.420715, 16.027529), (-15.420589, 0.457156, 15.882425)
(-15.563051, 0.362657, 16.011375), (-15.55766, 0.316049, 16.153492), (-15.416059, 0.420715, 16.027529)
(-15.416059, 0.420715, 16.027529), (-15.267582, 0.465944, 16.041054), (-15.271204, 0.499233, 15.894455)
(-15.416059, 0.420715, 16.027529), (-15.411468, 0.373666, 16.170618), (-15.267582, 0.465944, 16.041054)
(-15.988543, 0.069859, 16.087721), (-15.980066, 0.005496, 16.22258), (-15.845876, 0.161705, 16.111391)
(-15.988543, 0.069859, 16.087721), (-15.845876, 0.161705, 16.111391), (-15.853746, 0.221556, 15.974251)
(-15.845876, 0.161705, 16.111391), (-15.70237, 0.244784, 16.133572), (-15.708947, 0.296724, 15.993673)
(-15.845876, 0.161705, 16.111391), (-15.838419, 0.099468, 16.247963), (-15.70237, 0.244784, 16.133572)
(-15.70237, 0.244784, 16.133572), (-15.696063, 0.187095, 16.272303), (-15.55766, 0.316049, 16.153492)
(-15.70237, 0.244784, 16.133572), (-15.55766, 0.316049, 16.153492), (-15.563051, 0.362657, 16.011375)
(-15.55766, 0.316049, 16.153492), (-15.552439, 0.261004, 16.293978), (-15.411468, 0.373666, 16.170618)
(-15.55766, 0.316049, 16.153492), (-15.411468, 0.373666, 16.170618), (-15.416059, 0.420715, 16.027529)
(-15.411468, 0.373666, 16.170618), (-15.407443, 0.323633, 16.313248), (-15.264109, 0.424435, 16.186207)
(-15.411468, 0.373666, 16.170618), (-15.264109, 0.424435, 16.186207), (-15.267582, 0.465944, 16.041054)
(-15.980066, 0.005496, 16.22258), (-15.838419, 0.099468, 16.247963), (-15.845876, 0.161705, 16.111391)
(-15.980066, 0.005496, 16.22258), (-15.971634, -0.072869, 16.354877), (-15.838419, 0.099468, 16.247963)
(-15.838419, 0.099468, 16.247963), (-15.696063, 0.187095, 16.272303), (-15.70237, 0.244784, 16.133572)
(-15.838419, 0.099468, 16.247963), (-15.83105, 0.025729, 16.382341), (-15.696063, 0.187095, 16.272303)
(-15.696063, 0.187095, 16.272303), (-15.552439, 0.261004, 16.293978), (-15.55766, 0.316049, 16.153492)
(-15.696063, 0.187095, 16.272303), (-15.689631, 0.1124, 16.407774), (-15.552439, 0.261004, 16.293978)
(-15.552439, 0.261004, 16.293978), (-15.407443, 0.323633, 16.313248), (-15.411468, 0.373666, 16.170618)
(-15.552439, 0.261004, 16.293978), (-15.547287, 0.193058, 16.431984), (-15.407443, 0.323633, 16.313248)
(-15.407443, 0.323633, 16.313248), (-15.261116, 0.377747, 16.330542), (-15.264109, 0.424435, 16.186207)
(-15.407443, 0.323633, 16.313248), (-15.403481, 0.259572, 16.45322), (-15.261116, 0.377747, 16.330542)
(-15.971634, -0.072869, 16.354877), (-15.96362, -0.153416, 16.486811), (-15.83105, 0.025729, 16.382341)
(-15.971634, -0.072869, 16.354877), (-15.83105, 0.025729, 16.382341), (-15.838419, 0.099468, 16.247963)
(-15.83105, 0.025729, 16.382341), (-15.824079, -0.05446, 16.515642), (-15.689631, 0.1124, 16.407774)
(-15.83105, 0.025729, 16.382341), (-15.689631, 0.1124, 16.407774), (-15.696063, 0.187095, 16.272303)
(-15.689631, 0.1124, 16.407774), (-15.68385, 0.036414, 16.543114), (-15.547287, 0.193058, 16.431984)
(-15.689631, 0.1124, 16.407774), (-15.547287, 0.193058, 16.431984), (-15.552439, 0.261004, 16.293978)
(-15.547287, 0.193058, 16.431984), (-15.542677, 0.118835, 16.568958), (-15.403481, 0.259572, 16.45322)
(-15.547287, 0.193058, 16.431984), (-15.403481, 0.259572, 16.45322), (-15.407443, 0.323633, 16.313248)
(-15.403481, 0.259572, 16.45322), (-15.400202, 0.190435, 16.592459), (-15.25844, 0.320432, 16.472986)
(-15.403481, 0.259572, 16.45322), (-15.25844, 0.320432, 16.472986), (-15.261116, 0.377747, 16.330542)
(-15.96362, -0.153416, 16.486811), (-15.824079, -0.05446, 16.515642), (-15.83105, 0.025729, 16.382341)
(-15.96362, -0.153416, 16.486811), (-15.955845, -0.247841, 16.616665), (-15.824079, -0.05446, 16.515642)
(-15.824079, -0.05446, 16.515642), (-15.68385, 0.036414, 16.543114), (-15.689631, 0.1124, 16.407774)
(-15.824079, -0.05446, 16.515642), (-15.817308, -0.145738, 16.647045), (-15.68385, 0.036414, 16.543114)
(-15.68385, 0.036414, 16.543114), (-15.542677, 0.118835, 16.568958), (-15.547287, 0.193058, 16.431984)
(-15.68385, 0.036414, 16.543114), (-15.678292, -0.05118, 16.67638), (-15.542677, 0.118835, 16.568958)
(-15.542677, 0.118835, 16.568958), (-15.400202, 0.190435, 16.592459), (-15.403481, 0.259572, 16.45322)
(-15.542677, 0.118835, 16.568958), (-15.538455, 0.034636, 16.704182), (-15.400202, 0.190435, 16.592459)
(-15.400202, 0.190435, 16.592459), (-15.256355, 0.254656, 16.614067), (-15.25844, 0.320432, 16.472986)
(-15.400202, 0.190435, 16.592459), (-15.397286, 0.108004, 16.729343), (-15.256355, 0.254656, 16.614067)
(-15.955845, -0.247841, 16.616665), (-15.948447, -0.350623, 16.745527), (-15.817308, -0.145738, 16.647045)
(-15.955845, -0.247841, 16.616665), (-15.817308, -0.145738, 16.647045), (-15.824079, -0.05446, 16.515642)
(-15.817308, -0.145738, 16.647045), (-15.678292, -0.05118, 16.67638), (-15.68385, 0.036414, 16.543114)
(-15.817308, -0.145738, 16.647045), (-15.810974, -0.249927, 16.776758), (-15.678292, -0.05118, 16.67638)
# -14.991723250020002, 0, 16.326575716646676
(-15.267582, 0.465944, 16.041054), (-15.117823, 0.501664, 16.052561), (-15.120565, 0.531205, 15.904469)
(-15.267582, 0.465944, 16.041054), (-15.264109, 0.424435, 16.186207), (-15.117823, 0.501664, 16.052561)
(-15.117823, 0.501664, 16.052561), (-14.966932, 0.530074, 16.062462), (-14.968938, 0.556665, 15.913137)
(-15.117823, 0.501664, 16.052561), (-15.11541, 0.466197, 16.199751), (-14.966932, 0.530074, 16.062462)
(-14.966932, 0.530074, 16.062462), (-14.814966, 0.551273, 16.070789), (-14.81629, 0.574348, 15.920238)
(-14.966932, 0.530074, 16.062462), (-14.965354, 0.498648, 16.211159), (-14.814966, 0.551273, 16.070789)
(-14.814966, 0.551273, 16.070789), (-14.662045, 0.566337, 16.077763), (-14.66284, 0.587003, 15.92628)
(-14.814966, 0.551273, 16.070789), (-14.814034, 0.52231, 16.22057), (-14.662045, 0.566337, 16.077763)
(-14.662045, 0.566337, 16.077763), (-14.508267, 0.575726, 16.083519), (-14.508623, 0.594105, 15.93121)
(-14.662045, 0.566337, 16.077763), (-14.661702, 0.540823, 16.228701), (-14.508267, 0.575726, 16.083519)
(-15.264109, 0.424435, 16.186207), (-15.11541, 0.466197, 16.199751), (-15.117823, 0.501664, 16.052561)
(-15.264109, 0.424435, 16.186207), (-15.261116, 0.377747, 16.330542), (-15.11541, 0.466197, 16.199751)
(-15.11541, 0.466197, 16.199751), (-15.113436, 0.424253, 16.345949), (-14.965354, 0.498648, 16.211159)
(-15.11541, 0.466197, 16.199751), (-14.965354, 0.498648, 16.211159), (-14.966932, 0.530074, 16.062462)
(-14.965354, 0.498648, 16.211159), (-14.964233, 0.460374, 16.35886), (-14.814034, 0.52231, 16.22057)
(-14.965354, 0.498648, 16.211159), (-14.814034, 0.52231, 16.22057), (-14.814966, 0.551273, 16.070789)
(-14.814034, 0.52231, 16.22057), (-14.813704, 0.488874, 16.369856), (-14.661702, 0.540823, 16.228701)
(-14.814034, 0.52231, 16.22057), (-14.661702, 0.540823, 16.228701), (-14.662045, 0.566337, 16.077763)
(-14.661702, 0.540823, 16.228701), (-14.508394, 0.553535, 16.235481), (-14.508267, 0.575726, 16.083519)
(-14.661702, 0.540823, 16.228701), (-14.661966, 0.510763, 16.379169), (-14.508394, 0.553535, 16.235481)
(-15.261116, 0.377747, 16.330542), (-15.113436, 0.424253, 16.345949), (-15.11541, 0.466197, 16.199751)
(-15.261116, 0.377747, 16.330542), (-15.25844, 0.320432, 16.472986), (-15.113436, 0.424253, 16.345949)
(-15.113436, 0.424253, 16.345949), (-14.964233, 0.460374, 16.35886), (-14.965354, 0.498648, 16.211159)
(-15.113436, 0.424253, 16.345949), (-15.111763, 0.369921, 16.489981), (-14.964233, 0.460374, 16.35886)
(-14.964233, 0.460374, 16.35886), (-14.813704, 0.488874, 16.369856), (-14.814034, 0.52231, 16.22057)
(-14.964233, 0.460374, 16.35886), (-14.963636, 0.412559, 16.50507), (-14.813704, 0.488874, 16.369856)
(-14.813704, 0.488874, 16.369856), (-14.661966, 0.510763, 16.379169), (-14.661702, 0.540823, 16.228701)
(-14.813704, 0.488874, 16.369856), (-14.813997, 0.446974, 16.51795), (-14.661966, 0.510763, 16.379169)
(-14.661966, 0.510763, 16.379169), (-14.509134, 0.5269, 16.387026), (-14.508394, 0.553535, 16.235481)
(-14.661966, 0.510763, 16.379169), (-14.662952, 0.473883, 16.528812), (-14.509134, 0.5269, 16.387026)
(-15.25844, 0.320432, 16.472986), (-15.256355, 0.254656, 16.614067), (-15.111763, 0.369921, 16.489981)
(-15.25844, 0.320432, 16.472986), (-15.111763, 0.369921, 16.489981), (-15.113436, 0.424253, 16.345949)
(-15.111763, 0.369921, 16.489981), (-15.110907, 0.309996, 16.633305), (-14.963636, 0.412559, 16.50507)
(-15.111763, 0.369921, 16.489981), (-14.963636, 0.412559, 16.50507), (-14.964233, 0.460374, 16.35886)
(-14.963636, 0.412559, 16.50507), (-14.963817, 0.357182, 16.650223), (-14.813997, 0.446974, 16.51795)
(-14.963636, 0.412559, 16.50507), (-14.813997, 0.446974, 16.51795), (-14.813704, 0.488874, 16.369856)
(-14.813997, 0.446974, 16.51795), (-14.815129, 0.397635, 16.665077), (-14.662952, 0.473883, 16.528812)
(-14.813997, 0.446974, 16.51795), (-14.662952, 0.473883, 16.528812), (-14.661966, 0.510763, 16.379169)
(-14.662952, 0.473883, 16.528812), (-14.664827, 0.429384, 16.677505), (-14.510626, 0.493566, 16.537802)
(-14.662952, 0.473883, 16.528812), (-14.510626, 0.493566, 16.537802), (-14.509134, 0.5269, 16.387026)
(-15.256355, 0.254656, 16.614067), (-15.110907, 0.309996, 16.633305), (-15.111763, 0.369921, 16.489981)
(-15.256355, 0.254656, 16.614067), (-15.254835, 0.177319, 16.753193), (-15.110907, 0.309996, 16.633305)
(-15.110907, 0.309996, 16.633305), (-14.963817, 0.357182, 16.650223), (-14.963636, 0.412559, 16.50507)
(-15.110907, 0.309996, 16.633305), (-15.110741, 0.238517, 16.774759), (-14.963817, 0.357182, 16.650223)
(-14.963817, 0.357182, 16.650223), (-14.815129, 0.397635, 16.665077), (-14.813997, 0.446974, 16.51795)
(-14.963817, 0.357182, 16.650223), (-14.964867, 0.291731, 16.793896), (-14.815129, 0.397635, 16.665077)
# -14.32395301668667, 0, 16.326575716646676
(-14.508267, 0.575726, 16.083519), (-14.353746, 0.580629, 16.088305), (-14.353769, 0.597264, 15.935331)
(-14.508267, 0.575726, 16.083519), (-14.508394, 0.553535, 16.235481), (-14.353746, 0.580629, 16.088305)
(-14.353746, 0.580629, 16.088305), (-14.198574, 0.581841, 16.092285), (-14.198346, 0.596893, 15.93874)
(-14.353746, 0.580629, 16.088305), (-14.354214, 0.560817, 16.241043), (-14.198574, 0.581841, 16.092285)
(-14.198574, 0.581841, 16.092285), (-14.042826, 0.579806, 16.095568), (-14.04243, 0.593835, 15.941587)
(-14.198574, 0.581841, 16.092285), (-14.199268, 0.563496, 16.245581), (-14.042826, 0.579806, 16.095568)
(-14.042826, 0.579806, 16.095568), (-13.886585, 0.575653, 16.098343), (-13.886088, 0.58895, 15.944018)
(-14.042826, 0.579806, 16.095568), (-14.043665, 0.563032, 16.249371), (-13.886585, 0.575653, 16.098343)
(-14.508394, 0.553535, 16.235481), (-14.509134, 0.5269, 16.387026), (-14.354214, 0.560817, 16.241043)
(-14.508394, 0.553535, 16.235481), (-14.354214, 0.560817, 16.241043), (-14.353746, 0.580629, 16.088305)
(-14.354214, 0.560817, 16.241043), (-14.355292, 0.536873, 16.393431), (-14.199268, 0.563496, 16.245581)
(-14.354214, 0.560817, 16.241043), (-14.199268, 0.563496, 16.245581), (-14.198574, 0.581841, 16.092285)
(-14.199268, 0.563496, 16.245581), (-14.200573, 0.541969, 16.398676), (-14.043665, 0.563032, 16.249371)
(-14.199268, 0.563496, 16.245581), (-14.043665, 0.563032, 16.249371), (-14.042826, 0.579806, 16.095568)
(-14.043665, 0.563032, 16.249371), (-13.887489, 0.560098, 16.252544), (-13.886585, 0.575653, 16.098343)
(-14.043665, 0.563032, 16.249371), (-14.045084, 0.543323, 16.403), (-13.887489, 0.560098, 16.252544)
(-14.509134, 0.5269, 16.387026), (-14.355292, 0.536873, 16.393431), (-14.354214, 0.560817, 16.241043)
(-14.509134, 0.5269, 16.387026), (-14.510626, 0.493566, 16.537802), (-14.355292, 0.536873, 16.393431)
(-14.355292, 0.536873, 16.393431), (-14.200573, 0.541969, 16.398676), (-14.199268, 0.563496, 16.245581)
(-14.355292, 0.536873, 16.393431), (-14.357156, 0.507667, 16.545321), (-14.200573, 0.541969, 16.398676)
(-14.200573, 0.541969, 16.398676), (-14.045084, 0.543323, 16.403), (-14.043665, 0.563032, 16.249371)
(-14.200573, 0.541969, 16.398676), (-14.202652, 0.515751, 16.551369), (-14.045084, 0.543323, 16.403)
(-14.045084, 0.543323, 16.403), (-13.888923, 0.541892, 16.406593), (-13.887489, 0.560098, 16.252544)
(-14.045084, 0.543323, 16.403), (-14.047243, 0.519617, 16.556326), (-13.888923, 0.541892, 16.406593)
(-14.510626, 0.493566, 16.537802), (-14.513081, 0.454268, 16.687977), (-14.357156, 0.507667, 16.545321)
(-14.510626, 0.493566, 16.537802), (-14.357156, 0.507667, 16.545321), (-14.355292, 0.536873, 16.393431)
(-14.357156, 0.507667, 16.545321), (-14.359998, 0.472532, 16.696636), (-14.202652, 0.515751, 16.551369)
(-14.357156, 0.507667, 16.545321), (-14.202652, 0.515751, 16.551369), (-14.200573, 0.541969, 16.398676)
(-14.202652, 0.515751, 16.551369), (-14.205704, 0.48442, 16.703629), (-14.047243, 0.519617, 16.556326)
(-14.202652, 0.515751, 16.551369), (-14.047243, 0.519617, 16.556326), (-14.045084, 0.543323, 16.403)
(-14.047243, 0.519617, 16.556326), (-14.050337, 0.49124, 16.709278), (-13.891058, 0.519816, 16.560345)
(-14.047243, 0.519617, 16.556326), (-13.891058, 0.519816, 16.560345), (-13.888923, 0.541892, 16.406593)
# -13.656182783353334, 0, 16.326575716646676
(-13.886585, 0.575653, 16.098343), (-13.729918, 0.570222, 16.100746), (-13.729382, 0.583178, 15.946169)
(-13.886585, 0.575653, 16.098343), (-13.887489, 0.560098, 16.252544), (-13.729918, 0.570222, 16.100746)
(-13.729918, 0.570222, 16.100746), (-13.572892, 0.564296, 16.102901), (-13.572354, 0.577134, 15.948133)
(-13.729918, 0.570222, 16.100746), (-13.730821, 0.555413, 16.25523), (-13.572892, 0.564296, 16.102901)
(-13.572892, 0.564296, 16.102901), (-13.415581, 0.557974, 16.104839), (-13.415068, 0.571167, 15.94997)
(-13.572892, 0.564296, 16.102901), (-13.573757, 0.549471, 16.257532), (-13.415581, 0.557974, 16.104839)
(-13.415581, 0.557974, 16.104839), (-13.258051, 0.551707, 16.106627), (-13.257574, 0.565508, 15.951709)
(-13.415581, 0.557974, 16.104839), (-13.416368, 0.543291, 16.259605), (-13.258051, 0.551707, 16.106627)
(-13.887489, 0.560098, 16.252544), (-13.888923, 0.541892, 16.406593), (-13.730821, 0.555413, 16.25523)
(-13.887489, 0.560098, 16.252544), (-13.730821, 0.555413, 16.25523), (-13.729918, 0.570222, 16.100746)
(-13.730821, 0.555413, 16.25523), (-13.7322, 0.53825, 16.40959), (-13.573757, 0.549471, 16.257532)
(-13.730821, 0.555413, 16.25523), (-13.573757, 0.549471, 16.257532), (-13.572892, 0.564296, 16.102901)
(-13.573757, 0.549471, 16.257532), (-13.575012, 0.533169, 16.412132), (-13.416368, 0.543291, 16.259605)
(-13.573757, 0.549471, 16.257532), (-13.416368, 0.543291, 16.259605), (-13.415581, 0.557974, 16.104839)
(-13.416368, 0.543291, 16.259605), (-13.258726, 0.537105, 16.261509), (-13.258051, 0.551707, 16.106627)
(-13.416368, 0.543291, 16.259605), (-13.417472, 0.527318, 16.414343), (-13.258726, 0.537105, 16.261509)
(-13.888923, 0.541892, 16.406593), (-13.7322, 0.53825, 16.40959), (-13.730821, 0.555413, 16.25523)
(-13.888923, 0.541892, 16.406593), (-13.891058, 0.519816, 16.560345), (-13.7322, 0.53825, 16.40959)
(-13.7322, 0.53825, 16.40959), (-13.575012, 0.533169, 16.412132), (-13.573757, 0.549471, 16.257532)
(-13.7322, 0.53825, 16.40959), (-13.734219, 0.517564, 16.563667), (-13.575012, 0.533169, 16.412132)
(-13.575012, 0.533169, 16.412132), (-13.417472, 0.527318, 16.414343), (-13.416368, 0.543291, 16.259605)
(-13.575012, 0.533169, 16.412132), (-13.576845, 0.513666, 16.566467), (-13.417472, 0.527318, 16.414343)
(-13.417472, 0.527318, 16.414343), (-13.259647, 0.521425, 16.416357), (-13.258726, 0.537105, 16.261509)
(-13.417472, 0.527318, 16.414343), (-13.419067, 0.508782, 16.568874), (-13.259647, 0.521425, 16.416357)
(-13.891058, 0.519816, 16.560345), (-13.894051, 0.493894, 16.71382), (-13.734219, 0.517564, 16.563667)
(-13.891058, 0.519816, 16.560345), (-13.734219, 0.517564, 16.563667), (-13.7322, 0.53825, 16.40959)
(-13.734219, 0.517564, 16.563667), (-13.737007, 0.493452, 16.717499), (-13.576845, 0.513666, 16.566467)
(-13.734219, 0.517564, 16.563667), (-13.576845, 0.513666, 16.566467), (-13.575012, 0.533169, 16.412132)
(-13.576845, 0.513666, 16.566467), (-13.579348, 0.49116, 16.720575), (-13.419067, 0.508782, 16.568874)
(-13.576845, 0.513666, 16.566467), (-13.419067, 0.508782, 16.568874), (-13.417472, 0.527318, 16.414343)
(-13.419067, 0.508782, 16.568874), (-13.421258, 0.48731, 16.723158), (-13.261049, 0.503092, 16.570957)
(-13.419067, 0.508782, 16.568874), (-13.261049, 0.503092, 16.570957), (-13.259647, 0.521425, 16.416357)
# -12.988412550020001, 0, 16.326575716646676
(-13.258051, 0.551707, 16.106627), (-13.100362, 0.545852, 16.108337), (-13.099922, 0.560482, 15.953424)
(-13.258051, 0.551707, 16.106627), (-13.258726, 0.537105, 16.261509), (-13.100362, 0.545852, 16.108337)
(-13.100362, 0.545852, 16.108337), (-12.942558, 0.540302, 16.109997), (-12.942162, 0.555924, 15.955111)
(-13.100362, 0.545852, 16.108337), (-13.100928, 0.530912, 16.263258), (-12.942558, 0.540302, 16.109997)
(-12.942558, 0.540302, 16.109997), (-12.784752, 0.53489, 16.111567), (-12.784361, 0.551671, 15.956763)
(-12.942558, 0.540302, 16.109997), (-12.943087, 0.524694, 16.264856), (-12.784752, 0.53489, 16.111567)
(-12.784752, 0.53489, 16.111567), (-12.627008, 0.529639, 16.113068), (-12.626583, 0.547887, 15.958377)
(-12.784752, 0.53489, 16.111567), (-12.78521, 0.518681, 16.266388), (-12.627008, 0.529639, 16.113068)
(-13.258726, 0.537105, 16.261509), (-13.259647, 0.521425, 16.416357), (-13.100928, 0.530912, 16.263258)
(-13.258726, 0.537105, 16.261509), (-13.100928, 0.530912, 16.263258), (-13.100362, 0.545852, 16.108337)
(-13.100928, 0.530912, 16.263258), (-13.101684, 0.515159, 16.418146), (-12.943087, 0.524694, 16.264856)
(-13.100928, 0.530912, 16.263258), (-12.943087, 0.524694, 16.264856), (-12.942558, 0.540302, 16.109997)
(-12.943087, 0.524694, 16.264856), (-12.94368, 0.508803, 16.419769), (-12.78521, 0.518681, 16.266388)
(-12.943087, 0.524694, 16.264856), (-12.78521, 0.518681, 16.266388), (-12.784752, 0.53489, 16.111567)
(-12.78521, 0.518681, 16.266388), (-12.627399, 0.512491, 16.267805), (-12.627008, 0.529639, 16.113068)
(-12.78521, 0.518681, 16.266388), (-12.785694, 0.502477, 16.421265), (-12.627399, 0.512491, 16.267805)
(-13.259647, 0.521425, 16.416357), (-13.101684, 0.515159, 16.418146), (-13.100928, 0.530912, 16.263258)
(-13.259647, 0.521425, 16.416357), (-13.261049, 0.503092, 16.570957), (-13.101684, 0.515159, 16.418146)
(-13.101684, 0.515159, 16.418146), (-12.94368, 0.508803, 16.419769), (-12.943087, 0.524694, 16.264856)
(-13.101684, 0.515159, 16.418146), (-13.102821, 0.497595, 16.572887), (-12.94368, 0.508803, 16.419769)
(-12.94368, 0.508803, 16.419769), (-12.785694, 0.502477, 16.421265), (-12.78521, 0.518681, 16.266388)
(-12.94368, 0.508803, 16.419769), (-12.944635, 0.491477, 16.574566), (-12.785694, 0.502477, 16.421265)
(-12.785694, 0.502477, 16.421265), (-12.627782, 0.495967, 16.422625), (-12.627399, 0.512491, 16.267805)
(-12.785694, 0.502477, 16.421265), (-12.786427, 0.485596, 16.576136), (-12.627782, 0.495967, 16.422625)
(-13.261049, 0.503092, 16.570957), (-13.262877, 0.482818, 16.725428), (-13.102821, 0.497595, 16.572887)
(-13.261049, 0.503092, 16.570957), (-13.102821, 0.497595, 16.572887), (-13.101684, 0.515159, 16.418146)
(-13.102821, 0.497595, 16.572887), (-13.104338, 0.478071, 16.727484), (-12.944635, 0.491477, 16.574566)
(-13.102821, 0.497595, 16.572887), (-12.944635, 0.491477, 16.574566), (-12.94368, 0.508803, 16.419769)
(-12.944635, 0.491477, 16.574566), (-12.945831, 0.472846, 16.729305), (-12.786427, 0.485596, 16.576136)
(-12.944635, 0.491477, 16.574566), (-12.786427, 0.485596, 16.576136), (-12.785694, 0.502477, 16.421265)
(-12.786427, 0.485596, 16.576136), (-12.787422, 0.467425, 16.730957), (-12.628487, 0.478937, 16.577471)
(-12.786427, 0.485596, 16.576136), (-12.628487, 0.478937, 16.577471), (-12.627782, 0.495967, 16.422625)
# -12.320642316686666, 0, 16.326575716646676
(-12.627008, 0.529639, 16.113068), (-12.469368, 0.524354, 16.114504), (-12.468867, 0.544099, 15.959961)
(-12.627008, 0.529639, 16.113068), (-12.627399, 0.512491, 16.267805), (-12.469368, 0.524354, 16.114504)
(-12.469368, 0.524354, 16.114504), (-12.311922, 0.519085, 16.115852), (-12.311296, 0.540892, 15.961473)
(-12.469368, 0.524354, 16.114504), (-12.469768, 0.506081, 16.269104), (-12.311922, 0.519085, 16.115852)
(-12.311922, 0.519085, 16.115852), (-12.154769, 0.513618, 16.117088), (-12.153919, 0.537517, 15.962904)
(-12.311922, 0.519085, 16.115852), (-12.312455, 0.499592, 16.270287), (-12.154769, 0.513618, 16.117088)
(-12.154769, 0.513618, 16.117088), (-11.997985, 0.508159, 16.118151), (-11.996815, 0.534719, 15.964148)
(-12.154769, 0.513618, 16.117088), (-12.155449, 0.492331, 16.271332), (-11.997985, 0.508159, 16.118151)
(-11.997985, 0.508159, 16.118151), (-11.841585, 0.502731, 16.118959), (-11.84001, 0.532077, 15.965145)
(-11.997985, 0.508159, 16.118151), (-11.9989, 0.484446, 16.2722), (-11.841585, 0.502731, 16.118959)
(-12.627399, 0.512491, 16.267805), (-12.627782, 0.495967, 16.422625), (-12.469768, 0.506081, 16.269104)
(-12.627399, 0.512491, 16.267805), (-12.469768, 0.506081, 16.269104), (-12.469368, 0.524354, 16.114504)
(-12.469768, 0.506081, 16.269104), (-12.470148, 0.488956, 16.423817), (-12.312455, 0.499592, 16.270287)
(-12.469768, 0.506081, 16.269104), (-12.312455, 0.499592, 16.270287), (-12.311922, 0.519085, 16.115852)
(-12.312455, 0.499592, 16.270287), (-12.312849, 0.481408, 16.424862), (-12.155449, 0.492331, 16.271332)
(-12.312455, 0.499592, 16.270287), (-12.155449, 0.492331, 16.271332), (-12.154769, 0.513618, 16.117088)
(-12.155449, 0.492331, 16.271332), (-11.9989, 0.484446, 16.2722), (-11.997985, 0.508159, 16.118151)
(-12.155449, 0.492331, 16.271332), (-12.155986, 0.472926, 16.425739), (-11.9989, 0.484446, 16.2722)
(-11.9989, 0.484446, 16.2722), (-11.999627, 0.463396, 16.426414), (-11.842866, 0.476313, 16.272814)
(-11.9989, 0.484446, 16.2722), (-11.842866, 0.476313, 16.272814), (-11.841585, 0.502731, 16.118959)
(-12.627782, 0.495967, 16.422625), (-12.470148, 0.488956, 16.423817), (-12.469768, 0.506081, 16.269104)
(-12.627782, 0.495967, 16.422625), (-12.628487, 0.478937, 16.577471), (-12.470148, 0.488956, 16.423817)
(-12.470148, 0.488956, 16.423817), (-12.312849, 0.481408, 16.424862), (-12.312455, 0.499592, 16.270287)
(-12.470148, 0.488956, 16.423817), (-12.470764, 0.471876, 16.578634), (-12.312849, 0.481408, 16.424862)
(-12.312849, 0.481408, 16.424862), (-12.155986, 0.472926, 16.425739), (-12.155449, 0.492331, 16.271332)
(-12.312849, 0.481408, 16.424862), (-12.31344, 0.46386, 16.579582), (-12.155986, 0.472926, 16.425739)
(-12.155986, 0.472926, 16.425739), (-11.999627, 0.463396, 16.426414), (-11.9989, 0.484446, 16.2722)
(-12.155986, 0.472926, 16.425739), (-12.156624, 0.45454, 16.580318), (-11.999627, 0.463396, 16.426414)
(-11.999627, 0.463396, 16.426414), (-11.843897, 0.453127, 16.426828), (-11.842866, 0.476313, 16.272814)
(-11.999627, 0.463396, 16.426414), (-12.000445, 0.443737, 16.580822), (-11.843897, 0.453127, 16.426828)
(-12.628487, 0.478937, 16.577471), (-12.629297, 0.461268, 16.73237), (-12.470764, 0.471876, 16.578634)
(-12.628487, 0.478937, 16.577471), (-12.470764, 0.471876, 16.578634), (-12.470148, 0.488956, 16.423817)
(-12.470764, 0.471876, 16.578634), (-12.471561, 0.454053, 16.733521), (-12.31344, 0.46386, 16.579582)
(-12.470764, 0.471876, 16.578634), (-12.31344, 0.46386, 16.579582), (-12.312849, 0.481408, 16.424862)
(-12.31344, 0.46386, 16.579582), (-12.314241, 0.445725, 16.734417), (-12.156624, 0.45454, 16.580318)
(-12.31344, 0.46386, 16.579582), (-12.156624, 0.45454, 16.580318), (-12.155986, 0.472926, 16.425739)
(-12.156624, 0.45454, 16.580318), (-12.157551, 0.435493, 16.735037), (-12.000445, 0.443737, 16.580822)
(-12.156624, 0.45454, 16.580318), (-12.000445, 0.443737, 16.580822), (-11.999627, 0.463396, 16.426414)
(-12.000445, 0.443737, 16.580822), (-12.001478, 0.423645, 16.735399), (-11.844877, 0.431918, 16.581057)
(-12.000445, 0.443737, 16.580822), (-11.844877, 0.431918, 16.581057), (-11.843897, 0.453127, 16.426828)
# -11.652872083353333, 0, 16.326575716646676
(-11.841585, 0.502731, 16.118959), (-11.685582, 0.497659, 16.119442), (-11.683544, 0.529976, 15.965767)
(-11.841585, 0.502731, 16.118959), (-11.842866, 0.476313, 16.272814), (-11.685582, 0.497659, 16.119442)
(-11.374637, 0.491309, 16.119234), (-11.219616, 0.490513, 16.118551), (-11.216227, 0.528475, 15.965013)
(-11.374637, 0.491309, 16.119234), (-11.377345, 0.456867, 16.272676), (-11.219616, 0.490513, 16.118551)
(-11.685582, 0.497659, 16.119442), (-11.529947, 0.493745, 16.119539), (-11.527425, 0.528584, 15.965958)
(-11.685582, 0.497659, 16.119442), (-11.687315, 0.468584, 16.273109), (-11.529947, 0.493745, 16.119539)
(-11.529947, 0.493745, 16.119539), (-11.374637, 0.491309, 16.119234), (-11.371658, 0.528095, 15.965694)
(-11.529947, 0.493745, 16.119539), (-11.532167, 0.461827, 16.273064), (-11.374637, 0.491309, 16.119234)
(-11.377345, 0.456867, 16.272676), (-11.379619, 0.426238, 16.426193), (-11.222762, 0.454371, 16.271957)
(-11.377345, 0.456867, 16.272676), (-11.222762, 0.454371, 16.271957), (-11.219616, 0.490513, 16.118551)
(-11.842866, 0.476313, 16.272814), (-11.843897, 0.453127, 16.426828), (-11.687315, 0.468584, 16.273109)
(-11.842866, 0.476313, 16.272814), (-11.687315, 0.468584, 16.273109), (-11.685582, 0.497659, 16.119442)
(-11.532167, 0.461827, 16.273064), (-11.377345, 0.456867, 16.272676), (-11.374637, 0.491309, 16.119234)
(-11.532167, 0.461827, 16.273064), (-11.533997, 0.433549, 16.42672), (-11.377345, 0.456867, 16.272676)
(-11.687315, 0.468584, 16.273109), (-11.688719, 0.442836, 16.426937), (-11.532167, 0.461827, 16.273064)
(-11.687315, 0.468584, 16.273109), (-11.532167, 0.461827, 16.273064), (-11.529947, 0.493745, 16.119539)
(-11.379619, 0.426238, 16.426193), (-11.225451, 0.421993, 16.425383), (-11.222762, 0.454371, 16.271957)
(-11.379619, 0.426238, 16.426193), (-11.381444, 0.399756, 16.579872), (-11.225451, 0.421993, 16.425383)
(-11.533997, 0.433549, 16.42672), (-11.379619, 0.426238, 16.426193), (-11.377345, 0.456867, 16.272676)
(-11.533997, 0.433549, 16.42672), (-11.535521, 0.408656, 16.580576), (-11.379619, 0.426238, 16.426193)
(-11.843897, 0.453127, 16.426828), (-11.688719, 0.442836, 16.426937), (-11.687315, 0.468584, 16.273109)
(-11.843897, 0.453127, 16.426828), (-11.844877, 0.431918, 16.581057), (-11.688719, 0.442836, 16.426937)
(-11.688719, 0.442836, 16.426937), (-11.533997, 0.433549, 16.42672), (-11.532167, 0.461827, 16.273064)
(-11.688719, 0.442836, 16.426937), (-11.689957, 0.419801, 16.580973), (-11.533997, 0.433549, 16.42672)
(-11.381444, 0.399756, 16.579872), (-11.383024, 0.374794, 16.733639), (-11.227571, 0.394, 16.578909)
(-11.381444, 0.399756, 16.579872), (-11.227571, 0.394, 16.578909), (-11.225451, 0.421993, 16.425383)
(-11.535521, 0.408656, 16.580576), (-11.536971, 0.384862, 16.734583), (-11.381444, 0.399756, 16.579872)
(-11.535521, 0.408656, 16.580576), (-11.381444, 0.399756, 16.579872), (-11.379619, 0.426238, 16.426193)
(-11.689957, 0.419801, 16.580973), (-11.691274, 0.397215, 16.735199), (-11.535521, 0.408656, 16.580576)
(-11.689957, 0.419801, 16.580973), (-11.535521, 0.408656, 16.580576), (-11.533997, 0.433549, 16.42672)
(-11.844877, 0.431918, 16.581057), (-11.846061, 0.410572, 16.735464), (-11.689957, 0.419801, 16.580973)
(-11.844877, 0.431918, 16.581057), (-11.689957, 0.419801, 16.580973), (-11.688719, 0.442836, 16.426937)
# -10.985101850019998, 0, 16.326575716646676
(-10.75576, 0.499101, 16.114777), (-10.601353, 0.505489, 16.113148), (-10.597037, 0.5417, 15.959198)
(-10.75576, 0.499101, 16.114777), (-10.759794, 0.462463, 16.26836), (-10.601353, 0.505489, 16.113148)
(-10.910234, 0.494309, 16.116274), (-10.75576, 0.499101, 16.114777), (-10.751553, 0.536635, 15.960981)
(-10.910234, 0.494309, 16.116274), (-10.914042, 0.457362, 16.269737), (-10.75576, 0.499101, 16.114777)
(-11.064837, 0.49139, 16.117556), (-10.910234, 0.494309, 16.116274), (-10.906224, 0.532623, 15.9626)
(-11.064837, 0.49139, 16.117556), (-11.06834, 0.454678, 16.270958), (-10.910234, 0.494309, 16.116274)
(-11.219616, 0.490513, 16.118551), (-11.064837, 0.49139, 16.117556), (-11.061102, 0.529905, 15.963964)
(-11.219616, 0.490513, 16.118551), (-11.222762, 0.454371, 16.271957), (-11.064837, 0.49139, 16.117556)
(-10.759794, 0.462463, 16.26836), (-10.763363, 0.428753, 16.421825), (-10.605509, 0.469948, 16.266884)
(-10.759794, 0.462463, 16.26836), (-10.605509, 0.469948, 16.266884), (-10.601353, 0.505489, 16.113148)
(-10.914042, 0.457362, 16.269737), (-10.759794, 0.462463, 16.26836), (-10.75576, 0.499101, 16.114777)
(-10.914042, 0.457362, 16.269737), (-10.917391, 0.423425, 16.423138), (-10.759794, 0.462463, 16.26836)
(-11.06834, 0.454678, 16.270958), (-11.071398, 0.421091, 16.424341), (-10.914042, 0.457362, 16.269737)
(-11.06834, 0.454678, 16.270958), (-10.914042, 0.457362, 16.269737), (-10.910234, 0.494309, 16.116274)
(-11.222762, 0.454371, 16.271957), (-11.225451, 0.421993, 16.425383), (-11.06834, 0.454678, 16.270958)
(-11.222762, 0.454371, 16.271957), (-11.06834, 0.454678, 16.270958), (-11.064837, 0.49139, 16.117556)
(-10.763363, 0.428753, 16.421825), (-10.609188, 0.437235, 16.420477), (-10.605509, 0.469948, 16.266884)
(-10.763363, 0.428753, 16.421825), (-10.766125, 0.399598, 16.57519), (-10.609188, 0.437235, 16.420477)
(-10.917391, 0.423425, 16.423138), (-10.763363, 0.428753, 16.421825), (-10.759794, 0.462463, 16.26836)
(-10.917391, 0.423425, 16.423138), (-10.920024, 0.39384, 16.576494), (-10.763363, 0.428753, 16.421825)
(-11.071398, 0.421091, 16.424341), (-10.917391, 0.423425, 16.423138), (-10.914042, 0.457362, 16.269737)
(-11.071398, 0.421091, 16.424341), (-11.073801, 0.391974, 16.577761), (-10.917391, 0.423425, 16.423138)
(-11.225451, 0.421993, 16.425383), (-11.071398, 0.421091, 16.424341), (-11.06834, 0.454678, 16.270958)
(-11.225451, 0.421993, 16.425383), (-11.227571, 0.394, 16.578909), (-11.071398, 0.421091, 16.424341)
(-10.766125, 0.399598, 16.57519), (-10.768109, 0.373082, 16.728256), (-10.612041, 0.40873, 16.573923)
(-10.766125, 0.399598, 16.57519), (-10.612041, 0.40873, 16.573923), (-10.609188, 0.437235, 16.420477)
(-10.920024, 0.39384, 16.576494), (-10.921957, 0.367005, 16.72963), (-10.766125, 0.399598, 16.57519)
(-10.920024, 0.39384, 16.576494), (-10.766125, 0.399598, 16.57519), (-10.763363, 0.428753, 16.421825)
(-11.073801, 0.391974, 16.577761), (-11.075645, 0.365303, 16.731056), (-10.920024, 0.39384, 16.576494)
(-11.073801, 0.391974, 16.577761), (-10.920024, 0.39384, 16.576494), (-10.917391, 0.423425, 16.423138)
(-11.227571, 0.394, 16.578909), (-11.229291, 0.368038, 16.732422), (-11.073801, 0.391974, 16.577761)
(-11.227571, 0.394, 16.578909), (-11.073801, 0.391974, 16.577761), (-11.071398, 0.421091, 16.424341)
# -10.317331616686666, 0, 16.326575716646676
(-10.137977, 0.532156, 16.10811), (-9.983287, 0.542813, 16.106569), (-9.979359, 0.570999, 15.951778)
(-10.137977, 0.532156, 16.10811), (-10.141934, 0.50223, 16.262489), (-9.983287, 0.542813, 16.106569)
(-10.292524, 0.522199, 16.109756), (-10.137977, 0.532156, 16.10811), (-10.133834, 0.562523, 15.953549)
(-10.292524, 0.522199, 16.109756), (-10.296606, 0.490359, 16.263893), (-10.137977, 0.532156, 16.10811)
(-10.446966, 0.513208, 16.111456), (-10.292524, 0.522199, 16.109756), (-10.288242, 0.554707, 15.955416)
(-10.446966, 0.513208, 16.111456), (-10.451109, 0.47952, 16.265371), (-10.292524, 0.522199, 16.109756)
(-10.601353, 0.505489, 16.113148), (-10.446966, 0.513208, 16.111456), (-10.442623, 0.547725, 15.957321)
(-10.601353, 0.505489, 16.113148), (-10.605509, 0.469948, 16.266884), (-10.446966, 0.513208, 16.111456)
(-9.987038, 0.514919, 16.261198), (-9.990288, 0.48905, 16.415688), (-9.831885, 0.528131, 16.260042)
(-9.987038, 0.514919, 16.261198), (-9.831885, 0.528131, 16.260042), (-9.828422, 0.554005, 16.10516)
(-10.141934, 0.50223, 16.262489), (-10.145416, 0.474475, 16.416718), (-9.987038, 0.514919, 16.261198)
(-10.141934, 0.50223, 16.262489), (-9.987038, 0.514919, 16.261198), (-9.983287, 0.542813, 16.106569)
(-10.296606, 0.490359, 16.263893), (-10.141934, 0.50223, 16.262489), (-10.137977, 0.532156, 16.10811)
(-10.296606, 0.490359, 16.263893), (-10.300224, 0.460812, 16.417879), (-10.141934, 0.50223, 16.262489)
(-10.451109, 0.47952, 16.265371), (-10.454807, 0.448204, 16.419144), (-10.296606, 0.490359, 16.263893)
(-10.451109, 0.47952, 16.265371), (-10.296606, 0.490359, 16.263893), (-10.292524, 0.522199, 16.109756)
(-10.605509, 0.469948, 16.266884), (-10.609188, 0.437235, 16.420477), (-10.451109, 0.47952, 16.265371)
(-10.605509, 0.469948, 16.266884), (-10.451109, 0.47952, 16.265371), (-10.446966, 0.513208, 16.111456)
(-9.990288, 0.48905, 16.415688), (-9.834856, 0.503976, 16.414797), (-9.831885, 0.528131, 16.260042)
(-9.990288, 0.48905, 16.415688), (-9.992735, 0.466226, 16.570004), (-9.834856, 0.503976, 16.414797)
(-10.145416, 0.474475, 16.416718), (-9.990288, 0.48905, 16.415688), (-9.987038, 0.514919, 16.261198)
(-10.145416, 0.474475, 16.416718), (-10.14803, 0.450241, 16.570763), (-9.990288, 0.48905, 16.415688)
(-10.300224, 0.460812, 16.417879), (-10.145416, 0.474475, 16.416718), (-10.141934, 0.50223, 16.262489)
(-10.300224, 0.460812, 16.417879), (-10.303017, 0.434877, 16.571682), (-10.145416, 0.474475, 16.416718)
(-10.454807, 0.448204, 16.419144), (-10.300224, 0.460812, 16.417879), (-10.296606, 0.490359, 16.263893)
(-10.454807, 0.448204, 16.419144), (-10.457658, 0.420872, 16.572739), (-10.300224, 0.460812, 16.417879)
(-10.609188, 0.437235, 16.420477), (-10.454807, 0.448204, 16.419144), (-10.451109, 0.47952, 16.265371)
(-10.609188, 0.437235, 16.420477), (-10.612041, 0.40873, 16.573923), (-10.454807, 0.448204, 16.419144)
(-9.992735, 0.466226, 16.570004), (-9.994228, 0.445893, 16.723961), (-9.837118, 0.482338, 16.569384)
(-9.992735, 0.466226, 16.570004), (-9.837118, 0.482338, 16.569384), (-9.834856, 0.503976, 16.414797)
(-10.14803, 0.450241, 16.570763), (-10.149726, 0.428544, 16.724443), (-9.992735, 0.466226, 16.570004)
(-10.14803, 0.450241, 16.570763), (-9.992735, 0.466226, 16.570004), (-9.990288, 0.48905, 16.415688)
(-10.303017, 0.434877, 16.571682), (-10.304851, 0.411711, 16.7251), (-10.14803, 0.450241, 16.570763)
(-10.303017, 0.434877, 16.571682), (-10.14803, 0.450241, 16.570763), (-10.145416, 0.474475, 16.416718)
(-10.457658, 0.420872, 16.572739), (-10.459599, 0.396267, 16.725956), (-10.303017, 0.434877, 16.571682)
(-10.457658, 0.420872, 16.572739), (-10.303017, 0.434877, 16.571682), (-10.300224, 0.460812, 16.417879)
(-10.612041, 0.40873, 16.573923), (-10.614018, 0.383061, 16.727022), (-10.457658, 0.420872, 16.572739)
(-10.612041, 0.40873, 16.573923), (-10.457658, 0.420872, 16.572739), (-10.454807, 0.448204, 16.419144)
