# 10.383545616646671, 0, -15.058625250020004
(10.169722, 0.63014, -15.378302), (10.169132, 0.646321, -15.224172), (10.323743, 0.593068, -15.374218)
(10.169722, 0.63014, -15.378302), (10.323743, 0.593068, -15.374218), (10.324098, 0.577398, -15.52827)
(10.323743, 0.593068, -15.374218), (10.323193, 0.609029, -15.220195), (10.478024, 0.557794, -15.370447)
(10.323743, 0.593068, -15.374218), (10.478024, 0.557794, -15.370447), (10.478359, 0.542183, -15.524392)
(10.478024, 0.557794, -15.370447), (10.477509, 0.573657, -15.216539), (10.632539, 0.524232, -15.366961)
(10.478024, 0.557794, -15.370447), (10.632539, 0.524232, -15.366961), (10.632864, 0.508697, -15.520807)
(10.632539, 0.524232, -15.366961), (10.632052, 0.540181, -15.213186), (10.787277, 0.4925, -15.36375)
(10.632539, 0.524232, -15.366961), (10.787277, 0.4925, -15.36375), (10.787588, 0.476999, -15.517503)
(10.169132, 0.646321, -15.224172), (10.323193, 0.609029, -15.220195), (10.323743, 0.593068, -15.374218)
(10.169132, 0.646321, -15.224172), (10.168327, 0.663172, -15.070096), (10.323193, 0.609029, -15.220195)
(10.323193, 0.609029, -15.220195), (10.477509, 0.573657, -15.216539), (10.478024, 0.557794, -15.370447)
(10.323193, 0.609029, -15.220195), (10.322452, 0.625761, -15.066256), (10.477509, 0.573657, -15.216539)
(10.477509, 0.573657, -15.216539), (10.632052, 0.540181, -15.213186), (10.632539, 0.524232, -15.366961)
(10.477509, 0.573657, -15.216539), (10.476813, 0.590275, -15.062729), (10.632052, 0.540181, -15.213186)
(10.632052, 0.540181, -15.213186), (10.786815, 0.508567, -15.21011), (10.787277, 0.4925, -15.36375)
(10.632052, 0.540181, -15.213186), (10.631401, 0.556952, -15.059537), (10.786815, 0.508567, -15.21011)
(10.168327, 0.663172, -15.070096), (10.167302, 0.680339, -14.916002), (10.322452, 0.625761, -15.066256)
(10.168327, 0.663172, -15.070096), (10.322452, 0.625761, -15.066256), (10.323193, 0.609029, -15.220195)
(10.322452, 0.625761, -15.066256), (10.476813, 0.590275, -15.062729), (10.477509, 0.573657, -15.216539)
(10.322452, 0.625761, -15.066256), (10.321507, 0.643055, -14.912352), (10.476813, 0.590275, -15.062729)
(10.476813, 0.590275, -15.062729), (10.475935, 0.607743, -14.909014), (10.631401, 0.556952, -15.059537)
(10.476813, 0.590275, -15.062729), (10.631401, 0.556952, -15.059537), (10.632052, 0.540181, -15.213186)
(10.631401, 0.556952, -15.059537), (10.630584, 0.57481, -14.906027), (10.78621, 0.525953, -15.056683)
(10.631401, 0.556952, -15.059537), (10.78621, 0.525953, -15.056683), (10.786815, 0.508567, -15.21011)
(10.167302, 0.680339, -14.916002), (10.321507, 0.643055, -14.912352), (10.322452, 0.625761, -15.066256)
(10.167302, 0.680339, -14.916002), (10.166059, 0.698628, -14.761982), (10.321507, 0.643055, -14.912352)
(10.321507, 0.643055, -14.912352), (10.475935, 0.607743, -14.909014), (10.476813, 0.590275, -15.062729)
(10.321507, 0.643055, -14.912352), (10.320364, 0.661552, -14.758553), (10.475935, 0.607743, -14.909014)
(10.475935, 0.607743, -14.909014), (10.630584, 0.57481, -14.906027), (10.631401, 0.556952, -15.059537)
(10.475935, 0.607743, -14.909014), (10.474877, 0.626807, -14.755469), (10.630584, 0.57481, -14.906027)
(10.630584, 0.57481, -14.906027), (10.785441, 0.54429, -14.903389), (10.78621, 0.525953, -15.056683)
(10.630584, 0.57481, -14.906027), (10.629595, 0.594328, -14.752721), (10.785441, 0.54429, -14.903389)
(10.166059, 0.698628, -14.761982), (10.164609, 0.717641, -14.607971), (10.320364, 0.661552, -14.758553)
(10.166059, 0.698628, -14.761982), (10.320364, 0.661552, -14.758553), (10.321507, 0.643055, -14.912352)
(10.320364, 0.661552, -14.758553), (10.319025, 0.681016, -14.604806), (10.474877, 0.626807, -14.755469)
(10.320364, 0.661552, -14.758553), (10.474877, 0.626807, -14.755469), (10.475935, 0.607743, -14.909014)
(10.474877, 0.626807, -14.755469), (10.473633, 0.646781, -14.601992), (10.629595, 0.594328, -14.752721)
(10.474877, 0.626807, -14.755469), (10.629595, 0.594328, -14.752721), (10.630584, 0.57481, -14.906027)
(10.629595, 0.594328, -14.752721), (10.628426, 0.615018, -14.599527), (10.784512, 0.564464, -14.750336)
(10.629595, 0.594328, -14.752721), (10.784512, 0.564464, -14.750336), (10.785441, 0.54429, -14.903389)
# 11.051315849980007, 0, -15.058625250020004
(10.787277, 0.4925, -15.36375), (10.786815, 0.508567, -15.21011), (10.942225, 0.462744, -15.360826)
(10.787277, 0.4925, -15.36375), (10.942225, 0.462744, -15.360826), (10.942525, 0.447124, -15.514469)
(10.942225, 0.462744, -15.360826), (10.941792, 0.479144, -15.207346), (11.097372, 0.435091, -15.358191)
(10.942225, 0.462744, -15.360826), (11.097372, 0.435091, -15.358191), (11.097651, 0.419047, -15.51168)
(11.097372, 0.435091, -15.358191), (11.096964, 0.451868, -15.204873), (11.252701, 0.409377, -15.355804)
(11.097372, 0.435091, -15.358191), (11.252701, 0.409377, -15.355804), (11.252958, 0.393003, -15.509159)
(11.252701, 0.409377, -15.355804), (11.252328, 0.426653, -15.202661), (11.408211, 0.385825, -15.353684)
(11.252701, 0.409377, -15.355804), (11.408211, 0.385825, -15.353684), (11.408444, 0.368989, -15.506889)
(10.786815, 0.508567, -15.21011), (10.941792, 0.479144, -15.207346), (10.942225, 0.462744, -15.360826)
(10.786815, 0.508567, -15.21011), (10.78621, 0.525953, -15.056683), (10.941792, 0.479144, -15.207346)
(10.941792, 0.479144, -15.207346), (11.096964, 0.451868, -15.204873), (11.097372, 0.435091, -15.358191)
(10.941792, 0.479144, -15.207346), (10.94122, 0.496941, -15.054104), (11.096964, 0.451868, -15.204873)
(11.096964, 0.451868, -15.204873), (11.252328, 0.426653, -15.202661), (11.252701, 0.409377, -15.355804)
(11.096964, 0.451868, -15.204873), (11.096429, 0.469988, -15.051799), (11.252328, 0.426653, -15.202661)
(11.252328, 0.426653, -15.202661), (11.407872, 0.403601, -15.200711), (11.408211, 0.385825, -15.353684)
(11.252328, 0.426653, -15.202661), (11.251833, 0.445275, -15.049781), (11.407872, 0.403601, -15.200711)
(10.78621, 0.525953, -15.056683), (10.785441, 0.54429, -14.903389), (10.94122, 0.496941, -15.054104)
(10.78621, 0.525953, -15.056683), (10.94122, 0.496941, -15.054104), (10.941792, 0.479144, -15.207346)
(10.94122, 0.496941, -15.054104), (11.096429, 0.469988, -15.051799), (11.096964, 0.451868, -15.204873)
(10.94122, 0.496941, -15.054104), (10.940499, 0.51591, -14.901047), (11.096429, 0.469988, -15.051799)
(11.096429, 0.469988, -15.051799), (11.095757, 0.489589, -14.89897), (11.251833, 0.445275, -15.049781)
(11.096429, 0.469988, -15.051799), (11.251833, 0.445275, -15.049781), (11.252328, 0.426653, -15.202661)
(11.251833, 0.445275, -15.049781), (11.407424, 0.422918, -15.048044), (11.407872, 0.403601, -15.200711)
(11.251833, 0.445275, -15.049781), (11.251207, 0.46564, -14.897196), (11.407424, 0.422918, -15.048044)
(10.785441, 0.54429, -14.903389), (10.940499, 0.51591, -14.901047), (10.94122, 0.496941, -15.054104)
(10.785441, 0.54429, -14.903389), (10.784512, 0.564464, -14.750336), (10.940499, 0.51591, -14.901047)
(10.940499, 0.51591, -14.901047), (11.095757, 0.489589, -14.89897), (11.096429, 0.469988, -15.051799)
(10.940499, 0.51591, -14.901047), (10.939625, 0.53675, -14.748244), (11.095757, 0.489589, -14.89897)
(11.095757, 0.489589, -14.89897), (11.251207, 0.46564, -14.897196), (11.251833, 0.445275, -15.049781)
(11.095757, 0.489589, -14.89897), (11.094933, 0.511475, -14.746475), (11.251207, 0.46564, -14.897196)
(11.251207, 0.46564, -14.897196), (11.406852, 0.443944, -14.895692), (11.407424, 0.422918, -15.048044)
(11.251207, 0.46564, -14.897196), (11.25044, 0.488386, -14.744977), (11.406852, 0.443944, -14.895692)
(10.784512, 0.564464, -14.750336), (10.783406, 0.585907, -14.597425), (10.939625, 0.53675, -14.748244)
(10.784512, 0.564464, -14.750336), (10.939625, 0.53675, -14.748244), (10.940499, 0.51591, -14.901047)
(10.939625, 0.53675, -14.748244), (10.938578, 0.559139, -14.595641), (11.094933, 0.511475, -14.746475)
(10.939625, 0.53675, -14.748244), (11.094933, 0.511475, -14.746475), (11.095757, 0.489589, -14.89897)
(11.094933, 0.511475, -14.746475), (11.093943, 0.534815, -14.594173), (11.25044, 0.488386, -14.744977)
(11.094933, 0.511475, -14.746475), (11.25044, 0.488386, -14.744977), (11.251207, 0.46564, -14.897196)
(11.25044, 0.488386, -14.744977), (11.249508, 0.512828, -14.593), (11.406145, 0.467473, -14.743734)
(11.25044, 0.488386, -14.744977), (11.406145, 0.467473, -14.743734), (11.406852, 0.443944, -14.895692)
# 11.71908608331334, 0, -15.058625250020004
(11.408211, 0.385825, -15.353684), (11.407872, 0.403601, -15.200711), (11.563885, 0.364067, -15.351762)
(11.408211, 0.385825, -15.353684), (11.563885, 0.364067, -15.351762), (11.564085, 0.346825, -15.504827)
(11.563885, 0.364067, -15.351762), (11.563592, 0.382442, -15.198969), (11.719714, 0.344307, -15.350048)
(11.563885, 0.364067, -15.351762), (11.719714, 0.344307, -15.350048), (11.719872, 0.326426, -15.502947)
(11.719714, 0.344307, -15.350048), (11.719471, 0.363219, -15.197428), (11.875687, 0.326305, -15.348497)
(11.719714, 0.344307, -15.350048), (11.875687, 0.326305, -15.348497), (11.875795, 0.307998, -15.501266)
(11.875687, 0.326305, -15.348497), (11.875501, 0.345819, -15.196049), (12.031785, 0.310081, -15.347103)
(11.875687, 0.326305, -15.348497), (12.031785, 0.310081, -15.347103), (12.031843, 0.291481, -15.499765)
(12.031785, 0.310081, -15.347103), (12.031668, 0.330027, -15.194793), (12.188, 0.29566, -15.345851)
(12.031785, 0.310081, -15.347103), (12.188, 0.29566, -15.345851), (12.188, 0.276757, -15.498415)
(11.407872, 0.403601, -15.200711), (11.563592, 0.382442, -15.198969), (11.563885, 0.364067, -15.351762)
(11.407872, 0.403601, -15.200711), (11.407424, 0.422918, -15.048044), (11.563592, 0.382442, -15.198969)
(11.563592, 0.382442, -15.198969), (11.719471, 0.363219, -15.197428), (11.719714, 0.344307, -15.350048)
(11.563592, 0.382442, -15.198969), (11.563197, 0.402418, -15.046511), (11.719471, 0.363219, -15.197428)
(11.719471, 0.363219, -15.197428), (11.875501, 0.345819, -15.196049), (11.875687, 0.326305, -15.348497)
(11.719471, 0.363219, -15.197428), (11.719136, 0.383805, -15.045165), (11.875501, 0.345819, -15.196049)
(11.875501, 0.345819, -15.196049), (12.031668, 0.330027, -15.194793), (12.031785, 0.310081, -15.347103)
(11.875501, 0.345819, -15.196049), (11.875239, 0.36707, -15.043988), (12.031668, 0.330027, -15.194793)
(12.031668, 0.330027, -15.194793), (12.187959, 0.316115, -15.193684), (12.188, 0.29566, -15.345851)
(12.031668, 0.330027, -15.194793), (12.031494, 0.352257, -15.042973), (12.187959, 0.316115, -15.193684)
(11.407424, 0.422918, -15.048044), (11.406852, 0.443944, -14.895692), (11.563197, 0.402418, -15.046511)
(11.407424, 0.422918, -15.048044), (11.563197, 0.402418, -15.046511), (11.563592, 0.382442, -15.198969)
(11.563197, 0.402418, -15.046511), (11.719136, 0.383805, -15.045165), (11.719471, 0.363219, -15.197428)
(11.563197, 0.402418, -15.046511), (11.562685, 0.42428, -14.894408), (11.719136, 0.383805, -15.045165)
(11.719136, 0.383805, -15.045165), (11.718699, 0.406393, -14.893295), (11.875239, 0.36707, -15.043988)
(11.719136, 0.383805, -15.045165), (11.875239, 0.36707, -15.043988), (11.875501, 0.345819, -15.196049)
(11.875239, 0.36707, -15.043988), (11.874886, 0.390495, -14.892365), (12.031494, 0.352257, -15.042973)
(11.875239, 0.36707, -15.043988), (12.031494, 0.352257, -15.042973), (12.031668, 0.330027, -15.194793)
(12.031494, 0.352257, -15.042973), (12.031236, 0.376387, -14.891572), (12.187874, 0.338818, -15.042027)
(12.031494, 0.352257, -15.042973), (12.187874, 0.338818, -15.042027), (12.187959, 0.316115, -15.193684)
(11.406852, 0.443944, -14.895692), (11.562685, 0.42428, -14.894408), (11.563197, 0.402418, -15.046511)
(11.406852, 0.443944, -14.895692), (11.406145, 0.467473, -14.743734), (11.562685, 0.42428, -14.894408)
(11.562685, 0.42428, -14.894408), (11.718699, 0.406393, -14.893295), (11.719136, 0.383805, -15.045165)
(11.562685, 0.42428, -14.894408), (11.562047, 0.44865, -14.742723), (11.718699, 0.406393, -14.893295)
(11.718699, 0.406393, -14.893295), (11.874886, 0.390495, -14.892365), (11.875239, 0.36707, -15.043988)
(11.718699, 0.406393, -14.893295), (11.718145, 0.431903, -14.741922), (11.874886, 0.390495, -14.892365)
(11.874886, 0.390495, -14.892365), (12.031236, 0.376387, -14.891572), (12.031494, 0.352257, -15.042973)
(11.874886, 0.390495, -14.892365), (11.874432, 0.416802, -14.741255), (12.031236, 0.376387, -14.891572)
(12.031236, 0.376387, -14.891572), (12.187725, 0.363629, -14.890839), (12.187874, 0.338818, -15.042027)
(12.031236, 0.376387, -14.891572), (12.03089, 0.403524, -14.740723), (12.187725, 0.363629, -14.890839)
(11.406145, 0.467473, -14.743734), (11.405277, 0.492917, -14.592071), (11.562047, 0.44865, -14.742723)
(11.406145, 0.467473, -14.743734), (11.562047, 0.44865, -14.742723), (11.562685, 0.42428, -14.894408)
(11.562047, 0.44865, -14.742723), (11.56126, 0.475238, -14.591393), (11.718145, 0.431903, -14.741922)
(11.562047, 0.44865, -14.742723), (11.718145, 0.431903, -14.741922), (11.718699, 0.406393, -14.893295)
(11.718145, 0.431903, -14.741922), (11.717448, 0.459502, -14.590907), (11.874432, 0.416802, -14.741255)
(11.718145, 0.431903, -14.741922), (11.874432, 0.416802, -14.741255), (11.874886, 0.390495, -14.892365)
(11.874432, 0.416802, -14.741255), (11.873844, 0.445458, -14.590559), (12.03089, 0.403524, -14.740723)
(11.874432, 0.416802, -14.741255), (12.03089, 0.403524, -14.740723), (12.031236, 0.376387, -14.891572)
(12.03089, 0.403524, -14.740723), (12.030428, 0.433038, -14.59032), (12.187502, 0.391349, -14.740211)
(12.03089, 0.403524, -14.740723), (12.187502, 0.391349, -14.740211), (12.187725, 0.363629, -14.890839)
# 12.386856316646675, 0, -15.058625250020004
(12.188, 0.29566, -15.345851), (12.187959, 0.316115, -15.193684), (12.344326, 0.282963, -15.344724)
(12.188, 0.29566, -15.345851), (12.344326, 0.282963, -15.344724), (12.344257, 0.263643, -15.497183)
(12.344326, 0.282963, -15.344724), (12.344364, 0.303796, -15.192678), (12.50073, 0.271632, -15.343668)
(12.344326, 0.282963, -15.344724), (12.50073, 0.271632, -15.343668), (12.50059, 0.252132, -15.496062)
(12.50073, 0.271632, -15.343668), (12.500854, 0.292759, -15.191719), (12.657199, 0.26155, -15.342663)
(12.50073, 0.271632, -15.343668), (12.657199, 0.26155, -15.342663), (12.656992, 0.241994, -15.495028)
(12.657199, 0.26155, -15.342663), (12.65741, 0.282799, -15.190767), (12.813712, 0.252573, -15.341687)
(12.657199, 0.26155, -15.342663), (12.813712, 0.252573, -15.341687), (12.813435, 0.233033, -15.494042)
(12.187959, 0.316115, -15.193684), (12.344364, 0.303796, -15.192678), (12.344326, 0.282963, -15.344724)
(12.187959, 0.316115, -15.193684), (12.187874, 0.338818, -15.042027), (12.344364, 0.303796, -15.192678)
(12.344364, 0.303796, -15.192678), (12.500854, 0.292759, -15.191719), (12.50073, 0.271632, -15.343668)
(12.344364, 0.303796, -15.192678), (12.344371, 0.326724, -15.041132), (12.500854, 0.292759, -15.191719)
(12.500854, 0.292759, -15.191719), (12.65741, 0.282799, -15.190767), (12.657199, 0.26155, -15.342663)
(12.500854, 0.292759, -15.191719), (12.500967, 0.31596, -15.040282), (12.65741, 0.282799, -15.190767)
(12.65741, 0.282799, -15.190767), (12.814012, 0.273879, -15.189823), (12.813712, 0.252573, -15.341687)
(12.65741, 0.282799, -15.190767), (12.657628, 0.306334, -15.039434), (12.814012, 0.273879, -15.189823)
(12.187874, 0.338818, -15.042027), (12.344371, 0.326724, -15.041132), (12.344364, 0.303796, -15.192678)
(12.187874, 0.338818, -15.042027), (12.187725, 0.363629, -14.890839), (12.344371, 0.326724, -15.041132)
(12.344371, 0.326724, -15.041132), (12.344336, 0.352012, -14.890114), (12.500967, 0.31596, -15.040282)
(12.344371, 0.326724, -15.041132), (12.500967, 0.31596, -15.040282), (12.500854, 0.292759, -15.191719)
(12.500967, 0.31596, -15.040282), (12.501053, 0.341638, -14.889407), (12.657628, 0.306334, -15.039434)
(12.500967, 0.31596, -15.040282), (12.657628, 0.306334, -15.039434), (12.65741, 0.282799, -15.190767)
(12.657628, 0.306334, -15.039434), (12.657842, 0.332179, -14.888658), (12.814335, 0.29745, -15.038533)
(12.657628, 0.306334, -15.039434), (12.814335, 0.29745, -15.038533), (12.814012, 0.273879, -15.189823)
(12.187725, 0.363629, -14.890839), (12.344336, 0.352012, -14.890114), (12.344371, 0.326724, -15.041132)
(12.187725, 0.363629, -14.890839), (12.187502, 0.391349, -14.740211), (12.344336, 0.352012, -14.890114)
(12.344336, 0.352012, -14.890114), (12.501053, 0.341638, -14.889407), (12.500967, 0.31596, -15.040282)
(12.344336, 0.352012, -14.890114), (12.344251, 0.380432, -14.739718), (12.501053, 0.341638, -14.889407)
(12.501053, 0.341638, -14.889407), (12.657842, 0.332179, -14.888658), (12.657628, 0.306334, -15.039434)
(12.501053, 0.341638, -14.889407), (12.501107, 0.370372, -14.739171), (12.657842, 0.332179, -14.888658)
(12.657842, 0.332179, -14.888658), (12.814673, 0.323355, -14.887817), (12.814335, 0.29745, -15.038533)
(12.657842, 0.332179, -14.888658), (12.658043, 0.361017, -14.738532), (12.814673, 0.323355, -14.887817)
(12.187502, 0.391349, -14.740211), (12.187184, 0.421708, -14.590094), (12.344251, 0.380432, -14.739718)
(12.187502, 0.391349, -14.740211), (12.344251, 0.380432, -14.739718), (12.344336, 0.352012, -14.890114)
(12.344251, 0.380432, -14.739718), (12.344089, 0.411408, -14.589844), (12.501107, 0.370372, -14.739171)
(12.344251, 0.380432, -14.739718), (12.501107, 0.370372, -14.739171), (12.501053, 0.341638, -14.889407)
(12.501107, 0.370372, -14.739171), (12.501112, 0.401843, -14.589508), (12.658043, 0.361017, -14.738532)
(12.501107, 0.370372, -14.739171), (12.658043, 0.361017, -14.738532), (12.657842, 0.332179, -14.888658)
(12.658043, 0.361017, -14.738532), (12.65822, 0.392722, -14.58902), (12.815026, 0.352165, -14.737759)
(12.658043, 0.361017, -14.738532), (12.815026, 0.352165, -14.737759), (12.814673, 0.323355, -14.887817)
# 13.054626549980007, 0, -15.058625250020004
(12.813712, 0.252573, -15.341687), (12.814012, 0.273879, -15.189823), (12.970257, 0.244569, -15.34073)
(12.813712, 0.252573, -15.341687), (12.970257, 0.244569, -15.34073), (12.969909, 0.224997, -15.493077)
(12.970257, 0.244569, -15.34073), (12.97064, 0.265778, -15.188855), (13.126816, 0.237203, -15.339745)
(12.970257, 0.244569, -15.34073), (13.126816, 0.237203, -15.339745), (13.126402, 0.217816, -15.492134)
(13.126816, 0.237203, -15.339745), (13.127277, 0.258244, -15.187834), (13.283369, 0.230332, -15.338717)
(13.126816, 0.237203, -15.339745), (13.283369, 0.230332, -15.338717), (13.282825, 0.210486, -15.49109)
(13.283369, 0.230332, -15.338717), (13.283901, 0.250987, -15.186714), (13.439861, 0.223373, -15.337584)
(13.283369, 0.230332, -15.338717), (13.439861, 0.223373, -15.337584), (13.438935, 0.200566, -15.489617)
(12.814012, 0.273879, -15.189823), (12.97064, 0.265778, -15.188855), (12.970257, 0.244569, -15.34073)
(12.814012, 0.273879, -15.189823), (12.814335, 0.29745, -15.038533), (12.97064, 0.265778, -15.188855)
(12.97064, 0.265778, -15.188855), (13.127277, 0.258244, -15.187834), (13.126816, 0.237203, -15.339745)
(12.97064, 0.265778, -15.188855), (12.971064, 0.289152, -15.03755), (13.127277, 0.258244, -15.187834)
(13.127277, 0.258244, -15.187834), (13.283901, 0.250987, -15.186714), (13.283369, 0.230332, -15.338717)
(13.127277, 0.258244, -15.187834), (13.127795, 0.281343, -15.03648), (13.283901, 0.250987, -15.186714)
(13.283901, 0.250987, -15.186714), (13.440503, 0.244121, -15.185541), (13.439861, 0.223373, -15.337584)
(13.283901, 0.250987, -15.186714), (13.284511, 0.273984, -15.035335), (13.440503, 0.244121, -15.185541)
(12.814335, 0.29745, -15.038533), (12.971064, 0.289152, -15.03755), (12.97064, 0.265778, -15.188855)
(12.814335, 0.29745, -15.038533), (12.814673, 0.323355, -14.887817), (12.971064, 0.289152, -15.03755)
(12.971064, 0.289152, -15.03755), (12.971525, 0.314909, -14.886843), (13.127795, 0.281343, -15.03648)
(12.971064, 0.289152, -15.03755), (13.127795, 0.281343, -15.03648), (13.127277, 0.258244, -15.187834)
(13.127795, 0.281343, -15.03648), (13.128372, 0.306867, -14.885746), (13.284511, 0.273984, -15.035335)
(13.127795, 0.281343, -15.03648), (13.284511, 0.273984, -15.035335), (13.283901, 0.250987, -15.186714)
(13.284511, 0.273984, -15.035335), (13.285192, 0.299047, -14.884508), (13.441189, 0.266623, -15.034041)
(13.284511, 0.273984, -15.035335), (13.441189, 0.266623, -15.034041), (13.440503, 0.244121, -15.185541)
(12.814673, 0.323355, -14.887817), (12.971525, 0.314909, -14.886843), (12.971064, 0.289152, -15.03755)
(12.814673, 0.323355, -14.887817), (12.815026, 0.352165, -14.737759), (12.971525, 0.314909, -14.886843)
(12.971525, 0.314909, -14.886843), (13.128372, 0.306867, -14.885746), (13.127795, 0.281343, -15.03648)
(12.971525, 0.314909, -14.886843), (12.972026, 0.343709, -14.736834), (13.128372, 0.306867, -14.885746)
(13.128372, 0.306867, -14.885746), (13.285192, 0.299047, -14.884508), (13.284511, 0.273984, -15.035335)
(13.128372, 0.306867, -14.885746), (13.129009, 0.335314, -14.735707), (13.285192, 0.299047, -14.884508)
(13.285192, 0.299047, -14.884508), (13.441963, 0.291195, -14.8831), (13.441189, 0.266623, -15.034041)
(13.285192, 0.299047, -14.884508), (13.285955, 0.327091, -14.734402), (13.441963, 0.291195, -14.8831)
(12.815026, 0.352165, -14.737759), (12.815379, 0.38396, -14.588356), (12.972026, 0.343709, -14.736834)
(12.815026, 0.352165, -14.737759), (12.972026, 0.343709, -14.736834), (12.971525, 0.314909, -14.886843)
(12.972026, 0.343709, -14.736834), (12.972553, 0.375317, -14.58747), (13.129009, 0.335314, -14.735707)
(12.972026, 0.343709, -14.736834), (13.129009, 0.335314, -14.735707), (13.128372, 0.306867, -14.885746)
(13.129009, 0.335314, -14.735707), (13.129701, 0.366617, -14.586333), (13.285955, 0.327091, -14.734402)
(13.129009, 0.335314, -14.735707), (13.285955, 0.327091, -14.734402), (13.285192, 0.299047, -14.884508)
(13.285955, 0.327091, -14.734402), (13.286795, 0.357794, -14.584937), (13.442837, 0.318535, -14.732847)
(13.285955, 0.327091, -14.734402), (13.442837, 0.318535, -14.732847), (13.441963, 0.291195, -14.8831)
# 13.722396783313343, 0, -15.058625250020004
(13.439861, 0.223373, -15.337584), (13.440503, 0.244121, -15.185541), (13.596066, 0.214301, -15.336083)
(13.439861, 0.223373, -15.337584), (13.596066, 0.214301, -15.336083), (13.594664, 0.187486, -15.487625)
(13.596066, 0.214301, -15.336083), (13.597051, 0.237318, -15.184278), (13.751874, 0.202107, -15.334043)
(13.596066, 0.214301, -15.336083), (13.751874, 0.202107, -15.334043), (13.74988, 0.170645, -15.485001)
(13.751874, 0.202107, -15.334043), (13.753351, 0.228675, -15.182665), (13.907173, 0.186287, -15.331392)
(13.751874, 0.202107, -15.334043), (13.907173, 0.186287, -15.331392), (13.904581, 0.150255, -15.481754)
(13.907173, 0.186287, -15.331392), (13.909218, 0.216902, -15.180511), (14.061819, 0.16577, -15.327882)
(13.907173, 0.186287, -15.331392), (14.061819, 0.16577, -15.327882), (14.058656, 0.125646, -15.477724)
(13.440503, 0.244121, -15.185541), (13.597051, 0.237318, -15.184278), (13.596066, 0.214301, -15.336083)
(13.440503, 0.244121, -15.185541), (13.441189, 0.266623, -15.034041), (13.597051, 0.237318, -15.184278)
(13.597051, 0.237318, -15.184278), (13.753351, 0.228675, -15.182665), (13.751874, 0.202107, -15.334043)
(13.597051, 0.237318, -15.184278), (13.597814, 0.259219, -15.032608), (13.753351, 0.228675, -15.182665)
(13.753351, 0.228675, -15.182665), (13.909218, 0.216902, -15.180511), (13.907173, 0.186287, -15.331392)
(13.753351, 0.228675, -15.182665), (13.754376, 0.251783, -15.031067), (13.909218, 0.216902, -15.180511)
(13.909218, 0.216902, -15.180511), (14.064502, 0.200905, -15.177604), (14.061819, 0.16577, -15.327882)
(13.909218, 0.216902, -15.180511), (13.91075, 0.243419, -15.029321), (14.064502, 0.200905, -15.177604)
(13.441189, 0.266623, -15.034041), (13.597814, 0.259219, -15.032608), (13.597051, 0.237318, -15.184278)
(13.441189, 0.266623, -15.034041), (13.441963, 0.291195, -14.8831), (13.597814, 0.259219, -15.032608)
(13.597814, 0.259219, -15.032608), (13.598667, 0.283086, -14.881491), (13.754376, 0.251783, -15.031067)
(13.597814, 0.259219, -15.032608), (13.754376, 0.251783, -15.031067), (13.753351, 0.228675, -15.182665)
(13.754376, 0.251783, -15.031067), (13.91075, 0.243419, -15.029321), (13.909218, 0.216902, -15.180511)
(13.754376, 0.251783, -15.031067), (13.755297, 0.274995, -14.879765), (13.91075, 0.243419, -15.029321)
(13.91075, 0.243419, -15.029321), (13.911843, 0.266766, -14.877914), (14.066681, 0.231789, -15.02697)
(13.91075, 0.243419, -15.029321), (14.066681, 0.231789, -15.02697), (14.064502, 0.200905, -15.177604)
(13.441963, 0.291195, -14.8831), (13.598667, 0.283086, -14.881491), (13.597814, 0.259219, -15.032608)
(13.441963, 0.291195, -14.8831), (13.442837, 0.318535, -14.732847), (13.598667, 0.283086, -14.881491)
(13.598667, 0.283086, -14.881491), (13.755297, 0.274995, -14.879765), (13.754376, 0.251783, -15.031067)
(13.598667, 0.283086, -14.881491), (13.599639, 0.309948, -14.731115), (13.755297, 0.274995, -14.879765)
(13.755297, 0.274995, -14.879765), (13.911843, 0.266766, -14.877914), (13.91075, 0.243419, -15.029321)
(13.755297, 0.274995, -14.879765), (13.756347, 0.30096, -14.729165), (13.911843, 0.266766, -14.877914)
(13.911843, 0.266766, -14.877914), (14.068249, 0.257904, -14.875883), (14.066681, 0.231789, -15.02697)
(13.911843, 0.266766, -14.877914), (13.91295, 0.291688, -14.727038), (14.068249, 0.257904, -14.875883)
(13.442837, 0.318535, -14.732847), (13.44381, 0.348592, -14.583254), (13.599639, 0.309948, -14.731115)
(13.442837, 0.318535, -14.732847), (13.599639, 0.309948, -14.731115), (13.598667, 0.283086, -14.881491)
(13.599639, 0.309948, -14.731115), (13.600722, 0.339059, -14.581312), (13.756347, 0.30096, -14.729165)
(13.599639, 0.309948, -14.731115), (13.756347, 0.30096, -14.729165), (13.755297, 0.274995, -14.879765)
(13.756347, 0.30096, -14.729165), (13.757523, 0.329175, -14.579132), (13.91295, 0.291688, -14.727038)
(13.756347, 0.30096, -14.729165), (13.91295, 0.291688, -14.727038), (13.911843, 0.266766, -14.877914)
(13.91295, 0.291688, -14.727038), (13.914193, 0.318684, -14.576691), (14.069447, 0.282142, -14.724762)
(13.91295, 0.291688, -14.727038), (14.069447, 0.282142, -14.724762), (14.068249, 0.257904, -14.875883)
# 14.390167016646675, 0, -15.058625250020004
(14.061819, 0.16577, -15.327882), (14.064502, 0.200905, -15.177604), (14.215976, 0.142156, -15.32381)
(14.061819, 0.16577, -15.327882), (14.215976, 0.142156, -15.32381), (14.212305, 0.098486, -15.473164)
(14.215976, 0.142156, -15.32381), (14.219218, 0.181036, -15.173999), (14.369547, 0.114842, -15.319006)
(14.215976, 0.142156, -15.32381), (14.369547, 0.114842, -15.319006), (14.365431, 0.068449, -15.468012)
(14.369547, 0.114842, -15.319006), (14.373365, 0.157526, -15.169716), (14.522639, 0.084771, -15.313644)
(14.369547, 0.114842, -15.319006), (14.522639, 0.084771, -15.313644), (14.518181, 0.036654, -15.462447)
(14.522639, 0.084771, -15.313644), (14.526938, 0.130391, -15.164714), (14.675485, 0.053756, -15.308044)
(14.522639, 0.084771, -15.313644), (14.675485, 0.053756, -15.308044), (14.670777, 0.004697, -15.456757)
(14.675485, 0.053756, -15.308044), (14.680199, 0.101855, -15.159446), (14.827952, 0.021279, -15.302107)
(14.675485, 0.053756, -15.308044), (14.827952, 0.021279, -15.302107), (14.823059, -0.028408, -15.450724)
(14.064502, 0.200905, -15.177604), (14.219218, 0.181036, -15.173999), (14.215976, 0.142156, -15.32381)
(14.064502, 0.200905, -15.177604), (14.066681, 0.231789, -15.02697), (14.219218, 0.181036, -15.173999)
(14.219218, 0.181036, -15.173999), (14.373365, 0.157526, -15.169716), (14.369547, 0.114842, -15.319006)
(14.219218, 0.181036, -15.173999), (14.222006, 0.215908, -15.023866), (14.373365, 0.157526, -15.169716)
(14.373365, 0.157526, -15.169716), (14.526938, 0.130391, -15.164714), (14.522639, 0.084771, -15.313644)
(14.373365, 0.157526, -15.169716), (14.376785, 0.196501, -15.020123), (14.526938, 0.130391, -15.164714)
(14.526938, 0.130391, -15.164714), (14.680199, 0.101855, -15.159446), (14.675485, 0.053756, -15.308044)
(14.526938, 0.130391, -15.164714), (14.530949, 0.173343, -15.015728), (14.680199, 0.101855, -15.159446)
(14.680199, 0.101855, -15.159446), (14.832996, 0.071086, -15.153725), (14.827952, 0.021279, -15.302107)
(14.680199, 0.101855, -15.159446), (14.684687, 0.147546, -15.010811), (14.832996, 0.071086, -15.153725)
(14.066681, 0.231789, -15.02697), (14.222006, 0.215908, -15.023866), (14.219218, 0.181036, -15.173999)
(14.066681, 0.231789, -15.02697), (14.068249, 0.257904, -14.875883), (14.222006, 0.215908, -15.023866)
(14.222006, 0.215908, -15.023866), (14.224177, 0.245721, -14.873228), (14.376785, 0.196501, -15.020123)
(14.222006, 0.215908, -15.023866), (14.376785, 0.196501, -15.020123), (14.373365, 0.157526, -15.169716)
(14.376785, 0.196501, -15.020123), (14.379589, 0.23029, -14.870014), (14.530949, 0.173343, -15.015728)
(14.376785, 0.196501, -15.020123), (14.530949, 0.173343, -15.015728), (14.526938, 0.130391, -15.164714)
(14.530949, 0.173343, -15.015728), (14.534378, 0.210927, -14.866108), (14.684687, 0.147546, -15.010811)
(14.530949, 0.173343, -15.015728), (14.684687, 0.147546, -15.010811), (14.680199, 0.101855, -15.159446)
(14.684687, 0.147546, -15.010811), (14.837905, 0.118824, -15.005316), (14.832996, 0.071086, -15.153725)
(14.684687, 0.147546, -15.010811), (14.688665, 0.188451, -14.861637), (14.837905, 0.118824, -15.005316)
(14.068249, 0.257904, -14.875883), (14.224177, 0.245721, -14.873228), (14.222006, 0.215908, -15.023866)
(14.068249, 0.257904, -14.875883), (14.069447, 0.282142, -14.724762), (14.224177, 0.245721, -14.873228)
(14.224177, 0.245721, -14.873228), (14.379589, 0.23029, -14.870014), (14.376785, 0.196501, -15.020123)
(14.224177, 0.245721, -14.873228), (14.225821, 0.272465, -14.72241), (14.379589, 0.23029, -14.870014)
(14.379589, 0.23029, -14.870014), (14.534378, 0.210927, -14.866108), (14.530949, 0.173343, -15.015728)
(14.379589, 0.23029, -14.870014), (14.381792, 0.260082, -14.719539), (14.534378, 0.210927, -14.866108)
(14.534378, 0.210927, -14.866108), (14.688665, 0.188451, -14.861637), (14.684687, 0.147546, -15.010811)
(14.534378, 0.210927, -14.866108), (14.537264, 0.244898, -14.716204), (14.688665, 0.188451, -14.861637)
(14.688665, 0.188451, -14.861637), (14.842448, 0.16295, -14.856579), (14.837905, 0.118824, -15.005316)
(14.688665, 0.188451, -14.861637), (14.692134, 0.225655, -14.712118), (14.842448, 0.16295, -14.856579)
(14.069447, 0.282142, -14.724762), (14.070738, 0.308078, -14.574114), (14.225821, 0.272465, -14.72241)
(14.069447, 0.282142, -14.724762), (14.225821, 0.272465, -14.72241), (14.224177, 0.245721, -14.873228)
# 15.05793724998001, 0, -15.058625250020004
(14.827952, 0.021279, -15.302107), (14.832996, 0.071086, -15.153725), (14.980246, -0.011471, -15.296002)
(14.827952, 0.021279, -15.302107), (14.980246, -0.011471, -15.296002), (14.975239, -0.061217, -15.444664)
(14.980246, -0.011471, -15.296002), (14.985515, 0.03921, -15.147729), (15.132429, -0.043858, -15.289877)
(14.980246, -0.011471, -15.296002), (15.132429, -0.043858, -15.289877), (15.127476, -0.092934, -15.438774)
(15.132429, -0.043858, -15.289877), (15.137757, 0.006327, -15.141458), (15.284442, -0.07661, -15.283675)
(15.132429, -0.043858, -15.289877), (15.284442, -0.07661, -15.283675), (15.279635, -0.125888, -15.432893)
(15.284442, -0.07661, -15.283675), (15.289726, -0.02731, -15.135058), (15.436516, -0.109501, -15.27771)
(15.284442, -0.07661, -15.283675), (15.436516, -0.109501, -15.27771), (15.43195, -0.159218, -15.427293)
(14.832996, 0.071086, -15.153725), (14.985515, 0.03921, -15.147729), (14.980246, -0.011471, -15.296002)
(14.832996, 0.071086, -15.153725), (14.837905, 0.118824, -15.005316), (14.985515, 0.03921, -15.147729)
(14.985515, 0.03921, -15.147729), (15.137757, 0.006327, -15.141458), (15.132429, -0.043858, -15.289877)
(14.985515, 0.03921, -15.147729), (14.990731, 0.088217, -14.999468), (15.137757, 0.006327, -15.141458)
(15.137757, 0.006327, -15.141458), (15.289726, -0.02731, -15.135058), (15.284442, -0.07661, -15.283675)
(15.137757, 0.006327, -15.141458), (15.143234, 0.056478, -14.993425), (15.289726, -0.02731, -15.135058)
(15.289726, -0.02731, -15.135058), (15.441648, -0.06053, -15.128766), (15.436516, -0.109501, -15.27771)
(15.289726, -0.02731, -15.135058), (15.295362, 0.023167, -14.987017), (15.441648, -0.06053, -15.128766)
(14.837905, 0.118824, -15.005316), (14.842448, 0.16295, -14.856579), (14.990731, 0.088217, -14.999468)
(14.837905, 0.118824, -15.005316), (14.990731, 0.088217, -14.999468), (14.985515, 0.03921, -15.147729)
(14.990731, 0.088217, -14.999468), (14.995758, 0.135136, -14.851128), (15.143234, 0.056478, -14.993425)
(14.990731, 0.088217, -14.999468), (15.143234, 0.056478, -14.993425), (15.137757, 0.006327, -15.141458)
(15.143234, 0.056478, -14.993425), (15.148668, 0.105466, -14.845339), (15.295362, 0.023167, -14.987017)
(15.143234, 0.056478, -14.993425), (15.295362, 0.023167, -14.987017), (15.289726, -0.02731, -15.135058)
(15.295362, 0.023167, -14.987017), (15.4473, -0.010392, -14.980531), (15.441648, -0.06053, -15.128766)
(15.295362, 0.023167, -14.987017), (15.301114, 0.073655, -14.839142), (15.4473, -0.010392, -14.980531)
(14.842448, 0.16295, -14.856579), (14.995758, 0.135136, -14.851128), (14.990731, 0.088217, -14.999468)
(14.842448, 0.16295, -14.856579), (14.846569, 0.204165, -14.707685), (14.995758, 0.135136, -14.851128)
(14.995758, 0.135136, -14.851128), (15.148668, 0.105466, -14.845339), (15.143234, 0.056478, -14.993425)
(14.995758, 0.135136, -14.851128), (15.000422, 0.179238, -14.702614), (15.148668, 0.105466, -14.845339)
(15.148668, 0.105466, -14.845339), (15.301114, 0.073655, -14.839142), (15.295362, 0.023167, -14.987017)
(15.148668, 0.105466, -14.845339), (15.153827, 0.152049, -14.69715), (15.301114, 0.073655, -14.839142)
(15.301114, 0.073655, -14.839142), (15.453197, 0.04036, -14.832642), (15.4473, -0.010392, -14.980531)
(15.301114, 0.073655, -14.839142), (15.306662, 0.121989, -14.691175), (15.453197, 0.04036, -14.832642)
# 15.725707483313343, 0, -15.058625250020004
(15.436516, -0.109501, -15.27771), (15.441648, -0.06053, -15.128766), (15.58846, -0.145281, -15.271697)
(15.436516, -0.109501, -15.27771), (15.58846, -0.145281, -15.271697), (15.584421, -0.193662, -15.422029)
(15.58846, -0.145281, -15.271697), (15.593372, -0.095524, -15.1224), (15.740541, -0.181498, -15.266016)
(15.58846, -0.145281, -15.271697), (15.740541, -0.181498, -15.266016), (15.737024, -0.228549, -15.417078)
(15.740541, -0.181498, -15.266016), (15.745125, -0.131808, -15.1162), (15.893001, -0.216278, -15.260975)
(15.740541, -0.181498, -15.266016), (15.893001, -0.216278, -15.260975), (15.890099, -0.261523, -15.41286)
(15.893001, -0.216278, -15.260975), (15.897017, -0.168056, -15.110424), (16.045664, -0.251801, -15.256429)
(15.893001, -0.216278, -15.260975), (16.045664, -0.251801, -15.256429), (16.043665, -0.293242, -15.40941)
(16.045664, -0.251801, -15.256429), (16.048925, -0.206265, -15.104915), (16.198683, -0.286604, -15.25249)
(16.045664, -0.251801, -15.256429), (16.198683, -0.286604, -15.25249), (16.197668, -0.323118, -15.406713)
(15.441648, -0.06053, -15.128766), (15.593372, -0.095524, -15.1224), (15.58846, -0.145281, -15.271697)
(15.441648, -0.06053, -15.128766), (15.4473, -0.010392, -14.980531), (15.593372, -0.095524, -15.1224)
(15.593372, -0.095524, -15.1224), (15.745125, -0.131808, -15.1162), (15.740541, -0.181498, -15.266016)
(15.593372, -0.095524, -15.1224), (15.598945, -0.044738, -14.973921), (15.745125, -0.131808, -15.1162)
(15.745125, -0.131808, -15.1162), (15.897017, -0.168056, -15.110424), (15.893001, -0.216278, -15.260975)
(15.745125, -0.131808, -15.1162), (15.750547, -0.080046, -14.967506), (15.897017, -0.168056, -15.110424)
(15.897017, -0.168056, -15.110424), (16.048925, -0.206265, -15.104915), (16.045664, -0.251801, -15.256429)
(15.897017, -0.168056, -15.110424), (15.901953, -0.117609, -14.961037), (16.048925, -0.206265, -15.104915)
(16.048925, -0.206265, -15.104915), (16.201147, -0.244336, -15.099977), (16.198683, -0.286604, -15.25249)
(16.048925, -0.206265, -15.104915), (16.053318, -0.156806, -14.954765), (16.201147, -0.244336, -15.099977)
(15.4473, -0.010392, -14.980531), (15.453197, 0.04036, -14.832642), (15.598945, -0.044738, -14.973921)
(15.4473, -0.010392, -14.980531), (15.598945, -0.044738, -14.973921), (15.593372, -0.095524, -15.1224)
(15.598945, -0.044738, -14.973921), (15.604863, 0.005493, -14.82592), (15.750547, -0.080046, -14.967506)
(15.598945, -0.044738, -14.973921), (15.750547, -0.080046, -14.967506), (15.745125, -0.131808, -15.1162)
(15.750547, -0.080046, -14.967506), (15.756367, -0.029653, -14.819237), (15.901953, -0.117609, -14.961037)
(15.750547, -0.080046, -14.967506), (15.901953, -0.117609, -14.961037), (15.897017, -0.168056, -15.110424)
(15.901953, -0.117609, -14.961037), (16.053318, -0.156806, -14.954765), (16.048925, -0.206265, -15.104915)
(15.901953, -0.117609, -14.961037), (15.907579, -0.066625, -14.812451), (16.053318, -0.156806, -14.954765)
(16.053318, -0.156806, -14.954765), (16.058712, -0.104674, -14.805801), (16.204979, -0.195977, -14.949093)
(16.053318, -0.156806, -14.954765), (16.204979, -0.195977, -14.949093), (16.201147, -0.244336, -15.099977)
(15.453197, 0.04036, -14.832642), (15.604863, 0.005493, -14.82592), (15.598945, -0.044738, -14.973921)
(15.453197, 0.04036, -14.832642), (15.459074, 0.090204, -14.684955), (15.604863, 0.005493, -14.82592)
(15.604863, 0.005493, -14.82592), (15.756367, -0.029653, -14.819237), (15.750547, -0.080046, -14.967506)
(15.604863, 0.005493, -14.82592), (15.610947, 0.055851, -14.678241), (15.756367, -0.029653, -14.819237)
(15.756367, -0.029653, -14.819237), (15.907579, -0.066625, -14.812451), (15.901953, -0.117609, -14.961037)
(15.756367, -0.029653, -14.819237), (15.762587, 0.021123, -14.671577), (15.907579, -0.066625, -14.812451)
(15.907579, -0.066625, -14.812451), (16.058712, -0.104674, -14.805801), (16.053318, -0.156806, -14.954765)
(15.907579, -0.066625, -14.812451), (15.913778, -0.015409, -14.664594), (16.058712, -0.104674, -14.805801)
(16.058712, -0.104674, -14.805801), (16.20989, -0.144177, -14.79952), (16.204979, -0.195977, -14.949093)
(16.058712, -0.104674, -14.805801), (16.064833, -0.052618, -14.657769), (16.20989, -0.144177, -14.79952)
# 16.39347771664668, 0, -15.058625250020004
(16.198683, -0.286604, -15.25249), (16.201147, -0.244336, -15.099977), (16.352318, -0.318294, -15.24948)
(16.198683, -0.286604, -15.25249), (16.352318, -0.318294, -15.24948), (16.352257, -0.349761, -15.404875)
(16.352318, -0.318294, -15.24948), (16.353861, -0.279994, -15.095864), (16.506523, -0.347767, -15.247375)
(16.352318, -0.318294, -15.24948), (16.506523, -0.347767, -15.247375), (16.507587, -0.372997, -15.404082)
(16.506523, -0.347767, -15.247375), (16.506985, -0.314611, -15.092501), (16.661402, -0.374488, -15.246268)
(16.506523, -0.347767, -15.247375), (16.661402, -0.374488, -15.246268), (16.663563, -0.393004, -15.404248)
(16.661402, -0.374488, -15.246268), (16.660755, -0.346972, -15.090092), (16.81703, -0.397128, -15.246159)
(16.661402, -0.374488, -15.246268), (16.81703, -0.397128, -15.246159), (16.820225, -0.408981, -15.405344)
(16.201147, -0.244336, -15.099977), (16.353861, -0.279994, -15.095864), (16.352318, -0.318294, -15.24948)
(16.201147, -0.244336, -15.099977), (16.204979, -0.195977, -14.949093), (16.353861, -0.279994, -15.095864)
(16.353861, -0.279994, -15.095864), (16.506985, -0.314611, -15.092501), (16.506523, -0.347767, -15.247375)
(16.353861, -0.279994, -15.095864), (16.356823, -0.234744, -14.943958), (16.506985, -0.314611, -15.092501)
(16.506985, -0.314611, -15.092501), (16.660755, -0.346972, -15.090092), (16.661402, -0.374488, -15.246268)
(16.506985, -0.314611, -15.092501), (16.508986, -0.273227, -14.939446), (16.660755, -0.346972, -15.090092)
(16.660755, -0.346972, -15.090092), (16.81517, -0.376057, -15.088621), (16.81703, -0.397128, -15.246159)
(16.660755, -0.346972, -15.090092), (16.661627, -0.310834, -14.935722), (16.81517, -0.376057, -15.088621)
(16.204979, -0.195977, -14.949093), (16.356823, -0.234744, -14.943958), (16.353861, -0.279994, -15.095864)
(16.204979, -0.195977, -14.949093), (16.20989, -0.144177, -14.79952), (16.356823, -0.234744, -14.943958)
(16.356823, -0.234744, -14.943958), (16.361025, -0.185031, -14.7935), (16.508986, -0.273227, -14.939446)
(16.356823, -0.234744, -14.943958), (16.508986, -0.273227, -14.939446), (16.506985, -0.314611, -15.092501)
(16.508986, -0.273227, -14.939446), (16.661627, -0.310834, -14.935722), (16.660755, -0.346972, -15.090092)
(16.508986, -0.273227, -14.939446), (16.512381, -0.226178, -14.788007), (16.661627, -0.310834, -14.935722)
(16.661627, -0.310834, -14.935722), (16.663992, -0.26774, -14.783115), (16.814837, -0.345681, -14.93292)
(16.661627, -0.310834, -14.935722), (16.814837, -0.345681, -14.93292), (16.81517, -0.376057, -15.088621)
(16.20989, -0.144177, -14.79952), (16.361025, -0.185031, -14.7935), (16.356823, -0.234744, -14.943958)
(16.20989, -0.144177, -14.79952), (16.215628, -0.092138, -14.650926), (16.361025, -0.185031, -14.7935)
(16.361025, -0.185031, -14.7935), (16.512381, -0.226178, -14.788007), (16.508986, -0.273227, -14.939446)
(16.361025, -0.185031, -14.7935), (16.36624, -0.134001, -14.644201), (16.512381, -0.226178, -14.788007)
(16.512381, -0.226178, -14.788007), (16.663992, -0.26774, -14.783115), (16.661627, -0.310834, -14.935722)
(16.512381, -0.226178, -14.788007), (16.516989, -0.176119, -14.637962), (16.663992, -0.26774, -14.783115)
(16.663992, -0.26774, -14.783115), (16.816141, -0.30717, -14.77913), (16.814837, -0.345681, -14.93292)
(16.663992, -0.26774, -14.783115), (16.66781, -0.219909, -14.632186), (16.816141, -0.30717, -14.77913)
# 17.061247949980007, 0, -15.058625250020004
(17.288479, -0.436904, -15.25176), (17.28352, -0.435217, -15.0909), (17.44733, -0.441424, -15.255619)
(17.288479, -0.436904, -15.25176), (17.44733, -0.441424, -15.255619), (17.45435, -0.433759, -15.418915)
(17.130552, -0.428076, -15.248932), (17.126518, -0.4199, -15.089063), (17.288479, -0.436904, -15.25176)
(17.130552, -0.428076, -15.248932), (17.288479, -0.436904, -15.25176), (17.294544, -0.431296, -15.413995)
(16.973392, -0.414839, -15.247023), (16.970387, -0.400124, -15.088247), (17.130552, -0.428076, -15.248932)
(16.973392, -0.414839, -15.247023), (17.130552, -0.428076, -15.248932), (17.135674, -0.427257, -15.410165)
(16.81703, -0.397128, -15.246159), (16.81517, -0.376057, -15.088621), (16.973392, -0.414839, -15.247023)
(16.81703, -0.397128, -15.246159), (16.973392, -0.414839, -15.247023), (16.977573, -0.420463, -15.407286)
(17.28352, -0.435217, -15.0909), (17.441401, -0.444927, -15.09375), (17.44733, -0.441424, -15.255619)
(17.28352, -0.435217, -15.0909), (17.279638, -0.425572, -14.931363), (17.441401, -0.444927, -15.09375)
(17.126518, -0.4199, -15.089063), (17.28352, -0.435217, -15.0909), (17.288479, -0.436904, -15.25176)
(17.126518, -0.4199, -15.089063), (17.123854, -0.402622, -14.930815), (17.28352, -0.435217, -15.0909)
(16.81517, -0.376057, -15.088621), (16.970387, -0.400124, -15.088247), (16.973392, -0.414839, -15.247023)
(16.81517, -0.376057, -15.088621), (16.814837, -0.345681, -14.93292), (16.970387, -0.400124, -15.088247)
(16.970387, -0.400124, -15.088247), (17.126518, -0.4199, -15.089063), (17.130552, -0.428076, -15.248932)
(16.970387, -0.400124, -15.088247), (16.968895, -0.375889, -14.931292), (17.126518, -0.4199, -15.089063)
(16.814837, -0.345681, -14.93292), (16.816141, -0.30717, -14.77913), (16.968895, -0.375889, -14.931292)
(16.814837, -0.345681, -14.93292), (16.968895, -0.375889, -14.931292), (16.970387, -0.400124, -15.088247)
(17.279638, -0.425572, -14.931363), (17.277176, -0.407742, -14.773465), (17.436539, -0.441967, -14.933199)
(17.279638, -0.425572, -14.931363), (17.436539, -0.441967, -14.933199), (17.441401, -0.444927, -15.09375)
(16.968895, -0.375889, -14.931292), (16.969034, -0.343247, -14.776193), (17.123854, -0.402622, -14.930815)
(16.968895, -0.375889, -14.931292), (17.123854, -0.402622, -14.930815), (17.126518, -0.4199, -15.089063)
(17.123854, -0.402622, -14.930815), (17.279638, -0.425572, -14.931363), (17.28352, -0.435217, -15.0909)
(17.123854, -0.402622, -14.930815), (17.122585, -0.377839, -14.774185), (17.279638, -0.425572, -14.931363)
(16.816141, -0.30717, -14.77913), (16.969034, -0.343247, -14.776193), (16.968895, -0.375889, -14.931292)
(16.816141, -0.30717, -14.77913), (16.819021, -0.262946, -14.627109), (16.969034, -0.343247, -14.776193)
(16.969034, -0.343247, -14.776193), (17.122585, -0.377839, -14.774185), (17.123854, -0.402622, -14.930815)
(16.969034, -0.343247, -14.776193), (16.970661, -0.304984, -14.622773), (17.122585, -0.377839, -14.774185)
(17.122585, -0.377839, -14.774185), (17.277176, -0.407742, -14.773465), (17.279638, -0.425572, -14.931363)
(17.122585, -0.377839, -14.774185), (17.122982, -0.345587, -14.619413), (17.277176, -0.407742, -14.773465)
(17.277176, -0.407742, -14.773465), (17.43301, -0.431156, -14.77416), (17.436539, -0.441967, -14.933199)
(17.277176, -0.407742, -14.773465), (17.276409, -0.38141, -14.617434), (17.43301, -0.431156, -14.77416)
# 17.729018183313343, 0, -15.058625250020004
(17.930962, -0.443323, -15.275203), (17.922146, -0.455102, -15.110106), (18.094296, -0.442668, -15.283987)
(17.930962, -0.443323, -15.275203), (18.094296, -0.442668, -15.283987), (18.103706, -0.429801, -15.449986)
(17.768742, -0.443183, -15.267584), (17.760656, -0.453383, -15.103321), (17.930962, -0.443323, -15.275203)
(17.768742, -0.443183, -15.267584), (17.930962, -0.443323, -15.275203), (17.940184, -0.430819, -15.440955)
(17.607487, -0.44264, -15.260981), (17.600397, -0.449741, -15.097837), (17.768742, -0.443183, -15.267584)
(17.607487, -0.44264, -15.260981), (17.768742, -0.443183, -15.267584), (17.777447, -0.431976, -15.432757)
(17.44733, -0.441424, -15.255619), (17.441401, -0.444927, -15.09375), (17.607487, -0.44264, -15.260981)
(17.44733, -0.441424, -15.255619), (17.607487, -0.44264, -15.260981), (17.615425, -0.433788, -15.42531)
(17.922146, -0.455102, -15.110106), (18.085018, -0.454829, -15.118319), (18.094296, -0.442668, -15.283987)
(17.922146, -0.455102, -15.110106), (17.914234, -0.465185, -14.946165), (18.085018, -0.454829, -15.118319)
(17.760656, -0.453383, -15.103321), (17.922146, -0.455102, -15.110106), (17.930962, -0.443323, -15.275203)
(17.760656, -0.453383, -15.103321), (17.753696, -0.460844, -14.940462), (17.922146, -0.455102, -15.110106)
(17.600397, -0.449741, -15.097837), (17.760656, -0.453383, -15.103321), (17.768742, -0.443183, -15.267584)
(17.600397, -0.449741, -15.097837), (17.594545, -0.452847, -14.936232), (17.760656, -0.453383, -15.103321)
(17.441401, -0.444927, -15.09375), (17.600397, -0.449741, -15.097837), (17.607487, -0.44264, -15.260981)
(17.441401, -0.444927, -15.09375), (17.436539, -0.441967, -14.933199), (17.600397, -0.449741, -15.097837)
(17.914234, -0.465185, -14.946165), (17.907398, -0.471277, -14.783529), (18.076275, -0.465993, -14.953422)
(17.914234, -0.465185, -14.946165), (18.076275, -0.465993, -14.953422), (18.085018, -0.454829, -15.118319)
(17.753696, -0.460844, -14.940462), (17.914234, -0.465185, -14.946165), (17.922146, -0.455102, -15.110106)
(17.753696, -0.460844, -14.940462), (17.747948, -0.46387, -14.779052), (17.914234, -0.465185, -14.946165)
(17.594545, -0.452847, -14.936232), (17.589945, -0.450004, -14.776063), (17.753696, -0.460844, -14.940462)
(17.594545, -0.452847, -14.936232), (17.753696, -0.460844, -14.940462), (17.760656, -0.453383, -15.103321)
(17.436539, -0.441967, -14.933199), (17.43301, -0.431156, -14.77416), (17.594545, -0.452847, -14.936232)
(17.436539, -0.441967, -14.933199), (17.594545, -0.452847, -14.936232), (17.600397, -0.449741, -15.097837)
(17.907398, -0.471277, -14.783529), (18.068392, -0.474166, -14.789572), (18.076275, -0.465993, -14.953422)
(17.907398, -0.471277, -14.783529), (17.902029, -0.47208, -14.622541), (18.068392, -0.474166, -14.789572)
(17.747948, -0.46387, -14.779052), (17.907398, -0.471277, -14.783529), (17.914234, -0.465185, -14.946165)
(17.747948, -0.46387, -14.779052), (17.743593, -0.459447, -14.619188), (17.907398, -0.471277, -14.783529)
(17.589945, -0.450004, -14.776063), (17.747948, -0.46387, -14.779052), (17.753696, -0.460844, -14.940462)
(17.589945, -0.450004, -14.776063), (17.586571, -0.439059, -14.617229), (17.747948, -0.46387, -14.779052)
(17.43301, -0.431156, -14.77416), (17.589945, -0.450004, -14.776063), (17.594545, -0.452847, -14.936232)
(17.43301, -0.431156, -14.77416), (17.430929, -0.412188, -14.616714), (17.589945, -0.450004, -14.776063)
# 18.39678841664667, 0, -15.058625250020004
(18.585417, -0.433768, -15.31067), (18.576588, -0.443528, -15.145308), (18.74803, -0.428423, -15.318048)
(18.585417, -0.433768, -15.31067), (18.74803, -0.428423, -15.318048), (18.755247, -0.423277, -15.481919)
(18.421923, -0.438463, -15.302156), (18.412624, -0.449366, -15.136355), (18.585417, -0.433768, -15.31067)
(18.421923, -0.438463, -15.302156), (18.585417, -0.433768, -15.31067), (18.593529, -0.426323, -15.475437)
(18.258116, -0.44134, -15.293159), (18.248661, -0.452738, -15.127238), (18.421923, -0.438463, -15.302156)
(18.258116, -0.44134, -15.293159), (18.421923, -0.438463, -15.302156), (18.43074, -0.428907, -15.467638)
(18.094296, -0.442668, -15.283987), (18.085018, -0.454829, -15.118319), (18.258116, -0.44134, -15.293159)
(18.094296, -0.442668, -15.283987), (18.258116, -0.44134, -15.293159), (18.267376, -0.429522, -15.459057)
(18.576588, -0.443528, -15.145308), (18.739935, -0.43656, -15.15339), (18.74803, -0.428423, -15.318048)
(18.576588, -0.443528, -15.145308), (18.567406, -0.455922, -14.97972), (18.739935, -0.43656, -15.15339)
(18.412624, -0.449366, -15.136355), (18.576588, -0.443528, -15.145308), (18.585417, -0.433768, -15.31067)
(18.412624, -0.449366, -15.136355), (18.403246, -0.462159, -14.97064), (18.576588, -0.443528, -15.145308)
(18.248661, -0.452738, -15.127238), (18.412624, -0.449366, -15.136355), (18.421923, -0.438463, -15.302156)
(18.248661, -0.452738, -15.127238), (18.239403, -0.465224, -14.961718), (18.412624, -0.449366, -15.136355)
(18.085018, -0.454829, -15.118319), (18.248661, -0.452738, -15.127238), (18.258116, -0.44134, -15.293159)
(18.085018, -0.454829, -15.118319), (18.076275, -0.465993, -14.953422), (18.248661, -0.452738, -15.127238)
(18.567406, -0.455922, -14.97972), (18.558241, -0.468002, -14.814232), (18.73122, -0.447815, -14.988208)
(18.567406, -0.455922, -14.97972), (18.73122, -0.447815, -14.988208), (18.739935, -0.43656, -15.15339)
(18.403246, -0.462159, -14.97064), (18.567406, -0.455922, -14.97972), (18.576588, -0.443528, -15.145308)
(18.403246, -0.462159, -14.97064), (18.394192, -0.473697, -14.80537), (18.567406, -0.455922, -14.97972)
(18.239403, -0.465224, -14.961718), (18.230747, -0.475622, -14.796957), (18.403246, -0.462159, -14.97064)
(18.239403, -0.465224, -14.961718), (18.403246, -0.462159, -14.97064), (18.412624, -0.449366, -15.136355)
(18.076275, -0.465993, -14.953422), (18.068392, -0.474166, -14.789572), (18.239403, -0.465224, -14.961718)
(18.076275, -0.465993, -14.953422), (18.239403, -0.465224, -14.961718), (18.248661, -0.452738, -15.127238)
(18.722271, -0.459572, -14.822836), (18.886061, -0.446447, -14.830986), (18.894487, -0.436875, -14.995905)
(18.722271, -0.459572, -14.822836), (18.713549, -0.471919, -14.657757), (18.886061, -0.446447, -14.830986)
(18.558241, -0.468002, -14.814232), (18.722271, -0.459572, -14.822836), (18.73122, -0.447815, -14.988208)
(18.558241, -0.468002, -14.814232), (18.54954, -0.480724, -14.649286), (18.722271, -0.459572, -14.822836)
(18.394192, -0.473697, -14.80537), (18.558241, -0.468002, -14.814232), (18.567406, -0.455922, -14.97972)
(18.394192, -0.473697, -14.80537), (18.385874, -0.484926, -14.640947), (18.558241, -0.468002, -14.814232)
(18.230747, -0.475622, -14.796957), (18.394192, -0.473697, -14.80537), (18.403246, -0.462159, -14.97064)
(18.230747, -0.475622, -14.796957), (18.22312, -0.484709, -14.633379), (18.394192, -0.473697, -14.80537)
(18.068392, -0.474166, -14.789572), (18.230747, -0.475622, -14.796957), (18.239403, -0.465224, -14.961718)
(18.068392, -0.474166, -14.789572), (18.061832, -0.479785, -14.627232), (18.230747, -0.475622, -14.796957)
# 19.064558649980007, 0, -15.058625250020004
(19.386757, -0.386852, -15.333381), (19.382683, -0.385082, -15.172626), (19.543571, -0.365186, -15.333759)
(19.386757, -0.386852, -15.333381), (19.543571, -0.365186, -15.333759), (19.546843, -0.361665, -15.493611)
(19.228966, -0.402274, -15.331779), (19.223965, -0.402959, -15.170137), (19.386757, -0.386852, -15.333381)
(19.228966, -0.402274, -15.331779), (19.386757, -0.386852, -15.333381), (19.390192, -0.385806, -15.49345)
(19.069942, -0.413236, -15.328728), (19.063847, -0.417249, -15.166019), (19.228966, -0.402274, -15.331779)
(19.069942, -0.413236, -15.328728), (19.228966, -0.402274, -15.331779), (19.233047, -0.402138, -15.492529)
(18.909636, -0.421375, -15.324169), (18.902494, -0.427626, -15.160445), (19.069942, -0.413236, -15.328728)
(18.909636, -0.421375, -15.324169), (19.069942, -0.413236, -15.328728), (19.075027, -0.411954, -15.490494)
(18.74803, -0.428423, -15.318048), (18.739935, -0.43656, -15.15339), (18.909636, -0.421375, -15.324169)
(18.74803, -0.428423, -15.318048), (18.909636, -0.421375, -15.324169), (18.915771, -0.418691, -15.486966)
(19.382683, -0.385082, -15.172626), (19.540089, -0.363288, -15.173607), (19.543571, -0.365186, -15.333759)
(19.382683, -0.385082, -15.172626), (19.377739, -0.383255, -15.011016), (19.540089, -0.363288, -15.173607)
(19.223965, -0.402959, -15.170137), (19.382683, -0.385082, -15.172626), (19.386757, -0.386852, -15.333381)
(19.223965, -0.402959, -15.170137), (19.21793, -0.404552, -15.007469), (19.382683, -0.385082, -15.172626)
(19.063847, -0.417249, -15.166019), (19.223965, -0.402959, -15.170137), (19.228966, -0.402274, -15.331779)
(19.063847, -0.417249, -15.166019), (19.056755, -0.422824, -15.002344), (19.223965, -0.402959, -15.170137)
(18.902494, -0.427626, -15.160445), (19.063847, -0.417249, -15.166019), (19.069942, -0.413236, -15.328728)
(18.902494, -0.427626, -15.160445), (18.894487, -0.436875, -14.995905), (19.063847, -0.417249, -15.166019)
(18.739935, -0.43656, -15.15339), (18.902494, -0.427626, -15.160445), (18.909636, -0.421375, -15.324169)
(18.739935, -0.43656, -15.15339), (18.73122, -0.447815, -14.988208), (18.902494, -0.427626, -15.160445)
(19.377739, -0.383255, -15.011016), (19.372116, -0.383054, -14.848763), (19.536201, -0.359144, -15.013025)
(19.377739, -0.383255, -15.011016), (19.536201, -0.359144, -15.013025), (19.540089, -0.363288, -15.173607)
(19.21793, -0.404552, -15.007469), (19.211231, -0.407523, -14.844172), (19.377739, -0.383255, -15.011016)
(19.21793, -0.404552, -15.007469), (19.377739, -0.383255, -15.011016), (19.382683, -0.385082, -15.172626)
(19.056755, -0.422824, -15.002344), (19.21793, -0.404552, -15.007469), (19.223965, -0.402959, -15.170137)
(19.056755, -0.422824, -15.002344), (19.049107, -0.429152, -14.838146), (19.21793, -0.404552, -15.007469)
(18.894487, -0.436875, -14.995905), (18.886061, -0.446447, -14.830986), (19.056755, -0.422824, -15.002344)
(18.894487, -0.436875, -14.995905), (19.056755, -0.422824, -15.002344), (19.063847, -0.417249, -15.166019)
(18.73122, -0.447815, -14.988208), (18.894487, -0.436875, -14.995905), (18.902494, -0.427626, -15.160445)
(18.73122, -0.447815, -14.988208), (18.722271, -0.459572, -14.822836), (18.894487, -0.436875, -14.995905)
(19.372116, -0.383054, -14.848763), (19.531685, -0.356624, -14.851856), (19.536201, -0.359144, -15.013025)
(19.372116, -0.383054, -14.848763), (19.366165, -0.385699, -14.686236), (19.531685, -0.356624, -14.851856)
(19.211231, -0.407523, -14.844172), (19.372116, -0.383054, -14.848763), (19.377739, -0.383255, -15.011016)
(19.211231, -0.407523, -14.844172), (19.204243, -0.413022, -14.680641), (19.372116, -0.383054, -14.848763)
(19.049107, -0.429152, -14.838146), (19.211231, -0.407523, -14.844172), (19.21793, -0.404552, -15.007469)
(19.049107, -0.429152, -14.838146), (19.041292, -0.437306, -14.673836), (19.211231, -0.407523, -14.844172)
(18.886061, -0.446447, -14.830986), (19.049107, -0.429152, -14.838146), (19.056755, -0.422824, -15.002344)
(18.886061, -0.446447, -14.830986), (18.877659, -0.456939, -14.666146), (19.049107, -0.429152, -14.838146)
# 19.732328883313336, 0, -15.058625250020004
(19.543571, -0.365186, -15.333759), (19.540089, -0.363288, -15.173607), (19.69982, -0.336088, -15.333302)
(19.543571, -0.365186, -15.333759), (19.69982, -0.336088, -15.333302), (19.702909, -0.330341, -15.492908)
(19.69982, -0.336088, -15.333302), (19.696527, -0.336903, -15.173397), (19.85553, -0.301461, -15.332051)
(19.69982, -0.336088, -15.333302), (19.85553, -0.301461, -15.332051), (19.858349, -0.293465, -15.491315)
(19.85553, -0.301461, -15.332051), (19.852495, -0.305212, -15.172485), (20.010803, -0.262509, -15.330171)
(19.85553, -0.301461, -15.332051), (20.010803, -0.262509, -15.330171), (20.013268, -0.252894, -15.489001)
(19.540089, -0.363288, -15.173607), (19.696527, -0.336903, -15.173397), (19.69982, -0.336088, -15.333302)
(19.540089, -0.363288, -15.173607), (19.536201, -0.359144, -15.013025), (19.696527, -0.336903, -15.173397)
(19.696527, -0.336903, -15.173397), (19.852495, -0.305212, -15.172485), (19.85553, -0.301461, -15.332051)
(19.696527, -0.336903, -15.173397), (19.693266, -0.333659, -15.013462), (19.852495, -0.305212, -15.172485)
(19.852495, -0.305212, -15.172485), (20.008129, -0.268541, -15.171061), (20.010803, -0.262509, -15.330171)
(19.852495, -0.305212, -15.172485), (19.849499, -0.30524, -15.012904), (20.008129, -0.268541, -15.171061)
(19.693266, -0.333659, -15.013462), (19.849499, -0.30524, -15.012904), (19.852495, -0.305212, -15.172485)
(19.693266, -0.333659, -15.013462), (19.689838, -0.329808, -14.853396), (19.849499, -0.30524, -15.012904)
(19.536201, -0.359144, -15.013025), (19.531685, -0.356624, -14.851856), (19.693266, -0.333659, -15.013462)
(19.536201, -0.359144, -15.013025), (19.693266, -0.333659, -15.013462), (19.696527, -0.336903, -15.173397)
(19.849499, -0.30524, -15.012904), (19.846743, -0.302135, -14.853558), (20.005493, -0.271501, -15.011941)
(19.849499, -0.30524, -15.012904), (20.005493, -0.271501, -15.011941), (20.008129, -0.268541, -15.171061)
(19.846743, -0.302135, -14.853558), (20.002958, -0.27063, -14.852879), (20.005493, -0.271501, -15.011941)
(19.846743, -0.302135, -14.853558), (19.843925, -0.296465, -14.694119), (20.002958, -0.27063, -14.852879)
(19.689838, -0.329808, -14.853396), (19.846743, -0.302135, -14.853558), (19.849499, -0.30524, -15.012904)
(19.689838, -0.329808, -14.853396), (19.686083, -0.326895, -14.693031), (19.846743, -0.302135, -14.853558)
(19.531685, -0.356624, -14.851856), (19.689838, -0.329808, -14.853396), (19.693266, -0.333659, -15.013462)
(19.531685, -0.356624, -14.851856), (19.526821, -0.356659, -14.6904), (19.689838, -0.329808, -14.853396)
