# -9.64956138335333, 0, -10.384233616686664
(-9.350569, 1.273921, -10.692468), (-9.19002, 1.276156, -10.70326), (-9.195462, 1.202386, -10.856319)
(-9.350569, 1.273921, -10.692468), (-9.345054, 1.348572, -10.538849), (-9.19002, 1.276156, -10.70326)
(-9.510924, 1.274133, -10.682104), (-9.505535, 1.348868, -10.528296), (-9.350569, 1.273921, -10.692468)
(-9.510924, 1.274133, -10.682104), (-9.350569, 1.273921, -10.692468), (-9.35589, 1.199682, -10.845795)
(-9.671004, 1.277289, -10.672394), (-9.510924, 1.274133, -10.682104), (-9.516056, 1.200021, -10.835724)
(-9.671004, 1.277289, -10.672394), (-9.665789, 1.351601, -10.518384), (-9.510924, 1.274133, -10.682104)
(-9.830831, 1.28305, -10.663438), (-9.825818, 1.356497, -10.509223), (-9.671004, 1.277289, -10.672394)
(-9.830831, 1.28305, -10.663438), (-9.671004, 1.277289, -10.672394), (-9.675974, 1.203351, -10.826277)
(-9.345054, 1.348572, -10.538849), (-9.184393, 1.350511, -10.54982), (-9.19002, 1.276156, -10.70326)
(-9.345054, 1.348572, -10.538849), (-9.339419, 1.422894, -10.384832), (-9.184393, 1.350511, -10.54982)
(-9.505535, 1.348868, -10.528296), (-9.345054, 1.348572, -10.538849), (-9.350569, 1.273921, -10.692468)
(-9.505535, 1.348868, -10.528296), (-9.500019, 1.423155, -10.374186), (-9.345054, 1.348572, -10.538849)
(-9.665789, 1.351601, -10.518384), (-9.505535, 1.348868, -10.528296), (-9.510924, 1.274133, -10.682104)
(-9.665789, 1.351601, -10.518384), (-9.660432, 1.425425, -10.364161), (-9.505535, 1.348868, -10.528296)
(-9.825818, 1.356497, -10.509223), (-9.665789, 1.351601, -10.518384), (-9.671004, 1.277289, -10.672394)
(-9.825818, 1.356497, -10.509223), (-9.820641, 1.42946, -10.354901), (-9.665789, 1.351601, -10.518384)
(-9.339419, 1.422894, -10.384832), (-9.333833, 1.495671, -10.230275), (-9.178709, 1.424379, -10.395862)
(-9.339419, 1.422894, -10.384832), (-9.178709, 1.424379, -10.395862), (-9.184393, 1.350511, -10.54982)
(-9.500019, 1.423155, -10.374186), (-9.49449, 1.496045, -10.219687), (-9.339419, 1.422894, -10.384832)
(-9.500019, 1.423155, -10.374186), (-9.339419, 1.422894, -10.384832), (-9.345054, 1.348572, -10.538849)
(-9.660432, 1.425425, -10.364161), (-9.655026, 1.497955, -10.209676), (-9.500019, 1.423155, -10.374186)
(-9.660432, 1.425425, -10.364161), (-9.500019, 1.423155, -10.374186), (-9.505535, 1.348868, -10.528296)
(-9.820641, 1.42946, -10.354901), (-9.815401, 1.501217, -10.200396), (-9.660432, 1.425425, -10.364161)
(-9.820641, 1.42946, -10.354901), (-9.660432, 1.425425, -10.364161), (-9.665789, 1.351601, -10.518384)
(-9.980668, 1.434901, -10.346371), (-9.97562, 1.50564, -10.191814), (-9.820641, 1.42946, -10.354901)
(-9.980668, 1.434901, -10.346371), (-9.820641, 1.42946, -10.354901), (-9.825818, 1.356497, -10.509223)
(-9.333833, 1.495671, -10.230275), (-9.173116, 1.496677, -10.241233), (-9.178709, 1.424379, -10.395862)
(-9.333833, 1.495671, -10.230275), (-9.328399, 1.566231, -10.075115), (-9.173116, 1.496677, -10.241233)
(-9.49449, 1.496045, -10.219687), (-9.333833, 1.495671, -10.230275), (-9.339419, 1.422894, -10.384832)
(-9.49449, 1.496045, -10.219687), (-9.489079, 1.56685, -10.064665), (-9.333833, 1.495671, -10.230275)
(-9.655026, 1.497955, -10.209676), (-9.49449, 1.496045, -10.219687), (-9.500019, 1.423155, -10.374186)
(-9.655026, 1.497955, -10.209676), (-9.649705, 1.568551, -10.054756), (-9.49449, 1.496045, -10.219687)
(-9.815401, 1.501217, -10.200396), (-9.655026, 1.497955, -10.209676), (-9.660432, 1.425425, -10.364161)
(-9.815401, 1.501217, -10.200396), (-9.810215, 1.571278, -10.045544), (-9.655026, 1.497955, -10.209676)
(-9.97562, 1.50564, -10.191814), (-9.815401, 1.501217, -10.200396), (-9.820641, 1.42946, -10.354901)
(-9.97562, 1.50564, -10.191814), (-9.970581, 1.574854, -10.037052), (-9.815401, 1.501217, -10.200396)
(-9.328399, 1.566231, -10.075115), (-9.323211, 1.633914, -9.919274), (-9.167727, 1.566573, -10.085863)
(-9.328399, 1.566231, -10.075115), (-9.167727, 1.566573, -10.085863), (-9.173116, 1.496677, -10.241233)
(-9.489079, 1.56685, -10.064665), (-9.483871, 1.634985, -9.909072), (-9.328399, 1.566231, -10.075115)
(-9.489079, 1.56685, -10.064665), (-9.328399, 1.566231, -10.075115), (-9.333833, 1.495671, -10.230275)
(-9.649705, 1.568551, -10.054756), (-9.489079, 1.56685, -10.064665), (-9.49449, 1.496045, -10.219687)
(-9.649705, 1.568551, -10.054756), (-9.644539, 1.63677, -9.899363), (-9.489079, 1.56685, -10.064665)
# -8.981791150019998, 0, -10.384233616686664
(-9.029323, 1.280318, -10.714277), (-8.868509, 1.285964, -10.725275), (-8.87414, 1.213474, -10.87781)
(-9.029323, 1.280318, -10.714277), (-9.02363, 1.354088, -10.560993), (-8.868509, 1.285964, -10.725275)
(-9.19002, 1.276156, -10.70326), (-9.184393, 1.350511, -10.54982), (-9.029323, 1.280318, -10.714277)
(-9.19002, 1.276156, -10.70326), (-9.029323, 1.280318, -10.714277), (-9.034884, 1.20702, -10.867072)
(-8.701957, 1.364269, -10.58293), (-8.54119, 1.369514, -10.593143), (-8.546822, 1.298693, -10.746223)
(-8.701957, 1.364269, -10.58293), (-8.696392, 1.435431, -10.428896), (-8.54119, 1.369514, -10.593143)
(-8.862799, 1.358879, -10.572113), (-8.701957, 1.364269, -10.58293), (-8.707647, 1.292344, -10.735974)
(-8.862799, 1.358879, -10.572113), (-8.857146, 1.431149, -10.418173), (-8.701957, 1.364269, -10.58293)
(-9.02363, 1.354088, -10.560993), (-8.862799, 1.358879, -10.572113), (-8.868509, 1.285964, -10.725275)
(-9.02363, 1.354088, -10.560993), (-9.017939, 1.427278, -10.407065), (-8.862799, 1.358879, -10.572113)
(-9.184393, 1.350511, -10.54982), (-9.02363, 1.354088, -10.560993), (-9.029323, 1.280318, -10.714277)
(-9.184393, 1.350511, -10.54982), (-9.178709, 1.424379, -10.395862), (-9.02363, 1.354088, -10.560993)
(-8.696392, 1.435431, -10.428896), (-8.691092, 1.504704, -10.273745), (-8.535737, 1.439493, -10.439025)
(-8.696392, 1.435431, -10.428896), (-8.535737, 1.439493, -10.439025), (-8.54119, 1.369514, -10.593143)
(-8.857146, 1.431149, -10.418173), (-8.851707, 1.501591, -10.263204), (-8.696392, 1.435431, -10.428896)
(-8.857146, 1.431149, -10.418173), (-8.696392, 1.435431, -10.428896), (-8.701957, 1.364269, -10.58293)
(-9.017939, 1.427278, -10.407065), (-9.012386, 1.498818, -10.252321), (-8.857146, 1.431149, -10.418173)
(-9.017939, 1.427278, -10.407065), (-8.857146, 1.431149, -10.418173), (-8.862799, 1.358879, -10.572113)
(-9.178709, 1.424379, -10.395862), (-9.173116, 1.496677, -10.241233), (-9.017939, 1.427278, -10.407065)
(-9.178709, 1.424379, -10.395862), (-9.017939, 1.427278, -10.407065), (-9.02363, 1.354088, -10.560993)
(-8.66856, 2.106671, -10.376), (-8.636778, 2.106671, -10.319953), (-8.582695, 2.088442, -10.424668)
(-8.66856, 2.106671, -10.376), (-8.582695, 2.088442, -10.424668), (-8.67532, 1.336313, -10.304889)
(-8.754383, 2.12484, -10.327308), (-8.722578, 2.12484, -10.271272), (-8.66856, 2.106671, -10.376)
(-8.754383, 2.12484, -10.327308), (-8.66856, 2.106671, -10.376), (-8.760468, 1.354403, -10.256547)
(-8.67532, 1.336313, -10.304889), (-8.582695, 2.088442, -10.424668), (-8.589985, 1.31807, -10.353288)
(-8.840168, 2.142864, -10.278604), (-8.808361, 2.142864, -10.222571), (-8.754383, 2.12484, -10.327308)
(-8.840168, 2.142864, -10.278604), (-8.754383, 2.12484, -10.327308), (-8.845524, 1.372419, -10.208228)
(-8.691092, 1.504704, -10.273745), (-8.530623, 1.507392, -10.283599), (-8.535737, 1.439493, -10.439025)
(-8.691092, 1.504704, -10.273745), (-8.686117, 1.571487, -10.117593), (-8.530623, 1.507392, -10.283599)
(-8.722578, 2.12484, -10.271272), (-8.712406, 2.115456, -10.249856), (-8.636778, 2.106671, -10.319953)
(-8.722578, 2.12484, -10.271272), (-8.636778, 2.106671, -10.319953), (-8.66856, 2.106671, -10.376)
(-8.851707, 1.501591, -10.263204), (-8.691092, 1.504704, -10.273745), (-8.696392, 1.435431, -10.428896)
(-8.851707, 1.501591, -10.263204), (-8.846547, 1.569614, -10.10735), (-8.691092, 1.504704, -10.273745)
(-8.760468, 1.354403, -10.256547), (-8.66856, 2.106671, -10.376), (-8.67532, 1.336313, -10.304889)
(-9.012386, 1.498818, -10.252321), (-8.851707, 1.501591, -10.263204), (-8.857146, 1.431149, -10.418173)
(-9.012386, 1.498818, -10.252321), (-9.007097, 1.567818, -10.096688), (-8.851707, 1.501591, -10.263204)
(-8.712406, 2.115456, -10.249856), (-8.636631, 2.115456, -10.116336), (-8.626623, 2.09729, -10.298532)
(-8.712406, 2.115456, -10.249856), (-8.626623, 2.09729, -10.298532), (-8.636778, 2.106671, -10.319953)
(-9.173116, 1.496677, -10.241233), (-9.012386, 1.498818, -10.252321), (-9.017939, 1.427278, -10.407065)
(-9.173116, 1.496677, -10.241233), (-9.167727, 1.566573, -10.085863), (-9.012386, 1.498818, -10.252321)
(-8.925936, 2.160786, -10.229897), (-8.894135, 2.160786, -10.17386), (-8.840168, 2.142864, -10.278604)
(-8.925936, 2.160786, -10.229897), (-8.840168, 2.142864, -10.278604), (-8.930468, 1.390268, -10.159989)
(-8.808361, 2.142864, -10.222571), (-8.798176, 2.133478, -10.201165), (-8.722578, 2.12484, -10.271272)
(-8.808361, 2.142864, -10.222571), (-8.722578, 2.12484, -10.271272), (-8.754383, 2.12484, -10.327308)
(-8.845524, 1.372419, -10.208228), (-8.754383, 2.12484, -10.327308), (-8.760468, 1.354403, -10.256547)
(-8.798176, 2.133478, -10.201165), (-8.722387, 2.133478, -10.067651), (-8.712406, 2.115456, -10.249856)
(-8.798176, 2.133478, -10.201165), (-8.712406, 2.115456, -10.249856), (-8.722578, 2.12484, -10.271272)
(-9.011705, 2.178552, -10.181216), (-8.979921, 2.178552, -10.125169), (-8.925936, 2.160786, -10.229897)
(-9.011705, 2.178552, -10.181216), (-8.925936, 2.160786, -10.229897), (-9.015339, 1.408, -10.111808)
(-8.894135, 2.160786, -10.17386), (-8.883942, 2.151398, -10.152459), (-8.808361, 2.142864, -10.222571)
(-8.894135, 2.160786, -10.17386), (-8.808361, 2.142864, -10.222571), (-8.840168, 2.142864, -10.278604)
(-8.930468, 1.390268, -10.159989), (-8.840168, 2.142864, -10.278604), (-8.845524, 1.372419, -10.208228)
(-8.883942, 2.151398, -10.152459), (-8.808167, 2.151398, -10.018937), (-8.798176, 2.133478, -10.201165)
(-8.883942, 2.151398, -10.152459), (-8.798176, 2.133478, -10.201165), (-8.808361, 2.142864, -10.222571)
(-9.097485, 2.196173, -10.13256), (-9.065729, 2.196173, -10.076495), (-9.011705, 2.178552, -10.181216)
(-9.097485, 2.196173, -10.13256), (-9.011705, 2.178552, -10.181216), (-9.100145, 1.42556, -10.063722)
(-8.979921, 2.178552, -10.125169), (-8.969723, 2.169161, -10.103776), (-8.894135, 2.160786, -10.17386)
(-8.979921, 2.178552, -10.125169), (-8.894135, 2.160786, -10.17386), (-8.925936, 2.160786, -10.229897)
(-8.686117, 1.571487, -10.117593), (-8.525873, 1.572758, -10.127107), (-8.530623, 1.507392, -10.283599)
(-8.686117, 1.571487, -10.117593), (-8.681602, 1.634726, -9.960263), (-8.525873, 1.572758, -10.127107)
(-9.015339, 1.408, -10.111808), (-8.925936, 2.160786, -10.229897), (-8.930468, 1.390268, -10.159989)
(-8.846547, 1.569614, -10.10735), (-8.841785, 1.634317, -9.950464), (-8.686117, 1.571487, -10.117593)
(-8.846547, 1.569614, -10.10735), (-8.686117, 1.571487, -10.117593), (-8.691092, 1.504704, -10.273745)
(-8.969723, 2.169161, -10.103776), (-8.893988, 2.169161, -9.970227), (-8.883942, 2.151398, -10.152459)
(-8.969723, 2.169161, -10.103776), (-8.883942, 2.151398, -10.152459), (-8.894135, 2.160786, -10.17386)
(-9.007097, 1.567818, -10.096688), (-8.846547, 1.569614, -10.10735), (-8.851707, 1.501591, -10.263204)
(-9.007097, 1.567818, -10.096688), (-9.002144, 1.633719, -9.940184), (-8.846547, 1.569614, -10.10735)
(-9.167727, 1.566573, -10.085863), (-9.162625, 1.633517, -9.929724), (-9.007097, 1.567818, -10.096688)
(-9.167727, 1.566573, -10.085863), (-9.007097, 1.567818, -10.096688), (-9.012386, 1.498818, -10.252321)
(-9.183296, 2.213631, -10.083955), (-9.151575, 2.213631, -10.027869), (-9.097485, 2.196173, -10.13256)
(-9.183296, 2.213631, -10.083955), (-9.097485, 2.196173, -10.13256), (-9.184902, 1.442959, -10.015718)
(-9.065729, 2.196173, -10.076495), (-9.055527, 2.186779, -10.055102), (-8.979921, 2.178552, -10.125169)
(-9.065729, 2.196173, -10.076495), (-8.979921, 2.178552, -10.125169), (-9.011705, 2.178552, -10.181216)
(-8.722387, 2.133478, -10.067651), (-8.708946, 2.142864, -10.047433), (-8.636631, 2.115456, -10.116336)
(-8.722387, 2.133478, -10.067651), (-8.636631, 2.115456, -10.116336), (-8.712406, 2.115456, -10.249856)
(-9.100145, 1.42556, -10.063722), (-9.011705, 2.178552, -10.181216), (-9.015339, 1.408, -10.111808)
(-9.055527, 2.186779, -10.055102), (-8.979858, 2.186779, -9.921517), (-8.969723, 2.169161, -10.103776)
(-9.055527, 2.186779, -10.055102), (-8.969723, 2.169161, -10.103776), (-8.979921, 2.178552, -10.125169)
# -8.314020916686664, 0, -10.384233616686664
(-8.065342, 1.977722, -10.714881), (-8.034115, 1.977722, -10.658517), (-7.978466, 1.959229, -10.762612)
(-8.065342, 1.977722, -10.714881), (-7.978466, 1.959229, -10.762612), (-8.074102, 1.207432, -10.643119)
(-7.987371, 1.188905, -10.691184), (-7.891562, 1.940739, -10.810306), (-7.900143, 1.17042, -10.73899)
(-8.151838, 1.996241, -10.666764), (-8.120491, 1.996241, -10.610475), (-8.065342, 1.977722, -10.714881)
(-8.151838, 1.996241, -10.666764), (-8.065342, 1.977722, -10.714881), (-8.160793, 1.225958, -10.595033)
(-8.034115, 1.977722, -10.658517), (-8.024204, 1.968346, -10.636985), (-7.947399, 1.959229, -10.706162)
(-8.034115, 1.977722, -10.658517), (-7.947399, 1.959229, -10.706162), (-7.978466, 1.959229, -10.762612)
(-8.074102, 1.207432, -10.643119), (-7.978466, 1.959229, -10.762612), (-7.987371, 1.188905, -10.691184)
(-8.024204, 1.968346, -10.636985), (-7.949802, 1.968346, -10.502688), (-7.937546, 1.949853, -10.684602)
(-8.024204, 1.968346, -10.636985), (-7.937546, 1.949853, -10.684602), (-7.947399, 1.959229, -10.706162)
(-8.059714, 1.380979, -10.619757), (-7.899789, 1.382007, -10.626537), (-7.905108, 1.315472, -10.779914)
(-8.059714, 1.380979, -10.619757), (-8.054697, 1.447221, -10.465045), (-7.899789, 1.382007, -10.626537)
(-8.23834, 2.014761, -10.618646), (-8.206869, 2.014761, -10.562421), (-8.151838, 1.996241, -10.666764)
(-8.23834, 2.014761, -10.618646), (-8.151838, 1.996241, -10.666764), (-8.24696, 1.244462, -10.546746)
(-8.22, 1.378249, -10.611749), (-8.059714, 1.380979, -10.619757), (-8.065151, 1.313223, -10.772879)
(-8.22, 1.378249, -10.611749), (-8.214814, 1.445847, -10.457333), (-8.059714, 1.380979, -10.619757)
(-8.120491, 1.996241, -10.610475), (-8.110531, 1.986865, -10.58896), (-8.034115, 1.977722, -10.658517)
(-8.120491, 1.996241, -10.610475), (-8.034115, 1.977722, -10.658517), (-8.065342, 1.977722, -10.714881)
(-8.380514, 1.374322, -10.602826), (-8.22, 1.378249, -10.611749), (-8.225491, 1.309529, -10.764879)
(-8.380514, 1.374322, -10.602826), (-8.375185, 1.443147, -10.448593), (-8.22, 1.378249, -10.611749)
(-8.160793, 1.225958, -10.595033), (-8.065342, 1.977722, -10.714881), (-8.074102, 1.207432, -10.643119)
(-8.54119, 1.369514, -10.593143), (-8.380514, 1.374322, -10.602826), (-8.38608, 1.304555, -10.755916)
(-8.54119, 1.369514, -10.593143), (-8.535737, 1.439493, -10.439025), (-8.380514, 1.374322, -10.602826)
(-8.110531, 1.986865, -10.58896), (-8.035839, 1.986865, -10.454827), (-8.024204, 1.968346, -10.636985)
(-8.110531, 1.986865, -10.58896), (-8.024204, 1.968346, -10.636985), (-8.034115, 1.977722, -10.658517)
(-8.324545, 2.033237, -10.570252), (-8.292988, 2.033237, -10.514077), (-8.23834, 2.014761, -10.618646)
(-8.324545, 2.033237, -10.570252), (-8.23834, 2.014761, -10.618646), (-8.333134, 1.262967, -10.49846)
(-8.206869, 2.014761, -10.562421), (-8.196861, 2.005385, -10.540931), (-8.120491, 1.996241, -10.610475)
(-8.206869, 2.014761, -10.562421), (-8.120491, 1.996241, -10.610475), (-8.151838, 1.996241, -10.666764)
(-8.24696, 1.244462, -10.546746), (-8.151838, 1.996241, -10.666764), (-8.160793, 1.225958, -10.595033)
(-8.196861, 2.005385, -10.540931), (-8.121878, 2.005385, -10.40696), (-8.110531, 1.986865, -10.58896)
(-8.196861, 2.005385, -10.540931), (-8.110531, 1.986865, -10.58896), (-8.120491, 1.996241, -10.610475)
(-8.410728, 2.051709, -10.521836), (-8.379086, 2.051709, -10.465707), (-8.324545, 2.033237, -10.570252)
(-8.410728, 2.051709, -10.521836), (-8.324545, 2.033237, -10.570252), (-8.418869, 1.281383, -10.450074)
(-8.292988, 2.033237, -10.514077), (-8.282942, 2.02386, -10.492606), (-8.206869, 2.014761, -10.562421)
(-8.292988, 2.033237, -10.514077), (-8.206869, 2.014761, -10.562421), (-8.23834, 2.014761, -10.618646)
(-8.333134, 1.262967, -10.49846), (-8.23834, 2.014761, -10.618646), (-8.24696, 1.244462, -10.546746)
(-8.282942, 2.02386, -10.492606), (-8.207747, 2.02386, -10.358752), (-8.196861, 2.005385, -10.540931)
(-8.282942, 2.02386, -10.492606), (-8.196861, 2.005385, -10.540931), (-8.206869, 2.014761, -10.562421)
(-8.496738, 2.070089, -10.473273), (-8.465034, 2.070089, -10.417176), (-8.410728, 2.051709, -10.521836)
(-8.496738, 2.070089, -10.473273), (-8.410728, 2.051709, -10.521836), (-8.504574, 1.299791, -10.401681)
(-8.379086, 2.051709, -10.465707), (-8.369003, 2.042332, -10.444253), (-8.292988, 2.033237, -10.514077)
(-8.379086, 2.051709, -10.465707), (-8.292988, 2.033237, -10.514077), (-8.324545, 2.033237, -10.570252)
(-8.054697, 1.447221, -10.465045), (-8.050185, 1.510969, -10.30877), (-7.894868, 1.447174, -10.471752)
(-8.054697, 1.447221, -10.465045), (-7.894868, 1.447174, -10.471752), (-7.899789, 1.382007, -10.626537)
(-8.214814, 1.445847, -10.457333), (-8.210123, 1.510868, -10.301252), (-8.054697, 1.447221, -10.465045)
(-8.214814, 1.445847, -10.457333), (-8.054697, 1.447221, -10.465045), (-8.059714, 1.380979, -10.619757)
(-8.035839, 1.986865, -10.454827), (-8.022514, 1.996241, -10.434531), (-7.949802, 1.968346, -10.502688)
(-8.035839, 1.986865, -10.454827), (-7.949802, 1.968346, -10.502688), (-8.024204, 1.968346, -10.636985)
(-8.418869, 1.281383, -10.450074), (-8.324545, 2.033237, -10.570252), (-8.333134, 1.262967, -10.49846)
(-8.375185, 1.443147, -10.448593), (-8.370267, 1.509691, -10.292889), (-8.214814, 1.445847, -10.457333)
(-8.375185, 1.443147, -10.448593), (-8.214814, 1.445847, -10.457333), (-8.22, 1.378249, -10.611749)
(-8.369003, 2.042332, -10.444253), (-8.293606, 2.042332, -10.310517), (-8.282942, 2.02386, -10.492606)
(-8.369003, 2.042332, -10.444253), (-8.282942, 2.02386, -10.492606), (-8.292988, 2.033237, -10.514077)
(-8.535737, 1.439493, -10.439025), (-8.530623, 1.507392, -10.283599), (-8.375185, 1.443147, -10.448593)
(-8.535737, 1.439493, -10.439025), (-8.375185, 1.443147, -10.448593), (-8.380514, 1.374322, -10.602826)
(-8.022514, 1.996241, -10.434531), (-7.936523, 1.977722, -10.482362), (-7.949802, 1.968346, -10.502688)
(-8.022514, 1.996241, -10.434531), (-8.108511, 2.014761, -10.386691), (-8.084089, 2.014761, -10.34306)
(-8.582695, 2.088442, -10.424668), (-8.550941, 2.088442, -10.3686), (-8.496738, 2.070089, -10.473273)
(-8.582695, 2.088442, -10.424668), (-8.496738, 2.070089, -10.473273), (-8.589985, 1.31807, -10.353288)
(-8.465034, 2.070089, -10.417176), (-8.454926, 2.06071, -10.395734), (-8.379086, 2.051709, -10.465707)
(-8.465034, 2.070089, -10.417176), (-8.379086, 2.051709, -10.465707), (-8.410728, 2.051709, -10.521836)
(-8.121878, 2.005385, -10.40696), (-8.108511, 2.014761, -10.386691), (-8.035839, 1.986865, -10.454827)
(-8.121878, 2.005385, -10.40696), (-8.035839, 1.986865, -10.454827), (-8.110531, 1.986865, -10.58896)
(-8.504574, 1.299791, -10.401681), (-8.410728, 2.051709, -10.521836), (-8.418869, 1.281383, -10.450074)
(-8.454926, 2.06071, -10.395734), (-8.379391, 2.06071, -10.262076), (-8.369003, 2.042332, -10.444253)
(-8.454926, 2.06071, -10.395734), (-8.369003, 2.042332, -10.444253), (-8.379086, 2.051709, -10.465707)
(-7.998188, 1.996241, -10.390845), (-8.022514, 1.996241, -10.434531), (-8.084089, 2.014761, -10.34306)
(-8.108511, 2.014761, -10.386691), (-8.022514, 1.996241, -10.434531), (-8.035839, 1.986865, -10.454827)
(-8.108511, 2.014761, -10.386691), (-8.194351, 2.033237, -10.338502), (-8.169865, 2.033237, -10.294909)
(-8.550941, 2.088442, -10.3686), (-8.540808, 2.079062, -10.347171), (-8.465034, 2.070089, -10.417176)
(-8.550941, 2.088442, -10.3686), (-8.465034, 2.070089, -10.417176), (-8.496738, 2.070089, -10.473273)
(-8.207747, 2.02386, -10.358752), (-8.194351, 2.033237, -10.338502), (-8.121878, 2.005385, -10.40696)
(-8.207747, 2.02386, -10.358752), (-8.121878, 2.005385, -10.40696), (-8.196861, 2.005385, -10.540931)
(-8.589985, 1.31807, -10.353288), (-8.496738, 2.070089, -10.473273), (-8.504574, 1.299791, -10.401681)
(-8.540808, 2.079062, -10.347171), (-8.465149, 2.079062, -10.213584), (-8.454926, 2.06071, -10.395734)
(-8.540808, 2.079062, -10.347171), (-8.454926, 2.06071, -10.395734), (-8.465034, 2.070089, -10.417176)
(-8.084089, 2.014761, -10.34306), (-8.108511, 2.014761, -10.386691), (-8.169865, 2.033237, -10.294909)
(-8.194351, 2.033237, -10.338502), (-8.108511, 2.014761, -10.386691), (-8.121878, 2.005385, -10.40696)
(-8.194351, 2.033237, -10.338502), (-8.280186, 2.051709, -10.290284), (-8.255627, 2.051709, -10.246728)
(-8.636778, 2.106671, -10.319953), (-8.626623, 2.09729, -10.298532), (-8.550941, 2.088442, -10.3686)
(-8.636778, 2.106671, -10.319953), (-8.550941, 2.088442, -10.3686), (-8.582695, 2.088442, -10.424668)
(-8.293606, 2.042332, -10.310517), (-8.280186, 2.051709, -10.290284), (-8.207747, 2.02386, -10.358752)
(-8.293606, 2.042332, -10.310517), (-8.207747, 2.02386, -10.358752), (-8.282942, 2.02386, -10.492606)
(-8.050185, 1.510969, -10.30877), (-7.890516, 1.509667, -10.315303), (-7.894868, 1.447174, -10.471752)
(-8.050185, 1.510969, -10.30877), (-8.046123, 1.572055, -10.151342), (-7.890516, 1.509667, -10.315303)
(-8.210123, 1.510868, -10.301252), (-8.050185, 1.510969, -10.30877), (-8.054697, 1.447221, -10.465045)
(-8.210123, 1.510868, -10.301252), (-8.205826, 1.573456, -10.144147), (-8.050185, 1.510969, -10.30877)
(-8.059668, 2.014761, -10.29943), (-7.973866, 1.996241, -10.347161), (-8.084089, 2.014761, -10.34306)
(-8.059668, 2.014761, -10.29943), (-8.049381, 2.005385, -10.277438), (-7.963623, 1.986865, -10.325143)
(-8.059668, 2.014761, -10.29943), (-8.084089, 2.014761, -10.34306), (-8.169865, 2.033237, -10.294909)
(-8.059668, 2.014761, -10.29943), (-8.145374, 2.033237, -10.251319), (-8.049381, 2.005385, -10.277438)
(-8.626623, 2.09729, -10.298532), (-8.550894, 2.09729, -10.164985), (-8.540808, 2.079062, -10.347171)
(-8.626623, 2.09729, -10.298532), (-8.540808, 2.079062, -10.347171), (-8.550941, 2.088442, -10.3686)
(-8.169865, 2.033237, -10.294909), (-8.194351, 2.033237, -10.338502), (-8.255627, 2.051709, -10.246728)
(-8.370267, 1.509691, -10.292889), (-8.210123, 1.510868, -10.301252), (-8.214814, 1.445847, -10.457333)
(-8.370267, 1.509691, -10.292889), (-8.365757, 1.573575, -10.136028), (-8.210123, 1.510868, -10.301252)
(-8.280186, 2.051709, -10.290284), (-8.194351, 2.033237, -10.338502), (-8.207747, 2.02386, -10.358752)
(-8.280186, 2.051709, -10.290284), (-8.365952, 2.070089, -10.241855), (-8.341351, 2.070089, -10.198325)
(-8.530623, 1.507392, -10.283599), (-8.370267, 1.509691, -10.292889), (-8.375185, 1.443147, -10.448593)
(-8.530623, 1.507392, -10.283599), (-8.525873, 1.572758, -10.127107), (-8.370267, 1.509691, -10.292889)
(-8.049381, 2.005385, -10.277438), (-7.974394, 2.005385, -10.14347), (-7.888931, 1.986865, -10.191016)
(-8.049381, 2.005385, -10.277438), (-8.135046, 2.02386, -10.229346), (-7.974394, 2.005385, -10.14347)
(-8.379391, 2.06071, -10.262076), (-8.365952, 2.070089, -10.241855), (-8.293606, 2.042332, -10.310517)
(-8.379391, 2.06071, -10.262076), (-8.293606, 2.042332, -10.310517), (-8.369003, 2.042332, -10.444253)
(-8.145374, 2.033237, -10.251319), (-8.059668, 2.014761, -10.29943), (-8.169865, 2.033237, -10.294909)
(-8.145374, 2.033237, -10.251319), (-8.135046, 2.02386, -10.229346), (-8.049381, 2.005385, -10.277438)
(-8.145374, 2.033237, -10.251319), (-8.169865, 2.033237, -10.294909), (-8.255627, 2.051709, -10.246728)
(-8.145374, 2.033237, -10.251319), (-8.231071, 2.051709, -10.203177), (-8.135046, 2.02386, -10.229346)
(-8.255627, 2.051709, -10.246728), (-8.280186, 2.051709, -10.290284), (-8.341351, 2.070089, -10.198325)
(-8.365952, 2.070089, -10.241855), (-8.280186, 2.051709, -10.290284), (-8.293606, 2.042332, -10.310517)
(-8.365952, 2.070089, -10.241855), (-8.451702, 2.088442, -10.193368), (-8.427061, 2.088442, -10.149863)
(-8.135046, 2.02386, -10.229346), (-8.059851, 2.02386, -10.095492), (-7.974394, 2.005385, -10.14347)
(-8.135046, 2.02386, -10.229346), (-8.220709, 2.042332, -10.18122), (-8.059851, 2.02386, -10.095492)
(-8.465149, 2.079062, -10.213584), (-8.451702, 2.088442, -10.193368), (-8.379391, 2.06071, -10.262076)
(-8.465149, 2.079062, -10.213584), (-8.379391, 2.06071, -10.262076), (-8.454926, 2.06071, -10.395734)
(-8.231071, 2.051709, -10.203177), (-8.145374, 2.033237, -10.251319), (-8.255627, 2.051709, -10.246728)
(-8.231071, 2.051709, -10.203177), (-8.220709, 2.042332, -10.18122), (-8.135046, 2.02386, -10.229346)
(-8.231071, 2.051709, -10.203177), (-8.255627, 2.051709, -10.246728), (-8.341351, 2.070089, -10.198325)
(-8.231071, 2.051709, -10.203177), (-8.31675, 2.070089, -10.154794), (-8.220709, 2.042332, -10.18122)
(-8.341351, 2.070089, -10.198325), (-8.365952, 2.070089, -10.241855), (-8.427061, 2.088442, -10.149863)
(-8.451702, 2.088442, -10.193368), (-8.365952, 2.070089, -10.241855), (-8.379391, 2.06071, -10.262076)
(-8.451702, 2.088442, -10.193368), (-8.537443, 2.106671, -10.144773), (-8.512779, 2.106671, -10.101279)
(-8.220709, 2.042332, -10.18122), (-8.145309, 2.042332, -10.047482), (-8.059851, 2.02386, -10.095492)
(-8.220709, 2.042332, -10.18122), (-8.306358, 2.06071, -10.132852), (-8.145309, 2.042332, -10.047482)
(-8.550894, 2.09729, -10.164985), (-8.537443, 2.106671, -10.144773), (-8.465149, 2.079062, -10.213584)
(-8.550894, 2.09729, -10.164985), (-8.465149, 2.079062, -10.213584), (-8.540808, 2.079062, -10.347171)
(-8.31675, 2.070089, -10.154794), (-8.231071, 2.051709, -10.203177), (-8.341351, 2.070089, -10.198325)
(-8.31675, 2.070089, -10.154794), (-8.306358, 2.06071, -10.132852), (-8.220709, 2.042332, -10.18122)
(-8.31675, 2.070089, -10.154794), (-8.341351, 2.070089, -10.198325), (-8.427061, 2.088442, -10.149863)
(-8.31675, 2.070089, -10.154794), (-8.40242, 2.088442, -10.106355), (-8.306358, 2.06071, -10.132852)
(-8.046123, 1.572055, -10.151342), (-8.042651, 1.629304, -9.992572), (-7.886734, 1.568916, -10.157425)
(-8.046123, 1.572055, -10.151342), (-7.886734, 1.568916, -10.157425), (-7.890516, 1.509667, -10.315303)
(-8.427061, 2.088442, -10.149863), (-8.451702, 2.088442, -10.193368), (-8.512779, 2.106671, -10.101279)
(-8.537443, 2.106671, -10.144773), (-8.451702, 2.088442, -10.193368), (-8.465149, 2.079062, -10.213584)
(-8.537443, 2.106671, -10.144773), (-8.62318, 2.12484, -10.096124), (-8.598501, 2.12484, -10.05264)
(-8.205826, 1.573456, -10.144147), (-8.202085, 1.632295, -9.985731), (-8.046123, 1.572055, -10.151342)
(-8.205826, 1.573456, -10.144147), (-8.046123, 1.572055, -10.151342), (-8.050185, 1.510969, -10.30877)
(-8.365757, 1.573575, -10.136028), (-8.205826, 1.573456, -10.144147), (-8.210123, 1.510868, -10.301252)
(-8.365757, 1.573575, -10.136028), (-8.361763, 1.633853, -9.977931), (-8.205826, 1.573456, -10.144147)
(-8.306358, 2.06071, -10.132852), (-8.230824, 2.06071, -9.999194), (-8.145309, 2.042332, -10.047482)
(-8.306358, 2.06071, -10.132852), (-8.392002, 2.079062, -10.084424), (-8.230824, 2.06071, -9.999194)
(-8.525873, 1.572758, -10.127107), (-8.521596, 1.63465, -9.969439), (-8.365757, 1.573575, -10.136028)
(-8.525873, 1.572758, -10.127107), (-8.365757, 1.573575, -10.136028), (-8.370267, 1.509691, -10.292889)
(-8.636631, 2.115456, -10.116336), (-8.62318, 2.12484, -10.096124), (-8.550894, 2.09729, -10.164985)
(-8.636631, 2.115456, -10.116336), (-8.550894, 2.09729, -10.164985), (-8.626623, 2.09729, -10.298532)
(-8.40242, 2.088442, -10.106355), (-8.31675, 2.070089, -10.154794), (-8.427061, 2.088442, -10.149863)
(-8.40242, 2.088442, -10.106355), (-8.392002, 2.079062, -10.084424), (-8.306358, 2.06071, -10.132852)
(-8.40242, 2.088442, -10.106355), (-8.427061, 2.088442, -10.149863), (-8.512779, 2.106671, -10.101279)
(-8.40242, 2.088442, -10.106355), (-8.488117, 2.106671, -10.057786), (-8.392002, 2.079062, -10.084424)
(-8.512779, 2.106671, -10.101279), (-8.537443, 2.106671, -10.144773), (-8.598501, 2.12484, -10.05264)
(-8.62318, 2.12484, -10.096124), (-8.537443, 2.106671, -10.144773), (-8.550894, 2.09729, -10.164985)
(-8.62318, 2.12484, -10.096124), (-8.708946, 2.142864, -10.047433), (-8.684263, 2.142864, -10.003953)
(-8.059851, 2.02386, -10.095492), (-8.046738, 2.033237, -10.075746), (-7.961309, 2.014761, -10.123704)
(-8.059851, 2.02386, -10.095492), (-8.145309, 2.042332, -10.047482), (-8.046738, 2.033237, -10.075746)
(-8.392002, 2.079062, -10.084424), (-8.316345, 2.079062, -9.950833), (-8.230824, 2.06071, -9.999194)
(-8.392002, 2.079062, -10.084424), (-8.47768, 2.09729, -10.035865), (-8.316345, 2.079062, -9.950833)
(-8.046738, 2.033237, -10.075746), (-8.018049, 2.033237, -10.02468), (-7.932701, 2.014761, -10.072593)
(-8.046738, 2.033237, -10.075746), (-8.13217, 2.051709, -10.027749), (-8.018049, 2.033237, -10.02468)
(-8.488117, 2.106671, -10.057786), (-8.40242, 2.088442, -10.106355), (-8.512779, 2.106671, -10.101279)
(-8.488117, 2.106671, -10.057786), (-8.47768, 2.09729, -10.035865), (-8.392002, 2.079062, -10.084424)
(-8.488117, 2.106671, -10.057786), (-8.512779, 2.106671, -10.101279), (-8.598501, 2.12484, -10.05264)
(-8.488117, 2.106671, -10.057786), (-8.573822, 2.12484, -10.009156), (-8.47768, 2.09729, -10.035865)
(-8.598501, 2.12484, -10.05264), (-8.62318, 2.12484, -10.096124), (-8.684263, 2.142864, -10.003953)
# -7.64625068335333, 0, -10.384233616686664
(-7.504232, 1.885671, -10.716828), (-7.41724, 1.867484, -10.762704), (-7.430054, 1.858102, -10.783326)
(-7.504232, 1.885671, -10.716828), (-7.591024, 1.903949, -10.670579), (-7.567356, 1.903949, -10.626534)
(-7.947399, 1.959229, -10.706162), (-7.937546, 1.949853, -10.684602), (-7.860661, 1.940739, -10.75377)
(-7.947399, 1.959229, -10.706162), (-7.860661, 1.940739, -10.75377), (-7.891562, 1.940739, -10.810306)
(-7.604031, 1.89457, -10.691083), (-7.591024, 1.903949, -10.670579), (-7.517147, 1.876291, -10.737388)
(-7.604031, 1.89457, -10.691083), (-7.517147, 1.876291, -10.737388), (-7.589272, 1.876291, -10.872918)
(-7.937546, 1.949853, -10.684602), (-7.863525, 1.949853, -10.550096), (-7.850866, 1.931363, -10.732179)
(-7.937546, 1.949853, -10.684602), (-7.850866, 1.931363, -10.732179), (-7.860661, 1.940739, -10.75377)
(-7.370651, 1.867484, -10.674218), (-7.28392, 1.84938, -10.719592), (-7.393948, 1.867484, -10.718463)
(-7.370651, 1.867484, -10.674218), (-7.360905, 1.858102, -10.651986), (-7.274265, 1.839997, -10.697318)
(-7.370651, 1.867484, -10.674218), (-7.393948, 1.867484, -10.718463), (-7.480743, 1.885671, -10.67269)
(-7.370651, 1.867484, -10.674218), (-7.457256, 1.885672, -10.628549), (-7.360905, 1.858102, -10.651986)
(-7.480743, 1.885671, -10.67269), (-7.504232, 1.885671, -10.716828), (-7.567356, 1.903949, -10.626534)
(-7.591024, 1.903949, -10.670579), (-7.504232, 1.885671, -10.716828), (-7.517147, 1.876291, -10.737388)
(-7.591024, 1.903949, -10.670579), (-7.677595, 1.92233, -10.623902), (-7.653767, 1.92233, -10.579944)
(-7.360905, 1.858102, -10.651986), (-7.289379, 1.858103, -10.516137), (-7.203375, 1.839997, -10.561135)
(-7.360905, 1.858102, -10.651986), (-7.447414, 1.876292, -10.606355), (-7.289379, 1.858103, -10.516137)
(-7.69068, 1.912953, -10.644355), (-7.677595, 1.92233, -10.623902), (-7.604031, 1.89457, -10.691083)
(-7.69068, 1.912953, -10.644355), (-7.604031, 1.89457, -10.691083), (-7.676702, 1.89457, -10.826318)
(-7.422118, 1.37704, -10.641073), (-7.263973, 1.372262, -10.643406), (-7.268998, 1.310409, -10.797598)
(-7.422118, 1.37704, -10.641073), (-7.417593, 1.438122, -10.485505), (-7.263973, 1.372262, -10.643406)
(-7.580887, 1.380159, -10.637379), (-7.422118, 1.37704, -10.641073), (-7.42728, 1.313722, -10.79486)
(-7.580887, 1.380159, -10.637379), (-7.576209, 1.44278, -10.48216), (-7.422118, 1.37704, -10.641073)
(-7.740136, 1.381828, -10.63251), (-7.580887, 1.380159, -10.637379), (-7.586073, 1.315779, -10.791065)
(-7.740136, 1.381828, -10.63251), (-7.735324, 1.445825, -10.47756), (-7.580887, 1.380159, -10.637379)
(-7.457256, 1.885672, -10.628549), (-7.370651, 1.867484, -10.674218), (-7.480743, 1.885671, -10.67269)
(-7.457256, 1.885672, -10.628549), (-7.447414, 1.876292, -10.606355), (-7.360905, 1.858102, -10.651986)
(-7.457256, 1.885672, -10.628549), (-7.480743, 1.885671, -10.67269), (-7.567356, 1.903949, -10.626534)
(-7.457256, 1.885672, -10.628549), (-7.54369, 1.903949, -10.582496), (-7.447414, 1.876292, -10.606355)
(-7.899789, 1.382007, -10.626537), (-7.740136, 1.381828, -10.63251), (-7.745386, 1.316343, -10.786029)
(-7.899789, 1.382007, -10.626537), (-7.894868, 1.447174, -10.471752), (-7.740136, 1.381828, -10.63251)
(-7.567356, 1.903949, -10.626534), (-7.591024, 1.903949, -10.670579), (-7.653767, 1.92233, -10.579944)
(-7.677595, 1.92233, -10.623902), (-7.591024, 1.903949, -10.670579), (-7.604031, 1.89457, -10.691083)
(-7.677595, 1.92233, -10.623902), (-7.764074, 1.940739, -10.577058), (-7.740093, 1.940739, -10.533181)
(-7.447414, 1.876292, -10.606355), (-7.37529, 1.876292, -10.470826), (-7.289379, 1.858103, -10.516137)
(-7.447414, 1.876292, -10.606355), (-7.533766, 1.89457, -10.560334), (-7.37529, 1.876292, -10.470826)
(-7.777233, 1.931363, -10.597461), (-7.764074, 1.940739, -10.577058), (-7.69068, 1.912953, -10.644355)
(-7.777233, 1.931363, -10.597461), (-7.69068, 1.912953, -10.644355), (-7.763847, 1.912952, -10.779321)
(-7.54369, 1.903949, -10.582496), (-7.457256, 1.885672, -10.628549), (-7.567356, 1.903949, -10.626534)
(-7.54369, 1.903949, -10.582496), (-7.533766, 1.89457, -10.560334), (-7.447414, 1.876292, -10.606355)
(-7.54369, 1.903949, -10.582496), (-7.567356, 1.903949, -10.626534), (-7.653767, 1.92233, -10.579944)
(-7.54369, 1.903949, -10.582496), (-7.62994, 1.92233, -10.535987), (-7.533766, 1.89457, -10.560334)
(-7.653767, 1.92233, -10.579944), (-7.677595, 1.92233, -10.623902), (-7.740093, 1.940739, -10.533181)
(-7.764074, 1.940739, -10.577058), (-7.677595, 1.92233, -10.623902), (-7.69068, 1.912953, -10.644355)
(-7.764074, 1.940739, -10.577058), (-7.850307, 1.959229, -10.529731), (-7.826199, 1.959229, -10.485925)
(-7.533766, 1.89457, -10.560334), (-7.46109, 1.894571, -10.425097), (-7.37529, 1.876292, -10.470826)
(-7.533766, 1.89457, -10.560334), (-7.61994, 1.912953, -10.513862), (-7.46109, 1.894571, -10.425097)
(-7.863525, 1.949853, -10.550096), (-7.850307, 1.959229, -10.529731), (-7.777233, 1.931363, -10.597461)
(-7.863525, 1.949853, -10.550096), (-7.777233, 1.931363, -10.597461), (-7.850866, 1.931363, -10.732179)
(-7.62994, 1.92233, -10.535987), (-7.54369, 1.903949, -10.582496), (-7.653767, 1.92233, -10.579944)
(-7.62994, 1.92233, -10.535987), (-7.61994, 1.912953, -10.513862), (-7.533766, 1.89457, -10.560334)
(-7.62994, 1.92233, -10.535987), (-7.653767, 1.92233, -10.579944), (-7.740093, 1.940739, -10.533181)
(-7.62994, 1.92233, -10.535987), (-7.716114, 1.940739, -10.48931), (-7.61994, 1.912953, -10.513862)
(-7.740093, 1.940739, -10.533181), (-7.764074, 1.940739, -10.577058), (-7.826199, 1.959229, -10.485925)
(-7.850307, 1.959229, -10.529731), (-7.764074, 1.940739, -10.577058), (-7.777233, 1.931363, -10.597461)
(-7.850307, 1.959229, -10.529731), (-7.936523, 1.977722, -10.482362), (-7.912292, 1.977722, -10.438622)
(-7.61994, 1.912953, -10.513862), (-7.546774, 1.912953, -10.378892), (-7.46109, 1.894571, -10.425097)
(-7.61994, 1.912953, -10.513862), (-7.706045, 1.931363, -10.467216), (-7.546774, 1.912953, -10.378892)
(-7.949802, 1.968346, -10.502688), (-7.936523, 1.977722, -10.482362), (-7.863525, 1.949853, -10.550096)
(-7.949802, 1.968346, -10.502688), (-7.863525, 1.949853, -10.550096), (-7.937546, 1.949853, -10.684602)
(-7.716114, 1.940739, -10.48931), (-7.62994, 1.92233, -10.535987), (-7.740093, 1.940739, -10.533181)
(-7.716114, 1.940739, -10.48931), (-7.706045, 1.931363, -10.467216), (-7.61994, 1.912953, -10.513862)
(-7.716114, 1.940739, -10.48931), (-7.740093, 1.940739, -10.533181), (-7.826199, 1.959229, -10.485925)
(-7.716114, 1.940739, -10.48931), (-7.802092, 1.959229, -10.442121), (-7.706045, 1.931363, -10.467216)
(-7.826199, 1.959229, -10.485925), (-7.850307, 1.959229, -10.529731), (-7.912292, 1.977722, -10.438622)
(-7.417593, 1.438122, -10.485505), (-7.413681, 1.496444, -10.328426), (-7.259475, 1.432133, -10.487777)
(-7.417593, 1.438122, -10.485505), (-7.259475, 1.432133, -10.487777), (-7.263973, 1.372262, -10.643406)
(-7.936523, 1.977722, -10.482362), (-7.850307, 1.959229, -10.529731), (-7.863525, 1.949853, -10.550096)
(-7.936523, 1.977722, -10.482362), (-8.022514, 1.996241, -10.434531), (-7.998188, 1.996241, -10.390845)
(-7.576209, 1.44278, -10.48216), (-7.572226, 1.502304, -10.325123), (-7.417593, 1.438122, -10.485505)
(-7.576209, 1.44278, -10.48216), (-7.417593, 1.438122, -10.485505), (-7.422118, 1.37704, -10.641073)
(-7.735324, 1.445825, -10.47756), (-7.731146, 1.506944, -10.320855), (-7.576209, 1.44278, -10.48216)
(-7.735324, 1.445825, -10.47756), (-7.576209, 1.44278, -10.48216), (-7.580887, 1.380159, -10.637379)
(-7.894868, 1.447174, -10.471752), (-7.890516, 1.509667, -10.315303), (-7.735324, 1.445825, -10.47756)
(-7.894868, 1.447174, -10.471752), (-7.735324, 1.445825, -10.47756), (-7.740136, 1.381828, -10.63251)
(-7.37529, 1.876292, -10.470826), (-7.362646, 1.885672, -10.450772), (-7.276831, 1.867485, -10.496026)
(-7.37529, 1.876292, -10.470826), (-7.46109, 1.894571, -10.425097), (-7.362646, 1.885672, -10.450772)
(-7.706045, 1.931363, -10.467216), (-7.632412, 1.931363, -10.332496), (-7.546774, 1.912953, -10.378892)
(-7.706045, 1.931363, -10.467216), (-7.791962, 1.949853, -10.420053), (-7.632412, 1.931363, -10.332496)
(-7.362646, 1.885672, -10.450772), (-7.335133, 1.885672, -10.39907), (-7.249546, 1.867485, -10.4442)
(-7.362646, 1.885672, -10.450772), (-7.44836, 1.903949, -10.405099), (-7.335133, 1.885672, -10.39907)
(-7.802092, 1.959229, -10.442121), (-7.716114, 1.940739, -10.48931), (-7.826199, 1.959229, -10.485925)
(-7.802092, 1.959229, -10.442121), (-7.791962, 1.949853, -10.420053), (-7.706045, 1.931363, -10.467216)
(-7.802092, 1.959229, -10.442121), (-7.826199, 1.959229, -10.485925), (-7.912292, 1.977722, -10.438622)
(-7.802092, 1.959229, -10.442121), (-7.888062, 1.977722, -10.394889), (-7.791962, 1.949853, -10.420053)
(-7.912292, 1.977722, -10.438622), (-7.936523, 1.977722, -10.482362), (-7.998188, 1.996241, -10.390845)
(-7.46109, 1.894571, -10.425097), (-7.44836, 1.903949, -10.405099), (-7.362646, 1.885672, -10.450772)
(-7.46109, 1.894571, -10.425097), (-7.546774, 1.912953, -10.378892), (-7.44836, 1.903949, -10.405099)
(-7.791962, 1.949853, -10.420053), (-7.717941, 1.949853, -10.28555), (-7.632412, 1.931363, -10.332496)
(-7.791962, 1.949853, -10.420053), (-7.877872, 1.968346, -10.372849), (-7.717941, 1.949853, -10.28555)
(-7.44836, 1.903949, -10.405099), (-7.420635, 1.903949, -10.353509), (-7.335133, 1.885672, -10.39907)
(-7.44836, 1.903949, -10.405099), (-7.533962, 1.92233, -10.358945), (-7.420635, 1.903949, -10.353509)
(-7.335133, 1.885672, -10.39907), (-7.498121, 1.095166, -10.39281), (-7.411848, 1.07683, -10.439042)
(-7.335133, 1.885672, -10.39907), (-7.420635, 1.903949, -10.353509), (-7.498121, 1.095166, -10.39281)
(-7.888062, 1.977722, -10.394889), (-7.802092, 1.959229, -10.442121), (-7.912292, 1.977722, -10.438622)
(-7.888062, 1.977722, -10.394889), (-7.877872, 1.968346, -10.372849), (-7.791962, 1.949853, -10.420053)
(-7.888062, 1.977722, -10.394889), (-7.912292, 1.977722, -10.438622), (-7.998188, 1.996241, -10.390845)
(-7.888062, 1.977722, -10.394889), (-7.973866, 1.996241, -10.347161), (-7.877872, 1.968346, -10.372849)
(-7.546774, 1.912953, -10.378892), (-7.533962, 1.92233, -10.358945), (-7.44836, 1.903949, -10.405099)
(-7.546774, 1.912953, -10.378892), (-7.632412, 1.931363, -10.332496), (-7.533962, 1.92233, -10.358945)
(-7.877872, 1.968346, -10.372849), (-7.803471, 1.968346, -10.238557), (-7.717941, 1.949853, -10.28555)
(-7.877872, 1.968346, -10.372849), (-7.963623, 1.986865, -10.325143), (-7.803471, 1.968346, -10.238557)
(-7.533962, 1.92233, -10.358945), (-7.50605, 1.92233, -10.307456), (-7.420635, 1.903949, -10.353509)
(-7.533962, 1.92233, -10.358945), (-7.61953, 1.940739, -10.312598), (-7.50605, 1.92233, -10.307456)
(-7.420635, 1.903949, -10.353509), (-7.584181, 1.113567, -10.346276), (-7.498121, 1.095166, -10.39281)
(-7.420635, 1.903949, -10.353509), (-7.50605, 1.92233, -10.307456), (-7.584181, 1.113567, -10.346276)
(-7.973866, 1.996241, -10.347161), (-7.888062, 1.977722, -10.394889), (-7.998188, 1.996241, -10.390845)
(-7.973866, 1.996241, -10.347161), (-7.963623, 1.986865, -10.325143), (-7.877872, 1.968346, -10.372849)
(-7.973866, 1.996241, -10.347161), (-7.998188, 1.996241, -10.390845), (-8.084089, 2.014761, -10.34306)
(-7.973866, 1.996241, -10.347161), (-8.059668, 2.014761, -10.29943), (-7.963623, 1.986865, -10.325143)
(-7.632412, 1.931363, -10.332496), (-7.61953, 1.940739, -10.312598), (-7.533962, 1.92233, -10.358945)
(-7.632412, 1.931363, -10.332496), (-7.717941, 1.949853, -10.28555), (-7.61953, 1.940739, -10.312598)
(-7.413681, 1.496444, -10.328426), (-7.255616, 1.489154, -10.330643), (-7.259475, 1.432133, -10.487777)
(-7.413681, 1.496444, -10.328426), (-7.410245, 1.552069, -10.170279), (-7.255616, 1.489154, -10.330643)
(-7.963623, 1.986865, -10.325143), (-7.888931, 1.986865, -10.191016), (-7.803471, 1.968346, -10.238557)
(-7.963623, 1.986865, -10.325143), (-8.049381, 2.005385, -10.277438), (-7.888931, 1.986865, -10.191016)
(-7.572226, 1.502304, -10.325123), (-7.413681, 1.496444, -10.328426), (-7.417593, 1.438122, -10.485505)
(-7.572226, 1.502304, -10.325123), (-7.568692, 1.559239, -10.167059), (-7.413681, 1.496444, -10.328426)
(-7.731146, 1.506944, -10.320855), (-7.572226, 1.502304, -10.325123), (-7.576209, 1.44278, -10.48216)
(-7.731146, 1.506944, -10.320855), (-7.727554, 1.564779, -10.162733), (-7.572226, 1.502304, -10.325123)
(-7.890516, 1.509667, -10.315303), (-7.731146, 1.506944, -10.320855), (-7.735324, 1.445825, -10.47756)
(-7.890516, 1.509667, -10.315303), (-7.886734, 1.568916, -10.157425), (-7.731146, 1.506944, -10.320855)
(-7.61953, 1.940739, -10.312598), (-7.591438, 1.940739, -10.261201), (-7.50605, 1.92233, -10.307456)
(-7.61953, 1.940739, -10.312598), (-7.704998, 1.959229, -10.265689), (-7.591438, 1.940739, -10.261201)
(-7.50605, 1.92233, -10.307456), (-7.670012, 1.132042, -10.299386), (-7.584181, 1.113567, -10.346276)
(-7.50605, 1.92233, -10.307456), (-7.591438, 1.940739, -10.261201), (-7.670012, 1.132042, -10.299386)
(-7.717941, 1.949853, -10.28555), (-7.704998, 1.959229, -10.265689), (-7.61953, 1.940739, -10.312598)
(-7.717941, 1.949853, -10.28555), (-7.803471, 1.968346, -10.238557), (-7.704998, 1.959229, -10.265689)
(-7.704998, 1.959229, -10.265689), (-7.676762, 1.959229, -10.214377), (-7.591438, 1.940739, -10.261201)
(-7.704998, 1.959229, -10.265689), (-7.79047, 1.977721, -10.218732), (-7.676762, 1.959229, -10.214377)
(-7.591438, 1.940739, -10.261201), (-7.755743, 1.15053, -10.252366), (-7.670012, 1.132042, -10.299386)
(-7.591438, 1.940739, -10.261201), (-7.676762, 1.959229, -10.214377), (-7.755743, 1.15053, -10.252366)
(-7.803471, 1.968346, -10.238557), (-7.79047, 1.977721, -10.218732), (-7.704998, 1.959229, -10.265689)
(-7.803471, 1.968346, -10.238557), (-7.888931, 1.986865, -10.191016), (-7.79047, 1.977721, -10.218732)
(-7.79047, 1.977721, -10.218732), (-7.762089, 1.977722, -10.167499), (-7.676762, 1.959229, -10.214377)
(-7.79047, 1.977721, -10.218732), (-7.875889, 1.996241, -10.17122), (-7.762089, 1.977722, -10.167499)
(-7.676762, 1.959229, -10.214377), (-7.841221, 1.169059, -10.204965), (-7.755743, 1.15053, -10.252366)
(-7.676762, 1.959229, -10.214377), (-7.762089, 1.977722, -10.167499), (-7.841221, 1.169059, -10.204965)
(-7.888931, 1.986865, -10.191016), (-7.875889, 1.996241, -10.17122), (-7.79047, 1.977721, -10.218732)
(-7.888931, 1.986865, -10.191016), (-7.974394, 2.005385, -10.14347), (-7.875889, 1.996241, -10.17122)
(-7.875889, 1.996241, -10.17122), (-7.847393, 1.996241, -10.120048), (-7.762089, 1.977722, -10.167499)
(-7.875889, 1.996241, -10.17122), (-7.961309, 2.014761, -10.123704), (-7.847393, 1.996241, -10.120048)
(-7.410245, 1.552069, -10.170279), (-7.407451, 1.603944, -10.01086), (-7.252344, 1.543013, -10.172248)
(-7.410245, 1.552069, -10.170279), (-7.252344, 1.543013, -10.172248), (-7.255616, 1.489154, -10.330643)
(-7.762089, 1.977722, -10.167499), (-7.926678, 1.187586, -10.157538), (-7.841221, 1.169059, -10.204965)
(-7.762089, 1.977722, -10.167499), (-7.847393, 1.996241, -10.120048), (-7.926678, 1.187586, -10.157538)
(-7.568692, 1.559239, -10.167059), (-7.56577, 1.612501, -10.007755), (-7.410245, 1.552069, -10.170279)
(-7.568692, 1.559239, -10.167059), (-7.410245, 1.552069, -10.170279), (-7.413681, 1.496444, -10.328426)
(-7.727554, 1.564779, -10.162733), (-7.568692, 1.559239, -10.167059), (-7.572226, 1.502304, -10.325123)
(-7.727554, 1.564779, -10.162733), (-7.724504, 1.61921, -10.003508), (-7.568692, 1.559239, -10.167059)
(-7.886734, 1.568916, -10.157425), (-7.883477, 1.624774, -9.998431), (-7.727554, 1.564779, -10.162733)
(-7.886734, 1.568916, -10.157425), (-7.727554, 1.564779, -10.162733), (-7.731146, 1.506944, -10.320855)
(-7.974394, 2.005385, -10.14347), (-7.961309, 2.014761, -10.123704), (-7.875889, 1.996241, -10.17122)
(-7.974394, 2.005385, -10.14347), (-8.059851, 2.02386, -10.095492), (-7.961309, 2.014761, -10.123704)
(-7.961309, 2.014761, -10.123704), (-7.932701, 2.014761, -10.072593), (-7.847393, 1.996241, -10.120048)
(-7.961309, 2.014761, -10.123704), (-8.046738, 2.033237, -10.075746), (-7.932701, 2.014761, -10.072593)
(-7.847393, 1.996241, -10.120048), (-8.01189, 1.206089, -10.109765), (-7.926678, 1.187586, -10.157538)
(-7.847393, 1.996241, -10.120048), (-7.932701, 2.014761, -10.072593), (-8.01189, 1.206089, -10.109765)
(-7.932701, 2.014761, -10.072593), (-8.097105, 1.224594, -10.061994), (-8.01189, 1.206089, -10.109765)
(-7.932701, 2.014761, -10.072593), (-8.018049, 2.033237, -10.02468), (-8.097105, 1.224594, -10.061994)
# -6.9784804500199975, 0, -10.384233616686664
(-6.845745, 1.77852, -10.715219), (-6.819881, 1.778521, -10.662667), (-6.733418, 1.761337, -10.704419)
(-6.845745, 1.77852, -10.715219), (-6.932226, 1.796053, -10.672259), (-6.819881, 1.778521, -10.662667)
(-6.733418, 1.761337, -10.704419), (-6.888891, 0.969303, -10.708102), (-6.800711, 0.951938, -10.751304)
(-6.733418, 1.761337, -10.704419), (-6.819881, 1.778521, -10.662667), (-6.888891, 0.969303, -10.708102)
(-7.274265, 1.839997, -10.697318), (-7.203375, 1.839997, -10.561135), (-7.117153, 1.822091, -10.605395)
(-7.274265, 1.839997, -10.697318), (-7.360905, 1.858102, -10.651986), (-7.203375, 1.839997, -10.561135)
(-6.944294, 1.786661, -10.692658), (-6.932226, 1.796053, -10.672259), (-6.845745, 1.77852, -10.715219)
(-6.944294, 1.786661, -10.692658), (-7.030918, 1.804193, -10.649621), (-6.932226, 1.796053, -10.672259)
(-6.932226, 1.796053, -10.672259), (-6.906044, 1.796053, -10.619866), (-6.819881, 1.778521, -10.662667)
(-6.932226, 1.796053, -10.672259), (-7.018711, 1.813581, -10.62931), (-6.906044, 1.796053, -10.619866)
(-6.819881, 1.778521, -10.662667), (-6.976875, 0.98678, -10.664584), (-6.888891, 0.969303, -10.708102)
(-6.819881, 1.778521, -10.662667), (-6.906044, 1.796053, -10.619866), (-6.976875, 0.98678, -10.664584)
(-7.030918, 1.804193, -10.649621), (-7.018711, 1.813581, -10.62931), (-6.932226, 1.796053, -10.672259)
(-7.030918, 1.804193, -10.649621), (-7.117153, 1.822091, -10.605395), (-7.018711, 1.813581, -10.62931)
(-6.949191, 1.360034, -10.645353), (-6.792816, 1.352354, -10.644653), (-6.797707, 1.294658, -10.799413)
(-6.949191, 1.360034, -10.645353), (-6.94486, 1.416798, -10.489315), (-6.792816, 1.352354, -10.644653)
(-7.10627, 1.366679, -10.64493), (-6.949191, 1.360034, -10.645353), (-6.95411, 1.300876, -10.799961)
(-7.10627, 1.366679, -10.64493), (-7.101834, 1.425133, -10.489139), (-6.949191, 1.360034, -10.645353)
(-6.792816, 1.352354, -10.644653), (-6.637256, 1.343458, -10.642788), (-6.641969, 1.28773, -10.797941)
(-6.792816, 1.352354, -10.644653), (-6.788643, 1.407146, -10.48829), (-6.637256, 1.343458, -10.642788)
(-7.263973, 1.372262, -10.643406), (-7.10627, 1.366679, -10.64493), (-7.111241, 1.306114, -10.799333)
(-7.263973, 1.372262, -10.643406), (-7.259475, 1.432133, -10.487777), (-7.10627, 1.366679, -10.64493)
(-7.018711, 1.813581, -10.62931), (-6.99221, 1.813581, -10.577073), (-6.906044, 1.796053, -10.619866)
(-7.018711, 1.813581, -10.62931), (-7.104826, 1.831477, -10.585151), (-6.99221, 1.813581, -10.577073)
(-6.906044, 1.796053, -10.619866), (-7.064327, 1.004567, -10.620187), (-6.976875, 0.98678, -10.664584)
(-6.906044, 1.796053, -10.619866), (-6.99221, 1.813581, -10.577073), (-7.064327, 1.004567, -10.620187)
(-7.117153, 1.822091, -10.605395), (-7.104826, 1.831477, -10.585151), (-7.018711, 1.813581, -10.62931)
(-7.117153, 1.822091, -10.605395), (-7.203375, 1.839997, -10.561135), (-7.104826, 1.831477, -10.585151)
(-7.104826, 1.831477, -10.585151), (-7.078054, 1.831477, -10.533057), (-6.99221, 1.813581, -10.577073)
(-7.104826, 1.831477, -10.585151), (-7.190931, 1.849381, -10.540963), (-7.078054, 1.831477, -10.533057)
(-6.99221, 1.813581, -10.577073), (-7.151775, 1.022353, -10.575793), (-7.064327, 1.004567, -10.620187)
(-6.99221, 1.813581, -10.577073), (-7.078054, 1.831477, -10.533057), (-7.151775, 1.022353, -10.575793)
(-7.203375, 1.839997, -10.561135), (-7.190931, 1.849381, -10.540963), (-7.104826, 1.831477, -10.585151)
(-7.203375, 1.839997, -10.561135), (-7.289379, 1.858103, -10.516137), (-7.190931, 1.849381, -10.540963)
(-7.190931, 1.849381, -10.540963), (-7.163887, 1.849381, -10.489011), (-7.078054, 1.831477, -10.533057)
(-7.190931, 1.849381, -10.540963), (-7.276831, 1.867485, -10.496026), (-7.163887, 1.849381, -10.489011)
(-7.078054, 1.831477, -10.533057), (-7.238607, 1.040453, -10.530419), (-7.151775, 1.022353, -10.575793)
(-7.078054, 1.831477, -10.533057), (-7.163887, 1.849381, -10.489011), (-7.238607, 1.040453, -10.530419)
(-7.289379, 1.858103, -10.516137), (-7.276831, 1.867485, -10.496026), (-7.190931, 1.849381, -10.540963)
(-7.289379, 1.858103, -10.516137), (-7.37529, 1.876292, -10.470826), (-7.276831, 1.867485, -10.496026)
(-7.276831, 1.867485, -10.496026), (-7.249546, 1.867485, -10.4442), (-7.163887, 1.849381, -10.489011)
(-7.276831, 1.867485, -10.496026), (-7.362646, 1.885672, -10.450772), (-7.249546, 1.867485, -10.4442)
(-6.94486, 1.416798, -10.489315), (-6.941272, 1.470218, -10.331706), (-6.788643, 1.407146, -10.48829)
(-6.94486, 1.416798, -10.489315), (-6.788643, 1.407146, -10.48829), (-6.792816, 1.352354, -10.644653)
(-7.101834, 1.425133, -10.489139), (-7.098083, 1.480529, -10.33181), (-6.94486, 1.416798, -10.489315)
(-7.101834, 1.425133, -10.489139), (-6.94486, 1.416798, -10.489315), (-6.949191, 1.360034, -10.645353)
(-7.163887, 1.849381, -10.489011), (-7.325417, 1.058561, -10.485023), (-7.238607, 1.040453, -10.530419)
(-7.163887, 1.849381, -10.489011), (-7.249546, 1.867485, -10.4442), (-7.325417, 1.058561, -10.485023)
(-6.788643, 1.407146, -10.48829), (-6.785089, 1.458867, -10.330652), (-6.633111, 1.396545, -10.486355)
(-6.788643, 1.407146, -10.48829), (-6.633111, 1.396545, -10.486355), (-6.637256, 1.343458, -10.642788)
(-7.259475, 1.432133, -10.487777), (-7.255616, 1.489154, -10.330643), (-7.101834, 1.425133, -10.489139)
(-7.259475, 1.432133, -10.487777), (-7.101834, 1.425133, -10.489139), (-7.10627, 1.366679, -10.64493)
(-7.249546, 1.867485, -10.4442), (-7.411848, 1.07683, -10.439042), (-7.325417, 1.058561, -10.485023)
(-7.249546, 1.867485, -10.4442), (-7.335133, 1.885672, -10.39907), (-7.411848, 1.07683, -10.439042)
(-7.098083, 1.480529, -10.33181), (-6.941272, 1.470218, -10.331706), (-6.94486, 1.416798, -10.489315)
(-7.098083, 1.480529, -10.33181), (-7.094896, 1.532807, -10.173307), (-6.941272, 1.470218, -10.331706)
(-6.941272, 1.470218, -10.331706), (-6.785089, 1.458867, -10.330652), (-6.788643, 1.407146, -10.48829)
(-6.941272, 1.470218, -10.331706), (-6.93806, 1.521143, -10.173292), (-6.785089, 1.458867, -10.330652)
(-6.785089, 1.458867, -10.330652), (-6.629618, 1.446369, -10.328645), (-6.633111, 1.396545, -10.486355)
(-6.785089, 1.458867, -10.330652), (-6.781955, 1.507881, -10.172149), (-6.629618, 1.446369, -10.328645)
(-7.255616, 1.489154, -10.330643), (-7.098083, 1.480529, -10.33181), (-7.101834, 1.425133, -10.489139)
(-7.255616, 1.489154, -10.330643), (-7.252344, 1.543013, -10.172248), (-7.098083, 1.480529, -10.33181)
(-7.094896, 1.532807, -10.173307), (-6.93806, 1.521143, -10.173292), (-6.941272, 1.470218, -10.331706)
(-7.094896, 1.532807, -10.173307), (-7.092231, 1.581867, -10.013842), (-6.93806, 1.521143, -10.173292)
(-6.93806, 1.521143, -10.173292), (-6.93544, 1.568553, -10.013802), (-6.781955, 1.507881, -10.172149)
(-6.93806, 1.521143, -10.173292), (-6.781955, 1.507881, -10.172149), (-6.785089, 1.458867, -10.330652)
(-7.252344, 1.543013, -10.172248), (-7.24959, 1.593695, -10.012866), (-7.094896, 1.532807, -10.173307)
(-7.252344, 1.543013, -10.172248), (-7.094896, 1.532807, -10.173307), (-7.098083, 1.480529, -10.33181)
(-6.781955, 1.507881, -10.172149), (-6.779433, 1.553272, -10.012561), (-6.626693, 1.492899, -10.169877)
(-6.781955, 1.507881, -10.172149), (-6.626693, 1.492899, -10.169877), (-6.629618, 1.446369, -10.328645)
# -6.3107102166866635, 0, -10.384233616686664
(-6.637256, 1.343458, -10.642788), (-6.482242, 1.334216, -10.640326), (-6.486845, 1.280352, -10.795719)
(-6.637256, 1.343458, -10.642788), (-6.633111, 1.396545, -10.486355), (-6.482242, 1.334216, -10.640326)
(-6.482242, 1.334216, -10.640326), (-6.327937, 1.324215, -10.637053), (-6.332407, 1.272384, -10.792677)
(-6.482242, 1.334216, -10.640326), (-6.478188, 1.385342, -10.483731), (-6.327937, 1.324215, -10.637053)
(-6.327937, 1.324215, -10.637053), (-6.174345, 1.313366, -10.633035), (-6.178685, 1.263623, -10.788841)
(-6.327937, 1.324215, -10.637053), (-6.324053, 1.373048, -10.480228), (-6.174345, 1.313366, -10.633035)
(-6.174345, 1.313366, -10.633035), (-6.021477, 1.301406, -10.628342), (-6.025518, 1.254335, -10.784522)
(-6.174345, 1.313366, -10.633035), (-6.170712, 1.359585, -10.47592), (-6.021477, 1.301406, -10.628342)
(-6.021477, 1.301406, -10.628342), (-5.868998, 1.28925, -10.623419), (-5.872841, 1.244522, -10.779796)
(-6.021477, 1.301406, -10.628342), (-6.017999, 1.345302, -10.471107), (-5.868998, 1.28925, -10.623419)
(-6.633111, 1.396545, -10.486355), (-6.629618, 1.446369, -10.328645), (-6.478188, 1.385342, -10.483731)
(-6.633111, 1.396545, -10.486355), (-6.478188, 1.385342, -10.483731), (-6.482242, 1.334216, -10.640326)
(-6.478188, 1.385342, -10.483731), (-6.474848, 1.432899, -10.325822), (-6.324053, 1.373048, -10.480228)
(-6.478188, 1.385342, -10.483731), (-6.324053, 1.373048, -10.480228), (-6.327937, 1.324215, -10.637053)
(-6.324053, 1.373048, -10.480228), (-6.320927, 1.418052, -10.322092), (-6.170712, 1.359585, -10.47592)
(-6.324053, 1.373048, -10.480228), (-6.170712, 1.359585, -10.47592), (-6.174345, 1.313366, -10.633035)
(-6.170712, 1.359585, -10.47592), (-6.167665, 1.402435, -10.317775), (-6.017999, 1.345302, -10.471107)
(-6.170712, 1.359585, -10.47592), (-6.017999, 1.345302, -10.471107), (-6.021477, 1.301406, -10.628342)
(-6.017999, 1.345302, -10.471107), (-6.015143, 1.385625, -10.312849), (-5.865697, 1.330787, -10.466062)
(-6.017999, 1.345302, -10.471107), (-5.865697, 1.330787, -10.466062), (-5.868998, 1.28925, -10.623419)
(-6.629618, 1.446369, -10.328645), (-6.474848, 1.432899, -10.325822), (-6.478188, 1.385342, -10.483731)
(-6.629618, 1.446369, -10.328645), (-6.626693, 1.492899, -10.169877), (-6.474848, 1.432899, -10.325822)
(-6.474848, 1.432899, -10.325822), (-6.320927, 1.418052, -10.322092), (-6.324053, 1.373048, -10.480228)
(-6.474848, 1.432899, -10.325822), (-6.472051, 1.477174, -10.166937), (-6.320927, 1.418052, -10.322092)
(-6.320927, 1.418052, -10.322092), (-6.167665, 1.402435, -10.317775), (-6.170712, 1.359585, -10.47592)
(-6.320927, 1.418052, -10.322092), (-6.318147, 1.460397, -10.16326), (-6.167665, 1.402435, -10.317775)
(-6.167665, 1.402435, -10.317775), (-6.015143, 1.385625, -10.312849), (-6.017999, 1.345302, -10.471107)
(-6.167665, 1.402435, -10.317775), (-6.165019, 1.442438, -10.158893), (-6.015143, 1.385625, -10.312849)
(-6.015143, 1.385625, -10.312849), (-5.863049, 1.368554, -10.307698), (-5.865697, 1.330787, -10.466062)
(-6.015143, 1.385625, -10.312849), (-6.01268, 1.423123, -10.153896), (-5.863049, 1.368554, -10.307698)
(-6.626693, 1.492899, -10.169877), (-6.624237, 1.536262, -10.010269), (-6.472051, 1.477174, -10.166937)
(-6.626693, 1.492899, -10.169877), (-6.472051, 1.477174, -10.166937), (-6.474848, 1.432899, -10.325822)
(-6.472051, 1.477174, -10.166937), (-6.318147, 1.460397, -10.16326), (-6.320927, 1.418052, -10.322092)
(-6.472051, 1.477174, -10.166937), (-6.469731, 1.518199, -10.007228), (-6.318147, 1.460397, -10.16326)
(-6.318147, 1.460397, -10.16326), (-6.315933, 1.49916, -10.003527), (-6.165019, 1.442438, -10.158893)
(-6.318147, 1.460397, -10.16326), (-6.165019, 1.442438, -10.158893), (-6.167665, 1.402435, -10.317775)
(-6.165019, 1.442438, -10.158893), (-6.01268, 1.423123, -10.153896), (-6.015143, 1.385625, -10.312849)
(-6.165019, 1.442438, -10.158893), (-6.162983, 1.478674, -9.999095), (-6.01268, 1.423123, -10.153896)
(-6.01268, 1.423123, -10.153896), (-6.01077, 1.457061, -9.994134), (-5.86081, 1.403452, -10.148664)
(-6.01268, 1.423123, -10.153896), (-5.86081, 1.403452, -10.148664), (-5.863049, 1.368554, -10.307698)
# -5.642939983353331, 0, -10.384233616686664
(-5.868998, 1.28925, -10.623419), (-5.716996, 1.276278, -10.618145), (-5.720632, 1.233884, -10.774685)
(-5.868998, 1.28925, -10.623419), (-5.865697, 1.330787, -10.466062), (-5.716996, 1.276278, -10.618145)
(-5.716996, 1.276278, -10.618145), (-5.565408, 1.262291, -10.612592), (-5.568841, 1.222085, -10.769247)
(-5.716996, 1.276278, -10.618145), (-5.713913, 1.315348, -10.460659), (-5.565408, 1.262291, -10.612592)
(-5.565408, 1.262291, -10.612592), (-5.414172, 1.246991, -10.606814), (-5.417309, 1.209325, -10.763668)
(-5.565408, 1.262291, -10.612592), (-5.562597, 1.298728, -10.45495), (-5.414172, 1.246991, -10.606814)
(-5.414172, 1.246991, -10.606814), (-5.263038, 1.231222, -10.601065), (-5.265932, 1.195682, -10.75803)
(-5.414172, 1.246991, -10.606814), (-5.411549, 1.281379, -10.449147), (-5.263038, 1.231222, -10.601065)
(-5.865697, 1.330787, -10.466062), (-5.863049, 1.368554, -10.307698), (-5.713913, 1.315348, -10.460659)
(-5.865697, 1.330787, -10.466062), (-5.713913, 1.315348, -10.460659), (-5.716996, 1.276278, -10.618145)
(-5.713913, 1.315348, -10.460659), (-5.711505, 1.350463, -10.302192), (-5.562597, 1.298728, -10.45495)
(-5.713913, 1.315348, -10.460659), (-5.562597, 1.298728, -10.45495), (-5.565408, 1.262291, -10.612592)
(-5.562597, 1.298728, -10.45495), (-5.560345, 1.331686, -10.296505), (-5.411549, 1.281379, -10.449147)
(-5.562597, 1.298728, -10.45495), (-5.411549, 1.281379, -10.449147), (-5.414172, 1.246991, -10.606814)
(-5.411549, 1.281379, -10.449147), (-5.409493, 1.312155, -10.290699), (-5.260634, 1.263545, -10.443352)
(-5.411549, 1.281379, -10.449147), (-5.260634, 1.263545, -10.443352), (-5.263038, 1.231222, -10.601065)
(-5.863049, 1.368554, -10.307698), (-5.711505, 1.350463, -10.302192), (-5.713913, 1.315348, -10.460659)
(-5.863049, 1.368554, -10.307698), (-5.86081, 1.403452, -10.148664), (-5.711505, 1.350463, -10.302192)
(-5.711505, 1.350463, -10.302192), (-5.560345, 1.331686, -10.296505), (-5.562597, 1.298728, -10.45495)
(-5.711505, 1.350463, -10.302192), (-5.709455, 1.382997, -10.14315), (-5.560345, 1.331686, -10.296505)
(-5.560345, 1.331686, -10.296505), (-5.409493, 1.312155, -10.290699), (-5.411549, 1.281379, -10.449147)
(-5.560345, 1.331686, -10.296505), (-5.558542, 1.361712, -10.137429), (-5.409493, 1.312155, -10.290699)
(-5.409493, 1.312155, -10.290699), (-5.258815, 1.292075, -10.28487), (-5.260634, 1.263545, -10.443352)
(-5.409493, 1.312155, -10.290699), (-5.407993, 1.339488, -10.131559), (-5.258815, 1.292075, -10.28487)
(-5.86081, 1.403452, -10.148664), (-5.709455, 1.382997, -10.14315), (-5.711505, 1.350463, -10.302192)
(-5.86081, 1.403452, -10.148664), (-5.859146, 1.434702, -9.988846), (-5.709455, 1.382997, -10.14315)
(-5.709455, 1.382997, -10.14315), (-5.708001, 1.411807, -9.983347), (-5.558542, 1.361712, -10.137429)
(-5.709455, 1.382997, -10.14315), (-5.558542, 1.361712, -10.137429), (-5.560345, 1.331686, -10.296505)
(-5.558542, 1.361712, -10.137429), (-5.557351, 1.387957, -9.977623), (-5.407993, 1.339488, -10.131559)
(-5.558542, 1.361712, -10.137429), (-5.407993, 1.339488, -10.131559), (-5.409493, 1.312155, -10.290699)
(-5.407993, 1.339488, -10.131559), (-5.407023, 1.363483, -9.971807), (-5.25754, 1.317234, -10.12575)
(-5.407993, 1.339488, -10.131559), (-5.25754, 1.317234, -10.12575), (-5.258815, 1.292075, -10.28487)
# -4.975169750019997, 0, -10.384233616686664
(-5.263038, 1.231222, -10.601065), (-5.112007, 1.214425, -10.595284), (-5.114654, 1.180835, -10.752331)
(-5.263038, 1.231222, -10.601065), (-5.260634, 1.263545, -10.443352), (-5.112007, 1.214425, -10.595284)
(-5.112007, 1.214425, -10.595284), (-4.960989, 1.196528, -10.589503), (-4.963395, 1.164629, -10.746601)
(-5.112007, 1.214425, -10.595284), (-5.109844, 1.244707, -10.437517), (-4.960989, 1.196528, -10.589503)
(-4.960989, 1.196528, -10.589503), (-4.809903, 1.177465, -10.583754), (-4.81204, 1.14747, -10.740939)
(-4.960989, 1.196528, -10.589503), (-4.959083, 1.224789, -10.43168), (-4.809903, 1.177465, -10.583754)
(-4.809903, 1.177465, -10.583754), (-4.658609, 1.158068, -10.578157), (-4.660515, 1.129425, -10.735371)
(-4.809903, 1.177465, -10.583754), (-4.808209, 1.204275, -10.425939), (-4.658609, 1.158068, -10.578157)
(-4.658609, 1.158068, -10.578157), (-4.507073, 1.137974, -10.572678), (-4.508759, 1.110434, -10.729895)
(-4.658609, 1.158068, -10.578157), (-4.657119, 1.183633, -10.420362), (-4.507073, 1.137974, -10.572678)
(-5.260634, 1.263545, -10.443352), (-5.258815, 1.292075, -10.28487), (-5.109844, 1.244707, -10.437517)
(-5.260634, 1.263545, -10.443352), (-5.109844, 1.244707, -10.437517), (-5.112007, 1.214425, -10.595284)
(-5.109844, 1.244707, -10.437517), (-5.108266, 1.271082, -10.279012), (-4.959083, 1.224789, -10.43168)
(-5.109844, 1.244707, -10.437517), (-4.959083, 1.224789, -10.43168), (-4.960989, 1.196528, -10.589503)
(-4.959083, 1.224789, -10.43168), (-4.95768, 1.249692, -10.273233), (-4.808209, 1.204275, -10.425939)
(-4.959083, 1.224789, -10.43168), (-4.808209, 1.204275, -10.425939), (-4.809903, 1.177465, -10.583754)
(-4.808209, 1.204275, -10.425939), (-4.807007, 1.227639, -10.267525), (-4.657119, 1.183633, -10.420362)
(-4.808209, 1.204275, -10.425939), (-4.657119, 1.183633, -10.420362), (-4.658609, 1.158068, -10.578157)
(-4.657119, 1.183633, -10.420362), (-4.656102, 1.205706, -10.261985), (-4.505783, 1.162432, -10.414897)
(-4.657119, 1.183633, -10.420362), (-4.505783, 1.162432, -10.414897), (-4.507073, 1.137974, -10.572678)
(-5.258815, 1.292075, -10.28487), (-5.108266, 1.271082, -10.279012), (-5.109844, 1.244707, -10.437517)
(-5.258815, 1.292075, -10.28487), (-5.25754, 1.317234, -10.12575), (-5.108266, 1.271082, -10.279012)
(-5.108266, 1.271082, -10.279012), (-4.95768, 1.249692, -10.273233), (-4.959083, 1.224789, -10.43168)
(-5.108266, 1.271082, -10.279012), (-5.107155, 1.294644, -10.119977), (-4.95768, 1.249692, -10.273233)
(-4.95768, 1.249692, -10.273233), (-4.807007, 1.227639, -10.267525), (-4.808209, 1.204275, -10.425939)
(-4.95768, 1.249692, -10.273233), (-4.956763, 1.271639, -10.114265), (-4.807007, 1.227639, -10.267525)
(-4.807007, 1.227639, -10.267525), (-4.656102, 1.205706, -10.261985), (-4.657119, 1.183633, -10.420362)
(-4.807007, 1.227639, -10.267525), (-4.806281, 1.248134, -10.10862), (-4.656102, 1.205706, -10.261985)
(-4.656102, 1.205706, -10.261985), (-4.504943, 1.183368, -10.256559), (-4.505783, 1.162432, -10.414897)
(-4.656102, 1.205706, -10.261985), (-4.655554, 1.22493, -10.103145), (-4.504943, 1.183368, -10.256559)
(-5.25754, 1.317234, -10.12575), (-5.107155, 1.294644, -10.119977), (-5.108266, 1.271082, -10.279012)
(-5.25754, 1.317234, -10.12575), (-5.256811, 1.339003, -9.966041), (-5.107155, 1.294644, -10.119977)
(-5.107155, 1.294644, -10.119977), (-5.106619, 1.314615, -9.96036), (-4.956763, 1.271639, -10.114265)
(-5.107155, 1.294644, -10.119977), (-4.956763, 1.271639, -10.114265), (-4.95768, 1.249692, -10.273233)
(-4.956763, 1.271639, -10.114265), (-4.806281, 1.248134, -10.10862), (-4.807007, 1.227639, -10.267525)
(-4.956763, 1.271639, -10.114265), (-4.956423, 1.289903, -9.954731), (-4.806281, 1.248134, -10.10862)
(-4.806281, 1.248134, -10.10862), (-4.806095, 1.265173, -9.949205), (-4.655554, 1.22493, -10.103145)
(-4.806281, 1.248134, -10.10862), (-4.655554, 1.22493, -10.103145), (-4.656102, 1.205706, -10.261985)
(-4.655554, 1.22493, -10.103145), (-4.50455, 1.201715, -10.097803), (-4.504943, 1.183368, -10.256559)
(-4.655554, 1.22493, -10.103145), (-4.655532, 1.240715, -9.943822), (-4.50455, 1.201715, -10.097803)
# -4.307399516686664, 0, -10.384233616686664
(-4.051556, 1.048926, -10.714186), (-3.898385, 1.0276, -10.709238), (-3.899564, 1.000468, -10.865936)
(-4.051556, 1.048926, -10.714186), (-4.050473, 1.074125, -10.556986), (-3.898385, 1.0276, -10.709238)
(-4.507073, 1.137974, -10.572678), (-4.355238, 1.117167, -10.567308), (-4.356712, 1.090459, -10.724516)
(-4.507073, 1.137974, -10.572678), (-4.505783, 1.162432, -10.414897), (-4.355238, 1.117167, -10.567308)
(-4.355238, 1.117167, -10.567308), (-4.20305, 1.095658, -10.562057), (-4.204321, 1.06988, -10.719272)
(-4.355238, 1.117167, -10.567308), (-4.35414, 1.140603, -10.409542), (-4.20305, 1.095658, -10.562057)
(-4.20305, 1.095658, -10.562057), (-4.050473, 1.074125, -10.556986), (-4.051556, 1.048926, -10.714186)
(-4.20305, 1.095658, -10.562057), (-4.202129, 1.11859, -10.404344), (-4.050473, 1.074125, -10.556986)
(-4.050473, 1.074125, -10.556986), (-3.897477, 1.052361, -10.552055), (-3.898385, 1.0276, -10.709238)
(-4.050473, 1.074125, -10.556986), (-4.049718, 1.096632, -10.399311), (-3.897477, 1.052361, -10.552055)
(-4.505783, 1.162432, -10.414897), (-4.504943, 1.183368, -10.256559), (-4.35414, 1.140603, -10.409542)
(-4.505783, 1.162432, -10.414897), (-4.35414, 1.140603, -10.409542), (-4.355238, 1.117167, -10.567308)
(-4.35414, 1.140603, -10.409542), (-4.353455, 1.160945, -10.251283), (-4.202129, 1.11859, -10.404344)
(-4.35414, 1.140603, -10.409542), (-4.202129, 1.11859, -10.404344), (-4.20305, 1.095658, -10.562057)
(-4.202129, 1.11859, -10.404344), (-4.201593, 1.138442, -10.246145), (-4.049718, 1.096632, -10.399311)
(-4.202129, 1.11859, -10.404344), (-4.049718, 1.096632, -10.399311), (-4.050473, 1.074125, -10.556986)
(-4.049718, 1.096632, -10.399311), (-4.049319, 1.116064, -10.241158), (-3.896873, 1.074511, -10.394406)
(-4.049718, 1.096632, -10.399311), (-3.896873, 1.074511, -10.394406), (-3.897477, 1.052361, -10.552055)
(-4.504943, 1.183368, -10.256559), (-4.353455, 1.160945, -10.251283), (-4.35414, 1.140603, -10.409542)
(-4.504943, 1.183368, -10.256559), (-4.50455, 1.201715, -10.097803), (-4.353455, 1.160945, -10.251283)
(-4.353455, 1.160945, -10.251283), (-4.201593, 1.138442, -10.246145), (-4.202129, 1.11859, -10.404344)
(-4.353455, 1.160945, -10.251283), (-4.353209, 1.178508, -10.0926), (-4.201593, 1.138442, -10.246145)
(-4.201593, 1.138442, -10.246145), (-4.049319, 1.116064, -10.241158), (-4.049718, 1.096632, -10.399311)
(-4.201593, 1.138442, -10.246145), (-4.20148, 1.155269, -10.087515), (-4.049319, 1.116064, -10.241158)
(-4.049319, 1.116064, -10.241158), (-3.896597, 1.093665, -10.236287), (-3.896873, 1.074511, -10.394406)
(-4.049319, 1.116064, -10.241158), (-4.049318, 1.132604, -10.082593), (-3.896597, 1.093665, -10.236287)
(-4.50455, 1.201715, -10.097803), (-4.504663, 1.216656, -9.938589), (-4.353209, 1.178508, -10.0926)
(-4.50455, 1.201715, -10.097803), (-4.353209, 1.178508, -10.0926), (-4.353455, 1.160945, -10.251283)
(-4.353209, 1.178508, -10.0926), (-4.353445, 1.192716, -9.933476), (-4.20148, 1.155269, -10.087515)
(-4.353209, 1.178508, -10.0926), (-4.20148, 1.155269, -10.087515), (-4.201593, 1.138442, -10.246145)
(-4.20148, 1.155269, -10.087515), (-4.201816, 1.169116, -9.928493), (-4.049318, 1.132604, -10.082593)
(-4.20148, 1.155269, -10.087515), (-4.049318, 1.132604, -10.082593), (-4.049319, 1.116064, -10.241158)
(-4.049318, 1.132604, -10.082593), (-3.896701, 1.110357, -10.077805), (-3.896597, 1.093665, -10.236287)
(-4.049318, 1.132604, -10.082593), (-4.049736, 1.146234, -9.923656), (-3.896701, 1.110357, -10.077805)
# -3.6396292833533312, 0, -10.384233616686664
(-3.898385, 1.0276, -10.709238), (-3.897477, 1.052361, -10.552055), (-3.744786, 1.006029, -10.704416)
(-3.898385, 1.0276, -10.709238), (-3.744786, 1.006029, -10.704416), (-3.745795, 0.979501, -10.861131)
(-3.744786, 1.006029, -10.704416), (-3.590781, 0.984702, -10.699751), (-3.591637, 0.958665, -10.856485)
(-3.744786, 1.006029, -10.704416), (-3.744042, 1.03049, -10.547255), (-3.590781, 0.984702, -10.699751)
(-3.590781, 0.984702, -10.699751), (-3.590169, 1.008763, -10.54257), (-3.4364, 0.963992, -10.695249)
(-3.590781, 0.984702, -10.699751), (-3.4364, 0.963992, -10.695249), (-3.437125, 0.93837, -10.852016)
(-3.4364, 0.963992, -10.695249), (-3.281701, 0.944347, -10.690907), (-3.282315, 0.919086, -10.847713)
(-3.4364, 0.963992, -10.695249), (-3.435914, 0.98789, -10.538057), (-3.281701, 0.944347, -10.690907)
(-3.897477, 1.052361, -10.552055), (-3.744042, 1.03049, -10.547255), (-3.744786, 1.006029, -10.704416)
(-3.897477, 1.052361, -10.552055), (-3.896873, 1.074511, -10.394406), (-3.744042, 1.03049, -10.547255)
(-3.744042, 1.03049, -10.547255), (-3.590169, 1.008763, -10.54257), (-3.590781, 0.984702, -10.699751)
(-3.744042, 1.03049, -10.547255), (-3.743572, 1.052349, -10.389614), (-3.590169, 1.008763, -10.54257)
(-3.590169, 1.008763, -10.54257), (-3.435914, 0.98789, -10.538057), (-3.4364, 0.963992, -10.695249)
(-3.590169, 1.008763, -10.54257), (-3.58983, 1.030638, -10.384952), (-3.435914, 0.98789, -10.538057)
(-3.435914, 0.98789, -10.538057), (-3.281324, 0.968156, -10.533682), (-3.281701, 0.944347, -10.690907)
(-3.435914, 0.98789, -10.538057), (-3.43569, 1.009875, -10.380445), (-3.281324, 0.968156, -10.533682)
(-3.896873, 1.074511, -10.394406), (-3.896597, 1.093665, -10.236287), (-3.743572, 1.052349, -10.389614)
(-3.896873, 1.074511, -10.394406), (-3.743572, 1.052349, -10.389614), (-3.744042, 1.03049, -10.547255)
(-3.743572, 1.052349, -10.389614), (-3.743418, 1.071671, -10.231551), (-3.58983, 1.030638, -10.384952)
(-3.743572, 1.052349, -10.389614), (-3.58983, 1.030638, -10.384952), (-3.590169, 1.008763, -10.54257)
(-3.58983, 1.030638, -10.384952), (-3.589784, 1.050145, -10.226913), (-3.43569, 1.009875, -10.380445)
(-3.58983, 1.030638, -10.384952), (-3.43569, 1.009875, -10.380445), (-3.435914, 0.98789, -10.538057)
(-3.43569, 1.009875, -10.380445), (-3.435746, 1.029732, -10.22242), (-3.281204, 0.990317, -10.376054)
(-3.43569, 1.009875, -10.380445), (-3.281204, 0.990317, -10.376054), (-3.281324, 0.968156, -10.533682)
(-3.896597, 1.093665, -10.236287), (-3.743418, 1.071671, -10.231551), (-3.743572, 1.052349, -10.389614)
(-3.896597, 1.093665, -10.236287), (-3.896701, 1.110357, -10.077805), (-3.743418, 1.071671, -10.231551)
(-3.743418, 1.071671, -10.231551), (-3.589784, 1.050145, -10.226913), (-3.58983, 1.030638, -10.384952)
(-3.743418, 1.071671, -10.231551), (-3.743615, 1.088557, -10.073126), (-3.589784, 1.050145, -10.226913)
(-3.589784, 1.050145, -10.226913), (-3.435746, 1.029732, -10.22242), (-3.43569, 1.009875, -10.380445)
(-3.589784, 1.050145, -10.226913), (-3.590062, 1.067367, -10.068531), (-3.435746, 1.029732, -10.22242)
(-3.435746, 1.029732, -10.22242), (-3.281358, 1.010653, -10.218015), (-3.281204, 0.990317, -10.376054)
(-3.435746, 1.029732, -10.22242), (-3.436099, 1.047436, -10.064053), (-3.281358, 1.010653, -10.218015)
(-3.896701, 1.110357, -10.077805), (-3.897188, 1.124123, -9.918951), (-3.743615, 1.088557, -10.073126)
(-3.896701, 1.110357, -10.077805), (-3.743615, 1.088557, -10.073126), (-3.743418, 1.071671, -10.231551)
(-3.743615, 1.088557, -10.073126), (-3.590062, 1.067367, -10.068531), (-3.589784, 1.050145, -10.226913)
(-3.743615, 1.088557, -10.073126), (-3.744158, 1.102598, -9.914336), (-3.590062, 1.067367, -10.068531)
(-3.590062, 1.067367, -10.068531), (-3.590659, 1.082, -9.909802), (-3.436099, 1.047436, -10.064053)
(-3.590062, 1.067367, -10.068531), (-3.436099, 1.047436, -10.064053), (-3.435746, 1.029732, -10.22242)
(-3.436099, 1.047436, -10.064053), (-3.281783, 1.028999, -10.059658), (-3.281358, 1.010653, -10.218015)
(-3.436099, 1.047436, -10.064053), (-3.43674, 1.06273, -9.905352), (-3.281783, 1.028999, -10.059658)
# -2.9718590500199973, 0, -10.384233616686664
(-3.281701, 0.944347, -10.690907), (-3.281324, 0.968156, -10.533682), (-3.126781, 0.926359, -10.686728)
(-3.281701, 0.944347, -10.690907), (-3.126781, 0.926359, -10.686728), (-3.127297, 0.901355, -10.843611)
(-3.126781, 0.926359, -10.686728), (-2.971742, 0.9105, -10.68274), (-2.972168, 0.885663, -10.83971)
(-3.126781, 0.926359, -10.686728), (-3.126496, 0.950124, -10.529455), (-2.971742, 0.9105, -10.68274)
(-2.971742, 0.9105, -10.68274), (-2.971556, 0.934396, -10.525377), (-2.81668, 0.897138, -10.678953)
(-2.971742, 0.9105, -10.68274), (-2.81668, 0.897138, -10.678953), (-2.817011, 0.872292, -10.836042)
(-2.81668, 0.897138, -10.678953), (-2.661691, 0.886619, -10.675373), (-2.661927, 0.861709, -10.832603)
(-2.81668, 0.897138, -10.678953), (-2.816589, 0.921231, -10.521483), (-2.661691, 0.886619, -10.675373)
(-2.661691, 0.886619, -10.675373), (-2.661702, 0.910995, -10.517775), (-2.506863, 0.879222, -10.672005)
(-2.661691, 0.886619, -10.675373), (-2.506863, 0.879222, -10.672005), (-2.506993, 0.854142, -10.829397)
(-3.281324, 0.968156, -10.533682), (-3.126496, 0.950124, -10.529455), (-3.126781, 0.926359, -10.686728)
(-3.281324, 0.968156, -10.533682), (-3.281204, 0.990317, -10.376054), (-3.126496, 0.950124, -10.529455)
(-3.126496, 0.950124, -10.529455), (-2.971556, 0.934396, -10.525377), (-2.971742, 0.9105, -10.68274)
(-3.126496, 0.950124, -10.529455), (-3.126475, 0.97257, -10.371775), (-2.971556, 0.934396, -10.525377)
(-2.971556, 0.934396, -10.525377), (-2.816589, 0.921231, -10.521483), (-2.81668, 0.897138, -10.678953)
(-2.971556, 0.934396, -10.525377), (-2.971621, 0.957153, -10.367634), (-2.816589, 0.921231, -10.521483)
(-2.816589, 0.921231, -10.521483), (-2.661702, 0.910995, -10.517775), (-2.661691, 0.886619, -10.675373)
(-2.816589, 0.921231, -10.521483), (-2.816748, 0.944402, -10.36365), (-2.661702, 0.910995, -10.517775)
(-2.661702, 0.910995, -10.517775), (-2.506974, 0.903875, -10.514258), (-2.506863, 0.879222, -10.672005)
(-2.661702, 0.910995, -10.517775), (-2.661969, 0.934662, -10.359821), (-2.506974, 0.903875, -10.514258)
(-3.281204, 0.990317, -10.376054), (-3.281358, 1.010653, -10.218015), (-3.126475, 0.97257, -10.371775)
(-3.281204, 0.990317, -10.376054), (-3.126475, 0.97257, -10.371775), (-3.126496, 0.950124, -10.529455)
(-3.126475, 0.97257, -10.371775), (-3.126722, 0.993466, -10.213722), (-2.971621, 0.957153, -10.367634)
(-3.126475, 0.97257, -10.371775), (-2.971621, 0.957153, -10.367634), (-2.971556, 0.934396, -10.525377)
(-2.971621, 0.957153, -10.367634), (-2.971957, 0.978639, -10.209533), (-2.816748, 0.944402, -10.36365)
(-2.971621, 0.957153, -10.367634), (-2.816748, 0.944402, -10.36365), (-2.816589, 0.921231, -10.521483)
(-2.816748, 0.944402, -10.36365), (-2.817182, 0.966545, -10.205469), (-2.661969, 0.934662, -10.359821)
(-2.816748, 0.944402, -10.36365), (-2.661969, 0.934662, -10.359821), (-2.661702, 0.910995, -10.517775)
(-2.661969, 0.934662, -10.359821), (-2.662516, 0.957501, -10.201538), (-2.507363, 0.928081, -10.356167)
(-2.661969, 0.934662, -10.359821), (-2.507363, 0.928081, -10.356167), (-2.506974, 0.903875, -10.514258)
(-3.281358, 1.010653, -10.218015), (-3.126722, 0.993466, -10.213722), (-3.126475, 0.97257, -10.371775)
(-3.281358, 1.010653, -10.218015), (-3.281783, 1.028999, -10.059658), (-3.126722, 0.993466, -10.213722)
(-3.126722, 0.993466, -10.213722), (-2.971957, 0.978639, -10.209533), (-2.971621, 0.957153, -10.367634)
(-3.126722, 0.993466, -10.213722), (-3.127219, 1.012539, -10.05534), (-2.971957, 0.978639, -10.209533)
(-2.971957, 0.978639, -10.209533), (-2.817182, 0.966545, -10.205469), (-2.816748, 0.944402, -10.36365)
(-2.971957, 0.978639, -10.209533), (-2.972544, 0.998562, -10.051103), (-2.817182, 0.966545, -10.205469)
(-2.817182, 0.966545, -10.205469), (-2.662516, 0.957501, -10.201538), (-2.661969, 0.934662, -10.359821)
(-2.817182, 0.966545, -10.205469), (-2.817857, 0.987298, -10.046978), (-2.662516, 0.957501, -10.201538)
(-2.662516, 0.957501, -10.201538), (-2.508011, 0.951469, -10.197768), (-2.507363, 0.928081, -10.356167)
(-2.662516, 0.957501, -10.201538), (-2.663269, 0.978956, -10.042974), (-2.508011, 0.951469, -10.197768)
(-3.281783, 1.028999, -10.059658), (-3.282473, 1.045156, -9.900972), (-3.127219, 1.012539, -10.05534)
(-3.281783, 1.028999, -10.059658), (-3.127219, 1.012539, -10.05534), (-3.126722, 0.993466, -10.213722)
(-3.127219, 1.012539, -10.05534), (-3.12797, 1.02967, -9.896644), (-2.972544, 0.998562, -10.051103)
(-3.127219, 1.012539, -10.05534), (-2.972544, 0.998562, -10.051103), (-2.971957, 0.978639, -10.209533)
(-2.972544, 0.998562, -10.051103), (-2.97336, 1.016695, -9.892384), (-2.817857, 0.987298, -10.046978)
(-2.972544, 0.998562, -10.051103), (-2.817857, 0.987298, -10.046978), (-2.817182, 0.966545, -10.205469)
# -2.304088816686664, 0, -10.384233616686664
(-2.506863, 0.879222, -10.672005), (-2.352236, 0.874918, -10.668859), (-2.352251, 0.84962, -10.826427)
(-2.506863, 0.879222, -10.672005), (-2.506974, 0.903875, -10.514258), (-2.352236, 0.874918, -10.668859)
(-2.352236, 0.874918, -10.668859), (-2.352481, 0.900006, -10.51094), (-2.197836, 0.873649, -10.665945)
(-2.352236, 0.874918, -10.668859), (-2.197836, 0.873649, -10.665945), (-2.197727, 0.848086, -10.823709)
(-2.197836, 0.873649, -10.665945), (-2.043704, 0.875437, -10.663251), (-2.043489, 0.849764, -10.821227)
(-2.197836, 0.873649, -10.665945), (-2.198202, 0.899053, -10.50784), (-2.043704, 0.875437, -10.663251)
(-2.043704, 0.875437, -10.663251), (-2.044185, 0.901061, -10.504953), (-1.889876, 0.880282, -10.660773)
(-2.043704, 0.875437, -10.663251), (-1.889876, 0.880282, -10.660773), (-1.889554, 0.854545, -10.818968)
(-2.506974, 0.903875, -10.514258), (-2.352481, 0.900006, -10.51094), (-2.352236, 0.874918, -10.668859)
(-2.506974, 0.903875, -10.514258), (-2.507363, 0.928081, -10.356167), (-2.352481, 0.900006, -10.51094)
(-2.352481, 0.900006, -10.51094), (-2.198202, 0.899053, -10.50784), (-2.197836, 0.873649, -10.665945)
(-2.352481, 0.900006, -10.51094), (-2.352974, 0.924587, -10.352699), (-2.198202, 0.899053, -10.50784)
(-2.198202, 0.899053, -10.50784), (-2.044185, 0.901061, -10.504953), (-2.043704, 0.875437, -10.663251)
(-2.198202, 0.899053, -10.50784), (-2.198808, 0.92398, -10.349437), (-2.044185, 0.901061, -10.504953)
(-2.044185, 0.901061, -10.504953), (-1.890445, 0.905908, -10.502273), (-1.889876, 0.880282, -10.660773)
(-2.044185, 0.901061, -10.504953), (-2.044907, 0.926244, -10.346375), (-1.890445, 0.905908, -10.502273)
(-2.507363, 0.928081, -10.356167), (-2.508011, 0.951469, -10.197768), (-2.352974, 0.924587, -10.352699)
(-2.507363, 0.928081, -10.356167), (-2.352974, 0.924587, -10.352699), (-2.352481, 0.900006, -10.51094)
(-2.352974, 0.924587, -10.352699), (-2.353723, 0.948432, -10.194176), (-2.198808, 0.92398, -10.349437)
(-2.352974, 0.924587, -10.352699), (-2.198808, 0.92398, -10.349437), (-2.198202, 0.899053, -10.50784)
(-2.198808, 0.92398, -10.349437), (-2.199669, 0.948223, -10.190771), (-2.044907, 0.926244, -10.346375)
(-2.198808, 0.92398, -10.349437), (-2.044907, 0.926244, -10.346375), (-2.044185, 0.901061, -10.504953)
(-2.044907, 0.926244, -10.346375), (-2.045889, 0.950761, -10.187561), (-1.891283, 0.931231, -10.343514)
(-2.044907, 0.926244, -10.346375), (-1.891283, 0.931231, -10.343514), (-1.890445, 0.905908, -10.502273)
(-2.508011, 0.951469, -10.197768), (-2.353723, 0.948432, -10.194176), (-2.352974, 0.924587, -10.352699)
(-2.508011, 0.951469, -10.197768), (-2.508856, 0.973577, -10.03911), (-2.353723, 0.948432, -10.194176)
(-2.353723, 0.948432, -10.194176), (-2.199669, 0.948223, -10.190771), (-2.198808, 0.92398, -10.349437)
(-2.353723, 0.948432, -10.194176), (-2.354687, 0.971153, -10.035409), (-2.199669, 0.948223, -10.190771)
(-2.199669, 0.948223, -10.190771), (-2.045889, 0.950761, -10.187561), (-2.044907, 0.926244, -10.346375)
(-2.199669, 0.948223, -10.190771), (-2.200726, 0.971314, -10.031891), (-2.045889, 0.950761, -10.187561)
(-2.045889, 0.950761, -10.187561), (-1.892336, 0.955704, -10.184551), (-1.891283, 0.931231, -10.343514)
(-2.045889, 0.950761, -10.187561), (-2.047005, 0.973966, -10.028562), (-1.892336, 0.955704, -10.184551)
# -1.6363185833533305, 0, -10.384233616686664
(-1.889876, 0.880282, -10.660773), (-1.736333, 0.887866, -10.658504), (-1.735934, 0.862298, -10.816932)
(-1.889876, 0.880282, -10.660773), (-1.890445, 0.905908, -10.502273), (-1.736333, 0.887866, -10.658504)
(-1.736333, 0.887866, -10.658504), (-1.737005, 0.913466, -10.499796), (-1.583051, 0.89789, -10.656438)
(-1.736333, 0.887866, -10.658504), (-1.583051, 0.89789, -10.656438), (-1.582578, 0.872539, -10.8151)
(-1.583051, 0.89789, -10.656438), (-1.430032, 0.910181, -10.654544), (-1.429526, 0.885302, -10.813444)
(-1.583051, 0.89789, -10.656438), (-1.583788, 0.923231, -10.497515), (-1.430032, 0.910181, -10.654544)
(-1.430032, 0.910181, -10.654544), (-1.430813, 0.935086, -10.495414), (-1.277272, 0.924507, -10.652811)
(-1.430032, 0.910181, -10.654544), (-1.277272, 0.924507, -10.652811), (-1.276747, 0.900229, -10.811945)
(-1.890445, 0.905908, -10.502273), (-1.737005, 0.913466, -10.499796), (-1.736333, 0.887866, -10.658504)
(-1.890445, 0.905908, -10.502273), (-1.891283, 0.931231, -10.343514), (-1.737005, 0.913466, -10.499796)
(-1.737005, 0.913466, -10.499796), (-1.583788, 0.923231, -10.497515), (-1.583051, 0.89789, -10.656438)
(-1.737005, 0.913466, -10.499796), (-1.737906, 0.938602, -10.340855), (-1.583788, 0.923231, -10.497515)
(-1.583788, 0.923231, -10.497515), (-1.430813, 0.935086, -10.495414), (-1.430032, 0.910181, -10.654544)
(-1.583788, 0.923231, -10.497515), (-1.584747, 0.948066, -10.338391), (-1.430813, 0.935086, -10.495414)
(-1.430813, 0.935086, -10.495414), (-1.278056, 0.948757, -10.49347), (-1.277272, 0.924507, -10.652811)
(-1.430813, 0.935086, -10.495414), (-1.431816, 0.959456, -10.336107), (-1.278056, 0.948757, -10.49347)
(-1.891283, 0.931231, -10.343514), (-1.892336, 0.955704, -10.184551), (-1.737906, 0.938602, -10.340855)
(-1.891283, 0.931231, -10.343514), (-1.737906, 0.938602, -10.340855), (-1.737005, 0.913466, -10.499796)
(-1.737906, 0.938602, -10.340855), (-1.739022, 0.962879, -10.18174), (-1.584747, 0.948066, -10.338391)
(-1.737906, 0.938602, -10.340855), (-1.584747, 0.948066, -10.338391), (-1.583788, 0.923231, -10.497515)
(-1.584747, 0.948066, -10.338391), (-1.58592, 0.97201, -10.179121), (-1.431816, 0.959456, -10.336107)
(-1.584747, 0.948066, -10.338391), (-1.431816, 0.959456, -10.336107), (-1.430813, 0.935086, -10.495414)
(-1.431816, 0.959456, -10.336107), (-1.433035, 0.982875, -10.176689), (-1.279089, 0.972501, -10.333987)
(-1.431816, 0.959456, -10.336107), (-1.279089, 0.972501, -10.333987), (-1.278056, 0.948757, -10.49347)
(-1.892336, 0.955704, -10.184551), (-1.739022, 0.962879, -10.18174), (-1.737906, 0.938602, -10.340855)
(-1.892336, 0.955704, -10.184551), (-1.89353, 0.978909, -10.025427), (-1.739022, 0.962879, -10.18174)
(-1.739022, 0.962879, -10.18174), (-1.58592, 0.97201, -10.179121), (-1.584747, 0.948066, -10.338391)
(-1.739022, 0.962879, -10.18174), (-1.740302, 0.985919, -10.022499), (-1.58592, 0.97201, -10.179121)
(-1.58592, 0.97201, -10.179121), (-1.433035, 0.982875, -10.176689), (-1.431816, 0.959456, -10.336107)
(-1.58592, 0.97201, -10.179121), (-1.587246, 0.994667, -10.019754), (-1.433035, 0.982875, -10.176689)
(-1.433035, 0.982875, -10.176689), (-1.280299, 0.995187, -10.174422), (-1.279089, 0.972501, -10.333987)
(-1.433035, 0.982875, -10.176689), (-1.434361, 1.004967, -10.017193), (-1.280299, 0.995187, -10.174422)
# -0.968548350019997, 0, -10.384233616686664
(-1.277272, 0.924507, -10.652811), (-1.124713, 0.940413, -10.651216), (-1.124203, 0.916935, -10.810577)
(-1.277272, 0.924507, -10.652811), (-1.278056, 0.948757, -10.49347), (-1.124713, 0.940413, -10.651216)
(-1.124713, 0.940413, -10.651216), (-1.125503, 0.963917, -10.491674), (-0.972315, 0.957591, -10.649737)
(-1.124713, 0.940413, -10.651216), (-0.972315, 0.957591, -10.649737), (-0.971845, 0.935009, -10.80932)
(-0.972315, 0.957591, -10.649737), (-0.82005, 0.975752, -10.648347), (-0.819662, 0.954227, -10.80814)
(-0.972315, 0.957591, -10.649737), (-0.973063, 0.980193, -10.490002), (-0.82005, 0.975752, -10.648347)
(-0.82005, 0.975752, -10.648347), (-0.820728, 0.997337, -10.488428), (-0.667886, 0.994566, -10.647026)
(-0.82005, 0.975752, -10.648347), (-0.667886, 0.994566, -10.647026), (-0.667596, 0.974176, -10.807014)
(-0.667886, 0.994566, -10.647026), (-0.515755, 1.013644, -10.645761), (-0.515602, 0.994521, -10.805917)
(-0.667886, 0.994566, -10.647026), (-0.668458, 1.015043, -10.486938), (-0.515755, 1.013644, -10.645761)
(-1.278056, 0.948757, -10.49347), (-1.125503, 0.963917, -10.491674), (-1.124713, 0.940413, -10.651216)
(-1.278056, 0.948757, -10.49347), (-1.279089, 0.972501, -10.333987), (-1.125503, 0.963917, -10.491674)
(-1.125503, 0.963917, -10.491674), (-0.973063, 0.980193, -10.490002), (-0.972315, 0.957591, -10.649737)
(-1.125503, 0.963917, -10.491674), (-1.126512, 0.986828, -10.332021), (-0.973063, 0.980193, -10.490002)
(-0.973063, 0.980193, -10.490002), (-0.820728, 0.997337, -10.488428), (-0.82005, 0.975752, -10.648347)
(-0.973063, 0.980193, -10.490002), (-0.974029, 1.002192, -10.330181), (-0.820728, 0.997337, -10.488428)
(-0.820728, 0.997337, -10.488428), (-0.668458, 1.015043, -10.486938), (-0.667886, 0.994566, -10.647026)
(-0.820728, 0.997337, -10.488428), (-0.821629, 1.01832, -10.328451), (-0.668458, 1.015043, -10.486938)
(-0.668458, 1.015043, -10.486938), (-0.516216, 1.032931, -10.485518), (-0.515755, 1.013644, -10.645761)
(-0.668458, 1.015043, -10.486938), (-0.669277, 1.034916, -10.326819), (-0.516216, 1.032931, -10.485518)
(-1.279089, 0.972501, -10.333987), (-1.280299, 0.995187, -10.174422), (-1.126512, 0.986828, -10.332021)
(-1.279089, 0.972501, -10.333987), (-1.126512, 0.986828, -10.332021), (-1.125503, 0.963917, -10.491674)
(-1.126512, 0.986828, -10.332021), (-1.127707, 1.00866, -10.172316), (-0.974029, 1.002192, -10.330181)
(-1.126512, 0.986828, -10.332021), (-0.974029, 1.002192, -10.330181), (-0.973063, 0.980193, -10.490002)
(-0.974029, 1.002192, -10.330181), (-0.975183, 1.02309, -10.170338), (-0.821629, 1.01832, -10.328451)
(-0.974029, 1.002192, -10.330181), (-0.821629, 1.01832, -10.328451), (-0.820728, 0.997337, -10.488428)
(-0.821629, 1.01832, -10.328451), (-0.822725, 1.038172, -10.168484), (-0.669277, 1.034916, -10.326819)
(-0.821629, 1.01832, -10.328451), (-0.669277, 1.034916, -10.326819), (-0.668458, 1.015043, -10.486938)
(-0.669277, 1.034916, -10.326819), (-0.670277, 1.053719, -10.166729), (-0.516913, 1.051708, -10.325265)
(-0.669277, 1.034916, -10.326819), (-0.516913, 1.051708, -10.325265), (-0.516216, 1.032931, -10.485518)
(-1.280299, 0.995187, -10.174422), (-1.127707, 1.00866, -10.172316), (-1.126512, 0.986828, -10.332021)
(-1.280299, 0.995187, -10.174422), (-1.281626, 1.016576, -10.014802), (-1.127707, 1.00866, -10.172316)
(-1.127707, 1.00866, -10.172316), (-0.975183, 1.02309, -10.170338), (-0.974029, 1.002192, -10.330181)
(-1.127707, 1.00866, -10.172316), (-1.129016, 1.029216, -10.012581), (-0.975183, 1.02309, -10.170338)
(-0.975183, 1.02309, -10.170338), (-0.822725, 1.038172, -10.168484), (-0.821629, 1.01832, -10.328451)
(-0.975183, 1.02309, -10.170338), (-0.97646, 1.042733, -10.01049), (-0.822725, 1.038172, -10.168484)
(-0.822725, 1.038172, -10.168484), (-0.670277, 1.053719, -10.166729), (-0.669277, 1.034916, -10.326819)
(-0.822725, 1.038172, -10.168484), (-0.82394, 1.05687, -10.008528), (-0.670277, 1.053719, -10.166729)
(-0.670277, 1.053719, -10.166729), (-0.517806, 1.069453, -10.165063), (-0.516913, 1.051708, -10.325265)
(-0.670277, 1.053719, -10.166729), (-0.67142, 1.071387, -10.006677), (-0.517806, 1.069453, -10.165063)
# -0.3007781166866636, 0, -10.384233616686664
(-0.515755, 1.013644, -10.645761), (-0.516216, 1.032931, -10.485518), (-0.363604, 1.032713, -10.644529)
(-0.515755, 1.013644, -10.645761), (-0.363604, 1.032713, -10.644529), (-0.363598, 1.014833, -10.804845)
(-0.363604, 1.032713, -10.644529), (-0.211396, 1.051528, -10.643322), (-0.211564, 1.034953, -10.803771)
(-0.363604, 1.032713, -10.644529), (-0.363925, 1.050822, -10.484148), (-0.211396, 1.051528, -10.643322)
(-0.211396, 1.051528, -10.643322), (-0.211559, 1.068434, -10.482821), (-0.059091, 1.069844, -10.642123)
(-0.211396, 1.051528, -10.643322), (-0.059091, 1.069844, -10.642123), (-0.059442, 1.054621, -10.802687)
(-0.059091, 1.069844, -10.642123), (0.093373, 1.087421, -10.64093), (0.09281, 1.073622, -10.801577)
(-0.059091, 1.069844, -10.642123), (-0.059076, 1.085541, -10.48152), (0.093373, 1.087421, -10.64093)
(-0.516216, 1.032931, -10.485518), (-0.363925, 1.050822, -10.484148), (-0.363604, 1.032713, -10.644529)
(-0.516216, 1.032931, -10.485518), (-0.516913, 1.051708, -10.325265), (-0.363925, 1.050822, -10.484148)
(-0.363925, 1.050822, -10.484148), (-0.211559, 1.068434, -10.482821), (-0.211396, 1.051528, -10.643322)
(-0.363925, 1.050822, -10.484148), (-0.364492, 1.068496, -10.323774), (-0.211559, 1.068434, -10.482821)
(-0.211559, 1.068434, -10.482821), (-0.059076, 1.085541, -10.48152), (-0.059091, 1.069844, -10.642123)
(-0.211559, 1.068434, -10.482821), (-0.211982, 1.084966, -10.322343), (-0.059076, 1.085541, -10.48152)
(-0.059076, 1.085541, -10.48152), (0.093569, 1.101853, -10.480251), (0.093373, 1.087421, -10.64093)
(-0.059076, 1.085541, -10.48152), (-0.059344, 1.100908, -10.320961), (0.093569, 1.101853, -10.480251)
(-0.516913, 1.051708, -10.325265), (-0.517806, 1.069453, -10.165063), (-0.364492, 1.068496, -10.323774)
(-0.516913, 1.051708, -10.325265), (-0.364492, 1.068496, -10.323774), (-0.363925, 1.050822, -10.484148)
(-0.364492, 1.068496, -10.323774), (-0.365266, 1.085168, -10.163471), (-0.211982, 1.084966, -10.322343)
(-0.364492, 1.068496, -10.323774), (-0.211982, 1.084966, -10.322343), (-0.211559, 1.068434, -10.482821)
(-0.211982, 1.084966, -10.322343), (-0.212626, 1.100525, -10.161961), (-0.059344, 1.100908, -10.320961)
(-0.211982, 1.084966, -10.322343), (-0.059344, 1.100908, -10.320961), (-0.059076, 1.085541, -10.48152)
(-0.059344, 1.100908, -10.320961), (-0.059839, 1.115512, -10.160498), (0.093472, 1.11617, -10.319619)
(-0.059344, 1.100908, -10.320961), (0.093472, 1.11617, -10.319619), (0.093569, 1.101853, -10.480251)
(-0.517806, 1.069453, -10.165063), (-0.365266, 1.085168, -10.163471), (-0.364492, 1.068496, -10.323774)
(-0.517806, 1.069453, -10.165063), (-0.518864, 1.086001, -10.004939), (-0.365266, 1.085168, -10.163471)
(-0.365266, 1.085168, -10.163471), (-0.212626, 1.100525, -10.161961), (-0.211982, 1.084966, -10.322343)
(-0.365266, 1.085168, -10.163471), (-0.366218, 1.100718, -10.003265), (-0.212626, 1.100525, -10.161961)
(-0.212626, 1.100525, -10.161961), (-0.059839, 1.115512, -10.160498), (-0.059344, 1.100908, -10.320961)
(-0.212626, 1.100525, -10.161961), (-0.213455, 1.115256, -10.001665), (-0.059839, 1.115512, -10.160498)
(-0.059839, 1.115512, -10.160498), (0.093131, 1.129828, -10.159096), (0.093472, 1.11617, -10.319619)
(-0.059839, 1.115512, -10.160498), (-0.060538, 1.129374, -10.000137), (0.093131, 1.129828, -10.159096)
