# 10.383545616646671, 0, -14.390855016686668
(10.164609, 0.717641, -14.607971), (10.319025, 0.681016, -14.604806), (10.320364, 0.661552, -14.758553)
(10.164609, 0.717641, -14.607971), (10.162947, 0.737966, -14.45402), (10.319025, 0.681016, -14.604806)
(10.319025, 0.681016, -14.604806), (10.473633, 0.646781, -14.601992), (10.474877, 0.626807, -14.755469)
(10.319025, 0.681016, -14.604806), (10.317489, 0.701958, -14.451157), (10.473633, 0.646781, -14.601992)
(10.473633, 0.646781, -14.601992), (10.628426, 0.615018, -14.599527), (10.629595, 0.594328, -14.752721)
(10.473633, 0.646781, -14.601992), (10.472198, 0.668393, -14.448647), (10.628426, 0.615018, -14.599527)
(10.628426, 0.615018, -14.599527), (10.783406, 0.585907, -14.597425), (10.784512, 0.564464, -14.750336)
(10.628426, 0.615018, -14.599527), (10.627075, 0.637451, -14.446495), (10.783406, 0.585907, -14.597425)
(10.162947, 0.737966, -14.45402), (10.161085, 0.759602, -14.300107), (10.317489, 0.701958, -14.451157)
(10.162947, 0.737966, -14.45402), (10.317489, 0.701958, -14.451157), (10.319025, 0.681016, -14.604806)
(10.317489, 0.701958, -14.451157), (10.472198, 0.668393, -14.448647), (10.473633, 0.646781, -14.601992)
(10.317489, 0.701958, -14.451157), (10.315753, 0.724572, -14.29761), (10.472198, 0.668393, -14.448647)
(10.472198, 0.668393, -14.448647), (10.47057, 0.691935, -14.295446), (10.627075, 0.637451, -14.446495)
(10.472198, 0.668393, -14.448647), (10.627075, 0.637451, -14.446495), (10.628426, 0.615018, -14.599527)
(10.627075, 0.637451, -14.446495), (10.782122, 0.609386, -14.444729), (10.783406, 0.585907, -14.597425)
(10.627075, 0.637451, -14.446495), (10.625525, 0.662124, -14.293656), (10.782122, 0.609386, -14.444729)
(10.161085, 0.759602, -14.300107), (10.315753, 0.724572, -14.29761), (10.317489, 0.701958, -14.451157)
(10.161085, 0.759602, -14.300107), (10.159011, 0.783382, -14.146303), (10.315753, 0.724572, -14.29761)
(10.315753, 0.724572, -14.29761), (10.47057, 0.691935, -14.295446), (10.472198, 0.668393, -14.448647)
(10.315753, 0.724572, -14.29761), (10.313814, 0.749433, -14.144196), (10.47057, 0.691935, -14.295446)
(10.47057, 0.691935, -14.295446), (10.625525, 0.662124, -14.293656), (10.627075, 0.637451, -14.446495)
(10.47057, 0.691935, -14.295446), (10.468726, 0.71826, -14.142448), (10.625525, 0.662124, -14.293656)
(10.625525, 0.662124, -14.293656), (10.780641, 0.635094, -14.292236), (10.782122, 0.609386, -14.444729)
(10.625525, 0.662124, -14.293656), (10.623765, 0.689698, -14.141053), (10.780641, 0.635094, -14.292236)
(10.159011, 0.783382, -14.146303), (10.156734, 0.808687, -13.99253), (10.313814, 0.749433, -14.144196)
(10.159011, 0.783382, -14.146303), (10.313814, 0.749433, -14.144196), (10.315753, 0.724572, -14.29761)
(10.313814, 0.749433, -14.144196), (10.311663, 0.776117, -13.990854), (10.468726, 0.71826, -14.142448)
(10.313814, 0.749433, -14.144196), (10.468726, 0.71826, -14.142448), (10.47057, 0.691935, -14.295446)
(10.468726, 0.71826, -14.142448), (10.466673, 0.746339, -13.989531), (10.623765, 0.689698, -14.141053)
(10.468726, 0.71826, -14.142448), (10.623765, 0.689698, -14.141053), (10.625525, 0.662124, -14.293656)
(10.623765, 0.689698, -14.141053), (10.621785, 0.71932, -13.988565), (10.778944, 0.663863, -14.140016)
(10.623765, 0.689698, -14.141053), (10.778944, 0.663863, -14.140016), (10.780641, 0.635094, -14.292236)
# 11.051315849980007, 0, -14.390855016686668
(10.783406, 0.585907, -14.597425), (10.938578, 0.559139, -14.595641), (10.939625, 0.53675, -14.748244)
(10.783406, 0.585907, -14.597425), (10.782122, 0.609386, -14.444729), (10.938578, 0.559139, -14.595641)
(10.938578, 0.559139, -14.595641), (11.093943, 0.534815, -14.594173), (11.094933, 0.511475, -14.746475)
(10.938578, 0.559139, -14.595641), (10.937352, 0.583674, -14.443279), (11.093943, 0.534815, -14.594173)
(11.093943, 0.534815, -14.594173), (11.249508, 0.512828, -14.593), (11.25044, 0.488386, -14.744977)
(11.093943, 0.534815, -14.594173), (11.092772, 0.560398, -14.442147), (11.249508, 0.512828, -14.593)
(11.249508, 0.512828, -14.593), (11.405277, 0.492917, -14.592071), (11.406145, 0.467473, -14.743734)
(11.249508, 0.512828, -14.593), (11.248398, 0.53955, -14.441319), (11.405277, 0.492917, -14.592071)
(10.782122, 0.609386, -14.444729), (10.780641, 0.635094, -14.292236), (10.937352, 0.583674, -14.443279)
(10.782122, 0.609386, -14.444729), (10.937352, 0.583674, -14.443279), (10.938578, 0.559139, -14.595641)
(10.937352, 0.583674, -14.443279), (11.092772, 0.560398, -14.442147), (11.093943, 0.534815, -14.594173)
(10.937352, 0.583674, -14.443279), (10.935927, 0.610694, -14.291167), (11.092772, 0.560398, -14.442147)
(11.092772, 0.560398, -14.442147), (11.091403, 0.588688, -14.290409), (11.248398, 0.53955, -14.441319)
(11.092772, 0.560398, -14.442147), (11.248398, 0.53955, -14.441319), (11.249508, 0.512828, -14.593)
(11.248398, 0.53955, -14.441319), (11.404239, 0.521151, -14.440783), (11.405277, 0.492917, -14.592071)
(11.248398, 0.53955, -14.441319), (11.247087, 0.569311, -14.289982), (11.404239, 0.521151, -14.440783)
(10.780641, 0.635094, -14.292236), (10.935927, 0.610694, -14.291167), (10.937352, 0.583674, -14.443279)
(10.780641, 0.635094, -14.292236), (10.778944, 0.663863, -14.140016), (10.935927, 0.610694, -14.291167)
(10.935927, 0.610694, -14.291167), (11.091403, 0.588688, -14.290409), (11.092772, 0.560398, -14.442147)
(10.935927, 0.610694, -14.291167), (10.934285, 0.640821, -14.139341), (11.091403, 0.588688, -14.290409)
(11.091403, 0.588688, -14.290409), (11.247087, 0.569311, -14.289982), (11.248398, 0.53955, -14.441319)
(11.091403, 0.588688, -14.290409), (11.089811, 0.620623, -14.139029), (11.247087, 0.569311, -14.289982)
(11.247087, 0.569311, -14.289982), (11.402998, 0.552287, -14.289843), (11.404239, 0.521151, -14.440783)
(11.247087, 0.569311, -14.289982), (11.245552, 0.602793, -14.139028), (11.402998, 0.552287, -14.289843)
(10.778944, 0.663863, -14.140016), (10.77702, 0.694947, -13.987949), (10.934285, 0.640821, -14.139341)
(10.778944, 0.663863, -14.140016), (10.934285, 0.640821, -14.139341), (10.935927, 0.610694, -14.291167)
(10.934285, 0.640821, -14.139341), (10.932405, 0.673613, -13.987719), (11.089811, 0.620623, -14.139029)
(10.934285, 0.640821, -14.139341), (11.089811, 0.620623, -14.139029), (11.091403, 0.588688, -14.290409)
(11.089811, 0.620623, -14.139029), (11.087973, 0.655116, -13.987851), (11.245552, 0.602793, -14.139028)
(11.089811, 0.620623, -14.139029), (11.245552, 0.602793, -14.139028), (11.247087, 0.569311, -14.289982)
(11.245552, 0.602793, -14.139028), (11.243764, 0.639105, -13.98831), (11.401533, 0.587232, -14.139308)
(11.245552, 0.602793, -14.139028), (11.401533, 0.587232, -14.139308), (11.402998, 0.552287, -14.289843)
# 11.71908608331334, 0, -14.390855016686668
(11.405277, 0.492917, -14.592071), (11.56126, 0.475238, -14.591393), (11.562047, 0.44865, -14.742723)
(11.405277, 0.492917, -14.592071), (11.404239, 0.521151, -14.440783), (11.56126, 0.475238, -14.591393)
(11.56126, 0.475238, -14.591393), (11.717448, 0.459502, -14.590907), (11.718145, 0.431903, -14.741922)
(11.56126, 0.475238, -14.591393), (11.560302, 0.504701, -14.440465), (11.717448, 0.459502, -14.590907)
(11.717448, 0.459502, -14.590907), (11.873844, 0.445458, -14.590559), (11.874432, 0.416802, -14.741255)
(11.717448, 0.459502, -14.590907), (11.71659, 0.490085, -14.440331), (11.873844, 0.445458, -14.590559)
(11.873844, 0.445458, -14.590559), (12.030428, 0.433038, -14.59032), (12.03089, 0.403524, -14.740723)
(11.873844, 0.445458, -14.590559), (11.873102, 0.477137, -14.440336), (12.030428, 0.433038, -14.59032)
(12.030428, 0.433038, -14.59032), (12.187184, 0.421708, -14.590094), (12.187502, 0.391349, -14.740211)
(12.030428, 0.433038, -14.59032), (12.02983, 0.465842, -14.44045), (12.187184, 0.421708, -14.590094)
(11.404239, 0.521151, -14.440783), (11.402998, 0.552287, -14.289843), (11.560302, 0.504701, -14.440465)
(11.404239, 0.521151, -14.440783), (11.560302, 0.504701, -14.440465), (11.56126, 0.475238, -14.591393)
(11.560302, 0.504701, -14.440465), (11.71659, 0.490085, -14.440331), (11.717448, 0.459502, -14.590907)
(11.560302, 0.504701, -14.440465), (11.559148, 0.537337, -14.289938), (11.71659, 0.490085, -14.440331)
(12.02983, 0.465842, -14.44045), (12.029071, 0.502167, -14.291097), (12.186749, 0.455367, -14.440536)
(12.02983, 0.465842, -14.44045), (12.186749, 0.455367, -14.440536), (12.187184, 0.421708, -14.590094)
(11.873102, 0.477137, -14.440336), (12.02983, 0.465842, -14.44045), (12.030428, 0.433038, -14.59032)
(11.873102, 0.477137, -14.440336), (11.872189, 0.512451, -14.290617), (12.02983, 0.465842, -14.44045)
(11.71659, 0.490085, -14.440331), (11.715544, 0.524027, -14.290204), (11.873102, 0.477137, -14.440336)
(11.71659, 0.490085, -14.440331), (11.873102, 0.477137, -14.440336), (11.873844, 0.445458, -14.590559)
(12.029071, 0.502167, -14.291097), (12.186172, 0.492748, -14.291557), (12.186749, 0.455367, -14.440536)
(12.029071, 0.502167, -14.291097), (12.02812, 0.542931, -14.142308), (12.186172, 0.492748, -14.291557)
(11.872189, 0.512451, -14.290617), (12.029071, 0.502167, -14.291097), (12.02983, 0.465842, -14.44045)
(11.872189, 0.512451, -14.290617), (11.871066, 0.552114, -14.14142), (12.029071, 0.502167, -14.291097)
(11.715544, 0.524027, -14.290204), (11.872189, 0.512451, -14.290617), (11.873102, 0.477137, -14.440336)
(11.715544, 0.524027, -14.290204), (11.714281, 0.562312, -14.140573), (11.872189, 0.512451, -14.290617)
(11.559148, 0.537337, -14.289938), (11.715544, 0.524027, -14.290204), (11.71659, 0.490085, -14.440331)
(11.559148, 0.537337, -14.289938), (11.55777, 0.573779, -14.139835), (11.715544, 0.524027, -14.290204)
(11.402998, 0.552287, -14.289843), (11.559148, 0.537337, -14.289938), (11.560302, 0.504701, -14.440465)
(11.402998, 0.552287, -14.289843), (11.401533, 0.587232, -14.139308), (11.559148, 0.537337, -14.289938)
(12.02812, 0.542931, -14.142308), (12.026935, 0.587328, -13.99394), (12.185421, 0.534493, -14.143158)
(12.02812, 0.542931, -14.142308), (12.185421, 0.534493, -14.143158), (12.186172, 0.492748, -14.291557)
(11.871066, 0.552114, -14.14142), (11.869697, 0.595217, -13.992595), (12.02812, 0.542931, -14.142308)
(11.871066, 0.552114, -14.14142), (12.02812, 0.542931, -14.142308), (12.029071, 0.502167, -14.291097)
(11.714281, 0.562312, -14.140573), (11.71276, 0.603773, -13.991268), (11.871066, 0.552114, -14.14142)
(11.714281, 0.562312, -14.140573), (11.871066, 0.552114, -14.14142), (11.872189, 0.512451, -14.290617)
(11.55777, 0.573779, -14.139835), (11.556131, 0.613578, -13.990055), (11.714281, 0.562312, -14.140573)
(11.55777, 0.573779, -14.139835), (11.714281, 0.562312, -14.140573), (11.715544, 0.524027, -14.290204)
(11.401533, 0.587232, -14.139308), (11.399808, 0.625201, -13.989046), (11.55777, 0.573779, -14.139835)
(11.401533, 0.587232, -14.139308), (11.55777, 0.573779, -14.139835), (11.559148, 0.537337, -14.289938)
# 12.386856316646675, 0, -14.390855016686668
(12.187184, 0.421708, -14.590094), (12.344089, 0.411408, -14.589844), (12.344251, 0.380432, -14.739718)
(12.187184, 0.421708, -14.590094), (12.186749, 0.455367, -14.440536), (12.344089, 0.411408, -14.589844)
(12.344089, 0.411408, -14.589844), (12.501112, 0.401843, -14.589508), (12.501107, 0.370372, -14.739171)
(12.344089, 0.411408, -14.589844), (12.343834, 0.445672, -14.440563), (12.501112, 0.401843, -14.589508)
(12.501112, 0.401843, -14.589508), (12.65822, 0.392722, -14.58902), (12.658043, 0.361017, -14.738532)
(12.501112, 0.401843, -14.589508), (12.501051, 0.436599, -14.440466), (12.65822, 0.392722, -14.58902)
(12.65822, 0.392722, -14.58902), (12.815379, 0.38396, -14.588356), (12.815026, 0.352165, -14.737759)
(12.65822, 0.392722, -14.58902), (12.658367, 0.427957, -14.440192), (12.815379, 0.38396, -14.588356)
(12.343834, 0.445672, -14.440563), (12.34346, 0.483787, -14.291903), (12.501051, 0.436599, -14.440466)
(12.343834, 0.445672, -14.440563), (12.501051, 0.436599, -14.440466), (12.501112, 0.401843, -14.589508)
(12.186749, 0.455367, -14.440536), (12.343834, 0.445672, -14.440563), (12.344089, 0.411408, -14.589844)
(12.186749, 0.455367, -14.440536), (12.186172, 0.492748, -14.291557), (12.343834, 0.445672, -14.440563)
(12.501051, 0.436599, -14.440466), (12.658367, 0.427957, -14.440192), (12.65822, 0.392722, -14.58902)
(12.501051, 0.436599, -14.440466), (12.500904, 0.475356, -14.292099), (12.658367, 0.427957, -14.440192)
(12.658367, 0.427957, -14.440192), (12.658445, 0.46709, -14.292061), (12.815725, 0.419279, -14.439663)
(12.658367, 0.427957, -14.440192), (12.815725, 0.419279, -14.439663), (12.815379, 0.38396, -14.588356)
(12.500904, 0.475356, -14.292099), (12.658445, 0.46709, -14.292061), (12.658367, 0.427957, -14.440192)
(12.500904, 0.475356, -14.292099), (12.500631, 0.518705, -14.144411), (12.658445, 0.46709, -14.292061)
(12.658445, 0.46709, -14.292061), (12.816046, 0.458526, -14.291698), (12.815725, 0.419279, -14.439663)
(12.658445, 0.46709, -14.292061), (12.658438, 0.510761, -14.144636), (12.816046, 0.458526, -14.291698)
(12.34346, 0.483787, -14.291903), (12.500904, 0.475356, -14.292099), (12.501051, 0.436599, -14.440466)
(12.34346, 0.483787, -14.291903), (12.342939, 0.526621, -14.143895), (12.500904, 0.475356, -14.292099)
(12.186172, 0.492748, -14.291557), (12.34346, 0.483787, -14.291903), (12.343834, 0.445672, -14.440563)
(12.186172, 0.492748, -14.291557), (12.185421, 0.534493, -14.143158), (12.34346, 0.483787, -14.291903)
(12.658438, 0.510761, -14.144636), (12.658309, 0.558524, -13.99782), (12.816309, 0.502178, -14.144464)
(12.658438, 0.510761, -14.144636), (12.816309, 0.502178, -14.144464), (12.816046, 0.458526, -14.291698)
(12.500631, 0.518705, -14.144411), (12.5002, 0.566107, -13.997286), (12.658438, 0.510761, -14.144636)
(12.500631, 0.518705, -14.144411), (12.658438, 0.510761, -14.144636), (12.658445, 0.46709, -14.292061)
(12.342939, 0.526621, -14.143895), (12.342232, 0.573277, -13.996401), (12.500631, 0.518705, -14.144411)
(12.342939, 0.526621, -14.143895), (12.500631, 0.518705, -14.144411), (12.500904, 0.475356, -14.292099)
(12.185421, 0.534493, -14.143158), (12.184459, 0.580182, -13.995243), (12.342939, 0.526621, -14.143895)
(12.185421, 0.534493, -14.143158), (12.342939, 0.526621, -14.143895), (12.34346, 0.483787, -14.291903)
# 13.054626549980007, 0, -14.390855016686668
(12.815379, 0.38396, -14.588356), (12.972553, 0.375317, -14.58747), (12.972026, 0.343709, -14.736834)
(12.815379, 0.38396, -14.588356), (12.815725, 0.419279, -14.439663), (12.972553, 0.375317, -14.58747)
(12.972553, 0.375317, -14.58747), (13.129701, 0.366617, -14.586333), (13.129009, 0.335314, -14.735707)
(12.972553, 0.375317, -14.58747), (12.9731, 0.410437, -14.438839), (13.129701, 0.366617, -14.586333)
(13.129701, 0.366617, -14.586333), (13.286795, 0.357794, -14.584937), (13.285955, 0.327091, -14.734402)
(13.129701, 0.366617, -14.586333), (13.130438, 0.401307, -14.437693), (13.286795, 0.357794, -14.584937)
(13.286795, 0.357794, -14.584937), (13.44381, 0.348592, -14.583254), (13.442837, 0.318535, -14.732847)
(13.286795, 0.357794, -14.584937), (13.287708, 0.391949, -14.436232), (13.44381, 0.348592, -14.583254)
(12.815725, 0.419279, -14.439663), (12.9731, 0.410437, -14.438839), (12.972553, 0.375317, -14.58747)
(12.815725, 0.419279, -14.439663), (12.816046, 0.458526, -14.291698), (12.9731, 0.410437, -14.438839)
(12.9731, 0.410437, -14.438839), (12.973652, 0.449437, -14.290957), (13.130438, 0.401307, -14.437693)
(12.9731, 0.410437, -14.438839), (13.130438, 0.401307, -14.437693), (13.129701, 0.366617, -14.586333)
(13.130438, 0.401307, -14.437693), (13.287708, 0.391949, -14.436232), (13.286795, 0.357794, -14.584937)
(13.130438, 0.401307, -14.437693), (13.131216, 0.439886, -14.289827), (13.287708, 0.391949, -14.436232)
(13.287708, 0.391949, -14.436232), (13.288693, 0.429709, -14.288281), (13.444881, 0.381917, -14.434404)
(13.287708, 0.391949, -14.436232), (13.444881, 0.381917, -14.434404), (13.44381, 0.348592, -14.583254)
(12.816046, 0.458526, -14.291698), (12.973652, 0.449437, -14.290957), (12.9731, 0.410437, -14.438839)
(12.816046, 0.458526, -14.291698), (12.816309, 0.502178, -14.144464), (12.973652, 0.449437, -14.290957)
(12.973652, 0.449437, -14.290957), (13.131216, 0.439886, -14.289827), (13.130438, 0.401307, -14.437693)
(12.973652, 0.449437, -14.290957), (12.97418, 0.492977, -14.143849), (13.131216, 0.439886, -14.289827)
(13.131216, 0.439886, -14.289827), (13.288693, 0.429709, -14.288281), (13.287708, 0.391949, -14.436232)
(13.131216, 0.439886, -14.289827), (13.132005, 0.482878, -14.142747), (13.288693, 0.429709, -14.288281)
(13.288693, 0.429709, -14.288281), (13.446051, 0.418819, -14.286316), (13.444881, 0.381917, -14.434404)
(13.288693, 0.429709, -14.288281), (13.289727, 0.471845, -14.141139), (13.446051, 0.418819, -14.286316)
(12.816309, 0.502178, -14.144464), (12.81649, 0.550052, -13.997888), (12.97418, 0.492977, -14.143849)
(12.816309, 0.502178, -14.144464), (12.97418, 0.492977, -14.143849), (12.973652, 0.449437, -14.290957)
(12.97418, 0.492977, -14.143849), (12.974672, 0.540577, -13.997422), (13.132005, 0.482878, -14.142747)
(12.97418, 0.492977, -14.143849), (13.132005, 0.482878, -14.142747), (13.131216, 0.439886, -14.289827)
(13.132005, 0.482878, -14.142747), (13.132793, 0.529936, -13.996374), (13.289727, 0.471845, -14.141139)
(13.132005, 0.482878, -14.142747), (13.289727, 0.471845, -14.141139), (13.288693, 0.429709, -14.288281)
(13.289727, 0.471845, -14.141139), (13.290802, 0.517926, -13.994719), (13.447304, 0.459837, -14.139018)
(13.289727, 0.471845, -14.141139), (13.447304, 0.459837, -14.139018), (13.446051, 0.418819, -14.286316)
# 13.722396783313343, 0, -14.390855016686668
(13.44381, 0.348592, -14.583254), (13.600722, 0.339059, -14.581312), (13.599639, 0.309948, -14.731115)
(13.44381, 0.348592, -14.583254), (13.444881, 0.381917, -14.434404), (13.600722, 0.339059, -14.581312)
(13.600722, 0.339059, -14.581312), (13.757523, 0.329175, -14.579132), (13.756347, 0.30096, -14.729165)
(13.600722, 0.339059, -14.581312), (13.601931, 0.371312, -14.43224), (13.757523, 0.329175, -14.579132)
(13.757523, 0.329175, -14.579132), (13.914193, 0.318684, -14.576691), (13.91295, 0.291688, -14.727038)
(13.757523, 0.329175, -14.579132), (13.75884, 0.360155, -14.429766), (13.914193, 0.318684, -14.576691)
(13.914193, 0.318684, -14.576691), (14.070738, 0.308078, -14.574114), (14.069447, 0.282142, -14.724762)
(13.914193, 0.318684, -14.576691), (13.915598, 0.348778, -14.427073), (14.070738, 0.308078, -14.574114)
(13.444881, 0.381917, -14.434404), (13.601931, 0.371312, -14.43224), (13.600722, 0.339059, -14.581312)
(13.444881, 0.381917, -14.434404), (13.446051, 0.418819, -14.286316), (13.601931, 0.371312, -14.43224)
(13.601931, 0.371312, -14.43224), (13.603262, 0.406989, -14.283915), (13.75884, 0.360155, -14.429766)
(13.601931, 0.371312, -14.43224), (13.75884, 0.360155, -14.429766), (13.757523, 0.329175, -14.579132)
(13.75884, 0.360155, -14.429766), (13.915598, 0.348778, -14.427073), (13.914193, 0.318684, -14.576691)
(13.75884, 0.360155, -14.429766), (13.760301, 0.394649, -14.281166), (13.915598, 0.348778, -14.427073)
(13.915598, 0.348778, -14.427073), (13.917161, 0.381711, -14.278106), (14.072201, 0.336723, -14.424122)
(13.915598, 0.348778, -14.427073), (14.072201, 0.336723, -14.424122), (14.070738, 0.308078, -14.574114)
(13.446051, 0.418819, -14.286316), (13.603262, 0.406989, -14.283915), (13.601931, 0.371312, -14.43224)
(13.446051, 0.418819, -14.286316), (13.447304, 0.459837, -14.139018), (13.603262, 0.406989, -14.283915)
(13.603262, 0.406989, -14.283915), (13.760301, 0.394649, -14.281166), (13.75884, 0.360155, -14.429766)
(13.603262, 0.406989, -14.283915), (13.604694, 0.447104, -14.136428), (13.760301, 0.394649, -14.281166)
(13.760301, 0.394649, -14.281166), (13.917161, 0.381711, -14.278106), (13.915598, 0.348778, -14.427073)
(13.760301, 0.394649, -14.281166), (13.761893, 0.433308, -14.133381), (13.917161, 0.381711, -14.278106)
(13.917161, 0.381711, -14.278106), (14.073837, 0.368279, -14.274787), (14.072201, 0.336723, -14.424122)
(13.917161, 0.381711, -14.278106), (13.918881, 0.418699, -14.129948), (14.073837, 0.368279, -14.274787)
(13.447304, 0.459837, -14.139018), (13.44863, 0.504824, -13.992455), (13.604694, 0.447104, -14.136428)
(13.447304, 0.459837, -14.139018), (13.604694, 0.447104, -14.136428), (13.603262, 0.406989, -14.283915)
(13.604694, 0.447104, -14.136428), (13.606243, 0.490634, -13.989616), (13.761893, 0.433308, -14.133381)
(13.604694, 0.447104, -14.136428), (13.761893, 0.433308, -14.133381), (13.760301, 0.394649, -14.281166)
(13.761893, 0.433308, -14.133381), (13.763622, 0.475345, -13.986258), (13.918881, 0.418699, -14.129948)
(13.761893, 0.433308, -14.133381), (13.918881, 0.418699, -14.129948), (13.917161, 0.381711, -14.278106)
(13.918881, 0.418699, -14.129948), (13.920767, 0.458751, -13.982411), (14.07565, 0.40344, -14.126191)
(13.918881, 0.418699, -14.129948), (14.07565, 0.40344, -14.126191), (14.073837, 0.368279, -14.274787)
# 14.390167016646675, 0, -14.390855016686668
(14.225821, 0.272465, -14.72241), (14.227154, 0.297173, -14.571402), (14.381792, 0.260082, -14.719539)
(14.225821, 0.272465, -14.72241), (14.381792, 0.260082, -14.719539), (14.379589, 0.23029, -14.870014)
(14.381792, 0.260082, -14.719539), (14.383438, 0.285931, -14.568579), (14.537264, 0.244898, -14.716204)
(14.381792, 0.260082, -14.719539), (14.537264, 0.244898, -14.716204), (14.534378, 0.210927, -14.866108)
(14.537264, 0.244898, -14.716204), (14.539433, 0.27335, -14.565516), (14.692134, 0.225655, -14.712118)
(14.537264, 0.244898, -14.716204), (14.692134, 0.225655, -14.712118), (14.688665, 0.188451, -14.861637)
(14.692134, 0.225655, -14.712118), (14.6949, 0.257493, -14.561873), (14.846569, 0.204165, -14.707685)
(14.692134, 0.225655, -14.712118), (14.846569, 0.204165, -14.707685), (14.842448, 0.16295, -14.856579)
(14.070738, 0.308078, -14.574114), (14.227154, 0.297173, -14.571402), (14.225821, 0.272465, -14.72241)
(14.070738, 0.308078, -14.574114), (14.072201, 0.336723, -14.424122), (14.227154, 0.297173, -14.571402)
(14.227154, 0.297173, -14.571402), (14.383438, 0.285931, -14.568579), (14.381792, 0.260082, -14.719539)
(14.227154, 0.297173, -14.571402), (14.228649, 0.324281, -14.420994), (14.383438, 0.285931, -14.568579)
(14.383438, 0.285931, -14.568579), (14.539433, 0.27335, -14.565516), (14.537264, 0.244898, -14.716204)
(14.383438, 0.285931, -14.568579), (14.384949, 0.31156, -14.417748), (14.539433, 0.27335, -14.565516)
(14.539433, 0.27335, -14.565516), (14.6949, 0.257493, -14.561873), (14.692134, 0.225655, -14.712118)
(14.539433, 0.27335, -14.565516), (14.541128, 0.299156, -14.414557), (14.6949, 0.257493, -14.561873)
(14.6949, 0.257493, -14.561873), (14.849913, 0.239076, -14.557811), (14.846569, 0.204165, -14.707685)
(14.6949, 0.257493, -14.561873), (14.697065, 0.285372, -14.411104), (14.849913, 0.239076, -14.557811)
(14.072201, 0.336723, -14.424122), (14.228649, 0.324281, -14.420994), (14.227154, 0.297173, -14.571402)
(14.072201, 0.336723, -14.424122), (14.073837, 0.368279, -14.274787), (14.228649, 0.324281, -14.420994)
(14.228649, 0.324281, -14.420994), (14.230328, 0.354082, -14.2712), (14.384949, 0.31156, -14.417748)
(14.228649, 0.324281, -14.420994), (14.384949, 0.31156, -14.417748), (14.383438, 0.285931, -14.568579)
(14.384949, 0.31156, -14.417748), (14.541128, 0.299156, -14.414557), (14.539433, 0.27335, -14.565516)
(14.384949, 0.31156, -14.417748), (14.386646, 0.339901, -14.267536), (14.541128, 0.299156, -14.414557)
(14.541128, 0.299156, -14.414557), (14.542812, 0.325552, -14.263813), (14.697065, 0.285372, -14.411104)
(14.541128, 0.299156, -14.414557), (14.697065, 0.285372, -14.411104), (14.6949, 0.257493, -14.561873)
(14.697065, 0.285372, -14.411104), (14.852577, 0.269314, -14.407272), (14.849913, 0.239076, -14.557811)
(14.697065, 0.285372, -14.411104), (14.698833, 0.311104, -14.260074), (14.852577, 0.269314, -14.407272)
(14.073837, 0.368279, -14.274787), (14.230328, 0.354082, -14.2712), (14.228649, 0.324281, -14.420994)
(14.073837, 0.368279, -14.274787), (14.07565, 0.40344, -14.126191), (14.230328, 0.354082, -14.2712)
(14.230328, 0.354082, -14.2712), (14.386646, 0.339901, -14.267536), (14.384949, 0.31156, -14.417748)
(14.230328, 0.354082, -14.2712), (14.232202, 0.388086, -14.122253), (14.386646, 0.339901, -14.267536)
(14.386646, 0.339901, -14.267536), (14.542812, 0.325552, -14.263813), (14.541128, 0.299156, -14.414557)
(14.386646, 0.339901, -14.267536), (14.388557, 0.371977, -14.118099), (14.542812, 0.325552, -14.263813)
(14.542812, 0.325552, -14.263813), (14.698833, 0.311104, -14.260074), (14.697065, 0.285372, -14.411104)
(14.542812, 0.325552, -14.263813), (14.544727, 0.355551, -14.113838), (14.698833, 0.311104, -14.260074)
(14.698833, 0.311104, -14.260074), (14.854684, 0.296009, -14.256228), (14.852577, 0.269314, -14.407272)
(14.698833, 0.311104, -14.260074), (14.700726, 0.339028, -14.109549), (14.854684, 0.296009, -14.256228)
(14.07565, 0.40344, -14.126191), (14.077642, 0.441739, -13.978215), (14.232202, 0.388086, -14.122253)
(14.07565, 0.40344, -14.126191), (14.232202, 0.388086, -14.122253), (14.230328, 0.354082, -14.2712)
(14.232202, 0.388086, -14.122253), (14.234264, 0.424321, -13.97376), (14.388557, 0.371977, -14.118099)
(14.232202, 0.388086, -14.122253), (14.388557, 0.371977, -14.118099), (14.386646, 0.339901, -14.267536)
(14.388557, 0.371977, -14.118099), (14.39066, 0.406376, -13.969108), (14.544727, 0.355551, -14.113838)
(14.388557, 0.371977, -14.118099), (14.544727, 0.355551, -14.113838), (14.542812, 0.325552, -14.263813)
(14.544727, 0.355551, -14.113838), (14.546841, 0.387519, -13.964242), (14.700726, 0.339028, -14.109549)
(14.544727, 0.355551, -14.113838), (14.700726, 0.339028, -14.109549), (14.698833, 0.311104, -14.260074)
(14.700726, 0.339028, -14.109549), (14.702825, 0.369174, -13.959447), (14.85659, 0.32305, -14.10541)
(14.700726, 0.339028, -14.109549), (14.85659, 0.32305, -14.10541), (14.854684, 0.296009, -14.256228)
# 15.05793724998001, 0, -14.390855016686668
(14.846569, 0.204165, -14.707685), (14.849913, 0.239076, -14.557811), (15.000422, 0.179238, -14.702614)
(14.846569, 0.204165, -14.707685), (15.000422, 0.179238, -14.702614), (14.995758, 0.135136, -14.851128)
(15.000422, 0.179238, -14.702614), (15.004391, 0.217722, -14.553259), (15.153827, 0.152049, -14.69715)
(15.000422, 0.179238, -14.702614), (15.153827, 0.152049, -14.69715), (15.148668, 0.105466, -14.845339)
(15.153827, 0.152049, -14.69715), (15.158373, 0.193575, -14.548202), (15.306662, 0.121989, -14.691175)
(15.153827, 0.152049, -14.69715), (15.306662, 0.121989, -14.691175), (15.301114, 0.073655, -14.839142)
(15.306662, 0.121989, -14.691175), (15.311786, 0.16673, -14.542723), (15.459074, 0.090204, -14.684955)
(15.306662, 0.121989, -14.691175), (15.459074, 0.090204, -14.684955), (15.453197, 0.04036, -14.832642)
(14.849913, 0.239076, -14.557811), (15.004391, 0.217722, -14.553259), (15.000422, 0.179238, -14.702614)
(14.849913, 0.239076, -14.557811), (14.852577, 0.269314, -14.407272), (15.004391, 0.217722, -14.553259)
(15.004391, 0.217722, -14.553259), (15.158373, 0.193575, -14.548202), (15.153827, 0.152049, -14.69715)
(15.004391, 0.217722, -14.553259), (15.007677, 0.251173, -14.403119), (15.158373, 0.193575, -14.548202)
(15.158373, 0.193575, -14.548202), (15.311786, 0.16673, -14.542723), (15.306662, 0.121989, -14.691175)
(15.158373, 0.193575, -14.548202), (15.162295, 0.230829, -14.39867), (15.311786, 0.16673, -14.542723)
(15.311786, 0.16673, -14.542723), (15.464692, 0.137436, -14.536844), (15.459074, 0.090204, -14.684955)
(15.311786, 0.16673, -14.542723), (15.316343, 0.207223, -14.393659), (15.464692, 0.137436, -14.536844)
(14.852577, 0.269314, -14.407272), (14.854684, 0.296009, -14.256228), (15.007677, 0.251173, -14.403119)
(14.852577, 0.269314, -14.407272), (15.007677, 0.251173, -14.403119), (15.004391, 0.217722, -14.553259)
(15.007677, 0.251173, -14.403119), (15.162295, 0.230829, -14.39867), (15.158373, 0.193575, -14.548202)
(15.007677, 0.251173, -14.403119), (15.010224, 0.27991, -14.252292), (15.162295, 0.230829, -14.39867)
(15.162295, 0.230829, -14.39867), (15.165391, 0.262204, -14.24817), (15.316343, 0.207223, -14.393659)
(15.162295, 0.230829, -14.39867), (15.316343, 0.207223, -14.393659), (15.311786, 0.16673, -14.542723)
(15.316343, 0.207223, -14.393659), (15.46981, 0.18075, -14.388184), (15.464692, 0.137436, -14.536844)
(15.316343, 0.207223, -14.393659), (15.320095, 0.242104, -14.243698), (15.46981, 0.18075, -14.388184)
(14.854684, 0.296009, -14.256228), (15.010224, 0.27991, -14.252292), (15.007677, 0.251173, -14.403119)
(14.854684, 0.296009, -14.256228), (14.85659, 0.32305, -14.10541), (15.010224, 0.27991, -14.252292)
(15.010224, 0.27991, -14.252292), (15.165391, 0.262204, -14.24817), (15.162295, 0.230829, -14.39867)
(15.010224, 0.27991, -14.252292), (15.012308, 0.306522, -14.101221), (15.165391, 0.262204, -14.24817)
(15.165391, 0.262204, -14.24817), (15.320095, 0.242104, -14.243698), (15.316343, 0.207223, -14.393659)
(15.165391, 0.262204, -14.24817), (15.167877, 0.290402, -14.097257), (15.320095, 0.242104, -14.243698)
(15.320095, 0.242104, -14.243698), (15.474192, 0.21875, -14.238676), (15.46981, 0.18075, -14.388184)
(15.320095, 0.242104, -14.243698), (15.323096, 0.272367, -14.093013), (15.474192, 0.21875, -14.238676)
(14.85659, 0.32305, -14.10541), (14.858645, 0.351087, -13.954744), (15.012308, 0.306522, -14.101221)
(14.85659, 0.32305, -14.10541), (15.012308, 0.306522, -14.101221), (15.010224, 0.27991, -14.252292)
(15.012308, 0.306522, -14.101221), (15.014314, 0.332838, -13.950092), (15.167877, 0.290402, -14.097257)
(15.012308, 0.306522, -14.101221), (15.167877, 0.290402, -14.097257), (15.165391, 0.262204, -14.24817)
(15.167877, 0.290402, -14.097257), (15.169869, 0.314955, -13.945631), (15.323096, 0.272367, -14.093013)
(15.167877, 0.290402, -14.097257), (15.323096, 0.272367, -14.093013), (15.320095, 0.242104, -14.243698)
(15.323096, 0.272367, -14.093013), (15.325323, 0.297389, -13.941357), (15.477901, 0.2529, -14.088676)
(15.323096, 0.272367, -14.093013), (15.477901, 0.2529, -14.088676), (15.474192, 0.21875, -14.238676)
# 15.725707483313343, 0, -14.390855016686668
(15.459074, 0.090204, -14.684955), (15.464692, 0.137436, -14.536844), (15.610947, 0.055851, -14.678241)
(15.459074, 0.090204, -14.684955), (15.610947, 0.055851, -14.678241), (15.604863, 0.005493, -14.82592)
(15.610947, 0.055851, -14.678241), (15.616976, 0.105146, -14.530459), (15.762587, 0.021123, -14.671577)
(15.610947, 0.055851, -14.678241), (15.762587, 0.021123, -14.671577), (15.756367, -0.029653, -14.819237)
(15.762587, 0.021123, -14.671577), (15.768864, 0.071339, -14.523891), (15.913778, -0.015409, -14.664594)
(15.762587, 0.021123, -14.671577), (15.913778, -0.015409, -14.664594), (15.907579, -0.066625, -14.812451)
(15.913778, -0.015409, -14.664594), (15.92018, 0.035002, -14.516918), (16.064833, -0.052618, -14.657769)
(15.913778, -0.015409, -14.664594), (16.064833, -0.052618, -14.657769), (16.058712, -0.104674, -14.805801)
(15.464692, 0.137436, -14.536844), (15.616976, 0.105146, -14.530459), (15.610947, 0.055851, -14.678241)
(15.464692, 0.137436, -14.536844), (15.46981, 0.18075, -14.388184), (15.616976, 0.105146, -14.530459)
(15.616976, 0.105146, -14.530459), (15.768864, 0.071339, -14.523891), (15.762587, 0.021123, -14.671577)
(15.616976, 0.105146, -14.530459), (15.622587, 0.150837, -14.382152), (15.768864, 0.071339, -14.523891)
(15.768864, 0.071339, -14.523891), (15.92018, 0.035002, -14.516918), (15.913778, -0.015409, -14.664594)
(15.768864, 0.071339, -14.523891), (15.774887, 0.118962, -14.375916), (15.92018, 0.035002, -14.516918)
(15.92018, 0.035002, -14.516918), (16.071205, -0.002211, -14.509905), (16.064833, -0.052618, -14.657769)
(15.92018, 0.035002, -14.516918), (15.926499, 0.083777, -14.369102), (16.071205, -0.002211, -14.509905)
(15.46981, 0.18075, -14.388184), (15.474192, 0.21875, -14.238676), (15.622587, 0.150837, -14.382152)
(15.46981, 0.18075, -14.388184), (15.622587, 0.150837, -14.382152), (15.616976, 0.105146, -14.530459)
(15.622587, 0.150837, -14.382152), (15.774887, 0.118962, -14.375916), (15.768864, 0.071339, -14.523891)
(15.622587, 0.150837, -14.382152), (15.627644, 0.192453, -14.233255), (15.774887, 0.118962, -14.375916)
(15.774887, 0.118962, -14.375916), (15.780504, 0.163308, -14.227423), (15.926499, 0.083777, -14.369102)
(15.774887, 0.118962, -14.375916), (15.926499, 0.083777, -14.369102), (15.92018, 0.035002, -14.516918)
(15.926499, 0.083777, -14.369102), (16.077736, 0.04728, -14.362172), (16.071205, -0.002211, -14.509905)
(15.926499, 0.083777, -14.369102), (15.932648, 0.130772, -14.221081), (16.077736, 0.04728, -14.362172)
(15.474192, 0.21875, -14.238676), (15.627644, 0.192453, -14.233255), (15.622587, 0.150837, -14.382152)
(15.474192, 0.21875, -14.238676), (15.477901, 0.2529, -14.088676), (15.627644, 0.192453, -14.233255)
(15.627644, 0.192453, -14.233255), (15.780504, 0.163308, -14.227423), (15.774887, 0.118962, -14.375916)
(15.627644, 0.192453, -14.233255), (15.632063, 0.229924, -14.083773), (15.780504, 0.163308, -14.227423)
(15.780504, 0.163308, -14.227423), (15.932648, 0.130772, -14.221081), (15.926499, 0.083777, -14.369102)
(15.780504, 0.163308, -14.227423), (15.785541, 0.203622, -14.07838), (15.932648, 0.130772, -14.221081)
(15.932648, 0.130772, -14.221081), (16.084244, 0.095822, -14.214384), (16.077736, 0.04728, -14.362172)
(15.932648, 0.130772, -14.221081), (15.938276, 0.173826, -14.07248), (16.084244, 0.095822, -14.214384)
(15.477901, 0.2529, -14.088676), (15.480612, 0.279908, -13.937279), (15.632063, 0.229924, -14.083773)
(15.477901, 0.2529, -14.088676), (15.632063, 0.229924, -14.083773), (15.627644, 0.192453, -14.233255)
(15.632063, 0.229924, -14.083773), (15.635456, 0.260389, -13.932966), (15.785541, 0.203622, -14.07838)
(15.632063, 0.229924, -14.083773), (15.785541, 0.203622, -14.07838), (15.780504, 0.163308, -14.227423)
(15.785541, 0.203622, -14.07838), (15.789595, 0.237124, -13.92805), (15.938276, 0.173826, -14.07248)
(15.785541, 0.203622, -14.07838), (15.938276, 0.173826, -14.07248), (15.932648, 0.130772, -14.221081)
(15.938276, 0.173826, -14.07248), (15.943117, 0.211354, -13.922886), (16.090424, 0.14152, -14.066315)
(15.938276, 0.173826, -14.07248), (16.090424, 0.14152, -14.066315), (16.084244, 0.095822, -14.214384)
# 16.39347771664668, 0, -14.390855016686668
(16.064833, -0.052618, -14.657769), (16.071205, -0.002211, -14.509905), (16.215628, -0.092138, -14.650926)
(16.064833, -0.052618, -14.657769), (16.215628, -0.092138, -14.650926), (16.20989, -0.144177, -14.79952)
(16.215628, -0.092138, -14.650926), (16.221857, -0.041003, -14.50281), (16.36624, -0.134001, -14.644201)
(16.215628, -0.092138, -14.650926), (16.36624, -0.134001, -14.644201), (16.361025, -0.185031, -14.7935)
(16.36624, -0.134001, -14.644201), (16.372301, -0.08181, -14.495797), (16.516989, -0.176119, -14.637962)
(16.36624, -0.134001, -14.644201), (16.516989, -0.176119, -14.637962), (16.512381, -0.226178, -14.788007)
(16.516989, -0.176119, -14.637962), (16.522608, -0.124185, -14.489026), (16.66781, -0.219909, -14.632186)
(16.516989, -0.176119, -14.637962), (16.66781, -0.219909, -14.632186), (16.663992, -0.26774, -14.783115)
(16.66781, -0.219909, -14.632186), (16.672823, -0.168982, -14.48251), (16.819021, -0.262946, -14.627109)
(16.66781, -0.219909, -14.632186), (16.819021, -0.262946, -14.627109), (16.816141, -0.30717, -14.77913)
(16.071205, -0.002211, -14.509905), (16.221857, -0.041003, -14.50281), (16.215628, -0.092138, -14.650926)
(16.071205, -0.002211, -14.509905), (16.077736, 0.04728, -14.362172), (16.221857, -0.041003, -14.50281)
(16.221857, -0.041003, -14.50281), (16.372301, -0.08181, -14.495797), (16.36624, -0.134001, -14.644201)
(16.221857, -0.041003, -14.50281), (16.228468, 0.008989, -14.355049), (16.372301, -0.08181, -14.495797)
(16.372301, -0.08181, -14.495797), (16.522608, -0.124185, -14.489026), (16.516989, -0.176119, -14.637962)
(16.372301, -0.08181, -14.495797), (16.378935, -0.030058, -14.348012), (16.522608, -0.124185, -14.489026)
(16.522608, -0.124185, -14.489026), (16.672823, -0.168982, -14.48251), (16.66781, -0.219909, -14.632186)
(16.522608, -0.124185, -14.489026), (16.528946, -0.072199, -14.340818), (16.672823, -0.168982, -14.48251)
(16.672823, -0.168982, -14.48251), (16.823164, -0.214945, -14.476433), (16.819021, -0.262946, -14.627109)
(16.672823, -0.168982, -14.48251), (16.678741, -0.116825, -14.333745), (16.823164, -0.214945, -14.476433)
(16.077736, 0.04728, -14.362172), (16.084244, 0.095822, -14.214384), (16.228468, 0.008989, -14.355049)
(16.077736, 0.04728, -14.362172), (16.228468, 0.008989, -14.355049), (16.221857, -0.041003, -14.50281)
(16.228468, 0.008989, -14.355049), (16.378935, -0.030058, -14.348012), (16.372301, -0.08181, -14.495797)
(16.228468, 0.008989, -14.355049), (16.235226, 0.058389, -14.207425), (16.378935, -0.030058, -14.348012)
(16.378935, -0.030058, -14.348012), (16.385725, 0.01906, -14.200286), (16.528946, -0.072199, -14.340818)
(16.378935, -0.030058, -14.348012), (16.528946, -0.072199, -14.340818), (16.522608, -0.124185, -14.489026)
(16.528946, -0.072199, -14.340818), (16.678741, -0.116825, -14.333745), (16.672823, -0.168982, -14.48251)
(16.528946, -0.072199, -14.340818), (16.535671, -0.022572, -14.192934), (16.678741, -0.116825, -14.333745)
(16.678741, -0.116825, -14.333745), (16.685324, -0.065944, -14.185621), (16.828434, -0.164084, -14.32692)
(16.678741, -0.116825, -14.333745), (16.828434, -0.164084, -14.32692), (16.823164, -0.214945, -14.476433)
(16.084244, 0.095822, -14.214384), (16.235226, 0.058389, -14.207425), (16.228468, 0.008989, -14.355049)
(16.084244, 0.095822, -14.214384), (16.090424, 0.14152, -14.066315), (16.235226, 0.058389, -14.207425)
(16.235226, 0.058389, -14.207425), (16.385725, 0.01906, -14.200286), (16.378935, -0.030058, -14.348012)
(16.235226, 0.058389, -14.207425), (16.241808, 0.105633, -14.059597), (16.385725, 0.01906, -14.200286)
(16.385725, 0.01906, -14.200286), (16.535671, -0.022572, -14.192934), (16.528946, -0.072199, -14.340818)
(16.385725, 0.01906, -14.200286), (16.392601, 0.067362, -14.052616), (16.535671, -0.022572, -14.192934)
(16.535671, -0.022572, -14.192934), (16.685324, -0.065944, -14.185621), (16.678741, -0.116825, -14.333745)
(16.535671, -0.022572, -14.192934), (16.542736, 0.026404, -14.045345), (16.685324, -0.065944, -14.185621)
(16.685324, -0.065944, -14.185621), (16.834681, -0.112552, -14.178391), (16.828434, -0.164084, -14.32692)
(16.685324, -0.065944, -14.185621), (16.69241, -0.016393, -14.037992), (16.834681, -0.112552, -14.178391)
(16.090424, 0.14152, -14.066315), (16.095945, 0.182365, -13.917303), (16.241808, 0.105633, -14.059597)
(16.090424, 0.14152, -14.066315), (16.241808, 0.105633, -14.059597), (16.235226, 0.058389, -14.207425)
(16.241808, 0.105633, -14.059597), (16.247988, 0.149697, -13.911192), (16.392601, 0.067362, -14.052616)
(16.241808, 0.105633, -14.059597), (16.392601, 0.067362, -14.052616), (16.385725, 0.01906, -14.200286)
# 17.061247949980007, 0, -14.390855016686668
(16.819021, -0.262946, -14.627109), (16.823164, -0.214945, -14.476433), (16.970661, -0.304984, -14.622773)
(16.819021, -0.262946, -14.627109), (16.970661, -0.304984, -14.622773), (16.969034, -0.343247, -14.776193)
(16.970661, -0.304984, -14.622773), (16.973789, -0.260752, -14.47096), (17.122982, -0.345587, -14.619413)
(16.970661, -0.304984, -14.622773), (17.122982, -0.345587, -14.619413), (17.122585, -0.377839, -14.774185)
(17.122982, -0.345587, -14.619413), (17.125109, -0.305112, -14.46651), (17.276409, -0.38141, -14.617434)
(17.122982, -0.345587, -14.619413), (17.276409, -0.38141, -14.617434), (17.277176, -0.407742, -14.773465)
(17.276409, -0.38141, -14.617434), (17.277281, -0.346824, -14.46315), (17.430929, -0.412188, -14.616714)
(17.276409, -0.38141, -14.617434), (17.430929, -0.412188, -14.616714), (17.43301, -0.431156, -14.77416)
(16.823164, -0.214945, -14.476433), (16.973789, -0.260752, -14.47096), (16.970661, -0.304984, -14.622773)
(16.823164, -0.214945, -14.476433), (16.828434, -0.164084, -14.32692), (16.973789, -0.260752, -14.47096)
(16.973789, -0.260752, -14.47096), (17.125109, -0.305112, -14.46651), (17.122982, -0.345587, -14.619413)
(16.973789, -0.260752, -14.47096), (16.978363, -0.211469, -14.320674), (17.125109, -0.305112, -14.46651)
(17.125109, -0.305112, -14.46651), (17.277281, -0.346824, -14.46315), (17.276409, -0.38141, -14.617434)
(17.125109, -0.305112, -14.46651), (17.128754, -0.259014, -14.315167), (17.277281, -0.346824, -14.46315)
(17.277281, -0.346824, -14.46315), (17.430418, -0.384973, -14.460926), (17.430929, -0.412188, -14.616714)
(17.277281, -0.346824, -14.46315), (17.279722, -0.306095, -14.310465), (17.430418, -0.384973, -14.460926)
(16.828434, -0.164084, -14.32692), (16.978363, -0.211469, -14.320674), (16.973789, -0.260752, -14.47096)
(16.828434, -0.164084, -14.32692), (16.834681, -0.112552, -14.178391), (16.978363, -0.211469, -14.320674)
(16.978363, -0.211469, -14.320674), (16.984093, -0.160604, -14.171513), (17.128754, -0.259014, -14.315167)
(16.978363, -0.211469, -14.320674), (17.128754, -0.259014, -14.315167), (17.125109, -0.305112, -14.46651)
(17.128754, -0.259014, -14.315167), (17.279722, -0.306095, -14.310465), (17.277281, -0.346824, -14.46315)
(17.128754, -0.259014, -14.315167), (17.133631, -0.21075, -14.165019), (17.279722, -0.306095, -14.310465)
(17.279722, -0.306095, -14.310465), (17.283625, -0.261613, -14.159197), (17.431618, -0.350369, -14.306861)
(17.279722, -0.306095, -14.310465), (17.431618, -0.350369, -14.306861), (17.430418, -0.384973, -14.460926)
(16.834681, -0.112552, -14.178391), (16.984093, -0.160604, -14.171513), (16.978363, -0.211469, -14.320674)
(16.834681, -0.112552, -14.178391), (16.841595, -0.062128, -14.030457), (16.984093, -0.160604, -14.171513)
(16.984093, -0.160604, -14.171513), (17.133631, -0.21075, -14.165019), (17.128754, -0.259014, -14.315167)
(16.984093, -0.160604, -14.171513), (16.99057, -0.110927, -14.023006), (17.133631, -0.21075, -14.165019)
(17.133631, -0.21075, -14.165019), (17.283625, -0.261613, -14.159197), (17.279722, -0.306095, -14.310465)
(17.133631, -0.21075, -14.165019), (17.139528, -0.162111, -14.015791), (17.283625, -0.261613, -14.159197)
(17.283625, -0.261613, -14.159197), (17.434458, -0.310792, -14.154408), (17.431618, -0.350369, -14.306861)
(17.283625, -0.261613, -14.159197), (17.288849, -0.214861, -14.009175), (17.434458, -0.310792, -14.154408)
# 17.729018183313343, 0, -14.390855016686668
(18.061832, -0.479785, -14.627232), (18.05669, -0.482181, -14.46641), (18.22312, -0.484709, -14.633379)
(18.061832, -0.479785, -14.627232), (18.22312, -0.484709, -14.633379), (18.230747, -0.475622, -14.796957)
(17.902029, -0.47208, -14.622541), (17.898003, -0.467302, -14.462966), (18.061832, -0.479785, -14.627232)
(17.902029, -0.47208, -14.622541), (18.061832, -0.479785, -14.627232), (18.068392, -0.474166, -14.789572)
(17.743593, -0.459447, -14.619188), (17.740685, -0.446684, -14.460807), (17.902029, -0.47208, -14.622541)
(17.743593, -0.459447, -14.619188), (17.902029, -0.47208, -14.622541), (17.907398, -0.471277, -14.783529)
(17.586571, -0.439059, -14.617229), (17.584812, -0.419, -14.460083), (17.743593, -0.459447, -14.619188)
(17.586571, -0.439059, -14.617229), (17.743593, -0.459447, -14.619188), (17.747948, -0.46387, -14.779052)
(17.430929, -0.412188, -14.616714), (17.430418, -0.384973, -14.460926), (17.586571, -0.439059, -14.617229)
(17.430929, -0.412188, -14.616714), (17.586571, -0.439059, -14.617229), (17.589945, -0.450004, -14.776063)
(18.05669, -0.482181, -14.46641), (18.216923, -0.491131, -14.471339), (18.22312, -0.484709, -14.633379)
(18.05669, -0.482181, -14.46641), (18.05307, -0.479068, -14.307095), (18.216923, -0.491131, -14.471339)
(17.898003, -0.467302, -14.462966), (18.05669, -0.482181, -14.46641), (18.061832, -0.479785, -14.627232)
(17.898003, -0.467302, -14.462966), (17.89543, -0.455818, -14.304794), (18.05669, -0.482181, -14.46641)
(17.430418, -0.384973, -14.460926), (17.584812, -0.419, -14.460083), (17.586571, -0.439059, -14.617229)
(17.430418, -0.384973, -14.460926), (17.431618, -0.350369, -14.306861), (17.584812, -0.419, -14.460083)
(17.740685, -0.446684, -14.460807), (17.898003, -0.467302, -14.462966), (17.902029, -0.47208, -14.622541)
(17.740685, -0.446684, -14.460807), (17.739319, -0.426911, -14.303963), (17.898003, -0.467302, -14.462966)
(17.584812, -0.419, -14.460083), (17.740685, -0.446684, -14.460807), (17.743593, -0.459447, -14.619188)
(17.584812, -0.419, -14.460083), (17.584755, -0.391353, -14.304658), (17.740685, -0.446684, -14.460807)
(18.05307, -0.479068, -14.307095), (18.212334, -0.494168, -14.310962), (18.216923, -0.491131, -14.471339)
(18.05307, -0.479068, -14.307095), (18.050938, -0.46913, -14.1492), (18.212334, -0.494168, -14.310962)
(17.431618, -0.350369, -14.306861), (17.584755, -0.391353, -14.304658), (17.584812, -0.419, -14.460083)
(17.431618, -0.350369, -14.306861), (17.434458, -0.310792, -14.154408), (17.584755, -0.391353, -14.304658)
(17.89543, -0.455818, -14.304794), (17.894419, -0.438395, -14.14809), (18.05307, -0.479068, -14.307095)
(17.89543, -0.455818, -14.304794), (18.05307, -0.479068, -14.307095), (18.05669, -0.482181, -14.46641)
(17.584755, -0.391353, -14.304658), (17.586382, -0.35809, -14.15086), (17.739319, -0.426911, -14.303963)
(17.584755, -0.391353, -14.304658), (17.739319, -0.426911, -14.303963), (17.740685, -0.446684, -14.460807)
(17.739319, -0.426911, -14.303963), (17.89543, -0.455818, -14.304794), (17.898003, -0.467302, -14.462966)
(17.739319, -0.426911, -14.303963), (17.739666, -0.400851, -14.14874), (17.89543, -0.455818, -14.304794)
(17.434458, -0.310792, -14.154408), (17.586382, -0.35809, -14.15086), (17.584755, -0.391353, -14.304658)
(17.434458, -0.310792, -14.154408), (17.438759, -0.267646, -14.003325), (17.586382, -0.35809, -14.15086)
(17.586382, -0.35809, -14.15086), (17.739666, -0.400851, -14.14874), (17.739319, -0.426911, -14.303963)
(17.586382, -0.35809, -14.15086), (17.5896, -0.319752, -13.998546), (17.739666, -0.400851, -14.14874)
(18.050938, -0.46913, -14.1492), (18.20924, -0.491011, -14.152037), (18.212334, -0.494168, -14.310962)
(18.050938, -0.46913, -14.1492), (18.050495, -0.451508, -13.99288), (18.20924, -0.491011, -14.152037)
(17.739666, -0.400851, -14.14874), (17.894419, -0.438395, -14.14809), (17.89543, -0.455818, -14.304794)
(17.739666, -0.400851, -14.14874), (17.741579, -0.369506, -13.994971), (17.894419, -0.438395, -14.14809)
(17.894419, -0.438395, -14.14809), (18.050938, -0.46913, -14.1492), (18.05307, -0.479068, -14.307095)
(17.894419, -0.438395, -14.14809), (17.895128, -0.413888, -13.993013), (18.050938, -0.46913, -14.1492)
# 18.39678841664667, 0, -14.390855016686668
(18.713549, -0.471919, -14.657757), (18.705671, -0.483476, -14.49361), (18.877659, -0.456939, -14.666146)
(18.713549, -0.471919, -14.657757), (18.877659, -0.456939, -14.666146), (18.886061, -0.446447, -14.830986)
(18.54954, -0.480724, -14.649286), (18.541895, -0.492217, -14.485492), (18.713549, -0.471919, -14.657757)
(18.54954, -0.480724, -14.649286), (18.713549, -0.471919, -14.657757), (18.722271, -0.459572, -14.822836)
(18.385874, -0.484926, -14.640947), (18.378841, -0.494588, -14.477911), (18.54954, -0.480724, -14.649286)
(18.385874, -0.484926, -14.640947), (18.54954, -0.480724, -14.649286), (18.558241, -0.468002, -14.814232)
(18.22312, -0.484709, -14.633379), (18.216923, -0.491131, -14.471339), (18.385874, -0.484926, -14.640947)
(18.22312, -0.484709, -14.633379), (18.385874, -0.484926, -14.640947), (18.394192, -0.473697, -14.80537)
(18.705671, -0.483476, -14.49361), (18.86986, -0.467637, -14.501986), (18.877659, -0.456939, -14.666146)
(18.705671, -0.483476, -14.49361), (18.698719, -0.493323, -14.330424), (18.86986, -0.467637, -14.501986)
(18.541895, -0.492217, -14.485492), (18.705671, -0.483476, -14.49361), (18.713549, -0.471919, -14.657757)
(18.541895, -0.492217, -14.485492), (18.535368, -0.501273, -14.322847), (18.705671, -0.483476, -14.49361)
(18.378841, -0.494588, -14.477911), (18.541895, -0.492217, -14.485492), (18.54954, -0.480724, -14.649286)
(18.378841, -0.494588, -14.477911), (18.373161, -0.50112, -14.316281), (18.541895, -0.492217, -14.485492)
(18.216923, -0.491131, -14.471339), (18.378841, -0.494588, -14.477911), (18.385874, -0.484926, -14.640947)
(18.216923, -0.491131, -14.471339), (18.212334, -0.494168, -14.310962), (18.378841, -0.494588, -14.477911)
(18.698719, -0.493323, -14.330424), (18.862747, -0.477559, -14.338522), (18.86986, -0.467637, -14.501986)
(18.698719, -0.493323, -14.330424), (18.693184, -0.500954, -14.168696), (18.862747, -0.477559, -14.338522)
(18.535368, -0.501273, -14.322847), (18.530453, -0.506957, -14.161863), (18.698719, -0.493323, -14.330424)
(18.535368, -0.501273, -14.322847), (18.698719, -0.493323, -14.330424), (18.705671, -0.483476, -14.49361)
(18.373161, -0.50112, -14.316281), (18.535368, -0.501273, -14.322847), (18.541895, -0.492217, -14.485492)
(18.373161, -0.50112, -14.316281), (18.369133, -0.503457, -14.156314), (18.535368, -0.501273, -14.322847)
(18.212334, -0.494168, -14.310962), (18.20924, -0.491011, -14.152037), (18.373161, -0.50112, -14.316281)
(18.212334, -0.494168, -14.310962), (18.373161, -0.50112, -14.316281), (18.378841, -0.494588, -14.477911)
(18.693184, -0.500954, -14.168696), (18.856791, -0.486457, -14.176256), (18.862747, -0.477559, -14.338522)
(18.693184, -0.500954, -14.168696), (18.689095, -0.506787, -14.008431), (18.856791, -0.486457, -14.176256)
(18.530453, -0.506957, -14.161863), (18.693184, -0.500954, -14.168696), (18.698719, -0.493323, -14.330424)
(18.530453, -0.506957, -14.161863), (18.527109, -0.509267, -14.00242), (18.693184, -0.500954, -14.168696)
(18.369133, -0.503457, -14.156314), (18.530453, -0.506957, -14.161863), (18.535368, -0.501273, -14.322847)
(18.369133, -0.503457, -14.156314), (18.366549, -0.50066, -13.99769), (18.530453, -0.506957, -14.161863)
(18.20924, -0.491011, -14.152037), (18.369133, -0.503457, -14.156314), (18.373161, -0.50112, -14.316281)
(18.20924, -0.491011, -14.152037), (18.207672, -0.480796, -13.994512), (18.369133, -0.503457, -14.156314)
# 19.064558649980007, 0, -14.390855016686668
(19.366165, -0.385699, -14.686236), (19.360119, -0.389887, -14.52363), (19.526821, -0.356659, -14.6904)
(19.366165, -0.385699, -14.686236), (19.526821, -0.356659, -14.6904), (19.531685, -0.356624, -14.851856)
(19.204243, -0.413022, -14.680641), (19.197411, -0.419912, -14.517296), (19.366165, -0.385699, -14.686236)
(19.204243, -0.413022, -14.680641), (19.366165, -0.385699, -14.686236), (19.372116, -0.383054, -14.848763)
(19.041292, -0.437306, -14.673836), (19.033846, -0.446461, -14.509939), (19.204243, -0.413022, -14.680641)
(19.041292, -0.437306, -14.673836), (19.204243, -0.413022, -14.680641), (19.211231, -0.407523, -14.844172)
(18.877659, -0.456939, -14.666146), (18.86986, -0.467637, -14.501986), (19.041292, -0.437306, -14.673836)
(18.877659, -0.456939, -14.666146), (19.041292, -0.437306, -14.673836), (19.049107, -0.429152, -14.838146)
(19.360119, -0.389887, -14.52363), (19.521667, -0.358083, -14.528643), (19.526821, -0.356659, -14.6904)
(19.360119, -0.389887, -14.52363), (19.354155, -0.395425, -14.361094), (19.521667, -0.358083, -14.528643)
(19.197411, -0.419912, -14.517296), (19.360119, -0.389887, -14.52363), (19.366165, -0.385699, -14.686236)
(19.197411, -0.419912, -14.517296), (19.190828, -0.427469, -14.354202), (19.360119, -0.389887, -14.52363)
(19.033846, -0.446461, -14.509939), (19.197411, -0.419912, -14.517296), (19.204243, -0.413022, -14.680641)
(19.033846, -0.446461, -14.509939), (19.026848, -0.455637, -14.346503), (19.197411, -0.419912, -14.517296)
(18.86986, -0.467637, -14.501986), (19.033846, -0.446461, -14.509939), (19.041292, -0.437306, -14.673836)
(18.86986, -0.467637, -14.501986), (18.862747, -0.477559, -14.338522), (19.033846, -0.446461, -14.509939)
(19.354155, -0.395425, -14.361094), (19.516537, -0.360093, -14.366913), (19.521667, -0.358083, -14.528643)
(19.354155, -0.395425, -14.361094), (19.348743, -0.401467, -14.199161), (19.516537, -0.360093, -14.366913)
(19.190828, -0.427469, -14.354202), (19.184988, -0.435689, -14.191895), (19.354155, -0.395425, -14.361094)
(19.190828, -0.427469, -14.354202), (19.354155, -0.395425, -14.361094), (19.360119, -0.389887, -14.52363)
(19.026848, -0.455637, -14.346503), (19.190828, -0.427469, -14.354202), (19.197411, -0.419912, -14.517296)
(19.026848, -0.455637, -14.346503), (19.020807, -0.464656, -14.184059), (19.190828, -0.427469, -14.354202)
(18.862747, -0.477559, -14.338522), (18.856791, -0.486457, -14.176256), (19.026848, -0.455637, -14.346503)
(18.862747, -0.477559, -14.338522), (19.026848, -0.455637, -14.346503), (19.033846, -0.446461, -14.509939)
(19.348743, -0.401467, -14.199161), (19.511826, -0.362831, -14.205642), (19.516537, -0.360093, -14.366913)
(19.348743, -0.401467, -14.199161), (19.344126, -0.408258, -14.038088), (19.511826, -0.362831, -14.205642)
(19.184988, -0.435689, -14.191895), (19.348743, -0.401467, -14.199161), (19.354155, -0.395425, -14.361094)
(19.184988, -0.435689, -14.191895), (19.180153, -0.44437, -14.030656), (19.348743, -0.401467, -14.199161)
(19.020807, -0.464656, -14.184059), (19.184988, -0.435689, -14.191895), (19.190828, -0.427469, -14.354202)
(19.020807, -0.464656, -14.184059), (19.015957, -0.474149, -14.022867), (19.184988, -0.435689, -14.191895)
(18.856791, -0.486457, -14.176256), (19.020807, -0.464656, -14.184059), (19.026848, -0.455637, -14.346503)
(18.856791, -0.486457, -14.176256), (18.852139, -0.495065, -14.015333), (19.020807, -0.464656, -14.184059)
# 19.732328883313336, 0, -14.390855016686668
(19.843925, -0.296465, -14.694119), (19.840853, -0.29047, -14.534427), (20.000607, -0.2655, -14.693947)
(19.843925, -0.296465, -14.694119), (20.000607, -0.2655, -14.693947), (20.002958, -0.27063, -14.852879)
(19.686083, -0.326895, -14.693031), (19.681976, -0.324319, -14.5323), (19.843925, -0.296465, -14.694119)
(19.686083, -0.326895, -14.693031), (19.843925, -0.296465, -14.694119), (19.846743, -0.302135, -14.853558)
(19.526821, -0.356659, -14.6904), (19.521667, -0.358083, -14.528643), (19.686083, -0.326895, -14.693031)
(19.526821, -0.356659, -14.6904), (19.686083, -0.326895, -14.693031), (19.689838, -0.329808, -14.853396)
(19.840853, -0.29047, -14.534427), (19.998413, -0.257934, -14.535159), (20.000607, -0.2655, -14.693947)
(19.840853, -0.29047, -14.534427), (19.837715, -0.285326, -14.374683), (19.998413, -0.257934, -14.535159)
(19.681976, -0.324319, -14.5323), (19.840853, -0.29047, -14.534427), (19.843925, -0.296465, -14.694119)
(19.681976, -0.324319, -14.5323), (19.677835, -0.322301, -14.371546), (19.840853, -0.29047, -14.534427)
(19.521667, -0.358083, -14.528643), (19.681976, -0.324319, -14.5323), (19.686083, -0.326895, -14.693031)
(19.521667, -0.358083, -14.528643), (19.516537, -0.360093, -14.366913), (19.681976, -0.324319, -14.5323)
(19.837715, -0.285326, -14.374683), (19.834743, -0.282069, -14.21516), (19.99626, -0.250752, -14.376438)
(19.837715, -0.285326, -14.374683), (19.99626, -0.250752, -14.376438), (19.998413, -0.257934, -14.535159)
(19.677835, -0.322301, -14.371546), (19.837715, -0.285326, -14.374683), (19.840853, -0.29047, -14.534427)
(19.677835, -0.322301, -14.371546), (19.673956, -0.321927, -14.2111), (19.837715, -0.285326, -14.374683)
(19.516537, -0.360093, -14.366913), (19.511826, -0.362831, -14.205642), (19.677835, -0.322301, -14.371546)
(19.516537, -0.360093, -14.366913), (19.677835, -0.322301, -14.371546), (19.681976, -0.324319, -14.5323)
(19.834743, -0.282069, -14.21516), (19.994228, -0.244586, -14.217864), (19.99626, -0.250752, -14.376438)
(19.834743, -0.282069, -14.21516), (19.831945, -0.279181, -14.055806), (19.994228, -0.244586, -14.217864)
(19.673956, -0.321927, -14.2111), (19.834743, -0.282069, -14.21516), (19.837715, -0.285326, -14.374683)
(19.673956, -0.321927, -14.2111), (19.670431, -0.322571, -14.051045), (19.834743, -0.282069, -14.21516)
(19.511826, -0.362831, -14.205642), (19.673956, -0.321927, -14.2111), (19.677835, -0.322301, -14.371546)
(19.511826, -0.362831, -14.205642), (19.50769, -0.366717, -14.045015), (19.673956, -0.321927, -14.2111)
