# -9.64956138335333, 0, 4.30671151664667
(-9.338439, 0.612086, 4.09346), (-9.34033, 0.605724, 4.251526), (-9.180361, 0.611686, 4.089773)
(-9.338439, 0.612086, 4.09346), (-9.180361, 0.611686, 4.089773), (-9.178544, 0.61559, 3.931509)
(-9.496748, 0.609333, 4.096926), (-9.49864, 0.601385, 4.254723), (-9.338439, 0.612086, 4.09346)
(-9.496748, 0.609333, 4.096926), (-9.338439, 0.612086, 4.09346), (-9.336576, 0.617765, 3.935427)
(-9.655226, 0.603902, 4.100152), (-9.657085, 0.594362, 4.257651), (-9.496748, 0.609333, 4.096926)
(-9.655226, 0.603902, 4.100152), (-9.496748, 0.609333, 4.096926), (-9.494874, 0.616798, 3.93916)
(-9.813832, 0.595869, 4.103093), (-9.815627, 0.584867, 4.260283), (-9.655226, 0.603902, 4.100152)
(-9.813832, 0.595869, 4.103093), (-9.655226, 0.603902, 4.100152), (-9.653395, 0.612799, 3.942659)
(-9.972509, 0.585738, 4.105745), (-9.974219, 0.573112, 4.262585), (-9.813832, 0.595869, 4.103093)
(-9.972509, 0.585738, 4.105745), (-9.813832, 0.595869, 4.103093), (-9.812063, 0.606358, 3.945905)
(-9.34033, 0.605724, 4.251526), (-9.18221, 0.607059, 4.248088), (-9.180361, 0.611686, 4.089773)
(-9.34033, 0.605724, 4.251526), (-9.342266, 0.598125, 4.409557), (-9.18221, 0.607059, 4.248088)
(-9.49864, 0.601385, 4.254723), (-9.34033, 0.605724, 4.251526), (-9.338439, 0.612086, 4.09346)
(-9.49864, 0.601385, 4.254723), (-9.500569, 0.592248, 4.412464), (-9.34033, 0.605724, 4.251526)
(-9.657085, 0.594362, 4.257651), (-9.49864, 0.601385, 4.254723), (-9.496748, 0.609333, 4.096926)
(-9.657085, 0.594362, 4.257651), (-9.65898, 0.583696, 4.415079), (-9.49864, 0.601385, 4.254723)
(-9.815627, 0.584867, 4.260283), (-9.657085, 0.594362, 4.257651), (-9.655226, 0.603902, 4.100152)
(-9.815627, 0.584867, 4.260283), (-9.817455, 0.572782, 4.417387), (-9.657085, 0.594362, 4.257651)
(-9.974219, 0.573112, 4.262585), (-9.815627, 0.584867, 4.260283), (-9.813832, 0.595869, 4.103093)
(-9.974219, 0.573112, 4.262585), (-9.975954, 0.5597, 4.419357), (-9.815627, 0.584867, 4.260283)
(-9.342266, 0.598125, 4.409557), (-9.184124, 0.600922, 4.406373), (-9.18221, 0.607059, 4.248088)
(-9.342266, 0.598125, 4.409557), (-9.344242, 0.588703, 4.567434), (-9.184124, 0.600922, 4.406373)
(-9.500569, 0.592248, 4.412464), (-9.502524, 0.581555, 4.570055), (-9.342266, 0.598125, 4.409557)
(-9.500569, 0.592248, 4.412464), (-9.342266, 0.598125, 4.409557), (-9.34033, 0.605724, 4.251526)
(-9.65898, 0.583696, 4.415079), (-9.500569, 0.592248, 4.412464), (-9.49864, 0.601385, 4.254723)
(-9.65898, 0.583696, 4.415079), (-9.660889, 0.571669, 4.572357), (-9.500569, 0.592248, 4.412464)
(-9.817455, 0.572782, 4.417387), (-9.819292, 0.559608, 4.57436), (-9.65898, 0.583696, 4.415079)
(-9.817455, 0.572782, 4.417387), (-9.65898, 0.583696, 4.415079), (-9.657085, 0.594362, 4.257651)
(-9.975954, 0.5597, 4.419357), (-9.817455, 0.572782, 4.417387), (-9.815627, 0.584867, 4.260283)
(-9.975954, 0.5597, 4.419357), (-9.977699, 0.545519, 4.576035), (-9.817455, 0.572782, 4.417387)
(-9.344242, 0.588703, 4.567434), (-9.186088, 0.592997, 4.564538), (-9.184124, 0.600922, 4.406373)
(-9.344242, 0.588703, 4.567434), (-9.346248, 0.576919, 4.725044), (-9.186088, 0.592997, 4.564538)
(-9.502524, 0.581555, 4.570055), (-9.344242, 0.588703, 4.567434), (-9.342266, 0.598125, 4.409557)
(-9.502524, 0.581555, 4.570055), (-9.504491, 0.568622, 4.727359), (-9.344242, 0.588703, 4.567434)
(-9.660889, 0.571669, 4.572357), (-9.502524, 0.581555, 4.570055), (-9.500569, 0.592248, 4.412464)
(-9.660889, 0.571669, 4.572357), (-9.662794, 0.557918, 4.729388), (-9.502524, 0.581555, 4.570055)
(-9.819292, 0.559608, 4.57436), (-9.660889, 0.571669, 4.572357), (-9.65898, 0.583696, 4.415079)
(-9.819292, 0.559608, 4.57436), (-9.821116, 0.544806, 4.731073), (-9.660889, 0.571669, 4.572357)
(-9.977699, 0.545519, 4.576035), (-9.819292, 0.559608, 4.57436), (-9.817455, 0.572782, 4.417387)
(-9.977699, 0.545519, 4.576035), (-9.979428, 0.529855, 4.732453), (-9.819292, 0.559608, 4.57436)
# -8.981791150019998, 0, 4.30671151664667
(-8.707742, 0.593276, 4.07797), (-8.709291, 0.593744, 4.236855), (-8.550867, 0.581269, 4.073965)
(-8.707742, 0.593276, 4.07797), (-8.550867, 0.581269, 4.073965), (-8.549599, 0.577562, 3.915085)
(-8.864972, 0.602364, 4.081978), (-8.86665, 0.601172, 4.240707), (-8.707742, 0.593276, 4.07797)
(-8.864972, 0.602364, 4.081978), (-8.707742, 0.593276, 4.07797), (-8.706268, 0.591627, 3.91918)
(-9.022517, 0.608574, 4.085933), (-9.024301, 0.605615, 4.244468), (-8.864972, 0.602364, 4.081978)
(-9.022517, 0.608574, 4.085933), (-8.864972, 0.602364, 4.081978), (-8.863338, 0.602692, 3.923328)
(-9.180361, 0.611686, 4.089773), (-9.18221, 0.607059, 4.248088), (-9.022517, 0.608574, 4.085933)
(-9.180361, 0.611686, 4.089773), (-9.022517, 0.608574, 4.085933), (-9.02079, 0.610546, 3.927462)
(-8.709291, 0.593744, 4.236855), (-8.552243, 0.583509, 4.232965), (-8.550867, 0.581269, 4.073965)
(-8.709291, 0.593744, 4.236855), (-8.710942, 0.592445, 4.395773), (-8.552243, 0.583509, 4.232965)
(-8.86665, 0.601172, 4.240707), (-8.709291, 0.593744, 4.236855), (-8.707742, 0.593276, 4.07797)
(-8.86665, 0.601172, 4.240707), (-8.868417, 0.598302, 4.399449), (-8.709291, 0.593744, 4.236855)
(-9.024301, 0.605615, 4.244468), (-8.86665, 0.601172, 4.240707), (-8.864972, 0.602364, 4.081978)
(-9.024301, 0.605615, 4.244468), (-9.026158, 0.601072, 4.402996), (-8.86665, 0.601172, 4.240707)
(-9.18221, 0.607059, 4.248088), (-9.024301, 0.605615, 4.244468), (-9.022517, 0.608574, 4.085933)
(-9.18221, 0.607059, 4.248088), (-9.184124, 0.600922, 4.406373), (-9.024301, 0.605615, 4.244468)
(-8.710942, 0.592445, 4.395773), (-8.553787, 0.583348, 4.392024), (-8.552243, 0.583509, 4.232965)
(-8.710942, 0.592445, 4.395773), (-8.712729, 0.588457, 4.554611), (-8.553787, 0.583348, 4.392024)
(-8.868417, 0.598302, 4.399449), (-8.870281, 0.593114, 4.558094), (-8.710942, 0.592445, 4.395773)
(-8.868417, 0.598302, 4.399449), (-8.710942, 0.592445, 4.395773), (-8.709291, 0.593744, 4.236855)
(-9.026158, 0.601072, 4.402996), (-8.868417, 0.598302, 4.399449), (-8.86665, 0.601172, 4.240707)
(-9.026158, 0.601072, 4.402996), (-9.02809, 0.594454, 4.561409), (-8.868417, 0.598302, 4.399449)
(-9.184124, 0.600922, 4.406373), (-9.186088, 0.592997, 4.564538), (-9.026158, 0.601072, 4.402996)
(-9.184124, 0.600922, 4.406373), (-9.026158, 0.601072, 4.402996), (-9.024301, 0.605615, 4.244468)
(-8.712729, 0.588457, 4.554611), (-8.555468, 0.580561, 4.551028), (-8.553787, 0.583348, 4.392024)
(-8.712729, 0.588457, 4.554611), (-8.714651, 0.581181, 4.713243), (-8.555468, 0.580561, 4.551028)
(-8.870281, 0.593114, 4.558094), (-8.712729, 0.588457, 4.554611), (-8.710942, 0.592445, 4.395773)
(-8.870281, 0.593114, 4.558094), (-8.872263, 0.584664, 4.716496), (-8.712729, 0.588457, 4.554611)
(-9.02809, 0.594454, 4.561409), (-8.870281, 0.593114, 4.558094), (-8.868417, 0.598302, 4.399449)
(-9.02809, 0.594454, 4.561409), (-9.030091, 0.585203, 4.719594), (-8.870281, 0.593114, 4.558094)
(-9.186088, 0.592997, 4.564538), (-9.02809, 0.594454, 4.561409), (-9.026158, 0.601072, 4.402996)
(-9.186088, 0.592997, 4.564538), (-9.188101, 0.582527, 4.722452), (-9.02809, 0.594454, 4.561409)
# -8.314020916686664, 0, 4.30671151664667
(-8.082624, 0.528835, 4.062658), (-8.083405, 0.535636, 4.221809), (-7.927424, 0.506433, 4.059413)
(-8.082624, 0.528835, 4.062658), (-7.927424, 0.506433, 4.059413), (-7.927067, 0.496072, 3.900513)
(-8.238294, 0.548792, 4.066233), (-8.239284, 0.554209, 4.225369), (-8.082624, 0.528835, 4.062658)
(-8.238294, 0.548792, 4.066233), (-8.082624, 0.528835, 4.062658), (-8.082022, 0.519947, 3.9037)
(-8.394373, 0.566426, 4.070025), (-8.395569, 0.570238, 4.229111), (-8.238294, 0.548792, 4.066233)
(-8.394373, 0.566426, 4.070025), (-8.238294, 0.548792, 4.066233), (-8.237437, 0.541653, 3.90725)
(-8.550867, 0.581269, 4.073965), (-8.552243, 0.583509, 4.232965), (-8.394373, 0.566426, 4.070025)
(-8.550867, 0.581269, 4.073965), (-8.394373, 0.566426, 4.070025), (-8.393322, 0.560801, 3.91109)
(-8.083405, 0.535636, 4.221809), (-7.927971, 0.514574, 4.218523), (-7.927424, 0.506433, 4.059413)
(-8.083405, 0.535636, 4.221809), (-8.0844, 0.539733, 4.381102), (-7.927971, 0.514574, 4.218523)
(-8.239284, 0.554209, 4.225369), (-8.083405, 0.535636, 4.221809), (-8.082624, 0.528835, 4.062658)
(-8.239284, 0.554209, 4.225369), (-8.240475, 0.557018, 4.384622), (-8.083405, 0.535636, 4.221809)
(-8.395569, 0.570238, 4.229111), (-8.239284, 0.554209, 4.225369), (-8.238294, 0.548792, 4.066233)
(-8.395569, 0.570238, 4.229111), (-8.39695, 0.571558, 4.388287), (-8.239284, 0.554209, 4.225369)
(-8.552243, 0.583509, 4.232965), (-8.395569, 0.570238, 4.229111), (-8.394373, 0.566426, 4.070025)
(-8.552243, 0.583509, 4.232965), (-8.553787, 0.583348, 4.392024), (-8.395569, 0.570238, 4.229111)
(-8.0844, 0.539733, 4.381102), (-7.928778, 0.519665, 4.377816), (-7.927971, 0.514574, 4.218523)
(-8.0844, 0.539733, 4.381102), (-8.085648, 0.540277, 4.540428), (-7.928778, 0.519665, 4.377816)
(-8.240475, 0.557018, 4.384622), (-8.241879, 0.556587, 4.543876), (-8.0844, 0.539733, 4.381102)
(-8.240475, 0.557018, 4.384622), (-8.0844, 0.539733, 4.381102), (-8.083405, 0.535636, 4.221809)
(-8.39695, 0.571558, 4.388287), (-8.240475, 0.557018, 4.384622), (-8.239284, 0.554209, 4.225369)
(-8.39695, 0.571558, 4.388287), (-8.398512, 0.569879, 4.54743), (-8.240475, 0.557018, 4.384622)
(-8.553787, 0.583348, 4.392024), (-8.555468, 0.580561, 4.551028), (-8.39695, 0.571558, 4.388287)
(-8.553787, 0.583348, 4.392024), (-8.39695, 0.571558, 4.388287), (-8.395569, 0.570238, 4.229111)
(-8.085648, 0.540277, 4.540428), (-7.929832, 0.521296, 4.537168), (-7.928778, 0.519665, 4.377816)
(-8.085648, 0.540277, 4.540428), (-8.087165, 0.536656, 4.699665), (-7.929832, 0.521296, 4.537168)
(-8.241879, 0.556587, 4.543876), (-8.085648, 0.540277, 4.540428), (-8.0844, 0.539733, 4.381102)
(-8.241879, 0.556587, 4.543876), (-8.243536, 0.551995, 4.703004), (-8.085648, 0.540277, 4.540428)
(-8.398512, 0.569879, 4.54743), (-8.241879, 0.556587, 4.543876), (-8.240475, 0.557018, 4.384622)
(-8.398512, 0.569879, 4.54743), (-8.400257, 0.564674, 4.706427), (-8.241879, 0.556587, 4.543876)
(-8.555468, 0.580561, 4.551028), (-8.398512, 0.569879, 4.54743), (-8.39695, 0.571558, 4.388287)
(-8.555468, 0.580561, 4.551028), (-8.557316, 0.574261, 4.70985), (-8.398512, 0.569879, 4.54743)
# -7.64625068335333, 0, 4.30671151664667
(-7.464261, 0.430533, 4.052027), (-7.464182, 0.441372, 4.210853), (-7.310679, 0.403472, 4.050579)
(-7.464261, 0.430533, 4.052027), (-7.310679, 0.403472, 4.050579), (-7.311203, 0.388946, 3.892246)
(-7.618239, 0.456982, 4.054022), (-7.618353, 0.467161, 4.212973), (-7.464261, 0.430533, 4.052027)
(-7.618239, 0.456982, 4.054022), (-7.464261, 0.430533, 4.052027), (-7.464574, 0.416818, 3.893472)
(-7.772612, 0.48249, 4.056496), (-7.772946, 0.491698, 4.215548), (-7.618239, 0.456982, 4.054022)
(-7.772612, 0.48249, 4.056496), (-7.618239, 0.456982, 4.054022), (-7.618327, 0.444271, 3.895298)
(-7.927424, 0.506433, 4.059413), (-7.927971, 0.514574, 4.218523), (-7.772612, 0.48249, 4.056496)
(-7.927424, 0.506433, 4.059413), (-7.772612, 0.48249, 4.056496), (-7.77251, 0.470716, 3.897697)
(-7.464182, 0.441372, 4.210853), (-7.310407, 0.414859, 4.209222), (-7.310679, 0.403472, 4.050579)
(-7.464182, 0.441372, 4.210853), (-7.464368, 0.448855, 4.369903), (-7.310407, 0.414859, 4.209222)
(-7.618353, 0.467161, 4.212973), (-7.464182, 0.441372, 4.210853), (-7.464261, 0.430533, 4.052027)
(-7.618353, 0.467161, 4.212973), (-7.618737, 0.474078, 4.372141), (-7.464182, 0.441372, 4.210853)
(-7.772946, 0.491698, 4.215548), (-7.618353, 0.467161, 4.212973), (-7.618239, 0.456982, 4.054022)
(-7.772946, 0.491698, 4.215548), (-7.773543, 0.497764, 4.374803), (-7.618353, 0.467161, 4.212973)
(-7.927971, 0.514574, 4.218523), (-7.772946, 0.491698, 4.215548), (-7.772612, 0.48249, 4.056496)
(-7.927971, 0.514574, 4.218523), (-7.928778, 0.519665, 4.377816), (-7.772946, 0.491698, 4.215548)
(-7.464368, 0.448855, 4.369903), (-7.310449, 0.42242, 4.368163), (-7.310407, 0.414859, 4.209222)
(-7.464368, 0.448855, 4.369903), (-7.464889, 0.45212, 4.52912), (-7.310449, 0.42242, 4.368163)
(-7.618737, 0.474078, 4.372141), (-7.619428, 0.477036, 4.531436), (-7.464368, 0.448855, 4.369903)
(-7.618737, 0.474078, 4.372141), (-7.464368, 0.448855, 4.369903), (-7.464182, 0.441372, 4.210853)
(-7.773543, 0.497764, 4.374803), (-7.618737, 0.474078, 4.372141), (-7.618353, 0.467161, 4.212973)
(-7.773543, 0.497764, 4.374803), (-7.774426, 0.500074, 4.534151), (-7.618737, 0.474078, 4.372141)
(-7.928778, 0.519665, 4.377816), (-7.929832, 0.521296, 4.537168), (-7.773543, 0.497764, 4.374803)
(-7.928778, 0.519665, 4.377816), (-7.773543, 0.497764, 4.374803), (-7.772946, 0.491698, 4.215548)
(-7.464889, 0.45212, 4.52912), (-7.310786, 0.42595, 4.527254), (-7.310449, 0.42242, 4.368163)
(-7.464889, 0.45212, 4.52912), (-7.465763, 0.450748, 4.68838), (-7.310786, 0.42595, 4.527254)
(-7.619428, 0.477036, 4.531436), (-7.464889, 0.45212, 4.52912), (-7.464368, 0.448855, 4.369903)
(-7.619428, 0.477036, 4.531436), (-7.620482, 0.475237, 4.690755), (-7.464889, 0.45212, 4.52912)
(-7.774426, 0.500074, 4.534151), (-7.619428, 0.477036, 4.531436), (-7.618737, 0.474078, 4.372141)
(-7.774426, 0.500074, 4.534151), (-7.775608, 0.498134, 4.693473), (-7.619428, 0.477036, 4.531436)
(-7.929832, 0.521296, 4.537168), (-7.774426, 0.500074, 4.534151), (-7.773543, 0.497764, 4.374803)
(-7.929832, 0.521296, 4.537168), (-7.93118, 0.518661, 4.696469), (-7.774426, 0.500074, 4.534151)
# -6.9784804500199975, 0, 4.30671151664667
(-7.004593, 0.349536, 4.049448), (-7.004037, 0.361188, 4.207706), (-6.851971, 0.324136, 4.049758)
(-7.004593, 0.349536, 4.049448), (-6.851971, 0.324136, 4.049758), (-6.852826, 0.30898, 3.892025)
(-7.157468, 0.376281, 4.049706), (-7.157045, 0.387878, 4.208173), (-7.004593, 0.349536, 4.049448)
(-7.157468, 0.376281, 4.049706), (-7.004593, 0.349536, 4.049448), (-7.005362, 0.334414, 3.89148)
(-6.851971, 0.324136, 4.049758), (-6.851318, 0.335526, 4.207809), (-6.699563, 0.300736, 4.050682)
(-6.851971, 0.324136, 4.049758), (-6.699563, 0.300736, 4.050682), (-6.700458, 0.285884, 3.893166)
(-7.310679, 0.403472, 4.050579), (-7.310407, 0.414859, 4.209222), (-7.157468, 0.376281, 4.049706)
(-7.310679, 0.403472, 4.050579), (-7.157468, 0.376281, 4.049706), (-7.15815, 0.361266, 3.891585)
(-6.699563, 0.300736, 4.050682), (-6.698835, 0.311614, 4.20849), (-6.547251, 0.280354, 4.052078)
(-6.699563, 0.300736, 4.050682), (-6.547251, 0.280354, 4.052078), (-6.548158, 0.266072, 3.894791)
(-7.004037, 0.361188, 4.207706), (-6.851318, 0.335526, 4.207809), (-6.851971, 0.324136, 4.049758)
(-7.004037, 0.361188, 4.207706), (-7.003739, 0.368885, 4.366245), (-6.851318, 0.335526, 4.207809)
(-6.851318, 0.335526, 4.207809), (-6.698835, 0.311614, 4.20849), (-6.699563, 0.300736, 4.050682)
(-6.851318, 0.335526, 4.207809), (-6.850892, 0.342848, 4.366123), (-6.698835, 0.311614, 4.20849)
(-7.157045, 0.387878, 4.208173), (-7.004037, 0.361188, 4.207706), (-7.004593, 0.349536, 4.049448)
(-7.157045, 0.387878, 4.208173), (-7.156911, 0.395617, 4.36693), (-7.004037, 0.361188, 4.207706)
(-6.698835, 0.311614, 4.20849), (-6.546481, 0.290393, 4.209661), (-6.547251, 0.280354, 4.052078)
(-6.698835, 0.311614, 4.20849), (-6.698308, 0.318217, 4.366571), (-6.546481, 0.290393, 4.209661)
(-7.310407, 0.414859, 4.209222), (-7.157045, 0.387878, 4.208173), (-7.157468, 0.376281, 4.049706)
(-7.310407, 0.414859, 4.209222), (-7.310449, 0.42242, 4.368163), (-7.157045, 0.387878, 4.208173)
(-6.850892, 0.342848, 4.366123), (-6.698308, 0.318217, 4.366571), (-6.698835, 0.311614, 4.20849)
(-6.850892, 0.342848, 4.366123), (-6.850749, 0.345672, 4.524646), (-6.698308, 0.318217, 4.366571)
(-7.003739, 0.368885, 4.366245), (-7.003742, 0.372203, 4.524984), (-6.850892, 0.342848, 4.366123)
(-7.003739, 0.368885, 4.366245), (-6.850892, 0.342848, 4.366123), (-6.851318, 0.335526, 4.207809)
(-6.698308, 0.318217, 4.366571), (-6.698015, 0.320379, 4.524832), (-6.545861, 0.296025, 4.367485)
(-6.698308, 0.318217, 4.366571), (-6.545861, 0.296025, 4.367485), (-6.546481, 0.290393, 4.209661)
(-7.156911, 0.395617, 4.36693), (-7.003739, 0.368885, 4.366245), (-7.004037, 0.361188, 4.207706)
(-7.156911, 0.395617, 4.36693), (-7.157084, 0.399095, 4.52587), (-7.003739, 0.368885, 4.366245)
(-7.310449, 0.42242, 4.368163), (-7.310786, 0.42595, 4.527254), (-7.156911, 0.395617, 4.36693)
(-7.310449, 0.42242, 4.368163), (-7.156911, 0.395617, 4.36693), (-7.157045, 0.387878, 4.208173)
(-6.850749, 0.345672, 4.524646), (-6.698015, 0.320379, 4.524832), (-6.698308, 0.318217, 4.366571)
(-6.850749, 0.345672, 4.524646), (-6.850911, 0.343949, 4.683272), (-6.698015, 0.320379, 4.524832)
(-6.698015, 0.320379, 4.524832), (-6.545444, 0.297137, 4.525486), (-6.545861, 0.296025, 4.367485)
(-6.698015, 0.320379, 4.524832), (-6.697989, 0.3181, 4.683192), (-6.545444, 0.297137, 4.525486)
(-7.003742, 0.372203, 4.524984), (-6.850749, 0.345672, 4.524646), (-6.850892, 0.342848, 4.366123)
(-7.003742, 0.372203, 4.524984), (-7.004093, 0.370802, 4.683834), (-6.850749, 0.345672, 4.524646)
(-7.157084, 0.399095, 4.52587), (-7.003742, 0.372203, 4.524984), (-7.003739, 0.368885, 4.366245)
(-7.157084, 0.399095, 4.52587), (-7.157579, 0.398097, 4.684878), (-7.003742, 0.372203, 4.524984)
(-7.310786, 0.42595, 4.527254), (-7.157084, 0.399095, 4.52587), (-7.156911, 0.395617, 4.36693)
(-7.310786, 0.42595, 4.527254), (-7.311463, 0.424911, 4.686407), (-7.157084, 0.399095, 4.52587)
# -6.3107102166866635, 0, 4.30671151664667
(-6.547251, 0.280354, 4.052078), (-6.546481, 0.290393, 4.209661), (-6.394966, 0.263773, 4.053946)
(-6.547251, 0.280354, 4.052078), (-6.394966, 0.263773, 4.053946), (-6.395851, 0.250416, 3.896839)
(-6.394966, 0.263773, 4.053946), (-6.39417, 0.272628, 4.211289), (-6.242603, 0.251792, 4.056185)
(-6.394966, 0.263773, 4.053946), (-6.242603, 0.251792, 4.056185), (-6.243444, 0.239824, 3.899294)
(-6.242603, 0.251792, 4.056185), (-6.241801, 0.259027, 4.213296), (-6.09006, 0.244901, 4.058726)
(-6.242603, 0.251792, 4.056185), (-6.09006, 0.244901, 4.058726), (-6.090836, 0.234835, 3.902047)
(-6.09006, 0.244901, 4.058726), (-6.08927, 0.250065, 4.215596), (-5.937233, 0.24313, 4.061472)
(-6.09006, 0.244901, 4.058726), (-5.937233, 0.24313, 4.061472), (-5.937936, 0.235408, 3.904989)
(-6.546481, 0.290393, 4.209661), (-6.39417, 0.272628, 4.211289), (-6.394966, 0.263773, 4.053946)
(-6.546481, 0.290393, 4.209661), (-6.545861, 0.296025, 4.367485), (-6.39417, 0.272628, 4.211289)
(-6.39417, 0.272628, 4.211289), (-6.241801, 0.259027, 4.213296), (-6.242603, 0.251792, 4.056185)
(-6.39417, 0.272628, 4.211289), (-6.39348, 0.276919, 4.368842), (-6.241801, 0.259027, 4.213296)
(-6.241801, 0.259027, 4.213296), (-6.08927, 0.250065, 4.215596), (-6.09006, 0.244901, 4.058726)
(-6.241801, 0.259027, 4.213296), (-6.241059, 0.26155, 4.370581), (-6.08927, 0.250065, 4.215596)
(-6.08927, 0.250065, 4.215596), (-5.936456, 0.245807, 4.218107), (-5.937233, 0.24313, 4.061472)
(-6.08927, 0.250065, 4.215596), (-6.088479, 0.250397, 4.372621), (-5.936456, 0.245807, 4.218107)
(-6.545861, 0.296025, 4.367485), (-6.39348, 0.276919, 4.368842), (-6.39417, 0.272628, 4.211289)
(-6.545861, 0.296025, 4.367485), (-6.545444, 0.297137, 4.525486), (-6.39348, 0.276919, 4.368842)
(-6.39348, 0.276919, 4.368842), (-6.392944, 0.276666, 4.526556), (-6.241059, 0.26155, 4.370581)
(-6.39348, 0.276919, 4.368842), (-6.241059, 0.26155, 4.370581), (-6.241801, 0.259027, 4.213296)
(-6.241059, 0.26155, 4.370581), (-6.088479, 0.250397, 4.372621), (-6.08927, 0.250065, 4.215596)
(-6.241059, 0.26155, 4.370581), (-6.240421, 0.259538, 4.528006), (-6.088479, 0.250397, 4.372621)
(-6.088479, 0.250397, 4.372621), (-6.087746, 0.246265, 4.529743), (-5.935631, 0.243583, 4.374851)
(-6.088479, 0.250397, 4.372621), (-5.935631, 0.243583, 4.374851), (-5.936456, 0.245807, 4.218107)
(-6.545444, 0.297137, 4.525486), (-6.392944, 0.276666, 4.526556), (-6.39348, 0.276919, 4.368842)
(-6.545444, 0.297137, 4.525486), (-6.54525, 0.293935, 4.683567), (-6.392944, 0.276666, 4.526556)
(-6.392944, 0.276666, 4.526556), (-6.240421, 0.259538, 4.528006), (-6.241059, 0.26155, 4.370581)
(-6.392944, 0.276666, 4.526556), (-6.392601, 0.272164, 4.684359), (-6.240421, 0.259538, 4.528006)
(-6.240421, 0.259538, 4.528006), (-6.087746, 0.246265, 4.529743), (-6.088479, 0.250397, 4.372621)
(-6.240421, 0.259538, 4.528006), (-6.23992, 0.253465, 4.685492), (-6.087746, 0.246265, 4.529743)
(-6.087746, 0.246265, 4.529743), (-5.93481, 0.236985, 4.531668), (-5.935631, 0.243583, 4.374851)
(-6.087746, 0.246265, 4.529743), (-6.0871, 0.23827, 4.686908), (-5.93481, 0.236985, 4.531668)
# -5.642939983353331, 0, 4.30671151664667
(-5.937233, 0.24313, 4.061472), (-5.936456, 0.245807, 4.218107), (-5.78401, 0.24586, 4.064305)
(-5.937233, 0.24313, 4.061472), (-5.78401, 0.24586, 4.064305), (-5.784668, 0.240896, 3.908011)
(-5.78401, 0.24586, 4.064305), (-5.783253, 0.245764, 4.220704), (-5.630322, 0.251866, 4.067089)
(-5.78401, 0.24586, 4.064305), (-5.630322, 0.251866, 4.067089), (-5.630923, 0.249759, 3.91099)
(-5.630322, 0.251866, 4.067089), (-5.629575, 0.248869, 4.22326), (-5.476078, 0.259232, 4.069688)
(-5.630322, 0.251866, 4.067089), (-5.476078, 0.259232, 4.069688), (-5.476652, 0.25989, 3.913775)
(-5.476078, 0.259232, 4.069688), (-5.475344, 0.253561, 4.225646), (-5.321297, 0.266538, 4.072005)
(-5.476078, 0.259232, 4.069688), (-5.321297, 0.266538, 4.072005), (-5.32186, 0.269557, 3.916269)
(-5.321297, 0.266538, 4.072005), (-5.320556, 0.258466, 4.227767), (-5.165988, 0.272674, 4.073992)
(-5.321297, 0.266538, 4.072005), (-5.165988, 0.272674, 4.073992), (-5.166593, 0.277938, 3.918446)
(-5.936456, 0.245807, 4.218107), (-5.783253, 0.245764, 4.220704), (-5.78401, 0.24586, 4.064305)
(-5.936456, 0.245807, 4.218107), (-5.935631, 0.243583, 4.374851), (-5.783253, 0.245764, 4.220704)
(-5.783253, 0.245764, 4.220704), (-5.629575, 0.248869, 4.22326), (-5.630322, 0.251866, 4.067089)
(-5.783253, 0.245764, 4.220704), (-5.782406, 0.240742, 4.377172), (-5.629575, 0.248869, 4.22326)
(-5.629575, 0.248869, 4.22326), (-5.475344, 0.253561, 4.225646), (-5.476078, 0.259232, 4.069688)
(-5.629575, 0.248869, 4.22326), (-5.628709, 0.241001, 4.379467), (-5.475344, 0.253561, 4.225646)
(-5.475344, 0.253561, 4.225646), (-5.320556, 0.258466, 4.227767), (-5.321297, 0.266538, 4.072005)
(-5.475344, 0.253561, 4.225646), (-5.474458, 0.243005, 4.381611), (-5.320556, 0.258466, 4.227767)
(-5.320556, 0.258466, 4.227767), (-5.165234, 0.262642, 4.229571), (-5.165988, 0.272674, 4.073992)
(-5.320556, 0.258466, 4.227767), (-5.319661, 0.245632, 4.383515), (-5.165234, 0.262642, 4.229571)
(-5.935631, 0.243583, 4.374851), (-5.782406, 0.240742, 4.377172), (-5.783253, 0.245764, 4.220704)
(-5.935631, 0.243583, 4.374851), (-5.93481, 0.236985, 4.531668), (-5.782406, 0.240742, 4.377172)
(-5.782406, 0.240742, 4.377172), (-5.781516, 0.231452, 4.533686), (-5.628709, 0.241001, 4.379467)
(-5.782406, 0.240742, 4.377172), (-5.628709, 0.241001, 4.379467), (-5.629575, 0.248869, 4.22326)
(-5.628709, 0.241001, 4.379467), (-5.474458, 0.243005, 4.381611), (-5.475344, 0.253561, 4.225646)
(-5.628709, 0.241001, 4.379467), (-5.627757, 0.228951, 4.53569), (-5.474458, 0.243005, 4.381611)
(-5.474458, 0.243005, 4.381611), (-5.473471, 0.22842, 4.537567), (-5.319661, 0.245632, 4.383515)
(-5.474458, 0.243005, 4.381611), (-5.319661, 0.245632, 4.383515), (-5.320556, 0.258466, 4.227767)
(-5.319661, 0.245632, 4.383515), (-5.164333, 0.247959, 4.385128), (-5.165234, 0.262642, 4.229571)
(-5.319661, 0.245632, 4.383515), (-5.318646, 0.228809, 4.53923), (-5.164333, 0.247959, 4.385128)
(-5.93481, 0.236985, 4.531668), (-5.781516, 0.231452, 4.533686), (-5.782406, 0.240742, 4.377172)
(-5.93481, 0.236985, 4.531668), (-5.934036, 0.226735, 4.688505), (-5.781516, 0.231452, 4.533686)
(-5.781516, 0.231452, 4.533686), (-5.627757, 0.228951, 4.53569), (-5.628709, 0.241001, 4.379467)
(-5.781516, 0.231452, 4.533686), (-5.780619, 0.218739, 4.690202), (-5.627757, 0.228951, 4.53569)
(-5.627757, 0.228951, 4.53569), (-5.473471, 0.22842, 4.537567), (-5.474458, 0.243005, 4.381611)
(-5.627757, 0.228951, 4.53569), (-5.626771, 0.213707, 4.691896), (-5.473471, 0.22842, 4.537567)
(-5.473471, 0.22842, 4.537567), (-5.318646, 0.228809, 4.53923), (-5.319661, 0.245632, 4.383515)
(-5.473471, 0.22842, 4.537567), (-5.472428, 0.210828, 4.693493), (-5.318646, 0.228809, 4.53923)
(-5.318646, 0.228809, 4.53923), (-5.163309, 0.22936, 4.540637), (-5.164333, 0.247959, 4.385128)
(-5.318646, 0.228809, 4.53923), (-5.317564, 0.209206, 4.694906), (-5.163309, 0.22936, 4.540637)
# -4.975169750019997, 0, 4.30671151664667
(-5.165988, 0.272674, 4.073992), (-5.165234, 0.262642, 4.229571), (-5.010276, 0.278013, 4.075715)
(-5.165988, 0.272674, 4.073992), (-5.010276, 0.278013, 4.075715), (-5.010944, 0.285318, 3.920386)
(-5.010276, 0.278013, 4.075715), (-5.009477, 0.26615, 4.231102), (-4.854296, 0.283242, 4.077294)
(-5.010276, 0.278013, 4.075715), (-4.854296, 0.283242, 4.077294), (-4.855077, 0.292808, 3.922248)
(-4.854296, 0.283242, 4.077294), (-4.853434, 0.269621, 4.232468), (-4.698193, 0.288843, 4.078852)
(-4.854296, 0.283242, 4.077294), (-4.698193, 0.288843, 4.078852), (-4.699126, 0.30092, 3.924164)
(-4.698193, 0.288843, 4.078852), (-4.697243, 0.273437, 4.23378), (-4.542053, 0.294855, 4.080459)
(-4.698193, 0.288843, 4.078852), (-4.542053, 0.294855, 4.080459), (-4.543159, 0.309743, 3.926203)
(-5.165234, 0.262642, 4.229571), (-5.009477, 0.26615, 4.231102), (-5.010276, 0.278013, 4.075715)
(-5.165234, 0.262642, 4.229571), (-5.164333, 0.247959, 4.385128), (-5.009477, 0.26615, 4.231102)
(-5.009477, 0.26615, 4.231102), (-4.853434, 0.269621, 4.232468), (-4.854296, 0.283242, 4.077294)
(-5.009477, 0.26615, 4.231102), (-5.008562, 0.249861, 4.386477), (-4.853434, 0.269621, 4.232468)
(-4.853434, 0.269621, 4.232468), (-4.697243, 0.273437, 4.23378), (-4.698193, 0.288843, 4.078852)
(-4.853434, 0.269621, 4.232468), (-4.852485, 0.251784, 4.387655), (-4.697243, 0.273437, 4.23378)
(-4.697243, 0.273437, 4.23378), (-4.541009, 0.277723, 4.235111), (-4.542053, 0.294855, 4.080459)
(-4.697243, 0.273437, 4.23378), (-4.696262, 0.254288, 4.38878), (-4.541009, 0.277723, 4.235111)
(-5.164333, 0.247959, 4.385128), (-5.163309, 0.22936, 4.540637), (-5.008562, 0.249861, 4.386477)
(-5.164333, 0.247959, 4.385128), (-5.008562, 0.249861, 4.386477), (-5.009477, 0.26615, 4.231102)
(-5.008562, 0.249861, 4.386477), (-4.852485, 0.251784, 4.387655), (-4.853434, 0.269621, 4.232468)
(-5.008562, 0.249861, 4.386477), (-5.007532, 0.229772, 4.541798), (-4.852485, 0.251784, 4.387655)
(-4.852485, 0.251784, 4.387655), (-4.851461, 0.230433, 4.542803), (-4.696262, 0.254288, 4.38878)
(-4.852485, 0.251784, 4.387655), (-4.696262, 0.254288, 4.38878), (-4.697243, 0.273437, 4.23378)
(-4.696262, 0.254288, 4.38878), (-4.539993, 0.257467, 4.389915), (-4.541009, 0.277723, 4.235111)
(-4.696262, 0.254288, 4.38878), (-4.695243, 0.231826, 4.543753), (-4.539993, 0.257467, 4.389915)
(-5.163309, 0.22936, 4.540637), (-5.007532, 0.229772, 4.541798), (-5.008562, 0.249861, 4.386477)
(-5.163309, 0.22936, 4.540637), (-5.162205, 0.208099, 4.696092), (-5.007532, 0.229772, 4.541798)
(-5.007532, 0.229772, 4.541798), (-4.851461, 0.230433, 4.542803), (-4.852485, 0.251784, 4.387655)
(-5.007532, 0.229772, 4.541798), (-5.006441, 0.207235, 4.69707), (-4.851461, 0.230433, 4.542803)
(-4.851461, 0.230433, 4.542803), (-4.695243, 0.231826, 4.543753), (-4.696262, 0.254288, 4.38878)
(-4.851461, 0.230433, 4.542803), (-4.850392, 0.206804, 4.697903), (-4.695243, 0.231826, 4.543753)
(-4.695243, 0.231826, 4.543753), (-4.538979, 0.23415, 4.544723), (-4.539993, 0.257467, 4.389915)
(-4.695243, 0.231826, 4.543753), (-4.694195, 0.207229, 4.698685), (-4.538979, 0.23415, 4.544723)
# -4.307399516686664, 0, 4.30671151664667
(-4.542053, 0.294855, 4.080459), (-4.541009, 0.277723, 4.235111), (-4.385861, 0.301548, 4.082143)
(-4.542053, 0.294855, 4.080459), (-4.385861, 0.301548, 4.082143), (-4.387143, 0.319686, 3.928422)
(-4.385861, 0.301548, 4.082143), (-4.384729, 0.282541, 4.236484), (-4.229503, 0.309375, 4.083937)
(-4.385861, 0.301548, 4.082143), (-4.229503, 0.309375, 4.083937), (-4.230942, 0.3312, 3.930818)
(-4.229503, 0.309375, 4.083937), (-4.228312, 0.288089, 4.237913), (-4.072819, 0.31837, 4.085809)
(-4.229503, 0.309375, 4.083937), (-4.072819, 0.31837, 4.085809), (-4.074378, 0.343772, 3.933278)
(-4.072819, 0.31837, 4.085809), (-4.07161, 0.294337, 4.239387), (-3.915655, 0.328736, 4.087762)
(-4.072819, 0.31837, 4.085809), (-3.915655, 0.328736, 4.087762), (-3.917303, 0.356654, 3.935657)
(-4.541009, 0.277723, 4.235111), (-4.384729, 0.282541, 4.236484), (-4.385861, 0.301548, 4.082143)
(-4.541009, 0.277723, 4.235111), (-4.539993, 0.257467, 4.389915), (-4.384729, 0.282541, 4.236484)
(-4.384729, 0.282541, 4.236484), (-4.228312, 0.288089, 4.237913), (-4.229503, 0.309375, 4.083937)
(-4.384729, 0.282541, 4.236484), (-4.383692, 0.26128, 4.39109), (-4.228312, 0.288089, 4.237913)
(-4.228312, 0.288089, 4.237913), (-4.07161, 0.294337, 4.239387), (-4.072819, 0.31837, 4.085809)
(-4.228312, 0.288089, 4.237913), (-4.227279, 0.265685, 4.392311), (-4.07161, 0.294337, 4.239387)
(-4.07161, 0.294337, 4.239387), (-3.914478, 0.301747, 4.240937), (-3.915655, 0.328736, 4.087762)
(-4.07161, 0.294337, 4.239387), (-4.070622, 0.270511, 4.393559), (-3.914478, 0.301747, 4.240937)
(-4.539993, 0.257467, 4.389915), (-4.538979, 0.23415, 4.544723), (-4.383692, 0.26128, 4.39109)
(-4.539993, 0.257467, 4.389915), (-4.383692, 0.26128, 4.39109), (-4.384729, 0.282541, 4.236484)
(-4.383692, 0.26128, 4.39109), (-4.227279, 0.265685, 4.392311), (-4.228312, 0.288089, 4.237913)
(-4.383692, 0.26128, 4.39109), (-4.382696, 0.23727, 4.545736), (-4.227279, 0.265685, 4.392311)
(-4.227279, 0.265685, 4.392311), (-4.226323, 0.241031, 4.546797), (-4.070622, 0.270511, 4.393559)
(-4.227279, 0.265685, 4.392311), (-4.070622, 0.270511, 4.393559), (-4.07161, 0.294337, 4.239387)
(-4.070622, 0.270511, 4.393559), (-3.913598, 0.27593, 4.394845), (-3.914478, 0.301747, 4.240937)
(-4.070622, 0.270511, 4.393559), (-4.069742, 0.245146, 4.547888), (-3.913598, 0.27593, 4.394845)
(-4.538979, 0.23415, 4.544723), (-4.382696, 0.23727, 4.545736), (-4.383692, 0.26128, 4.39109)
(-4.538979, 0.23415, 4.544723), (-4.537953, 0.208725, 4.699487), (-4.382696, 0.23727, 4.545736)
(-4.382696, 0.23727, 4.545736), (-4.226323, 0.241031, 4.546797), (-4.227279, 0.265685, 4.392311)
(-4.382696, 0.23727, 4.545736), (-4.381696, 0.211145, 4.700333), (-4.226323, 0.241031, 4.546797)
(-4.226323, 0.241031, 4.546797), (-4.069742, 0.245146, 4.547888), (-4.070622, 0.270511, 4.393559)
(-4.226323, 0.241031, 4.546797), (-4.225368, 0.214246, 4.701227), (-4.069742, 0.245146, 4.547888)
(-4.069742, 0.245146, 4.547888), (-3.91285, 0.249657, 4.549002), (-3.913598, 0.27593, 4.394845)
(-4.069742, 0.245146, 4.547888), (-4.06887, 0.217796, 4.702158), (-3.91285, 0.249657, 4.549002)
# -3.6396292833533312, 0, 4.30671151664667
(-3.915655, 0.328736, 4.087762), (-3.914478, 0.301747, 4.240937), (-3.757892, 0.341043, 4.089746)
(-3.915655, 0.328736, 4.087762), (-3.757892, 0.341043, 4.089746), (-3.759593, 0.369725, 3.937862)
(-3.757892, 0.341043, 4.089746), (-3.756789, 0.311796, 4.24263), (-3.599526, 0.355901, 4.091705)
(-3.757892, 0.341043, 4.089746), (-3.599526, 0.355901, 4.091705), (-3.601241, 0.383706, 3.939817)
(-3.599526, 0.355901, 4.091705), (-3.598526, 0.325802, 4.244479), (-3.440689, 0.373412, 4.093556)
(-3.599526, 0.355901, 4.091705), (-3.440689, 0.373412, 4.093556), (-3.442385, 0.399379, 3.941482)
(-3.440689, 0.373412, 4.093556), (-3.439814, 0.344153, 4.246449), (-3.281652, 0.393047, 4.09527)
(-3.440689, 0.373412, 4.093556), (-3.281652, 0.393047, 4.09527), (-3.283231, 0.416966, 3.942835)
(-3.914478, 0.301747, 4.240937), (-3.756789, 0.311796, 4.24263), (-3.757892, 0.341043, 4.089746)
(-3.914478, 0.301747, 4.240937), (-3.913598, 0.27593, 4.394845), (-3.756789, 0.311796, 4.24263)
(-3.756789, 0.311796, 4.24263), (-3.598526, 0.325802, 4.244479), (-3.599526, 0.355901, 4.091705)
(-3.756789, 0.311796, 4.24263), (-3.756085, 0.28337, 4.396248), (-3.598526, 0.325802, 4.244479)
(-3.598526, 0.325802, 4.244479), (-3.439814, 0.344153, 4.246449), (-3.440689, 0.373412, 4.093556)
(-3.598526, 0.325802, 4.244479), (-3.598048, 0.294765, 4.397859), (-3.439814, 0.344153, 4.246449)
(-3.439814, 0.344153, 4.246449), (-3.280896, 0.365603, 4.248439), (-3.281652, 0.393047, 4.09527)
(-3.439814, 0.344153, 4.246449), (-3.439572, 0.311182, 4.39969), (-3.280896, 0.365603, 4.248439)
(-3.913598, 0.27593, 4.394845), (-3.91285, 0.249657, 4.549002), (-3.756085, 0.28337, 4.396248)
(-3.913598, 0.27593, 4.394845), (-3.756085, 0.28337, 4.396248), (-3.756789, 0.311796, 4.24263)
(-3.756085, 0.28337, 4.396248), (-3.598048, 0.294765, 4.397859), (-3.598526, 0.325802, 4.244479)
(-3.756085, 0.28337, 4.396248), (-3.75554, 0.2555, 4.550185), (-3.598048, 0.294765, 4.397859)
(-3.598048, 0.294765, 4.397859), (-3.597768, 0.264165, 4.551503), (-3.439572, 0.311182, 4.39969)
(-3.598048, 0.294765, 4.397859), (-3.439572, 0.311182, 4.39969), (-3.439814, 0.344153, 4.246449)
(-3.439572, 0.311182, 4.39969), (-3.280838, 0.332009, 4.4017), (-3.280896, 0.365603, 4.248439)
(-3.439572, 0.311182, 4.39969), (-3.439581, 0.276775, 4.552997), (-3.280838, 0.332009, 4.4017)
(-3.91285, 0.249657, 4.549002), (-3.75554, 0.2555, 4.550185), (-3.756085, 0.28337, 4.396248)
(-3.91285, 0.249657, 4.549002), (-3.912105, 0.221796, 4.703113), (-3.75554, 0.2555, 4.550185)
(-3.75554, 0.2555, 4.550185), (-3.597768, 0.264165, 4.551503), (-3.598048, 0.294765, 4.397859)
(-3.75554, 0.2555, 4.550185), (-3.755003, 0.226825, 4.704109), (-3.597768, 0.264165, 4.551503)
(-3.597768, 0.264165, 4.551503), (-3.439581, 0.276775, 4.552997), (-3.439572, 0.311182, 4.39969)
(-3.597768, 0.264165, 4.551503), (-3.5975, 0.233765, 4.705185), (-3.439581, 0.276775, 4.552997)
(-3.439581, 0.276775, 4.552997), (-3.281106, 0.293631, 4.554699), (-3.280838, 0.332009, 4.4017)
(-3.439581, 0.276775, 4.552997), (-3.439626, 0.24299, 4.706347), (-3.281106, 0.293631, 4.554699)
# -2.9718590500199973, 0, 4.30671151664667
(-3.281652, 0.393047, 4.09527), (-3.280896, 0.365603, 4.248439), (-3.122664, 0.414339, 4.096836)
(-3.281652, 0.393047, 4.09527), (-3.122664, 0.414339, 4.096836), (-3.124125, 0.436051, 3.943969)
(-3.122664, 0.414339, 4.096836), (-3.122054, 0.388827, 4.25039), (-2.964017, 0.434228, 4.098133)
(-3.122664, 0.414339, 4.096836), (-2.964017, 0.434228, 4.098133), (-2.965323, 0.453947, 3.944734)
(-2.964017, 0.434228, 4.098133), (-2.963502, 0.410458, 4.252084), (-2.805742, 0.449046, 4.098849)
(-2.964017, 0.434228, 4.098133), (-2.805742, 0.449046, 4.098849), (-2.806966, 0.467613, 3.944899)
(-2.648146, 0.456758, 4.09881), (-2.647663, 0.430787, 4.253356), (-2.491379, 0.460039, 4.09814)
(-2.648146, 0.456758, 4.09881), (-2.491379, 0.460039, 4.09814), (-2.492464, 0.48202, 3.943343)
(-2.805742, 0.449046, 4.098849), (-2.805302, 0.425042, 4.25314), (-2.648146, 0.456758, 4.09881)
(-2.805742, 0.449046, 4.098849), (-2.648146, 0.456758, 4.09881), (-2.649224, 0.476651, 3.944385)
(-3.280896, 0.365603, 4.248439), (-3.122054, 0.388827, 4.25039), (-3.122664, 0.414339, 4.096836)
(-3.280896, 0.365603, 4.248439), (-3.280838, 0.332009, 4.4017), (-3.122054, 0.388827, 4.25039)
(-3.122054, 0.388827, 4.25039), (-2.963502, 0.410458, 4.252084), (-2.964017, 0.434228, 4.098133)
(-3.122054, 0.388827, 4.25039), (-3.122127, 0.355837, 4.403829), (-2.963502, 0.410458, 4.252084)
(-2.963502, 0.410458, 4.252084), (-2.805302, 0.425042, 4.25314), (-2.805742, 0.449046, 4.098849)
(-2.963502, 0.410458, 4.252084), (-2.963671, 0.378756, 4.40578), (-2.805302, 0.425042, 4.25314)
(-2.805302, 0.425042, 4.25314), (-2.647663, 0.430787, 4.253356), (-2.648146, 0.456758, 4.09881)
(-2.805302, 0.425042, 4.25314), (-2.805512, 0.394059, 4.407107), (-2.647663, 0.430787, 4.253356)
(-2.647663, 0.430787, 4.253356), (-2.490828, 0.430672, 4.252833), (-2.491379, 0.460039, 4.09814)
(-2.647663, 0.430787, 4.253356), (-2.647797, 0.398252, 4.407497), (-2.490828, 0.430672, 4.252833)
(-3.280838, 0.332009, 4.4017), (-3.281106, 0.293631, 4.554699), (-3.122127, 0.355837, 4.403829)
(-3.280838, 0.332009, 4.4017), (-3.122127, 0.355837, 4.403829), (-3.122054, 0.388827, 4.25039)
(-3.122127, 0.355837, 4.403829), (-2.963671, 0.378756, 4.40578), (-2.963502, 0.410458, 4.252084)
(-3.122127, 0.355837, 4.403829), (-3.122589, 0.314722, 4.556653), (-2.963671, 0.378756, 4.40578)
(-2.963671, 0.378756, 4.40578), (-2.964258, 0.337304, 4.558664), (-2.805512, 0.394059, 4.407107)
(-2.963671, 0.378756, 4.40578), (-2.805512, 0.394059, 4.407107), (-2.805302, 0.425042, 4.25314)
(-2.805512, 0.394059, 4.407107), (-2.647797, 0.398252, 4.407497), (-2.647663, 0.430787, 4.253356)
(-2.805512, 0.394059, 4.407107), (-2.806174, 0.353657, 4.560202), (-2.647797, 0.398252, 4.407497)
(-2.647797, 0.398252, 4.407497), (-2.6484, 0.357531, 4.560798), (-2.490803, 0.394938, 4.407052)
(-2.647797, 0.398252, 4.407497), (-2.490803, 0.394938, 4.407052), (-2.490828, 0.430672, 4.252833)
(-3.281106, 0.293631, 4.554699), (-3.122589, 0.314722, 4.556653), (-3.122127, 0.355837, 4.403829)
(-3.281106, 0.293631, 4.554699), (-3.281473, 0.25496, 4.70763), (-3.122589, 0.314722, 4.556653)
(-3.122589, 0.314722, 4.556653), (-2.964258, 0.337304, 4.558664), (-2.963671, 0.378756, 4.40578)
(-3.122589, 0.314722, 4.556653), (-3.123242, 0.270554, 4.709136), (-2.964258, 0.337304, 4.558664)
(-2.964258, 0.337304, 4.558664), (-2.806174, 0.353657, 4.560202), (-2.805512, 0.394059, 4.407107)
(-2.964258, 0.337304, 4.558664), (-2.965134, 0.288979, 4.710842), (-2.806174, 0.353657, 4.560202)
(-2.806174, 0.353657, 4.560202), (-2.6484, 0.357531, 4.560798), (-2.647797, 0.398252, 4.407497)
(-2.806174, 0.353657, 4.560202), (-2.807201, 0.303667, 4.712318), (-2.6484, 0.357531, 4.560798)
(-2.6484, 0.357531, 4.560798), (-2.491292, 0.351747, 4.560417), (-2.490803, 0.394938, 4.407052)
(-2.6484, 0.357531, 4.560798), (-2.649448, 0.304803, 4.712871), (-2.491292, 0.351747, 4.560417)
# -2.304088816686664, 0, 4.30671151664667
(-2.027343, 0.464223, 4.094573), (-2.026754, 0.422358, 4.24932), (-1.874117, 0.466061, 4.093579)
(-2.027343, 0.464223, 4.094573), (-1.874117, 0.466061, 4.093579), (-1.874612, 0.503792, 3.938408)
(-2.18106, 0.463493, 4.095852), (-2.180399, 0.426574, 4.250686), (-2.027343, 0.464223, 4.094573)
(-2.18106, 0.463493, 4.095852), (-2.027343, 0.464223, 4.094573), (-2.028071, 0.497516, 3.939333)
(-2.335675, 0.461817, 4.097085), (-2.335005, 0.428847, 4.251885), (-2.18106, 0.463493, 4.095852)
(-2.335675, 0.461817, 4.097085), (-2.18106, 0.463493, 4.095852), (-2.182039, 0.491875, 3.940637)
(-2.491379, 0.460039, 4.09814), (-2.490828, 0.430672, 4.252833), (-2.335675, 0.461817, 4.097085)
(-2.491379, 0.460039, 4.09814), (-2.335675, 0.461817, 4.097085), (-2.336763, 0.486774, 3.942036)
(-2.026754, 0.422358, 4.24932), (-1.873683, 0.418794, 4.24814), (-1.874117, 0.466061, 4.093579)
(-2.026754, 0.422358, 4.24932), (-2.026366, 0.371703, 4.40326), (-1.873683, 0.418794, 4.24814)
(-2.180399, 0.426574, 4.250686), (-2.026754, 0.422358, 4.24932), (-2.027343, 0.464223, 4.094573)
(-2.180399, 0.426574, 4.250686), (-2.180086, 0.380614, 4.404719), (-2.026754, 0.422358, 4.24932)
(-2.335005, 0.428847, 4.251885), (-2.180399, 0.426574, 4.250686), (-2.18106, 0.463493, 4.095852)
(-2.335005, 0.428847, 4.251885), (-2.334841, 0.387676, 4.405987), (-2.180399, 0.426574, 4.250686)
(-2.490828, 0.430672, 4.252833), (-2.335005, 0.428847, 4.251885), (-2.335675, 0.461817, 4.097085)
(-2.490828, 0.430672, 4.252833), (-2.490803, 0.394938, 4.407052), (-2.335005, 0.428847, 4.251885)
(-2.026366, 0.371703, 4.40326), (-2.026253, 0.313536, 4.556267), (-1.873304, 0.363847, 4.40197)
(-2.026366, 0.371703, 4.40326), (-1.873304, 0.363847, 4.40197), (-1.873683, 0.418794, 4.24814)
(-2.180086, 0.380614, 4.404719), (-2.026366, 0.371703, 4.40326), (-2.026754, 0.422358, 4.24932)
(-2.180086, 0.380614, 4.404719), (-2.180162, 0.325477, 4.557707), (-2.026366, 0.371703, 4.40326)
(-2.334841, 0.387676, 4.405987), (-2.335099, 0.338177, 4.559155), (-2.180086, 0.380614, 4.404719)
(-2.334841, 0.387676, 4.405987), (-2.180086, 0.380614, 4.404719), (-2.180399, 0.426574, 4.250686)
(-2.490803, 0.394938, 4.407052), (-2.334841, 0.387676, 4.405987), (-2.335005, 0.428847, 4.251885)
(-2.490803, 0.394938, 4.407052), (-2.491292, 0.351747, 4.560417), (-2.334841, 0.387676, 4.405987)
(-2.026253, 0.313536, 4.556267), (-1.873042, 0.3051, 4.555149), (-1.873304, 0.363847, 4.40197)
(-2.026253, 0.313536, 4.556267), (-2.026443, 0.251865, 4.708569), (-1.873042, 0.3051, 4.555149)
(-2.180162, 0.325477, 4.557707), (-2.026253, 0.313536, 4.556267), (-2.026366, 0.371703, 4.40326)
(-2.180162, 0.325477, 4.557707), (-2.180623, 0.262284, 4.709685), (-2.026253, 0.313536, 4.556267)
(-2.335099, 0.338177, 4.559155), (-2.180162, 0.325477, 4.557707), (-2.180086, 0.380614, 4.404719)
(-2.335099, 0.338177, 4.559155), (-2.335859, 0.277843, 4.711109), (-2.180162, 0.325477, 4.557707)
(-2.491292, 0.351747, 4.560417), (-2.335099, 0.338177, 4.559155), (-2.334841, 0.387676, 4.405987)
(-2.491292, 0.351747, 4.560417), (-2.492265, 0.296185, 4.712483), (-2.335099, 0.338177, 4.559155)
# -1.6363185833533305, 0, 4.30671151664667
(-1.721054, 0.471221, 4.093194), (-1.720775, 0.421139, 4.247683), (-1.567907, 0.480723, 4.093557)
(-1.721054, 0.471221, 4.093194), (-1.567907, 0.480723, 4.093557), (-1.567926, 0.520195, 3.938195)
(-1.567907, 0.480723, 4.093557), (-1.567744, 0.431289, 4.2482), (-1.414513, 0.491819, 4.09456)
(-1.567907, 0.480723, 4.093557), (-1.414513, 0.491819, 4.09456), (-1.41434, 0.529183, 3.938906)
(-1.874117, 0.466061, 4.093579), (-1.873683, 0.418794, 4.24814), (-1.721054, 0.471221, 4.093194)
(-1.874117, 0.466061, 4.093579), (-1.721054, 0.471221, 4.093194), (-1.721302, 0.511437, 3.938023)
(-1.414513, 0.491819, 4.09456), (-1.414466, 0.445449, 4.249488), (-1.26071, 0.503154, 4.096098)
(-1.414513, 0.491819, 4.09456), (-1.26071, 0.503154, 4.096098), (-1.260305, 0.536875, 3.940135)
(-1.720775, 0.421139, 4.247683), (-1.567744, 0.431289, 4.2482), (-1.567907, 0.480723, 4.093557)
(-1.720775, 0.421139, 4.247683), (-1.720446, 0.363186, 4.40142), (-1.567744, 0.431289, 4.2482)
(-1.873683, 0.418794, 4.24814), (-1.720775, 0.421139, 4.247683), (-1.721054, 0.471221, 4.093194)
(-1.873683, 0.418794, 4.24814), (-1.873304, 0.363847, 4.40197), (-1.720775, 0.421139, 4.247683)
(-1.567744, 0.431289, 4.2482), (-1.414466, 0.445449, 4.249488), (-1.414513, 0.491819, 4.09456)
(-1.567744, 0.431289, 4.2482), (-1.567424, 0.372971, 4.401985), (-1.414466, 0.445449, 4.249488)
(-1.414466, 0.445449, 4.249488), (-1.260776, 0.460416, 4.251313), (-1.26071, 0.503154, 4.096098)
(-1.414466, 0.445449, 4.249488), (-1.414121, 0.390001, 4.403518), (-1.260776, 0.460416, 4.251313)
(-1.720446, 0.363186, 4.40142), (-1.720085, 0.302808, 4.55462), (-1.567424, 0.372971, 4.401985)
(-1.720446, 0.363186, 4.40142), (-1.567424, 0.372971, 4.401985), (-1.567744, 0.431289, 4.2482)
(-1.873304, 0.363847, 4.40197), (-1.720446, 0.363186, 4.40142), (-1.720775, 0.421139, 4.247683)
(-1.873304, 0.363847, 4.40197), (-1.873042, 0.3051, 4.555149), (-1.720446, 0.363186, 4.40142)
(-1.567424, 0.372971, 4.401985), (-1.414121, 0.390001, 4.403518), (-1.414466, 0.445449, 4.249488)
(-1.567424, 0.372971, 4.401985), (-1.566984, 0.309581, 4.555013), (-1.414121, 0.390001, 4.403518)
(-1.414121, 0.390001, 4.403518), (-1.413534, 0.327363, 4.556612), (-1.260424, 0.408793, 4.405608)
(-1.414121, 0.390001, 4.403518), (-1.260424, 0.408793, 4.405608), (-1.260776, 0.460416, 4.251313)
(-1.720085, 0.302808, 4.55462), (-1.566984, 0.309581, 4.555013), (-1.567424, 0.372971, 4.401985)
(-1.720085, 0.302808, 4.55462), (-1.719711, 0.244604, 4.707513), (-1.566984, 0.309581, 4.555013)
(-1.566984, 0.309581, 4.555013), (-1.413534, 0.327363, 4.556612), (-1.414121, 0.390001, 4.403518)
(-1.566984, 0.309581, 4.555013), (-1.566433, 0.245771, 4.707525), (-1.413534, 0.327363, 4.556612)
(-1.873042, 0.3051, 4.555149), (-1.720085, 0.302808, 4.55462), (-1.720446, 0.363186, 4.40142)
(-1.873042, 0.3051, 4.555149), (-1.872929, 0.246916, 4.707909), (-1.720085, 0.302808, 4.55462)
(-1.413534, 0.327363, 4.556612), (-1.259658, 0.349636, 4.558921), (-1.260424, 0.408793, 4.405608)
(-1.413534, 0.327363, 4.556612), (-1.412762, 0.260108, 4.708841), (-1.259658, 0.349636, 4.558921)
# -0.968548350019997, 0, 4.30671151664667
(-1.26071, 0.503154, 4.096098), (-1.260776, 0.460416, 4.251313), (-1.106327, 0.513013, 4.09801)
(-1.26071, 0.503154, 4.096098), (-1.106327, 0.513013, 4.09801), (-1.105671, 0.542725, 3.941758)
(-1.106327, 0.513013, 4.09801), (-1.10653, 0.47442, 4.253492), (-0.951296, 0.519356, 4.100051)
(-1.106327, 0.513013, 4.09801), (-0.951296, 0.519356, 4.100051), (-0.950397, 0.545667, 3.943584)
(-0.951296, 0.519356, 4.100051), (-0.951632, 0.484074, 4.255694), (-0.795603, 0.521178, 4.102062)
(-0.951296, 0.519356, 4.100051), (-0.795603, 0.521178, 4.102062), (-0.79451, 0.545564, 3.945513)
(-0.795603, 0.521178, 4.102062), (-0.796131, 0.488532, 4.257777), (-0.639335, 0.520435, 4.104121)
(-0.795603, 0.521178, 4.102062), (-0.639335, 0.520435, 4.104121), (-0.637966, 0.542904, 3.94753)
(-0.639335, 0.520435, 4.104121), (-0.640063, 0.489514, 4.259806), (-0.482446, 0.519235, 4.106312)
(-0.639335, 0.520435, 4.104121), (-0.482446, 0.519235, 4.106312), (-0.480834, 0.540408, 3.949742)
(-1.260776, 0.460416, 4.251313), (-1.10653, 0.47442, 4.253492), (-1.106327, 0.513013, 4.09801)
(-1.260776, 0.460416, 4.251313), (-1.260424, 0.408793, 4.405608), (-1.10653, 0.47442, 4.253492)
(-1.10653, 0.47442, 4.253492), (-0.951632, 0.484074, 4.255694), (-0.951296, 0.519356, 4.100051)
(-1.10653, 0.47442, 4.253492), (-1.106149, 0.426488, 4.407982), (-0.951632, 0.484074, 4.255694)
(-0.951632, 0.484074, 4.255694), (-0.796131, 0.488532, 4.257777), (-0.795603, 0.521178, 4.102062)
(-0.951632, 0.484074, 4.255694), (-0.951311, 0.439622, 4.410309), (-0.796131, 0.488532, 4.257777)
(-0.796131, 0.488532, 4.257777), (-0.640063, 0.489514, 4.259806), (-0.639335, 0.520435, 4.104121)
(-0.796131, 0.488532, 4.257777), (-0.795933, 0.446746, 4.41241), (-0.640063, 0.489514, 4.259806)
(-0.640063, 0.489514, 4.259806), (-0.48342, 0.489939, 4.26194), (-0.482446, 0.519235, 4.106312)
(-0.640063, 0.489514, 4.259806), (-0.640035, 0.449749, 4.414374), (-0.48342, 0.489939, 4.26194)
(-1.260424, 0.408793, 4.405608), (-1.106149, 0.426488, 4.407982), (-1.10653, 0.47442, 4.253492)
(-1.260424, 0.408793, 4.405608), (-1.259658, 0.349636, 4.558921), (-1.106149, 0.426488, 4.407982)
(-1.106149, 0.426488, 4.407982), (-1.105259, 0.371243, 4.561479), (-0.951311, 0.439622, 4.410309)
(-1.106149, 0.426488, 4.407982), (-0.951311, 0.439622, 4.410309), (-0.951632, 0.484074, 4.255694)
(-0.951311, 0.439622, 4.410309), (-0.795933, 0.446746, 4.41241), (-0.796131, 0.488532, 4.257777)
(-0.951311, 0.439622, 4.410309), (-0.950373, 0.386972, 4.563818), (-0.795933, 0.446746, 4.41241)
(-0.795933, 0.446746, 4.41241), (-0.795043, 0.396149, 4.565845), (-0.640035, 0.449749, 4.414374)
(-0.795933, 0.446746, 4.41241), (-0.640035, 0.449749, 4.414374), (-0.640063, 0.489514, 4.259806)
(-0.640035, 0.449749, 4.414374), (-0.483583, 0.45204, 4.416403), (-0.48342, 0.489939, 4.26194)
(-0.640035, 0.449749, 4.414374), (-0.639242, 0.401156, 4.567693), (-0.483583, 0.45204, 4.416403)
(-1.259658, 0.349636, 4.558921), (-1.105259, 0.371243, 4.561479), (-1.106149, 0.426488, 4.407982)
(-1.259658, 0.349636, 4.558921), (-1.258579, 0.285333, 4.711311), (-1.105259, 0.371243, 4.561479)
(-1.105259, 0.371243, 4.561479), (-0.950373, 0.386972, 4.563818), (-0.951311, 0.439622, 4.410309)
(-1.105259, 0.371243, 4.561479), (-1.103933, 0.310341, 4.713988), (-0.950373, 0.386972, 4.563818)
(-0.950373, 0.386972, 4.563818), (-0.795043, 0.396149, 4.565845), (-0.795933, 0.446746, 4.41241)
(-0.950373, 0.386972, 4.563818), (-0.948938, 0.327557, 4.716232), (-0.795043, 0.396149, 4.565845)
(-0.795043, 0.396149, 4.565845), (-0.639242, 0.401156, 4.567693), (-0.640035, 0.449749, 4.414374)
(-0.795043, 0.396149, 4.565845), (-0.793557, 0.337846, 4.718072), (-0.639242, 0.401156, 4.567693)
(-0.639242, 0.401156, 4.567693), (-0.482952, 0.406031, 4.569639), (-0.483583, 0.45204, 4.416403)
(-0.639242, 0.401156, 4.567693), (-0.637771, 0.345528, 4.719836), (-0.482952, 0.406031, 4.569639)
# -0.3007781166866636, 0, 4.30671151664667
(-0.482446, 0.519235, 4.106312), (-0.48342, 0.489939, 4.26194), (-0.325044, 0.520934, 4.108836)
(-0.482446, 0.519235, 4.106312), (-0.325044, 0.520934, 4.108836), (-0.323181, 0.540828, 3.952278)
(-0.325044, 0.520934, 4.108836), (-0.326237, 0.493124, 4.264393), (-0.167053, 0.527367, 4.111755)
(-0.325044, 0.520934, 4.108836), (-0.167053, 0.527367, 4.111755), (-0.165027, 0.546099, 3.955219)
(-0.167053, 0.527367, 4.111755), (-0.168471, 0.501158, 4.267275), (-0.008512, 0.53971, 4.115105)
(-0.167053, 0.527367, 4.111755), (-0.008512, 0.53971, 4.115105), (-0.006315, 0.557249, 3.958547)
(-0.008512, 0.53971, 4.115105), (-0.0101, 0.514964, 4.2706), (0.150592, 0.557767, 4.118771)
(-0.008512, 0.53971, 4.115105), (0.150592, 0.557767, 4.118771), (0.152903, 0.574323, 3.962177)
(-0.48342, 0.489939, 4.26194), (-0.326237, 0.493124, 4.264393), (-0.325044, 0.520934, 4.108836)
(-0.48342, 0.489939, 4.26194), (-0.483583, 0.45204, 4.416403), (-0.326237, 0.493124, 4.264393)
(-0.326237, 0.493124, 4.264393), (-0.168471, 0.501158, 4.267275), (-0.167053, 0.527367, 4.111755)
(-0.326237, 0.493124, 4.264393), (-0.326616, 0.457315, 4.418773), (-0.168471, 0.501158, 4.267275)
(-0.168471, 0.501158, 4.267275), (-0.0101, 0.514964, 4.2706), (-0.008512, 0.53971, 4.115105)
(-0.168471, 0.501158, 4.267275), (-0.169074, 0.467474, 4.421602), (-0.0101, 0.514964, 4.2706)
(-0.0101, 0.514964, 4.2706), (0.148858, 0.534204, 4.274265), (0.150592, 0.557767, 4.118771)
(-0.0101, 0.514964, 4.2706), (-0.01091, 0.483162, 4.424892), (0.148858, 0.534204, 4.274265)
(-0.483583, 0.45204, 4.416403), (-0.482952, 0.406031, 4.569639), (-0.326616, 0.457315, 4.418773)
(-0.483583, 0.45204, 4.416403), (-0.326616, 0.457315, 4.418773), (-0.326237, 0.493124, 4.264393)
(-0.326616, 0.457315, 4.418773), (-0.169074, 0.467474, 4.421602), (-0.168471, 0.501158, 4.267275)
(-0.326616, 0.457315, 4.418773), (-0.326146, 0.41419, 4.571944), (-0.169074, 0.467474, 4.421602)
(-0.169074, 0.467474, 4.421602), (-0.168798, 0.427219, 4.574736), (-0.01091, 0.483162, 4.424892)
(-0.169074, 0.467474, 4.421602), (-0.01091, 0.483162, 4.424892), (-0.0101, 0.514964, 4.2706)
(-0.01091, 0.483162, 4.424892), (0.147896, 0.503706, 4.428501), (0.148858, 0.534204, 4.274265)
(-0.01091, 0.483162, 4.424892), (-0.010827, 0.445211, 4.577981), (0.147896, 0.503706, 4.428501)
(-0.482952, 0.406031, 4.569639), (-0.326146, 0.41419, 4.571944), (-0.326616, 0.457315, 4.418773)
(-0.482952, 0.406031, 4.569639), (-0.481553, 0.354048, 4.72177), (-0.326146, 0.41419, 4.571944)
(-0.326146, 0.41419, 4.571944), (-0.168798, 0.427219, 4.574736), (-0.169074, 0.467474, 4.421602)
(-0.326146, 0.41419, 4.571944), (-0.324855, 0.36607, 4.724079), (-0.168798, 0.427219, 4.574736)
(-0.168798, 0.427219, 4.574736), (-0.010827, 0.445211, 4.577981), (-0.01091, 0.483162, 4.424892)
(-0.168798, 0.427219, 4.574736), (-0.167619, 0.382455, 4.726843), (-0.010827, 0.445211, 4.577981)
(-0.010827, 0.445211, 4.577981), (0.147767, 0.467189, 4.58153), (0.147896, 0.503706, 4.428501)
(-0.010827, 0.445211, 4.577981), (-0.009846, 0.402637, 4.730015), (0.147767, 0.467189, 4.58153)
