# -19.66611488335333, 0, -4.374301516686664
(-19.929312, -0.439719, -4.680327), (-19.926632, -0.439933, -4.524944), (-19.773392, -0.429258, -4.677139)
(-19.929312, -0.439719, -4.680327), (-19.773392, -0.429258, -4.677139), (-19.776157, -0.432342, -4.833018)
(-19.773392, -0.429258, -4.677139), (-19.771078, -0.426086, -4.521517), (-19.620537, -0.399187, -4.674125)
(-19.773392, -0.429258, -4.677139), (-19.620537, -0.399187, -4.674125), (-19.62282, -0.405786, -4.830299)
(-19.620537, -0.399187, -4.674125), (-19.618687, -0.392706, -4.518229), (-19.470695, -0.348976, -4.671201)
(-19.620537, -0.399187, -4.674125), (-19.470695, -0.348976, -4.671201), (-19.472401, -0.358999, -4.827701)
(-19.470695, -0.348976, -4.671201), (-19.469355, -0.339403, -4.514999), (-19.323565, -0.279514, -4.668296)
(-19.470695, -0.348976, -4.671201), (-19.323565, -0.279514, -4.668296), (-19.324614, -0.29278, -4.825143)
(-19.926632, -0.439933, -4.524944), (-19.771078, -0.426086, -4.521517), (-19.773392, -0.429258, -4.677139)
(-19.926632, -0.439933, -4.524944), (-19.924477, -0.439563, -4.36975), (-19.771078, -0.426086, -4.521517)
(-19.771078, -0.426086, -4.521517), (-19.618687, -0.392706, -4.518229), (-19.620537, -0.399187, -4.674125)
(-19.771078, -0.426086, -4.521517), (-19.769302, -0.422564, -4.366126), (-19.618687, -0.392706, -4.518229)
(-19.618687, -0.392706, -4.518229), (-19.469355, -0.339403, -4.514999), (-19.470695, -0.348976, -4.671201)
(-19.618687, -0.392706, -4.518229), (-19.617363, -0.386027, -4.362596), (-19.469355, -0.339403, -4.514999)
(-19.469355, -0.339403, -4.514999), (-19.322779, -0.267275, -4.51177), (-19.323565, -0.279514, -4.668296)
(-19.469355, -0.339403, -4.514999), (-19.468538, -0.329799, -4.359085), (-19.322779, -0.267275, -4.51177)
(-19.924477, -0.439563, -4.36975), (-19.769302, -0.422564, -4.366126), (-19.771078, -0.426086, -4.521517)
(-19.924477, -0.439563, -4.36975), (-19.922884, -0.439187, -4.214682), (-19.769302, -0.422564, -4.366126)
(-19.769302, -0.422564, -4.366126), (-19.768074, -0.419365, -4.210901), (-19.617363, -0.386027, -4.362596)
(-19.769302, -0.422564, -4.366126), (-19.617363, -0.386027, -4.362596), (-19.618687, -0.392706, -4.518229)
(-19.617363, -0.386027, -4.362596), (-19.468538, -0.329799, -4.359085), (-19.469355, -0.339403, -4.514999)
(-19.617363, -0.386027, -4.362596), (-19.616537, -0.380114, -4.207169), (-19.468538, -0.329799, -4.359085)
(-19.468538, -0.329799, -4.359085), (-19.46814, -0.321426, -4.203405), (-19.322495, -0.255073, -4.355534)
(-19.468538, -0.329799, -4.359085), (-19.322495, -0.255073, -4.355534), (-19.322779, -0.267275, -4.51177)
(-19.922884, -0.439187, -4.214682), (-19.768074, -0.419365, -4.210901), (-19.769302, -0.422564, -4.366126)
(-19.922884, -0.439187, -4.214682), (-19.921982, -0.437835, -4.059678), (-19.768074, -0.419365, -4.210901)
(-19.768074, -0.419365, -4.210901), (-19.616537, -0.380114, -4.207169), (-19.617363, -0.386027, -4.362596)
(-19.768074, -0.419365, -4.210901), (-19.767509, -0.415552, -4.055785), (-19.616537, -0.380114, -4.207169)
(-19.616537, -0.380114, -4.207169), (-19.46814, -0.321426, -4.203405), (-19.468538, -0.329799, -4.359085)
(-19.616537, -0.380114, -4.207169), (-19.616346, -0.373878, -4.051886), (-19.46814, -0.321426, -4.203405)
(-19.46814, -0.321426, -4.203405), (-19.322544, -0.244554, -4.199564), (-19.322495, -0.255073, -4.355534)
(-19.46814, -0.321426, -4.203405), (-19.468334, -0.312946, -4.047904), (-19.322544, -0.244554, -4.199564)
(-19.921982, -0.437835, -4.059678), (-19.921618, -0.436905, -3.904672), (-19.767509, -0.415552, -4.055785)
(-19.921982, -0.437835, -4.059678), (-19.767509, -0.415552, -4.055785), (-19.768074, -0.419365, -4.210901)
(-19.767509, -0.415552, -4.055785), (-19.76746, -0.412573, -3.900706), (-19.616346, -0.373878, -4.051886)
(-19.767509, -0.415552, -4.055785), (-19.616346, -0.373878, -4.051886), (-19.616537, -0.380114, -4.207169)
(-19.616346, -0.373878, -4.051886), (-19.6166, -0.368987, -3.896683), (-19.468334, -0.312946, -4.047904)
(-19.616346, -0.373878, -4.051886), (-19.468334, -0.312946, -4.047904), (-19.46814, -0.321426, -4.203405)
(-19.468334, -0.312946, -4.047904), (-19.468878, -0.306331, -3.892522), (-19.323111, -0.234191, -4.043793)
(-19.468334, -0.312946, -4.047904), (-19.323111, -0.234191, -4.043793), (-19.322544, -0.244554, -4.199564)
# -18.99834465002, 0, -4.374301516686664
(-19.323565, -0.279514, -4.668296), (-19.322779, -0.267275, -4.51177), (-19.178629, -0.19325, -4.66537)
(-19.323565, -0.279514, -4.668296), (-19.178629, -0.19325, -4.66537), (-19.179031, -0.208968, -4.822558)
(-19.178629, -0.19325, -4.66537), (-19.178455, -0.178559, -4.508499), (-19.035202, -0.093996, -4.662393)
(-19.178629, -0.19325, -4.66537), (-19.035202, -0.093996, -4.662393), (-19.035021, -0.111226, -4.819921)
(-19.035202, -0.093996, -4.662393), (-19.035683, -0.077107, -4.505163), (-18.892557, 0.014285, -4.659306)
(-19.035202, -0.093996, -4.662393), (-18.892557, 0.014285, -4.659306), (-18.8918, -0.004004, -4.817168)
(-18.892557, 0.014285, -4.659306), (-18.893572, 0.032171, -4.501723), (-18.749756, 0.125897, -4.656057)
(-18.892557, 0.014285, -4.659306), (-18.749756, 0.125897, -4.656057), (-18.748432, 0.106703, -4.814246)
(-18.749756, 0.125897, -4.656057), (-18.751116, 0.143224, -4.49813), (-18.605719, 0.233741, -4.652583)
(-18.749756, 0.125897, -4.656057), (-18.605719, 0.233741, -4.652583), (-18.604132, 0.215767, -4.811086)
(-19.322779, -0.267275, -4.51177), (-19.178455, -0.178559, -4.508499), (-19.178629, -0.19325, -4.66537)
(-19.322779, -0.267275, -4.51177), (-19.322495, -0.255073, -4.355534), (-19.178455, -0.178559, -4.508499)
(-19.178455, -0.178559, -4.508499), (-19.035683, -0.077107, -4.505163), (-19.035202, -0.093996, -4.662393)
(-19.178455, -0.178559, -4.508499), (-19.178675, -0.164573, -4.351922), (-19.035683, -0.077107, -4.505163)
(-19.035683, -0.077107, -4.505163), (-18.893572, 0.032171, -4.501723), (-18.892557, 0.014285, -4.659306)
(-19.035683, -0.077107, -4.505163), (-19.036346, -0.062117, -4.34823), (-18.893572, 0.032171, -4.501723)
(-18.893572, 0.032171, -4.501723), (-18.751116, 0.143224, -4.49813), (-18.749756, 0.125897, -4.656057)
(-18.893572, 0.032171, -4.501723), (-18.894695, 0.04792, -4.344422), (-18.751116, 0.143224, -4.49813)
(-18.751116, 0.143224, -4.49813), (-18.607418, 0.250751, -4.494318), (-18.605719, 0.233741, -4.652583)
(-18.751116, 0.143224, -4.49813), (-18.752655, 0.1594, -4.34046), (-18.607418, 0.250751, -4.494318)
(-19.322495, -0.255073, -4.355534), (-19.178675, -0.164573, -4.351922), (-19.178455, -0.178559, -4.508499)
(-19.322495, -0.255073, -4.355534), (-19.322544, -0.244554, -4.199564), (-19.178675, -0.164573, -4.351922)
(-19.178675, -0.164573, -4.351922), (-19.179203, -0.151972, -4.19562), (-19.036346, -0.062117, -4.34823)
(-19.178675, -0.164573, -4.351922), (-19.036346, -0.062117, -4.34823), (-19.035683, -0.077107, -4.505163)
(-19.036346, -0.062117, -4.34823), (-18.894695, 0.04792, -4.344422), (-18.893572, 0.032171, -4.501723)
(-19.036346, -0.062117, -4.34823), (-19.03735, -0.047885, -4.191569), (-18.894695, 0.04792, -4.344422)
(-18.894695, 0.04792, -4.344422), (-18.896023, 0.062368, -4.187387), (-18.752655, 0.1594, -4.34046)
(-18.894695, 0.04792, -4.344422), (-18.752655, 0.1594, -4.34046), (-18.751116, 0.143224, -4.49813)
(-18.752655, 0.1594, -4.34046), (-18.609058, 0.26523, -4.336281), (-18.607418, 0.250751, -4.494318)
(-18.752655, 0.1594, -4.34046), (-18.754143, 0.172689, -4.183038), (-18.609058, 0.26523, -4.336281)
(-19.322544, -0.244554, -4.199564), (-19.179203, -0.151972, -4.19562), (-19.178675, -0.164573, -4.351922)
(-19.322544, -0.244554, -4.199564), (-19.323111, -0.234191, -4.043793), (-19.179203, -0.151972, -4.19562)
(-19.179203, -0.151972, -4.19562), (-19.03735, -0.047885, -4.191569), (-19.036346, -0.062117, -4.34823)
(-19.179203, -0.151972, -4.19562), (-19.180073, -0.140591, -4.039544), (-19.03735, -0.047885, -4.191569)
(-19.03735, -0.047885, -4.191569), (-18.896023, 0.062368, -4.187387), (-18.894695, 0.04792, -4.344422)
(-19.03735, -0.047885, -4.191569), (-19.038465, -0.036282, -4.03515), (-18.896023, 0.062368, -4.187387)
(-18.896023, 0.062368, -4.187387), (-18.754143, 0.172689, -4.183038), (-18.752655, 0.1594, -4.34046)
(-18.896023, 0.062368, -4.187387), (-18.897388, 0.074112, -4.0306), (-18.754143, 0.172689, -4.183038)
(-18.754143, 0.172689, -4.183038), (-18.610691, 0.277652, -4.178483), (-18.609058, 0.26523, -4.336281)
(-18.754143, 0.172689, -4.183038), (-18.755692, 0.184221, -4.025875), (-18.610691, 0.277652, -4.178483)
(-19.323111, -0.234191, -4.043793), (-19.323925, -0.226197, -3.888187), (-19.180073, -0.140591, -4.039544)
(-19.323111, -0.234191, -4.043793), (-19.180073, -0.140591, -4.039544), (-19.179203, -0.151972, -4.19562)
# -18.330574416686666, 0, -4.374301516686664
(-18.605719, 0.233741, -4.652583), (-18.607418, 0.250751, -4.494318), (-18.459736, 0.333263, -4.648806)
(-18.605719, 0.233741, -4.652583), (-18.459736, 0.333263, -4.648806), (-18.457952, 0.316385, -4.807612)
(-18.459736, 0.333263, -4.648806), (-18.461422, 0.348017, -4.490203), (-18.310978, 0.419217, -4.644639)
(-18.459736, 0.333263, -4.648806), (-18.310978, 0.419217, -4.644639), (-18.309347, 0.405019, -4.803749)
(-18.310978, 0.419217, -4.644639), (-18.312452, 0.431242, -4.485724), (-18.159494, 0.49197, -4.640096)
(-18.310978, 0.419217, -4.644639), (-18.159494, 0.49197, -4.640096), (-18.158072, 0.479961, -4.799474)
(-18.159494, 0.49197, -4.640096), (-18.160746, 0.501833, -4.480894), (-18.006546, 0.559257, -4.635366)
(-18.159494, 0.49197, -4.640096), (-18.006546, 0.559257, -4.635366), (-18.005188, 0.548177, -4.794976)
(-18.006546, 0.559257, -4.635366), (-18.007711, 0.568242, -4.475922), (-17.853075, 0.626623, -4.630617)
(-18.006546, 0.559257, -4.635366), (-17.853075, 0.626623, -4.630617), (-17.85178, 0.61635, -4.790452)
(-18.607418, 0.250751, -4.494318), (-18.461422, 0.348017, -4.490203), (-18.459736, 0.333263, -4.648806)
(-18.607418, 0.250751, -4.494318), (-18.609058, 0.26523, -4.336281), (-18.461422, 0.348017, -4.490203)
(-18.461422, 0.348017, -4.490203), (-18.312452, 0.431242, -4.485724), (-18.310978, 0.419217, -4.644639)
(-18.461422, 0.348017, -4.490203), (-18.463043, 0.360525, -4.331814), (-18.312452, 0.431242, -4.485724)
(-18.312452, 0.431242, -4.485724), (-18.160746, 0.501833, -4.480894), (-18.159494, 0.49197, -4.640096)
(-18.312452, 0.431242, -4.485724), (-18.313791, 0.440797, -4.326995), (-18.160746, 0.501833, -4.480894)
(-18.160746, 0.501833, -4.480894), (-18.007711, 0.568242, -4.475922), (-18.006546, 0.559257, -4.635366)
(-18.160746, 0.501833, -4.480894), (-18.161842, 0.509443, -4.32188), (-18.007711, 0.568242, -4.475922)
(-18.007711, 0.568242, -4.475922), (-17.854177, 0.634933, -4.470933), (-17.853075, 0.626623, -4.630617)
(-18.007711, 0.568242, -4.475922), (-18.008728, 0.575185, -4.316655), (-17.854177, 0.634933, -4.470933)
(-18.609058, 0.26523, -4.336281), (-18.610691, 0.277652, -4.178483), (-18.463043, 0.360525, -4.331814)
(-18.609058, 0.26523, -4.336281), (-18.463043, 0.360525, -4.331814), (-18.461422, 0.348017, -4.490203)
(-18.463043, 0.360525, -4.331814), (-18.313791, 0.440797, -4.326995), (-18.312452, 0.431242, -4.485724)
(-18.463043, 0.360525, -4.331814), (-18.464516, 0.370426, -4.173646), (-18.313791, 0.440797, -4.326995)
(-18.313791, 0.440797, -4.326995), (-18.314951, 0.447971, -4.16849), (-18.161842, 0.509443, -4.32188)
(-18.313791, 0.440797, -4.326995), (-18.161842, 0.509443, -4.32188), (-18.160746, 0.501833, -4.480894)
(-18.161842, 0.509443, -4.32188), (-18.008728, 0.575185, -4.316655), (-18.007711, 0.568242, -4.475922)
(-18.161842, 0.509443, -4.32188), (-18.162771, 0.514928, -4.163081), (-18.008728, 0.575185, -4.316655)
(-18.008728, 0.575185, -4.316655), (-18.00956, 0.580061, -4.157599), (-17.855131, 0.641346, -4.311417)
(-18.008728, 0.575185, -4.316655), (-17.855131, 0.641346, -4.311417), (-17.854177, 0.634933, -4.470933)
(-18.610691, 0.277652, -4.178483), (-18.464516, 0.370426, -4.173646), (-18.463043, 0.360525, -4.331814)
(-18.610691, 0.277652, -4.178483), (-18.612171, 0.287182, -4.02093), (-18.464516, 0.370426, -4.173646)
(-18.464516, 0.370426, -4.173646), (-18.314951, 0.447971, -4.16849), (-18.313791, 0.440797, -4.326995)
(-18.464516, 0.370426, -4.173646), (-18.465813, 0.377788, -4.015722), (-18.314951, 0.447971, -4.16849)
(-18.314951, 0.447971, -4.16849), (-18.162771, 0.514928, -4.163081), (-18.161842, 0.509443, -4.32188)
(-18.314951, 0.447971, -4.16849), (-18.315899, 0.452726, -4.010231), (-18.162771, 0.514928, -4.163081)
(-18.162771, 0.514928, -4.163081), (-18.00956, 0.580061, -4.157599), (-18.008728, 0.575185, -4.316655)
(-18.162771, 0.514928, -4.163081), (-18.163485, 0.518283, -4.004537), (-18.00956, 0.580061, -4.157599)
(-18.00956, 0.580061, -4.157599), (-17.855915, 0.645874, -4.152106), (-17.855131, 0.641346, -4.311417)
(-18.00956, 0.580061, -4.157599), (-18.010218, 0.583047, -3.998789), (-17.855915, 0.645874, -4.152106)
# -17.662804183353337, 0, -4.374301516686664
(-17.853075, 0.626623, -4.630617), (-17.854177, 0.634933, -4.470933), (-17.69927, 0.694714, -4.625874)
(-17.853075, 0.626623, -4.630617), (-17.69927, 0.694714, -4.625874), (-17.698036, 0.685276, -4.785944)
(-17.69927, 0.694714, -4.625874), (-17.700314, 0.70234, -4.46594), (-17.545237, 0.763495, -4.62108)
(-17.69927, 0.694714, -4.625874), (-17.545237, 0.763495, -4.62108), (-17.544056, 0.754884, -4.781402)
(-17.545237, 0.763495, -4.62108), (-17.546268, 0.770538, -4.460873), (-17.391102, 0.83303, -4.61614)
(-17.545237, 0.763495, -4.62108), (-17.391102, 0.83303, -4.61614), (-17.389931, 0.825076, -4.776735)
(-17.391102, 0.83303, -4.61614), (-17.392145, 0.839575, -4.455646), (-17.236958, 0.903425, -4.610989)
(-17.391102, 0.83303, -4.61614), (-17.236958, 0.903425, -4.610989), (-17.235775, 0.896007, -4.771879)
(-17.854177, 0.634933, -4.470933), (-17.700314, 0.70234, -4.46594), (-17.69927, 0.694714, -4.625874)
(-17.854177, 0.634933, -4.470933), (-17.855131, 0.641346, -4.311417), (-17.700314, 0.70234, -4.46594)
(-17.700314, 0.70234, -4.46594), (-17.546268, 0.770538, -4.460873), (-17.545237, 0.763495, -4.62108)
(-17.700314, 0.70234, -4.46594), (-17.701239, 0.708308, -4.306165), (-17.546268, 0.770538, -4.460873)
(-17.546268, 0.770538, -4.460873), (-17.392145, 0.839575, -4.455646), (-17.391102, 0.83303, -4.61614)
(-17.546268, 0.770538, -4.460873), (-17.547174, 0.776049, -4.300829), (-17.392145, 0.839575, -4.455646)
(-17.392145, 0.839575, -4.455646), (-17.238033, 0.909547, -4.450186), (-17.236958, 0.903425, -4.610989)
(-17.392145, 0.839575, -4.455646), (-17.39307, 0.844677, -4.295319), (-17.238033, 0.909547, -4.450186)
(-17.855131, 0.641346, -4.311417), (-17.701239, 0.708308, -4.306165), (-17.700314, 0.70234, -4.46594)
(-17.855131, 0.641346, -4.311417), (-17.855915, 0.645874, -4.152106), (-17.701239, 0.708308, -4.306165)
(-17.701239, 0.708308, -4.306165), (-17.702003, 0.712519, -4.146594), (-17.547174, 0.776049, -4.300829)
(-17.701239, 0.708308, -4.306165), (-17.547174, 0.776049, -4.300829), (-17.546268, 0.770538, -4.460873)
(-17.547174, 0.776049, -4.300829), (-17.39307, 0.844677, -4.295319), (-17.392145, 0.839575, -4.455646)
(-17.547174, 0.776049, -4.300829), (-17.547949, 0.779969, -4.140987), (-17.39307, 0.844677, -4.295319)
(-17.39307, 0.844677, -4.295319), (-17.393862, 0.848241, -4.135201), (-17.238997, 0.914296, -4.289556)
(-17.39307, 0.844677, -4.295319), (-17.238997, 0.914296, -4.289556), (-17.238033, 0.909547, -4.450186)
(-17.855915, 0.645874, -4.152106), (-17.702003, 0.712519, -4.146594), (-17.701239, 0.708308, -4.306165)
(-17.855915, 0.645874, -4.152106), (-17.856539, 0.648625, -3.993038), (-17.702003, 0.712519, -4.146594)
(-17.702003, 0.712519, -4.146594), (-17.547949, 0.779969, -4.140987), (-17.547174, 0.776049, -4.300829)
(-17.702003, 0.712519, -4.146594), (-17.702616, 0.715038, -3.987267), (-17.547949, 0.779969, -4.140987)
(-17.547949, 0.779969, -4.140987), (-17.393862, 0.848241, -4.135201), (-17.39307, 0.844677, -4.295319)
(-17.547949, 0.779969, -4.140987), (-17.548571, 0.782216, -3.981399), (-17.393862, 0.848241, -4.135201)
(-17.393862, 0.848241, -4.135201), (-17.23984, 0.917557, -4.129147), (-17.238997, 0.914296, -4.289556)
(-17.393862, 0.848241, -4.135201), (-17.394527, 0.850232, -3.97534), (-17.23984, 0.917557, -4.129147)
# -16.99503395002, 0, -4.374301516686664
(-17.236958, 0.903425, -4.610989), (-17.238033, 0.909547, -4.450186), (-17.082855, 0.974723, -4.60555)
(-17.236958, 0.903425, -4.610989), (-17.082855, 0.974723, -4.60555), (-17.081635, 0.967695, -4.76676)
(-17.082855, 0.974723, -4.60555), (-17.083982, 0.980523, -4.444416), (-16.928841, 1.047036, -4.599764)
(-17.082855, 0.974723, -4.60555), (-16.928841, 1.047036, -4.599764), (-16.927559, 1.04024, -4.761325)
(-16.928841, 1.047036, -4.599764), (-16.930042, 1.052629, -4.438299), (-16.774944, 1.120479, -4.593616)
(-16.928841, 1.047036, -4.599764), (-16.774944, 1.120479, -4.593616), (-16.773581, 1.113759, -4.755527)
(-16.774944, 1.120479, -4.593616), (-16.776237, 1.125959, -4.431798), (-16.621172, 1.195157, -4.587121)
(-16.774944, 1.120479, -4.593616), (-16.621172, 1.195157, -4.587121), (-16.619707, 1.188356, -4.749416)
(-17.238033, 0.909547, -4.450186), (-17.083982, 0.980523, -4.444416), (-17.082855, 0.974723, -4.60555)
(-17.238033, 0.909547, -4.450186), (-17.238997, 0.914296, -4.289556), (-17.083982, 0.980523, -4.444416)
(-17.083982, 0.980523, -4.444416), (-16.930042, 1.052629, -4.438299), (-16.928841, 1.047036, -4.599764)
(-17.083982, 0.980523, -4.444416), (-17.085007, 0.98499, -4.283478), (-16.930042, 1.052629, -4.438299)
(-16.930042, 1.052629, -4.438299), (-16.776237, 1.125959, -4.431798), (-16.774944, 1.120479, -4.593616)
(-16.930042, 1.052629, -4.438299), (-16.931147, 1.056854, -4.277031), (-16.776237, 1.125959, -4.431798)
(-16.776237, 1.125959, -4.431798), (-16.622578, 1.200633, -4.424919), (-16.621172, 1.195157, -4.587121)
(-16.776237, 1.125959, -4.431798), (-16.777433, 1.130005, -4.270194), (-16.622578, 1.200633, -4.424919)
(-17.238997, 0.914296, -4.289556), (-17.085007, 0.98499, -4.283478), (-17.083982, 0.980523, -4.444416)
(-17.238997, 0.914296, -4.289556), (-17.23984, 0.917557, -4.129147), (-17.085007, 0.98499, -4.283478)
(-17.085007, 0.98499, -4.283478), (-17.085918, 0.987968, -4.122768), (-16.931147, 1.056854, -4.277031)
(-17.085007, 0.98499, -4.283478), (-16.931147, 1.056854, -4.277031), (-16.930042, 1.052629, -4.438299)
(-16.931147, 1.056854, -4.277031), (-16.777433, 1.130005, -4.270194), (-16.776237, 1.125959, -4.431798)
(-16.931147, 1.056854, -4.277031), (-16.932137, 1.059571, -4.116015), (-16.777433, 1.130005, -4.270194)
(-16.777433, 1.130005, -4.270194), (-16.778519, 1.132448, -4.108851), (-16.62388, 1.204563, -4.262946)
(-16.777433, 1.130005, -4.270194), (-16.62388, 1.204563, -4.262946), (-16.622578, 1.200633, -4.424919)
(-17.23984, 0.917557, -4.129147), (-17.085918, 0.987968, -4.122768), (-17.085007, 0.98499, -4.283478)
(-17.23984, 0.917557, -4.129147), (-17.240561, 0.919264, -3.969006), (-17.085918, 0.987968, -4.122768)
(-17.085918, 0.987968, -4.122768), (-16.932137, 1.059571, -4.116015), (-16.931147, 1.056854, -4.277031)
(-17.085918, 0.987968, -4.122768), (-17.086712, 0.989362, -3.962342), (-16.932137, 1.059571, -4.116015)
(-16.932137, 1.059571, -4.116015), (-16.778519, 1.132448, -4.108851), (-16.777433, 1.130005, -4.270194)
(-16.932137, 1.059571, -4.116015), (-16.933016, 1.060616, -3.955295), (-16.778519, 1.132448, -4.108851)
(-16.778519, 1.132448, -4.108851), (-16.625071, 1.206767, -4.101264), (-16.62388, 1.204563, -4.262946)
(-16.778519, 1.132448, -4.108851), (-16.779488, 1.133154, -3.947837), (-16.625071, 1.206767, -4.101264)
# -16.32726371668667, 0, -4.374301516686664
(-16.621172, 1.195157, -4.587121), (-16.622578, 1.200633, -4.424919), (-16.46755, 1.271198, -4.580217)
(-16.621172, 1.195157, -4.587121), (-16.46755, 1.271198, -4.580217), (-16.465958, 1.264169, -4.742931)
(-16.46755, 1.271198, -4.580217), (-16.469082, 1.276764, -4.417597), (-16.314091, 1.348757, -4.572857)
(-16.46755, 1.271198, -4.580217), (-16.314091, 1.348757, -4.572857), (-16.312349, 1.341357, -4.736036)
(-16.314091, 1.348757, -4.572857), (-16.31576, 1.354485, -4.409816), (-16.160793, 1.427974, -4.56504)
(-16.314091, 1.348757, -4.572857), (-16.160793, 1.427974, -4.56504), (-16.158895, 1.420086, -4.728685)
(-16.160793, 1.427974, -4.56504), (-16.162619, 1.433938, -4.401549), (-16.007671, 1.509014, -4.556755)
(-16.160793, 1.427974, -4.56504), (-16.007671, 1.509014, -4.556755), (-16.005587, 1.500501, -4.720925)
(-16.007671, 1.509014, -4.556755), (-16.009663, 1.515268, -4.392769), (-15.854739, 1.592013, -4.54793)
(-16.007671, 1.509014, -4.556755), (-15.854739, 1.592013, -4.54793), (-15.852446, 1.582792, -4.712672)
(-16.622578, 1.200633, -4.424919), (-16.469082, 1.276764, -4.417597), (-16.46755, 1.271198, -4.580217)
(-16.622578, 1.200633, -4.424919), (-16.62388, 1.204563, -4.262946), (-16.469082, 1.276764, -4.417597)
(-16.469082, 1.276764, -4.417597), (-16.31576, 1.354485, -4.409816), (-16.314091, 1.348757, -4.572857)
(-16.469082, 1.276764, -4.417597), (-16.470505, 1.280634, -4.255248), (-16.31576, 1.354485, -4.409816)
(-16.31576, 1.354485, -4.409816), (-16.162619, 1.433938, -4.401549), (-16.160793, 1.427974, -4.56504)
(-16.31576, 1.354485, -4.409816), (-16.317318, 1.358314, -4.247059), (-16.162619, 1.433938, -4.401549)
(-16.162619, 1.433938, -4.401549), (-16.009663, 1.515268, -4.392769), (-16.007671, 1.509014, -4.556755)
(-16.162619, 1.433938, -4.401549), (-16.164312, 1.437726, -4.238372), (-16.009663, 1.515268, -4.392769)
(-16.009663, 1.515268, -4.392769), (-15.856911, 1.598523, -4.383426), (-15.854739, 1.592013, -4.54793)
(-16.009663, 1.515268, -4.392769), (-16.011507, 1.519007, -4.22915), (-15.856911, 1.598523, -4.383426)
(-16.62388, 1.204563, -4.262946), (-16.470505, 1.280634, -4.255248), (-16.469082, 1.276764, -4.417597)
(-16.62388, 1.204563, -4.262946), (-16.625071, 1.206767, -4.101264), (-16.470505, 1.280634, -4.255248)
(-16.470505, 1.280634, -4.255248), (-16.471807, 1.282601, -4.093213), (-16.317318, 1.358314, -4.247059)
(-16.470505, 1.280634, -4.255248), (-16.317318, 1.358314, -4.247059), (-16.31576, 1.354485, -4.409816)
(-16.317318, 1.358314, -4.247059), (-16.164312, 1.437726, -4.238372), (-16.162619, 1.433938, -4.401549)
(-16.317318, 1.358314, -4.247059), (-16.318733, 1.360037, -4.084663), (-16.164312, 1.437726, -4.238372)
(-16.164312, 1.437726, -4.238372), (-16.165855, 1.439096, -4.075597), (-16.011507, 1.519007, -4.22915)
(-16.164312, 1.437726, -4.238372), (-16.011507, 1.519007, -4.22915), (-16.009663, 1.515268, -4.392769)
(-16.011507, 1.519007, -4.22915), (-15.8589, 1.602161, -4.219367), (-15.856911, 1.598523, -4.383426)
(-16.011507, 1.519007, -4.22915), (-16.013168, 1.519969, -4.065999), (-15.8589, 1.602161, -4.219367)
(-16.625071, 1.206767, -4.101264), (-16.471807, 1.282601, -4.093213), (-16.470505, 1.280634, -4.255248)
(-16.625071, 1.206767, -4.101264), (-16.626133, 1.207095, -3.939941), (-16.471807, 1.282601, -4.093213)
(-16.471807, 1.282601, -4.093213), (-16.318733, 1.360037, -4.084663), (-16.317318, 1.358314, -4.247059)
(-16.471807, 1.282601, -4.093213), (-16.472969, 1.28249, -3.931573), (-16.318733, 1.360037, -4.084663)
(-16.318733, 1.360037, -4.084663), (-16.165855, 1.439096, -4.075597), (-16.164312, 1.437726, -4.238372)
(-16.318733, 1.360037, -4.084663), (-16.320002, 1.359386, -3.922704), (-16.165855, 1.439096, -4.075597)
(-16.165855, 1.439096, -4.075597), (-16.013168, 1.519969, -4.065999), (-16.011507, 1.519007, -4.22915)
(-16.165855, 1.439096, -4.075597), (-16.167223, 1.437857, -3.913326), (-16.013168, 1.519969, -4.065999)
(-16.013168, 1.519969, -4.065999), (-15.86067, 1.602545, -4.055858), (-15.8589, 1.602161, -4.219367)
(-16.013168, 1.519969, -4.065999), (-16.014624, 1.517957, -3.903426), (-15.86067, 1.602545, -4.055858)
# -15.659493483353337, 0, -4.374301516686664
(-15.699491, 1.667066, -4.70388), (-15.546709, 1.753174, -4.694553), (-15.543834, 1.739434, -4.860716)
(-15.699491, 1.667066, -4.70388), (-15.702005, 1.676992, -4.538531), (-15.546709, 1.753174, -4.694553)
(-15.546709, 1.753174, -4.694553), (-15.394082, 1.841009, -4.684785), (-15.390917, 1.826029, -4.851633)
(-15.546709, 1.753174, -4.694553), (-15.549451, 1.763794, -4.528614), (-15.394082, 1.841009, -4.684785)
(-15.550636, 2.139217, -4.690417), (-15.494434, 2.139217, -4.658902), (-15.501326, 2.152745, -4.779679)
(-15.550636, 2.139217, -4.690417), (-15.501326, 2.152745, -4.779679), (-15.399086, 1.394789, -4.840299)
(-15.394082, 1.841009, -4.684785), (-15.241546, 1.929582, -4.674689), (-15.238098, 1.913626, -4.842187)
(-15.394082, 1.841009, -4.684785), (-15.397049, 1.852136, -4.518255), (-15.241546, 1.929582, -4.674689)
(-15.498848, 1.367722, -4.66356), (-15.599922, 2.125688, -4.601142), (-15.448973, 1.381256, -4.751939)
(-15.494434, 2.139217, -4.658902), (-15.473186, 2.129764, -4.648465), (-15.445417, 2.152745, -4.747647)
(-15.494434, 2.139217, -4.658902), (-15.445417, 2.152745, -4.747647), (-15.501326, 2.152745, -4.779679)
(-15.473186, 2.129764, -4.648465), (-15.339277, 2.129764, -4.573371), (-15.424267, 2.143292, -4.737016)
(-15.473186, 2.129764, -4.648465), (-15.424267, 2.143292, -4.737016), (-15.445417, 2.152745, -4.747647)
(-15.599922, 2.125688, -4.601142), (-15.543434, 2.125688, -4.570142), (-15.550636, 2.139217, -4.690417)
(-15.599922, 2.125688, -4.601142), (-15.550636, 2.139217, -4.690417), (-15.448973, 1.381256, -4.751939)
(-15.548708, 1.354188, -4.575166), (-15.649183, 2.112159, -4.511853), (-15.498848, 1.367722, -4.66356)
(-15.339277, 2.129764, -4.573371), (-15.318785, 2.139217, -4.560401), (-15.291054, 2.143292, -4.660693)
(-15.339277, 2.129764, -4.573371), (-15.291054, 2.143292, -4.660693), (-15.424267, 2.143292, -4.737016)
(-15.543434, 2.125688, -4.570142), (-15.522091, 2.116235, -4.559899), (-15.494434, 2.139217, -4.658902)
(-15.543434, 2.125688, -4.570142), (-15.494434, 2.139217, -4.658902), (-15.550636, 2.139217, -4.690417)
(-15.522091, 2.116235, -4.559899), (-15.387495, 2.116235, -4.486041), (-15.473186, 2.129764, -4.648465)
(-15.522091, 2.116235, -4.559899), (-15.473186, 2.129764, -4.648465), (-15.494434, 2.139217, -4.658902)
(-15.854739, 1.592013, -4.54793), (-15.856911, 1.598523, -4.383426), (-15.702005, 1.676992, -4.538531)
(-15.854739, 1.592013, -4.54793), (-15.702005, 1.676992, -4.538531), (-15.699491, 1.667066, -4.70388)
(-15.702005, 1.676992, -4.538531), (-15.704351, 1.683703, -4.37353), (-15.549451, 1.763794, -4.528614)
(-15.702005, 1.676992, -4.538531), (-15.549451, 1.763794, -4.528614), (-15.546709, 1.753174, -4.694553)
(-15.549451, 1.763794, -4.528614), (-15.551963, 1.770491, -4.363129), (-15.397049, 1.852136, -4.518255)
(-15.549451, 1.763794, -4.528614), (-15.397049, 1.852136, -4.518255), (-15.394082, 1.841009, -4.684785)
(-15.397049, 1.852136, -4.518255), (-15.399693, 1.858477, -4.352333), (-15.244701, 1.94072, -4.50766)
(-15.397049, 1.852136, -4.518255), (-15.244701, 1.94072, -4.50766), (-15.241546, 1.929582, -4.674689)
(-15.649183, 2.112159, -4.511853), (-15.592419, 2.112159, -4.481375), (-15.599922, 2.125688, -4.601142)
(-15.649183, 2.112159, -4.511853), (-15.599922, 2.125688, -4.601142), (-15.498848, 1.367722, -4.66356)
(-15.387495, 2.116235, -4.486041), (-15.366886, 2.125688, -4.473261), (-15.339277, 2.129764, -4.573371)
(-15.387495, 2.116235, -4.486041), (-15.339277, 2.129764, -4.573371), (-15.473186, 2.129764, -4.648465)
(-15.596601, 1.340681, -4.485703), (-15.696449, 2.098669, -4.4216), (-15.548708, 1.354188, -4.575166)
(-15.592419, 2.112159, -4.481375), (-15.57098, 2.102705, -4.471329), (-15.543434, 2.125688, -4.570142)
(-15.592419, 2.112159, -4.481375), (-15.543434, 2.125688, -4.570142), (-15.599922, 2.125688, -4.601142)
(-15.366886, 2.125688, -4.473261), (-15.318785, 2.139217, -4.560401), (-15.339277, 2.129764, -4.573371)
(-15.366886, 2.125688, -4.473261), (-15.414982, 2.112159, -4.386121), (-15.37093, 2.112159, -4.36247)
(-15.57098, 2.102705, -4.471329), (-15.435711, 2.102705, -4.398709), (-15.522091, 2.116235, -4.559899)
(-15.57098, 2.102705, -4.471329), (-15.522091, 2.116235, -4.559899), (-15.543434, 2.125688, -4.570142)
(-15.696449, 2.098669, -4.4216), (-15.639408, 2.098669, -4.391635), (-15.649183, 2.112159, -4.511853)
(-15.696449, 2.098669, -4.4216), (-15.649183, 2.112159, -4.511853), (-15.548708, 1.354188, -4.575166)
(-15.435711, 2.102705, -4.398709), (-15.414982, 2.112159, -4.386121), (-15.387495, 2.116235, -4.486041)
(-15.435711, 2.102705, -4.398709), (-15.387495, 2.116235, -4.486041), (-15.522091, 2.116235, -4.559899)
(-15.64333, 1.327191, -4.395609), (-15.742527, 2.085202, -4.330783), (-15.596601, 1.340681, -4.485703)
(-15.639408, 2.098669, -4.391635), (-15.617882, 2.089216, -4.381778), (-15.592419, 2.112159, -4.481375)
(-15.639408, 2.098669, -4.391635), (-15.592419, 2.112159, -4.481375), (-15.649183, 2.112159, -4.511853)
(-15.414982, 2.112159, -4.386121), (-15.366886, 2.125688, -4.473261), (-15.387495, 2.116235, -4.486041)
(-15.414982, 2.112159, -4.386121), (-15.461128, 2.098669, -4.297976), (-15.416866, 2.098669, -4.274722)
(-15.856911, 1.598523, -4.383426), (-15.704351, 1.683703, -4.37353), (-15.702005, 1.676992, -4.538531)
(-15.856911, 1.598523, -4.383426), (-15.8589, 1.602161, -4.219367), (-15.704351, 1.683703, -4.37353)
(-15.617882, 2.089216, -4.381778), (-15.481968, 2.089216, -4.310379), (-15.57098, 2.102705, -4.471329)
(-15.617882, 2.089216, -4.381778), (-15.57098, 2.102705, -4.471329), (-15.592419, 2.112159, -4.481375)
(-15.704351, 1.683703, -4.37353), (-15.551963, 1.770491, -4.363129), (-15.549451, 1.763794, -4.528614)
(-15.704351, 1.683703, -4.37353), (-15.706471, 1.686986, -4.209047), (-15.551963, 1.770491, -4.363129)
(-15.551963, 1.770491, -4.363129), (-15.399693, 1.858477, -4.352333), (-15.397049, 1.852136, -4.518255)
(-15.551963, 1.770491, -4.363129), (-15.554188, 1.773195, -4.198268), (-15.399693, 1.858477, -4.352333)
(-15.37093, 2.112159, -4.36247), (-15.414982, 2.112159, -4.386121), (-15.416866, 2.098669, -4.274722)
(-15.399693, 1.858477, -4.352333), (-15.247413, 1.945977, -4.341444), (-15.244701, 1.94072, -4.50766)
(-15.399693, 1.858477, -4.352333), (-15.401973, 1.860083, -4.187173), (-15.247413, 1.945977, -4.341444)
(-15.326878, 2.112159, -4.338821), (-15.279219, 2.125688, -4.425153), (-15.37093, 2.112159, -4.36247)
(-15.326878, 2.112159, -4.338821), (-15.30493, 2.102706, -4.328501), (-15.257368, 2.116235, -4.414633)
(-15.326878, 2.112159, -4.338821), (-15.37093, 2.112159, -4.36247), (-15.416866, 2.098669, -4.274722)
(-15.326878, 2.112159, -4.338821), (-15.372602, 2.09867, -4.251468), (-15.30493, 2.102706, -4.328501)
(-15.742527, 2.085202, -4.330783), (-15.685225, 2.085203, -4.301325), (-15.696449, 2.098669, -4.4216)
(-15.742527, 2.085202, -4.330783), (-15.696449, 2.098669, -4.4216), (-15.596601, 1.340681, -4.485703)
(-15.481968, 2.089216, -4.310379), (-15.461128, 2.098669, -4.297976), (-15.435711, 2.102705, -4.398709)
(-15.481968, 2.089216, -4.310379), (-15.435711, 2.102705, -4.398709), (-15.57098, 2.102705, -4.471329)
(-15.690044, 1.313702, -4.305502), (-15.788586, 2.071738, -4.239963), (-15.64333, 1.327191, -4.395609)
(-15.685225, 2.085203, -4.301325), (-15.663612, 2.075749, -4.291656), (-15.639408, 2.098669, -4.391635)
(-15.685225, 2.085203, -4.301325), (-15.639408, 2.098669, -4.391635), (-15.696449, 2.098669, -4.4216)
(-15.461128, 2.098669, -4.297976), (-15.414982, 2.112159, -4.386121), (-15.435711, 2.102705, -4.398709)
(-15.461128, 2.098669, -4.297976), (-15.506123, 2.085204, -4.209247), (-15.461657, 2.085204, -4.186386)
(-15.663612, 2.075749, -4.291656), (-15.527073, 2.07575, -4.22146), (-15.617882, 2.089216, -4.381778)
(-15.663612, 2.075749, -4.291656), (-15.617882, 2.089216, -4.381778), (-15.639408, 2.098669, -4.391635)
(-15.416866, 2.098669, -4.274722), (-15.461128, 2.098669, -4.297976), (-15.461657, 2.085204, -4.186386)
(-15.372602, 2.09867, -4.251468), (-15.326878, 2.112159, -4.338821), (-15.416866, 2.098669, -4.274722)
(-15.372602, 2.09867, -4.251468), (-15.350567, 2.089216, -4.241345), (-15.30493, 2.102706, -4.328501)
(-15.372602, 2.09867, -4.251468), (-15.416866, 2.098669, -4.274722), (-15.461657, 2.085204, -4.186386)
(-15.372602, 2.09867, -4.251468), (-15.417189, 2.085204, -4.163523), (-15.350567, 2.089216, -4.241345)
(-15.350567, 2.089216, -4.241345), (-15.214653, 2.089217, -4.169943), (-15.169666, 2.102706, -4.255884)
(-15.350567, 2.089216, -4.241345), (-15.395063, 2.07575, -4.153595), (-15.214653, 2.089217, -4.169943)
(-15.788586, 2.071738, -4.239963), (-15.731022, 2.071738, -4.211011), (-15.742527, 2.085202, -4.330783)
(-15.788586, 2.071738, -4.239963), (-15.742527, 2.085202, -4.330783), (-15.64333, 1.327191, -4.395609)
(-15.527073, 2.07575, -4.22146), (-15.506123, 2.085204, -4.209247), (-15.481968, 2.089216, -4.310379)
(-15.527073, 2.07575, -4.22146), (-15.481968, 2.089216, -4.310379), (-15.617882, 2.089216, -4.381778)
(-15.8589, 1.602161, -4.219367), (-15.86067, 1.602545, -4.055858), (-15.706471, 1.686986, -4.209047)
(-15.8589, 1.602161, -4.219367), (-15.706471, 1.686986, -4.209047), (-15.704351, 1.683703, -4.37353)
(-15.736744, 1.300212, -4.215378), (-15.834623, 2.058272, -4.149124), (-15.690044, 1.313702, -4.305502)
(-15.731022, 2.071738, -4.211011), (-15.709324, 2.062284, -4.201532), (-15.685225, 2.085203, -4.301325)
(-15.731022, 2.071738, -4.211011), (-15.685225, 2.085203, -4.301325), (-15.742527, 2.085202, -4.330783)
(-15.506123, 2.085204, -4.209247), (-15.461128, 2.098669, -4.297976), (-15.481968, 2.089216, -4.310379)
(-15.506123, 2.085204, -4.209247), (-15.551115, 2.071738, -4.12052), (-15.506447, 2.071739, -4.098053)
(-15.706471, 1.686986, -4.209047), (-15.554188, 1.773195, -4.198268), (-15.551963, 1.770491, -4.363129)
(-15.706471, 1.686986, -4.209047), (-15.708326, 1.686576, -4.045213), (-15.554188, 1.773195, -4.198268)
(-15.709324, 2.062284, -4.201532), (-15.572172, 2.062284, -4.132547), (-15.663612, 2.075749, -4.291656)
(-15.709324, 2.062284, -4.201532), (-15.663612, 2.075749, -4.291656), (-15.685225, 2.085203, -4.301325)
(-15.554188, 1.773195, -4.198268), (-15.556068, 1.771377, -4.034206), (-15.401973, 1.860083, -4.187173)
(-15.554188, 1.773195, -4.198268), (-15.401973, 1.860083, -4.187173), (-15.399693, 1.858477, -4.352333)
(-15.401973, 1.860083, -4.187173), (-15.249677, 1.945952, -4.176107), (-15.247413, 1.945977, -4.341444)
(-15.401973, 1.860083, -4.187173), (-15.403828, 1.856449, -4.02297), (-15.249677, 1.945952, -4.176107)
(-15.461657, 2.085204, -4.186386), (-15.506123, 2.085204, -4.209247), (-15.506447, 2.071739, -4.098053)
(-15.417189, 2.085204, -4.163523), (-15.372602, 2.09867, -4.251468), (-15.461657, 2.085204, -4.186386)
(-15.417189, 2.085204, -4.163523), (-15.395063, 2.07575, -4.153595), (-15.350567, 2.089216, -4.241345)
(-15.417189, 2.085204, -4.163523), (-15.461657, 2.085204, -4.186386), (-15.506447, 2.071739, -4.098053)
(-15.417189, 2.085204, -4.163523), (-15.461779, 2.071739, -4.075586), (-15.395063, 2.07575, -4.153595)
(-15.395063, 2.07575, -4.153595), (-15.258528, 2.075751, -4.083395), (-15.214653, 2.089217, -4.169943)
(-15.395063, 2.07575, -4.153595), (-15.439571, 2.062285, -4.065847), (-15.258528, 2.075751, -4.083395)
(-15.834623, 2.058272, -4.149124), (-15.776808, 2.058272, -4.120682), (-15.788586, 2.071738, -4.239963)
(-15.834623, 2.058272, -4.149124), (-15.788586, 2.071738, -4.239963), (-15.690044, 1.313702, -4.305502)
(-15.572172, 2.062284, -4.132547), (-15.551115, 2.071738, -4.12052), (-15.527073, 2.07575, -4.22146)
(-15.572172, 2.062284, -4.132547), (-15.527073, 2.07575, -4.22146), (-15.663612, 2.075749, -4.291656)
(-15.781292, 1.286799, -4.124186), (-15.878487, 2.044894, -4.057327), (-15.736744, 1.300212, -4.215378)
(-15.776808, 2.058272, -4.120682), (-15.755032, 2.048818, -4.111395), (-15.731022, 2.071738, -4.211011)
(-15.776808, 2.058272, -4.120682), (-15.731022, 2.071738, -4.211011), (-15.788586, 2.071738, -4.239963)
(-15.551115, 2.071738, -4.12052), (-15.506123, 2.085204, -4.209247), (-15.527073, 2.07575, -4.22146)
(-15.551115, 2.071738, -4.12052), (-15.596107, 2.058272, -4.031787), (-15.551241, 2.058272, -4.009714)
(-15.755032, 2.048818, -4.111395), (-15.617271, 2.048818, -4.043625), (-15.709324, 2.062284, -4.201532)
(-15.755032, 2.048818, -4.111395), (-15.709324, 2.062284, -4.201532), (-15.731022, 2.071738, -4.211011)
(-15.506447, 2.071739, -4.098053), (-15.551115, 2.071738, -4.12052), (-15.551241, 2.058272, -4.009714)
(-15.461779, 2.071739, -4.075586), (-15.417189, 2.085204, -4.163523), (-15.506447, 2.071739, -4.098053)
(-15.461779, 2.071739, -4.075586), (-15.439571, 2.062285, -4.065847), (-15.395063, 2.07575, -4.153595)
(-15.461779, 2.071739, -4.075586), (-15.506447, 2.071739, -4.098053), (-15.551241, 2.058272, -4.009714)
(-15.461779, 2.071739, -4.075586), (-15.506376, 2.058273, -3.987643), (-15.439571, 2.062285, -4.065847)
(-15.439571, 2.062285, -4.065847), (-15.302412, 2.062286, -3.996862), (-15.258528, 2.075751, -4.083395)
(-15.439571, 2.062285, -4.065847), (-15.484083, 2.048819, -3.978104), (-15.302412, 2.062286, -3.996862)
(-15.878487, 2.044894, -4.057327), (-15.820431, 2.044894, -4.029383), (-15.834623, 2.058272, -4.149124)
(-15.878487, 2.044894, -4.057327), (-15.834623, 2.058272, -4.149124), (-15.736744, 1.300212, -4.215378)
(-15.86067, 1.602545, -4.055858), (-15.708326, 1.686576, -4.045213), (-15.706471, 1.686986, -4.209047)
(-15.86067, 1.602545, -4.055858), (-15.862188, 1.599459, -3.893025), (-15.708326, 1.686576, -4.045213)
(-15.708326, 1.686576, -4.045213), (-15.556068, 1.771377, -4.034206), (-15.554188, 1.773195, -4.198268)
(-15.708326, 1.686576, -4.045213), (-15.709867, 1.681954, -3.882197), (-15.556068, 1.771377, -4.034206)
(-15.617271, 2.048818, -4.043625), (-15.596107, 2.058272, -4.031787), (-15.572172, 2.062284, -4.132547)
(-15.617271, 2.048818, -4.043625), (-15.572172, 2.062284, -4.132547), (-15.709324, 2.062284, -4.201532)
# -14.991723250020002, 0, -4.374301516686664
(-15.134687, 2.166266, -4.68327), (-15.083967, 2.179781, -4.76788), (-15.177837, 2.166266, -4.708533)
(-15.134687, 2.166266, -4.68327), (-15.11314, 2.156813, -4.672151), (-15.062527, 2.170328, -4.756553)
(-15.134687, 2.166266, -4.68327), (-15.177837, 2.166266, -4.708533), (-15.227299, 2.152745, -4.622682)
(-15.134687, 2.166266, -4.68327), (-15.183912, 2.152745, -4.597825), (-15.11314, 2.156813, -4.672151)
(-14.930775, 2.170327, -4.677732), (-14.911146, 2.17978, -4.664491), (-14.861423, 2.193295, -4.74746)
(-14.930775, 2.170327, -4.677732), (-14.980648, 2.156813, -4.594586), (-14.911146, 2.17978, -4.664491)
(-15.241546, 1.929582, -4.674689), (-15.088951, 2.016963, -4.664633), (-15.085248, 2.00057, -4.832675)
(-15.241546, 1.929582, -4.674689), (-15.244701, 1.94072, -4.50766), (-15.088951, 2.016963, -4.664633)
(-15.11314, 2.156813, -4.672151), (-14.980648, 2.156813, -4.594586), (-14.930775, 2.170327, -4.677732)
(-15.11314, 2.156813, -4.672151), (-15.16226, 2.143292, -4.586905), (-14.980648, 2.156813, -4.594586)
(-15.088951, 2.016963, -4.664633), (-14.936038, 2.099968, -4.655246), (-14.932175, 2.084503, -4.823579)
(-15.088951, 2.016963, -4.664633), (-15.092224, 2.027248, -4.497281), (-14.936038, 2.099968, -4.655246)
(-14.911146, 2.17978, -4.664491), (-14.860888, 2.17978, -4.634421), (-14.811451, 2.193295, -4.716916)
(-14.911146, 2.17978, -4.664491), (-14.960896, 2.166266, -4.581529), (-14.860888, 2.17978, -4.634421)
(-15.291054, 2.143292, -4.660693), (-15.270683, 2.152745, -4.647538), (-15.241234, 2.156813, -4.74714)
(-15.291054, 2.143292, -4.660693), (-15.241234, 2.156813, -4.74714), (-15.373726, 2.156814, -4.824704)
(-14.936038, 2.099968, -4.655246), (-14.782586, 2.17598, -4.647074), (-14.778577, 2.161711, -4.815585)
(-14.936038, 2.099968, -4.655246), (-14.939383, 2.108959, -4.487701), (-14.782586, 2.17598, -4.647074)
(-15.270683, 2.152745, -4.647538), (-15.220989, 2.166266, -4.733792), (-15.241234, 2.156813, -4.74714)
(-15.270683, 2.152745, -4.647538), (-15.318785, 2.139217, -4.560401), (-15.275175, 2.139217, -4.535947)
(-14.782586, 2.17598, -4.647074), (-14.628285, 2.241381, -4.640734), (-14.624148, 2.228701, -4.809322)
(-14.782586, 2.17598, -4.647074), (-14.785933, 2.182827, -4.479509), (-14.628285, 2.241381, -4.640734)
(-14.860888, 2.17978, -4.634421), (-14.866152, 1.383111, -4.764014), (-14.815556, 1.396606, -4.846433)
(-14.860888, 2.17978, -4.634421), (-14.910351, 2.166266, -4.551938), (-14.866152, 1.383111, -4.764014)
(-15.227299, 2.152745, -4.622682), (-15.270683, 2.152745, -4.647538), (-15.275175, 2.139217, -4.535947)
(-15.183912, 2.152745, -4.597825), (-15.134687, 2.166266, -4.68327), (-15.227299, 2.152745, -4.622682)
(-15.183912, 2.152745, -4.597825), (-15.16226, 2.143292, -4.586905), (-15.11314, 2.156813, -4.672151)
(-15.183912, 2.152745, -4.597825), (-15.227299, 2.152745, -4.622682), (-15.275175, 2.139217, -4.535947)
(-15.183912, 2.152745, -4.597825), (-15.231564, 2.139217, -4.511491), (-15.16226, 2.143292, -4.586905)
(-14.980648, 2.156813, -4.594586), (-14.960896, 2.166266, -4.581529), (-14.911146, 2.17978, -4.664491)
(-14.980648, 2.156813, -4.594586), (-15.029049, 2.143292, -4.510587), (-14.960896, 2.166266, -4.581529)
(-15.16226, 2.143292, -4.586905), (-15.029049, 2.143292, -4.510587), (-14.980648, 2.156813, -4.594586)
(-15.16226, 2.143292, -4.586905), (-15.209812, 2.129764, -4.50077), (-15.029049, 2.143292, -4.510587)
(-14.960896, 2.166266, -4.581529), (-14.910351, 2.166266, -4.551938), (-14.860888, 2.17978, -4.634421)
(-14.960896, 2.166266, -4.581529), (-15.009174, 2.152745, -4.497712), (-14.910351, 2.166266, -4.551938)
(-15.318785, 2.139217, -4.560401), (-15.270683, 2.152745, -4.647538), (-15.291054, 2.143292, -4.660693)
(-15.318785, 2.139217, -4.560401), (-15.366886, 2.125688, -4.473261), (-15.323055, 2.125688, -4.449206)
(-14.910351, 2.166266, -4.551938), (-14.916775, 1.369615, -4.681596), (-14.866152, 1.383111, -4.764014)
(-14.910351, 2.166266, -4.551938), (-14.958357, 2.152745, -4.468597), (-14.916775, 1.369615, -4.681596)
(-15.275175, 2.139217, -4.535947), (-15.318785, 2.139217, -4.560401), (-15.323055, 2.125688, -4.449206)
(-15.231564, 2.139217, -4.511491), (-15.183912, 2.152745, -4.597825), (-15.275175, 2.139217, -4.535947)
(-15.231564, 2.139217, -4.511491), (-15.209812, 2.129764, -4.50077), (-15.16226, 2.143292, -4.586905)
(-15.231564, 2.139217, -4.511491), (-15.275175, 2.139217, -4.535947), (-15.323055, 2.125688, -4.449206)
(-15.231564, 2.139217, -4.511491), (-15.279219, 2.125688, -4.425153), (-15.209812, 2.129764, -4.50077)
(-15.029049, 2.143292, -4.510587), (-15.009174, 2.152745, -4.497712), (-14.960896, 2.166266, -4.581529)
(-15.029049, 2.143292, -4.510587), (-15.075901, 2.129764, -4.425677), (-15.009174, 2.152745, -4.497712)
(-15.244701, 1.94072, -4.50766), (-15.247413, 1.945977, -4.341444), (-15.092224, 2.027248, -4.497281)
(-15.244701, 1.94072, -4.50766), (-15.092224, 2.027248, -4.497281), (-15.088951, 2.016963, -4.664633)
(-15.209812, 2.129764, -4.50077), (-15.075901, 2.129764, -4.425677), (-15.029049, 2.143292, -4.510587)
(-15.209812, 2.129764, -4.50077), (-15.257368, 2.116235, -4.414633), (-15.075901, 2.129764, -4.425677)
(-15.009174, 2.152745, -4.497712), (-14.958357, 2.152745, -4.468597), (-14.910351, 2.166266, -4.551938)
(-15.009174, 2.152745, -4.497712), (-15.055912, 2.139217, -4.412989), (-14.958357, 2.152745, -4.468597)
(-15.092224, 2.027248, -4.497281), (-15.094927, 2.030853, -4.330917), (-14.939383, 2.108959, -4.487701)
(-15.092224, 2.027248, -4.497281), (-14.939383, 2.108959, -4.487701), (-14.936038, 2.099968, -4.655246)
(-14.939383, 2.108959, -4.487701), (-14.941994, 2.110117, -4.321362), (-14.785933, 2.182827, -4.479509)
(-14.939383, 2.108959, -4.487701), (-14.785933, 2.182827, -4.479509), (-14.782586, 2.17598, -4.647074)
(-14.785933, 2.182827, -4.479509), (-14.788378, 2.18076, -4.31335), (-14.631629, 2.245834, -4.473204)
(-14.785933, 2.182827, -4.479509), (-14.631629, 2.245834, -4.473204), (-14.628285, 2.241381, -4.640734)
(-14.958357, 2.152745, -4.468597), (-14.965969, 1.356102, -4.598233), (-14.916775, 1.369615, -4.681596)
(-14.958357, 2.152745, -4.468597), (-15.004826, 2.139217, -4.384341), (-14.965969, 1.356102, -4.598233)
(-15.323055, 2.125688, -4.449206), (-15.366886, 2.125688, -4.473261), (-15.37093, 2.112159, -4.36247)
(-15.075901, 2.129764, -4.425677), (-15.055912, 2.139217, -4.412989), (-15.009174, 2.152745, -4.497712)
(-15.075901, 2.129764, -4.425677), (-15.122776, 2.116235, -4.340775), (-15.055912, 2.139217, -4.412989)
(-15.279219, 2.125688, -4.425153), (-15.231564, 2.139217, -4.511491), (-15.323055, 2.125688, -4.449206)
(-15.279219, 2.125688, -4.425153), (-15.257368, 2.116235, -4.414633), (-15.209812, 2.129764, -4.50077)
(-15.279219, 2.125688, -4.425153), (-15.323055, 2.125688, -4.449206), (-15.37093, 2.112159, -4.36247)
(-15.279219, 2.125688, -4.425153), (-15.326878, 2.112159, -4.338821), (-15.257368, 2.116235, -4.414633)
(-15.257368, 2.116235, -4.414633), (-15.122776, 2.116235, -4.340775), (-15.075901, 2.129764, -4.425677)
(-15.257368, 2.116235, -4.414633), (-15.30493, 2.102706, -4.328501), (-15.122776, 2.116235, -4.340775)
(-15.055912, 2.139217, -4.412989), (-15.004826, 2.139217, -4.384341), (-14.958357, 2.152745, -4.468597)
(-15.055912, 2.139217, -4.412989), (-15.102673, 2.125688, -4.328272), (-15.004826, 2.139217, -4.384341)
(-15.004826, 2.139217, -4.384341), (-15.013649, 1.342569, -4.513867), (-14.965969, 1.356102, -4.598233)
(-15.004826, 2.139217, -4.384341), (-15.051323, 2.125688, -4.300095), (-15.013649, 1.342569, -4.513867)
(-15.247413, 1.945977, -4.341444), (-15.094927, 2.030853, -4.330917), (-15.092224, 2.027248, -4.497281)
(-15.247413, 1.945977, -4.341444), (-15.249677, 1.945952, -4.176107), (-15.094927, 2.030853, -4.330917)
(-15.122776, 2.116235, -4.340775), (-15.102673, 2.125688, -4.328272), (-15.055912, 2.139217, -4.412989)
(-15.122776, 2.116235, -4.340775), (-15.169666, 2.102706, -4.255884), (-15.102673, 2.125688, -4.328272)
(-15.094927, 2.030853, -4.330917), (-14.941994, 2.110117, -4.321362), (-14.939383, 2.108959, -4.487701)
(-15.094927, 2.030853, -4.330917), (-15.097057, 2.028181, -4.165625), (-14.941994, 2.110117, -4.321362)
(-15.30493, 2.102706, -4.328501), (-15.169666, 2.102706, -4.255884), (-15.122776, 2.116235, -4.340775)
(-15.30493, 2.102706, -4.328501), (-15.350567, 2.089216, -4.241345), (-15.169666, 2.102706, -4.255884)
(-15.102673, 2.125688, -4.328272), (-15.051323, 2.125688, -4.300095), (-15.004826, 2.139217, -4.384341)
(-15.102673, 2.125688, -4.328272), (-15.149446, 2.112159, -4.243564), (-15.051323, 2.125688, -4.300095)
(-14.941994, 2.110117, -4.321362), (-14.788378, 2.18076, -4.31335), (-14.785933, 2.182827, -4.479509)
(-14.941994, 2.110117, -4.321362), (-14.943904, 2.104178, -4.156264), (-14.788378, 2.18076, -4.31335)
(-14.788378, 2.18076, -4.31335), (-14.633918, 2.240563, -4.307212), (-14.631629, 2.245834, -4.473204)
(-14.788378, 2.18076, -4.31335), (-14.790039, 2.171376, -4.148492), (-14.633918, 2.240563, -4.307212)
(-15.051323, 2.125688, -4.300095), (-15.061354, 1.329034, -4.429502), (-15.013649, 1.342569, -4.513867)
(-15.051323, 2.125688, -4.300095), (-15.097841, 2.112159, -4.215863), (-15.061354, 1.329034, -4.429502)
(-15.169666, 2.102706, -4.255884), (-15.149446, 2.112159, -4.243564), (-15.102673, 2.125688, -4.328272)
(-15.169666, 2.102706, -4.255884), (-15.214653, 2.089217, -4.169943), (-15.149446, 2.112159, -4.243564)
(-15.149446, 2.112159, -4.243564), (-15.097841, 2.112159, -4.215863), (-15.051323, 2.125688, -4.300095)
(-15.149446, 2.112159, -4.243564), (-15.194323, 2.09867, -4.157809), (-15.097841, 2.112159, -4.215863)
(-15.097841, 2.112159, -4.215863), (-15.109081, 1.3155, -4.345136), (-15.061354, 1.329034, -4.429502)
(-15.097841, 2.112159, -4.215863), (-15.142469, 2.09867, -4.130569), (-15.109081, 1.3155, -4.345136)
(-15.249677, 1.945952, -4.176107), (-15.251413, 1.939825, -4.01191), (-15.097057, 2.028181, -4.165625)
(-15.249677, 1.945952, -4.176107), (-15.097057, 2.028181, -4.165625), (-15.094927, 2.030853, -4.330917)
(-15.214653, 2.089217, -4.169943), (-15.194323, 2.09867, -4.157809), (-15.149446, 2.112159, -4.243564)
(-15.214653, 2.089217, -4.169943), (-15.258528, 2.075751, -4.083395), (-15.194323, 2.09867, -4.157809)
(-15.097057, 2.028181, -4.165625), (-14.943904, 2.104178, -4.156264), (-14.941994, 2.110117, -4.321362)
(-15.097057, 2.028181, -4.165625), (-15.09858, 2.018907, -4.001587), (-14.943904, 2.104178, -4.156264)
(-15.194323, 2.09867, -4.157809), (-15.142469, 2.09867, -4.130569), (-15.097841, 2.112159, -4.215863)
(-15.194323, 2.09867, -4.157809), (-15.238087, 2.085205, -4.071445), (-15.142469, 2.09867, -4.130569)
(-14.943904, 2.104178, -4.156264), (-14.945087, 2.090698, -3.992612), (-14.790039, 2.171376, -4.148492)
(-14.943904, 2.104178, -4.156264), (-14.790039, 2.171376, -4.148492), (-14.788378, 2.18076, -4.31335)
(-14.790039, 2.171376, -4.148492), (-14.6354, 2.228465, -4.142459), (-14.633918, 2.240563, -4.307212)
(-14.790039, 2.171376, -4.148492), (-14.790915, 2.154256, -3.985121), (-14.6354, 2.228465, -4.142459)
(-15.142469, 2.09867, -4.130569), (-15.15493, 1.301993, -4.259623), (-15.109081, 1.3155, -4.345136)
(-15.142469, 2.09867, -4.130569), (-15.186001, 2.085205, -4.044665), (-15.15493, 1.301993, -4.259623)
(-15.258528, 2.075751, -4.083395), (-15.238087, 2.085205, -4.071445), (-15.194323, 2.09867, -4.157809)
(-15.258528, 2.075751, -4.083395), (-15.302412, 2.062286, -3.996862), (-15.238087, 2.085205, -4.071445)
(-15.238087, 2.085205, -4.071445), (-15.186001, 2.085205, -4.044665), (-15.142469, 2.09867, -4.130569)
(-15.238087, 2.085205, -4.071445), (-15.281872, 2.07174, -3.985095), (-15.186001, 2.085205, -4.044665)
(-15.186001, 2.085205, -4.044665), (-15.19968, 1.288502, -4.173434), (-15.15493, 1.301993, -4.259623)
(-15.186001, 2.085205, -4.044665), (-15.229549, 2.07174, -3.958774), (-15.19968, 1.288502, -4.173434)
# -14.32395301668667, 0, -4.374301516686664
(-14.628285, 2.241381, -4.640734), (-14.472986, 2.294893, -4.636375), (-14.468702, 2.28399, -4.805007)
(-14.628285, 2.241381, -4.640734), (-14.631629, 2.245834, -4.473204), (-14.472986, 2.294893, -4.636375)
(-14.472986, 2.294893, -4.636375), (-14.31654, 2.336276, -4.633919), (-14.312235, 2.32873, -4.8024)
(-14.472986, 2.294893, -4.636375), (-14.476328, 2.296638, -4.468901), (-14.31654, 2.336276, -4.633919)
(-14.31654, 2.336276, -4.633919), (-14.159259, 2.369836, -4.632648), (-14.1547, 2.36383, -4.801235)
(-14.31654, 2.336276, -4.633919), (-14.320066, 2.336763, -4.466248), (-14.159259, 2.369836, -4.632648)
(-14.159259, 2.369836, -4.632648), (-14.000993, 2.395251, -4.632505), (-13.996162, 2.391129, -4.801137)
(-14.159259, 2.369836, -4.632648), (-14.163035, 2.369094, -4.464731), (-14.000993, 2.395251, -4.632505)
(-14.000993, 2.395251, -4.632505), (-13.841755, 2.413208, -4.633312), (-13.836641, 2.41149, -4.80188)
(-14.000993, 2.395251, -4.632505), (-14.00506, 2.393078, -4.46439), (-13.841755, 2.413208, -4.633312)
(-14.631629, 2.245834, -4.473204), (-14.633918, 2.240563, -4.307212), (-14.476328, 2.296638, -4.468901)
(-14.631629, 2.245834, -4.473204), (-14.476328, 2.296638, -4.468901), (-14.472986, 2.294893, -4.636375)
(-14.476328, 2.296638, -4.468901), (-14.478621, 2.289565, -4.302815), (-14.320066, 2.336763, -4.466248)
(-14.476328, 2.296638, -4.468901), (-14.320066, 2.336763, -4.466248), (-14.31654, 2.336276, -4.633919)
(-14.320066, 2.336763, -4.466248), (-14.322462, 2.328264, -4.299962), (-14.163035, 2.369094, -4.464731)
(-14.320066, 2.336763, -4.466248), (-14.163035, 2.369094, -4.464731), (-14.159259, 2.369836, -4.632648)
(-14.163035, 2.369094, -4.464731), (-14.165653, 2.359593, -4.298123), (-14.00506, 2.393078, -4.46439)
(-14.163035, 2.369094, -4.464731), (-14.00506, 2.393078, -4.46439), (-14.000993, 2.395251, -4.632505)
(-14.00506, 2.393078, -4.46439), (-14.007984, 2.382545, -4.29746), (-13.846115, 2.408967, -4.465135)
(-14.00506, 2.393078, -4.46439), (-13.846115, 2.408967, -4.465135), (-13.841755, 2.413208, -4.633312)
(-14.633918, 2.240563, -4.307212), (-14.478621, 2.289565, -4.302815), (-14.476328, 2.296638, -4.468901)
(-14.633918, 2.240563, -4.307212), (-14.6354, 2.228465, -4.142459), (-14.478621, 2.289565, -4.302815)
(-14.478621, 2.289565, -4.302815), (-14.322462, 2.328264, -4.299962), (-14.320066, 2.336763, -4.466248)
(-14.478621, 2.289565, -4.302815), (-14.479962, 2.274893, -4.138123), (-14.322462, 2.328264, -4.299962)
(-14.322462, 2.328264, -4.299962), (-14.165653, 2.359593, -4.298123), (-14.163035, 2.369094, -4.464731)
(-14.322462, 2.328264, -4.299962), (-14.323869, 2.312438, -4.135064), (-14.165653, 2.359593, -4.298123)
(-14.165653, 2.359593, -4.298123), (-14.007984, 2.382545, -4.29746), (-14.00506, 2.393078, -4.46439)
(-14.165653, 2.359593, -4.298123), (-14.167195, 2.342689, -4.132982), (-14.007984, 2.382545, -4.29746)
(-14.007984, 2.382545, -4.29746), (-13.849504, 2.397881, -4.297877), (-13.846115, 2.408967, -4.465135)
(-14.007984, 2.382545, -4.29746), (-14.009893, 2.365626, -4.131886), (-13.849504, 2.397881, -4.297877)
(-14.6354, 2.228465, -4.142459), (-14.636028, 2.208349, -3.979246), (-14.479962, 2.274893, -4.138123)
(-14.6354, 2.228465, -4.142459), (-14.479962, 2.274893, -4.138123), (-14.478621, 2.289565, -4.302815)
(-14.479962, 2.274893, -4.138123), (-14.323869, 2.312438, -4.135064), (-14.322462, 2.328264, -4.299962)
(-14.479962, 2.274893, -4.138123), (-14.480453, 2.252735, -3.974894), (-14.323869, 2.312438, -4.135064)
(-14.323869, 2.312438, -4.135064), (-14.324279, 2.288285, -3.971812), (-14.167195, 2.342689, -4.132982)
(-14.323869, 2.312438, -4.135064), (-14.167195, 2.342689, -4.132982), (-14.165653, 2.359593, -4.298123)
(-14.167195, 2.342689, -4.132982), (-14.009893, 2.365626, -4.131886), (-14.007984, 2.382545, -4.29746)
(-14.167195, 2.342689, -4.132982), (-14.167667, 2.317598, -3.969544), (-14.009893, 2.365626, -4.131886)
(-14.009893, 2.365626, -4.131886), (-14.010581, 2.340238, -3.968174), (-13.851839, 2.380431, -4.131986)
(-14.009893, 2.365626, -4.131886), (-13.851839, 2.380431, -4.131986), (-13.849504, 2.397881, -4.297877)
# -13.656182783353334, 0, -4.374301516686664
(-13.359895, 2.432763, -4.639976), (-13.198404, 2.429606, -4.643269), (-13.192438, 2.442034, -4.810556)
(-13.359895, 2.432763, -4.639976), (-13.365144, 2.420487, -4.472449), (-13.198404, 2.429606, -4.643269)
(-13.520988, 2.43098, -4.637194), (-13.359895, 2.432763, -4.639976), (-13.35412, 2.441811, -4.807638)
(-13.520988, 2.43098, -4.637194), (-13.526015, 2.42196, -4.469304), (-13.359895, 2.432763, -4.639976)
(-13.681635, 2.424408, -4.634946), (-13.520988, 2.43098, -4.637194), (-13.515461, 2.436486, -4.80519)
(-13.681635, 2.424408, -4.634946), (-13.686357, 2.418105, -4.466825), (-13.520988, 2.43098, -4.637194)
(-13.841755, 2.413208, -4.633312), (-13.681635, 2.424408, -4.634946), (-13.676329, 2.426291, -4.803267)
(-13.841755, 2.413208, -4.633312), (-13.846115, 2.408967, -4.465135), (-13.681635, 2.424408, -4.634946)
(-13.365144, 2.420487, -4.472449), (-13.369682, 2.404132, -4.305377), (-13.203842, 2.414028, -4.476148)
(-13.365144, 2.420487, -4.472449), (-13.203842, 2.414028, -4.476148), (-13.198404, 2.429606, -4.643269)
(-13.526015, 2.42196, -4.469304), (-13.530263, 2.408126, -4.301964), (-13.365144, 2.420487, -4.472449)
(-13.526015, 2.42196, -4.469304), (-13.365144, 2.420487, -4.472449), (-13.359895, 2.432763, -4.639976)
(-13.686357, 2.418105, -4.466825), (-13.690222, 2.406112, -4.299417), (-13.526015, 2.42196, -4.469304)
(-13.686357, 2.418105, -4.466825), (-13.526015, 2.42196, -4.469304), (-13.520988, 2.43098, -4.637194)
(-13.846115, 2.408967, -4.465135), (-13.849504, 2.397881, -4.297877), (-13.686357, 2.418105, -4.466825)
(-13.846115, 2.408967, -4.465135), (-13.686357, 2.418105, -4.466825), (-13.681635, 2.424408, -4.634946)
(-13.369682, 2.404132, -4.305377), (-13.208694, 2.395539, -4.309367), (-13.203842, 2.414028, -4.476148)
(-13.369682, 2.404132, -4.305377), (-13.373631, 2.385175, -4.138901), (-13.208694, 2.395539, -4.309367)
(-13.530263, 2.408126, -4.301964), (-13.369682, 2.404132, -4.305377), (-13.365144, 2.420487, -4.472449)
(-13.530263, 2.408126, -4.301964), (-13.533697, 2.389922, -4.135559), (-13.369682, 2.404132, -4.305377)
(-13.690222, 2.406112, -4.299417), (-13.530263, 2.408126, -4.301964), (-13.526015, 2.42196, -4.469304)
(-13.690222, 2.406112, -4.299417), (-13.693119, 2.388436, -4.133214), (-13.530263, 2.408126, -4.301964)
(-13.849504, 2.397881, -4.297877), (-13.690222, 2.406112, -4.299417), (-13.686357, 2.418105, -4.466825)
(-13.849504, 2.397881, -4.297877), (-13.851839, 2.380431, -4.131986), (-13.690222, 2.406112, -4.299417)
(-13.373631, 2.385175, -4.138901), (-13.376629, 2.361372, -3.973661), (-13.21299, 2.374858, -4.143075)
(-13.373631, 2.385175, -4.138901), (-13.21299, 2.374858, -4.143075), (-13.208694, 2.395539, -4.309367)
(-13.533697, 2.389922, -4.135559), (-13.373631, 2.385175, -4.138901), (-13.369682, 2.404132, -4.305377)
(-13.533697, 2.389922, -4.135559), (-13.53603, 2.365515, -3.970689), (-13.373631, 2.385175, -4.138901)
(-13.693119, 2.388436, -4.133214), (-13.694781, 2.363222, -3.968809), (-13.533697, 2.389922, -4.135559)
(-13.693119, 2.388436, -4.133214), (-13.533697, 2.389922, -4.135559), (-13.530263, 2.408126, -4.301964)
(-13.851839, 2.380431, -4.131986), (-13.693119, 2.388436, -4.133214), (-13.690222, 2.406112, -4.299417)
(-13.851839, 2.380431, -4.131986), (-13.852989, 2.355723, -3.967825), (-13.693119, 2.388436, -4.133214)
# -12.988412550020001, 0, -4.374301516686664
(-12.713214, 2.39484, -4.655088), (-12.551785, 2.375477, -4.659245), (-12.546214, 2.402396, -4.823997)
(-12.713214, 2.39484, -4.655088), (-12.718859, 2.370247, -4.489479), (-12.551785, 2.375477, -4.659245)
(-12.874878, 2.4101, -4.650997), (-12.713214, 2.39484, -4.655088), (-12.707411, 2.418366, -4.820508)
(-12.874878, 2.4101, -4.650997), (-12.880597, 2.388914, -4.484764), (-12.713214, 2.39484, -4.655088)
(-13.036642, 2.421567, -4.647022), (-12.874878, 2.4101, -4.650997), (-12.868915, 2.430076, -4.817113)
(-13.036642, 2.421567, -4.647022), (-13.042274, 2.403298, -4.4803), (-12.874878, 2.4101, -4.650997)
(-13.198404, 2.429606, -4.643269), (-13.036642, 2.421567, -4.647022), (-13.030642, 2.437962, -4.813766)
(-13.198404, 2.429606, -4.643269), (-13.203842, 2.414028, -4.476148), (-13.036642, 2.421567, -4.647022)
(-12.718859, 2.370247, -4.489479), (-12.72406, 2.343592, -4.324046), (-12.557245, 2.347187, -4.494331)
(-12.718859, 2.370247, -4.489479), (-12.557245, 2.347187, -4.494331), (-12.551785, 2.375477, -4.659245)
(-12.880597, 2.388914, -4.484764), (-12.885803, 2.365364, -4.318774), (-12.718859, 2.370247, -4.489479)
(-12.880597, 2.388914, -4.484764), (-12.718859, 2.370247, -4.489479), (-12.713214, 2.39484, -4.655088)
(-13.042274, 2.403298, -4.4803), (-13.047353, 2.382414, -4.313883), (-12.880597, 2.388914, -4.484764)
(-13.042274, 2.403298, -4.4803), (-12.880597, 2.388914, -4.484764), (-12.874878, 2.4101, -4.650997)
(-13.203842, 2.414028, -4.476148), (-13.208694, 2.395539, -4.309367), (-13.042274, 2.403298, -4.4803)
(-13.203842, 2.414028, -4.476148), (-13.042274, 2.403298, -4.4803), (-13.036642, 2.421567, -4.647022)
(-12.72406, 2.343592, -4.324046), (-12.562327, 2.317487, -4.329563), (-12.557245, 2.347187, -4.494331)
(-12.72406, 2.343592, -4.324046), (-12.728749, 2.315868, -4.158978), (-12.562327, 2.317487, -4.329563)
(-12.885803, 2.365364, -4.318774), (-12.72406, 2.343592, -4.324046), (-12.718859, 2.370247, -4.489479)
(-12.885803, 2.365364, -4.318774), (-12.890476, 2.340228, -4.153193), (-12.72406, 2.343592, -4.324046)
(-13.047353, 2.382414, -4.313883), (-12.885803, 2.365364, -4.318774), (-12.880597, 2.388914, -4.484764)
(-13.047353, 2.382414, -4.313883), (-13.051911, 2.359803, -4.147878), (-12.885803, 2.365364, -4.318774)
(-13.208694, 2.395539, -4.309367), (-13.047353, 2.382414, -4.313883), (-13.042274, 2.403298, -4.4803)
(-13.208694, 2.395539, -4.309367), (-13.21299, 2.374858, -4.143075), (-13.047353, 2.382414, -4.313883)
(-12.728749, 2.315868, -4.158978), (-12.732765, 2.286261, -3.994579), (-12.566899, 2.286782, -4.165152)
(-12.728749, 2.315868, -4.158978), (-12.566899, 2.286782, -4.165152), (-12.562327, 2.317487, -4.329563)
(-12.890476, 2.340228, -4.153193), (-12.728749, 2.315868, -4.158978), (-12.72406, 2.343592, -4.324046)
(-12.890476, 2.340228, -4.153193), (-12.894444, 2.312788, -3.988344), (-12.728749, 2.315868, -4.158978)
(-13.051911, 2.359803, -4.147878), (-13.055717, 2.33419, -3.982717), (-12.890476, 2.340228, -4.153193)
(-13.051911, 2.359803, -4.147878), (-12.890476, 2.340228, -4.153193), (-12.885803, 2.365364, -4.318774)
(-13.21299, 2.374858, -4.143075), (-13.051911, 2.359803, -4.147878), (-13.047353, 2.382414, -4.313883)
(-13.21299, 2.374858, -4.143075), (-13.21652, 2.350792, -3.977709), (-13.051911, 2.359803, -4.147878)
# -12.320642316686666, 0, -4.374301516686664
(-12.069415, 2.28906, -4.673119), (-11.909238, 2.250139, -4.678459), (-11.904621, 2.287948, -4.841205)
(-12.069415, 2.28906, -4.673119), (-12.074069, 2.251806, -4.510149), (-11.909238, 2.250139, -4.678459)
(-12.229883, 2.322934, -4.668149), (-12.069415, 2.28906, -4.673119), (-12.06455, 2.324895, -4.836263)
(-12.229883, 2.322934, -4.668149), (-12.234825, 2.288268, -4.504593), (-12.069415, 2.28906, -4.673119)
(-12.390676, 2.351506, -4.663555), (-12.229883, 2.322934, -4.668149), (-12.224773, 2.356258, -4.831766)
(-12.390676, 2.351506, -4.663555), (-12.395887, 2.319936, -4.499341), (-12.229883, 2.322934, -4.668149)
(-12.551785, 2.375477, -4.659245), (-12.390676, 2.351506, -4.663555), (-12.385326, 2.381909, -4.82771)
(-12.551785, 2.375477, -4.659245), (-12.557245, 2.347187, -4.494331), (-12.390676, 2.351506, -4.663555)
(-12.074069, 2.251806, -4.510149), (-12.078363, 2.213145, -4.347503), (-11.913612, 2.210656, -4.516006)
(-12.074069, 2.251806, -4.510149), (-11.913612, 2.210656, -4.516006), (-11.909238, 2.250139, -4.678459)
(-12.234825, 2.288268, -4.504593), (-12.239416, 2.252368, -4.341272), (-12.074069, 2.251806, -4.510149)
(-12.234825, 2.288268, -4.504593), (-12.074069, 2.251806, -4.510149), (-12.069415, 2.28906, -4.673119)
(-12.395887, 2.319936, -4.499341), (-12.400747, 2.287085, -4.335302), (-12.234825, 2.288268, -4.504593)
(-12.395887, 2.319936, -4.499341), (-12.234825, 2.288268, -4.504593), (-12.229883, 2.322934, -4.668149)
(-12.557245, 2.347187, -4.494331), (-12.562327, 2.317487, -4.329563), (-12.395887, 2.319936, -4.499341)
(-12.557245, 2.347187, -4.494331), (-12.395887, 2.319936, -4.499341), (-12.390676, 2.351506, -4.663555)
(-12.078363, 2.213145, -4.347503), (-11.917622, 2.170027, -4.353917), (-11.913612, 2.210656, -4.516006)
(-12.078363, 2.213145, -4.347503), (-12.082212, 2.174113, -4.185211), (-11.917622, 2.170027, -4.353917)
(-12.239416, 2.252368, -4.341272), (-12.078363, 2.213145, -4.347503), (-12.074069, 2.251806, -4.510149)
(-12.239416, 2.252368, -4.341272), (-12.24353, 2.215653, -4.178329), (-12.078363, 2.213145, -4.347503)
(-12.400747, 2.287085, -4.335302), (-12.239416, 2.252368, -4.341272), (-12.234825, 2.288268, -4.504593)
(-12.400747, 2.287085, -4.335302), (-12.405115, 2.253278, -4.171628), (-12.239416, 2.252368, -4.341272)
(-12.562327, 2.317487, -4.329563), (-12.400747, 2.287085, -4.335302), (-12.395887, 2.319936, -4.499341)
(-12.562327, 2.317487, -4.329563), (-12.566899, 2.286782, -4.165152), (-12.400747, 2.287085, -4.335302)
(-12.082212, 2.174113, -4.185211), (-12.085528, 2.134294, -4.023452), (-11.921194, 2.12894, -4.192225)
(-12.082212, 2.174113, -4.185211), (-11.921194, 2.12894, -4.192225), (-11.917622, 2.170027, -4.353917)
(-12.24353, 2.215653, -4.178329), (-12.082212, 2.174113, -4.185211), (-12.078363, 2.213145, -4.347503)
(-12.24353, 2.215653, -4.178329), (-12.247086, 2.178061, -4.015924), (-12.082212, 2.174113, -4.185211)
(-12.405115, 2.253278, -4.171628), (-12.408884, 2.218289, -4.008527), (-12.24353, 2.215653, -4.178329)
(-12.405115, 2.253278, -4.171628), (-12.24353, 2.215653, -4.178329), (-12.239416, 2.252368, -4.341272)
(-12.566899, 2.286782, -4.165152), (-12.405115, 2.253278, -4.171628), (-12.400747, 2.287085, -4.335302)
(-12.566899, 2.286782, -4.165152), (-12.57086, 2.254778, -4.001318), (-12.405115, 2.253278, -4.171628)
# -11.652872083353333, 0, -4.374301516686664
(-11.430374, 2.110155, -4.695665), (-11.271316, 2.058356, -4.701363), (-11.267555, 2.100652, -4.863053)
(-11.430374, 2.110155, -4.695665), (-11.43403, 2.067191, -4.534237), (-11.271316, 2.058356, -4.701363)
(-11.589718, 2.159774, -4.689876), (-11.430374, 2.110155, -4.695665), (-11.426419, 2.151918, -4.857539)
(-11.589718, 2.159774, -4.689876), (-11.59359, 2.11764, -4.52817), (-11.430374, 2.110155, -4.695665)
(-11.74934, 2.206561, -4.684109), (-11.589718, 2.159774, -4.689876), (-11.585556, 2.200658, -4.85198)
(-11.74934, 2.206561, -4.684109), (-11.75345, 2.165587, -4.522065), (-11.589718, 2.159774, -4.689876)
(-11.909238, 2.250139, -4.678459), (-11.74934, 2.206561, -4.684109), (-11.744958, 2.246299, -4.846486)
(-11.909238, 2.250139, -4.678459), (-11.913612, 2.210656, -4.516006), (-11.74934, 2.206561, -4.684109)
(-11.43403, 2.067191, -4.534237), (-11.437302, 2.023197, -4.373302), (-11.274762, 2.014748, -4.540173)
(-11.43403, 2.067191, -4.534237), (-11.274762, 2.014748, -4.540173), (-11.271316, 2.058356, -4.701363)
(-11.59359, 2.11764, -4.52817), (-11.59709, 2.07442, -4.366924), (-11.43403, 2.067191, -4.534237)
(-11.59359, 2.11764, -4.52817), (-11.43403, 2.067191, -4.534237), (-11.430374, 2.110155, -4.695665)
(-11.75345, 2.165587, -4.522065), (-11.757193, 2.123434, -4.360445), (-11.59359, 2.11764, -4.52817)
(-11.75345, 2.165587, -4.522065), (-11.59359, 2.11764, -4.52817), (-11.589718, 2.159774, -4.689876)
(-11.913612, 2.210656, -4.516006), (-11.917622, 2.170027, -4.353917), (-11.75345, 2.165587, -4.522065)
(-11.913612, 2.210656, -4.516006), (-11.75345, 2.165587, -4.522065), (-11.74934, 2.206561, -4.684109)
(-11.437302, 2.023197, -4.373302), (-11.277833, 1.970462, -4.379467), (-11.274762, 2.014748, -4.540173)
(-11.437302, 2.023197, -4.373302), (-11.440181, 1.979191, -4.21279), (-11.277833, 1.970462, -4.379467)
(-11.59709, 2.07442, -4.366924), (-11.437302, 2.023197, -4.373302), (-11.43403, 2.067191, -4.534237)
(-11.59709, 2.07442, -4.366924), (-11.600174, 2.030959, -4.206108), (-11.437302, 2.023197, -4.373302)
(-11.757193, 2.123434, -4.360445), (-11.59709, 2.07442, -4.366924), (-11.59359, 2.11764, -4.52817)
(-11.757193, 2.123434, -4.360445), (-11.76051, 2.080999, -4.19923), (-11.59709, 2.07442, -4.366924)
(-11.917622, 2.170027, -4.353917), (-11.757193, 2.123434, -4.360445), (-11.75345, 2.165587, -4.522065)
(-11.917622, 2.170027, -4.353917), (-11.921194, 2.12894, -4.192225), (-11.757193, 2.123434, -4.360445)
(-11.440181, 1.979191, -4.21279), (-11.442614, 1.93497, -4.052784), (-11.280516, 1.926097, -4.219213)
(-11.440181, 1.979191, -4.21279), (-11.280516, 1.926097, -4.219213), (-11.277833, 1.970462, -4.379467)
(-11.600174, 2.030959, -4.206108), (-11.440181, 1.979191, -4.21279), (-11.437302, 2.023197, -4.373302)
(-11.600174, 2.030959, -4.206108), (-11.602801, 1.987238, -4.045791), (-11.440181, 1.979191, -4.21279)
(-11.76051, 2.080999, -4.19923), (-11.763351, 2.038148, -4.038522), (-11.600174, 2.030959, -4.206108)
(-11.76051, 2.080999, -4.19923), (-11.600174, 2.030959, -4.206108), (-11.59709, 2.07442, -4.366924)
(-11.921194, 2.12894, -4.192225), (-11.76051, 2.080999, -4.19923), (-11.757193, 2.123434, -4.360445)
(-11.921194, 2.12894, -4.192225), (-11.924275, 2.087481, -4.031016), (-11.76051, 2.080999, -4.19923)
(-11.442614, 1.93497, -4.052784), (-11.282773, 1.881678, -4.05945), (-11.280516, 1.926097, -4.219213)
(-11.442614, 1.93497, -4.052784), (-11.444579, 1.890671, -3.893318), (-11.282773, 1.881678, -4.05945)
(-11.602801, 1.987238, -4.045791), (-11.442614, 1.93497, -4.052784), (-11.440181, 1.979191, -4.21279)
(-11.602801, 1.987238, -4.045791), (-11.604948, 1.943334, -3.886023), (-11.442614, 1.93497, -4.052784)
# -10.985101850019998, 0, -4.374301516686664
(-11.112542, 2.004922, -4.70688), (-10.954064, 1.950699, -4.712099), (-10.950668, 1.993968, -4.873452)
(-11.112542, 2.004922, -4.70688), (-11.115797, 1.961088, -4.545863), (-10.954064, 1.950699, -4.712099)
(-11.271316, 2.058356, -4.701363), (-11.112542, 2.004922, -4.70688), (-11.108966, 2.047798, -4.868387)
(-11.271316, 2.058356, -4.701363), (-11.274762, 2.014748, -4.540173), (-11.112542, 2.004922, -4.70688)
(-10.798774, 1.851613, -4.556277), (-10.801304, 1.807076, -4.396063), (-10.640688, 1.796133, -4.560972)
(-10.798774, 1.851613, -4.556277), (-10.640688, 1.796133, -4.560972), (-10.63798, 1.840503, -4.721557)
(-10.957138, 1.906662, -4.551238), (-10.959846, 1.862157, -4.390879), (-10.798774, 1.851613, -4.556277)
(-10.957138, 1.906662, -4.551238), (-10.798774, 1.851613, -4.556277), (-10.795879, 1.895822, -4.716996)
(-11.115797, 1.961088, -4.545863), (-11.118685, 1.916671, -4.385343), (-10.957138, 1.906662, -4.551238)
(-11.115797, 1.961088, -4.545863), (-10.957138, 1.906662, -4.551238), (-10.954064, 1.950699, -4.712099)
(-11.274762, 2.014748, -4.540173), (-11.277833, 1.970462, -4.379467), (-11.115797, 1.961088, -4.545863)
(-11.274762, 2.014748, -4.540173), (-11.115797, 1.961088, -4.545863), (-11.112542, 2.004922, -4.70688)
(-10.801304, 1.807076, -4.396063), (-10.64304, 1.751646, -4.400873), (-10.640688, 1.796133, -4.560972)
(-10.801304, 1.807076, -4.396063), (-10.803473, 1.762632, -4.236311), (-10.64304, 1.751646, -4.400873)
(-10.959846, 1.862157, -4.390879), (-10.801304, 1.807076, -4.396063), (-10.798774, 1.851613, -4.556277)
(-10.959846, 1.862157, -4.390879), (-10.962179, 1.817644, -4.230995), (-10.801304, 1.807076, -4.396063)
(-11.118685, 1.916671, -4.385343), (-10.959846, 1.862157, -4.390879), (-10.957138, 1.906662, -4.551238)
(-11.118685, 1.916671, -4.385343), (-11.121187, 1.872182, -4.225291), (-10.959846, 1.862157, -4.390879)
(-11.277833, 1.970462, -4.379467), (-11.118685, 1.916671, -4.385343), (-11.115797, 1.961088, -4.545863)
(-11.277833, 1.970462, -4.379467), (-11.280516, 1.926097, -4.219213), (-11.118685, 1.916671, -4.385343)
(-10.803473, 1.762632, -4.236311), (-10.805245, 1.718416, -4.077048), (-10.645038, 1.707316, -4.24124)
(-10.803473, 1.762632, -4.236311), (-10.645038, 1.707316, -4.24124), (-10.64304, 1.751646, -4.400873)
(-10.962179, 1.817644, -4.230995), (-10.803473, 1.762632, -4.236311), (-10.801304, 1.807076, -4.396063)
(-10.962179, 1.817644, -4.230995), (-10.964103, 1.773246, -4.071602), (-10.803473, 1.762632, -4.236311)
(-11.121187, 1.872182, -4.225291), (-11.12327, 1.827696, -4.065737), (-10.962179, 1.817644, -4.230995)
(-11.121187, 1.872182, -4.225291), (-10.962179, 1.817644, -4.230995), (-10.959846, 1.862157, -4.390879)
(-11.280516, 1.926097, -4.219213), (-11.121187, 1.872182, -4.225291), (-11.118685, 1.916671, -4.385343)
(-11.280516, 1.926097, -4.219213), (-11.282773, 1.881678, -4.05945), (-11.121187, 1.872182, -4.225291)
(-10.805245, 1.718416, -4.077048), (-10.646663, 1.663316, -4.082078), (-10.645038, 1.707316, -4.24124)
(-10.805245, 1.718416, -4.077048), (-10.806604, 1.674639, -3.918276), (-10.646663, 1.663316, -4.082078)
(-10.964103, 1.773246, -4.071602), (-10.805245, 1.718416, -4.077048), (-10.803473, 1.762632, -4.236311)
(-10.964103, 1.773246, -4.071602), (-10.965606, 1.729139, -3.912711), (-10.805245, 1.718416, -4.077048)
(-11.12327, 1.827696, -4.065737), (-10.964103, 1.773246, -4.071602), (-10.962179, 1.817644, -4.230995)
(-11.12327, 1.827696, -4.065737), (-11.124914, 1.783367, -3.906697), (-10.964103, 1.773246, -4.071602)
(-11.282773, 1.881678, -4.05945), (-11.12327, 1.827696, -4.065737), (-11.121187, 1.872182, -4.225291)
(-11.282773, 1.881678, -4.05945), (-11.284567, 1.83724, -3.900228), (-11.12327, 1.827696, -4.065737)
# -10.317331616686666, 0, -4.374301516686664
(-10.010893, 1.573155, -4.576333), (-10.012437, 1.528489, -4.416604), (-9.853952, 1.51767, -4.579482)
(-10.010893, 1.573155, -4.576333), (-9.853952, 1.51767, -4.579482), (-9.852335, 1.562784, -4.739541)
(-10.168008, 1.628888, -4.572943), (-10.169769, 1.584348, -4.413146), (-10.010893, 1.573155, -4.576333)
(-10.168008, 1.628888, -4.572943), (-10.010893, 1.573155, -4.576333), (-10.009027, 1.61811, -4.736486)
(-10.325321, 1.684708, -4.569285), (-10.327295, 1.640204, -4.409391), (-10.168008, 1.628888, -4.572943)
(-10.325321, 1.684708, -4.569285), (-10.168008, 1.628888, -4.572943), (-10.165902, 1.673698, -4.733204)
(-10.48287, 1.740472, -4.565309), (-10.48504, 1.696003, -4.405316), (-10.325321, 1.684708, -4.569285)
(-10.48287, 1.740472, -4.565309), (-10.325321, 1.684708, -4.569285), (-10.323002, 1.729348, -4.729649)
(-10.640688, 1.796133, -4.560972), (-10.64304, 1.751646, -4.400873), (-10.48287, 1.740472, -4.565309)
(-10.640688, 1.796133, -4.560972), (-10.48287, 1.740472, -4.565309), (-10.480352, 1.784946, -4.725781)
(-10.012437, 1.528489, -4.416604), (-9.855263, 1.472813, -4.419815), (-9.853952, 1.51767, -4.579482)
(-10.012437, 1.528489, -4.416604), (-10.013646, 1.484402, -4.257308), (-9.855263, 1.472813, -4.419815)
(-10.169769, 1.584348, -4.413146), (-10.012437, 1.528489, -4.416604), (-10.010893, 1.573155, -4.576333)
(-10.169769, 1.584348, -4.413146), (-10.171209, 1.540223, -4.253768), (-10.012437, 1.528489, -4.416604)
(-10.327295, 1.640204, -4.409391), (-10.169769, 1.584348, -4.413146), (-10.168008, 1.628888, -4.572943)
(-10.327295, 1.640204, -4.409391), (-10.328934, 1.596066, -4.249941), (-10.169769, 1.584348, -4.413146)
(-10.48504, 1.696003, -4.405316), (-10.327295, 1.640204, -4.409391), (-10.325321, 1.684708, -4.569285)
(-10.48504, 1.696003, -4.405316), (-10.486864, 1.651789, -4.245777), (-10.327295, 1.640204, -4.409391)
(-10.64304, 1.751646, -4.400873), (-10.48504, 1.696003, -4.405316), (-10.48287, 1.740472, -4.565309)
(-10.64304, 1.751646, -4.400873), (-10.645038, 1.707316, -4.24124), (-10.48504, 1.696003, -4.405316)
(-10.013646, 1.484402, -4.257308), (-9.856222, 1.428669, -4.260591), (-9.855263, 1.472813, -4.419815)
(-10.013646, 1.484402, -4.257308), (-10.014525, 1.441114, -4.098438), (-9.856222, 1.428669, -4.260591)
(-10.171209, 1.540223, -4.253768), (-10.1723, 1.496863, -4.094841), (-10.013646, 1.484402, -4.257308)
(-10.171209, 1.540223, -4.253768), (-10.013646, 1.484402, -4.257308), (-10.012437, 1.528489, -4.416604)
(-10.328934, 1.596066, -4.249941), (-10.171209, 1.540223, -4.253768), (-10.169769, 1.584348, -4.413146)
(-10.328934, 1.596066, -4.249941), (-10.330215, 1.552543, -4.090947), (-10.171209, 1.540223, -4.253768)
(-10.486864, 1.651789, -4.245777), (-10.488318, 1.608059, -4.086707), (-10.328934, 1.596066, -4.249941)
(-10.486864, 1.651789, -4.245777), (-10.328934, 1.596066, -4.249941), (-10.327295, 1.640204, -4.409391)
(-10.645038, 1.707316, -4.24124), (-10.486864, 1.651789, -4.245777), (-10.48504, 1.696003, -4.405316)
(-10.645038, 1.707316, -4.24124), (-10.646663, 1.663316, -4.082078), (-10.486864, 1.651789, -4.245777)
(-10.014525, 1.441114, -4.098438), (-9.856841, 1.385478, -4.1018), (-9.856222, 1.428669, -4.260591)
(-10.014525, 1.441114, -4.098438), (-10.014999, 1.399277, -3.940051), (-9.856841, 1.385478, -4.1018)
(-10.1723, 1.496863, -4.094841), (-10.014525, 1.441114, -4.098438), (-10.013646, 1.484402, -4.257308)
(-10.1723, 1.496863, -4.094841), (-10.173011, 1.454629, -3.936373), (-10.014525, 1.441114, -4.098438)
(-10.330215, 1.552543, -4.090947), (-10.1723, 1.496863, -4.094841), (-10.171209, 1.540223, -4.253768)
(-10.330215, 1.552543, -4.090947), (-10.331116, 1.50995, -3.932415), (-10.1723, 1.496863, -4.094841)
(-10.488318, 1.608059, -4.086707), (-10.330215, 1.552543, -4.090947), (-10.328934, 1.596066, -4.249941)
(-10.488318, 1.608059, -4.086707), (-10.489379, 1.565093, -3.928108), (-10.330215, 1.552543, -4.090947)
(-10.646663, 1.663316, -4.082078), (-10.488318, 1.608059, -4.086707), (-10.486864, 1.651789, -4.245777)
(-10.646663, 1.663316, -4.082078), (-10.647868, 1.619962, -3.923404), (-10.488318, 1.608059, -4.086707)
