# 0.3669921166466698, 0, -5.70984198335333
(0.080023, 1.066417, -6.031133), (0.231929, 1.091744, -6.028812), (0.228281, 1.122378, -6.186059)
(0.080023, 1.066417, -6.031133), (0.083928, 1.033286, -5.874126), (0.231929, 1.091744, -6.028812)
(0.231929, 1.091744, -6.028812), (0.384071, 1.119233, -6.026351), (0.380414, 1.149305, -6.183669)
(0.231929, 1.091744, -6.028812), (0.235883, 1.058731, -5.871771), (0.384071, 1.119233, -6.026351)
(0.384071, 1.119233, -6.026351), (0.536544, 1.148372, -6.023767), (0.532879, 1.177654, -6.181184)
(0.384071, 1.119233, -6.026351), (0.388106, 1.086621, -5.869248), (0.536544, 1.148372, -6.023767)
(0.536544, 1.148372, -6.023767), (0.689365, 1.178647, -6.021076), (0.685732, 1.206894, -6.178621)
(0.536544, 1.148372, -6.023767), (0.540606, 1.116432, -5.866564), (0.689365, 1.178647, -6.021076)
(0.689365, 1.178647, -6.021076), (0.842489, 1.209699, -6.018293), (0.838876, 1.236864, -6.175986)
(0.689365, 1.178647, -6.021076), (0.693447, 1.147583, -5.863744), (0.842489, 1.209699, -6.018293)
(0.083928, 1.033286, -5.874126), (0.087959, 0.998303, -5.717336), (0.235883, 1.058731, -5.871771)
(0.083928, 1.033286, -5.874126), (0.235883, 1.058731, -5.871771), (0.231929, 1.091744, -6.028812)
(0.235883, 1.058731, -5.871771), (0.240006, 1.023743, -5.714959), (0.388106, 1.086621, -5.869248)
(0.235883, 1.058731, -5.871771), (0.388106, 1.086621, -5.869248), (0.384071, 1.119233, -6.026351)
(0.388106, 1.086621, -5.869248), (0.392304, 1.051944, -5.712373), (0.540606, 1.116432, -5.866564)
(0.388106, 1.086621, -5.869248), (0.540606, 1.116432, -5.866564), (0.536544, 1.148372, -6.023767)
(0.540606, 1.116432, -5.866564), (0.544877, 1.08235, -5.709589), (0.693447, 1.147583, -5.863744)
(0.540606, 1.116432, -5.866564), (0.693447, 1.147583, -5.863744), (0.689365, 1.178647, -6.021076)
(0.693447, 1.147583, -5.863744), (0.697758, 1.114352, -5.706634), (0.846565, 1.179673, -5.860804)
(0.693447, 1.147583, -5.863744), (0.846565, 1.179673, -5.860804), (0.842489, 1.209699, -6.018293)
(0.087959, 0.998303, -5.717336), (0.240006, 1.023743, -5.714959), (0.235883, 1.058731, -5.871771)
(0.087959, 0.998303, -5.717336), (0.092024, 0.962266, -5.560787), (0.240006, 1.023743, -5.714959)
(0.240006, 1.023743, -5.714959), (0.392304, 1.051944, -5.712373), (0.388106, 1.086621, -5.869248)
(0.240006, 1.023743, -5.714959), (0.244202, 0.987408, -5.558401), (0.392304, 1.051944, -5.712373)
(0.392304, 1.051944, -5.712373), (0.544877, 1.08235, -5.709589), (0.540606, 1.116432, -5.866564)
(0.392304, 1.051944, -5.712373), (0.396615, 1.01568, -5.555763), (0.544877, 1.08235, -5.709589)
(0.544877, 1.08235, -5.709589), (0.697758, 1.114352, -5.706634), (0.693447, 1.147583, -5.863744)
(0.544877, 1.08235, -5.709589), (0.549295, 1.046492, -5.552886), (0.697758, 1.114352, -5.706634)
(0.697758, 1.114352, -5.706634), (0.850934, 1.147343, -5.703534), (0.846565, 1.179673, -5.860804)
(0.697758, 1.114352, -5.706634), (0.702274, 1.079129, -5.5498), (0.850934, 1.147343, -5.703534)
(0.092024, 0.962266, -5.560787), (0.095946, 0.92619, -5.40448), (0.244202, 0.987408, -5.558401)
(0.092024, 0.962266, -5.560787), (0.244202, 0.987408, -5.558401), (0.240006, 1.023743, -5.714959)
(0.244202, 0.987408, -5.558401), (0.396615, 1.01568, -5.555763), (0.392304, 1.051944, -5.712373)
(0.244202, 0.987408, -5.558401), (0.248296, 0.950728, -5.402108), (0.396615, 1.01568, -5.555763)
(0.396615, 1.01568, -5.555763), (0.400867, 0.978755, -5.399436), (0.549295, 1.046492, -5.552886)
(0.396615, 1.01568, -5.555763), (0.549295, 1.046492, -5.552886), (0.544877, 1.08235, -5.709589)
(0.549295, 1.046492, -5.552886), (0.702274, 1.079129, -5.5498), (0.697758, 1.114352, -5.706634)
(0.549295, 1.046492, -5.552886), (0.553696, 1.009689, -5.39648), (0.702274, 1.079129, -5.5498)
(0.095946, 0.92619, -5.40448), (0.248296, 0.950728, -5.402108), (0.244202, 0.987408, -5.558401)
(0.095946, 0.92619, -5.40448), (0.099531, 0.891694, -5.2484), (0.248296, 0.950728, -5.402108)
(0.248296, 0.950728, -5.402108), (0.400867, 0.978755, -5.399436), (0.396615, 1.01568, -5.555763)
(0.248296, 0.950728, -5.402108), (0.252102, 0.915023, -5.246079), (0.400867, 0.978755, -5.399436)
(0.400867, 0.978755, -5.399436), (0.553696, 1.009689, -5.39648), (0.549295, 1.046492, -5.552886)
(0.400867, 0.978755, -5.399436), (0.404869, 0.942444, -5.243406), (0.553696, 1.009689, -5.39648)
(0.553696, 1.009689, -5.39648), (0.706816, 1.042644, -5.393275), (0.702274, 1.079129, -5.5498)
(0.553696, 1.009689, -5.39648), (0.55789, 0.972931, -5.2404), (0.706816, 1.042644, -5.393275)
# 1.0347623499800032, 0, -5.70984198335333
(0.842489, 1.209699, -6.018293), (0.995889, 1.241199, -6.01544), (0.992335, 1.267122, -6.173305)
(0.842489, 1.209699, -6.018293), (0.846565, 1.179673, -5.860804), (0.995889, 1.241199, -6.01544)
(0.995889, 1.241199, -6.01544), (1.149653, 1.272362, -6.012568), (1.14616, 1.297071, -6.170613)
(0.995889, 1.241199, -6.01544), (1.000017, 1.212014, -5.857791), (1.149653, 1.272362, -6.012568)
(1.149653, 1.272362, -6.012568), (1.303748, 1.302821, -6.009709), (1.300366, 1.326182, -6.167951)
(1.149653, 1.272362, -6.012568), (1.153756, 1.244253, -5.854733), (1.303748, 1.302821, -6.009709)
(1.303748, 1.302821, -6.009709), (1.458098, 1.33246, -6.006889), (1.454831, 1.35457, -6.165333)
(1.303748, 1.302821, -6.009709), (1.307777, 1.275933, -5.851668), (1.458098, 1.33246, -6.006889)
(0.846565, 1.179673, -5.860804), (0.850934, 1.147343, -5.703534), (1.000017, 1.212014, -5.857791)
(0.846565, 1.179673, -5.860804), (1.000017, 1.212014, -5.857791), (0.995889, 1.241199, -6.01544)
(1.000017, 1.212014, -5.857791), (1.004424, 1.180672, -5.70034), (1.153756, 1.244253, -5.854733)
(1.000017, 1.212014, -5.857791), (1.153756, 1.244253, -5.854733), (1.149653, 1.272362, -6.012568)
(1.153756, 1.244253, -5.854733), (1.158205, 1.213814, -5.697093), (1.307777, 1.275933, -5.851668)
(1.153756, 1.244253, -5.854733), (1.307777, 1.275933, -5.851668), (1.303748, 1.302821, -6.009709)
(1.307777, 1.275933, -5.851668), (1.312229, 1.246471, -5.693826), (1.462042, 1.306742, -5.848639)
(1.307777, 1.275933, -5.851668), (1.462042, 1.306742, -5.848639), (1.458098, 1.33246, -6.006889)
(0.850934, 1.147343, -5.703534), (1.004424, 1.180672, -5.70034), (1.000017, 1.212014, -5.857791)
(0.850934, 1.147343, -5.703534), (0.85555, 1.112837, -5.546544), (1.004424, 1.180672, -5.70034)
(1.004424, 1.180672, -5.70034), (1.158205, 1.213814, -5.697093), (1.153756, 1.244253, -5.854733)
(1.004424, 1.180672, -5.70034), (1.009128, 1.14695, -5.543169), (1.158205, 1.213814, -5.697093)
(1.158205, 1.213814, -5.697093), (1.312229, 1.246471, -5.693826), (1.307777, 1.275933, -5.851668)
(1.158205, 1.213814, -5.697093), (1.162993, 1.180859, -5.53973), (1.312229, 1.246471, -5.693826)
(1.312229, 1.246471, -5.693826), (1.466512, 1.278026, -5.690599), (1.462042, 1.306742, -5.848639)
(1.312229, 1.246471, -5.693826), (1.317136, 1.213929, -5.536291), (1.466512, 1.278026, -5.690599)
(0.702274, 1.079129, -5.5498), (0.706816, 1.042644, -5.393275), (0.85555, 1.112837, -5.546544)
(0.702274, 1.079129, -5.5498), (0.85555, 1.112837, -5.546544), (0.850934, 1.147343, -5.703534)
(0.85555, 1.112837, -5.546544), (1.009128, 1.14695, -5.543169), (1.004424, 1.180672, -5.70034)
(0.85555, 1.112837, -5.546544), (0.86024, 1.076795, -5.389874), (1.009128, 1.14695, -5.543169)
(1.009128, 1.14695, -5.543169), (1.013969, 1.111372, -5.386332), (1.162993, 1.180859, -5.53973)
(1.009128, 1.14695, -5.543169), (1.162993, 1.180859, -5.53973), (1.158205, 1.213814, -5.697093)
(1.162993, 1.180859, -5.53973), (1.317136, 1.213929, -5.536291), (1.312229, 1.246471, -5.693826)
(1.162993, 1.180859, -5.53973), (1.167998, 1.14561, -5.382723), (1.317136, 1.213929, -5.536291)
(1.317136, 1.213929, -5.536291), (1.322304, 1.178909, -5.37911), (1.471502, 1.245942, -5.532875)
(1.317136, 1.213929, -5.536291), (1.471502, 1.245942, -5.532875), (1.466512, 1.278026, -5.690599)
(0.706816, 1.042644, -5.393275), (0.86024, 1.076795, -5.389874), (0.85555, 1.112837, -5.546544)
(0.706816, 1.042644, -5.393275), (0.711201, 1.005685, -5.23711), (0.86024, 1.076795, -5.389874)
(0.86024, 1.076795, -5.389874), (1.013969, 1.111372, -5.386332), (1.009128, 1.14695, -5.543169)
(0.86024, 1.076795, -5.389874), (0.864819, 1.039826, -5.233586), (1.013969, 1.111372, -5.386332)
(1.013969, 1.111372, -5.386332), (1.167998, 1.14561, -5.382723), (1.162993, 1.180859, -5.53973)
(1.013969, 1.111372, -5.386332), (1.018757, 1.074389, -5.229913), (1.167998, 1.14561, -5.382723)
(1.167998, 1.14561, -5.382723), (1.322304, 1.178909, -5.37911), (1.317136, 1.213929, -5.536291)
(1.167998, 1.14561, -5.382723), (1.173011, 1.108533, -5.226158), (1.322304, 1.178909, -5.37911)
(1.322304, 1.178909, -5.37911), (1.476848, 1.210893, -5.375532), (1.471502, 1.245942, -5.532875)
(1.322304, 1.178909, -5.37911), (1.327558, 1.141536, -5.22241), (1.476848, 1.210893, -5.375532)
# 1.7025325833133367, 0, -5.70984198335333
(1.458098, 1.33246, -6.006889), (1.612651, 1.361168, -6.004134), (1.609545, 1.381949, -6.162786)
(1.458098, 1.33246, -6.006889), (1.462042, 1.306742, -5.848639), (1.612651, 1.361168, -6.004134)
(1.612651, 1.361168, -6.004134), (1.767461, 1.388364, -6.001487), (1.764529, 1.407922, -6.16035)
(1.612651, 1.361168, -6.004134), (1.616547, 1.336254, -5.845689), (1.767461, 1.388364, -6.001487)
(1.767461, 1.388364, -6.001487), (1.92249, 1.414011, -5.998969), (1.919797, 1.432177, -6.158054)
(1.767461, 1.388364, -6.001487), (1.771224, 1.364526, -5.842826), (1.92249, 1.414011, -5.998969)
(1.92249, 1.414011, -5.998969), (2.077648, 1.438478, -5.99657), (2.075198, 1.455394, -6.15588)
(1.92249, 1.414011, -5.998969), (1.926105, 1.391108, -5.840099), (2.077648, 1.438478, -5.99657)
(1.462042, 1.306742, -5.848639), (1.466512, 1.278026, -5.690599), (1.616547, 1.336254, -5.845689)
(1.462042, 1.306742, -5.848639), (1.616547, 1.336254, -5.845689), (1.612651, 1.361168, -6.004134)
(1.616547, 1.336254, -5.845689), (1.621004, 1.30827, -5.687446), (1.771224, 1.364526, -5.842826)
(1.616547, 1.336254, -5.845689), (1.771224, 1.364526, -5.842826), (1.767461, 1.388364, -6.001487)
(1.771224, 1.364526, -5.842826), (1.775651, 1.337149, -5.684384), (1.926105, 1.391108, -5.840099)
(1.771224, 1.364526, -5.842826), (1.926105, 1.391108, -5.840099), (1.92249, 1.414011, -5.998969)
(1.926105, 1.391108, -5.840099), (1.930448, 1.364384, -5.681454), (2.081061, 1.41664, -5.837474)
(1.926105, 1.391108, -5.840099), (2.081061, 1.41664, -5.837474), (2.077648, 1.438478, -5.99657)
(1.466512, 1.278026, -5.690599), (1.621004, 1.30827, -5.687446), (1.616547, 1.336254, -5.845689)
(1.466512, 1.278026, -5.690599), (1.471502, 1.245942, -5.532875), (1.621004, 1.30827, -5.687446)
(1.621004, 1.30827, -5.687446), (1.775651, 1.337149, -5.684384), (1.771224, 1.364526, -5.842826)
(1.621004, 1.30827, -5.687446), (1.62606, 1.276591, -5.529525), (1.775651, 1.337149, -5.684384)
(1.775651, 1.337149, -5.684384), (1.930448, 1.364384, -5.681454), (1.926105, 1.391108, -5.840099)
(1.775651, 1.337149, -5.684384), (1.780755, 1.305741, -5.526275), (1.930448, 1.364384, -5.681454)
(1.930448, 1.364384, -5.681454), (2.085308, 1.390421, -5.678629), (2.081061, 1.41664, -5.837474)
(1.930448, 1.364384, -5.681454), (1.935584, 1.33303, -5.523177), (2.085308, 1.390421, -5.678629)
(1.471502, 1.245942, -5.532875), (1.62606, 1.276591, -5.529525), (1.621004, 1.30827, -5.687446)
(1.471502, 1.245942, -5.532875), (1.476848, 1.210893, -5.375532), (1.62606, 1.276591, -5.529525)
(1.62606, 1.276591, -5.529525), (1.631568, 1.241465, -5.372012), (1.780755, 1.305741, -5.526275)
(1.62606, 1.276591, -5.529525), (1.780755, 1.305741, -5.526275), (1.775651, 1.337149, -5.684384)
(1.780755, 1.305741, -5.526275), (1.935584, 1.33303, -5.523177), (1.930448, 1.364384, -5.681454)
(1.780755, 1.305741, -5.526275), (1.786429, 1.270247, -5.368618), (1.935584, 1.33303, -5.523177)
(1.935584, 1.33303, -5.523177), (1.941373, 1.297307, -5.365355), (2.090433, 1.359165, -5.520171)
(1.935584, 1.33303, -5.523177), (2.090433, 1.359165, -5.520171), (2.085308, 1.390421, -5.678629)
# 2.37030281664667, 0, -5.70984198335333
(2.077648, 1.438478, -5.99657), (2.232892, 1.461991, -5.994289), (2.230741, 1.477499, -6.153843)
(2.077648, 1.438478, -5.99657), (2.081061, 1.41664, -5.837474), (2.232892, 1.461991, -5.994289)
(2.232892, 1.461991, -5.994289), (2.388316, 1.484112, -5.992154), (2.386496, 1.498188, -6.151968)
(2.232892, 1.461991, -5.994289), (2.236135, 1.440844, -5.83498), (2.388316, 1.484112, -5.992154)
(2.388316, 1.484112, -5.992154), (2.543901, 1.505117, -5.990156), (2.542539, 1.517208, -6.150266)
(2.388316, 1.484112, -5.992154), (2.391278, 1.464094, -5.832596), (2.543901, 1.505117, -5.990156)
(2.543901, 1.505117, -5.990156), (2.699607, 1.525434, -5.988279), (2.698703, 1.535651, -6.1487)
(2.543901, 1.505117, -5.990156), (2.546507, 1.48648, -5.83032), (2.699607, 1.525434, -5.988279)
(2.699607, 1.525434, -5.988279), (2.85544, 1.545306, -5.986509), (2.855103, 1.553174, -6.147287)
(2.699607, 1.525434, -5.988279), (2.701829, 1.508185, -5.828147), (2.85544, 1.545306, -5.986509)
(2.081061, 1.41664, -5.837474), (2.085308, 1.390421, -5.678629), (2.236135, 1.440844, -5.83498)
(2.081061, 1.41664, -5.837474), (2.236135, 1.440844, -5.83498), (2.232892, 1.461991, -5.994289)
(2.236135, 1.440844, -5.83498), (2.240236, 1.415189, -5.675923), (2.391278, 1.464094, -5.832596)
(2.236135, 1.440844, -5.83498), (2.391278, 1.464094, -5.832596), (2.388316, 1.484112, -5.992154)
(2.391278, 1.464094, -5.832596), (2.395198, 1.438982, -5.673322), (2.546507, 1.48648, -5.83032)
(2.391278, 1.464094, -5.832596), (2.546507, 1.48648, -5.83032), (2.543901, 1.505117, -5.990156)
(2.546507, 1.48648, -5.83032), (2.55016, 1.462194, -5.670796), (2.701829, 1.508185, -5.828147)
(2.546507, 1.48648, -5.83032), (2.701829, 1.508185, -5.828147), (2.699607, 1.525434, -5.988279)
(2.701829, 1.508185, -5.828147), (2.705195, 1.484678, -5.668361), (2.857303, 1.529206, -5.826078)
(2.701829, 1.508185, -5.828147), (2.857303, 1.529206, -5.826078), (2.85544, 1.545306, -5.986509)
(2.085308, 1.390421, -5.678629), (2.240236, 1.415189, -5.675923), (2.236135, 1.440844, -5.83498)
(2.085308, 1.390421, -5.678629), (2.090433, 1.359165, -5.520171), (2.240236, 1.415189, -5.675923)
(2.240236, 1.415189, -5.675923), (2.395198, 1.438982, -5.673322), (2.391278, 1.464094, -5.832596)
(2.240236, 1.415189, -5.675923), (2.245294, 1.384134, -5.517269), (2.395198, 1.438982, -5.673322)
(2.395198, 1.438982, -5.673322), (2.55016, 1.462194, -5.670796), (2.546507, 1.48648, -5.83032)
(2.395198, 1.438982, -5.673322), (2.400141, 1.408143, -5.514464), (2.55016, 1.462194, -5.670796)
(2.55016, 1.462194, -5.670796), (2.705195, 1.484678, -5.668361), (2.701829, 1.508185, -5.828147)
(2.55016, 1.462194, -5.670796), (2.554998, 1.431233, -5.51176), (2.705195, 1.484678, -5.668361)
(2.090433, 1.359165, -5.520171), (2.245294, 1.384134, -5.517269), (2.240236, 1.415189, -5.675923)
(2.090433, 1.359165, -5.520171), (2.096332, 1.322894, -5.362217), (2.245294, 1.384134, -5.517269)
(2.245294, 1.384134, -5.517269), (2.251239, 1.347496, -5.359157), (2.400141, 1.408143, -5.514464)
(2.245294, 1.384134, -5.517269), (2.400141, 1.408143, -5.514464), (2.395198, 1.438982, -5.673322)
(2.400141, 1.408143, -5.514464), (2.554998, 1.431233, -5.51176), (2.55016, 1.462194, -5.670796)
(2.400141, 1.408143, -5.514464), (2.406108, 1.370958, -5.356209), (2.554998, 1.431233, -5.51176)
(2.554998, 1.431233, -5.51176), (2.560917, 1.393723, -5.353327), (2.70982, 1.454075, -5.509086)
(2.554998, 1.431233, -5.51176), (2.70982, 1.454075, -5.509086), (2.705195, 1.484678, -5.668361)
# 3.038073049980004, 0, -5.70984198335333
(2.85544, 1.545306, -5.986509), (3.011583, 1.564095, -5.984888), (3.011859, 1.569455, -6.146049)
(2.85544, 1.545306, -5.986509), (2.857303, 1.529206, -5.826078), (3.011583, 1.564095, -5.984888)
(3.011583, 1.564095, -5.984888), (3.168072, 1.581905, -5.983419), (3.169016, 1.5845, -6.144986)
(3.011583, 1.564095, -5.984888), (3.012933, 1.549845, -5.824098), (3.168072, 1.581905, -5.983419)
(3.168072, 1.581905, -5.983419), (3.324878, 1.599057, -5.982092), (3.326517, 1.598675, -6.144096)
(3.168072, 1.581905, -5.983419), (3.168844, 1.569749, -5.822235), (3.324878, 1.599057, -5.982092)
(3.324878, 1.599057, -5.982092), (3.482025, 1.615426, -5.980935), (3.484372, 1.611788, -6.143401)
(3.324878, 1.599057, -5.982092), (3.324976, 1.589417, -5.820472), (3.482025, 1.615426, -5.980935)
(2.857303, 1.529206, -5.826078), (2.860318, 1.506687, -5.665998), (3.012933, 1.549845, -5.824098)
(2.857303, 1.529206, -5.826078), (3.012933, 1.549845, -5.824098), (3.011583, 1.564095, -5.984888)
(3.012933, 1.549845, -5.824098), (3.01556, 1.528399, -5.663698), (3.168844, 1.569749, -5.822235)
(3.012933, 1.549845, -5.824098), (3.168844, 1.569749, -5.822235), (3.168072, 1.581905, -5.983419)
(3.168844, 1.569749, -5.822235), (3.171006, 1.549666, -5.661482), (3.324976, 1.589417, -5.820472)
(3.168844, 1.569749, -5.822235), (3.324976, 1.589417, -5.820472), (3.324878, 1.599057, -5.982092)
(3.324976, 1.589417, -5.820472), (3.326614, 1.570946, -5.659328), (3.481434, 1.608381, -5.81886)
(3.324976, 1.589417, -5.820472), (3.481434, 1.608381, -5.81886), (3.482025, 1.615426, -5.980935)
(2.705195, 1.484678, -5.668361), (2.860318, 1.506687, -5.665998), (2.857303, 1.529206, -5.826078)
(2.705195, 1.484678, -5.668361), (2.70982, 1.454075, -5.509086), (2.860318, 1.506687, -5.665998)
(2.860318, 1.506687, -5.665998), (3.01556, 1.528399, -5.663698), (3.012933, 1.549845, -5.824098)
(2.860318, 1.506687, -5.665998), (2.864642, 1.476758, -5.506444), (3.01556, 1.528399, -5.663698)
(3.01556, 1.528399, -5.663698), (3.171006, 1.549666, -5.661482), (3.168844, 1.569749, -5.822235)
(3.01556, 1.528399, -5.663698), (3.019526, 1.499299, -5.503839), (3.171006, 1.549666, -5.661482)
(3.171006, 1.549666, -5.661482), (3.326614, 1.570946, -5.659328), (3.324976, 1.589417, -5.820472)
(3.171006, 1.549666, -5.661482), (3.174596, 1.521379, -5.501309), (3.326614, 1.570946, -5.659328)
(3.326614, 1.570946, -5.659328), (3.482439, 1.592017, -5.657272), (3.481434, 1.608381, -5.81886)
(3.326614, 1.570946, -5.659328), (3.329733, 1.543883, -5.498785), (3.482439, 1.592017, -5.657272)
(2.70982, 1.454075, -5.509086), (2.864642, 1.476758, -5.506444), (2.860318, 1.506687, -5.665998)
(2.70982, 1.454075, -5.509086), (2.71565, 1.41622, -5.350474), (2.864642, 1.476758, -5.506444)
(2.864642, 1.476758, -5.506444), (2.87027, 1.439068, -5.347585), (3.019526, 1.499299, -5.503839)
(2.864642, 1.476758, -5.506444), (3.019526, 1.499299, -5.503839), (3.01556, 1.528399, -5.663698)
(3.019526, 1.499299, -5.503839), (3.174596, 1.521379, -5.501309), (3.171006, 1.549666, -5.661482)
(3.019526, 1.499299, -5.503839), (3.024907, 1.461836, -5.344719), (3.174596, 1.521379, -5.501309)
(3.174596, 1.521379, -5.501309), (3.179602, 1.484718, -5.341861), (3.329733, 1.543883, -5.498785)
(3.174596, 1.521379, -5.501309), (3.329733, 1.543883, -5.498785), (3.326614, 1.570946, -5.659328)
(3.329733, 1.543883, -5.498785), (3.484998, 1.566573, -5.496313), (3.482439, 1.592017, -5.657272)
(3.329733, 1.543883, -5.498785), (3.334333, 1.508073, -5.338994), (3.484998, 1.566573, -5.496313)
# 3.705843283313337, 0, -5.70984198335333
(3.482025, 1.615426, -5.980935), (3.63956, 1.630456, -5.980003), (3.642558, 1.6234, -6.142933)
(3.482025, 1.615426, -5.980935), (3.481434, 1.608381, -5.81886), (3.63956, 1.630456, -5.980003)
(3.63956, 1.630456, -5.980003), (3.797394, 1.643872, -5.979332), (3.800959, 1.633134, -6.142706)
(3.63956, 1.630456, -5.980003), (3.638196, 1.626607, -5.817428), (3.797394, 1.643872, -5.979332)
(3.797394, 1.643872, -5.979332), (3.955368, 1.655508, -5.978947), (3.959345, 1.641487, -6.14271)
(3.797394, 1.643872, -5.979332), (3.795238, 1.643762, -5.816232), (3.955368, 1.655508, -5.978947)
(3.955368, 1.655508, -5.978947), (4.113287, 1.665444, -5.978839), (4.117575, 1.648325, -6.142941)
(3.955368, 1.655508, -5.978947), (3.952501, 1.659346, -5.815336), (4.113287, 1.665444, -5.978839)
(3.481434, 1.608381, -5.81886), (3.482439, 1.592017, -5.657272), (3.638196, 1.626607, -5.817428)
(3.481434, 1.608381, -5.81886), (3.638196, 1.626607, -5.817428), (3.63956, 1.630456, -5.980003)
(3.638196, 1.626607, -5.817428), (3.638492, 1.612709, -5.655361), (3.795238, 1.643762, -5.816232)
(3.638196, 1.626607, -5.817428), (3.795238, 1.643762, -5.816232), (3.797394, 1.643872, -5.979332)
(3.795238, 1.643762, -5.816232), (3.79472, 1.633015, -5.65363), (3.952501, 1.659346, -5.815336)
(3.795238, 1.643762, -5.816232), (3.952501, 1.659346, -5.815336), (3.955368, 1.655508, -5.978947)
(3.952501, 1.659346, -5.815336), (3.951156, 1.652152, -5.652178), (4.109863, 1.672806, -5.814785)
(3.952501, 1.659346, -5.815336), (4.109863, 1.672806, -5.814785), (4.113287, 1.665444, -5.978839)
(3.482439, 1.592017, -5.657272), (3.638492, 1.612709, -5.655361), (3.638196, 1.626607, -5.817428)
(3.482439, 1.592017, -5.657272), (3.484998, 1.566573, -5.496313), (3.638492, 1.612709, -5.655361)
(3.638492, 1.612709, -5.655361), (3.79472, 1.633015, -5.65363), (3.795238, 1.643762, -5.816232)
(3.638492, 1.612709, -5.655361), (3.640411, 1.589241, -5.493944), (3.79472, 1.633015, -5.65363)
(3.79472, 1.633015, -5.65363), (3.951156, 1.652152, -5.652178), (3.952501, 1.659346, -5.815336)
(3.79472, 1.633015, -5.65363), (3.796007, 1.61138, -5.491766), (3.951156, 1.652152, -5.652178)
(3.951156, 1.652152, -5.652178), (4.107702, 1.66975, -5.65106), (4.109863, 1.672806, -5.814785)
(3.951156, 1.652152, -5.652178), (3.951633, 1.63337, -5.489767), (4.107702, 1.66975, -5.65106)
(3.484998, 1.566573, -5.496313), (3.489081, 1.532121, -5.336117), (3.640411, 1.589241, -5.493944)
(3.484998, 1.566573, -5.496313), (3.640411, 1.589241, -5.493944), (3.638492, 1.612709, -5.655361)
(3.640411, 1.589241, -5.493944), (3.796007, 1.61138, -5.491766), (3.79472, 1.633015, -5.65363)
(3.640411, 1.589241, -5.493944), (3.643954, 1.556172, -5.333335), (3.796007, 1.61138, -5.491766)
(3.796007, 1.61138, -5.491766), (3.798917, 1.580126, -5.330694), (3.951633, 1.63337, -5.489767)
(3.796007, 1.61138, -5.491766), (3.951633, 1.63337, -5.489767), (3.951156, 1.652152, -5.652178)
(3.951633, 1.63337, -5.489767), (4.107261, 1.654716, -5.488029), (4.107702, 1.66975, -5.65106)
(3.951633, 1.63337, -5.489767), (3.95385, 1.604183, -5.328203), (4.107261, 1.654716, -5.488029)
# 4.373613516646671, 0, -5.70984198335333
(4.702349, 2.170062, -6.023807), (4.677095, 2.170063, -5.97096), (4.772934, 2.178289, -5.925691)
(4.702349, 2.170062, -6.023807), (4.607791, 2.16162, -6.070039), (4.677095, 2.170063, -5.97096)
(4.581492, 2.16162, -6.017703), (4.675189, 1.360575, -6.050126), (4.767864, 1.368804, -6.006314)
(4.581492, 2.16162, -6.017703), (4.486457, 2.152778, -6.067338), (4.675189, 1.360575, -6.050126)
(4.585188, 1.683387, -5.97991), (4.741527, 1.686859, -5.980581), (4.746576, 1.661197, -6.145527)
(4.585188, 1.683387, -5.97991), (4.580596, 1.700616, -5.814884), (4.741527, 1.686859, -5.980581)
(4.428336, 1.678913, -5.979373), (4.585188, 1.683387, -5.97991), (4.590039, 1.659479, -6.144682)
(4.428336, 1.678913, -5.979373), (4.424074, 1.693168, -5.814615), (4.585188, 1.683387, -5.97991)
(4.271002, 1.673146, -5.978999), (4.428336, 1.678913, -5.979373), (4.433007, 1.656888, -6.143954)
(4.271002, 1.673146, -5.978999), (4.267104, 1.684218, -5.814552), (4.428336, 1.678913, -5.979373)
(4.113287, 1.665444, -5.978839), (4.271002, 1.673146, -5.978999), (4.275504, 1.653446, -6.143369)
(4.113287, 1.665444, -5.978839), (4.109863, 1.672806, -5.814785), (4.271002, 1.673146, -5.978999)
(4.677095, 2.170063, -5.97096), (4.767864, 1.368804, -6.006314), (4.86082, 1.376832, -5.963733)
(4.677095, 2.170063, -5.97096), (4.581492, 2.16162, -6.017703), (4.767864, 1.368804, -6.006314)
(4.580596, 1.700616, -5.814884), (4.576598, 1.709687, -5.649832), (4.73661, 1.706282, -5.815321)
(4.580596, 1.700616, -5.814884), (4.73661, 1.706282, -5.815321), (4.741527, 1.686859, -5.980581)
(4.109863, 1.672806, -5.814785), (4.107702, 1.66975, -5.65106), (4.267104, 1.684218, -5.814552)
(4.109863, 1.672806, -5.814785), (4.267104, 1.684218, -5.814552), (4.271002, 1.673146, -5.978999)
(4.424074, 1.693168, -5.814615), (4.420596, 1.698532, -5.649931), (4.580596, 1.700616, -5.814884)
(4.424074, 1.693168, -5.814615), (4.580596, 1.700616, -5.814884), (4.585188, 1.683387, -5.97991)
(4.267104, 1.684218, -5.814552), (4.26423, 1.685359, -5.650312), (4.424074, 1.693168, -5.814615)
(4.267104, 1.684218, -5.814552), (4.424074, 1.693168, -5.814615), (4.428336, 1.678913, -5.979373)
(4.107702, 1.66975, -5.65106), (4.26423, 1.685359, -5.650312), (4.267104, 1.684218, -5.814552)
(4.107702, 1.66975, -5.65106), (4.107261, 1.654716, -5.488029), (4.26423, 1.685359, -5.650312)
(4.26423, 1.685359, -5.650312), (4.420596, 1.698532, -5.649931), (4.424074, 1.693168, -5.814615)
(4.26423, 1.685359, -5.650312), (4.26286, 1.674646, -5.486644), (4.420596, 1.698532, -5.649931)
(4.420596, 1.698532, -5.649931), (4.576598, 1.709687, -5.649832), (4.580596, 1.700616, -5.814884)
(4.420596, 1.698532, -5.649931), (4.418384, 1.692252, -5.485687), (4.576598, 1.709687, -5.649832)
(4.576598, 1.709687, -5.649832), (4.732134, 1.718833, -5.649949), (4.73661, 1.706282, -5.815321)
(4.576598, 1.709687, -5.649832), (4.573607, 1.707999, -5.485063), (4.732134, 1.718833, -5.649949)
(4.107261, 1.654716, -5.488029), (4.108634, 1.628478, -5.325876), (4.26286, 1.674646, -5.486644)
(4.107261, 1.654716, -5.488029), (4.26286, 1.674646, -5.486644), (4.26423, 1.685359, -5.650312)
(4.26286, 1.674646, -5.486644), (4.418384, 1.692252, -5.485687), (4.420596, 1.698532, -5.649931)
(4.26286, 1.674646, -5.486644), (4.263339, 1.651725, -5.323882), (4.418384, 1.692252, -5.485687)
(4.418384, 1.692252, -5.485687), (4.417869, 1.673629, -5.322251), (4.573607, 1.707999, -5.485063)
(4.418384, 1.692252, -5.485687), (4.573607, 1.707999, -5.485063), (4.576598, 1.709687, -5.649832)
(4.573607, 1.707999, -5.485063), (4.72844, 1.721651, -5.484727), (4.732134, 1.718833, -5.649949)
(4.573607, 1.707999, -5.485063), (4.57212, 1.694019, -5.32098), (4.72844, 1.721651, -5.484727)
# 5.041383749980003, 0, -5.70984198335333
(5.158848, 2.20112, -6.042569), (5.252437, 2.208136, -6.005424), (5.177631, 2.20112, -6.088906)
(5.158848, 2.20112, -6.042569), (5.150386, 2.191605, -6.019868), (5.24417, 2.198619, -5.982652)
(5.158848, 2.20112, -6.042569), (5.177631, 2.20112, -6.088906), (5.085101, 2.193728, -6.127463)
(5.158848, 2.20112, -6.042569), (5.065742, 2.193729, -6.081363), (5.150386, 2.191605, -6.019868)
(5.150386, 2.191605, -6.019868), (5.09271, 2.191605, -5.877587), (5.187854, 2.19862, -5.839826)
(5.150386, 2.191605, -6.019868), (5.05702, 2.184215, -6.058763), (5.09271, 2.191605, -5.877587)
(5.364047, 2.215071, -6.015286), (5.381972, 2.215071, -6.061963), (5.270776, 2.208136, -6.051938)
(5.252437, 2.208136, -6.005424), (5.346122, 2.215071, -5.96861), (5.270776, 2.208136, -6.051938)
(5.252437, 2.208136, -6.005424), (5.24417, 2.198619, -5.982652), (5.338038, 2.205552, -5.945773)
(5.252437, 2.208136, -6.005424), (5.270776, 2.208136, -6.051938), (5.177631, 2.20112, -6.088906)
(5.252437, 2.208136, -6.005424), (5.158848, 2.20112, -6.042569), (5.24417, 2.198619, -5.982652)
(4.807697, 2.168779, -6.000196), (4.797207, 2.178289, -5.978995), (4.892427, 2.186149, -5.93654)
(4.807697, 2.168779, -6.000196), (4.713255, 2.160553, -6.044797), (4.797207, 2.178289, -5.978995)
(5.361878, 1.691724, -5.984032), (5.516004, 1.69169, -5.985076), (5.522461, 1.659832, -6.150925)
(5.361878, 1.691724, -5.984032), (5.355551, 1.718962, -5.817937), (5.516004, 1.69169, -5.985076)
(5.207408, 1.691218, -5.983047), (5.361878, 1.691724, -5.984032), (5.368, 1.660864, -6.149672)
(5.207408, 1.691218, -5.983047), (5.201487, 1.71702, -5.817182), (5.361878, 1.691724, -5.984032)
(5.24417, 2.198619, -5.982652), (5.187854, 2.19862, -5.839826), (5.283, 2.205552, -5.802451)
(5.24417, 2.198619, -5.982652), (5.150386, 2.191605, -6.019868), (5.187854, 2.19862, -5.839826)
(5.052578, 1.690395, -5.98215), (5.207408, 1.691218, -5.983047), (5.21322, 1.661512, -6.148496)
(5.052578, 1.690395, -5.98215), (5.047014, 1.714343, -5.816486), (5.207408, 1.691218, -5.983047)
(4.897315, 1.68906, -5.981334), (5.052578, 1.690395, -5.98215), (5.058095, 1.661852, -6.147418)
(4.897315, 1.68906, -5.981334), (4.892075, 1.710827, -5.815864), (5.052578, 1.690395, -5.98215)
(4.741527, 1.686859, -5.980581), (4.897315, 1.68906, -5.981334), (4.902595, 1.661967, -6.146447)
(4.741527, 1.686859, -5.980581), (4.73661, 1.706282, -5.815321), (4.897315, 1.68906, -5.981334)
(4.797207, 2.178289, -5.978995), (4.772934, 2.178289, -5.925691), (4.869003, 2.18615, -5.882855)
(4.797207, 2.178289, -5.978995), (4.702349, 2.170062, -6.023807), (4.772934, 2.178289, -5.925691)
(5.346122, 2.215071, -5.96861), (5.44012, 2.221632, -5.933143), (5.364047, 2.215071, -6.015286)
(5.346122, 2.215071, -5.96861), (5.338038, 2.205552, -5.945773), (5.432156, 2.212112, -5.910264)
(5.346122, 2.215071, -5.96861), (5.364047, 2.215071, -6.015286), (5.270776, 2.208136, -6.051938)
(5.346122, 2.215071, -5.96861), (5.252437, 2.208136, -6.005424), (5.338038, 2.205552, -5.945773)
(4.902554, 2.176637, -5.957913), (4.892427, 2.186149, -5.93654), (4.98777, 2.193731, -5.895688)
(4.902554, 2.176637, -5.957913), (4.807697, 2.168779, -6.000196), (4.892427, 2.186149, -5.93654)
(5.338038, 2.205552, -5.945773), (5.283, 2.205552, -5.802451), (5.377971, 2.212113, -5.766618)
(5.338038, 2.205552, -5.945773), (5.24417, 2.198619, -5.982652), (5.283, 2.205552, -5.802451)
(4.892427, 2.186149, -5.93654), (4.869003, 2.18615, -5.882855), (4.965095, 2.193732, -5.841683)
(4.892427, 2.186149, -5.93654), (4.797207, 2.178289, -5.978995), (4.869003, 2.18615, -5.882855)
(4.772934, 2.178289, -5.925691), (4.86082, 1.376832, -5.963733), (4.954165, 1.384511, -5.923205)
(4.772934, 2.178289, -5.925691), (4.677095, 2.170063, -5.97096), (4.86082, 1.376832, -5.963733)
(4.997578, 2.184217, -5.917209), (4.98777, 2.193731, -5.895688), (5.083194, 2.201121, -5.855935)
(4.997578, 2.184217, -5.917209), (4.902554, 2.176637, -5.957913), (4.98777, 2.193731, -5.895688)
(4.98777, 2.193731, -5.895688), (4.965095, 2.193732, -5.841683), (5.061191, 2.201121, -5.801658)
(4.98777, 2.193731, -5.895688), (4.892427, 2.186149, -5.93654), (4.965095, 2.193732, -5.841683)
(4.869003, 2.18615, -5.882855), (4.954165, 1.384511, -5.923205), (5.047694, 1.39193, -5.884049)
(4.869003, 2.18615, -5.882855), (4.772934, 2.178289, -5.925691), (4.954165, 1.384511, -5.923205)
(5.09271, 2.191605, -5.877587), (5.083194, 2.201121, -5.855935), (5.178566, 2.208138, -5.818076)
(5.09271, 2.191605, -5.877587), (4.997578, 2.184217, -5.917209), (5.083194, 2.201121, -5.855935)
(5.083194, 2.201121, -5.855935), (5.061191, 2.201121, -5.801658), (5.157082, 2.208138, -5.763587)
(5.083194, 2.201121, -5.855935), (4.98777, 2.193731, -5.895688), (5.061191, 2.201121, -5.801658)
(4.965095, 2.193732, -5.841683), (5.047694, 1.39193, -5.884049), (5.141341, 1.399168, -5.845826)
(4.965095, 2.193732, -5.841683), (4.869003, 2.18615, -5.882855), (5.047694, 1.39193, -5.884049)
(5.187854, 2.19862, -5.839826), (5.178566, 2.208138, -5.818076), (5.273926, 2.215071, -5.780612)
(5.187854, 2.19862, -5.839826), (5.09271, 2.191605, -5.877587), (5.178566, 2.208138, -5.818076)
(5.178566, 2.208138, -5.818076), (5.157082, 2.208138, -5.763587), (5.252929, 2.215071, -5.725934)
(5.178566, 2.208138, -5.818076), (5.083194, 2.201121, -5.855935), (5.157082, 2.208138, -5.763587)
(5.355551, 1.718962, -5.817937), (5.349242, 1.742154, -5.651547), (5.509286, 1.720586, -5.818759)
(5.355551, 1.718962, -5.817937), (5.509286, 1.720586, -5.818759), (5.516004, 1.69169, -5.985076)
(5.201487, 1.71702, -5.817182), (5.195653, 1.737875, -5.651042), (5.355551, 1.718962, -5.817937)
(5.201487, 1.71702, -5.817182), (5.355551, 1.718962, -5.817937), (5.361878, 1.691724, -5.984032)
(5.047014, 1.714343, -5.816486), (5.041642, 1.732771, -5.650592), (5.201487, 1.71702, -5.817182)
(5.047014, 1.714343, -5.816486), (5.201487, 1.71702, -5.817182), (5.207408, 1.691218, -5.983047)
(4.892075, 1.710827, -5.815864), (4.887148, 1.726361, -5.65022), (5.047014, 1.714343, -5.816486)
(4.892075, 1.710827, -5.815864), (5.047014, 1.714343, -5.816486), (5.052578, 1.690395, -5.98215)
(4.73661, 1.706282, -5.815321), (4.732134, 1.718833, -5.649949), (4.892075, 1.710827, -5.815864)
(4.73661, 1.706282, -5.815321), (4.892075, 1.710827, -5.815864), (4.897315, 1.68906, -5.981334)
(5.283, 2.205552, -5.802451), (5.273926, 2.215071, -5.780612), (5.369044, 2.221633, -5.744718)
(5.283, 2.205552, -5.802451), (5.187854, 2.19862, -5.839826), (5.273926, 2.215071, -5.780612)
(5.061191, 2.201121, -5.801658), (5.141341, 1.399168, -5.845826), (5.235084, 1.406054, -5.809196)
(5.061191, 2.201121, -5.801658), (4.965095, 2.193732, -5.841683), (5.141341, 1.399168, -5.845826)
(5.273926, 2.215071, -5.780612), (5.252929, 2.215071, -5.725934), (5.348372, 2.221634, -5.689918)
(5.273926, 2.215071, -5.780612), (5.178566, 2.208138, -5.818076), (5.252929, 2.215071, -5.725934)
(5.157082, 2.208138, -5.763587), (5.235084, 1.406054, -5.809196), (5.328839, 1.412863, -5.772889)
(5.157082, 2.208138, -5.763587), (5.061191, 2.201121, -5.801658), (5.235084, 1.406054, -5.809196)
(5.369044, 2.221633, -5.744718), (5.348372, 2.221634, -5.689918), (5.443738, 2.228139, -5.654086)
(5.369044, 2.221633, -5.744718), (5.273926, 2.215071, -5.780612), (5.348372, 2.221634, -5.689918)
(5.252929, 2.215071, -5.725934), (5.328839, 1.412863, -5.772889), (5.422545, 1.419323, -5.737866)
(5.252929, 2.215071, -5.725934), (5.157082, 2.208138, -5.763587), (5.328839, 1.412863, -5.772889)
(5.348372, 2.221634, -5.689918), (5.422545, 1.419323, -5.737866), (5.516224, 1.425731, -5.702975)
(5.348372, 2.221634, -5.689918), (5.252929, 2.215071, -5.725934), (5.422545, 1.419323, -5.737866)
(5.349242, 1.742154, -5.651547), (5.502493, 1.745874, -5.652111), (5.509286, 1.720586, -5.818759)
(5.349242, 1.742154, -5.651547), (5.343123, 1.759267, -5.484981), (5.502493, 1.745874, -5.652111)
(5.195653, 1.737875, -5.651042), (5.349242, 1.742154, -5.651547), (5.355551, 1.718962, -5.817937)
(5.195653, 1.737875, -5.651042), (5.190127, 1.751717, -5.484783), (5.349242, 1.742154, -5.651547)
(5.041642, 1.732771, -5.650592), (5.195653, 1.737875, -5.651042), (5.201487, 1.71702, -5.817182)
(5.041642, 1.732771, -5.650592), (5.036712, 1.743108, -5.484652), (5.195653, 1.737875, -5.651042)
(4.887148, 1.726361, -5.65022), (5.041642, 1.732771, -5.650592), (5.047014, 1.714343, -5.816486)
(4.887148, 1.726361, -5.65022), (4.882814, 1.733334, -5.484611), (5.041642, 1.732771, -5.650592)
(4.732134, 1.718833, -5.649949), (4.887148, 1.726361, -5.65022), (4.892075, 1.710827, -5.815864)
(4.732134, 1.718833, -5.649949), (4.72844, 1.721651, -5.484727), (4.887148, 1.726361, -5.65022)
(5.343123, 1.759267, -5.484981), (5.337524, 1.768044, -5.318482), (5.495786, 1.765935, -5.485243)
(5.343123, 1.759267, -5.484981), (5.495786, 1.765935, -5.485243), (5.502493, 1.745874, -5.652111)
(5.190127, 1.751717, -5.484783), (5.343123, 1.759267, -5.484981), (5.349242, 1.742154, -5.651547)
(5.190127, 1.751717, -5.484783), (5.185274, 1.756351, -5.318677), (5.343123, 1.759267, -5.484981)
(4.72844, 1.721651, -5.484727), (4.726021, 1.712618, -5.320041), (4.882814, 1.733334, -5.484611)
(4.72844, 1.721651, -5.484727), (4.882814, 1.733334, -5.484611), (4.887148, 1.726361, -5.65022)
(5.036712, 1.743108, -5.484652), (5.03262, 1.743539, -5.318965), (5.190127, 1.751717, -5.484783)
(5.036712, 1.743108, -5.484652), (5.190127, 1.751717, -5.484783), (5.195653, 1.737875, -5.651042)
(4.882814, 1.733334, -5.484611), (5.036712, 1.743108, -5.484652), (5.041642, 1.732771, -5.650592)
(4.882814, 1.733334, -5.484611), (4.879538, 1.729063, -5.319399), (5.036712, 1.743108, -5.484652)
# 5.709153983313337, 0, -5.70984198335333
(5.475413, 2.221632, -6.026706), (5.568925, 2.228139, -5.991569), (5.577914, 2.218618, -6.014066)
(5.475413, 2.221632, -6.026706), (5.381972, 2.215071, -6.061963), (5.364047, 2.215071, -6.015286)
(6.006106, 2.242781, -6.021333), (5.953625, 2.24278, -5.877057), (6.100521, 2.248431, -5.986936)
(6.006106, 2.242781, -6.021333), (6.100521, 2.248431, -5.986936), (6.108139, 2.257956, -6.00932)
(5.577914, 2.218618, -6.014066), (5.568925, 2.228139, -5.991569), (5.671688, 2.224827, -5.979653)
(5.577914, 2.218618, -6.014066), (5.671688, 2.224827, -5.979653), (5.724644, 2.224827, -6.123757)
(5.568925, 2.228139, -5.991569), (5.662784, 2.234349, -5.957126), (5.671688, 2.224827, -5.979653)
(5.568925, 2.228139, -5.991569), (5.475413, 2.221632, -6.026706), (5.457767, 2.221632, -5.979922)
(5.977276, 1.690354, -5.988846), (6.130919, 1.689649, -5.990386), (6.138611, 1.654019, -6.157106)
(5.977276, 1.690354, -5.988846), (5.969363, 1.723517, -5.821785), (6.130919, 1.689649, -5.990386)
(5.823602, 1.690863, -5.987444), (5.977276, 1.690354, -5.988846), (5.984689, 1.655586, -6.155347)
(5.823602, 1.690863, -5.987444), (5.816095, 1.722719, -5.820653), (5.977276, 1.690354, -5.988846)
(5.669873, 1.69131, -5.986197), (5.823602, 1.690863, -5.987444), (5.830713, 1.657063, -6.153727)
(5.669873, 1.69131, -5.986197), (5.662759, 1.72166, -5.819647), (5.823602, 1.690863, -5.987444)
(5.516004, 1.69169, -5.985076), (5.669873, 1.69131, -5.986197), (5.676656, 1.658462, -6.152255)
(5.516004, 1.69169, -5.985076), (5.509286, 1.720586, -5.818759), (5.669873, 1.69131, -5.986197)
(5.457767, 2.221632, -5.979922), (5.475413, 2.221632, -6.026706), (5.364047, 2.215071, -6.015286)
(5.671688, 2.224827, -5.979653), (5.662784, 2.234349, -5.957126), (5.765511, 2.230987, -5.945291)
(5.671688, 2.224827, -5.979653), (5.765511, 2.230987, -5.945291), (5.818088, 2.230987, -6.089536)
(5.662784, 2.234349, -5.957126), (5.756679, 2.24051, -5.922736), (5.765511, 2.230987, -5.945291)
(5.662784, 2.234349, -5.957126), (5.568925, 2.228139, -5.991569), (5.551536, 2.228139, -5.94469)
(5.765511, 2.230987, -5.945291), (5.756679, 2.24051, -5.922736), (5.859567, 2.236893, -5.91118)
(5.765511, 2.230987, -5.945291), (5.859567, 2.236893, -5.91118), (5.912084, 2.236893, -6.055444)
(5.551536, 2.228139, -5.94469), (5.568925, 2.228139, -5.991569), (5.457767, 2.221632, -5.979922)
(5.44012, 2.221632, -5.933143), (5.534146, 2.228139, -5.897813), (5.457767, 2.221632, -5.979922)
(5.44012, 2.221632, -5.933143), (5.432156, 2.212112, -5.910264), (5.526291, 2.218618, -5.874896)
(5.44012, 2.221632, -5.933143), (5.457767, 2.221632, -5.979922), (5.364047, 2.215071, -6.015286)
(5.44012, 2.221632, -5.933143), (5.346122, 2.215071, -5.96861), (5.432156, 2.212112, -5.910264)
(5.756679, 2.24051, -5.922736), (5.850755, 2.246417, -5.888618), (5.859567, 2.236893, -5.91118)
(5.756679, 2.24051, -5.922736), (5.662784, 2.234349, -5.957126), (5.645537, 2.234349, -5.910195)
(5.859567, 2.236893, -5.91118), (5.850755, 2.246417, -5.888618), (5.953625, 2.24278, -5.877057)
(5.859567, 2.236893, -5.91118), (5.953625, 2.24278, -5.877057), (6.006106, 2.242781, -6.021333)
(5.432156, 2.212112, -5.910264), (5.377971, 2.212113, -5.766618), (5.472897, 2.218618, -5.730954)
(5.432156, 2.212112, -5.910264), (5.338038, 2.205552, -5.945773), (5.377971, 2.212113, -5.766618)
(5.645537, 2.234349, -5.910195), (5.662784, 2.234349, -5.957126), (5.551536, 2.228139, -5.94469)
(5.534146, 2.228139, -5.897813), (5.628291, 2.234349, -5.863263), (5.551536, 2.228139, -5.94469)
(5.534146, 2.228139, -5.897813), (5.526291, 2.218618, -5.874896), (5.620491, 2.224827, -5.840329)
(5.534146, 2.228139, -5.897813), (5.551536, 2.228139, -5.94469), (5.457767, 2.221632, -5.979922)
(5.534146, 2.228139, -5.897813), (5.44012, 2.221632, -5.933143), (5.526291, 2.218618, -5.874896)
(5.850755, 2.246417, -5.888618), (5.944831, 2.252305, -5.854486), (5.953625, 2.24278, -5.877057)
(5.850755, 2.246417, -5.888618), (5.756679, 2.24051, -5.922736), (5.739554, 2.24051, -5.87576)
(5.953625, 2.24278, -5.877057), (5.944831, 2.252305, -5.854486), (6.047756, 2.248431, -5.842759)
(5.953625, 2.24278, -5.877057), (6.047756, 2.248431, -5.842759), (6.100521, 2.248431, -5.986936)
(5.739554, 2.24051, -5.87576), (5.756679, 2.24051, -5.922736), (5.645537, 2.234349, -5.910195)
(5.526291, 2.218618, -5.874896), (5.472897, 2.218618, -5.730954), (5.567535, 2.224828, -5.696225)
(5.526291, 2.218618, -5.874896), (5.432156, 2.212112, -5.910264), (5.472897, 2.218618, -5.730954)
(5.628291, 2.234349, -5.863263), (5.722432, 2.24051, -5.828782), (5.645537, 2.234349, -5.910195)
(5.628291, 2.234349, -5.863263), (5.620491, 2.224827, -5.840329), (5.714679, 2.230987, -5.805833)
(5.628291, 2.234349, -5.863263), (5.645537, 2.234349, -5.910195), (5.551536, 2.228139, -5.94469)
(5.628291, 2.234349, -5.863263), (5.534146, 2.228139, -5.897813), (5.620491, 2.224827, -5.840329)
(5.944831, 2.252305, -5.854486), (6.038928, 2.257956, -5.820203), (6.047756, 2.248431, -5.842759)
(5.944831, 2.252305, -5.854486), (5.850755, 2.246417, -5.888618), (5.833652, 2.246417, -5.841632)
(5.833652, 2.246417, -5.841632), (5.850755, 2.246417, -5.888618), (5.739554, 2.24051, -5.87576)
(5.620491, 2.224827, -5.840329), (5.567535, 2.224828, -5.696225), (5.662102, 2.230987, -5.661592)
(5.620491, 2.224827, -5.840329), (5.526291, 2.218618, -5.874896), (5.567535, 2.224828, -5.696225)
(5.722432, 2.24051, -5.828782), (5.816547, 2.246417, -5.794648), (5.739554, 2.24051, -5.87576)
(5.722432, 2.24051, -5.828782), (5.714679, 2.230987, -5.805833), (5.808791, 2.236893, -5.771701)
(5.722432, 2.24051, -5.828782), (5.739554, 2.24051, -5.87576), (5.645537, 2.234349, -5.910195)
(5.722432, 2.24051, -5.828782), (5.628291, 2.234349, -5.863263), (5.714679, 2.230987, -5.805833)
(5.969363, 1.723517, -5.821785), (5.961136, 1.754711, -5.654312), (6.122655, 1.724222, -5.823079)
(5.969363, 1.723517, -5.821785), (6.122655, 1.724222, -5.823079), (6.130919, 1.689649, -5.990386)
(5.816095, 1.722719, -5.820653), (5.808343, 1.751985, -5.653468), (5.969363, 1.723517, -5.821785)
(5.816095, 1.722719, -5.820653), (5.969363, 1.723517, -5.821785), (5.977276, 1.690354, -5.988846)
(6.038928, 2.257956, -5.820203), (6.133023, 2.263607, -5.78592), (6.141887, 2.254081, -5.808463)
(6.038928, 2.257956, -5.820203), (5.944831, 2.252305, -5.854486), (5.927738, 2.252305, -5.807498)
(5.662759, 1.72166, -5.819647), (5.655492, 1.749002, -5.652741), (5.816095, 1.722719, -5.820653)
(5.662759, 1.72166, -5.819647), (5.816095, 1.722719, -5.820653), (5.823602, 1.690863, -5.987444)
(5.509286, 1.720586, -5.818759), (5.502493, 1.745874, -5.652111), (5.662759, 1.72166, -5.819647)
(5.509286, 1.720586, -5.818759), (5.662759, 1.72166, -5.819647), (5.669873, 1.69131, -5.986197)
(5.927738, 2.252305, -5.807498), (5.944831, 2.252305, -5.854486), (5.833652, 2.246417, -5.841632)
(5.714679, 2.230987, -5.805833), (5.662102, 2.230987, -5.661592), (5.756274, 2.236893, -5.627439)
(5.714679, 2.230987, -5.805833), (5.620491, 2.224827, -5.840329), (5.662102, 2.230987, -5.661592)
(5.816547, 2.246417, -5.794648), (5.910645, 2.252305, -5.76051), (5.833652, 2.246417, -5.841632)
(5.816547, 2.246417, -5.794648), (5.808791, 2.236893, -5.771701), (5.902884, 2.24278, -5.737565)
(5.816547, 2.246417, -5.794648), (5.833652, 2.246417, -5.841632), (5.739554, 2.24051, -5.87576)
(5.816547, 2.246417, -5.794648), (5.722432, 2.24051, -5.828782), (5.808791, 2.236893, -5.771701)
(6.021744, 2.257956, -5.773248), (6.038928, 2.257956, -5.820203), (5.927738, 2.252305, -5.807498)
(5.808791, 2.236893, -5.771701), (5.756274, 2.236893, -5.627439), (5.850402, 2.24278, -5.593289)
(5.808791, 2.236893, -5.771701), (5.714679, 2.230987, -5.805833), (5.756274, 2.236893, -5.627439)
(5.377971, 2.212113, -5.766618), (5.369044, 2.221633, -5.744718), (5.464108, 2.228139, -5.709001)
(5.377971, 2.212113, -5.766618), (5.283, 2.205552, -5.802451), (5.369044, 2.221633, -5.744718)
(5.910645, 2.252305, -5.76051), (6.00456, 2.257956, -5.726295), (5.927738, 2.252305, -5.807498)
(5.910645, 2.252305, -5.76051), (5.902884, 2.24278, -5.737565), (5.996743, 2.248431, -5.703366)
(5.910645, 2.252305, -5.76051), (5.927738, 2.252305, -5.807498), (5.833652, 2.246417, -5.841632)
(5.910645, 2.252305, -5.76051), (5.816547, 2.246417, -5.794648), (5.902884, 2.24278, -5.737565)
(5.902884, 2.24278, -5.737565), (5.850402, 2.24278, -5.593289), (5.94398, 2.248431, -5.559192)
(5.902884, 2.24278, -5.737565), (5.808791, 2.236893, -5.771701), (5.850402, 2.24278, -5.593289)
(5.472897, 2.218618, -5.730954), (5.464108, 2.228139, -5.709001), (5.558829, 2.23435, -5.674237)
(5.472897, 2.218618, -5.730954), (5.377971, 2.212113, -5.766618), (5.464108, 2.228139, -5.709001)
(6.00456, 2.257956, -5.726295), (6.098472, 2.263607, -5.692079), (6.021744, 2.257956, -5.773248)
(6.00456, 2.257956, -5.726295), (5.996743, 2.248431, -5.703366), (6.090602, 2.254081, -5.669171)
(6.00456, 2.257956, -5.726295), (6.021744, 2.257956, -5.773248), (5.927738, 2.252305, -5.807498)
(6.00456, 2.257956, -5.726295), (5.910645, 2.252305, -5.76051), (5.996743, 2.248431, -5.703366)
(5.464108, 2.228139, -5.709001), (5.443738, 2.228139, -5.654086), (5.538627, 2.23435, -5.619264)
(5.464108, 2.228139, -5.709001), (5.369044, 2.221633, -5.744718), (5.443738, 2.228139, -5.654086)
(5.996743, 2.248431, -5.703366), (5.94398, 2.248431, -5.559192), (6.037555, 2.254081, -5.525102)
(5.996743, 2.248431, -5.703366), (5.902884, 2.24278, -5.737565), (5.94398, 2.248431, -5.559192)
(5.567535, 2.224828, -5.696225), (5.558829, 2.23435, -5.674237), (5.653466, 2.24051, -5.639575)
(5.567535, 2.224828, -5.696225), (5.472897, 2.218618, -5.730954), (5.558829, 2.23435, -5.674237)
(5.558829, 2.23435, -5.674237), (5.538627, 2.23435, -5.619264), (5.633409, 2.24051, -5.584546)
(5.558829, 2.23435, -5.674237), (5.464108, 2.228139, -5.709001), (5.538627, 2.23435, -5.619264)
(5.662102, 2.230987, -5.661592), (5.653466, 2.24051, -5.639575), (5.747661, 2.246417, -5.605414)
(5.662102, 2.230987, -5.661592), (5.567535, 2.224828, -5.696225), (5.653466, 2.24051, -5.639575)
(5.961136, 1.754711, -5.654312), (6.113977, 1.757206, -5.655316), (6.122655, 1.724222, -5.823079)
(5.961136, 1.754711, -5.654312), (5.952704, 1.78267, -5.486506), (6.113977, 1.757206, -5.655316)
(5.443738, 2.228139, -5.654086), (5.516224, 1.425731, -5.702975), (5.609741, 1.43186, -5.66882)
(5.443738, 2.228139, -5.654086), (5.348372, 2.221634, -5.689918), (5.516224, 1.425731, -5.702975)
(5.808343, 1.751985, -5.653468), (5.961136, 1.754711, -5.654312), (5.969363, 1.723517, -5.821785)
(5.808343, 1.751985, -5.653468), (5.800481, 1.777329, -5.485985), (5.961136, 1.754711, -5.654312)
(5.655492, 1.749002, -5.652741), (5.808343, 1.751985, -5.653468), (5.816095, 1.722719, -5.820653)
(5.655492, 1.749002, -5.652741), (5.648211, 1.771675, -5.485575), (5.808343, 1.751985, -5.653468)
(5.502493, 1.745874, -5.652111), (5.655492, 1.749002, -5.652741), (5.662759, 1.72166, -5.819647)
(5.502493, 1.745874, -5.652111), (5.495786, 1.765935, -5.485243), (5.655492, 1.749002, -5.652741)
(5.653466, 2.24051, -5.639575), (5.633409, 2.24051, -5.584546), (5.727624, 2.246417, -5.550376)
(5.653466, 2.24051, -5.639575), (5.558829, 2.23435, -5.674237), (5.633409, 2.24051, -5.584546)
(5.756274, 2.236893, -5.627439), (5.747661, 2.246417, -5.605414), (5.841805, 2.252305, -5.571259)
(5.756274, 2.236893, -5.627439), (5.662102, 2.230987, -5.661592), (5.747661, 2.246417, -5.605414)
(5.538627, 2.23435, -5.619264), (5.609741, 1.43186, -5.66882), (5.703208, 1.437943, -5.634727)
(5.538627, 2.23435, -5.619264), (5.443738, 2.228139, -5.654086), (5.609741, 1.43186, -5.66882)
(5.747661, 2.246417, -5.605414), (5.727624, 2.246417, -5.550376), (5.821782, 2.252305, -5.516217)
(5.747661, 2.246417, -5.605414), (5.653466, 2.24051, -5.639575), (5.727624, 2.246417, -5.550376)
(5.850402, 2.24278, -5.593289), (5.841805, 2.252305, -5.571259), (5.935348, 2.257956, -5.537177)
(5.850402, 2.24278, -5.593289), (5.756274, 2.236893, -5.627439), (5.841805, 2.252305, -5.571259)
(5.633409, 2.24051, -5.584546), (5.703208, 1.437943, -5.634727), (5.796409, 1.443786, -5.600945)
(5.633409, 2.24051, -5.584546), (5.538627, 2.23435, -5.619264), (5.703208, 1.437943, -5.634727)
(5.841805, 2.252305, -5.571259), (5.821782, 2.252305, -5.516217), (5.915218, 2.257956, -5.482175)
(5.841805, 2.252305, -5.571259), (5.747661, 2.246417, -5.605414), (5.821782, 2.252305, -5.516217)
(5.94398, 2.248431, -5.559192), (5.935348, 2.257956, -5.537177), (6.02889, 2.263607, -5.503098)
(5.94398, 2.248431, -5.559192), (5.850402, 2.24278, -5.593289), (5.935348, 2.257956, -5.537177)
(5.727624, 2.246417, -5.550376), (5.796409, 1.443786, -5.600945), (5.889573, 1.449614, -5.567161)
(5.727624, 2.246417, -5.550376), (5.633409, 2.24051, -5.584546), (5.796409, 1.443786, -5.600945)
(5.935348, 2.257956, -5.537177), (5.915218, 2.257956, -5.482175), (6.008653, 2.263607, -5.448136)
(5.935348, 2.257956, -5.537177), (5.841805, 2.252305, -5.571259), (5.915218, 2.257956, -5.482175)
(6.037555, 2.254081, -5.525102), (6.02889, 2.263607, -5.503098), (6.121769, 2.269076, -5.468646)
(6.037555, 2.254081, -5.525102), (5.94398, 2.248431, -5.559192), (6.02889, 2.263607, -5.503098)
(5.821782, 2.252305, -5.516217), (5.889573, 1.449614, -5.567161), (5.982327, 1.455217, -5.533273)
(5.821782, 2.252305, -5.516217), (5.727624, 2.246417, -5.550376), (5.889573, 1.449614, -5.567161)
(6.02889, 2.263607, -5.503098), (6.008653, 2.263607, -5.448136), (6.101323, 2.269076, -5.41376)
(6.02889, 2.263607, -5.503098), (5.935348, 2.257956, -5.537177), (6.008653, 2.263607, -5.448136)
(5.952704, 1.78267, -5.486506), (5.944318, 1.805451, -5.31854), (6.104995, 1.787592, -5.487179)
(5.952704, 1.78267, -5.486506), (6.104995, 1.787592, -5.487179), (6.113977, 1.757206, -5.655316)
(5.800481, 1.777329, -5.485985), (5.952704, 1.78267, -5.486506), (5.961136, 1.754711, -5.654312)
(5.800481, 1.777329, -5.485985), (5.792777, 1.796762, -5.318393), (5.952704, 1.78267, -5.486506)
(5.648211, 1.771675, -5.485575), (5.641193, 1.787815, -5.318346), (5.800481, 1.777329, -5.485985)
(5.648211, 1.771675, -5.485575), (5.800481, 1.777329, -5.485985), (5.808343, 1.751985, -5.653468)
(5.495786, 1.765935, -5.485243), (5.648211, 1.771675, -5.485575), (5.655492, 1.749002, -5.652741)
(5.495786, 1.765935, -5.485243), (5.489473, 1.778377, -5.318379), (5.648211, 1.771675, -5.485575)
(5.915218, 2.257956, -5.482175), (5.982327, 1.455217, -5.533273), (6.075077, 1.460821, -5.499391)
(5.915218, 2.257956, -5.482175), (5.821782, 2.252305, -5.516217), (5.982327, 1.455217, -5.533273)
(6.008653, 2.263607, -5.448136), (6.075077, 1.460821, -5.499391), (6.167329, 1.466254, -5.464993)
(6.008653, 2.263607, -5.448136), (5.915218, 2.257956, -5.482175), (6.075077, 1.460821, -5.499391)
# 6.376924216646669, 0, -5.70984198335333
(6.224868, 2.263607, -6.035367), (6.202605, 2.263607, -5.974902), (6.319766, 2.269077, -6.000169)
(6.224868, 2.263607, -6.035367), (6.319766, 2.269077, -6.000169), (6.33852, 1.505243, -5.930671)
(6.057063, 1.488595, -6.034183), (6.035697, 2.252305, -6.104291), (6.150767, 1.494201, -5.999955)
(6.108139, 2.257956, -6.00932), (6.100521, 2.248431, -5.986936), (6.202605, 2.263607, -5.974902)
(6.108139, 2.257956, -6.00932), (6.202605, 2.263607, -5.974902), (6.224868, 2.263607, -6.035367)
(6.319766, 2.269077, -6.000169), (6.297275, 2.269077, -5.93979), (6.414706, 2.274521, -5.96486)
(6.319766, 2.269077, -6.000169), (6.414706, 2.274521, -5.96486), (6.43262, 1.510654, -5.895499)
(6.150767, 1.494201, -5.999955), (6.130283, 2.257957, -6.069827), (6.24447, 1.499807, -5.965726)
(6.592593, 1.686872, -5.996248), (6.746951, 1.685843, -5.998704), (6.755085, 1.648387, -6.166024)
(6.592593, 1.686872, -5.996248), (6.583523, 1.724883, -5.828261), (6.746951, 1.685843, -5.998704)
(6.438483, 1.687918, -5.99404), (6.592593, 1.686872, -5.996248), (6.60074, 1.649473, -6.163476)
(6.438483, 1.687918, -5.99404), (6.429646, 1.724954, -5.826278), (6.592593, 1.686872, -5.996248)
(6.28462, 1.688839, -5.992099), (6.438483, 1.687918, -5.99404), (6.446554, 1.650899, -6.161134)
(6.28462, 1.688839, -5.992099), (6.276051, 1.724725, -5.824562), (6.438483, 1.687918, -5.99404)
(6.130919, 1.689649, -5.990386), (6.28462, 1.688839, -5.992099), (6.292525, 1.65243, -6.159014)
(6.130919, 1.689649, -5.990386), (6.122655, 1.724222, -5.823079), (6.28462, 1.688839, -5.992099)
(6.100521, 2.248431, -5.986936), (6.047756, 2.248431, -5.842759), (6.194934, 2.254081, -5.952537)
(6.100521, 2.248431, -5.986936), (6.194934, 2.254081, -5.952537), (6.202605, 2.263607, -5.974902)
(6.202605, 2.263607, -5.974902), (6.194934, 2.254081, -5.952537), (6.297275, 2.269077, -5.93979)
(6.202605, 2.263607, -5.974902), (6.297275, 2.269077, -5.93979), (6.319766, 2.269077, -6.000169)
(6.24447, 1.499807, -5.965726), (6.224868, 2.263607, -6.035367), (6.33852, 1.505243, -5.930671)
(6.414706, 2.274521, -5.96486), (6.391971, 2.274521, -5.904572), (6.5097, 2.279873, -5.928809)
(6.414706, 2.274521, -5.96486), (6.5097, 2.279873, -5.928809), (6.52679, 1.51598, -5.859536)
(6.194934, 2.254081, -5.952537), (6.141887, 2.254081, -5.808463), (6.28951, 2.259551, -5.917451)
(6.194934, 2.254081, -5.952537), (6.28951, 2.259551, -5.917451), (6.297275, 2.269077, -5.93979)
(6.297275, 2.269077, -5.93979), (6.28951, 2.259551, -5.917451), (6.391971, 2.274521, -5.904572)
(6.297275, 2.269077, -5.93979), (6.391971, 2.274521, -5.904572), (6.414706, 2.274521, -5.96486)
(6.33852, 1.505243, -5.930671), (6.319766, 2.269077, -6.000169), (6.43262, 1.510654, -5.895499)
(6.5097, 2.279873, -5.928809), (6.486653, 2.279873, -5.868638), (6.604729, 2.285159, -5.892205)
(6.5097, 2.279873, -5.928809), (6.604729, 2.285159, -5.892205), (6.621015, 1.521242, -5.822989)
(6.28951, 2.259551, -5.917451), (6.235917, 2.25955, -5.773582), (6.384109, 2.264994, -5.88227)
(6.28951, 2.259551, -5.917451), (6.384109, 2.264994, -5.88227), (6.391971, 2.274521, -5.904572)
(6.391971, 2.274521, -5.904572), (6.384109, 2.264994, -5.88227), (6.486653, 2.279873, -5.868638)
(6.391971, 2.274521, -5.904572), (6.486653, 2.279873, -5.868638), (6.5097, 2.279873, -5.928809)
(6.43262, 1.510654, -5.895499), (6.414706, 2.274521, -5.96486), (6.52679, 1.51598, -5.859536)
(6.604729, 2.285159, -5.892205), (6.581329, 2.285158, -5.832171), (6.699719, 2.290424, -5.855308)
(6.604729, 2.285159, -5.892205), (6.699719, 2.290424, -5.855308), (6.715203, 1.526486, -5.786141)
(6.384109, 2.264994, -5.88227), (6.329933, 2.264994, -5.73862), (6.478673, 2.270346, -5.846381)
(6.384109, 2.264994, -5.88227), (6.478673, 2.270346, -5.846381), (6.486653, 2.279873, -5.868638)
(6.486653, 2.279873, -5.868638), (6.478673, 2.270346, -5.846381), (6.581329, 2.285158, -5.832171)
(6.486653, 2.279873, -5.868638), (6.581329, 2.285158, -5.832171), (6.604729, 2.285159, -5.892205)
(6.52679, 1.51598, -5.859536), (6.5097, 2.279873, -5.928809), (6.621015, 1.521242, -5.822989)
(6.699719, 2.290424, -5.855308), (6.675953, 2.290424, -5.795419), (6.794541, 2.295595, -5.816993)
(6.699719, 2.290424, -5.855308), (6.794541, 2.295595, -5.816993), (6.809239, 1.531642, -5.747827)
(6.478673, 2.270346, -5.846381), (6.423762, 2.270346, -5.70301), (6.573213, 2.275631, -5.809964)
(6.478673, 2.270346, -5.846381), (6.573213, 2.275631, -5.809964), (6.581329, 2.285158, -5.832171)
(6.047756, 2.248431, -5.842759), (6.038928, 2.257956, -5.820203), (6.141887, 2.254081, -5.808463)
(6.047756, 2.248431, -5.842759), (6.141887, 2.254081, -5.808463), (6.194934, 2.254081, -5.952537)
(6.581329, 2.285158, -5.832171), (6.573213, 2.275631, -5.809964), (6.675953, 2.290424, -5.795419)
(6.581329, 2.285158, -5.832171), (6.675953, 2.290424, -5.795419), (6.699719, 2.290424, -5.855308)
(6.583523, 1.724883, -5.828261), (6.573723, 1.762844, -5.659668), (6.737771, 1.724587, -5.830564)
(6.583523, 1.724883, -5.828261), (6.737771, 1.724587, -5.830564), (6.746951, 1.685843, -5.998704)
(6.429646, 1.724954, -5.826278), (6.420178, 1.761348, -5.657952), (6.583523, 1.724883, -5.828261)
(6.429646, 1.724954, -5.826278), (6.583523, 1.724883, -5.828261), (6.592593, 1.686872, -5.996248)
(6.276051, 1.724725, -5.824562), (6.266962, 1.759483, -5.656519), (6.429646, 1.724954, -5.826278)
(6.276051, 1.724725, -5.824562), (6.429646, 1.724954, -5.826278), (6.438483, 1.687918, -5.99404)
(6.122655, 1.724222, -5.823079), (6.113977, 1.757206, -5.655316), (6.276051, 1.724725, -5.824562)
(6.122655, 1.724222, -5.823079), (6.276051, 1.724725, -5.824562), (6.28462, 1.688839, -5.992099)
(6.621015, 1.521242, -5.822989), (6.604729, 2.285159, -5.892205), (6.715203, 1.526486, -5.786141)
(6.573213, 2.275631, -5.809964), (6.517459, 2.275631, -5.666917), (6.667695, 2.280896, -5.773261)
(6.573213, 2.275631, -5.809964), (6.667695, 2.280896, -5.773261), (6.675953, 2.290424, -5.795419)
(6.141887, 2.254081, -5.808463), (6.133023, 2.263607, -5.78592), (6.235917, 2.25955, -5.773582)
(6.141887, 2.254081, -5.808463), (6.235917, 2.25955, -5.773582), (6.28951, 2.259551, -5.917451)
(6.675953, 2.290424, -5.795419), (6.667695, 2.280896, -5.773261), (6.770335, 2.295595, -5.757279)
(6.675953, 2.290424, -5.795419), (6.770335, 2.295595, -5.757279), (6.794541, 2.295595, -5.816993)
(6.133023, 2.263607, -5.78592), (6.226974, 2.269076, -5.751071), (6.235917, 2.25955, -5.773582)
(6.133023, 2.263607, -5.78592), (6.038928, 2.257956, -5.820203), (6.021744, 2.257956, -5.773248)
(6.235917, 2.25955, -5.773582), (6.226974, 2.269076, -5.751071), (6.329933, 2.264994, -5.73862)
(6.235917, 2.25955, -5.773582), (6.329933, 2.264994, -5.73862), (6.384109, 2.264994, -5.88227)
(6.667695, 2.280896, -5.773261), (6.611064, 2.280896, -5.630561), (6.76191, 2.286067, -5.735185)
(6.667695, 2.280896, -5.773261), (6.76191, 2.286067, -5.735185), (6.770335, 2.295595, -5.757279)
(6.226974, 2.269076, -5.751071), (6.320907, 2.27452, -5.716142), (6.329933, 2.264994, -5.73862)
(6.226974, 2.269076, -5.751071), (6.133023, 2.263607, -5.78592), (6.115748, 2.263607, -5.738999)
(6.115748, 2.263607, -5.738999), (6.133023, 2.263607, -5.78592), (6.021744, 2.257956, -5.773248)
(6.329933, 2.264994, -5.73862), (6.320907, 2.27452, -5.716142), (6.423762, 2.270346, -5.70301)
(6.329933, 2.264994, -5.73862), (6.423762, 2.270346, -5.70301), (6.478673, 2.270346, -5.846381)
(6.320907, 2.27452, -5.716142), (6.414627, 2.279873, -5.680575), (6.423762, 2.270346, -5.70301)
(6.320907, 2.27452, -5.716142), (6.226974, 2.269076, -5.751071), (6.209521, 2.269076, -5.704217)
(6.209521, 2.269076, -5.704217), (6.226974, 2.269076, -5.751071), (6.115748, 2.263607, -5.738999)
(6.423762, 2.270346, -5.70301), (6.414627, 2.279873, -5.680575), (6.517459, 2.275631, -5.666917)
(6.423762, 2.270346, -5.70301), (6.517459, 2.275631, -5.666917), (6.573213, 2.275631, -5.809964)
(6.098472, 2.263607, -5.692079), (6.192067, 2.269076, -5.657361), (6.115748, 2.263607, -5.738999)
(6.098472, 2.263607, -5.692079), (6.090602, 2.254081, -5.669171), (6.184104, 2.25955, -5.634488)
(6.098472, 2.263607, -5.692079), (6.115748, 2.263607, -5.738999), (6.021744, 2.257956, -5.773248)
(6.098472, 2.263607, -5.692079), (6.00456, 2.257956, -5.726295), (6.090602, 2.254081, -5.669171)
(6.414627, 2.279873, -5.680575), (6.508197, 2.285158, -5.644538), (6.517459, 2.275631, -5.666917)
(6.414627, 2.279873, -5.680575), (6.320907, 2.27452, -5.716142), (6.303264, 2.27452, -5.669358)
(6.303264, 2.27452, -5.669358), (6.320907, 2.27452, -5.716142), (6.209521, 2.269076, -5.704217)
(6.090602, 2.254081, -5.669171), (6.037555, 2.254081, -5.525102), (6.130511, 2.25955, -5.490619)
(6.090602, 2.254081, -5.669171), (5.996743, 2.248431, -5.703366), (6.037555, 2.254081, -5.525102)
(6.517459, 2.275631, -5.666917), (6.508197, 2.285158, -5.644538), (6.611064, 2.280896, -5.630561)
(6.517459, 2.275631, -5.666917), (6.611064, 2.280896, -5.630561), (6.667695, 2.280896, -5.773261)
(6.573723, 1.762844, -5.659668), (6.727707, 1.763874, -5.661732), (6.737771, 1.724587, -5.830564)
(6.573723, 1.762844, -5.659668), (6.563269, 1.799948, -5.490527), (6.727707, 1.763874, -5.661732)
(6.420178, 1.761348, -5.657952), (6.573723, 1.762844, -5.659668), (6.583523, 1.724883, -5.828261)
(6.420178, 1.761348, -5.657952), (6.410184, 1.796183, -5.489145), (6.573723, 1.762844, -5.659668)
(6.192067, 2.269076, -5.657361), (6.285619, 2.27452, -5.622575), (6.209521, 2.269076, -5.704217)
(6.192067, 2.269076, -5.657361), (6.184104, 2.25955, -5.634488), (6.277555, 2.264994, -5.599738)
(6.192067, 2.269076, -5.657361), (6.209521, 2.269076, -5.704217), (6.115748, 2.263607, -5.738999)
(6.192067, 2.269076, -5.657361), (6.098472, 2.263607, -5.692079), (6.184104, 2.25955, -5.634488)
(6.266962, 1.759483, -5.656519), (6.420178, 1.761348, -5.657952), (6.429646, 1.724954, -5.826278)
(6.266962, 1.759483, -5.656519), (6.257465, 1.791981, -5.488048), (6.420178, 1.761348, -5.657952)
(6.113977, 1.757206, -5.655316), (6.266962, 1.759483, -5.656519), (6.276051, 1.724725, -5.824562)
(6.113977, 1.757206, -5.655316), (6.104995, 1.787592, -5.487179), (6.266962, 1.759483, -5.656519)
(6.508197, 2.285158, -5.644538), (6.601668, 2.290424, -5.608237), (6.611064, 2.280896, -5.630561)
(6.508197, 2.285158, -5.644538), (6.414627, 2.279873, -5.680575), (6.396744, 2.279873, -5.633883)
(6.184104, 2.25955, -5.634488), (6.130511, 2.25955, -5.490619), (6.223378, 2.264993, -5.456086)
(6.184104, 2.25955, -5.634488), (6.090602, 2.254081, -5.669171), (6.130511, 2.25955, -5.490619)
(6.396744, 2.279873, -5.633883), (6.414627, 2.279873, -5.680575), (6.303264, 2.27452, -5.669358)
(6.611064, 2.280896, -5.630561), (6.601668, 2.290424, -5.608237), (6.704231, 2.286067, -5.592904)
(6.611064, 2.280896, -5.630561), (6.704231, 2.286067, -5.592904), (6.76191, 2.286067, -5.735185)
(6.285619, 2.27452, -5.622575), (6.378861, 2.279872, -5.58719), (6.303264, 2.27452, -5.669358)
(6.285619, 2.27452, -5.622575), (6.277555, 2.264994, -5.599738), (6.370674, 2.270346, -5.564395)
(6.285619, 2.27452, -5.622575), (6.303264, 2.27452, -5.669358), (6.209521, 2.269076, -5.704217)
(6.285619, 2.27452, -5.622575), (6.192067, 2.269076, -5.657361), (6.277555, 2.264994, -5.599738)
(6.601668, 2.290424, -5.608237), (6.694675, 2.295594, -5.570649), (6.704231, 2.286067, -5.592904)
(6.601668, 2.290424, -5.608237), (6.508197, 2.285158, -5.644538), (6.490039, 2.285158, -5.597953)
(6.277555, 2.264994, -5.599738), (6.223378, 2.264993, -5.456086), (6.315764, 2.270345, -5.421023)
(6.277555, 2.264994, -5.599738), (6.184104, 2.25955, -5.634488), (6.223378, 2.264993, -5.456086)
(6.490039, 2.285158, -5.597953), (6.508197, 2.285158, -5.644538), (6.396744, 2.279873, -5.633883)
(6.704231, 2.286067, -5.592904), (6.694675, 2.295594, -5.570649), (6.797397, 2.291237, -5.555249)
(6.704231, 2.286067, -5.592904), (6.797397, 2.291237, -5.555249), (6.85612, 2.291237, -5.697099)
(6.378861, 2.279872, -5.58719), (6.471881, 2.285158, -5.551364), (6.396744, 2.279873, -5.633883)
(6.378861, 2.279872, -5.58719), (6.370674, 2.270346, -5.564395), (6.463554, 2.27563, -5.528619)
(6.378861, 2.279872, -5.58719), (6.396744, 2.279873, -5.633883), (6.303264, 2.27452, -5.669358)
(6.378861, 2.279872, -5.58719), (6.285619, 2.27452, -5.622575), (6.370674, 2.270346, -5.564395)
(6.694675, 2.295594, -5.570649), (6.787681, 2.300765, -5.533059), (6.797397, 2.291237, -5.555249)
(6.694675, 2.295594, -5.570649), (6.601668, 2.290424, -5.608237), (6.583225, 2.290423, -5.561765)
(6.370674, 2.270346, -5.564395), (6.315764, 2.270345, -5.421023), (6.407802, 2.27563, -5.385575)
(6.370674, 2.270346, -5.564395), (6.277555, 2.264994, -5.599738), (6.315764, 2.270345, -5.421023)
(6.583225, 2.290423, -5.561765), (6.601668, 2.290424, -5.608237), (6.490039, 2.285158, -5.597953)
(6.471881, 2.285158, -5.551364), (6.564781, 2.290423, -5.51529), (6.490039, 2.285158, -5.597953)
(6.471881, 2.285158, -5.551364), (6.463554, 2.27563, -5.528619), (6.556312, 2.280896, -5.492597)
(6.471881, 2.285158, -5.551364), (6.490039, 2.285158, -5.597953), (6.396744, 2.279873, -5.633883)
(6.471881, 2.285158, -5.551364), (6.378861, 2.279872, -5.58719), (6.463554, 2.27563, -5.528619)
(6.463554, 2.27563, -5.528619), (6.407802, 2.27563, -5.385575), (6.499681, 2.280896, -5.349896)
(6.463554, 2.27563, -5.528619), (6.370674, 2.270346, -5.564395), (6.407802, 2.27563, -5.385575)
(6.675891, 2.295594, -5.52431), (6.694675, 2.295594, -5.570649), (6.583225, 2.290423, -5.561765)
(6.564781, 2.290423, -5.51529), (6.657107, 2.295594, -5.477973), (6.583225, 2.290423, -5.561765)
(6.564781, 2.290423, -5.51529), (6.556312, 2.280896, -5.492597), (6.648467, 2.286067, -5.455346)
(6.564781, 2.290423, -5.51529), (6.583225, 2.290423, -5.561765), (6.490039, 2.285158, -5.597953)
(6.564781, 2.290423, -5.51529), (6.471881, 2.285158, -5.551364), (6.556312, 2.280896, -5.492597)
(6.556312, 2.280896, -5.492597), (6.499681, 2.280896, -5.349896), (6.590787, 2.286066, -5.313066)
(6.556312, 2.280896, -5.492597), (6.463554, 2.27563, -5.528619), (6.499681, 2.280896, -5.349896)
(6.130511, 2.25955, -5.490619), (6.121769, 2.269076, -5.468646), (6.214555, 2.27452, -5.434146)
(6.130511, 2.25955, -5.490619), (6.037555, 2.254081, -5.525102), (6.121769, 2.269076, -5.468646)
(6.563269, 1.799948, -5.490527), (6.552407, 1.834569, -5.32101), (6.716847, 1.803024, -5.49227)
(6.563269, 1.799948, -5.490527), (6.716847, 1.803024, -5.49227), (6.727707, 1.763874, -5.661732)
(6.410184, 1.796183, -5.489145), (6.563269, 1.799948, -5.490527), (6.573723, 1.762844, -5.659668)
(6.410184, 1.796183, -5.489145), (6.399915, 1.827839, -5.32003), (6.563269, 1.799948, -5.490527)
(6.257465, 1.791981, -5.488048), (6.247802, 1.820753, -5.319325), (6.410184, 1.796183, -5.489145)
(6.257465, 1.791981, -5.488048), (6.410184, 1.796183, -5.489145), (6.420178, 1.761348, -5.657952)
(6.104995, 1.787592, -5.487179), (6.257465, 1.791981, -5.488048), (6.266962, 1.759483, -5.656519)
(6.104995, 1.787592, -5.487179), (6.095958, 1.813397, -5.318838), (6.257465, 1.791981, -5.488048)
(6.657107, 2.295594, -5.477973), (6.749431, 2.300765, -5.440665), (6.675891, 2.295594, -5.52431)
(6.657107, 2.295594, -5.477973), (6.648467, 2.286067, -5.455346), (6.74062, 2.291237, -5.418103)
(6.657107, 2.295594, -5.477973), (6.675891, 2.295594, -5.52431), (6.583225, 2.290423, -5.561765)
(6.657107, 2.295594, -5.477973), (6.564781, 2.290423, -5.51529), (6.648467, 2.286067, -5.455346)
(6.121769, 2.269076, -5.468646), (6.101323, 2.269076, -5.41376), (6.193887, 2.27452, -5.379346)
(6.121769, 2.269076, -5.468646), (6.02889, 2.263607, -5.503098), (6.101323, 2.269076, -5.41376)
(6.223378, 2.264993, -5.456086), (6.214555, 2.27452, -5.434146), (6.306834, 2.279872, -5.399127)
(6.223378, 2.264993, -5.456086), (6.130511, 2.25955, -5.490619), (6.214555, 2.27452, -5.434146)
(6.648467, 2.286067, -5.455346), (6.590787, 2.286066, -5.313066), (6.681896, 2.291236, -5.276252)
(6.648467, 2.286067, -5.455346), (6.556312, 2.280896, -5.492597), (6.590787, 2.286066, -5.313066)
(6.214555, 2.27452, -5.434146), (6.193887, 2.27452, -5.379346), (6.285886, 2.279872, -5.344434)
(6.214555, 2.27452, -5.434146), (6.121769, 2.269076, -5.468646), (6.193887, 2.27452, -5.379346)
(6.315764, 2.270345, -5.421023), (6.306834, 2.279872, -5.399127), (6.398746, 2.285157, -5.36373)
(6.315764, 2.270345, -5.421023), (6.223378, 2.264993, -5.456086), (6.306834, 2.279872, -5.399127)
(6.101323, 2.269076, -5.41376), (6.167329, 1.466254, -5.464993), (6.259511, 1.471664, -5.43053)
(6.101323, 2.269076, -5.41376), (6.008653, 2.263607, -5.448136), (6.167329, 1.466254, -5.464993)
(6.306834, 2.279872, -5.399127), (6.285886, 2.279872, -5.344434), (6.377477, 2.285157, -5.309159)
(6.306834, 2.279872, -5.399127), (6.214555, 2.27452, -5.434146), (6.285886, 2.279872, -5.344434)
(6.407802, 2.27563, -5.385575), (6.398746, 2.285157, -5.36373), (6.490498, 2.290423, -5.328107)
(6.407802, 2.27563, -5.385575), (6.315764, 2.270345, -5.421023), (6.398746, 2.285157, -5.36373)
(6.193887, 2.27452, -5.379346), (6.259511, 1.471664, -5.43053), (6.351283, 1.476988, -5.395469)
(6.193887, 2.27452, -5.379346), (6.101323, 2.269076, -5.41376), (6.259511, 1.471664, -5.43053)
# 7.044694449980003, 0, -5.70984198335333
(7.368238, 1.68539, -6.011745), (7.52447, 1.689028, -6.015704), (7.529622, 1.66349, -6.181678)
(7.368238, 1.68539, -6.011745), (7.360029, 1.721477, -5.843831), (7.52447, 1.689028, -6.015704)
(7.212304, 1.684142, -6.008002), (7.368238, 1.68539, -6.011745), (7.374564, 1.654686, -6.178369)
(7.212304, 1.684142, -6.008002), (7.203525, 1.722284, -5.839819), (7.368238, 1.68539, -6.011745)
(7.056723, 1.684372, -6.004535), (7.212304, 1.684142, -6.008002), (7.219411, 1.650266, -6.175011)
(7.056723, 1.684372, -6.004535), (7.047685, 1.723219, -5.83629), (7.212304, 1.684142, -6.008002)
(6.901623, 1.684998, -6.001444), (7.056723, 1.684372, -6.004535), (7.064373, 1.648459, -6.171773)
(6.901623, 1.684998, -6.001444), (6.892441, 1.724051, -5.833208), (7.056723, 1.684372, -6.004535)
(6.746951, 1.685843, -5.998704), (6.901623, 1.684998, -6.001444), (6.909589, 1.648021, -6.168766)
(6.746951, 1.685843, -5.998704), (6.737771, 1.724587, -5.830564), (6.901623, 1.684998, -6.001444)
(7.360029, 1.721477, -5.843831), (7.350175, 1.76141, -5.674776), (7.517177, 1.721362, -5.848294)
(7.360029, 1.721477, -5.843831), (7.517177, 1.721362, -5.848294), (7.52447, 1.689028, -6.015704)
(7.203525, 1.722284, -5.839819), (7.193361, 1.763148, -5.670653), (7.360029, 1.721477, -5.843831)
(7.203525, 1.722284, -5.839819), (7.360029, 1.721477, -5.843831), (7.368238, 1.68539, -6.011745)
(7.047685, 1.723219, -5.83629), (7.037415, 1.764093, -5.667151), (7.203525, 1.722284, -5.839819)
(7.047685, 1.723219, -5.83629), (7.203525, 1.722284, -5.839819), (7.212304, 1.684142, -6.008002)
(6.892441, 1.724051, -5.833208), (6.882228, 1.764311, -5.664198), (7.047685, 1.723219, -5.83629)
(6.892441, 1.724051, -5.833208), (7.047685, 1.723219, -5.83629), (7.056723, 1.684372, -6.004535)
(6.737771, 1.724587, -5.830564), (6.727707, 1.763874, -5.661732), (6.892441, 1.724051, -5.833208)
(6.737771, 1.724587, -5.830564), (6.892441, 1.724051, -5.833208), (6.901623, 1.684998, -6.001444)
(6.794541, 2.295595, -5.816993), (6.770335, 2.295595, -5.757279), (6.889355, 2.300765, -5.778663)
(6.794541, 2.295595, -5.816993), (6.889355, 2.300765, -5.778663), (6.903268, 1.536797, -5.709504)
(6.715203, 1.526486, -5.786141), (6.699719, 2.290424, -5.855308), (6.809239, 1.531642, -5.747827)
(6.889355, 2.300765, -5.778663), (6.864709, 2.300765, -5.719132), (6.983832, 2.305881, -5.739022)
(6.889355, 2.300765, -5.778663), (6.983832, 2.305881, -5.739022), (6.99696, 1.541899, -5.669854)
(6.770335, 2.295595, -5.757279), (6.76191, 2.286067, -5.735185), (6.864709, 2.300765, -5.719132)
(6.770335, 2.295595, -5.757279), (6.864709, 2.300765, -5.719132), (6.889355, 2.300765, -5.778663)
(6.809239, 1.531642, -5.747827), (6.794541, 2.295595, -5.816993), (6.903268, 1.536797, -5.709504)
(6.983832, 2.305881, -5.739022), (6.958713, 2.305881, -5.679688), (7.078115, 2.310966, -5.698661)
(6.983832, 2.305881, -5.739022), (7.078115, 2.310966, -5.698661), (7.090453, 1.546973, -5.629478)
(6.76191, 2.286067, -5.735185), (6.704231, 2.286067, -5.592904), (6.85612, 2.291237, -5.697099)
(6.76191, 2.286067, -5.735185), (6.85612, 2.291237, -5.697099), (6.864709, 2.300765, -5.719132)
(6.864709, 2.300765, -5.719132), (6.85612, 2.291237, -5.697099), (6.958713, 2.305881, -5.679688)
(6.864709, 2.300765, -5.719132), (6.958713, 2.305881, -5.679688), (6.983832, 2.305881, -5.739022)
(6.903268, 1.536797, -5.709504), (6.889355, 2.300765, -5.778663), (6.99696, 1.541899, -5.669854)
(7.078115, 2.310966, -5.698661), (7.052501, 2.310966, -5.639535), (7.172388, 2.316051, -5.658256)
(7.078115, 2.310966, -5.698661), (7.172388, 2.316051, -5.658256), (7.183938, 1.552046, -5.589063)
(6.85612, 2.291237, -5.697099), (6.797397, 2.291237, -5.555249), (6.949944, 2.296353, -5.657731)
(6.85612, 2.291237, -5.697099), (6.949944, 2.296353, -5.657731), (6.958713, 2.305881, -5.679688)
(6.958713, 2.305881, -5.679688), (6.949944, 2.296353, -5.657731), (7.052501, 2.310966, -5.639535)
(6.958713, 2.305881, -5.679688), (7.052501, 2.310966, -5.639535), (7.078115, 2.310966, -5.698661)
(7.350175, 1.76141, -5.674776), (7.507956, 1.758891, -5.679576), (7.517177, 1.721362, -5.848294)
(7.350175, 1.76141, -5.674776), (7.338662, 1.805043, -5.504563), (7.507956, 1.758891, -5.679576)
(7.193361, 1.763148, -5.670653), (7.350175, 1.76141, -5.674776), (7.360029, 1.721477, -5.843831)
(7.193361, 1.763148, -5.670653), (7.181799, 1.806535, -5.500496), (7.350175, 1.76141, -5.674776)
(6.99696, 1.541899, -5.669854), (6.983832, 2.305881, -5.739022), (7.090453, 1.546973, -5.629478)
(7.037415, 1.764093, -5.667151), (7.193361, 1.763148, -5.670653), (7.203525, 1.722284, -5.839819)
(7.037415, 1.764093, -5.667151), (7.025978, 1.806471, -5.497162), (7.193361, 1.763148, -5.670653)
(6.882228, 1.764311, -5.664198), (7.037415, 1.764093, -5.667151), (7.047685, 1.723219, -5.83629)
(6.882228, 1.764311, -5.664198), (6.871039, 1.805182, -5.494452), (7.037415, 1.764093, -5.667151)
(6.727707, 1.763874, -5.661732), (6.882228, 1.764311, -5.664198), (6.892441, 1.724051, -5.833208)
(6.727707, 1.763874, -5.661732), (6.716847, 1.803024, -5.49227), (6.882228, 1.764311, -5.664198)
(7.172388, 2.316051, -5.658256), (7.146283, 2.316051, -5.599347), (7.26587, 2.321062, -5.615644)
(7.172388, 2.316051, -5.658256), (7.26587, 2.321062, -5.615644), (7.276603, 1.557045, -5.546445)
(6.949944, 2.296353, -5.657731), (6.89009, 2.296353, -5.516351), (7.043548, 2.301438, -5.617652)
(6.949944, 2.296353, -5.657731), (7.043548, 2.301438, -5.617652), (7.052501, 2.310966, -5.639535)
(7.052501, 2.310966, -5.639535), (7.043548, 2.301438, -5.617652), (7.146283, 2.316051, -5.599347)
(7.052501, 2.310966, -5.639535), (7.146283, 2.316051, -5.599347), (7.172388, 2.316051, -5.658256)
(7.090453, 1.546973, -5.629478), (7.078115, 2.310966, -5.698661), (7.183938, 1.552046, -5.589063)
(7.043548, 2.301438, -5.617652), (6.982518, 2.301438, -5.476777), (7.137146, 2.306523, -5.577537)
(7.043548, 2.301438, -5.617652), (7.137146, 2.306523, -5.577537), (7.146283, 2.316051, -5.599347)
(7.26587, 2.321062, -5.615644), (7.239244, 2.321062, -5.556968), (7.359338, 2.326071, -5.573005)
(7.26587, 2.321062, -5.615644), (7.359338, 2.326071, -5.573005), (7.369256, 1.562044, -5.503808)
(7.146283, 2.316051, -5.599347), (7.137146, 2.306523, -5.577537), (7.239244, 2.321062, -5.556968)
(7.146283, 2.316051, -5.599347), (7.239244, 2.321062, -5.556968), (7.26587, 2.321062, -5.615644)
(7.183938, 1.552046, -5.589063), (7.172388, 2.316051, -5.658256), (7.276603, 1.557045, -5.546445)
(7.137146, 2.306523, -5.577537), (7.074944, 2.306523, -5.437177), (7.22991, 2.311533, -5.535241)
(7.137146, 2.306523, -5.577537), (7.22991, 2.311533, -5.535241), (7.239244, 2.321062, -5.556968)
(7.359338, 2.326071, -5.573005), (7.332193, 2.326071, -5.514569), (7.452547, 2.33106, -5.529761)
(7.359338, 2.326071, -5.573005), (7.452547, 2.33106, -5.529761), (7.461637, 1.567021, -5.460578)
(7.239244, 2.321062, -5.556968), (7.22991, 2.311533, -5.535241), (7.332193, 2.326071, -5.514569)
(7.239244, 2.321062, -5.556968), (7.332193, 2.326071, -5.514569), (7.359338, 2.326071, -5.573005)
(6.797397, 2.291237, -5.555249), (6.787681, 2.300765, -5.533059), (6.89009, 2.296353, -5.516351)
(6.797397, 2.291237, -5.555249), (6.89009, 2.296353, -5.516351), (6.949944, 2.296353, -5.657731)
(7.276603, 1.557045, -5.546445), (7.26587, 2.321062, -5.615644), (7.369256, 1.562044, -5.503808)
(7.22991, 2.311533, -5.535241), (7.166468, 2.311532, -5.395438), (7.322665, 2.316543, -5.492927)
(7.22991, 2.311533, -5.535241), (7.322665, 2.316543, -5.492927), (7.332193, 2.326071, -5.514569)
(6.787681, 2.300765, -5.533059), (6.8802, 2.305881, -5.494239), (6.89009, 2.296353, -5.516351)
(6.787681, 2.300765, -5.533059), (6.694675, 2.295594, -5.570649), (6.675891, 2.295594, -5.52431)
(6.89009, 2.296353, -5.516351), (6.8802, 2.305881, -5.494239), (6.982518, 2.301438, -5.476777)
(6.89009, 2.296353, -5.516351), (6.982518, 2.301438, -5.476777), (7.043548, 2.301438, -5.617652)
(7.332193, 2.326071, -5.514569), (7.322665, 2.316543, -5.492927), (7.424882, 2.331059, -5.47157)
(7.332193, 2.326071, -5.514569), (7.424882, 2.331059, -5.47157), (7.452547, 2.33106, -5.529761)
(7.338662, 1.805043, -5.504563), (7.496683, 1.801902, -5.509446), (7.507956, 1.758891, -5.679576)
(7.338662, 1.805043, -5.504563), (7.325724, 1.850954, -5.333359), (7.496683, 1.801902, -5.509446)
(7.369256, 1.562044, -5.503808), (7.359338, 2.326071, -5.573005), (7.461637, 1.567021, -5.460578)
(7.181799, 1.806535, -5.500496), (7.169093, 1.850943, -5.329524), (7.338662, 1.805043, -5.504563)
(7.181799, 1.806535, -5.500496), (7.338662, 1.805043, -5.504563), (7.350175, 1.76141, -5.674776)
(7.025978, 1.806471, -5.497162), (7.181799, 1.806535, -5.500496), (7.193361, 1.763148, -5.670653)
(7.025978, 1.806471, -5.497162), (7.013626, 1.84883, -5.326501), (7.181799, 1.806535, -5.500496)
(6.871039, 1.805182, -5.494452), (6.859124, 1.845211, -5.324147), (7.025978, 1.806471, -5.497162)
(6.871039, 1.805182, -5.494452), (7.025978, 1.806471, -5.497162), (7.037415, 1.764093, -5.667151)
(6.8802, 2.305881, -5.494239), (6.972447, 2.310966, -5.454749), (6.982518, 2.301438, -5.476777)
(6.8802, 2.305881, -5.494239), (6.787681, 2.300765, -5.533059), (6.768555, 2.300765, -5.486863)
(7.322665, 2.316543, -5.492927), (7.257986, 2.316542, -5.35369), (7.415159, 2.321531, -5.450013)
(7.322665, 2.316543, -5.492927), (7.415159, 2.321531, -5.450013), (7.424882, 2.331059, -5.47157)
(6.716847, 1.803024, -5.49227), (6.871039, 1.805182, -5.494452), (6.882228, 1.764311, -5.664198)
(6.716847, 1.803024, -5.49227), (6.705439, 1.840368, -5.322355), (6.871039, 1.805182, -5.494452)
(6.768555, 2.300765, -5.486863), (6.787681, 2.300765, -5.533059), (6.675891, 2.295594, -5.52431)
(6.982518, 2.301438, -5.476777), (6.972447, 2.310966, -5.454749), (7.074944, 2.306523, -5.437177)
(6.982518, 2.301438, -5.476777), (7.074944, 2.306523, -5.437177), (7.137146, 2.306523, -5.577537)
(6.972447, 2.310966, -5.454749), (7.064693, 2.316051, -5.415231), (7.074944, 2.306523, -5.437177)
(6.972447, 2.310966, -5.454749), (6.8802, 2.305881, -5.494239), (6.860707, 2.305881, -5.448197)
(6.860707, 2.305881, -5.448197), (6.8802, 2.305881, -5.494239), (6.768555, 2.300765, -5.486863)
(6.749431, 2.300765, -5.440665), (6.841214, 2.305881, -5.402152), (6.768555, 2.300765, -5.486863)
(6.749431, 2.300765, -5.440665), (6.74062, 2.291237, -5.418103), (6.832222, 2.296352, -5.379663)
(6.749431, 2.300765, -5.440665), (6.768555, 2.300765, -5.486863), (6.675891, 2.295594, -5.52431)
(6.749431, 2.300765, -5.440665), (6.657107, 2.295594, -5.477973), (6.74062, 2.291237, -5.418103)
(7.074944, 2.306523, -5.437177), (7.064693, 2.316051, -5.415231), (7.166468, 2.311532, -5.395438)
(7.074944, 2.306523, -5.437177), (7.166468, 2.311532, -5.395438), (7.22991, 2.311533, -5.535241)
(6.74062, 2.291237, -5.418103), (6.681896, 2.291236, -5.276252), (6.772368, 2.296352, -5.238284)
(6.74062, 2.291237, -5.418103), (6.648467, 2.286067, -5.455346), (6.681896, 2.291236, -5.276252)
(7.064693, 2.316051, -5.415231), (7.156024, 2.321061, -5.373582), (7.166468, 2.311532, -5.395438)
(7.064693, 2.316051, -5.415231), (6.972447, 2.310966, -5.454749), (6.952572, 2.310966, -5.408866)
(6.952572, 2.310966, -5.408866), (6.972447, 2.310966, -5.454749), (6.860707, 2.305881, -5.448197)
(6.841214, 2.305881, -5.402152), (6.932696, 2.310966, -5.362988), (6.860707, 2.305881, -5.448197)
(6.841214, 2.305881, -5.402152), (6.832222, 2.296352, -5.379663), (6.923514, 2.301437, -5.340573)
(6.841214, 2.305881, -5.402152), (6.860707, 2.305881, -5.448197), (6.768555, 2.300765, -5.486863)
(6.841214, 2.305881, -5.402152), (6.749431, 2.300765, -5.440665), (6.832222, 2.296352, -5.379663)
(7.166468, 2.311532, -5.395438), (7.156024, 2.321061, -5.373582), (7.257986, 2.316542, -5.35369)
(7.166468, 2.311532, -5.395438), (7.257986, 2.316542, -5.35369), (7.322665, 2.316543, -5.492927)
(6.832222, 2.296352, -5.379663), (6.772368, 2.296352, -5.238284), (6.862485, 2.301437, -5.199698)
(6.832222, 2.296352, -5.379663), (6.74062, 2.291237, -5.418103), (6.772368, 2.296352, -5.238284)
# 7.712464683313336, 0, -5.70984198335333
(7.993178, 1.727654, -6.027169), (8.147804, 1.758684, -6.029395), (8.145744, 1.767916, -6.190892)
(7.993178, 1.727654, -6.027169), (7.990802, 1.737853, -5.862858), (8.147804, 1.758684, -6.029395)
(7.837408, 1.707371, -6.023819), (7.993178, 1.727654, -6.027169), (7.993108, 1.726926, -6.18995)
(7.837408, 1.707371, -6.023819), (7.832873, 1.72766, -5.858089), (7.993178, 1.727654, -6.027169)
(7.680938, 1.695822, -6.019802), (7.837408, 1.707371, -6.023819), (7.83932, 1.69697, -6.187851)
(7.680938, 1.695822, -6.019802), (7.674891, 1.722776, -5.853134), (7.837408, 1.707371, -6.023819)
(7.52447, 1.689028, -6.015704), (7.680938, 1.695822, -6.019802), (7.684662, 1.6768, -6.184945)
(7.52447, 1.689028, -6.015704), (7.517177, 1.721362, -5.848294), (7.680938, 1.695822, -6.019802)
(7.990802, 1.737853, -5.862858), (7.985899, 1.756741, -5.696943), (8.147781, 1.757693, -5.866671)
(7.990802, 1.737853, -5.862858), (8.147781, 1.757693, -5.866671), (8.147804, 1.758684, -6.029395)
(7.832873, 1.72766, -5.858089), (7.82604, 1.75511, -5.69087), (7.990802, 1.737853, -5.862858)
(7.832873, 1.72766, -5.858089), (7.990802, 1.737853, -5.862858), (7.993178, 1.727654, -6.027169)
(7.674891, 1.722776, -5.853134), (7.66662, 1.756429, -5.684983), (7.832873, 1.72766, -5.858089)
(7.674891, 1.722776, -5.853134), (7.832873, 1.72766, -5.858089), (7.837408, 1.707371, -6.023819)
(7.517177, 1.721362, -5.848294), (7.507956, 1.758891, -5.679576), (7.674891, 1.722776, -5.853134)
(7.517177, 1.721362, -5.848294), (7.674891, 1.722776, -5.853134), (7.680938, 1.695822, -6.019802)
(7.985899, 1.756741, -5.696943), (8.1454, 1.765114, -5.702518), (8.147781, 1.757693, -5.866671)
(7.985899, 1.756741, -5.696943), (7.977886, 1.786332, -5.528956), (8.1454, 1.765114, -5.702518)
(7.82604, 1.75511, -5.69087), (7.985899, 1.756741, -5.696943), (7.990802, 1.737853, -5.862858)
(7.82604, 1.75511, -5.69087), (7.81641, 1.791638, -5.521764), (7.985899, 1.756741, -5.696943)
(7.66662, 1.756429, -5.684983), (7.82604, 1.75511, -5.69087), (7.832873, 1.72766, -5.858089)
(7.66662, 1.756429, -5.684983), (7.655939, 1.797264, -5.515192), (7.82604, 1.75511, -5.69087)
(7.507956, 1.758891, -5.679576), (7.66662, 1.756429, -5.684983), (7.674891, 1.722776, -5.853134)
(7.507956, 1.758891, -5.679576), (7.496683, 1.801902, -5.509446), (7.66662, 1.756429, -5.684983)
(7.452547, 2.33106, -5.529761), (7.424882, 2.331059, -5.47157), (7.544981, 2.335985, -5.484742)
(7.452547, 2.33106, -5.529761), (7.544981, 2.335985, -5.484742), (7.553211, 1.571933, -5.415595)
(7.977886, 1.786332, -5.528956), (8.139626, 1.784894, -5.536132), (8.1454, 1.765114, -5.702518)
(7.977886, 1.786332, -5.528956), (7.966554, 1.826926, -5.358735), (8.139626, 1.784894, -5.536132)
(7.81641, 1.791638, -5.521764), (7.804091, 1.83624, -5.350842), (7.977886, 1.786332, -5.528956)
(7.81641, 1.791638, -5.521764), (7.977886, 1.786332, -5.528956), (7.985899, 1.756741, -5.696943)
(7.655939, 1.797264, -5.515192), (7.81641, 1.791638, -5.521764), (7.82604, 1.75511, -5.69087)
(7.655939, 1.797264, -5.515192), (7.64308, 1.843813, -5.343921), (7.81641, 1.791638, -5.521764)
(7.496683, 1.801902, -5.509446), (7.483659, 1.848697, -5.338113), (7.655939, 1.797264, -5.515192)
(7.496683, 1.801902, -5.509446), (7.655939, 1.797264, -5.515192), (7.66662, 1.756429, -5.684983)
(7.544981, 2.335985, -5.484742), (7.516789, 2.335985, -5.426805), (7.637411, 2.34091, -5.4397)
(7.544981, 2.335985, -5.484742), (7.637411, 2.34091, -5.4397), (7.644778, 1.576845, -5.370597)
(7.424882, 2.331059, -5.47157), (7.415159, 2.321531, -5.450013), (7.516789, 2.335985, -5.426805)
(7.424882, 2.331059, -5.47157), (7.516789, 2.335985, -5.426805), (7.544981, 2.335985, -5.484742)
(7.461637, 1.567021, -5.460578), (7.452547, 2.33106, -5.529761), (7.553211, 1.571933, -5.415595)
(7.415159, 2.321531, -5.450013), (7.34924, 2.321531, -5.311358), (7.506867, 2.326456, -5.405341)
(7.415159, 2.321531, -5.450013), (7.506867, 2.326456, -5.405341), (7.516789, 2.335985, -5.426805)
(7.637411, 2.34091, -5.4397), (7.608693, 2.34091, -5.38202), (7.729384, 2.345794, -5.393735)
(7.637411, 2.34091, -5.4397), (7.729384, 2.345794, -5.393735), (7.73587, 1.581715, -5.324698)
(7.516789, 2.335985, -5.426805), (7.506867, 2.326456, -5.405341), (7.608693, 2.34091, -5.38202)
(7.516789, 2.335985, -5.426805), (7.608693, 2.34091, -5.38202), (7.637411, 2.34091, -5.4397)
(7.553211, 1.571933, -5.415595), (7.544981, 2.335985, -5.484742), (7.644778, 1.576845, -5.370597)
(7.506867, 2.326456, -5.405341), (7.439693, 2.326456, -5.267291), (7.598574, 2.331381, -5.36065)
(7.506867, 2.326456, -5.405341), (7.598574, 2.331381, -5.36065), (7.608693, 2.34091, -5.38202)
(7.729384, 2.345794, -5.393735), (7.700144, 2.345794, -5.33632), (7.8206, 2.35061, -5.346244)
(7.729384, 2.345794, -5.393735), (7.8206, 2.35061, -5.346244), (7.826168, 1.586516, -5.277305)
(7.608693, 2.34091, -5.38202), (7.598574, 2.331381, -5.36065), (7.700144, 2.345794, -5.33632)
(7.608693, 2.34091, -5.38202), (7.700144, 2.345794, -5.33632), (7.729384, 2.345794, -5.393735)
# 8.380234916646671, 0, -5.70984198335333
(8.301174, 1.799882, -6.030268), (8.453485, 1.848451, -6.029789), (8.449041, 1.869161, -6.189798)
(8.301174, 1.799882, -6.030268), (8.303502, 1.787726, -5.869167), (8.453485, 1.848451, -6.029789)
(8.453485, 1.848451, -6.029789), (8.605548, 1.897922, -6.028469), (8.600817, 1.919208, -6.188418)
(8.453485, 1.848451, -6.029789), (8.457331, 1.829408, -5.869722), (8.605548, 1.897922, -6.028469)
(8.147804, 1.758684, -6.029395), (8.301174, 1.799882, -6.030268), (8.297579, 1.816727, -6.190777)
(8.147804, 1.758684, -6.029395), (8.147781, 1.757693, -5.866671), (8.301174, 1.799882, -6.030268)
(8.605548, 1.897922, -6.028469), (8.75804, 1.943156, -6.02683), (8.753191, 1.963751, -6.186885)
(8.605548, 1.897922, -6.028469), (8.61009, 1.876437, -5.868833), (8.75804, 1.943156, -6.02683)
(8.457331, 1.829408, -5.869722), (8.46006, 1.814137, -5.709238), (8.61009, 1.876437, -5.868833)
(8.457331, 1.829408, -5.869722), (8.61009, 1.876437, -5.868833), (8.605548, 1.897922, -6.028469)
(8.303502, 1.787726, -5.869167), (8.303801, 1.783095, -5.706922), (8.457331, 1.829408, -5.869722)
(8.303502, 1.787726, -5.869167), (8.457331, 1.829408, -5.869722), (8.453485, 1.848451, -6.029789)
(8.61009, 1.876437, -5.868833), (8.614162, 1.855986, -5.709304), (8.762767, 1.922112, -5.867196)
(8.61009, 1.876437, -5.868833), (8.762767, 1.922112, -5.867196), (8.75804, 1.943156, -6.02683)
(8.147781, 1.757693, -5.866671), (8.1454, 1.765114, -5.702518), (8.303502, 1.787726, -5.869167)
(8.147781, 1.757693, -5.866671), (8.303502, 1.787726, -5.869167), (8.301174, 1.799882, -6.030268)
(8.614162, 1.855986, -5.709304), (8.767294, 1.900939, -5.707926), (8.762767, 1.922112, -5.867196)
(8.614162, 1.855986, -5.709304), (8.617102, 1.838922, -5.549371), (8.767294, 1.900939, -5.707926)
(8.46006, 1.814137, -5.709238), (8.614162, 1.855986, -5.709304), (8.61009, 1.876437, -5.868833)
(8.46006, 1.814137, -5.709238), (8.460545, 1.806775, -5.547464), (8.614162, 1.855986, -5.709304)
(8.303801, 1.783095, -5.706922), (8.46006, 1.814137, -5.709238), (8.457331, 1.829408, -5.869722)
(8.303801, 1.783095, -5.706922), (8.301022, 1.789709, -5.542726), (8.46006, 1.814137, -5.709238)
(8.1454, 1.765114, -5.702518), (8.303801, 1.783095, -5.706922), (8.303502, 1.787726, -5.869167)
(8.1454, 1.765114, -5.702518), (8.139626, 1.784894, -5.536132), (8.303801, 1.783095, -5.706922)
(8.617102, 1.838922, -5.549371), (8.771374, 1.880384, -5.548807), (8.767294, 1.900939, -5.707926)
(8.617102, 1.838922, -5.549371), (8.616892, 1.832754, -5.387516), (8.771374, 1.880384, -5.548807)
(8.460545, 1.806775, -5.547464), (8.456759, 1.815048, -5.382896), (8.617102, 1.838922, -5.549371)
(8.460545, 1.806775, -5.547464), (8.617102, 1.838922, -5.549371), (8.614162, 1.855986, -5.709304)
(8.301022, 1.789709, -5.542726), (8.460545, 1.806775, -5.547464), (8.46006, 1.814137, -5.709238)
(8.301022, 1.789709, -5.542726), (8.293842, 1.812411, -5.375595), (8.460545, 1.806775, -5.547464)
(8.139626, 1.784894, -5.536132), (8.130033, 1.81801, -5.367192), (8.301022, 1.789709, -5.542726)
(8.139626, 1.784894, -5.536132), (8.301022, 1.789709, -5.542726), (8.303801, 1.783095, -5.706922)
(8.616892, 1.832754, -5.387516), (8.773947, 1.864213, -5.389051), (8.771374, 1.880384, -5.548807)
(8.616892, 1.832754, -5.387516), (8.611176, 1.845573, -5.22212), (8.773947, 1.864213, -5.389051)
(8.456759, 1.815048, -5.382896), (8.616892, 1.832754, -5.387516), (8.617102, 1.838922, -5.549371)
(8.456759, 1.815048, -5.382896), (8.447378, 1.843115, -5.214669), (8.616892, 1.832754, -5.387516)
# 9.048005149980003, 0, -5.70984198335333
(8.75804, 1.943156, -6.02683), (8.911091, 1.983157, -6.024978), (8.90615, 2.002949, -6.185178)
(8.75804, 1.943156, -6.02683), (8.762767, 1.922112, -5.867196), (8.911091, 1.983157, -6.024978)
(8.911091, 1.983157, -6.024978), (9.064678, 2.018922, -6.022842), (9.059679, 2.037921, -6.183205)
(8.911091, 1.983157, -6.024978), (8.915893, 1.963152, -5.865235), (9.064678, 2.018922, -6.022842)
(9.064678, 2.018922, -6.022842), (9.218802, 2.051864, -6.02031), (9.213771, 2.070152, -6.180855)
(9.064678, 2.018922, -6.022842), (9.069536, 1.999868, -5.862964), (9.218802, 2.051864, -6.02031)
(9.218802, 2.051864, -6.02031), (9.373481, 2.083532, -6.017273), (9.368454, 2.101176, -6.178017)
(9.218802, 2.051864, -6.02031), (9.22368, 2.033724, -5.860279), (9.373481, 2.083532, -6.017273)
(9.373481, 2.083532, -6.017273), (9.528728, 2.115495, -6.013615), (9.523741, 2.132564, -6.174588)
(9.373481, 2.083532, -6.017273), (9.378341, 2.066199, -5.857067), (9.528728, 2.115495, -6.013615)
(8.762767, 1.922112, -5.867196), (8.767294, 1.900939, -5.707926), (8.915893, 1.963152, -5.865235)
(8.762767, 1.922112, -5.867196), (8.915893, 1.963152, -5.865235), (8.911091, 1.983157, -6.024978)
(8.915893, 1.963152, -5.865235), (8.920536, 1.942944, -5.705922), (9.069536, 1.999868, -5.862964)
(8.915893, 1.963152, -5.865235), (9.069536, 1.999868, -5.862964), (9.064678, 2.018922, -6.022842)
(9.069536, 1.999868, -5.862964), (9.074218, 1.980869, -5.703543), (9.22368, 2.033724, -5.860279)
(9.069536, 1.999868, -5.862964), (9.22368, 2.033724, -5.860279), (9.218802, 2.051864, -6.02031)
(9.22368, 2.033724, -5.860279), (9.228367, 2.015758, -5.700734), (9.378341, 2.066199, -5.857067)
(9.22368, 2.033724, -5.860279), (9.378341, 2.066199, -5.857067), (9.373481, 2.083532, -6.017273)
(9.378341, 2.066199, -5.857067), (9.382998, 2.049083, -5.697376), (9.533529, 2.098827, -5.853213)
(9.378341, 2.066199, -5.857067), (9.533529, 2.098827, -5.853213), (9.528728, 2.115495, -6.013615)
(8.767294, 1.900939, -5.707926), (8.920536, 1.942944, -5.705922), (8.915893, 1.963152, -5.865235)
(8.767294, 1.900939, -5.707926), (8.771374, 1.880384, -5.548807), (8.920536, 1.942944, -5.705922)
(8.920536, 1.942944, -5.705922), (9.074218, 1.980869, -5.703543), (9.069536, 1.999868, -5.862964)
(8.920536, 1.942944, -5.705922), (8.924975, 1.922549, -5.546989), (9.074218, 1.980869, -5.703543)
(9.074218, 1.980869, -5.703543), (9.228367, 2.015758, -5.700734), (9.22368, 2.033724, -5.860279)
(9.074218, 1.980869, -5.703543), (9.078724, 1.96175, -5.544553), (9.228367, 2.015758, -5.700734)
(9.228367, 2.015758, -5.700734), (9.382998, 2.049083, -5.697376), (9.378341, 2.066199, -5.857067)
(9.228367, 2.015758, -5.700734), (9.232875, 1.997861, -5.541641), (9.382998, 2.049083, -5.697376)
(8.771374, 1.880384, -5.548807), (8.773947, 1.864213, -5.389051), (8.924975, 1.922549, -5.546989)
(8.771374, 1.880384, -5.548807), (8.924975, 1.922549, -5.546989), (8.920536, 1.942944, -5.705922)
(8.924975, 1.922549, -5.546989), (9.078724, 1.96175, -5.544553), (9.074218, 1.980869, -5.703543)
(8.924975, 1.922549, -5.546989), (8.928885, 1.902887, -5.38817), (9.078724, 1.96175, -5.544553)
(9.078724, 1.96175, -5.544553), (9.083014, 1.942421, -5.385923), (9.232875, 1.997861, -5.541641)
(9.078724, 1.96175, -5.544553), (9.232875, 1.997861, -5.541641), (9.228367, 2.015758, -5.700734)
(9.232875, 1.997861, -5.541641), (9.387473, 2.032151, -5.538164), (9.382998, 2.049083, -5.697376)
(9.232875, 1.997861, -5.541641), (9.237224, 1.979774, -5.38296), (9.387473, 2.032151, -5.538164)
(8.773947, 1.864213, -5.389051), (8.928885, 1.902887, -5.38817), (8.924975, 1.922549, -5.546989)
(8.773947, 1.864213, -5.389051), (8.772148, 1.862146, -5.226629), (8.928885, 1.902887, -5.38817)
(8.928885, 1.902887, -5.38817), (9.083014, 1.942421, -5.385923), (9.078724, 1.96175, -5.544553)
(8.928885, 1.902887, -5.38817), (8.930522, 1.88955, -5.228251), (9.083014, 1.942421, -5.385923)
(9.083014, 1.942421, -5.385923), (9.237224, 1.979774, -5.38296), (9.232875, 1.997861, -5.541641)
(9.083014, 1.942421, -5.385923), (9.086401, 1.924799, -5.227148), (9.237224, 1.979774, -5.38296)
(9.237224, 1.979774, -5.38296), (9.391796, 2.015218, -5.37939), (9.387473, 2.032151, -5.538164)
(9.237224, 1.979774, -5.38296), (9.241298, 1.961713, -5.22455), (9.391796, 2.015218, -5.37939)
# 9.71577538331334, 0, -5.70984198335333
(9.528728, 2.115495, -6.013615), (9.684584, 2.149123, -6.009264), (9.679684, 2.165718, -6.170506)
(9.528728, 2.115495, -6.013615), (9.533529, 2.098827, -5.853213), (9.684584, 2.149123, -6.009264)
(9.684584, 2.149123, -6.009264), (9.841129, 2.185748, -6.004183), (9.836348, 2.201942, -6.16575)
(9.684584, 2.149123, -6.009264), (9.689299, 2.133033, -5.848634), (9.841129, 2.185748, -6.004183)
(9.841129, 2.185748, -6.004183), (9.998453, 2.226431, -5.99839), (9.99383, 2.242335, -6.160362)
(9.841129, 2.185748, -6.004183), (9.845704, 2.170009, -5.843275), (9.998453, 2.226431, -5.99839)
(9.998453, 2.226431, -5.99839), (10.15664, 2.271624, -5.991959), (10.152215, 2.28741, -6.15443)
(9.998453, 2.226431, -5.99839), (10.002851, 2.210855, -5.837134), (10.15664, 2.271624, -5.991959)
(9.533529, 2.098827, -5.853213), (9.538128, 2.082411, -5.69336), (9.689299, 2.133033, -5.848634)
(9.533529, 2.098827, -5.853213), (9.689299, 2.133033, -5.848634), (9.684584, 2.149123, -6.009264)
(9.689299, 2.133033, -5.848634), (9.693798, 2.117161, -5.688584), (9.845704, 2.170009, -5.843275)
(9.689299, 2.133033, -5.848634), (9.845704, 2.170009, -5.843275), (9.841129, 2.185748, -6.004183)
(9.845704, 2.170009, -5.843275), (9.850078, 2.154566, -5.682981), (10.002851, 2.210855, -5.837134)
(9.845704, 2.170009, -5.843275), (10.002851, 2.210855, -5.837134), (9.998453, 2.226431, -5.99839)
(10.002851, 2.210855, -5.837134), (10.007068, 2.195703, -5.676534), (10.160841, 2.256154, -5.830269)
(10.002851, 2.210855, -5.837134), (10.160841, 2.256154, -5.830269), (10.15664, 2.271624, -5.991959)
(9.382998, 2.049083, -5.697376), (9.538128, 2.082411, -5.69336), (9.533529, 2.098827, -5.853213)
(9.382998, 2.049083, -5.697376), (9.387473, 2.032151, -5.538164), (9.538128, 2.082411, -5.69336)
(9.538128, 2.082411, -5.69336), (9.693798, 2.117161, -5.688584), (9.689299, 2.133033, -5.848634)
(9.538128, 2.082411, -5.69336), (9.542542, 2.066221, -5.534007), (9.693798, 2.117161, -5.688584)
(9.693798, 2.117161, -5.688584), (9.850078, 2.154566, -5.682981), (9.845704, 2.170009, -5.843275)
(9.693798, 2.117161, -5.688584), (9.698121, 2.101531, -5.52906), (9.850078, 2.154566, -5.682981)
(9.850078, 2.154566, -5.682981), (10.007068, 2.195703, -5.676534), (10.002851, 2.210855, -5.837134)
(9.850078, 2.154566, -5.682981), (9.854277, 2.139323, -5.523246), (10.007068, 2.195703, -5.676534)
(10.007068, 2.195703, -5.676534), (10.164881, 2.241113, -5.669291), (10.160841, 2.256154, -5.830269)
(10.007068, 2.195703, -5.676534), (10.011121, 2.18068, -5.516527), (10.164881, 2.241113, -5.669291)
(9.387473, 2.032151, -5.538164), (9.391796, 2.015218, -5.37939), (9.542542, 2.066221, -5.534007)
(9.387473, 2.032151, -5.538164), (9.542542, 2.066221, -5.534007), (9.538128, 2.082411, -5.69336)
(9.542542, 2.066221, -5.534007), (9.698121, 2.101531, -5.52906), (9.693798, 2.117161, -5.688584)
(9.542542, 2.066221, -5.534007), (9.546805, 2.05012, -5.375111), (9.698121, 2.101531, -5.52906)
(9.698121, 2.101531, -5.52906), (9.702298, 2.086013, -5.370013), (9.854277, 2.139323, -5.523246)
(9.698121, 2.101531, -5.52906), (9.854277, 2.139323, -5.523246), (9.850078, 2.154566, -5.682981)
(9.854277, 2.139323, -5.523246), (10.011121, 2.18068, -5.516527), (10.007068, 2.195703, -5.676534)
(9.854277, 2.139323, -5.523246), (9.858345, 2.124214, -5.364005), (10.011121, 2.18068, -5.516527)
(10.011121, 2.18068, -5.516527), (10.015053, 2.16575, -5.357047), (10.168754, 2.226142, -5.508948)
(10.011121, 2.18068, -5.516527), (10.168754, 2.226142, -5.508948), (10.164881, 2.241113, -5.669291)
(9.391796, 2.015218, -5.37939), (9.546805, 2.05012, -5.375111), (9.542542, 2.066221, -5.534007)
(9.391796, 2.015218, -5.37939), (9.395991, 1.998149, -5.220969), (9.546805, 2.05012, -5.375111)
