# -9.64956138335333, 0, 9.648873383313337
(-9.563769, 0.368671, 9.359968), (-9.564692, 0.373148, 9.517838), (-9.40624, 0.371655, 9.360224)
(-9.563769, 0.368671, 9.359968), (-9.40624, 0.371655, 9.360224), (-9.404925, 0.364081, 9.20272)
(-9.720921, 0.362746, 9.360126), (-9.563769, 0.368671, 9.359968), (-9.562439, 0.361596, 9.202461)
(-9.720921, 0.362746, 9.360126), (-9.721828, 0.366735, 9.517986), (-9.563769, 0.368671, 9.359968)
(-9.40624, 0.371655, 9.360224), (-9.248353, 0.371376, 9.360894), (-9.247088, 0.363467, 9.20337)
(-9.40624, 0.371655, 9.360224), (-9.407159, 0.376622, 9.518108), (-9.248353, 0.371376, 9.360894)
(-9.87769, 0.354246, 9.360685), (-9.87859, 0.357972, 9.518519), (-9.720921, 0.362746, 9.360126)
(-9.87769, 0.354246, 9.360685), (-9.720921, 0.362746, 9.360126), (-9.719599, 0.356175, 9.202605)
(-9.564692, 0.373148, 9.517838), (-9.407159, 0.376622, 9.518108), (-9.40624, 0.371655, 9.360224)
(-9.564692, 0.373148, 9.517838), (-9.565111, 0.374444, 9.676038), (-9.407159, 0.376622, 9.518108)
(-9.721828, 0.366735, 9.517986), (-9.564692, 0.373148, 9.517838), (-9.563769, 0.368671, 9.359968)
(-9.721828, 0.366735, 9.517986), (-9.72225, 0.367807, 9.67613), (-9.564692, 0.373148, 9.517838)
(-9.407159, 0.376622, 9.518108), (-9.249278, 0.377079, 9.518765), (-9.248353, 0.371376, 9.360894)
(-9.407159, 0.376622, 9.518108), (-9.407605, 0.378501, 9.676327), (-9.249278, 0.377079, 9.518765)
(-9.87859, 0.357972, 9.518519), (-9.721828, 0.366735, 9.517986), (-9.720921, 0.362746, 9.360126)
(-9.87859, 0.357972, 9.518519), (-9.878976, 0.358731, 9.676628), (-9.721828, 0.366735, 9.517986)
(-9.565111, 0.374444, 9.676038), (-9.565147, 0.373569, 9.834369), (-9.407605, 0.378501, 9.676327)
(-9.565111, 0.374444, 9.676038), (-9.407605, 0.378501, 9.676327), (-9.407159, 0.376622, 9.518108)
(-9.72225, 0.367807, 9.67613), (-9.722238, 0.366461, 9.834414), (-9.565111, 0.374444, 9.676038)
(-9.72225, 0.367807, 9.67613), (-9.565111, 0.374444, 9.676038), (-9.564692, 0.373148, 9.517838)
(-9.407605, 0.378501, 9.676327), (-9.407679, 0.378206, 9.834696), (-9.249764, 0.379793, 9.676975)
(-9.407605, 0.378501, 9.676327), (-9.249764, 0.379793, 9.676975), (-9.249278, 0.377079, 9.518765)
(-9.878976, 0.358731, 9.676628), (-9.878941, 0.357227, 9.834842), (-9.72225, 0.367807, 9.67613)
(-9.878976, 0.358731, 9.676628), (-9.72225, 0.367807, 9.67613), (-9.721828, 0.366735, 9.517986)
(-9.565147, 0.373569, 9.834369), (-9.407679, 0.378206, 9.834696), (-9.407605, 0.378501, 9.676327)
(-9.565147, 0.373569, 9.834369), (-9.564709, 0.37015, 9.992794), (-9.407679, 0.378206, 9.834696)
(-9.722238, 0.366461, 9.834414), (-9.565147, 0.373569, 9.834369), (-9.565111, 0.374444, 9.676038)
(-9.722238, 0.366461, 9.834414), (-9.721707, 0.362492, 9.992786), (-9.565147, 0.373569, 9.834369)
(-9.407679, 0.378206, 9.834696), (-9.249893, 0.380369, 9.835352), (-9.249764, 0.379793, 9.676975)
(-9.407679, 0.378206, 9.834696), (-9.4073, 0.375375, 9.993175), (-9.249893, 0.380369, 9.835352)
(-9.878941, 0.357227, 9.834842), (-9.722238, 0.366461, 9.834414), (-9.72225, 0.367807, 9.67613)
(-9.878941, 0.357227, 9.834842), (-9.878315, 0.352911, 9.99315), (-9.722238, 0.366461, 9.834414)
# -8.981791150019998, 0, 9.648873383313337
(-9.248353, 0.371376, 9.360894), (-9.249278, 0.377079, 9.518765), (-9.090246, 0.368567, 9.361838)
(-9.248353, 0.371376, 9.360894), (-9.090246, 0.368567, 9.361838), (-9.089035, 0.360241, 9.204302)
(-9.090246, 0.368567, 9.361838), (-8.931959, 0.363141, 9.363031), (-8.930801, 0.354336, 9.205491)
(-9.090246, 0.368567, 9.361838), (-9.091133, 0.374728, 9.519731), (-8.931959, 0.363141, 9.363031)
(-8.931959, 0.363141, 9.363031), (-8.932812, 0.369883, 9.520923), (-8.773539, 0.355105, 9.364423)
(-8.931959, 0.363141, 9.363031), (-8.773539, 0.355105, 9.364423), (-8.772448, 0.345928, 9.206875)
(-8.773539, 0.355105, 9.364423), (-8.615045, 0.344491, 9.365957), (-8.614041, 0.335282, 9.208383)
(-8.773539, 0.355105, 9.364423), (-8.774342, 0.362238, 9.522322), (-8.615045, 0.344491, 9.365957)
(-9.249278, 0.377079, 9.518765), (-9.091133, 0.374728, 9.519731), (-9.090246, 0.368567, 9.361838)
(-9.249278, 0.377079, 9.518765), (-9.249764, 0.379793, 9.676975), (-9.091133, 0.374728, 9.519731)
(-9.091133, 0.374728, 9.519731), (-8.932812, 0.369883, 9.520923), (-8.931959, 0.363141, 9.363031)
(-9.091133, 0.374728, 9.519731), (-9.091637, 0.378223, 9.677936), (-8.932812, 0.369883, 9.520923)
(-8.932812, 0.369883, 9.520923), (-8.774342, 0.362238, 9.522322), (-8.773539, 0.355105, 9.364423)
(-8.932812, 0.369883, 9.520923), (-8.933283, 0.373754, 9.679148), (-8.774342, 0.362238, 9.522322)
(-8.774342, 0.362238, 9.522322), (-8.615803, 0.352029, 9.523841), (-8.615045, 0.344491, 9.365957)
(-8.774342, 0.362238, 9.522322), (-8.774816, 0.366837, 9.680521), (-8.615803, 0.352029, 9.523841)
(-9.249764, 0.379793, 9.676975), (-9.249893, 0.380369, 9.835352), (-9.091637, 0.378223, 9.677936)
(-9.249764, 0.379793, 9.676975), (-9.091637, 0.378223, 9.677936), (-9.091133, 0.374728, 9.519731)
(-9.091637, 0.378223, 9.677936), (-9.091796, 0.379592, 9.836324), (-8.933283, 0.373754, 9.679148)
(-9.091637, 0.378223, 9.677936), (-8.933283, 0.373754, 9.679148), (-8.932812, 0.369883, 9.520923)
(-8.933283, 0.373754, 9.679148), (-8.933471, 0.375982, 9.837531), (-8.774816, 0.366837, 9.680521)
(-8.933283, 0.373754, 9.679148), (-8.774816, 0.366837, 9.680521), (-8.774342, 0.362238, 9.522322)
(-8.774816, 0.366837, 9.680521), (-8.775009, 0.369707, 9.838895), (-8.616272, 0.357202, 9.682008)
(-8.774816, 0.366837, 9.680521), (-8.616272, 0.357202, 9.682008), (-8.615803, 0.352029, 9.523841)
(-9.249893, 0.380369, 9.835352), (-9.091796, 0.379592, 9.836324), (-9.091637, 0.378223, 9.677936)
(-9.249893, 0.380369, 9.835352), (-9.249576, 0.378257, 9.993869), (-9.091796, 0.379592, 9.836324)
(-9.091796, 0.379592, 9.836324), (-8.933471, 0.375982, 9.837531), (-8.933283, 0.373754, 9.679148)
(-9.091796, 0.379592, 9.836324), (-9.091558, 0.378487, 9.994847), (-8.933471, 0.375982, 9.837531)
(-8.933471, 0.375982, 9.837531), (-8.775009, 0.369707, 9.838895), (-8.774816, 0.366837, 9.680521)
(-8.933471, 0.375982, 9.837531), (-8.93331, 0.37596, 9.996048), (-8.775009, 0.369707, 9.838895)
(-8.775009, 0.369707, 9.838895), (-8.616488, 0.360886, 9.840341), (-8.616272, 0.357202, 9.682008)
(-8.775009, 0.369707, 9.838895), (-8.774887, 0.370457, 9.997398), (-8.616488, 0.360886, 9.840341)
# -8.314020916686664, 0, 9.648873383313337
(-8.615045, 0.344491, 9.365957), (-8.615803, 0.352029, 9.523841), (-8.456569, 0.331832, 9.367542)
(-8.615045, 0.344491, 9.365957), (-8.456569, 0.331832, 9.367542), (-8.455627, 0.32234, 9.209987)
(-8.456569, 0.331832, 9.367542), (-8.298158, 0.317145, 9.369133), (-8.297277, 0.30741, 9.211607)
(-8.456569, 0.331832, 9.367542), (-8.457283, 0.339683, 9.525401), (-8.298158, 0.317145, 9.369133)
(-8.298158, 0.317145, 9.369133), (-8.29884, 0.325358, 9.52694), (-8.139867, 0.300483, 9.370671)
(-8.298158, 0.317145, 9.369133), (-8.139867, 0.300483, 9.370671), (-8.139048, 0.290684, 9.213182)
(-8.139867, 0.300483, 9.370671), (-7.981751, 0.281859, 9.372112), (-7.980988, 0.272215, 9.214673)
(-8.139867, 0.300483, 9.370671), (-8.140515, 0.308822, 9.528419), (-7.981751, 0.281859, 9.372112)
(-7.981751, 0.281859, 9.372112), (-7.982368, 0.290323, 9.529783), (-7.823847, 0.261775, 9.373405)
(-7.981751, 0.281859, 9.372112), (-7.823847, 0.261775, 9.373405), (-7.823132, 0.252337, 9.216029)
(-8.615803, 0.352029, 9.523841), (-8.457283, 0.339683, 9.525401), (-8.456569, 0.331832, 9.367542)
(-8.615803, 0.352029, 9.523841), (-8.616272, 0.357202, 9.682008), (-8.457283, 0.339683, 9.525401)
(-8.457283, 0.339683, 9.525401), (-8.29884, 0.325358, 9.52694), (-8.298158, 0.317145, 9.369133)
(-8.457283, 0.339683, 9.525401), (-8.457754, 0.34548, 9.683513), (-8.29884, 0.325358, 9.52694)
(-8.29884, 0.325358, 9.52694), (-8.140515, 0.308822, 9.528419), (-8.139867, 0.300483, 9.370671)
(-8.29884, 0.325358, 9.52694), (-8.299302, 0.33138, 9.684989), (-8.140515, 0.308822, 9.528419)
(-8.140515, 0.308822, 9.528419), (-7.982368, 0.290323, 9.529783), (-7.981751, 0.281859, 9.372112)
(-8.140515, 0.308822, 9.528419), (-8.140982, 0.315228, 9.686378), (-7.982368, 0.290323, 9.529783)
(-7.982368, 0.290323, 9.529783), (-7.824438, 0.270068, 9.530989), (-7.823847, 0.261775, 9.373405)
(-7.982368, 0.290323, 9.529783), (-7.982836, 0.297037, 9.687642), (-7.824438, 0.270068, 9.530989)
(-8.616272, 0.357202, 9.682008), (-8.616488, 0.360886, 9.840341), (-8.457754, 0.34548, 9.683513)
(-8.616272, 0.357202, 9.682008), (-8.457754, 0.34548, 9.683513), (-8.457283, 0.339683, 9.525401)
(-8.457754, 0.34548, 9.683513), (-8.457984, 0.349755, 9.841796), (-8.299302, 0.33138, 9.684989)
(-8.457754, 0.34548, 9.683513), (-8.299302, 0.33138, 9.684989), (-8.29884, 0.325358, 9.52694)
(-8.299302, 0.33138, 9.684989), (-8.299553, 0.336221, 9.843201), (-8.140982, 0.315228, 9.686378)
(-8.299302, 0.33138, 9.684989), (-8.140982, 0.315228, 9.686378), (-8.140515, 0.308822, 9.528419)
(-8.140982, 0.315228, 9.686378), (-8.141251, 0.320378, 9.844498), (-7.982836, 0.297037, 9.687642)
(-8.140982, 0.315228, 9.686378), (-7.982836, 0.297037, 9.687642), (-7.982368, 0.290323, 9.529783)
(-7.982836, 0.297037, 9.687642), (-7.983125, 0.302541, 9.845651), (-7.824906, 0.27682, 9.688738)
(-7.982836, 0.297037, 9.687642), (-7.824906, 0.27682, 9.688738), (-7.824438, 0.270068, 9.530989)
(-8.616488, 0.360886, 9.840341), (-8.457984, 0.349755, 9.841796), (-8.457754, 0.34548, 9.683513)
(-8.616488, 0.360886, 9.840341), (-8.616415, 0.362508, 9.998804), (-8.457984, 0.349755, 9.841796)
(-8.457984, 0.349755, 9.841796), (-8.299553, 0.336221, 9.843201), (-8.299302, 0.33138, 9.684989)
(-8.457984, 0.349755, 9.841796), (-8.457961, 0.352203, 10.000202), (-8.299553, 0.336221, 9.843201)
(-8.299553, 0.336221, 9.843201), (-8.141251, 0.320378, 9.844498), (-8.140982, 0.315228, 9.686378)
(-8.299553, 0.336221, 9.843201), (-8.299577, 0.339416, 10.001532), (-8.141251, 0.320378, 9.844498)
(-8.141251, 0.320378, 9.844498), (-7.983125, 0.302541, 9.845651), (-7.982836, 0.297037, 9.687642)
(-8.141251, 0.320378, 9.844498), (-8.141317, 0.323956, 10.002728), (-7.983125, 0.302541, 9.845651)
(-7.983125, 0.302541, 9.845651), (-7.825219, 0.282351, 9.846624), (-7.824906, 0.27682, 9.688738)
(-7.983125, 0.302541, 9.845651), (-7.983239, 0.306326, 10.003759), (-7.825219, 0.282351, 9.846624)
# -7.64625068335333, 0, 9.648873383313337
(-7.823847, 0.261775, 9.373405), (-7.666184, 0.240182, 9.374529), (-7.665515, 0.231063, 9.217224)
(-7.823847, 0.261775, 9.373405), (-7.824438, 0.270068, 9.530989), (-7.666184, 0.240182, 9.374529)
(-7.666184, 0.240182, 9.374529), (-7.666752, 0.248219, 9.532016), (-7.50879, 0.217088, 9.375467)
(-7.666184, 0.240182, 9.374529), (-7.50879, 0.217088, 9.375467), (-7.508162, 0.20848, 9.218242)
(-7.50879, 0.217088, 9.375467), (-7.351689, 0.192509, 9.376212), (-7.35108, 0.184698, 9.219073)
(-7.50879, 0.217088, 9.375467), (-7.509344, 0.224618, 9.53285), (-7.351689, 0.192509, 9.376212)
(-7.351689, 0.192509, 9.376212), (-7.352228, 0.199462, 9.533487), (-7.194879, 0.166698, 9.376769)
(-7.351689, 0.192509, 9.376212), (-7.194879, 0.166698, 9.376769), (-7.194298, 0.15965, 9.219719)
(-7.824438, 0.270068, 9.530989), (-7.666752, 0.248219, 9.532016), (-7.666184, 0.240182, 9.374529)
(-7.824438, 0.270068, 9.530989), (-7.824906, 0.27682, 9.688738), (-7.666752, 0.248219, 9.532016)
(-7.666752, 0.248219, 9.532016), (-7.509344, 0.224618, 9.53285), (-7.50879, 0.217088, 9.375467)
(-7.666752, 0.248219, 9.532016), (-7.667231, 0.254591, 9.689642), (-7.509344, 0.224618, 9.53285)
(-7.509344, 0.224618, 9.53285), (-7.352228, 0.199462, 9.533487), (-7.351689, 0.192509, 9.376212)
(-7.509344, 0.224618, 9.53285), (-7.509828, 0.230674, 9.690351), (-7.352228, 0.199462, 9.533487)
(-7.352228, 0.199462, 9.533487), (-7.195411, 0.172877, 9.533932), (-7.194879, 0.166698, 9.376769)
(-7.352228, 0.199462, 9.533487), (-7.352712, 0.205098, 9.690862), (-7.195411, 0.172877, 9.533932)
(-7.824906, 0.27682, 9.688738), (-7.825219, 0.282351, 9.846624), (-7.667231, 0.254591, 9.689642)
(-7.824906, 0.27682, 9.688738), (-7.667231, 0.254591, 9.689642), (-7.666752, 0.248219, 9.532016)
(-7.667231, 0.254591, 9.689642), (-7.667565, 0.260034, 9.847397), (-7.509828, 0.230674, 9.690351)
(-7.667231, 0.254591, 9.689642), (-7.509828, 0.230674, 9.690351), (-7.509344, 0.224618, 9.53285)
(-7.509828, 0.230674, 9.690351), (-7.510188, 0.235745, 9.847962), (-7.352712, 0.205098, 9.690862)
(-7.509828, 0.230674, 9.690351), (-7.352712, 0.205098, 9.690862), (-7.352228, 0.199462, 9.533487)
(-7.352712, 0.205098, 9.690862), (-7.353087, 0.209792, 9.848333), (-7.195896, 0.177893, 9.69118)
(-7.352712, 0.205098, 9.690862), (-7.195896, 0.177893, 9.69118), (-7.195411, 0.172877, 9.533932)
(-7.825219, 0.282351, 9.846624), (-7.667565, 0.260034, 9.847397), (-7.667231, 0.254591, 9.689642)
(-7.825219, 0.282351, 9.846624), (-7.825375, 0.286397, 10.004604), (-7.667565, 0.260034, 9.847397)
(-7.667565, 0.260034, 9.847397), (-7.510188, 0.235745, 9.847962), (-7.509828, 0.230674, 9.690351)
(-7.667565, 0.260034, 9.847397), (-7.667761, 0.264171, 10.00524), (-7.510188, 0.235745, 9.847962)
(-7.510188, 0.235745, 9.847962), (-7.353087, 0.209792, 9.848333), (-7.352712, 0.205098, 9.690862)
(-7.510188, 0.235745, 9.847962), (-7.510428, 0.239574, 10.005647), (-7.353087, 0.209792, 9.848333)
(-7.353087, 0.209792, 9.848333), (-7.196292, 0.181956, 9.848508), (-7.195896, 0.177893, 9.69118)
(-7.353087, 0.209792, 9.848333), (-7.35337, 0.213138, 10.00586), (-7.196292, 0.181956, 9.848508)
# -6.9784804500199975, 0, 9.648873383313337
(-7.194879, 0.166698, 9.376769), (-7.038364, 0.139657, 9.377147), (-7.037811, 0.13346, 9.220186)
(-7.194879, 0.166698, 9.376769), (-7.195411, 0.172877, 9.533932), (-7.038364, 0.139657, 9.377147)
(-7.038364, 0.139657, 9.377147), (-7.038884, 0.145023, 9.534201), (-6.88215, 0.111437, 9.377358)
(-7.038364, 0.139657, 9.377147), (-6.88215, 0.111437, 9.377358), (-6.881614, 0.106212, 9.220486)
(-6.88215, 0.111437, 9.377358), (-6.726232, 0.082107, 9.377423), (-6.725706, 0.07795, 9.220636)
(-6.88215, 0.111437, 9.377358), (-6.882665, 0.11585, 9.534306), (-6.726232, 0.082107, 9.377423)
(-6.726232, 0.082107, 9.377423), (-6.726733, 0.085597, 9.534274), (-6.570565, 0.052006, 9.377373)
(-6.726232, 0.082107, 9.377423), (-6.570565, 0.052006, 9.377373), (-6.570053, 0.048891, 9.220664)
(-7.195411, 0.172877, 9.533932), (-7.038884, 0.145023, 9.534201), (-7.038364, 0.139657, 9.377147)
(-7.195411, 0.172877, 9.533932), (-7.195896, 0.177893, 9.69118), (-7.038884, 0.145023, 9.534201)
(-7.038884, 0.145023, 9.534201), (-6.882665, 0.11585, 9.534306), (-6.88215, 0.111437, 9.377358)
(-7.038884, 0.145023, 9.534201), (-7.039388, 0.149146, 9.691322), (-6.882665, 0.11585, 9.534306)
(-6.726733, 0.085597, 9.534274), (-6.571064, 0.054485, 9.534129), (-6.570565, 0.052006, 9.377373)
(-6.726733, 0.085597, 9.534274), (-6.727226, 0.088136, 9.691168), (-6.571064, 0.054485, 9.534129)
(-6.882665, 0.11585, 9.534306), (-6.726733, 0.085597, 9.534274), (-6.726232, 0.082107, 9.377423)
(-6.882665, 0.11585, 9.534306), (-6.883166, 0.119186, 9.691309), (-6.726733, 0.085597, 9.534274)
(-6.727226, 0.088136, 9.691168), (-6.727659, 0.089929, 9.848103), (-6.571551, 0.056154, 9.690922)
(-6.727226, 0.088136, 9.691168), (-6.571551, 0.056154, 9.690922), (-6.571064, 0.054485, 9.534129)
(-7.195896, 0.177893, 9.69118), (-7.196292, 0.181956, 9.848508), (-7.039388, 0.149146, 9.691322)
(-7.195896, 0.177893, 9.69118), (-7.039388, 0.149146, 9.691322), (-7.038884, 0.145023, 9.534201)
(-6.883166, 0.119186, 9.691309), (-6.883596, 0.121738, 9.848365), (-6.727226, 0.088136, 9.691168)
(-6.883166, 0.119186, 9.691309), (-6.727226, 0.088136, 9.691168), (-6.726733, 0.085597, 9.534274)
(-7.039388, 0.149146, 9.691322), (-7.039799, 0.152524, 9.84851), (-6.883166, 0.119186, 9.691309)
(-7.039388, 0.149146, 9.691322), (-6.883166, 0.119186, 9.691309), (-6.882665, 0.11585, 9.534306)
(-6.727659, 0.089929, 9.848103), (-6.571992, 0.057108, 9.847743), (-6.571551, 0.056154, 9.690922)
(-6.727659, 0.089929, 9.848103), (-6.728048, 0.090746, 10.005055), (-6.571992, 0.057108, 9.847743)
(-6.883596, 0.121738, 9.848365), (-6.727659, 0.089929, 9.848103), (-6.727226, 0.088136, 9.691168)
(-6.883596, 0.121738, 9.848365), (-6.883962, 0.123337, 10.00545), (-6.727659, 0.089929, 9.848103)
(-7.196292, 0.181956, 9.848508), (-7.039799, 0.152524, 9.84851), (-7.039388, 0.149146, 9.691322)
(-7.196292, 0.181956, 9.848508), (-7.196606, 0.184862, 10.005884), (-7.039799, 0.152524, 9.84851)
(-7.039799, 0.152524, 9.84851), (-6.883596, 0.121738, 9.848365), (-6.883166, 0.119186, 9.691309)
(-7.039799, 0.152524, 9.84851), (-7.040136, 0.154885, 10.00574), (-6.883596, 0.121738, 9.848365)
# -6.3107102166866635, 0, 9.648873383313337
(-6.104942, -0.041964, 9.376735), (-6.105421, -0.042295, 9.533266), (-5.950103, -0.073915, 9.376433)
(-6.104942, -0.041964, 9.376735), (-5.950103, -0.073915, 9.376433), (-5.949628, -0.073127, 9.219973)
(-6.259941, -0.010179, 9.377007), (-6.104942, -0.041964, 9.376735), (-6.104453, -0.042041, 9.220223)
(-6.259941, -0.010179, 9.377007), (-6.260427, -0.00963, 9.533605), (-6.104942, -0.041964, 9.376735)
(-6.415142, 0.0212, 9.377226), (-6.41563, 0.022713, 9.533899), (-6.259941, -0.010179, 9.377007)
(-6.415142, 0.0212, 9.377226), (-6.259941, -0.010179, 9.377007), (-6.259453, -0.011254, 9.220435)
(-6.570565, 0.052006, 9.377373), (-6.415142, 0.0212, 9.377226), (-6.414644, 0.01911, 9.22059)
(-6.570565, 0.052006, 9.377373), (-6.571064, 0.054485, 9.534129), (-6.415142, 0.0212, 9.377226)
(-6.105421, -0.042295, 9.533266), (-5.950574, -0.075047, 9.532907), (-5.950103, -0.073915, 9.376433)
(-6.105421, -0.042295, 9.533266), (-6.105897, -0.043128, 9.689811), (-5.950574, -0.075047, 9.532907)
(-6.260427, -0.00963, 9.533605), (-6.105421, -0.042295, 9.533266), (-6.104942, -0.041964, 9.376735)
(-6.260427, -0.00963, 9.533605), (-6.260911, -0.009704, 9.690219), (-6.105421, -0.042295, 9.533266)
(-6.41563, 0.022713, 9.533899), (-6.260427, -0.00963, 9.533605), (-6.259941, -0.010179, 9.377007)
(-6.41563, 0.022713, 9.533899), (-6.416125, 0.02344, 9.690598), (-6.260427, -0.00963, 9.533605)
(-6.571064, 0.054485, 9.534129), (-6.41563, 0.022713, 9.533899), (-6.415142, 0.0212, 9.377226)
(-6.571064, 0.054485, 9.534129), (-6.571551, 0.056154, 9.690922), (-6.41563, 0.022713, 9.533899)
(-6.105897, -0.043128, 9.689811), (-6.106333, -0.044389, 9.846361), (-5.951035, -0.076553, 9.689388)
(-6.105897, -0.043128, 9.689811), (-5.951035, -0.076553, 9.689388), (-5.950574, -0.075047, 9.532907)
(-6.260911, -0.009704, 9.690219), (-6.261356, -0.010301, 9.846849), (-6.105897, -0.043128, 9.689811)
(-6.260911, -0.009704, 9.690219), (-6.105897, -0.043128, 9.689811), (-6.105421, -0.042295, 9.533266)
(-6.416125, 0.02344, 9.690598), (-6.416566, 0.023609, 9.847317), (-6.260911, -0.009704, 9.690219)
(-6.416125, 0.02344, 9.690598), (-6.260911, -0.009704, 9.690219), (-6.260427, -0.00963, 9.533605)
(-6.571551, 0.056154, 9.690922), (-6.571992, 0.057108, 9.847743), (-6.416125, 0.02344, 9.690598)
(-6.571551, 0.056154, 9.690922), (-6.416125, 0.02344, 9.690598), (-6.41563, 0.022713, 9.533899)
(-6.106333, -0.044389, 9.846361), (-5.951465, -0.07842, 9.845869), (-5.951035, -0.076553, 9.689388)
(-6.106333, -0.044389, 9.846361), (-6.106733, -0.046096, 10.002909), (-5.951465, -0.07842, 9.845869)
(-6.261356, -0.010301, 9.846849), (-6.106333, -0.044389, 9.846361), (-6.105897, -0.043128, 9.689811)
(-6.261356, -0.010301, 9.846849), (-6.26176, -0.011451, 10.003481), (-6.106333, -0.044389, 9.846361)
(-6.416566, 0.023609, 9.847317), (-6.261356, -0.010301, 9.846849), (-6.260911, -0.009704, 9.690219)
(-6.416566, 0.023609, 9.847317), (-6.416965, 0.023118, 10.004045), (-6.261356, -0.010301, 9.846849)
(-6.571992, 0.057108, 9.847743), (-6.416566, 0.023609, 9.847317), (-6.416125, 0.02344, 9.690598)
(-6.571992, 0.057108, 9.847743), (-6.572389, 0.057262, 10.004577), (-6.416566, 0.023609, 9.847317)
# -5.642939983353331, 0, 9.648873383313337
(-5.331821, -0.2003, 9.375195), (-5.177378, -0.230836, 9.37492), (-5.176952, -0.226943, 9.218623)
(-5.331821, -0.2003, 9.375195), (-5.332241, -0.203739, 9.531508), (-5.177378, -0.230836, 9.37492)
(-5.48629, -0.169222, 9.375488), (-5.486722, -0.172215, 9.531834), (-5.331821, -0.2003, 9.375195)
(-5.48629, -0.169222, 9.375488), (-5.331821, -0.2003, 9.375195), (-5.331388, -0.196873, 9.218876)
(-5.640805, -0.137715, 9.375798), (-5.48629, -0.169222, 9.375488), (-5.485848, -0.166328, 9.219143)
(-5.640805, -0.137715, 9.375798), (-5.641252, -0.140168, 9.53218), (-5.48629, -0.169222, 9.375488)
(-5.795401, -0.105889, 9.376117), (-5.795856, -0.107723, 9.53254), (-5.640805, -0.137715, 9.375798)
(-5.795401, -0.105889, 9.376117), (-5.640805, -0.137715, 9.375798), (-5.640354, -0.135436, 9.219419)
(-5.950103, -0.073915, 9.376433), (-5.795401, -0.105889, 9.376117), (-5.794938, -0.104316, 9.2197)
(-5.950103, -0.073915, 9.376433), (-5.950574, -0.075047, 9.532907), (-5.795401, -0.105889, 9.376117)
(-5.332241, -0.203739, 9.531508), (-5.177788, -0.23466, 9.531208), (-5.177378, -0.230836, 9.37492)
(-5.332241, -0.203739, 9.531508), (-5.332641, -0.20714, 9.687814), (-5.177788, -0.23466, 9.531208)
(-5.486722, -0.172215, 9.531834), (-5.332241, -0.203739, 9.531508), (-5.331821, -0.2003, 9.375195)
(-5.486722, -0.172215, 9.531834), (-5.487138, -0.175257, 9.688173), (-5.332241, -0.203739, 9.531508)
(-5.641252, -0.140168, 9.53218), (-5.486722, -0.172215, 9.531834), (-5.48629, -0.169222, 9.375488)
(-5.641252, -0.140168, 9.53218), (-5.641685, -0.142771, 9.68856), (-5.486722, -0.172215, 9.531834)
(-5.795856, -0.107723, 9.53254), (-5.641252, -0.140168, 9.53218), (-5.640805, -0.137715, 9.375798)
(-5.795856, -0.107723, 9.53254), (-5.796309, -0.109824, 9.688968), (-5.641252, -0.140168, 9.53218)
(-5.950574, -0.075047, 9.532907), (-5.795856, -0.107723, 9.53254), (-5.795401, -0.105889, 9.376117)
(-5.950574, -0.075047, 9.532907), (-5.951035, -0.076553, 9.689388), (-5.795856, -0.107723, 9.53254)
(-5.332641, -0.20714, 9.687814), (-5.333016, -0.210566, 9.844102), (-5.17817, -0.238301, 9.687483)
(-5.332641, -0.20714, 9.687814), (-5.17817, -0.238301, 9.687483), (-5.177788, -0.23466, 9.531208)
(-5.487138, -0.175257, 9.688173), (-5.487528, -0.17842, 9.8445), (-5.332641, -0.20714, 9.687814)
(-5.487138, -0.175257, 9.688173), (-5.332641, -0.20714, 9.687814), (-5.332241, -0.203739, 9.531508)
(-5.641685, -0.142771, 9.68856), (-5.64209, -0.145577, 9.844931), (-5.487138, -0.175257, 9.688173)
(-5.641685, -0.142771, 9.68856), (-5.487138, -0.175257, 9.688173), (-5.486722, -0.172215, 9.531834)
(-5.796309, -0.109824, 9.688968), (-5.796728, -0.112208, 9.845389), (-5.641685, -0.142771, 9.68856)
(-5.796309, -0.109824, 9.688968), (-5.641685, -0.142771, 9.68856), (-5.641252, -0.140168, 9.53218)
(-5.951035, -0.076553, 9.689388), (-5.951465, -0.07842, 9.845869), (-5.796309, -0.109824, 9.688968)
(-5.951035, -0.076553, 9.689388), (-5.796309, -0.109824, 9.688968), (-5.795856, -0.107723, 9.53254)
(-5.333016, -0.210566, 9.844102), (-5.178528, -0.241938, 9.843738), (-5.17817, -0.238301, 9.687483)
(-5.333016, -0.210566, 9.844102), (-5.333356, -0.213908, 10.000367), (-5.178528, -0.241938, 9.843738)
(-5.487528, -0.17842, 9.8445), (-5.333016, -0.210566, 9.844102), (-5.332641, -0.20714, 9.687814)
(-5.487528, -0.17842, 9.8445), (-5.487885, -0.18156, 10.000807), (-5.333016, -0.210566, 9.844102)
(-5.64209, -0.145577, 9.844931), (-5.487528, -0.17842, 9.8445), (-5.487138, -0.175257, 9.688173)
(-5.64209, -0.145577, 9.844931), (-5.642464, -0.148503, 10.001286), (-5.487528, -0.17842, 9.8445)
(-5.796728, -0.112208, 9.845389), (-5.64209, -0.145577, 9.844931), (-5.641685, -0.142771, 9.68856)
(-5.796728, -0.112208, 9.845389), (-5.797112, -0.114825, 10.001799), (-5.64209, -0.145577, 9.844931)
(-5.951465, -0.07842, 9.845869), (-5.796728, -0.112208, 9.845389), (-5.796309, -0.109824, 9.688968)
(-5.951465, -0.07842, 9.845869), (-5.951859, -0.08062, 10.002341), (-5.796728, -0.112208, 9.845389)
# -4.975169750019997, 0, 9.648873383313337
(-4.713982, -0.318285, 9.374228), (-4.559441, -0.345923, 9.374043), (-4.559039, -0.340871, 9.217805)
(-4.713982, -0.318285, 9.374228), (-4.714359, -0.322813, 9.530459), (-4.559441, -0.345923, 9.374043)
(-4.868475, -0.289865, 9.374435), (-4.868862, -0.294215, 9.530683), (-4.713982, -0.318285, 9.374228)
(-4.868475, -0.289865, 9.374435), (-4.713982, -0.318285, 9.374228), (-4.713577, -0.313471, 9.217979)
(-5.022936, -0.260723, 9.374665), (-4.868475, -0.289865, 9.374435), (-4.868066, -0.28532, 9.218174)
(-5.022936, -0.260723, 9.374665), (-5.023335, -0.264838, 9.530931), (-4.868475, -0.289865, 9.374435)
(-5.177378, -0.230836, 9.37492), (-5.177788, -0.23466, 9.531208), (-5.022936, -0.260723, 9.374665)
(-5.177378, -0.230836, 9.37492), (-5.022936, -0.260723, 9.374665), (-5.022517, -0.256443, 9.218389)
(-4.714359, -0.322813, 9.530459), (-4.559811, -0.35062, 9.530257), (-4.559441, -0.345923, 9.374043)
(-4.714359, -0.322813, 9.530459), (-4.714697, -0.326972, 9.686665), (-4.559811, -0.35062, 9.530257)
(-4.868862, -0.294215, 9.530683), (-4.714359, -0.322813, 9.530459), (-4.713982, -0.318285, 9.374228)
(-4.868862, -0.294215, 9.530683), (-4.869214, -0.298236, 9.68691), (-4.714359, -0.322813, 9.530459)
(-5.023335, -0.264838, 9.530931), (-4.868862, -0.294215, 9.530683), (-4.868475, -0.289865, 9.374435)
(-5.023335, -0.264838, 9.530931), (-5.023702, -0.268707, 9.687181), (-4.868862, -0.294215, 9.530683)
(-5.177788, -0.23466, 9.531208), (-5.023335, -0.264838, 9.530931), (-5.022936, -0.260723, 9.374665)
(-5.177788, -0.23466, 9.531208), (-5.17817, -0.238301, 9.687483), (-5.023335, -0.264838, 9.530931)
(-4.714697, -0.326972, 9.686665), (-4.715006, -0.330881, 9.84284), (-4.560133, -0.354804, 9.686444)
(-4.714697, -0.326972, 9.686665), (-4.560133, -0.354804, 9.686444), (-4.559811, -0.35062, 9.530257)
(-4.869214, -0.298236, 9.68691), (-4.869539, -0.302103, 9.843109), (-4.714697, -0.326972, 9.686665)
(-4.869214, -0.298236, 9.68691), (-4.714697, -0.326972, 9.686665), (-4.714359, -0.322813, 9.530459)
(-5.023702, -0.268707, 9.687181), (-5.024042, -0.272464, 9.843407), (-4.869214, -0.298236, 9.68691)
(-5.023702, -0.268707, 9.687181), (-4.869214, -0.298236, 9.68691), (-4.868862, -0.294215, 9.530683)
(-5.17817, -0.238301, 9.687483), (-5.178528, -0.241938, 9.843738), (-5.023702, -0.268707, 9.687181)
(-5.17817, -0.238301, 9.687483), (-5.023702, -0.268707, 9.687181), (-5.023335, -0.264838, 9.530931)
(-4.715006, -0.330881, 9.84284), (-4.560428, -0.358745, 9.842598), (-4.560133, -0.354804, 9.686444)
(-4.715006, -0.330881, 9.84284), (-4.715271, -0.3344, 9.998978), (-4.560428, -0.358745, 9.842598)
(-4.869539, -0.302103, 9.843109), (-4.715006, -0.330881, 9.84284), (-4.714697, -0.326972, 9.686665)
(-4.869539, -0.302103, 9.843109), (-4.869822, -0.305628, 9.999274), (-4.715006, -0.330881, 9.84284)
(-5.024042, -0.272464, 9.843407), (-4.869539, -0.302103, 9.843109), (-4.869214, -0.298236, 9.68691)
(-5.024042, -0.272464, 9.843407), (-5.024343, -0.275975, 9.999603), (-4.869539, -0.302103, 9.843109)
(-5.178528, -0.241938, 9.843738), (-5.024042, -0.272464, 9.843407), (-5.023702, -0.268707, 9.687181)
(-5.178528, -0.241938, 9.843738), (-5.17885, -0.245425, 9.999967), (-5.024042, -0.272464, 9.843407)
# -4.307399516686664, 0, 9.648873383313337
(-4.095419, -0.423768, 9.373589), (-3.940597, -0.448089, 9.373467), (-3.940197, -0.442499, 9.217258)
(-4.095419, -0.423768, 9.373589), (-4.095772, -0.428745, 9.529771), (-3.940597, -0.448089, 9.373467)
(-4.250164, -0.398629, 9.373724), (-4.250523, -0.403559, 9.529916), (-4.095419, -0.423768, 9.373589)
(-4.250164, -0.398629, 9.373724), (-4.095419, -0.423768, 9.373589), (-4.095022, -0.418292, 9.217376)
(-4.40484, -0.372724, 9.373875), (-4.250164, -0.398629, 9.373724), (-4.249766, -0.393275, 9.217505)
(-4.40484, -0.372724, 9.373875), (-4.405201, -0.377528, 9.530077), (-4.250164, -0.398629, 9.373724)
(-4.559441, -0.345923, 9.374043), (-4.559811, -0.35062, 9.530257), (-4.40484, -0.372724, 9.373875)
(-4.559441, -0.345923, 9.374043), (-4.40484, -0.372724, 9.373875), (-4.404439, -0.367491, 9.217648)
(-4.095772, -0.428745, 9.529771), (-3.940948, -0.453128, 9.529642), (-3.940597, -0.448089, 9.373467)
(-4.095772, -0.428745, 9.529771), (-4.096072, -0.433115, 9.685914), (-3.940948, -0.453128, 9.529642)
(-4.250523, -0.403559, 9.529916), (-4.095772, -0.428745, 9.529771), (-4.095419, -0.423768, 9.373589)
(-4.250523, -0.403559, 9.529916), (-4.25083, -0.407901, 9.686071), (-4.095772, -0.428745, 9.529771)
(-4.405201, -0.377528, 9.530077), (-4.250523, -0.403559, 9.529916), (-4.250164, -0.398629, 9.373724)
(-4.405201, -0.377528, 9.530077), (-4.405514, -0.381789, 9.686247), (-4.250523, -0.403559, 9.529916)
(-4.559811, -0.35062, 9.530257), (-4.405201, -0.377528, 9.530077), (-4.40484, -0.372724, 9.373875)
(-4.559811, -0.35062, 9.530257), (-4.560133, -0.354804, 9.686444), (-4.405201, -0.377528, 9.530077)
(-4.096072, -0.433115, 9.685914), (-4.096329, -0.436979, 9.842013), (-3.941234, -0.457426, 9.685775)
(-4.096072, -0.433115, 9.685914), (-3.941234, -0.457426, 9.685775), (-3.940948, -0.453128, 9.529642)
(-4.25083, -0.407901, 9.686071), (-4.2511, -0.411817, 9.842188), (-4.096072, -0.433115, 9.685914)
(-4.25083, -0.407901, 9.686071), (-4.096072, -0.433115, 9.685914), (-4.095772, -0.428745, 9.529771)
(-4.405514, -0.381789, 9.686247), (-4.405792, -0.385693, 9.842381), (-4.25083, -0.407901, 9.686071)
(-4.405514, -0.381789, 9.686247), (-4.25083, -0.407901, 9.686071), (-4.250523, -0.403559, 9.529916)
(-4.560133, -0.354804, 9.686444), (-4.560428, -0.358745, 9.842598), (-4.405514, -0.381789, 9.686247)
(-4.560133, -0.354804, 9.686444), (-4.405514, -0.381789, 9.686247), (-4.405201, -0.377528, 9.530077)
(-4.096329, -0.436979, 9.842013), (-3.941483, -0.461264, 9.84186), (-3.941234, -0.457426, 9.685775)
(-4.096329, -0.436979, 9.842013), (-4.096529, -0.440167, 9.998058), (-3.941483, -0.461264, 9.84186)
(-4.2511, -0.411817, 9.842188), (-4.096329, -0.436979, 9.842013), (-4.096072, -0.433115, 9.685914)
(-4.2511, -0.411817, 9.842188), (-4.251308, -0.415036, 9.998251), (-4.096329, -0.436979, 9.842013)
(-4.405792, -0.385693, 9.842381), (-4.2511, -0.411817, 9.842188), (-4.25083, -0.407901, 9.686071)
(-4.405792, -0.385693, 9.842381), (-4.406022, -0.389059, 9.998468), (-4.2511, -0.411817, 9.842188)
(-4.560428, -0.358745, 9.842598), (-4.405792, -0.385693, 9.842381), (-4.405514, -0.381789, 9.686247)
(-4.560428, -0.358745, 9.842598), (-4.560678, -0.362239, 9.998711), (-4.405792, -0.385693, 9.842381)
# -3.6396292833533312, 0, 9.648873383313337
(-3.320465, -0.53711, 9.373097), (-3.320806, -0.542221, 9.529261), (-3.165224, -0.557396, 9.373031)
(-3.320465, -0.53711, 9.373097), (-3.165224, -0.557396, 9.373031), (-3.16482, -0.551527, 9.216825)
(-3.475621, -0.516027, 9.373173), (-3.320465, -0.53711, 9.373097), (-3.320065, -0.531309, 9.216894)
(-3.475621, -0.516027, 9.373173), (-3.47596, -0.521089, 9.529334), (-3.320465, -0.53711, 9.373097)
(-3.630694, -0.49417, 9.373259), (-3.631037, -0.499229, 9.529424), (-3.475621, -0.516027, 9.373173)
(-3.630694, -0.49417, 9.373259), (-3.475621, -0.516027, 9.373173), (-3.475225, -0.510314, 9.216972)
(-3.78569, -0.471565, 9.373359), (-3.630694, -0.49417, 9.373259), (-3.630302, -0.488527, 9.217058)
(-3.78569, -0.471565, 9.373359), (-3.786036, -0.476612, 9.529528), (-3.630694, -0.49417, 9.373259)
(-3.940597, -0.448089, 9.373467), (-3.940948, -0.453128, 9.529642), (-3.78569, -0.471565, 9.373359)
(-3.940597, -0.448089, 9.373467), (-3.78569, -0.471565, 9.373359), (-3.78529, -0.465901, 9.217154)
(-3.320806, -0.542221, 9.529261), (-3.165564, -0.562531, 9.529196), (-3.165224, -0.557396, 9.373031)
(-3.320806, -0.542221, 9.529261), (-3.321071, -0.546455, 9.685369), (-3.165564, -0.562531, 9.529196)
(-3.47596, -0.521089, 9.529334), (-3.320806, -0.542221, 9.529261), (-3.320465, -0.53711, 9.373097)
(-3.47596, -0.521089, 9.529334), (-3.476235, -0.525395, 9.685446), (-3.320806, -0.542221, 9.529261)
(-3.631037, -0.499229, 9.529424), (-3.47596, -0.521089, 9.529334), (-3.475621, -0.516027, 9.373173)
(-3.631037, -0.499229, 9.529424), (-3.631314, -0.503523, 9.685539), (-3.47596, -0.521089, 9.529334)
(-3.786036, -0.476612, 9.529528), (-3.631037, -0.499229, 9.529424), (-3.630694, -0.49417, 9.373259)
(-3.786036, -0.476612, 9.529528), (-3.786319, -0.480926, 9.685651), (-3.631037, -0.499229, 9.529424)
(-3.940948, -0.453128, 9.529642), (-3.786036, -0.476612, 9.529528), (-3.78569, -0.471565, 9.373359)
(-3.940948, -0.453128, 9.529642), (-3.941234, -0.457426, 9.685775), (-3.786036, -0.476612, 9.529528)
(-3.321071, -0.546455, 9.685369), (-3.321294, -0.550134, 9.841425), (-3.165829, -0.566806, 9.685308)
(-3.321071, -0.546455, 9.685369), (-3.165829, -0.566806, 9.685308), (-3.165564, -0.562531, 9.529196)
(-3.476235, -0.525395, 9.685446), (-3.476461, -0.529089, 9.841505), (-3.321071, -0.546455, 9.685369)
(-3.476235, -0.525395, 9.685446), (-3.321071, -0.546455, 9.685369), (-3.320806, -0.542221, 9.529261)
(-3.631314, -0.503523, 9.685539), (-3.631546, -0.507269, 9.841604), (-3.476235, -0.525395, 9.685446)
(-3.631314, -0.503523, 9.685539), (-3.476235, -0.525395, 9.685446), (-3.47596, -0.521089, 9.529334)
(-3.786319, -0.480926, 9.685651), (-3.786555, -0.484688, 9.841724), (-3.631314, -0.503523, 9.685539)
(-3.786319, -0.480926, 9.685651), (-3.631314, -0.503523, 9.685539), (-3.631037, -0.499229, 9.529424)
(-3.941234, -0.457426, 9.685775), (-3.941483, -0.461264, 9.84186), (-3.786319, -0.480926, 9.685651)
(-3.941234, -0.457426, 9.685775), (-3.786319, -0.480926, 9.685651), (-3.786036, -0.476612, 9.529528)
(-3.321294, -0.550134, 9.841425), (-3.166046, -0.570439, 9.841364), (-3.165829, -0.566806, 9.685308)
(-3.321294, -0.550134, 9.841425), (-3.321453, -0.553006, 9.997414), (-3.166046, -0.570439, 9.841364)
(-3.476461, -0.529089, 9.841505), (-3.321294, -0.550134, 9.841425), (-3.321071, -0.546455, 9.685369)
(-3.476461, -0.529089, 9.841505), (-3.476623, -0.531986, 9.997497), (-3.321294, -0.550134, 9.841425)
(-3.631546, -0.507269, 9.841604), (-3.476461, -0.529089, 9.841505), (-3.476235, -0.525395, 9.685446)
(-3.631546, -0.507269, 9.841604), (-3.631714, -0.510201, 9.997603), (-3.476461, -0.529089, 9.841505)
(-3.786555, -0.484688, 9.841724), (-3.631546, -0.507269, 9.841604), (-3.631314, -0.503523, 9.685539)
(-3.786555, -0.484688, 9.841724), (-3.786731, -0.487699, 9.997735), (-3.631546, -0.507269, 9.841604)
(-3.941483, -0.461264, 9.84186), (-3.786555, -0.484688, 9.841724), (-3.786319, -0.480926, 9.685651)
(-3.941483, -0.461264, 9.84186), (-3.941674, -0.464415, 9.997888), (-3.786555, -0.484688, 9.841724)
# -2.9718590500199973, 0, 9.648873383313337
(-2.69901, -0.613797, 9.372892), (-2.699354, -0.619138, 9.529079), (-2.54345, -0.631249, 9.372868)
(-2.69901, -0.613797, 9.372892), (-2.54345, -0.631249, 9.372868), (-2.54304, -0.625028, 9.216631)
(-2.85449, -0.595664, 9.372928), (-2.69901, -0.613797, 9.372892), (-2.6986, -0.607685, 9.216667)
(-2.85449, -0.595664, 9.372928), (-2.854833, -0.600923, 9.529105), (-2.69901, -0.613797, 9.372892)
(-3.009893, -0.576853, 9.372974), (-3.010237, -0.582078, 9.529143), (-2.85449, -0.595664, 9.372928)
(-3.009893, -0.576853, 9.372974), (-2.85449, -0.595664, 9.372928), (-2.854084, -0.589666, 9.21671)
(-3.165224, -0.557396, 9.373031), (-3.009893, -0.576853, 9.372974), (-3.00949, -0.57094, 9.216764)
(-3.165224, -0.557396, 9.373031), (-3.165564, -0.562531, 9.529196), (-3.009893, -0.576853, 9.372974)
(-2.699354, -0.619138, 9.529079), (-2.543791, -0.636649, 9.529067), (-2.54345, -0.631249, 9.372868)
(-2.699354, -0.619138, 9.529079), (-2.699615, -0.623498, 9.685213), (-2.543791, -0.636649, 9.529067)
(-2.854833, -0.600923, 9.529105), (-2.699354, -0.619138, 9.529079), (-2.69901, -0.613797, 9.372892)
(-2.854833, -0.600923, 9.529105), (-2.855103, -0.60532, 9.685231), (-2.699354, -0.619138, 9.529079)
(-3.010237, -0.582078, 9.529143), (-2.854833, -0.600923, 9.529105), (-2.85449, -0.595664, 9.372928)
(-3.010237, -0.582078, 9.529143), (-3.010508, -0.58643, 9.685261), (-2.854833, -0.600923, 9.529105)
(-3.165564, -0.562531, 9.529196), (-3.010237, -0.582078, 9.529143), (-3.009893, -0.576853, 9.372974)
(-3.165564, -0.562531, 9.529196), (-3.165829, -0.566806, 9.685308), (-3.010237, -0.582078, 9.529143)
(-2.699615, -0.623498, 9.685213), (-2.69983, -0.627195, 9.841295), (-2.544054, -0.641098, 9.685215)
(-2.699615, -0.623498, 9.685213), (-2.544054, -0.641098, 9.685215), (-2.543791, -0.636649, 9.529067)
(-2.855103, -0.60532, 9.685231), (-2.855317, -0.608971, 9.841301), (-2.699615, -0.623498, 9.685213)
(-2.855103, -0.60532, 9.685231), (-2.699615, -0.623498, 9.685213), (-2.699354, -0.619138, 9.529079)
(-3.010508, -0.58643, 9.685261), (-3.010726, -0.590097, 9.841323), (-2.855103, -0.60532, 9.685231)
(-3.010508, -0.58643, 9.685261), (-2.855103, -0.60532, 9.685231), (-2.854833, -0.600923, 9.529105)
(-3.165829, -0.566806, 9.685308), (-3.166046, -0.570439, 9.841364), (-3.010508, -0.58643, 9.685261)
(-3.165829, -0.566806, 9.685308), (-3.010508, -0.58643, 9.685261), (-3.010237, -0.582078, 9.529143)
(-2.69983, -0.627195, 9.841295), (-2.544265, -0.644817, 9.841311), (-2.544054, -0.641098, 9.685215)
(-2.69983, -0.627195, 9.841295), (-2.699979, -0.629992, 9.997309), (-2.544265, -0.644817, 9.841311)
(-2.855317, -0.608971, 9.841301), (-2.69983, -0.627195, 9.841295), (-2.699615, -0.623498, 9.685213)
(-2.855317, -0.608971, 9.841301), (-2.855463, -0.611699, 9.997299), (-2.69983, -0.627195, 9.841295)
(-3.010726, -0.590097, 9.841323), (-2.855317, -0.608971, 9.841301), (-2.855103, -0.60532, 9.685231)
(-3.010726, -0.590097, 9.841323), (-3.010864, -0.592744, 9.99731), (-2.855317, -0.608971, 9.841301)
(-3.166046, -0.570439, 9.841364), (-3.010726, -0.590097, 9.841323), (-3.010508, -0.58643, 9.685261)
(-3.166046, -0.570439, 9.841364), (-3.166194, -0.573181, 9.997348), (-3.010726, -0.590097, 9.841323)
# -2.304088816686664, 0, 9.648873383313337
(-2.232091, -0.664228, 9.372849), (-2.076295, -0.679874, 9.372856), (-2.075898, -0.673263, 9.216578)
(-2.232091, -0.664228, 9.372849), (-2.232425, -0.669839, 9.529078), (-2.076295, -0.679874, 9.372856)
(-2.387807, -0.648016, 9.372852), (-2.388148, -0.653533, 9.529066), (-2.232091, -0.664228, 9.372849)
(-2.387807, -0.648016, 9.372852), (-2.232091, -0.664228, 9.372849), (-2.231691, -0.657806, 9.216586)
(-2.076295, -0.679874, 9.372856), (-2.076626, -0.685636, 9.529103), (-1.920412, -0.694958, 9.372874)
(-2.076295, -0.679874, 9.372856), (-1.920412, -0.694958, 9.372874), (-1.920023, -0.688163, 9.216579)
(-2.54345, -0.631249, 9.372868), (-2.387807, -0.648016, 9.372852), (-2.387406, -0.641751, 9.216605)
(-2.54345, -0.631249, 9.372868), (-2.543791, -0.636649, 9.529067), (-2.387807, -0.648016, 9.372852)
(-2.388148, -0.653533, 9.529066), (-2.232425, -0.669839, 9.529078), (-2.232091, -0.664228, 9.372849)
(-2.388148, -0.653533, 9.529066), (-2.388412, -0.658108, 9.685231), (-2.232425, -0.669839, 9.529078)
(-2.543791, -0.636649, 9.529067), (-2.388148, -0.653533, 9.529066), (-2.387807, -0.648016, 9.372852)
(-2.543791, -0.636649, 9.529067), (-2.544054, -0.641098, 9.685215), (-2.388148, -0.653533, 9.529066)
(-2.232425, -0.669839, 9.529078), (-2.076626, -0.685636, 9.529103), (-2.076295, -0.679874, 9.372856)
(-2.232425, -0.669839, 9.529078), (-2.232688, -0.674518, 9.685261), (-2.076626, -0.685636, 9.529103)
(-2.076626, -0.685636, 9.529103), (-1.920735, -0.700857, 9.52914), (-1.920412, -0.694958, 9.372874)
(-2.076626, -0.685636, 9.529103), (-2.076876, -0.690346, 9.685306), (-1.920735, -0.700857, 9.52914)
(-2.544054, -0.641098, 9.685215), (-2.544265, -0.644817, 9.841311), (-2.388412, -0.658108, 9.685231)
(-2.544054, -0.641098, 9.685215), (-2.388412, -0.658108, 9.685231), (-2.388148, -0.653533, 9.529066)
(-2.388412, -0.658108, 9.685231), (-2.388626, -0.661925, 9.841347), (-2.232688, -0.674518, 9.685261)
(-2.388412, -0.658108, 9.685231), (-2.232688, -0.674518, 9.685261), (-2.232425, -0.669839, 9.529078)
(-2.232688, -0.674518, 9.685261), (-2.232897, -0.678382, 9.841396), (-2.076876, -0.690346, 9.685306)
(-2.232688, -0.674518, 9.685261), (-2.076876, -0.690346, 9.685306), (-2.076626, -0.685636, 9.529103)
(-2.076876, -0.690346, 9.685306), (-2.077083, -0.694316, 9.841466), (-1.920982, -0.705728, 9.685366)
(-2.076876, -0.690346, 9.685306), (-1.920982, -0.705728, 9.685366), (-1.920735, -0.700857, 9.52914)
(-2.544265, -0.644817, 9.841311), (-2.388626, -0.661925, 9.841347), (-2.388412, -0.658108, 9.685231)
(-2.544265, -0.644817, 9.841311), (-2.544406, -0.647562, 9.997338), (-2.388626, -0.661925, 9.841347)
(-2.388626, -0.661925, 9.841347), (-2.232897, -0.678382, 9.841396), (-2.232688, -0.674518, 9.685261)
(-2.388626, -0.661925, 9.841347), (-2.388762, -0.664653, 9.997393), (-2.232897, -0.678382, 9.841396)
(-2.232897, -0.678382, 9.841396), (-2.077083, -0.694316, 9.841466), (-2.076876, -0.690346, 9.685306)
(-2.232897, -0.678382, 9.841396), (-2.233042, -0.681258, 9.997471), (-2.077083, -0.694316, 9.841466)
(-2.077083, -0.694316, 9.841466), (-1.921184, -0.709779, 9.841551), (-1.920982, -0.705728, 9.685366)
(-2.077083, -0.694316, 9.841466), (-2.077232, -0.697317, 9.997568), (-1.921184, -0.709779, 9.841551)
# -1.6363185833533305, 0, 9.648873383313337
(-1.920412, -0.694958, 9.372874), (-1.764436, -0.709471, 9.372903), (-1.764058, -0.702496, 9.216591)
(-1.920412, -0.694958, 9.372874), (-1.920735, -0.700857, 9.52914), (-1.764436, -0.709471, 9.372903)
(-1.764436, -0.709471, 9.372903), (-1.764753, -0.715583, 9.529189), (-1.608376, -0.723603, 9.372944)
(-1.764436, -0.709471, 9.372903), (-1.608376, -0.723603, 9.372944), (-1.608012, -0.716399, 9.216613)
(-1.608376, -0.723603, 9.372944), (-1.452223, -0.737336, 9.372995), (-1.451873, -0.729867, 9.216645)
(-1.608376, -0.723603, 9.372944), (-1.60868, -0.729887, 9.52925), (-1.452223, -0.737336, 9.372995)
(-1.452223, -0.737336, 9.372995), (-1.452514, -0.743832, 9.529325), (-1.295966, -0.750672, 9.373058)
(-1.452223, -0.737336, 9.372995), (-1.295966, -0.750672, 9.373058), (-1.295634, -0.742934, 9.216688)
(-1.920735, -0.700857, 9.52914), (-1.764753, -0.715583, 9.529189), (-1.764436, -0.709471, 9.372903)
(-1.920735, -0.700857, 9.52914), (-1.920982, -0.705728, 9.685366), (-1.764753, -0.715583, 9.529189)
(-1.764753, -0.715583, 9.529189), (-1.60868, -0.729887, 9.52925), (-1.608376, -0.723603, 9.372944)
(-1.764753, -0.715583, 9.529189), (-1.764999, -0.720655, 9.685441), (-1.60868, -0.729887, 9.52925)
(-1.60868, -0.729887, 9.52925), (-1.452514, -0.743832, 9.529325), (-1.452223, -0.737336, 9.372995)
(-1.60868, -0.729887, 9.52925), (-1.608918, -0.735127, 9.685527), (-1.452514, -0.743832, 9.529325)
(-1.452514, -0.743832, 9.529325), (-1.296239, -0.757369, 9.529411), (-1.295966, -0.750672, 9.373058)
(-1.452514, -0.743832, 9.529325), (-1.452735, -0.749181, 9.685627), (-1.296239, -0.757369, 9.529411)
(-1.920982, -0.705728, 9.685366), (-1.921184, -0.709779, 9.841551), (-1.764999, -0.720655, 9.685441)
(-1.920982, -0.705728, 9.685366), (-1.764999, -0.720655, 9.685441), (-1.764753, -0.715583, 9.529189)
(-1.764999, -0.720655, 9.685441), (-1.765199, -0.72485, 9.841652), (-1.608918, -0.735127, 9.685527)
(-1.764999, -0.720655, 9.685441), (-1.608918, -0.735127, 9.685527), (-1.60868, -0.729887, 9.52925)
(-1.608918, -0.735127, 9.685527), (-1.609111, -0.739427, 9.841767), (-1.452735, -0.749181, 9.685627)
(-1.608918, -0.735127, 9.685527), (-1.452735, -0.749181, 9.685627), (-1.452514, -0.743832, 9.529325)
(-1.452735, -0.749181, 9.685627), (-1.45292, -0.753621, 9.841896), (-1.296448, -0.76291, 9.68574)
(-1.452735, -0.749181, 9.685627), (-1.296448, -0.76291, 9.68574), (-1.296239, -0.757369, 9.529411)
(-1.921184, -0.709779, 9.841551), (-1.765199, -0.72485, 9.841652), (-1.764999, -0.720655, 9.685441)
(-1.921184, -0.709779, 9.841551), (-1.921324, -0.712782, 9.99768), (-1.765199, -0.72485, 9.841652)
(-1.765199, -0.72485, 9.841652), (-1.609111, -0.739427, 9.841767), (-1.608918, -0.735127, 9.685527)
(-1.765199, -0.72485, 9.841652), (-1.765332, -0.727883, 9.99781), (-1.609111, -0.739427, 9.841767)
(-1.609111, -0.739427, 9.841767), (-1.45292, -0.753621, 9.841896), (-1.452735, -0.749181, 9.685627)
(-1.609111, -0.739427, 9.841767), (-1.609248, -0.742626, 9.99796), (-1.45292, -0.753621, 9.841896)
(-1.45292, -0.753621, 9.841896), (-1.296622, -0.767461, 9.842039), (-1.296448, -0.76291, 9.68574)
(-1.45292, -0.753621, 9.841896), (-1.453059, -0.756967, 9.998122), (-1.296622, -0.767461, 9.842039)
# -0.968548350019997, 0, 9.648873383313337
(-1.295966, -0.750672, 9.373058), (-1.139595, -0.763623, 9.373132), (-1.139292, -0.755657, 9.216739)
(-1.295966, -0.750672, 9.373058), (-1.296239, -0.757369, 9.529411), (-1.139595, -0.763623, 9.373132)
(-1.139595, -0.763623, 9.373132), (-1.139849, -0.770553, 9.529509), (-0.983112, -0.776304, 9.373215)
(-1.139595, -0.763623, 9.373132), (-0.983112, -0.776304, 9.373215), (-0.982831, -0.768009, 9.216799)
(-0.983112, -0.776304, 9.373215), (-0.826508, -0.788704, 9.373303), (-0.826246, -0.780029, 9.216866)
(-0.983112, -0.776304, 9.373215), (-0.983347, -0.783484, 9.529616), (-0.826508, -0.788704, 9.373303)
(-0.826508, -0.788704, 9.373303), (-0.826726, -0.796195, 9.529731), (-0.66977, -0.800802, 9.373396)
(-0.826508, -0.788704, 9.373303), (-0.66977, -0.800802, 9.373396), (-0.669529, -0.791723, 9.216935)
(-0.66977, -0.800802, 9.373396), (-0.512885, -0.812524, 9.373489), (-0.512669, -0.803052, 9.217004)
(-0.66977, -0.800802, 9.373396), (-0.66997, -0.808594, 9.52985), (-0.512885, -0.812524, 9.373489)
(-1.296239, -0.757369, 9.529411), (-1.139849, -0.770553, 9.529509), (-1.139595, -0.763623, 9.373132)
(-1.296239, -0.757369, 9.529411), (-1.296448, -0.76291, 9.68574), (-1.139849, -0.770553, 9.529509)
(-1.139849, -0.770553, 9.529509), (-0.983347, -0.783484, 9.529616), (-0.983112, -0.776304, 9.373215)
(-1.139849, -0.770553, 9.529509), (-1.140044, -0.77628, 9.685864), (-0.983347, -0.783484, 9.529616)
(-0.983347, -0.783484, 9.529616), (-0.826726, -0.796195, 9.529731), (-0.826508, -0.788704, 9.373303)
(-0.983347, -0.783484, 9.529616), (-0.983531, -0.789436, 9.686), (-0.826726, -0.796195, 9.529731)
(-0.826726, -0.796195, 9.529731), (-0.66997, -0.808594, 9.52985), (-0.66977, -0.800802, 9.373396)
(-0.826726, -0.796195, 9.529731), (-0.82689, -0.802298, 9.686143), (-0.66997, -0.808594, 9.52985)
(-0.66997, -0.808594, 9.52985), (-0.513074, -0.820703, 9.529972), (-0.512885, -0.812524, 9.373489)
(-0.66997, -0.808594, 9.52985), (-0.670122, -0.814936, 9.686293), (-0.513074, -0.820703, 9.529972)
(-1.296448, -0.76291, 9.68574), (-1.296622, -0.767461, 9.842039), (-1.140044, -0.77628, 9.685864)
(-1.296448, -0.76291, 9.68574), (-1.140044, -0.77628, 9.685864), (-1.139849, -0.770553, 9.529509)
(-1.140044, -0.77628, 9.685864), (-1.140211, -0.78099, 9.842194), (-0.983531, -0.789436, 9.686)
(-1.140044, -0.77628, 9.685864), (-0.983531, -0.789436, 9.686), (-0.983347, -0.783484, 9.529616)
(-0.983531, -0.789436, 9.686), (-0.983687, -0.794279, 9.84236), (-0.82689, -0.802298, 9.686143)
(-0.983531, -0.789436, 9.686), (-0.82689, -0.802298, 9.686143), (-0.826726, -0.796195, 9.529731)
(-0.82689, -0.802298, 9.686143), (-0.827038, -0.807307, 9.842535), (-0.670122, -0.814936, 9.686293)
(-0.82689, -0.802298, 9.686143), (-0.670122, -0.814936, 9.686293), (-0.66997, -0.808594, 9.52985)
(-0.670122, -0.814936, 9.686293), (-0.67026, -0.820078, 9.842717), (-0.513219, -0.827327, 9.686444)
(-0.670122, -0.814936, 9.686293), (-0.513219, -0.827327, 9.686444), (-0.513074, -0.820703, 9.529972)
(-1.296622, -0.767461, 9.842039), (-1.140211, -0.78099, 9.842194), (-1.140044, -0.77628, 9.685864)
(-1.296622, -0.767461, 9.842039), (-1.296753, -0.770872, 9.998299), (-1.140211, -0.78099, 9.842194)
(-1.140211, -0.78099, 9.842194), (-0.983687, -0.794279, 9.84236), (-0.983531, -0.789436, 9.686)
(-1.140211, -0.78099, 9.842194), (-1.140336, -0.784482, 9.998487), (-0.983687, -0.794279, 9.84236)
(-0.983687, -0.794279, 9.84236), (-0.827038, -0.807307, 9.842535), (-0.82689, -0.802298, 9.686143)
(-0.983687, -0.794279, 9.84236), (-0.983806, -0.797856, 9.998688), (-0.827038, -0.807307, 9.842535)
(-0.827038, -0.807307, 9.842535), (-0.67026, -0.820078, 9.842717), (-0.670122, -0.814936, 9.686293)
(-0.827038, -0.807307, 9.842535), (-0.827154, -0.810975, 9.998899), (-0.67026, -0.820078, 9.842717)
(-0.67026, -0.820078, 9.842717), (-0.513355, -0.832671, 9.842903), (-0.513219, -0.827327, 9.686444)
(-0.67026, -0.820078, 9.842717), (-0.670364, -0.823748, 9.999115), (-0.513355, -0.832671, 9.842903)
# -0.3007781166866636, 0, 9.648873383313337
(-0.512885, -0.812524, 9.373489), (-0.513074, -0.820703, 9.529972), (-0.355866, -0.824017, 9.373579)
(-0.512885, -0.812524, 9.373489), (-0.355866, -0.824017, 9.373579), (-0.355671, -0.814089, 9.21707)
(-0.355866, -0.824017, 9.373579), (-0.198705, -0.835208, 9.373661), (-0.198526, -0.824765, 9.217126)
(-0.355866, -0.824017, 9.373579), (-0.356038, -0.83253, 9.530091), (-0.198705, -0.835208, 9.373661)
(-0.198705, -0.835208, 9.373661), (-0.198866, -0.844136, 9.530203), (-0.041396, -0.846014, 9.373731)
(-0.198705, -0.835208, 9.373661), (-0.041396, -0.846014, 9.373731), (-0.041233, -0.835039, 9.217167)
(-0.041396, -0.846014, 9.373731), (0.116071, -0.856194, 9.373783), (0.116214, -0.844742, 9.21719)
(-0.041396, -0.846014, 9.373731), (-0.041543, -0.855311, 9.530305), (0.116071, -0.856194, 9.373783)
(-0.513074, -0.820703, 9.529972), (-0.356038, -0.83253, 9.530091), (-0.355866, -0.824017, 9.373579)
(-0.513074, -0.820703, 9.529972), (-0.513219, -0.827327, 9.686444), (-0.356038, -0.83253, 9.530091)
(-0.356038, -0.83253, 9.530091), (-0.198866, -0.844136, 9.530203), (-0.198705, -0.835208, 9.373661)
(-0.356038, -0.83253, 9.530091), (-0.356176, -0.839435, 9.686596), (-0.198866, -0.844136, 9.530203)
(-0.198866, -0.844136, 9.530203), (-0.041543, -0.855311, 9.530305), (-0.041396, -0.846014, 9.373731)
(-0.198866, -0.844136, 9.530203), (-0.198987, -0.851185, 9.686741), (-0.041543, -0.855311, 9.530305)
(-0.041543, -0.855311, 9.530305), (0.115931, -0.865952, 9.53039), (0.116071, -0.856194, 9.373783)
(-0.041543, -0.855311, 9.530305), (-0.041662, -0.862673, 9.686878), (0.115931, -0.865952, 9.53039)
(-0.513219, -0.827327, 9.686444), (-0.513355, -0.832671, 9.842903), (-0.356176, -0.839435, 9.686596)
(-0.513219, -0.827327, 9.686444), (-0.356176, -0.839435, 9.686596), (-0.356038, -0.83253, 9.530091)
(-0.356176, -0.839435, 9.686596), (-0.356303, -0.84491, 9.843088), (-0.198987, -0.851185, 9.686741)
(-0.356176, -0.839435, 9.686596), (-0.198987, -0.851185, 9.686741), (-0.198866, -0.844136, 9.530203)
(-0.198987, -0.851185, 9.686741), (-0.199114, -0.856884, 9.843271), (-0.041662, -0.862673, 9.686878)
(-0.198987, -0.851185, 9.686741), (-0.041662, -0.862673, 9.686878), (-0.041543, -0.855311, 9.530305)
(-0.041662, -0.862673, 9.686878), (-0.041786, -0.868526, 9.843446), (0.115818, -0.873553, 9.687)
(-0.041662, -0.862673, 9.686878), (0.115818, -0.873553, 9.687), (0.115931, -0.865952, 9.53039)
(-0.513355, -0.832671, 9.842903), (-0.356303, -0.84491, 9.843088), (-0.356176, -0.839435, 9.686596)
(-0.513355, -0.832671, 9.842903), (-0.513449, -0.836342, 9.999334), (-0.356303, -0.84491, 9.843088)
(-0.356303, -0.84491, 9.843088), (-0.199114, -0.856884, 9.843271), (-0.198987, -0.851185, 9.686741)
(-0.356303, -0.84491, 9.843088), (-0.356405, -0.848736, 9.999559), (-0.199114, -0.856884, 9.843271)
(-0.199114, -0.856884, 9.843271), (-0.041786, -0.868526, 9.843446), (-0.041662, -0.862673, 9.686878)
(-0.199114, -0.856884, 9.843271), (-0.199222, -0.860847, 9.999782), (-0.041786, -0.868526, 9.843446)
(-0.041786, -0.868526, 9.843446), (0.11569, -0.879645, 9.843609), (0.115818, -0.873553, 9.687)
(-0.041786, -0.868526, 9.843446), (-0.041888, -0.87244, 9.999996), (0.11569, -0.879645, 9.843609)
