# 10.383545616646671, 0, -17.06193595002
(10.163403, 0.39817, -17.381998), (10.318544, 0.372101, -17.378956), (10.317825, 0.347916, -17.532919)
(10.163403, 0.39817, -17.381998), (10.164294, 0.42161, -17.228086), (10.318544, 0.372101, -17.378956)
(10.318544, 0.372101, -17.378956), (10.4738, 0.346091, -17.375973), (10.473209, 0.323139, -17.530111)
(10.318544, 0.372101, -17.378956), (10.319292, 0.394366, -17.224867), (10.4738, 0.346091, -17.375973)
(10.4738, 0.346091, -17.375973), (10.629176, 0.32022, -17.373064), (10.628691, 0.298491, -17.527367)
(10.4738, 0.346091, -17.375973), (10.474432, 0.367164, -17.221724), (10.629176, 0.32022, -17.373064)
(10.629176, 0.32022, -17.373064), (10.784657, 0.294722, -17.370253), (10.784253, 0.274018, -17.524643)
(10.629176, 0.32022, -17.373064), (10.629694, 0.340258, -17.21867), (10.784657, 0.294722, -17.370253)
(10.164294, 0.42161, -17.228086), (10.16519, 0.443464, -17.074074), (10.319292, 0.394366, -17.224867)
(10.164294, 0.42161, -17.228086), (10.319292, 0.394366, -17.224867), (10.318544, 0.372101, -17.378956)
(10.319292, 0.394366, -17.224867), (10.320049, 0.415062, -17.07069), (10.474432, 0.367164, -17.221724)
(10.319292, 0.394366, -17.224867), (10.474432, 0.367164, -17.221724), (10.4738, 0.346091, -17.375973)
(10.474432, 0.367164, -17.221724), (10.475062, 0.38681, -17.067398), (10.629694, 0.340258, -17.21867)
(10.474432, 0.367164, -17.221724), (10.629694, 0.340258, -17.21867), (10.629176, 0.32022, -17.373064)
(10.629694, 0.340258, -17.21867), (10.630213, 0.358908, -17.064211), (10.785078, 0.313762, -17.215731)
(10.629694, 0.340258, -17.21867), (10.785078, 0.313762, -17.215731), (10.784657, 0.294722, -17.370253)
(10.16519, 0.443464, -17.074074), (10.320049, 0.415062, -17.07069), (10.319292, 0.394366, -17.224867)
(10.16519, 0.443464, -17.074074), (10.16608, 0.463811, -16.919987), (10.320049, 0.415062, -17.07069)
(10.320049, 0.415062, -17.07069), (10.475062, 0.38681, -17.067398), (10.474432, 0.367164, -17.221724)
(10.320049, 0.415062, -17.07069), (10.320799, 0.434333, -16.916447), (10.475062, 0.38681, -17.067398)
(10.475062, 0.38681, -17.067398), (10.630213, 0.358908, -17.064211), (10.629694, 0.340258, -17.21867)
(10.475062, 0.38681, -17.067398), (10.475687, 0.405108, -16.913015), (10.630213, 0.358908, -17.064211)
(10.630213, 0.358908, -17.064211), (10.785501, 0.33152, -17.061146), (10.785078, 0.313762, -17.215731)
(10.630213, 0.358908, -17.064211), (10.630732, 0.376308, -16.909706), (10.785501, 0.33152, -17.061146)
(10.16608, 0.463811, -16.919987), (10.166937, 0.482942, -16.765841), (10.320799, 0.434333, -16.916447)
(10.16608, 0.463811, -16.919987), (10.320799, 0.434333, -16.916447), (10.320049, 0.415062, -17.07069)
(10.320799, 0.434333, -16.916447), (10.475687, 0.405108, -16.913015), (10.475062, 0.38681, -17.067398)
(10.320799, 0.434333, -16.916447), (10.32153, 0.452388, -16.762161), (10.475687, 0.405108, -16.913015)
(10.475687, 0.405108, -16.913015), (10.476298, 0.42224, -16.758604), (10.630732, 0.376308, -16.909706)
(10.475687, 0.405108, -16.913015), (10.630732, 0.376308, -16.909706), (10.630213, 0.358908, -17.064211)
(10.630732, 0.376308, -16.909706), (10.785927, 0.348109, -16.906538), (10.785501, 0.33152, -17.061146)
(10.630732, 0.376308, -16.909706), (10.631238, 0.392613, -16.755188), (10.785927, 0.348109, -16.906538)
(10.166937, 0.482942, -16.765841), (10.32153, 0.452388, -16.762161), (10.320799, 0.434333, -16.916447)
(10.166937, 0.482942, -16.765841), (10.167759, 0.500968, -16.611673), (10.32153, 0.452388, -16.762161)
(10.32153, 0.452388, -16.762161), (10.476298, 0.42224, -16.758604), (10.475687, 0.405108, -16.913015)
(10.32153, 0.452388, -16.762161), (10.322224, 0.469435, -16.607864), (10.476298, 0.42224, -16.758604)
(10.476298, 0.42224, -16.758604), (10.631238, 0.392613, -16.755188), (10.630732, 0.376308, -16.909706)
(10.476298, 0.42224, -16.758604), (10.476889, 0.438424, -16.604206), (10.631238, 0.392613, -16.755188)
(10.631238, 0.392613, -16.755188), (10.786338, 0.363702, -16.751921), (10.785927, 0.348109, -16.906538)
(10.631238, 0.392613, -16.755188), (10.631732, 0.40808, -16.600698), (10.786338, 0.363702, -16.751921)
# 11.051315849980007, 0, -17.06193595002
(10.784657, 0.294722, -17.370253), (10.940199, 0.269526, -17.367403), (10.939726, 0.248466, -17.521229)
(10.784657, 0.294722, -17.370253), (10.785078, 0.313762, -17.215731), (10.940199, 0.269526, -17.367403)
(10.940199, 0.269526, -17.367403), (11.095663, 0.24357, -17.363932), (11.095074, 0.221689, -17.517036)
(10.940199, 0.269526, -17.367403), (10.940565, 0.287961, -17.212904), (11.095663, 0.24357, -17.363932)
(11.095663, 0.24357, -17.363932), (11.250965, 0.2159, -17.359539), (11.250175, 0.19226, -17.511627)
(11.095663, 0.24357, -17.363932), (11.096123, 0.262691, -17.210079), (11.250965, 0.2159, -17.359539)
(11.250965, 0.2159, -17.359539), (11.406071, 0.186293, -17.354168), (11.405094, 0.16102, -17.505301)
(11.250965, 0.2159, -17.359539), (11.251614, 0.236918, -17.206715), (11.406071, 0.186293, -17.354168)
(10.785078, 0.313762, -17.215731), (10.785501, 0.33152, -17.061146), (10.940565, 0.287961, -17.212904)
(10.785078, 0.313762, -17.215731), (10.940565, 0.287961, -17.212904), (10.940199, 0.269526, -17.367403)
(10.940565, 0.287961, -17.212904), (10.940906, 0.304877, -17.058216), (11.096123, 0.262691, -17.210079)
(10.940565, 0.287961, -17.212904), (11.096123, 0.262691, -17.210079), (11.095663, 0.24357, -17.363932)
(11.096123, 0.262691, -17.210079), (11.096419, 0.279147, -17.055435), (11.251614, 0.236918, -17.206715)
(11.096123, 0.262691, -17.210079), (11.251614, 0.236918, -17.206715), (11.250965, 0.2159, -17.359539)
(11.251614, 0.236918, -17.206715), (11.252024, 0.254415, -17.052773), (11.406936, 0.209417, -17.202419)
(11.251614, 0.236918, -17.206715), (11.406936, 0.209417, -17.202419), (11.406071, 0.186293, -17.354168)
(10.785501, 0.33152, -17.061146), (10.940906, 0.304877, -17.058216), (10.940565, 0.287961, -17.212904)
(10.785501, 0.33152, -17.061146), (10.785927, 0.348109, -16.906538), (10.940906, 0.304877, -17.058216)
(10.940906, 0.304877, -17.058216), (11.096419, 0.279147, -17.055435), (11.096123, 0.262691, -17.210079)
(10.940906, 0.304877, -17.058216), (10.941246, 0.320742, -16.903511), (11.096419, 0.279147, -17.055435)
(11.096419, 0.279147, -17.055435), (11.252024, 0.254415, -17.052773), (11.251614, 0.236918, -17.206715)
(11.096419, 0.279147, -17.055435), (11.096687, 0.294356, -16.900644), (11.252024, 0.254415, -17.052773)
(11.252024, 0.254415, -17.052773), (11.407579, 0.229363, -17.049639), (11.406936, 0.209417, -17.202419)
(11.252024, 0.254415, -17.052773), (11.252249, 0.269131, -16.897955), (11.407579, 0.229363, -17.049639)
(10.785927, 0.348109, -16.906538), (10.786338, 0.363702, -16.751921), (10.941246, 0.320742, -16.903511)
(10.785927, 0.348109, -16.906538), (10.941246, 0.320742, -16.903511), (10.940906, 0.304877, -17.058216)
(10.941246, 0.320742, -16.903511), (11.096687, 0.294356, -16.900644), (11.096419, 0.279147, -17.055435)
(10.941246, 0.320742, -16.903511), (10.941583, 0.33571, -16.748817), (11.096687, 0.294356, -16.900644)
(11.096687, 0.294356, -16.900644), (11.09696, 0.308783, -16.745884), (11.252249, 0.269131, -16.897955)
(11.096687, 0.294356, -16.900644), (11.252249, 0.269131, -16.897955), (11.252024, 0.254415, -17.052773)
(11.252249, 0.269131, -16.897955), (11.40791, 0.245265, -16.895452), (11.407579, 0.229363, -17.049639)
(11.252249, 0.269131, -16.897955), (11.25246, 0.283101, -16.743137), (11.40791, 0.245265, -16.895452)
(10.786338, 0.363702, -16.751921), (10.941583, 0.33571, -16.748817), (10.941246, 0.320742, -16.903511)
(10.786338, 0.363702, -16.751921), (10.786741, 0.378553, -16.597349), (10.941583, 0.33571, -16.748817)
(10.941583, 0.33571, -16.748817), (11.09696, 0.308783, -16.745884), (11.096687, 0.294356, -16.900644)
(10.941583, 0.33571, -16.748817), (10.941911, 0.350041, -16.594183), (11.09696, 0.308783, -16.745884)
(11.09696, 0.308783, -16.745884), (11.25246, 0.283101, -16.743137), (11.252249, 0.269131, -16.897955)
(11.09696, 0.308783, -16.745884), (11.097231, 0.322733, -16.591213), (11.25246, 0.283101, -16.743137)
(11.25246, 0.283101, -16.743137), (11.408077, 0.258822, -16.740582), (11.40791, 0.245265, -16.895452)
(11.25246, 0.283101, -16.743137), (11.252676, 0.296705, -16.588425), (11.408077, 0.258822, -16.740582)
# 11.71908608331334, 0, -17.06193595002
(11.406071, 0.186293, -17.354168), (11.561026, 0.155211, -17.348101), (11.559826, 0.127861, -17.498234)
(11.406071, 0.186293, -17.354168), (11.406936, 0.209417, -17.202419), (11.561026, 0.155211, -17.348101)
(11.561026, 0.155211, -17.348101), (11.715769, 0.121701, -17.341309), (11.714353, 0.09233, -17.490517)
(11.561026, 0.155211, -17.348101), (11.562128, 0.1808, -17.197443), (11.715769, 0.121701, -17.341309)
(11.715769, 0.121701, -17.341309), (11.870415, 0.087375, -17.334293), (11.868805, 0.056196, -17.482685)
(11.715769, 0.121701, -17.341309), (11.717118, 0.150002, -17.191729), (11.870415, 0.087375, -17.334293)
(11.870415, 0.087375, -17.334293), (12.024939, 0.051737, -17.327221), (12.023151, 0.018953, -17.47493)
(11.870415, 0.087375, -17.334293), (11.871992, 0.118072, -17.18565), (12.024939, 0.051737, -17.327221)
(12.024939, 0.051737, -17.327221), (12.179371, 0.015224, -17.320368), (12.177447, -0.018842, -17.467548)
(12.024939, 0.051737, -17.327221), (12.026737, 0.084883, -17.179417), (12.179371, 0.015224, -17.320368)
(11.406936, 0.209417, -17.202419), (11.407579, 0.229363, -17.049639), (11.562128, 0.1808, -17.197443)
(11.406936, 0.209417, -17.202419), (11.562128, 0.1808, -17.197443), (11.561026, 0.155211, -17.348101)
(11.562128, 0.1808, -17.197443), (11.563006, 0.203289, -17.04579), (11.717118, 0.150002, -17.191729)
(11.562128, 0.1808, -17.197443), (11.717118, 0.150002, -17.191729), (11.715769, 0.121701, -17.341309)
(11.717118, 0.150002, -17.191729), (11.718282, 0.175735, -17.041275), (11.871992, 0.118072, -17.18565)
(11.717118, 0.150002, -17.191729), (11.871992, 0.118072, -17.18565), (11.870415, 0.087375, -17.334293)
(11.871992, 0.118072, -17.18565), (11.873405, 0.146716, -17.036242), (12.026737, 0.084883, -17.179417)
(11.871992, 0.118072, -17.18565), (12.026737, 0.084883, -17.179417), (12.024939, 0.051737, -17.327221)
(12.026737, 0.084883, -17.179417), (12.02841, 0.116653, -17.03096), (12.181353, 0.05039, -17.17321)
(12.026737, 0.084883, -17.179417), (12.181353, 0.05039, -17.17321), (12.179371, 0.015224, -17.320368)
(11.407579, 0.229363, -17.049639), (11.563006, 0.203289, -17.04579), (11.562128, 0.1808, -17.197443)
(11.407579, 0.229363, -17.049639), (11.40791, 0.245265, -16.895452), (11.563006, 0.203289, -17.04579)
(11.563006, 0.203289, -17.04579), (11.718282, 0.175735, -17.041275), (11.717118, 0.150002, -17.191729)
(11.563006, 0.203289, -17.04579), (11.563569, 0.22175, -16.89274), (11.718282, 0.175735, -17.041275)
(11.718282, 0.175735, -17.041275), (11.873405, 0.146716, -17.036242), (11.871992, 0.118072, -17.18565)
(11.718282, 0.175735, -17.041275), (11.719131, 0.19761, -16.889465), (11.873405, 0.146716, -17.036242)
(11.873405, 0.146716, -17.036242), (12.02841, 0.116653, -17.03096), (12.026737, 0.084883, -17.179417)
(11.873405, 0.146716, -17.036242), (11.874532, 0.171949, -16.885567), (12.02841, 0.116653, -17.03096)
(12.02841, 0.116653, -17.03096), (12.183255, 0.084907, -17.025526), (12.181353, 0.05039, -17.17321)
(12.02841, 0.116653, -17.03096), (12.02982, 0.145476, -16.881334), (12.183255, 0.084907, -17.025526)
(11.40791, 0.245265, -16.895452), (11.408077, 0.258822, -16.740582), (11.563569, 0.22175, -16.89274)
(11.40791, 0.245265, -16.895452), (11.563569, 0.22175, -16.89274), (11.563006, 0.203289, -17.04579)
(11.563569, 0.22175, -16.89274), (11.719131, 0.19761, -16.889465), (11.718282, 0.175735, -17.041275)
(11.563569, 0.22175, -16.89274), (11.563792, 0.236097, -16.738232), (11.719131, 0.19761, -16.889465)
(11.719131, 0.19761, -16.889465), (11.719545, 0.214334, -16.735847), (11.874532, 0.171949, -16.885567)
(11.719131, 0.19761, -16.889465), (11.874532, 0.171949, -16.885567), (11.873405, 0.146716, -17.036242)
(11.874532, 0.171949, -16.885567), (12.02982, 0.145476, -16.881334), (12.02841, 0.116653, -17.03096)
(11.874532, 0.171949, -16.885567), (11.875237, 0.192324, -16.73311), (12.02982, 0.145476, -16.881334)
(12.02982, 0.145476, -16.881334), (12.030809, 0.169518, -16.729948), (12.184929, 0.117101, -16.876774)
(12.02982, 0.145476, -16.881334), (12.184929, 0.117101, -16.876774), (12.183255, 0.084907, -17.025526)
(11.408077, 0.258822, -16.740582), (11.563792, 0.236097, -16.738232), (11.563569, 0.22175, -16.89274)
(11.408077, 0.258822, -16.740582), (11.408248, 0.272113, -16.585829), (11.563792, 0.236097, -16.738232)
(11.563792, 0.236097, -16.738232), (11.719545, 0.214334, -16.735847), (11.719131, 0.19761, -16.889465)
(11.563792, 0.236097, -16.738232), (11.563927, 0.249143, -16.583443), (11.719545, 0.214334, -16.735847)
(11.719545, 0.214334, -16.735847), (11.875237, 0.192324, -16.73311), (11.874532, 0.171949, -16.885567)
(11.719545, 0.214334, -16.735847), (11.719709, 0.227938, -16.581274), (11.875237, 0.192324, -16.73311)
(11.875237, 0.192324, -16.73311), (12.030809, 0.169518, -16.729948), (12.02982, 0.145476, -16.881334)
(11.875237, 0.192324, -16.73311), (11.875568, 0.208266, -16.579227), (12.030809, 0.169518, -16.729948)
(12.030809, 0.169518, -16.729948), (12.186217, 0.145108, -16.726362), (12.184929, 0.117101, -16.876774)
(12.030809, 0.169518, -16.729948), (12.031363, 0.188513, -16.576893), (12.186217, 0.145108, -16.726362)
# 12.386856316646675, 0, -17.06193595002
(12.179371, 0.015224, -17.320368), (12.33377, -0.021313, -17.314028), (12.331768, -0.055888, -17.460918)
(12.179371, 0.015224, -17.320368), (12.181353, 0.05039, -17.17321), (12.33377, -0.021313, -17.314028)
(12.33377, -0.021313, -17.314028), (12.488081, -0.058344, -17.308289), (12.486059, -0.092909, -17.455084)
(12.33377, -0.021313, -17.314028), (12.335882, 0.015288, -17.167303), (12.488081, -0.058344, -17.308289)
(12.488081, -0.058344, -17.308289), (12.642429, -0.094232, -17.303394), (12.640405, -0.129534, -17.449877)
(12.488081, -0.058344, -17.308289), (12.490267, -0.020922, -17.161774), (12.642429, -0.094232, -17.303394)
(12.642429, -0.094232, -17.303394), (12.796785, -0.129896, -17.298967), (12.794888, -0.164786, -17.445389)
(12.642429, -0.094232, -17.303394), (12.644643, -0.056396, -17.156925), (12.796785, -0.129896, -17.298967)
(12.181353, 0.05039, -17.17321), (12.183255, 0.084907, -17.025526), (12.335882, 0.015288, -17.167303)
(12.181353, 0.05039, -17.17321), (12.335882, 0.015288, -17.167303), (12.33377, -0.021313, -17.314028)
(12.335882, 0.015288, -17.167303), (12.337965, 0.052045, -17.020176), (12.490267, -0.020922, -17.161774)
(12.335882, 0.015288, -17.167303), (12.490267, -0.020922, -17.161774), (12.488081, -0.058344, -17.308289)
(12.490267, -0.020922, -17.161774), (12.492481, 0.017541, -17.01498), (12.644643, -0.056396, -17.156925)
(12.490267, -0.020922, -17.161774), (12.644643, -0.056396, -17.156925), (12.642429, -0.094232, -17.303394)
(12.644643, -0.056396, -17.156925), (12.646921, -0.017026, -17.010202), (12.798916, -0.091869, -17.152628)
(12.644643, -0.056396, -17.156925), (12.798916, -0.091869, -17.152628), (12.796785, -0.129896, -17.298967)
(12.183255, 0.084907, -17.025526), (12.337965, 0.052045, -17.020176), (12.335882, 0.015288, -17.167303)
(12.183255, 0.084907, -17.025526), (12.184929, 0.117101, -16.876774), (12.337965, 0.052045, -17.020176)
(12.337965, 0.052045, -17.020176), (12.492481, 0.017541, -17.01498), (12.490267, -0.020922, -17.161774)
(12.337965, 0.052045, -17.020176), (12.339869, 0.087272, -16.872097), (12.492481, 0.017541, -17.01498)
(12.492481, 0.017541, -17.01498), (12.646921, -0.017026, -17.010202), (12.644643, -0.056396, -17.156925)
(12.492481, 0.017541, -17.01498), (12.494573, 0.055254, -16.867346), (12.646921, -0.017026, -17.010202)
(12.646921, -0.017026, -17.010202), (12.801165, -0.052429, -17.005762), (12.798916, -0.091869, -17.152628)
(12.646921, -0.017026, -17.010202), (12.649132, 0.022454, -16.862753), (12.801165, -0.052429, -17.005762)
(12.184929, 0.117101, -16.876774), (12.339869, 0.087272, -16.872097), (12.337965, 0.052045, -17.020176)
(12.184929, 0.117101, -16.876774), (12.186217, 0.145108, -16.726362), (12.339869, 0.087272, -16.872097)
(12.339869, 0.087272, -16.872097), (12.341432, 0.11898, -16.722462), (12.494573, 0.055254, -16.867346)
(12.339869, 0.087272, -16.872097), (12.494573, 0.055254, -16.867346), (12.492481, 0.017541, -17.01498)
(12.494573, 0.055254, -16.867346), (12.649132, 0.022454, -16.862753), (12.646921, -0.017026, -17.010202)
(12.494573, 0.055254, -16.867346), (12.496374, 0.090239, -16.718262), (12.649132, 0.022454, -16.862753)
(12.649132, 0.022454, -16.862753), (12.65111, 0.059955, -16.713961), (12.803412, -0.012177, -16.858204)
(12.649132, 0.022454, -16.862753), (12.803412, -0.012177, -16.858204), (12.801165, -0.052429, -17.005762)
# 13.054626549980007, 0, -17.06193595002
(12.796785, -0.129896, -17.298967), (12.951109, -0.165234, -17.295021), (12.949411, -0.198763, -17.441662)
(12.796785, -0.129896, -17.298967), (12.798916, -0.091869, -17.152628), (12.951109, -0.165234, -17.295021)
(12.951109, -0.165234, -17.295021), (13.105543, -0.198056, -17.29183), (13.104095, -0.229614, -17.438915)
(12.951109, -0.165234, -17.295021), (12.953108, -0.127499, -17.148615), (13.105543, -0.198056, -17.29183)
(13.105543, -0.198056, -17.29183), (13.26014, -0.227115, -17.289459), (13.259038, -0.255634, -17.437273)
(13.105543, -0.198056, -17.29183), (13.107352, -0.161415, -17.145082), (13.26014, -0.227115, -17.289459)
(13.26014, -0.227115, -17.289459), (13.414775, -0.253045, -17.28767), (13.414173, -0.27701, -17.436554)
(13.26014, -0.227115, -17.289459), (13.261587, -0.193362, -17.141973), (13.414775, -0.253045, -17.28767)
(12.798916, -0.091869, -17.152628), (12.801165, -0.052429, -17.005762), (12.953108, -0.127499, -17.148615)
(12.798916, -0.091869, -17.152628), (12.953108, -0.127499, -17.148615), (12.951109, -0.165234, -17.295021)
(12.953108, -0.127499, -17.148615), (12.955288, -0.087653, -17.00173), (13.107352, -0.161415, -17.145082)
(12.953108, -0.127499, -17.148615), (13.107352, -0.161415, -17.145082), (13.105543, -0.198056, -17.29183)
(13.107352, -0.161415, -17.145082), (13.109381, -0.121985, -16.99794), (13.261587, -0.193362, -17.141973)
(13.107352, -0.161415, -17.145082), (13.261587, -0.193362, -17.141973), (13.26014, -0.227115, -17.289459)
(13.261587, -0.193362, -17.141973), (13.263303, -0.156141, -16.994158), (13.415777, -0.223171, -17.139164)
(13.261587, -0.193362, -17.141973), (13.415777, -0.223171, -17.139164), (13.414775, -0.253045, -17.28767)
(12.801165, -0.052429, -17.005762), (12.955288, -0.087653, -17.00173), (12.953108, -0.127499, -17.148615)
(12.801165, -0.052429, -17.005762), (12.803412, -0.012177, -16.858204), (12.955288, -0.087653, -17.00173)
(12.955288, -0.087653, -17.00173), (13.109381, -0.121985, -16.99794), (13.107352, -0.161415, -17.145082)
(12.955288, -0.087653, -17.00173), (12.957512, -0.047307, -16.853832), (13.109381, -0.121985, -16.99794)
(13.109381, -0.121985, -16.99794), (13.263303, -0.156141, -16.994158), (13.261587, -0.193362, -17.141973)
(13.109381, -0.121985, -16.99794), (13.111488, -0.081898, -16.849699), (13.263303, -0.156141, -16.994158)
(13.263303, -0.156141, -16.994158), (13.417159, -0.188597, -16.990597), (13.415777, -0.223171, -17.139164)
(13.263303, -0.156141, -16.994158), (13.265257, -0.116507, -16.845743), (13.417159, -0.188597, -16.990597)
(12.803412, -0.012177, -16.858204), (12.957512, -0.047307, -16.853832), (12.955288, -0.087653, -17.00173)
(12.803412, -0.012177, -16.858204), (12.80552, 0.027222, -16.709511), (12.957512, -0.047307, -16.853832)
(12.957512, -0.047307, -16.853832), (12.959719, -0.006498, -16.705154), (13.111488, -0.081898, -16.849699)
(12.957512, -0.047307, -16.853832), (13.111488, -0.081898, -16.849699), (13.109381, -0.121985, -16.99794)
(13.111488, -0.081898, -16.849699), (13.265257, -0.116507, -16.845743), (13.263303, -0.156141, -16.994158)
(13.111488, -0.081898, -16.849699), (13.113742, -0.04038, -16.700994), (13.265257, -0.116507, -16.845743)
(13.265257, -0.116507, -16.845743), (13.267493, -0.074844, -16.696953), (13.418978, -0.149635, -16.842094)
(13.265257, -0.116507, -16.845743), (13.418978, -0.149635, -16.842094), (13.417159, -0.188597, -16.990597)
# 13.722396783313343, 0, -17.06193595002
(13.414775, -0.253045, -17.28767), (13.569534, -0.276261, -17.286209), (13.569468, -0.295721, -17.436264)
(13.414775, -0.253045, -17.28767), (13.415777, -0.223171, -17.139164), (13.569534, -0.276261, -17.286209)
(13.569534, -0.276261, -17.286209), (13.724564, -0.296246, -17.285046), (13.725003, -0.31127, -17.43622)
(13.569534, -0.276261, -17.286209), (13.570084, -0.24984, -17.136707), (13.724564, -0.296246, -17.285046)
(14.035792, -0.320733, -17.285263), (14.191941, -0.327536, -17.286327), (14.193955, -0.328095, -17.440254)
(14.035792, -0.320733, -17.285263), (14.034803, -0.307248, -17.133221), (14.191941, -0.327536, -17.286327)
(13.724564, -0.296246, -17.285046), (13.880016, -0.310845, -17.284794), (13.880911, -0.32178, -17.436712)
(13.724564, -0.296246, -17.285046), (13.724726, -0.272841, -17.134949), (13.880016, -0.310845, -17.284794)
(13.880016, -0.310845, -17.284794), (14.035792, -0.320733, -17.285263), (14.037271, -0.326419, -17.438168)
(13.880016, -0.310845, -17.284794), (13.879605, -0.29224, -17.133781), (14.035792, -0.320733, -17.285263)
(13.415777, -0.223171, -17.139164), (13.417159, -0.188597, -16.990597), (13.570084, -0.24984, -17.136707)
(13.415777, -0.223171, -17.139164), (13.570084, -0.24984, -17.136707), (13.569534, -0.276261, -17.286209)
(13.570084, -0.24984, -17.136707), (13.571191, -0.217026, -16.987778), (13.724726, -0.272841, -17.134949)
(13.570084, -0.24984, -17.136707), (13.724726, -0.272841, -17.134949), (13.724564, -0.296246, -17.285046)
(13.724726, -0.272841, -17.134949), (13.725405, -0.242962, -16.985422), (13.879605, -0.29224, -17.133781)
(13.724726, -0.272841, -17.134949), (13.879605, -0.29224, -17.133781), (13.880016, -0.310845, -17.284794)
(13.879605, -0.29224, -17.133781), (13.879758, -0.266528, -16.983391), (14.034803, -0.307248, -17.133221)
(13.879605, -0.29224, -17.133781), (14.034803, -0.307248, -17.133221), (14.035792, -0.320733, -17.285263)
(14.034803, -0.307248, -17.133221), (14.034405, -0.286128, -16.981817), (14.190399, -0.319079, -17.133202)
(14.034803, -0.307248, -17.133221), (14.190399, -0.319079, -17.133202), (14.191941, -0.327536, -17.286327)
(13.417159, -0.188597, -16.990597), (13.571191, -0.217026, -16.987778), (13.570084, -0.24984, -17.136707)
(13.417159, -0.188597, -16.990597), (13.418978, -0.149635, -16.842094), (13.571191, -0.217026, -16.987778)
(13.571191, -0.217026, -16.987778), (13.725405, -0.242962, -16.985422), (13.724726, -0.272841, -17.134949)
(13.571191, -0.217026, -16.987778), (13.572798, -0.179543, -16.838974), (13.725405, -0.242962, -16.985422)
(13.725405, -0.242962, -16.985422), (13.879758, -0.266528, -16.983391), (13.879605, -0.29224, -17.133781)
(13.725405, -0.242962, -16.985422), (13.726598, -0.207929, -16.836052), (13.879758, -0.266528, -16.983391)
(13.879758, -0.266528, -16.983391), (14.034405, -0.286128, -16.981817), (14.034803, -0.307248, -17.133221)
(13.879758, -0.266528, -16.983391), (13.880495, -0.234744, -16.833252), (14.034405, -0.286128, -16.981817)
(14.034405, -0.286128, -16.981817), (14.189429, -0.30296, -16.980631), (14.190399, -0.319079, -17.133202)
(14.034405, -0.286128, -16.981817), (14.034647, -0.258324, -16.830709), (14.189429, -0.30296, -16.980631)
(13.418978, -0.149635, -16.842094), (13.572798, -0.179543, -16.838974), (13.571191, -0.217026, -16.987778)
(13.418978, -0.149635, -16.842094), (13.421156, -0.108048, -16.693228), (13.572798, -0.179543, -16.838974)
(13.572798, -0.179543, -16.838974), (13.574783, -0.139305, -16.689795), (13.726598, -0.207929, -16.836052)
(13.572798, -0.179543, -16.838974), (13.726598, -0.207929, -16.836052), (13.725405, -0.242962, -16.985422)
(13.726598, -0.207929, -16.836052), (13.880495, -0.234744, -16.833252), (13.879758, -0.266528, -16.983391)
(13.726598, -0.207929, -16.836052), (13.728268, -0.169508, -16.686377), (13.880495, -0.234744, -16.833252)
(13.880495, -0.234744, -16.833252), (13.881789, -0.198713, -16.682901), (14.034647, -0.258324, -16.830709)
(13.880495, -0.234744, -16.833252), (14.034647, -0.258324, -16.830709), (14.034405, -0.286128, -16.981817)
(14.034647, -0.258324, -16.830709), (14.189004, -0.280412, -16.828291), (14.189429, -0.30296, -16.980631)
(14.034647, -0.258324, -16.830709), (14.035461, -0.225873, -16.679466), (14.189004, -0.280412, -16.828291)
# 14.390167016646675, 0, -17.06193595002
(14.662752, -0.329049, -17.29224), (14.820463, -0.323027, -17.295376), (14.824104, -0.307153, -17.452751)
(14.662752, -0.329049, -17.29224), (14.659605, -0.335104, -17.136013), (14.820463, -0.323027, -17.295376)
(14.505423, -0.332147, -17.2897), (14.662752, -0.329049, -17.29224), (14.666042, -0.317178, -17.448841)
(14.505423, -0.332147, -17.2897), (14.502766, -0.333812, -17.134392), (14.662752, -0.329049, -17.29224)
(14.348488, -0.331365, -17.287848), (14.505423, -0.332147, -17.2897), (14.508309, -0.32401, -17.445528)
(14.348488, -0.331365, -17.287848), (14.3464, -0.328076, -17.133543), (14.505423, -0.332147, -17.2897)
(14.191941, -0.327536, -17.286327), (14.348488, -0.331365, -17.287848), (14.350982, -0.327222, -17.442791)
(14.191941, -0.327536, -17.286327), (14.190399, -0.319079, -17.133202), (14.348488, -0.331365, -17.287848)
(14.659605, -0.335104, -17.136013), (14.656828, -0.334483, -16.980192), (14.816906, -0.333578, -17.138262)
(14.659605, -0.335104, -17.136013), (14.816906, -0.333578, -17.138262), (14.820463, -0.323027, -17.295376)
(14.502766, -0.333812, -17.134392), (14.500513, -0.328503, -16.97957), (14.659605, -0.335104, -17.136013)
(14.502766, -0.333812, -17.134392), (14.659605, -0.335104, -17.136013), (14.662752, -0.329049, -17.29224)
(14.3464, -0.328076, -17.133543), (14.344739, -0.317802, -16.979719), (14.502766, -0.333812, -17.134392)
(14.3464, -0.328076, -17.133543), (14.502766, -0.333812, -17.134392), (14.505423, -0.332147, -17.2897)
(14.190399, -0.319079, -17.133202), (14.189429, -0.30296, -16.980631), (14.3464, -0.328076, -17.133543)
(14.190399, -0.319079, -17.133202), (14.3464, -0.328076, -17.133543), (14.348488, -0.331365, -17.287848)
(14.189429, -0.30296, -16.980631), (14.344739, -0.317802, -16.979719), (14.3464, -0.328076, -17.133543)
(14.189429, -0.30296, -16.980631), (14.189004, -0.280412, -16.828291), (14.344739, -0.317802, -16.979719)
(14.656828, -0.334483, -16.980192), (14.813672, -0.337774, -16.981447), (14.816906, -0.333578, -17.138262)
(14.656828, -0.334483, -16.980192), (14.654629, -0.326605, -16.824772), (14.813672, -0.337774, -16.981447)
(14.344739, -0.317802, -16.979719), (14.500513, -0.328503, -16.97957), (14.502766, -0.333812, -17.134392)
(14.344739, -0.317802, -16.979719), (14.343686, -0.300129, -16.826391), (14.500513, -0.328503, -16.97957)
(14.500513, -0.328503, -16.97957), (14.656828, -0.334483, -16.980192), (14.659605, -0.335104, -17.136013)
(14.500513, -0.328503, -16.97957), (14.498865, -0.315718, -16.825218), (14.656828, -0.334483, -16.980192)
(14.189004, -0.280412, -16.828291), (14.189263, -0.251531, -16.676243), (14.343686, -0.300129, -16.826391)
(14.189004, -0.280412, -16.828291), (14.343686, -0.300129, -16.826391), (14.344739, -0.317802, -16.979719)
(14.343686, -0.300129, -16.826391), (14.498865, -0.315718, -16.825218), (14.500513, -0.328503, -16.97957)
(14.343686, -0.300129, -16.826391), (14.34338, -0.275347, -16.673445), (14.498865, -0.315718, -16.825218)
(14.498865, -0.315718, -16.825218), (14.497981, -0.295559, -16.67124), (14.654629, -0.326605, -16.824772)
(14.498865, -0.315718, -16.825218), (14.654629, -0.326605, -16.824772), (14.656828, -0.334483, -16.980192)
(14.654629, -0.326605, -16.824772), (14.810816, -0.336001, -16.824734), (14.813672, -0.337774, -16.981447)
(14.654629, -0.326605, -16.824772), (14.653049, -0.312292, -16.669519), (14.810816, -0.336001, -16.824734)
# 15.05793724998001, 0, -17.06193595002
(15.295378, -0.301243, -17.306244), (15.454275, -0.293544, -17.309763), (15.45862, -0.273544, -17.468054)
(15.295378, -0.301243, -17.306244), (15.29098, -0.320644, -17.147202), (15.454275, -0.293544, -17.309763)
(15.136724, -0.30937, -17.302467), (15.295378, -0.301243, -17.306244), (15.299641, -0.280561, -17.464581)
(15.136724, -0.30937, -17.302467), (15.132648, -0.326903, -17.143856), (15.295378, -0.301243, -17.306244)
(14.978474, -0.316419, -17.298838), (15.136724, -0.30937, -17.302467), (15.140831, -0.288388, -17.460838)
(14.978474, -0.316419, -17.298838), (14.974608, -0.330964, -17.140892), (15.136724, -0.30937, -17.302467)
(14.820463, -0.323027, -17.295376), (14.978474, -0.316419, -17.298838), (14.982361, -0.296931, -17.456911)
(14.820463, -0.323027, -17.295376), (14.816906, -0.333578, -17.138262), (14.978474, -0.316419, -17.298838)
(15.29098, -0.320644, -17.147202), (15.286532, -0.33784, -16.987501), (15.44959, -0.313881, -17.150476)
(15.29098, -0.320644, -17.147202), (15.44959, -0.313881, -17.150476), (15.454275, -0.293544, -17.309763)
(15.132648, -0.326903, -17.143856), (15.128504, -0.340475, -16.985012), (15.29098, -0.320644, -17.147202)
(15.132648, -0.326903, -17.143856), (15.29098, -0.320644, -17.147202), (15.295378, -0.301243, -17.306244)
(14.974608, -0.330964, -17.140892), (14.970886, -0.340272, -16.98299), (15.132648, -0.326903, -17.143856)
(14.974608, -0.330964, -17.140892), (15.132648, -0.326903, -17.143856), (15.136724, -0.30937, -17.302467)
(14.816906, -0.333578, -17.138262), (14.813672, -0.337774, -16.981447), (14.974608, -0.330964, -17.140892)
(14.816906, -0.333578, -17.138262), (14.974608, -0.330964, -17.140892), (14.978474, -0.316419, -17.298838)
(15.286532, -0.33784, -16.987501), (15.444871, -0.333888, -16.990223), (15.44959, -0.313881, -17.150476)
(15.286532, -0.33784, -16.987501), (15.282228, -0.349885, -16.827713), (15.444871, -0.333888, -16.990223)
(15.128504, -0.340475, -16.985012), (15.286532, -0.33784, -16.987501), (15.29098, -0.320644, -17.147202)
(15.128504, -0.340475, -16.985012), (15.124556, -0.348828, -16.82605), (15.286532, -0.33784, -16.987501)
(14.970886, -0.340272, -16.98299), (15.128504, -0.340475, -16.985012), (15.132648, -0.326903, -17.143856)
(14.970886, -0.340272, -16.98299), (14.967411, -0.344123, -16.825058), (15.128504, -0.340475, -16.985012)
(14.813672, -0.337774, -16.981447), (14.970886, -0.340272, -16.98299), (14.974608, -0.330964, -17.140892)
(14.813672, -0.337774, -16.981447), (14.810816, -0.336001, -16.824734), (14.970886, -0.340272, -16.98299)
(15.282228, -0.349885, -16.827713), (15.440284, -0.349426, -16.829954), (15.444871, -0.333888, -16.990223)
(15.282228, -0.349885, -16.827713), (15.278284, -0.354789, -16.668509), (15.440284, -0.349426, -16.829954)
(15.124556, -0.348828, -16.82605), (15.121103, -0.349822, -16.667526), (15.282228, -0.349885, -16.827713)
(15.124556, -0.348828, -16.82605), (15.282228, -0.349885, -16.827713), (15.286532, -0.33784, -16.987501)
(14.967411, -0.344123, -16.825058), (15.124556, -0.348828, -16.82605), (15.128504, -0.340475, -16.985012)
(14.967411, -0.344123, -16.825058), (14.964462, -0.341228, -16.667326), (15.124556, -0.348828, -16.82605)
(14.810816, -0.336001, -16.824734), (14.80847, -0.32829, -16.668051), (14.967411, -0.344123, -16.825058)
(14.810816, -0.336001, -16.824734), (14.967411, -0.344123, -16.825058), (14.970886, -0.340272, -16.98299)
# 15.725707483313343, 0, -17.06193595002
(15.931881, -0.290782, -17.31827), (16.091265, -0.29505, -17.321381), (16.09516, -0.28437, -17.478121)
(15.931881, -0.290782, -17.31827), (15.926995, -0.306391, -17.159763), (16.091265, -0.29505, -17.321381)
(15.772608, -0.288711, -17.315552), (15.931881, -0.290782, -17.31827), (15.936099, -0.276242, -17.475761)
(15.772608, -0.288711, -17.315552), (15.76762, -0.307386, -17.156464), (15.931881, -0.290782, -17.31827)
(15.613331, -0.28911, -17.312809), (15.772608, -0.288711, -17.315552), (15.777021, -0.27106, -17.473709)
(15.613331, -0.28911, -17.312809), (15.608404, -0.309785, -17.153351), (15.772608, -0.288711, -17.315552)
(15.454275, -0.293544, -17.309763), (15.613331, -0.28911, -17.312809), (15.617771, -0.270317, -17.471088)
(15.454275, -0.293544, -17.309763), (15.44959, -0.313881, -17.150476), (15.613331, -0.28911, -17.312809)
(15.926995, -0.306391, -17.159763), (15.921665, -0.322787, -17.000233), (16.08658, -0.30683, -17.163481)
(15.926995, -0.306391, -17.159763), (16.08658, -0.30683, -17.163481), (16.091265, -0.29505, -17.321381)
(15.76762, -0.307386, -17.156464), (15.76243, -0.325667, -16.996632), (15.926995, -0.306391, -17.159763)
(15.76762, -0.307386, -17.156464), (15.926995, -0.306391, -17.159763), (15.931881, -0.290782, -17.31827)
(15.608404, -0.309785, -17.153351), (15.603453, -0.329731, -16.993248), (15.76762, -0.307386, -17.156464)
(15.608404, -0.309785, -17.153351), (15.76762, -0.307386, -17.156464), (15.772608, -0.288711, -17.315552)
(15.44959, -0.313881, -17.150476), (15.444871, -0.333888, -16.990223), (15.608404, -0.309785, -17.153351)
(15.44959, -0.313881, -17.150476), (15.608404, -0.309785, -17.153351), (15.613331, -0.28911, -17.312809)
(15.921665, -0.322787, -17.000233), (16.081203, -0.320274, -17.004257), (16.08658, -0.30683, -17.163481)
(15.921665, -0.322787, -17.000233), (15.916119, -0.34, -16.839653), (16.081203, -0.320274, -17.004257)
(15.76243, -0.325667, -16.996632), (15.921665, -0.322787, -17.000233), (15.926995, -0.306391, -17.159763)
(15.76243, -0.325667, -16.996632), (15.75717, -0.344073, -16.835945), (15.921665, -0.322787, -17.000233)
(15.603453, -0.329731, -16.993248), (15.76243, -0.325667, -16.996632), (15.76762, -0.307386, -17.156464)
(15.603453, -0.329731, -16.993248), (15.598581, -0.347929, -16.832663), (15.76243, -0.325667, -16.996632)
(15.444871, -0.333888, -16.990223), (15.603453, -0.329731, -16.993248), (15.608404, -0.309785, -17.153351)
(15.444871, -0.333888, -16.990223), (15.440284, -0.349426, -16.829954), (15.603453, -0.329731, -16.993248)
(15.916119, -0.34, -16.839653), (16.075499, -0.33488, -16.843849), (16.081203, -0.320274, -17.004257)
(15.916119, -0.34, -16.839653), (15.910759, -0.355754, -16.678541), (16.075499, -0.33488, -16.843849)
(15.75717, -0.344073, -16.835945), (15.752081, -0.359543, -16.675095), (15.916119, -0.34, -16.839653)
(15.75717, -0.344073, -16.835945), (15.916119, -0.34, -16.839653), (15.921665, -0.322787, -17.000233)
(15.598581, -0.347929, -16.832663), (15.75717, -0.344073, -16.835945), (15.76243, -0.325667, -16.996632)
(15.598581, -0.347929, -16.832663), (15.593737, -0.360966, -16.672186), (15.75717, -0.344073, -16.835945)
(15.440284, -0.349426, -16.829954), (15.435796, -0.359191, -16.669981), (15.598581, -0.347929, -16.832663)
(15.440284, -0.349426, -16.829954), (15.598581, -0.347929, -16.832663), (15.603453, -0.329731, -16.993248)
# 16.39347771664668, 0, -17.06193595002
(16.727133, -0.324535, -17.336143), (16.885616, -0.333295, -17.340395), (16.887934, -0.329969, -17.495018)
(16.727133, -0.324535, -17.336143), (16.724264, -0.323066, -17.180832), (16.885616, -0.333295, -17.340395)
(16.568537, -0.315407, -17.33218), (16.727133, -0.324535, -17.336143), (16.729454, -0.324404, -17.490561)
(16.568537, -0.315407, -17.33218), (16.565111, -0.315852, -17.176273), (16.727133, -0.324535, -17.336143)
(16.409742, -0.308201, -17.32847), (16.568537, -0.315407, -17.33218), (16.571075, -0.315959, -17.48679)
(16.409742, -0.308201, -17.32847), (16.405796, -0.311601, -17.171886), (16.568537, -0.315407, -17.33218)
(16.250601, -0.301428, -17.324818), (16.409742, -0.308201, -17.32847), (16.412731, -0.305998, -17.483673)
(16.250601, -0.301428, -17.324818), (16.246244, -0.30894, -17.167583), (16.409742, -0.308201, -17.32847)
(16.091265, -0.29505, -17.321381), (16.250601, -0.301428, -17.324818), (16.254074, -0.29502, -17.480776)
(16.091265, -0.29505, -17.321381), (16.08658, -0.30683, -17.163481), (16.250601, -0.301428, -17.324818)
(16.724264, -0.323066, -17.180832), (16.720291, -0.324892, -17.023638), (16.883059, -0.332097, -17.185253)
(16.724264, -0.323066, -17.180832), (16.883059, -0.332097, -17.185253), (16.885616, -0.333295, -17.340395)
(16.565111, -0.315852, -17.176273), (16.560619, -0.320094, -17.018545), (16.724264, -0.323066, -17.180832)
(16.565111, -0.315852, -17.176273), (16.724264, -0.323066, -17.180832), (16.727133, -0.324535, -17.336143)
(16.405796, -0.311601, -17.171886), (16.400848, -0.318602, -17.013573), (16.565111, -0.315852, -17.176273)
(16.405796, -0.311601, -17.171886), (16.565111, -0.315852, -17.176273), (16.568537, -0.315407, -17.33218)
(16.246244, -0.30894, -17.167583), (16.241028, -0.318723, -17.008806), (16.405796, -0.311601, -17.171886)
(16.246244, -0.30894, -17.167583), (16.405796, -0.311601, -17.171886), (16.409742, -0.308201, -17.32847)
(16.08658, -0.30683, -17.163481), (16.081203, -0.320274, -17.004257), (16.246244, -0.30894, -17.167583)
(16.08658, -0.30683, -17.163481), (16.246244, -0.30894, -17.167583), (16.250601, -0.301428, -17.324818)
(16.720291, -0.324892, -17.023638), (16.879726, -0.331151, -17.028618), (16.883059, -0.332097, -17.185253)
(16.720291, -0.324892, -17.023638), (16.715387, -0.330209, -16.864458), (16.879726, -0.331151, -17.028618)
(16.560619, -0.320094, -17.018545), (16.720291, -0.324892, -17.023638), (16.724264, -0.323066, -17.180832)
(16.560619, -0.320094, -17.018545), (16.555309, -0.327876, -16.858999), (16.720291, -0.324892, -17.023638)
(16.400848, -0.318602, -17.013573), (16.560619, -0.320094, -17.018545), (16.565111, -0.315852, -17.176273)
(16.400848, -0.318602, -17.013573), (16.395262, -0.328681, -16.853683), (16.560619, -0.320094, -17.018545)
(16.241028, -0.318723, -17.008806), (16.400848, -0.318602, -17.013573), (16.405796, -0.311601, -17.171886)
(16.241028, -0.318723, -17.008806), (16.235325, -0.330656, -16.848642), (16.400848, -0.318602, -17.013573)
(16.081203, -0.320274, -17.004257), (16.241028, -0.318723, -17.008806), (16.246244, -0.30894, -17.167583)
(16.081203, -0.320274, -17.004257), (16.075499, -0.33488, -16.843849), (16.241028, -0.318723, -17.008806)
(16.715387, -0.330209, -16.864458), (16.709644, -0.339964, -16.703133), (16.875393, -0.333524, -16.869884)
(16.715387, -0.330209, -16.864458), (16.875393, -0.333524, -16.869884), (16.879726, -0.331151, -17.028618)
(16.555309, -0.327876, -16.858999), (16.715387, -0.330209, -16.864458), (16.720291, -0.324892, -17.023638)
(16.555309, -0.327876, -16.858999), (16.549303, -0.339966, -16.697493), (16.715387, -0.330209, -16.864458)
(16.395262, -0.328681, -16.853683), (16.389189, -0.342534, -16.69211), (16.555309, -0.327876, -16.858999)
(16.395262, -0.328681, -16.853683), (16.555309, -0.327876, -16.858999), (16.560619, -0.320094, -17.018545)
(16.235325, -0.330656, -16.848642), (16.395262, -0.328681, -16.853683), (16.400848, -0.318602, -17.013573)
(16.235325, -0.330656, -16.848642), (16.229374, -0.345316, -16.687136), (16.395262, -0.328681, -16.853683)
(16.075499, -0.33488, -16.843849), (16.069855, -0.34986, -16.682552), (16.235325, -0.330656, -16.848642)
(16.075499, -0.33488, -16.843849), (16.235325, -0.330656, -16.848642), (16.241028, -0.318723, -17.008806)
# 17.061247949980007, 0, -17.06193595002
(17.36087, -0.341951, -17.354214), (17.519409, -0.343376, -17.358381), (17.5212, -0.329429, -17.513435)
(17.36087, -0.341951, -17.354214), (17.358679, -0.350588, -17.198326), (17.519409, -0.343376, -17.358381)
(17.202438, -0.340768, -17.349615), (17.36087, -0.341951, -17.354214), (17.362852, -0.330031, -17.509274)
(17.202438, -0.340768, -17.349615), (17.200081, -0.346117, -17.193911), (17.36087, -0.341951, -17.354214)
(17.044083, -0.338787, -17.344973), (17.202438, -0.340768, -17.349615), (17.204563, -0.331399, -17.504675)
(17.044083, -0.338787, -17.344973), (17.041559, -0.340287, -17.189524), (17.202438, -0.340768, -17.349615)
(16.885616, -0.333295, -17.340395), (17.044083, -0.338787, -17.344973), (17.046333, -0.332368, -17.499834)
(16.885616, -0.333295, -17.340395), (16.883059, -0.332097, -17.185253), (17.044083, -0.338787, -17.344973)
(17.358679, -0.350588, -17.198326), (17.356373, -0.355296, -17.041487), (17.51734, -0.353775, -17.202417)
(17.358679, -0.350588, -17.198326), (17.51734, -0.353775, -17.202417), (17.519409, -0.343376, -17.358381)
(17.200081, -0.346117, -17.193911), (17.197563, -0.346873, -17.03742), (17.358679, -0.350588, -17.198326)
(17.200081, -0.346117, -17.193911), (17.358679, -0.350588, -17.198326), (17.36087, -0.341951, -17.354214)
(17.041559, -0.340287, -17.189524), (17.038727, -0.33842, -17.033133), (17.200081, -0.346117, -17.193911)
(17.041559, -0.340287, -17.189524), (17.200081, -0.346117, -17.193911), (17.202438, -0.340768, -17.349615)
(16.883059, -0.332097, -17.185253), (16.879726, -0.331151, -17.028618), (17.041559, -0.340287, -17.189524)
(16.883059, -0.332097, -17.185253), (17.041559, -0.340287, -17.189524), (17.044083, -0.338787, -17.344973)
(17.356373, -0.355296, -17.041487), (17.515156, -0.361126, -17.045362), (17.51734, -0.353775, -17.202417)
(17.356373, -0.355296, -17.041487), (17.353832, -0.356866, -16.883518), (17.515156, -0.361126, -17.045362)
(17.197563, -0.346873, -17.03742), (17.356373, -0.355296, -17.041487), (17.358679, -0.350588, -17.198326)
(17.197563, -0.346873, -17.03742), (17.194557, -0.34652, -16.879416), (17.356373, -0.355296, -17.041487)
(17.038727, -0.33842, -17.033133), (17.197563, -0.346873, -17.03742), (17.200081, -0.346117, -17.193911)
(17.038727, -0.33842, -17.033133), (17.035055, -0.338515, -16.874823), (17.197563, -0.346873, -17.03742)
(16.879726, -0.331151, -17.028618), (17.038727, -0.33842, -17.033133), (17.041559, -0.340287, -17.189524)
(16.879726, -0.331151, -17.028618), (16.875393, -0.333524, -16.869884), (17.038727, -0.33842, -17.033133)
(17.353832, -0.356866, -16.883518), (17.350304, -0.358324, -16.724089), (17.512789, -0.36546, -16.887358)
(17.353832, -0.356866, -16.883518), (17.512789, -0.36546, -16.887358), (17.515156, -0.361126, -17.045362)
(17.194557, -0.34652, -16.879416), (17.353832, -0.356866, -16.883518), (17.356373, -0.355296, -17.041487)
(17.194557, -0.34652, -16.879416), (17.190472, -0.34964, -16.719334), (17.353832, -0.356866, -16.883518)
(17.035055, -0.338515, -16.874823), (17.030338, -0.342868, -16.714233), (17.194557, -0.34652, -16.879416)
(17.035055, -0.338515, -16.874823), (17.194557, -0.34652, -16.879416), (17.197563, -0.346873, -17.03742)
(16.875393, -0.333524, -16.869884), (17.035055, -0.338515, -16.874823), (17.038727, -0.33842, -17.033133)
(16.875393, -0.333524, -16.869884), (16.870077, -0.34054, -16.708843), (17.035055, -0.338515, -16.874823)
# 17.729018183313343, 0, -17.06193595002
(17.995422, -0.344171, -17.36854), (18.154285, -0.347826, -17.371357), (18.15535, -0.334563, -17.526037)
(17.995422, -0.344171, -17.36854), (17.993816, -0.356871, -17.212744), (18.154285, -0.347826, -17.371357)
(17.836733, -0.343801, -17.365692), (17.995422, -0.344171, -17.36854), (17.996557, -0.328976, -17.523632)
(17.836733, -0.343801, -17.365692), (17.834923, -0.355551, -17.209503), (17.995422, -0.344171, -17.36854)
(17.678055, -0.343916, -17.362265), (17.836733, -0.343801, -17.365692), (17.838123, -0.328766, -17.520826)
(17.678055, -0.343916, -17.362265), (17.676067, -0.354683, -17.206146), (17.836733, -0.343801, -17.365692)
(17.519409, -0.343376, -17.358381), (17.678055, -0.343916, -17.362265), (17.67967, -0.329326, -17.517353)
(17.519409, -0.343376, -17.358381), (17.51734, -0.353775, -17.202417), (17.678055, -0.343916, -17.362265)
(17.993816, -0.356871, -17.212744), (17.991705, -0.36757, -17.056175), (18.152763, -0.359932, -17.215986)
(17.993816, -0.356871, -17.212744), (18.152763, -0.359932, -17.215986), (18.154285, -0.347826, -17.371357)
(17.834923, -0.355551, -17.209503), (17.832758, -0.365648, -17.052576), (17.993816, -0.356871, -17.212744)
(17.834923, -0.355551, -17.209503), (17.993816, -0.356871, -17.212744), (17.995422, -0.344171, -17.36854)
(17.676067, -0.354683, -17.206146), (17.67388, -0.363638, -17.048946), (17.834923, -0.355551, -17.209503)
(17.676067, -0.354683, -17.206146), (17.834923, -0.355551, -17.209503), (17.836733, -0.343801, -17.365692)
(17.51734, -0.353775, -17.202417), (17.515156, -0.361126, -17.045362), (17.676067, -0.354683, -17.206146)
(17.51734, -0.353775, -17.202417), (17.676067, -0.354683, -17.206146), (17.678055, -0.343916, -17.362265)
(17.991705, -0.36757, -17.056175), (18.15074, -0.370755, -17.059767), (18.152763, -0.359932, -17.215986)
(17.991705, -0.36757, -17.056175), (17.989285, -0.375945, -16.898851), (18.15074, -0.370755, -17.059767)
(17.832758, -0.365648, -17.052576), (17.991705, -0.36757, -17.056175), (17.993816, -0.356871, -17.212744)
(17.832758, -0.365648, -17.052576), (17.830385, -0.373643, -16.895012), (17.991705, -0.36757, -17.056175)
(17.67388, -0.363638, -17.048946), (17.832758, -0.365648, -17.052576), (17.834923, -0.355551, -17.209503)
(17.67388, -0.363638, -17.048946), (17.671576, -0.370747, -16.891134), (17.832758, -0.365648, -17.052576)
(17.515156, -0.361126, -17.045362), (17.67388, -0.363638, -17.048946), (17.676067, -0.354683, -17.206146)
(17.515156, -0.361126, -17.045362), (17.512789, -0.36546, -16.887358), (17.67388, -0.363638, -17.048946)
(17.989285, -0.375945, -16.898851), (17.986803, -0.38232, -16.74085), (18.148289, -0.378769, -16.902641)
(17.989285, -0.375945, -16.898851), (18.148289, -0.378769, -16.902641), (18.15074, -0.370755, -17.059767)
(17.830385, -0.373643, -16.895012), (17.989285, -0.375945, -16.898851), (17.991705, -0.36757, -17.056175)
(17.830385, -0.373643, -16.895012), (17.827957, -0.379108, -16.736893), (17.989285, -0.375945, -16.898851)
(17.671576, -0.370747, -16.891134), (17.668995, -0.37313, -16.732815), (17.830385, -0.373643, -16.895012)
(17.671576, -0.370747, -16.891134), (17.830385, -0.373643, -16.895012), (17.832758, -0.365648, -17.052576)
(17.512789, -0.36546, -16.887358), (17.671576, -0.370747, -16.891134), (17.67388, -0.363638, -17.048946)
(17.512789, -0.36546, -16.887358), (17.509764, -0.365975, -16.728523), (17.671576, -0.370747, -16.891134)
(17.986803, -0.38232, -16.74085), (18.145655, -0.384231, -16.744698), (18.148289, -0.378769, -16.902641)
(17.986803, -0.38232, -16.74085), (17.984234, -0.385529, -16.582342), (18.145655, -0.384231, -16.744698)
(17.827957, -0.379108, -16.736893), (17.986803, -0.38232, -16.74085), (17.989285, -0.375945, -16.898851)
(17.827957, -0.379108, -16.736893), (17.825186, -0.37948, -16.578201), (17.986803, -0.38232, -16.74085)
(17.668995, -0.37313, -16.732815), (17.827957, -0.379108, -16.736893), (17.830385, -0.373643, -16.895012)
(17.668995, -0.37313, -16.732815), (17.665619, -0.372881, -16.573465), (17.827957, -0.379108, -16.736893)
(17.509764, -0.365975, -16.728523), (17.668995, -0.37313, -16.732815), (17.671576, -0.370747, -16.891134)
(17.509764, -0.365975, -16.728523), (17.505711, -0.366202, -16.56839), (17.668995, -0.37313, -16.732815)
# 18.39678841664667, 0, -17.06193595002
(18.629934, -0.35816, -17.378408), (18.787357, -0.357639, -17.379587), (18.788231, -0.356445, -17.533176)
(18.629934, -0.35816, -17.378408), (18.628433, -0.361965, -17.223871), (18.787357, -0.357639, -17.379587)
(18.471821, -0.356316, -17.376532), (18.629934, -0.35816, -17.378408), (18.630827, -0.353812, -17.532127)
(18.471821, -0.356316, -17.376532), (18.470278, -0.363491, -17.221773), (18.629934, -0.35816, -17.378408)
(18.313183, -0.352669, -17.374104), (18.471821, -0.356316, -17.376532), (18.472765, -0.348424, -17.530489)
(18.313183, -0.352669, -17.374104), (18.311634, -0.362599, -17.219065), (18.471821, -0.356316, -17.376532)
(18.154285, -0.347826, -17.371357), (18.313183, -0.352669, -17.374104), (18.31419, -0.341813, -17.528379)
(18.154285, -0.347826, -17.371357), (18.152763, -0.359932, -17.215986), (18.313183, -0.352669, -17.374104)
(18.628433, -0.361965, -17.223871), (18.626518, -0.366716, -17.068499), (18.785948, -0.358357, -17.225229)
(18.628433, -0.361965, -17.223871), (18.785948, -0.358357, -17.225229), (18.787357, -0.357639, -17.379587)
(18.470278, -0.363491, -17.221773), (18.468266, -0.370492, -17.066099), (18.628433, -0.361965, -17.223871)
(18.470278, -0.363491, -17.221773), (18.628433, -0.361965, -17.223871), (18.629934, -0.35816, -17.378408)
(18.311634, -0.362599, -17.219065), (18.309666, -0.372247, -17.063162), (18.470278, -0.363491, -17.221773)
(18.311634, -0.362599, -17.219065), (18.470278, -0.363491, -17.221773), (18.471821, -0.356316, -17.376532)
(18.152763, -0.359932, -17.215986), (18.15074, -0.370755, -17.059767), (18.311634, -0.362599, -17.219065)
(18.152763, -0.359932, -17.215986), (18.311634, -0.362599, -17.219065), (18.313183, -0.352669, -17.374104)
(18.626518, -0.366716, -17.068499), (18.784292, -0.361709, -17.070253), (18.785948, -0.358357, -17.225229)
(18.626518, -0.366716, -17.068499), (18.624556, -0.373394, -16.912462), (18.784292, -0.361709, -17.070253)
(18.468266, -0.370492, -17.066099), (18.626518, -0.366716, -17.068499), (18.628433, -0.361965, -17.223871)
(18.468266, -0.370492, -17.066099), (18.466072, -0.377642, -16.909607), (18.626518, -0.366716, -17.068499)
(18.309666, -0.372247, -17.063162), (18.468266, -0.370492, -17.066099), (18.470278, -0.363491, -17.221773)
(18.309666, -0.372247, -17.063162), (18.307274, -0.379622, -16.906288), (18.468266, -0.370492, -17.066099)
(18.15074, -0.370755, -17.059767), (18.309666, -0.372247, -17.063162), (18.311634, -0.362599, -17.219065)
(18.15074, -0.370755, -17.059767), (18.148289, -0.378769, -16.902641), (18.309666, -0.372247, -17.063162)
(18.624556, -0.373394, -16.912462), (18.622566, -0.382527, -16.755642), (18.782593, -0.367662, -16.914614)
(18.624556, -0.373394, -16.912462), (18.782593, -0.367662, -16.914614), (18.784292, -0.361709, -17.070253)
(18.466072, -0.377642, -16.909607), (18.624556, -0.373394, -16.912462), (18.626518, -0.366716, -17.068499)
(18.466072, -0.377642, -16.909607), (18.46373, -0.384777, -16.752321), (18.624556, -0.373394, -16.912462)
(18.307274, -0.379622, -16.906288), (18.304668, -0.385026, -16.74856), (18.466072, -0.377642, -16.909607)
(18.307274, -0.379622, -16.906288), (18.466072, -0.377642, -16.909607), (18.468266, -0.370492, -17.066099)
(18.148289, -0.378769, -16.902641), (18.307274, -0.379622, -16.906288), (18.309666, -0.372247, -17.063162)
(18.148289, -0.378769, -16.902641), (18.145655, -0.384231, -16.744698), (18.307274, -0.379622, -16.906288)
(18.622566, -0.382527, -16.755642), (18.780956, -0.37804, -16.758221), (18.782593, -0.367662, -16.914614)
(18.622566, -0.382527, -16.755642), (18.62048, -0.393444, -16.597927), (18.780956, -0.37804, -16.758221)
(18.46373, -0.384777, -16.752321), (18.622566, -0.382527, -16.755642), (18.624556, -0.373394, -16.912462)
(18.46373, -0.384777, -16.752321), (18.461353, -0.393492, -16.594236), (18.622566, -0.382527, -16.755642)
(18.304668, -0.385026, -16.74856), (18.46373, -0.384777, -16.752321), (18.466072, -0.377642, -16.909607)
(18.304668, -0.385026, -16.74856), (18.302113, -0.391668, -16.590181), (18.46373, -0.384777, -16.752321)
(18.145655, -0.384231, -16.744698), (18.304668, -0.385026, -16.74856), (18.307274, -0.379622, -16.906288)
(18.145655, -0.384231, -16.744698), (18.143028, -0.388934, -16.586138), (18.304668, -0.385026, -16.74856)
# 19.064558649980007, 0, -17.06193595002
(18.944036, -0.353047, -17.380022), (19.099987, -0.345034, -17.379711), (19.101393, -0.350572, -17.533136)
(18.944036, -0.353047, -17.380022), (18.942844, -0.351628, -17.225899), (19.099987, -0.345034, -17.379711)
(19.099987, -0.345034, -17.379711), (19.255234, -0.331868, -17.378641), (19.257162, -0.339868, -17.53215)
(19.099987, -0.345034, -17.379711), (19.099024, -0.341928, -17.225771), (19.255234, -0.331868, -17.378641)
(18.787357, -0.357639, -17.379587), (18.944036, -0.353047, -17.380022), (18.945095, -0.35578, -17.533504)
(18.787357, -0.357639, -17.379587), (18.785948, -0.358357, -17.225229), (18.944036, -0.353047, -17.380022)
(19.255234, -0.331868, -17.378641), (19.40962, -0.311231, -17.376812), (19.412045, -0.321339, -17.530506)
(19.255234, -0.331868, -17.378641), (19.254272, -0.326893, -17.224749), (19.40962, -0.311231, -17.376812)
(18.942844, -0.351628, -17.225899), (18.941475, -0.3537, -17.071236), (19.099024, -0.341928, -17.225771)
(18.942844, -0.351628, -17.225899), (19.099024, -0.341928, -17.225771), (19.099987, -0.345034, -17.379711)
(19.099024, -0.341928, -17.225771), (19.097895, -0.341619, -17.07132), (19.254272, -0.326893, -17.224749)
(19.099024, -0.341928, -17.225771), (19.254272, -0.326893, -17.224749), (19.255234, -0.331868, -17.378641)
(18.785948, -0.358357, -17.225229), (18.784292, -0.361709, -17.070253), (18.942844, -0.351628, -17.225899)
(18.785948, -0.358357, -17.225229), (18.942844, -0.351628, -17.225899), (18.944036, -0.353047, -17.380022)
(19.254272, -0.326893, -17.224749), (19.253323, -0.324389, -17.070377), (19.408577, -0.30568, -17.222845)
(19.254272, -0.326893, -17.224749), (19.408577, -0.30568, -17.222845), (19.40962, -0.311231, -17.376812)
(19.097895, -0.341619, -17.07132), (19.253323, -0.324389, -17.070377), (19.254272, -0.326893, -17.224749)
(19.097895, -0.341619, -17.07132), (19.09668, -0.344407, -16.916231), (19.253323, -0.324389, -17.070377)
(18.941475, -0.3537, -17.071236), (19.097895, -0.341619, -17.07132), (19.099024, -0.341928, -17.225771)
(18.941475, -0.3537, -17.071236), (18.940063, -0.358834, -16.915926), (19.097895, -0.341619, -17.07132)
(19.253323, -0.324389, -17.070377), (19.407818, -0.301407, -17.068478), (19.408577, -0.30568, -17.222845)
(19.253323, -0.324389, -17.070377), (19.252327, -0.325073, -16.915432), (19.407818, -0.301407, -17.068478)
(18.784292, -0.361709, -17.070253), (18.941475, -0.3537, -17.071236), (18.942844, -0.351628, -17.225899)
(18.784292, -0.361709, -17.070253), (18.782593, -0.367662, -16.914614), (18.941475, -0.3537, -17.071236)
(19.09668, -0.344407, -16.916231), (19.252327, -0.325073, -16.915432), (19.253323, -0.324389, -17.070377)
(19.09668, -0.344407, -16.916231), (19.095461, -0.352271, -16.760403), (19.252327, -0.325073, -16.915432)
(18.940063, -0.358834, -16.915926), (18.938641, -0.368421, -16.759848), (19.09668, -0.344407, -16.916231)
(18.940063, -0.358834, -16.915926), (19.09668, -0.344407, -16.916231), (19.097895, -0.341619, -17.07132)
(19.252327, -0.325073, -16.915432), (19.251389, -0.331149, -16.759813), (19.40708, -0.300695, -16.913605)
(19.252327, -0.325073, -16.915432), (19.40708, -0.300695, -16.913605), (19.407818, -0.301407, -17.068478)
(18.782593, -0.367662, -16.914614), (18.940063, -0.358834, -16.915926), (18.941475, -0.3537, -17.071236)
(18.782593, -0.367662, -16.914614), (18.780956, -0.37804, -16.758221), (18.940063, -0.358834, -16.915926)
(19.095461, -0.352271, -16.760403), (19.251389, -0.331149, -16.759813), (19.252327, -0.325073, -16.915432)
(19.095461, -0.352271, -16.760403), (19.094246, -0.364283, -16.603745), (19.251389, -0.331149, -16.759813)
(18.938641, -0.368421, -16.759848), (19.095461, -0.352271, -16.760403), (19.09668, -0.344407, -16.916231)
(18.938641, -0.368421, -16.759848), (18.937103, -0.380681, -16.602858), (19.095461, -0.352271, -16.760403)
(19.251389, -0.331149, -16.759813), (19.406473, -0.305752, -16.758148), (19.40708, -0.300695, -16.913605)
(19.251389, -0.331149, -16.759813), (19.250502, -0.342345, -16.603477), (19.406473, -0.305752, -16.758148)
(18.780956, -0.37804, -16.758221), (18.938641, -0.368421, -16.759848), (18.940063, -0.358834, -16.915926)
(18.780956, -0.37804, -16.758221), (18.779144, -0.390134, -16.600876), (18.938641, -0.368421, -16.759848)
# 19.732328883313336, 0, -17.06193595002
(19.40962, -0.311231, -17.376812), (19.563236, -0.284048, -17.374336), (19.565989, -0.295568, -17.528288)
(19.40962, -0.311231, -17.376812), (19.408577, -0.30568, -17.222845), (19.563236, -0.284048, -17.374336)
(19.563236, -0.284048, -17.374336), (19.716179, -0.251857, -17.371342), (19.719086, -0.264195, -17.525646)
(19.563236, -0.284048, -17.374336), (19.562088, -0.278284, -17.220177), (19.716179, -0.251857, -17.371342)
(19.716179, -0.251857, -17.371342), (19.868511, -0.215554, -17.367851), (19.871414, -0.228197, -17.522606)
(19.716179, -0.251857, -17.371342), (19.715008, -0.246292, -17.216909), (19.868511, -0.215554, -17.367851)
(19.868511, -0.215554, -17.367851), (20.020418, -0.176544, -17.363932), (20.023151, -0.188955, -17.519222)
(19.868511, -0.215554, -17.367851), (19.867447, -0.210539, -17.21306), (20.020418, -0.176544, -17.363932)
(19.408577, -0.30568, -17.222845), (19.407818, -0.301407, -17.068478), (19.562088, -0.278284, -17.220177)
(19.408577, -0.30568, -17.222845), (19.562088, -0.278284, -17.220177), (19.563236, -0.284048, -17.374336)
(19.562088, -0.278284, -17.220177), (19.561495, -0.2744, -17.065701), (19.715008, -0.246292, -17.216909)
(19.562088, -0.278284, -17.220177), (19.715008, -0.246292, -17.216909), (19.716179, -0.251857, -17.371342)
(19.715008, -0.246292, -17.216909), (19.714603, -0.243885, -17.062271), (19.867447, -0.210539, -17.21306)
(19.715008, -0.246292, -17.216909), (19.867447, -0.210539, -17.21306), (19.868511, -0.215554, -17.367851)
(19.867447, -0.210539, -17.21306), (19.867222, -0.209445, -17.05817), (20.019592, -0.172649, -17.208731)
(19.867447, -0.210539, -17.21306), (20.019592, -0.172649, -17.208731), (20.020418, -0.176544, -17.363932)
(19.407818, -0.301407, -17.068478), (19.561495, -0.2744, -17.065701), (19.562088, -0.278284, -17.220177)
(19.407818, -0.301407, -17.068478), (19.40708, -0.300695, -16.913605), (19.561495, -0.2744, -17.065701)
(19.561495, -0.2744, -17.065701), (19.714603, -0.243885, -17.062271), (19.715008, -0.246292, -17.216909)
(19.561495, -0.2744, -17.065701), (19.561064, -0.27272, -16.910868), (19.714603, -0.243885, -17.062271)
(19.714603, -0.243885, -17.062271), (19.867222, -0.209445, -17.05817), (19.867447, -0.210539, -17.21306)
(19.714603, -0.243885, -17.062271), (19.714451, -0.24313, -16.907364), (19.867222, -0.209445, -17.05817)
(19.867222, -0.209445, -17.05817), (20.019541, -0.172795, -17.053585), (20.019592, -0.172649, -17.208731)
(19.867222, -0.209445, -17.05817), (19.867256, -0.210051, -16.903112), (20.019541, -0.172795, -17.053585)
(19.40708, -0.300695, -16.913605), (19.561064, -0.27272, -16.910868), (19.561495, -0.2744, -17.065701)
(19.40708, -0.300695, -16.913605), (19.406473, -0.305752, -16.758148), (19.561064, -0.27272, -16.910868)
(19.561064, -0.27272, -16.910868), (19.560841, -0.276711, -16.755564), (19.714451, -0.24313, -16.907364)
(19.561064, -0.27272, -16.910868), (19.714451, -0.24313, -16.907364), (19.714603, -0.243885, -17.062271)
(19.714451, -0.24313, -16.907364), (19.867256, -0.210051, -16.903112), (19.867222, -0.209445, -17.05817)
(19.714451, -0.24313, -16.907364), (19.714485, -0.245481, -16.752131), (19.867256, -0.210051, -16.903112)
(19.867256, -0.210051, -16.903112), (19.867443, -0.21153, -16.747906), (20.019667, -0.174008, -16.89843)
(19.867256, -0.210051, -16.903112), (20.019667, -0.174008, -16.89843), (20.019541, -0.172795, -17.053585)
(19.406473, -0.305752, -16.758148), (19.560841, -0.276711, -16.755564), (19.561064, -0.27272, -16.910868)
(19.406473, -0.305752, -16.758148), (19.405897, -0.316071, -16.602106), (19.560841, -0.276711, -16.755564)
(19.560841, -0.276711, -16.755564), (19.714485, -0.245481, -16.752131), (19.714451, -0.24313, -16.907364)
(19.560841, -0.276711, -16.755564), (19.560549, -0.285461, -16.599804), (19.714485, -0.245481, -16.752131)
(19.714485, -0.245481, -16.752131), (19.867443, -0.21153, -16.747906), (19.867256, -0.210051, -16.903112)
(19.714485, -0.245481, -16.752131), (19.714376, -0.25116, -16.596506), (19.867443, -0.21153, -16.747906)
(19.867443, -0.21153, -16.747906), (20.019968, -0.17634, -16.743214), (20.019667, -0.174008, -16.89843)
(19.867443, -0.21153, -16.747906), (19.867493, -0.214963, -16.592377), (20.019968, -0.17634, -16.743214)
