# 10.383545616646671, 0, -13.05531455002
(10.610986, 0.86569, -13.380159), (10.766316, 0.849946, -13.381508), (10.769516, 0.806919, -13.532901)
(10.610986, 0.86569, -13.380159), (10.607355, 0.90908, -13.228432), (10.766316, 0.849946, -13.381508)
(10.455706, 0.884629, -13.379184), (10.610986, 0.86569, -13.380159), (10.614195, 0.82496, -13.532049)
(10.455706, 0.884629, -13.379184), (10.452063, 0.925501, -13.226938), (10.610986, 0.86569, -13.380159)
(10.30043, 0.906541, -13.378551), (10.455706, 0.884629, -13.379184), (10.458928, 0.846298, -13.53159)
(10.30043, 0.906541, -13.378551), (10.296763, 0.944941, -13.22578), (10.455706, 0.884629, -13.379184)
(10.145129, 0.931296, -13.378233), (10.30043, 0.906541, -13.378551), (10.303699, 0.870501, -13.531473)
(10.145129, 0.931296, -13.378233), (10.141419, 0.967191, -13.224918), (10.30043, 0.906541, -13.378551)
(10.607355, 0.90908, -13.228432), (10.762683, 0.895936, -13.230291), (10.766316, 0.849946, -13.381508)
(10.607355, 0.90908, -13.228432), (10.603227, 0.955167, -13.076927), (10.762683, 0.895936, -13.230291)
(10.452063, 0.925501, -13.226938), (10.447945, 0.968821, -13.074902), (10.607355, 0.90908, -13.228432)
(10.452063, 0.925501, -13.226938), (10.607355, 0.90908, -13.228432), (10.610986, 0.86569, -13.380159)
(10.296763, 0.944941, -13.22578), (10.452063, 0.925501, -13.226938), (10.455706, 0.884629, -13.379184)
(10.296763, 0.944941, -13.22578), (10.292639, 0.985574, -13.073197), (10.452063, 0.925501, -13.226938)
(10.141419, 0.967191, -13.224918), (10.137287, 1.005026, -13.071766), (10.296763, 0.944941, -13.22578)
(10.141419, 0.967191, -13.224918), (10.296763, 0.944941, -13.22578), (10.30043, 0.906541, -13.378551)
(10.603227, 0.955167, -13.076927), (10.758553, 0.944659, -13.079295), (10.762683, 0.895936, -13.230291)
(10.603227, 0.955167, -13.076927), (10.598539, 1.004004, -12.925744), (10.758553, 0.944659, -13.079295)
(10.447945, 0.968821, -13.074902), (10.603227, 0.955167, -13.076927), (10.607355, 0.90908, -13.228432)
(10.447945, 0.968821, -13.074902), (10.443262, 1.014807, -12.923173), (10.603227, 0.955167, -13.076927)
(10.292639, 0.985574, -13.073197), (10.447945, 0.968821, -13.074902), (10.452063, 0.925501, -13.226938)
(10.292639, 0.985574, -13.073197), (10.287983, 1.02852, -12.920884), (10.447945, 0.968821, -13.074902)
(10.137287, 1.005026, -13.071766), (10.292639, 0.985574, -13.073197), (10.296763, 0.944941, -13.22578)
(10.137287, 1.005026, -13.071766), (10.132639, 1.045082, -12.918869), (10.292639, 0.985574, -13.073197)
(10.598539, 1.004004, -12.925744), (10.593304, 1.055037, -12.774912), (10.753865, 0.996279, -12.928625)
(10.598539, 1.004004, -12.925744), (10.753865, 0.996279, -12.928625), (10.758553, 0.944659, -13.079295)
(10.443262, 1.014807, -12.923173), (10.438055, 1.062749, -12.771749), (10.598539, 1.004004, -12.925744)
(10.443262, 1.014807, -12.923173), (10.598539, 1.004004, -12.925744), (10.603227, 0.955167, -13.076927)
(10.287983, 1.02852, -12.920884), (10.282804, 1.073409, -12.768859), (10.443262, 1.014807, -12.923173)
(10.287983, 1.02852, -12.920884), (10.443262, 1.014807, -12.923173), (10.447945, 0.968821, -13.074902)
(10.132639, 1.045082, -12.918869), (10.127497, 1.086849, -12.766223), (10.287983, 1.02852, -12.920884)
(10.132639, 1.045082, -12.918869), (10.287983, 1.02852, -12.920884), (10.292639, 0.985574, -13.073197)
(10.593304, 1.055037, -12.774912), (10.748619, 1.050295, -12.778338), (10.753865, 0.996279, -12.928625)
(10.593304, 1.055037, -12.774912), (10.587503, 1.108449, -12.624539), (10.748619, 1.050295, -12.778338)
(10.438055, 1.062749, -12.771749), (10.593304, 1.055037, -12.774912), (10.598539, 1.004004, -12.925744)
(10.438055, 1.062749, -12.771749), (10.432286, 1.112913, -12.620736), (10.593304, 1.055037, -12.774912)
(10.282804, 1.073409, -12.768859), (10.438055, 1.062749, -12.771749), (10.443262, 1.014807, -12.923173)
(10.282804, 1.073409, -12.768859), (10.277071, 1.120396, -12.617196), (10.438055, 1.062749, -12.771749)
(10.127497, 1.086849, -12.766223), (10.282804, 1.073409, -12.768859), (10.287983, 1.02852, -12.920884)
(10.127497, 1.086849, -12.766223), (10.121809, 1.130575, -12.613889), (10.282804, 1.073409, -12.768859)
# 11.051315849980007, 0, -13.05531455002
(11.233335, 0.820069, -13.387738), (11.389584, 0.815023, -13.390491), (11.392718, 0.762228, -13.539877)
(11.233335, 0.820069, -13.387738), (11.229714, 0.873731, -13.237993), (11.389584, 0.815023, -13.390491)
(11.077423, 0.827295, -13.385302), (11.233335, 0.820069, -13.387738), (11.23651, 0.769625, -13.537621)
(11.077423, 0.827295, -13.385302), (11.073786, 0.878399, -13.235074), (11.233335, 0.820069, -13.387738)
(10.921775, 0.837153, -13.383218), (11.077423, 0.827295, -13.385302), (11.080614, 0.779351, -13.535688)
(10.921775, 0.837153, -13.383218), (10.918137, 0.885712, -13.2325), (11.077423, 0.827295, -13.385302)
(10.766316, 0.849946, -13.381508), (10.921775, 0.837153, -13.383218), (10.924973, 0.791649, -13.534102)
(10.766316, 0.849946, -13.381508), (10.762683, 0.895936, -13.230291), (10.921775, 0.837153, -13.383218)
(11.229714, 0.873731, -13.237993), (11.385999, 0.871386, -13.241242), (11.389584, 0.815023, -13.390491)
(11.229714, 0.873731, -13.237993), (11.225596, 0.930688, -13.088442), (11.385999, 0.871386, -13.241242)
(11.073786, 0.878399, -13.235074), (11.069652, 0.932596, -13.085055), (11.229714, 0.873731, -13.237993)
(11.073786, 0.878399, -13.235074), (11.229714, 0.873731, -13.237993), (11.233335, 0.820069, -13.387738)
(10.918137, 0.885712, -13.2325), (11.073786, 0.878399, -13.235074), (11.077423, 0.827295, -13.385302)
(10.918137, 0.885712, -13.2325), (10.914, 0.937213, -13.082004), (11.073786, 0.878399, -13.235074)
(10.762683, 0.895936, -13.230291), (10.758553, 0.944659, -13.079295), (10.918137, 0.885712, -13.2325)
(10.762683, 0.895936, -13.230291), (10.918137, 0.885712, -13.2325), (10.921775, 0.837153, -13.383218)
(11.381929, 0.930978, -13.092145), (11.538734, 0.932808, -13.096099), (11.542722, 0.870692, -13.244759)
(11.381929, 0.930978, -13.092145), (11.37735, 0.993773, -12.943298), (11.538734, 0.932808, -13.096099)
(11.225596, 0.930688, -13.088442), (11.381929, 0.930978, -13.092145), (11.385999, 0.871386, -13.241242)
(11.225596, 0.930688, -13.088442), (11.220955, 0.99081, -12.939188), (11.381929, 0.930978, -13.092145)
(11.069652, 0.932596, -13.085055), (11.225596, 0.930688, -13.088442), (11.229714, 0.873731, -13.237993)
(11.069652, 0.932596, -13.085055), (11.064976, 0.989998, -12.935364), (11.225596, 0.930688, -13.088442)
(10.914, 0.937213, -13.082004), (11.069652, 0.932596, -13.085055), (11.073786, 0.878399, -13.235074)
(10.914, 0.937213, -13.082004), (10.909317, 0.991656, -12.931832), (11.069652, 0.932596, -13.085055)
(10.758553, 0.944659, -13.079295), (10.914, 0.937213, -13.082004), (10.918137, 0.885712, -13.2325)
(10.758553, 0.944659, -13.079295), (10.753865, 0.996279, -12.928625), (10.914, 0.937213, -13.082004)
(11.37735, 0.993773, -12.943298), (11.372251, 1.059265, -12.794827), (11.534247, 0.998057, -12.94763)
(11.37735, 0.993773, -12.943298), (11.534247, 0.998057, -12.94763), (11.538734, 0.932808, -13.096099)
(11.220955, 0.99081, -12.939188), (11.215783, 1.053643, -12.790338), (11.37735, 0.993773, -12.943298)
(11.220955, 0.99081, -12.939188), (11.37735, 0.993773, -12.943298), (11.381929, 0.930978, -13.092145)
(11.064976, 0.989998, -12.935364), (11.059756, 1.049981, -12.786081), (11.220955, 0.99081, -12.939188)
(11.064976, 0.989998, -12.935364), (11.220955, 0.99081, -12.939188), (11.225596, 0.930688, -13.088442)
(10.909317, 0.991656, -12.931832), (10.90407, 1.048712, -12.782072), (11.064976, 0.989998, -12.935364)
(10.909317, 0.991656, -12.931832), (11.064976, 0.989998, -12.935364), (11.069652, 0.932596, -13.085055)
(10.753865, 0.996279, -12.928625), (10.748619, 1.050295, -12.778338), (10.909317, 0.991656, -12.931832)
(10.753865, 0.996279, -12.928625), (10.909317, 0.991656, -12.931832), (10.914, 0.937213, -13.082004)
(11.372251, 1.059265, -12.794827), (11.529263, 1.066046, -12.799492), (11.534247, 0.998057, -12.94763)
(11.372251, 1.059265, -12.794827), (11.366658, 1.127593, -12.646985), (11.529263, 1.066046, -12.799492)
(11.215783, 1.053643, -12.790338), (11.372251, 1.059265, -12.794827), (11.37735, 0.993773, -12.943298)
(11.215783, 1.053643, -12.790338), (11.210089, 1.119282, -12.642111), (11.372251, 1.059265, -12.794827)
(11.059756, 1.049981, -12.786081), (11.215783, 1.053643, -12.790338), (11.220955, 0.99081, -12.939188)
(11.059756, 1.049981, -12.786081), (11.053989, 1.112809, -12.637417), (11.215783, 1.053643, -12.790338)
(10.90407, 1.048712, -12.782072), (11.059756, 1.049981, -12.786081), (11.064976, 0.989998, -12.935364)
(10.90407, 1.048712, -12.782072), (10.898254, 1.108714, -12.632923), (11.059756, 1.049981, -12.786081)
(10.748619, 1.050295, -12.778338), (10.90407, 1.048712, -12.782072), (10.909317, 0.991656, -12.931832)
(10.748619, 1.050295, -12.778338), (10.742783, 1.107226, -12.628628), (10.90407, 1.048712, -12.782072)
# 11.71908608331334, 0, -13.05531455002
(12.016031, 0.873038, -13.256244), (12.012572, 0.941224, -13.108849), (12.174891, 0.873109, -13.26004)
(12.016031, 0.873038, -13.256244), (12.174891, 0.873109, -13.26004), (12.177591, 0.806706, -13.406902)
(11.857711, 0.872107, -13.252352), (12.016031, 0.873038, -13.256244), (12.019022, 0.808141, -13.403586)
(11.857711, 0.872107, -13.252352), (11.85402, 0.93858, -13.104538), (12.016031, 0.873038, -13.256244)
(11.699947, 0.871139, -13.248487), (11.69608, 0.935526, -13.100251), (11.857711, 0.872107, -13.252352)
(11.699947, 0.871139, -13.248487), (11.857711, 0.872107, -13.252352), (11.860931, 0.809033, -13.400172)
(11.542722, 0.870692, -13.244759), (11.699947, 0.871139, -13.248487), (11.703335, 0.810122, -13.396787)
(11.542722, 0.870692, -13.244759), (11.538734, 0.932808, -13.096099), (11.699947, 0.871139, -13.248487)
(11.385999, 0.871386, -13.241242), (11.381929, 0.930978, -13.092145), (11.542722, 0.870692, -13.244759)
(11.385999, 0.871386, -13.241242), (11.542722, 0.870692, -13.244759), (11.546231, 0.811915, -13.393531)
(12.012572, 0.941224, -13.108849), (12.171725, 0.942755, -13.113061), (12.174891, 0.873109, -13.26004)
(12.012572, 0.941224, -13.108849), (12.00864, 1.01231, -12.961387), (12.171725, 0.942755, -13.113061)
(11.85402, 0.93858, -13.104538), (12.012572, 0.941224, -13.108849), (12.016031, 0.873038, -13.256244)
(11.85402, 0.93858, -13.104538), (11.849853, 1.008069, -12.956757), (12.012572, 0.941224, -13.108849)
(11.69608, 0.935526, -13.100251), (11.85402, 0.93858, -13.104538), (11.857711, 0.872107, -13.252352)
(11.69608, 0.935526, -13.100251), (11.691733, 1.003085, -12.952142), (11.85402, 0.93858, -13.104538)
(11.538734, 0.932808, -13.096099), (11.69608, 0.935526, -13.100251), (11.699947, 0.871139, -13.248487)
(11.538734, 0.932808, -13.096099), (11.534247, 0.998057, -12.94763), (11.69608, 0.935526, -13.100251)
(12.00864, 1.01231, -12.961387), (12.004236, 1.085838, -12.814001), (12.168084, 1.015111, -12.965919)
(12.00864, 1.01231, -12.961387), (12.168084, 1.015111, -12.965919), (12.171725, 0.942755, -13.113061)
(11.849853, 1.008069, -12.956757), (11.845213, 1.080123, -12.809154), (12.00864, 1.01231, -12.961387)
(11.849853, 1.008069, -12.956757), (12.00864, 1.01231, -12.961387), (12.012572, 0.941224, -13.108849)
(11.691733, 1.003085, -12.952142), (11.686896, 1.073269, -12.804287), (11.849853, 1.008069, -12.956757)
(11.691733, 1.003085, -12.952142), (11.849853, 1.008069, -12.956757), (11.85402, 0.93858, -13.104538)
(11.534247, 0.998057, -12.94763), (11.529263, 1.066046, -12.799492), (11.691733, 1.003085, -12.952142)
(11.534247, 0.998057, -12.94763), (11.691733, 1.003085, -12.952142), (11.69608, 0.935526, -13.100251)
(12.004236, 1.085838, -12.814001), (12.163977, 1.089724, -12.818735), (12.168084, 1.015111, -12.965919)
(12.004236, 1.085838, -12.814001), (11.999421, 1.161638, -12.666969), (12.163977, 1.089724, -12.818735)
(11.845213, 1.080123, -12.809154), (12.004236, 1.085838, -12.814001), (12.00864, 1.01231, -12.961387)
(11.845213, 1.080123, -12.809154), (11.840134, 1.154649, -12.661997), (12.004236, 1.085838, -12.814001)
(11.686896, 1.073269, -12.804287), (11.845213, 1.080123, -12.809154), (11.849853, 1.008069, -12.956757)
(11.686896, 1.073269, -12.804287), (11.681605, 1.14608, -12.656963), (11.845213, 1.080123, -12.809154)
(11.529263, 1.066046, -12.799492), (11.686896, 1.073269, -12.804287), (11.691733, 1.003085, -12.952142)
(11.529263, 1.066046, -12.799492), (11.523802, 1.136773, -12.651945), (11.686896, 1.073269, -12.804287)
# 12.386856316646675, 0, -13.05531455002
(12.654119, 0.863368, -13.2693), (12.652189, 0.93526, -13.123547), (12.814417, 0.855382, -13.27108)
(12.654119, 0.863368, -13.2693), (12.814417, 0.855382, -13.27108), (12.815424, 0.786371, -13.416195)
(12.494025, 0.868746, -13.266768), (12.654119, 0.863368, -13.2693), (12.655615, 0.794455, -13.414807)
(12.494025, 0.868746, -13.266768), (12.491628, 0.940244, -13.120613), (12.654119, 0.863368, -13.2693)
(12.334244, 0.871848, -13.263606), (12.331434, 0.942588, -13.117051), (12.494025, 0.868746, -13.266768)
(12.334244, 0.871848, -13.263606), (12.494025, 0.868746, -13.266768), (12.495967, 0.80034, -13.412665)
(12.174891, 0.873109, -13.26004), (12.334244, 0.871848, -13.263606), (12.336594, 0.804273, -13.409985)
(12.174891, 0.873109, -13.26004), (12.171725, 0.942755, -13.113061), (12.334244, 0.871848, -13.263606)
(12.652189, 0.93526, -13.123547), (12.81299, 0.927323, -13.125675), (12.814417, 0.855382, -13.27108)
(12.652189, 0.93526, -13.123547), (12.649766, 1.009304, -12.977304), (12.81299, 0.927323, -13.125675)
(12.491628, 0.940244, -13.120613), (12.652189, 0.93526, -13.123547), (12.654119, 0.863368, -13.2693)
(12.491628, 0.940244, -13.120613), (12.488742, 1.014073, -12.974072), (12.652189, 0.93526, -13.123547)
(12.331434, 0.942588, -13.117051), (12.491628, 0.940244, -13.120613), (12.494025, 0.868746, -13.266768)
(12.331434, 0.942588, -13.117051), (12.328148, 1.015856, -12.970201), (12.491628, 0.940244, -13.120613)
(12.171725, 0.942755, -13.113061), (12.331434, 0.942588, -13.117051), (12.334244, 0.871848, -13.263606)
(12.171725, 0.942755, -13.113061), (12.168084, 1.015111, -12.965919), (12.331434, 0.942588, -13.117051)
(12.649766, 1.009304, -12.977304), (12.646868, 1.08501, -12.830706), (12.811079, 1.00134, -12.979747)
(12.649766, 1.009304, -12.977304), (12.811079, 1.00134, -12.979747), (12.81299, 0.927323, -13.125675)
(12.488742, 1.014073, -12.974072), (12.485385, 1.089723, -12.827264), (12.649766, 1.009304, -12.977304)
(12.488742, 1.014073, -12.974072), (12.649766, 1.009304, -12.977304), (12.652189, 0.93526, -13.123547)
(12.328148, 1.015856, -12.970201), (12.324386, 1.091171, -12.823209), (12.488742, 1.014073, -12.974072)
(12.328148, 1.015856, -12.970201), (12.488742, 1.014073, -12.974072), (12.491628, 0.940244, -13.120613)
(12.168084, 1.015111, -12.965919), (12.163977, 1.089724, -12.818735), (12.328148, 1.015856, -12.970201)
(12.168084, 1.015111, -12.965919), (12.328148, 1.015856, -12.970201), (12.331434, 0.942588, -13.117051)
(12.646868, 1.08501, -12.830706), (12.808691, 1.076816, -12.833343), (12.811079, 1.00134, -12.979747)
(12.646868, 1.08501, -12.830706), (12.643504, 1.161764, -12.68379), (12.808691, 1.076816, -12.833343)
(12.485385, 1.089723, -12.827264), (12.646868, 1.08501, -12.830706), (12.649766, 1.009304, -12.977304)
(12.485385, 1.089723, -12.827264), (12.481581, 1.166761, -12.680323), (12.646868, 1.08501, -12.830706)
(12.324386, 1.091171, -12.823209), (12.485385, 1.089723, -12.827264), (12.488742, 1.014073, -12.974072)
(12.324386, 1.091171, -12.823209), (12.320194, 1.168173, -12.676252), (12.485385, 1.089723, -12.827264)
(12.163977, 1.089724, -12.818735), (12.324386, 1.091171, -12.823209), (12.328148, 1.015856, -12.970201)
(12.163977, 1.089724, -12.818735), (12.159451, 1.166325, -12.671756), (12.324386, 1.091171, -12.823209)
# 13.054626549980007, 0, -13.05531455002
(12.974779, 0.844561, -13.271921), (12.973896, 0.916232, -13.126845), (13.135067, 0.830747, -13.271667)
(12.974779, 0.844561, -13.271921), (13.135067, 0.830747, -13.271667), (13.135032, 0.76261, -13.416209)
(13.135067, 0.830747, -13.271667), (13.295126, 0.81394, -13.270187), (13.294588, 0.746808, -13.414633)
(13.135067, 0.830747, -13.271667), (13.134733, 0.901799, -13.126821), (13.295126, 0.81394, -13.270187)
(12.814417, 0.855382, -13.27108), (12.974779, 0.844561, -13.271921), (12.975268, 0.775804, -13.416698)
(12.814417, 0.855382, -13.27108), (12.81299, 0.927323, -13.125675), (12.974779, 0.844561, -13.271921)
(13.295126, 0.81394, -13.270187), (13.295357, 0.884042, -13.125517), (13.454894, 0.794254, -13.267566)
(13.295126, 0.81394, -13.270187), (13.454894, 0.794254, -13.267566), (13.453867, 0.728455, -13.412006)
(12.973896, 0.916232, -13.126845), (13.134733, 0.901799, -13.126821), (13.135067, 0.830747, -13.271667)
(12.973896, 0.916232, -13.126845), (12.972517, 0.989852, -12.981134), (13.134733, 0.901799, -13.126821)
(13.134733, 0.901799, -13.126821), (13.295357, 0.884042, -13.125517), (13.295126, 0.81394, -13.270187)
(13.134733, 0.901799, -13.126821), (13.13393, 0.974829, -12.981356), (13.295357, 0.884042, -13.125517)
(12.81299, 0.927323, -13.125675), (12.973896, 0.916232, -13.126845), (12.974779, 0.844561, -13.271921)
(12.81299, 0.927323, -13.125675), (12.811079, 1.00134, -12.979747), (12.973896, 0.916232, -13.126845)
(13.295357, 0.884042, -13.125517), (13.455653, 0.863072, -13.122921), (13.454894, 0.794254, -13.267566)
(13.295357, 0.884042, -13.125517), (13.295154, 0.956217, -12.980255), (13.455653, 0.863072, -13.122921)
(13.13393, 0.974829, -12.981356), (13.132691, 1.049226, -12.835344), (13.295154, 0.956217, -12.980255)
(13.13393, 0.974829, -12.981356), (13.295154, 0.956217, -12.980255), (13.295357, 0.884042, -13.125517)
(12.972517, 0.989852, -12.981134), (12.97069, 1.064923, -12.834949), (13.13393, 0.974829, -12.981356)
(12.972517, 0.989852, -12.981134), (13.13393, 0.974829, -12.981356), (13.134733, 0.901799, -13.126821)
(13.295154, 0.956217, -12.980255), (13.294538, 1.029779, -12.83442), (13.45604, 0.934091, -12.977766)
(13.295154, 0.956217, -12.980255), (13.45604, 0.934091, -12.977766), (13.455653, 0.863072, -13.122921)
(12.811079, 1.00134, -12.979747), (12.808691, 1.076816, -12.833343), (12.972517, 0.989852, -12.981134)
(12.811079, 1.00134, -12.979747), (12.972517, 0.989852, -12.981134), (12.973896, 0.916232, -13.126845)
(13.132691, 1.049226, -12.835344), (13.294538, 1.029779, -12.83442), (13.295154, 0.956217, -12.980255)
(13.132691, 1.049226, -12.835344), (13.130972, 1.124205, -12.688666), (13.294538, 1.029779, -12.83442)
(12.97069, 1.064923, -12.834949), (13.132691, 1.049226, -12.835344), (13.13393, 0.974829, -12.981356)
(12.97069, 1.064923, -12.834949), (12.968374, 1.140637, -12.68817), (13.132691, 1.049226, -12.835344)
(13.294538, 1.029779, -12.83442), (13.456038, 1.006538, -12.832013), (13.45604, 0.934091, -12.977766)
(13.294538, 1.029779, -12.83442), (13.29341, 1.103709, -12.687751), (13.456038, 1.006538, -12.832013)
(12.808691, 1.076816, -12.833343), (12.97069, 1.064923, -12.834949), (12.972517, 0.989852, -12.981134)
(12.808691, 1.076816, -12.833343), (12.805822, 1.153111, -12.686474), (12.97069, 1.064923, -12.834949)
# 13.722396783313343, 0, -13.05531455002
(13.454894, 0.794254, -13.267566), (13.614271, 0.7719, -13.263797), (13.612785, 0.707769, -13.408347)
(13.454894, 0.794254, -13.267566), (13.455653, 0.863072, -13.122921), (13.614271, 0.7719, -13.263797)
(13.614271, 0.7719, -13.263797), (13.615542, 0.839125, -13.119101), (13.773193, 0.747149, -13.258964)
(13.614271, 0.7719, -13.263797), (13.773193, 0.747149, -13.258964), (13.77129, 0.685023, -13.403739)
(13.773193, 0.747149, -13.258964), (13.931597, 0.720455, -13.253163), (13.929384, 0.66039, -13.398342)
(13.773193, 0.747149, -13.258964), (13.774912, 0.812507, -13.114058), (13.931597, 0.720455, -13.253163)
(13.931597, 0.720455, -13.253163), (13.933736, 0.783654, -13.107982), (14.089541, 0.692116, -13.246669)
(13.931597, 0.720455, -13.253163), (14.089541, 0.692116, -13.246669), (14.087014, 0.634451, -13.392247)
(13.455653, 0.863072, -13.122921), (13.615542, 0.839125, -13.119101), (13.614271, 0.7719, -13.263797)
(13.455653, 0.863072, -13.122921), (13.45604, 0.934091, -12.977766), (13.615542, 0.839125, -13.119101)
(13.615542, 0.839125, -13.119101), (13.774912, 0.812507, -13.114058), (13.773193, 0.747149, -13.258964)
(13.615542, 0.839125, -13.119101), (13.616452, 0.90865, -12.973864), (13.774912, 0.812507, -13.114058)
(13.774912, 0.812507, -13.114058), (13.933736, 0.783654, -13.107982), (13.931597, 0.720455, -13.253163)
(13.774912, 0.812507, -13.114058), (13.776351, 0.88034, -12.968737), (13.933736, 0.783654, -13.107982)
(13.933736, 0.783654, -13.107982), (14.092022, 0.753028, -13.101095), (14.089541, 0.692116, -13.246669)
(13.933736, 0.783654, -13.107982), (13.935631, 0.849523, -12.962431), (14.092022, 0.753028, -13.101095)
(13.45604, 0.934091, -12.977766), (13.456038, 1.006538, -12.832013), (13.616452, 0.90865, -12.973864)
(13.45604, 0.934091, -12.977766), (13.616452, 0.90865, -12.973864), (13.615542, 0.839125, -13.119101)
(13.616452, 0.90865, -12.973864), (13.617064, 0.979782, -12.828154), (13.776351, 0.88034, -12.968737)
(13.616452, 0.90865, -12.973864), (13.776351, 0.88034, -12.968737), (13.774912, 0.812507, -13.114058)
(13.776351, 0.88034, -12.968737), (13.777529, 0.949886, -12.822948), (13.935631, 0.849523, -12.962431)
(13.776351, 0.88034, -12.968737), (13.935631, 0.849523, -12.962431), (13.933736, 0.783654, -13.107982)
(13.935631, 0.849523, -12.962431), (13.937357, 0.917255, -12.816524), (14.094364, 0.816724, -12.955295)
(13.935631, 0.849523, -12.962431), (14.094364, 0.816724, -12.955295), (14.092022, 0.753028, -13.101095)
(13.456038, 1.006538, -12.832013), (13.617064, 0.979782, -12.828154), (13.616452, 0.90865, -12.973864)
(13.456038, 1.006538, -12.832013), (13.455558, 1.079468, -12.685429), (13.617064, 0.979782, -12.828154)
(13.617064, 0.979782, -12.828154), (13.777529, 0.949886, -12.822948), (13.776351, 0.88034, -12.968737)
(13.617064, 0.979782, -12.828154), (13.617253, 1.051626, -12.681675), (13.777529, 0.949886, -12.822948)
(13.777529, 0.949886, -12.822948), (13.937357, 0.917255, -12.816524), (13.935631, 0.849523, -12.962431)
(13.777529, 0.949886, -12.822948), (13.778357, 1.020382, -12.676478), (13.937357, 0.917255, -12.816524)
(13.937357, 0.917255, -12.816524), (14.09656, 0.882444, -12.809148), (14.094364, 0.816724, -12.955295)
(13.937357, 0.917255, -12.816524), (13.938766, 0.98613, -12.66996), (14.09656, 0.882444, -12.809148)
# 14.390167016646675, 0, -13.05531455002
(14.244223, 0.607475, -13.385662), (14.401035, 0.579729, -13.378739), (14.39818, 0.530945, -13.525643)
(14.244223, 0.607475, -13.385662), (14.247009, 0.662559, -13.239607), (14.401035, 0.579729, -13.378739)
(14.401035, 0.579729, -13.378739), (14.557468, 0.551741, -13.371644), (14.554502, 0.505869, -13.519168)
(14.401035, 0.579729, -13.378739), (14.404028, 0.632123, -13.232151), (14.557468, 0.551741, -13.371644)
(14.557468, 0.551741, -13.371644), (14.713583, 0.523458, -13.364495), (14.710555, 0.480049, -13.512594)
(14.557468, 0.551741, -13.371644), (14.560596, 0.601555, -13.224492), (14.713583, 0.523458, -13.364495)
(14.713583, 0.523458, -13.364495), (14.869405, 0.495393, -13.357438), (14.866347, 0.454893, -13.506165)
(14.713583, 0.523458, -13.364495), (14.716826, 0.570497, -13.216781), (14.869405, 0.495393, -13.357438)
(14.089541, 0.692116, -13.246669), (14.247009, 0.662559, -13.239607), (14.244223, 0.607475, -13.385662)
(14.089541, 0.692116, -13.246669), (14.092022, 0.753028, -13.101095), (14.247009, 0.662559, -13.239607)
(14.247009, 0.662559, -13.239607), (14.249815, 0.720941, -13.09362), (14.404028, 0.632123, -13.232151)
(14.247009, 0.662559, -13.239607), (14.404028, 0.632123, -13.232151), (14.401035, 0.579729, -13.378739)
(14.404028, 0.632123, -13.232151), (14.560596, 0.601555, -13.224492), (14.557468, 0.551741, -13.371644)
(14.404028, 0.632123, -13.232151), (14.40707, 0.687998, -13.085678), (14.560596, 0.601555, -13.224492)
(14.560596, 0.601555, -13.224492), (14.56386, 0.65455, -13.077508), (14.716826, 0.570497, -13.216781)
(14.560596, 0.601555, -13.224492), (14.716826, 0.570497, -13.216781), (14.713583, 0.523458, -13.364495)
(14.716826, 0.570497, -13.216781), (14.872717, 0.539513, -13.209131), (14.869405, 0.495393, -13.357438)
(14.716826, 0.570497, -13.216781), (14.720229, 0.620895, -13.069275), (14.872717, 0.539513, -13.209131)
(14.092022, 0.753028, -13.101095), (14.249815, 0.720941, -13.09362), (14.247009, 0.662559, -13.239607)
(14.092022, 0.753028, -13.101095), (14.094364, 0.816724, -12.955295), (14.249815, 0.720941, -13.09362)
(14.249815, 0.720941, -13.09362), (14.40707, 0.687998, -13.085678), (14.404028, 0.632123, -13.232151)
(14.249815, 0.720941, -13.09362), (14.252481, 0.782435, -12.947426), (14.40707, 0.687998, -13.085678)
(14.40707, 0.687998, -13.085678), (14.56386, 0.65455, -13.077508), (14.560596, 0.601555, -13.224492)
(14.40707, 0.687998, -13.085678), (14.410072, 0.747054, -12.939129), (14.56386, 0.65455, -13.077508)
(14.56386, 0.65455, -13.077508), (14.720229, 0.620895, -13.069275), (14.716826, 0.570497, -13.216781)
(14.56386, 0.65455, -13.077508), (14.567145, 0.711001, -12.930553), (14.720229, 0.620895, -13.069275)
(14.720229, 0.620895, -13.069275), (14.876236, 0.587004, -13.061086), (14.872717, 0.539513, -13.209131)
(14.720229, 0.620895, -13.069275), (14.72374, 0.674593, -12.921873), (14.876236, 0.587004, -13.061086)
(14.094364, 0.816724, -12.955295), (14.09656, 0.882444, -12.809148), (14.252481, 0.782435, -12.947426)
(14.094364, 0.816724, -12.955295), (14.252481, 0.782435, -12.947426), (14.249815, 0.720941, -13.09362)
(14.252481, 0.782435, -12.947426), (14.255125, 0.845945, -12.801026), (14.410072, 0.747054, -12.939129)
(14.252481, 0.782435, -12.947426), (14.410072, 0.747054, -12.939129), (14.40707, 0.687998, -13.085678)
(14.410072, 0.747054, -12.939129), (14.413078, 0.808237, -12.792383), (14.567145, 0.711001, -12.930553)
(14.410072, 0.747054, -12.939129), (14.567145, 0.711001, -12.930553), (14.56386, 0.65455, -13.077508)
(14.567145, 0.711001, -12.930553), (14.570493, 0.769667, -12.783468), (14.72374, 0.674593, -12.921873)
(14.567145, 0.711001, -12.930553), (14.72374, 0.674593, -12.921873), (14.720229, 0.620895, -13.069275)
(14.72374, 0.674593, -12.921873), (14.727341, 0.730761, -12.774401), (14.879889, 0.638418, -12.913267)
(14.72374, 0.674593, -12.921873), (14.879889, 0.638418, -12.913267), (14.876236, 0.587004, -13.061086)
(14.09656, 0.882444, -12.809148), (14.255125, 0.845945, -12.801026), (14.252481, 0.782435, -12.947426)
(14.09656, 0.882444, -12.809148), (14.098522, 0.949553, -12.662457), (14.255125, 0.845945, -12.801026)
(14.255125, 0.845945, -12.801026), (14.413078, 0.808237, -12.792383), (14.410072, 0.747054, -12.939129)
(14.255125, 0.845945, -12.801026), (14.257594, 0.911101, -12.654158), (14.413078, 0.808237, -12.792383)
(14.413078, 0.808237, -12.792383), (14.570493, 0.769667, -12.783468), (14.567145, 0.711001, -12.930553)
(14.413078, 0.808237, -12.792383), (14.415995, 0.871248, -12.645285), (14.570493, 0.769667, -12.783468)
(14.570493, 0.769667, -12.783468), (14.727341, 0.730761, -12.774401), (14.72374, 0.674593, -12.921873)
(14.570493, 0.769667, -12.783468), (14.573722, 0.830519, -12.636041), (14.727341, 0.730761, -12.774401)
# 15.05793724998001, 0, -13.05531455002
(14.869405, 0.495393, -13.357438), (15.024977, 0.467695, -13.350568), (15.021921, 0.429579, -13.499832)
(14.869405, 0.495393, -13.357438), (14.872717, 0.539513, -13.209131), (15.024977, 0.467695, -13.350568)
(15.024977, 0.467695, -13.350568), (15.18032, 0.439967, -13.343858), (15.177303, 0.404734, -13.493732)
(15.024977, 0.467695, -13.350568), (15.028309, 0.508814, -13.201649), (15.18032, 0.439967, -13.343858)
(15.18032, 0.439967, -13.343858), (15.335492, 0.413417, -13.337554), (15.332523, 0.380436, -13.487903)
(15.18032, 0.439967, -13.343858), (15.183659, 0.479088, -13.194514), (15.335492, 0.413417, -13.337554)
(15.335492, 0.413417, -13.337554), (15.490528, 0.38764, -13.331619), (15.487652, 0.357379, -13.482521)
(15.335492, 0.413417, -13.337554), (15.338799, 0.449646, -13.187658), (15.490528, 0.38764, -13.331619)
(14.872717, 0.539513, -13.209131), (14.876236, 0.587004, -13.061086), (15.028309, 0.508814, -13.201649)
(14.872717, 0.539513, -13.209131), (15.028309, 0.508814, -13.201649), (15.024977, 0.467695, -13.350568)
(15.028309, 0.508814, -13.201649), (15.183659, 0.479088, -13.194514), (15.18032, 0.439967, -13.343858)
(15.028309, 0.508814, -13.201649), (15.031893, 0.553719, -13.053108), (15.183659, 0.479088, -13.194514)
(15.183659, 0.479088, -13.194514), (15.187272, 0.521025, -13.045436), (15.338799, 0.449646, -13.187658)
(15.183659, 0.479088, -13.194514), (15.338799, 0.449646, -13.187658), (15.335492, 0.413417, -13.337554)
(15.338799, 0.449646, -13.187658), (15.493764, 0.421056, -13.181195), (15.490528, 0.38764, -13.331619)
(15.338799, 0.449646, -13.187658), (15.342415, 0.489073, -13.038135), (15.493764, 0.421056, -13.181195)
(14.876236, 0.587004, -13.061086), (15.031893, 0.553719, -13.053108), (15.028309, 0.508814, -13.201649)
(14.876236, 0.587004, -13.061086), (14.879889, 0.638418, -12.913267), (15.031893, 0.553719, -13.053108)
(15.031893, 0.553719, -13.053108), (15.187272, 0.521025, -13.045436), (15.183659, 0.479088, -13.194514)
(15.031893, 0.553719, -13.053108), (15.03569, 0.602344, -12.904856), (15.187272, 0.521025, -13.045436)
(15.187272, 0.521025, -13.045436), (15.342415, 0.489073, -13.038135), (15.338799, 0.449646, -13.187658)
(15.187272, 0.521025, -13.045436), (15.19116, 0.5668, -12.896734), (15.342415, 0.489073, -13.038135)
(15.342415, 0.489073, -13.038135), (15.49734, 0.457592, -13.031172), (15.493764, 0.421056, -13.181195)
(15.342415, 0.489073, -13.038135), (15.346344, 0.531921, -12.888969), (15.49734, 0.457592, -13.031172)
(14.879889, 0.638418, -12.913267), (14.883711, 0.69187, -12.765399), (15.03569, 0.602344, -12.904856)
(14.879889, 0.638418, -12.913267), (15.03569, 0.602344, -12.904856), (15.031893, 0.553719, -13.053108)
(15.03569, 0.602344, -12.904856), (15.039673, 0.653239, -12.756605), (15.19116, 0.5668, -12.896734)
(15.03569, 0.602344, -12.904856), (15.19116, 0.5668, -12.896734), (15.187272, 0.521025, -13.045436)
(15.19116, 0.5668, -12.896734), (15.195275, 0.614884, -12.748085), (15.346344, 0.531921, -12.888969)
(15.19116, 0.5668, -12.896734), (15.346344, 0.531921, -12.888969), (15.342415, 0.489073, -13.038135)
(15.346344, 0.531921, -12.888969), (15.350537, 0.577417, -12.73996), (15.501293, 0.49822, -12.881684)
(15.346344, 0.531921, -12.888969), (15.501293, 0.49822, -12.881684), (15.49734, 0.457592, -13.031172)
(14.727341, 0.730761, -12.774401), (14.883711, 0.69187, -12.765399), (14.879889, 0.638418, -12.913267)
(14.727341, 0.730761, -12.774401), (14.730921, 0.789273, -12.626716), (14.883711, 0.69187, -12.765399)
(14.883711, 0.69187, -12.765399), (15.039673, 0.653239, -12.756605), (15.03569, 0.602344, -12.904856)
(14.883711, 0.69187, -12.765399), (14.887608, 0.747825, -12.617434), (15.039673, 0.653239, -12.756605)
(15.039673, 0.653239, -12.756605), (15.195275, 0.614884, -12.748085), (15.19116, 0.5668, -12.896734)
(15.039673, 0.653239, -12.756605), (15.043812, 0.706557, -12.608326), (15.195275, 0.614884, -12.748085)
(15.195275, 0.614884, -12.748085), (15.350537, 0.577417, -12.73996), (15.346344, 0.531921, -12.888969)
(15.195275, 0.614884, -12.748085), (15.199575, 0.665852, -12.599522), (15.350537, 0.577417, -12.73996)
(15.350537, 0.577417, -12.73996), (15.505523, 0.540796, -12.732271), (15.501293, 0.49822, -12.881684)
(15.350537, 0.577417, -12.73996), (15.35498, 0.625654, -12.591081), (15.505523, 0.540796, -12.732271)
# 15.725707483313343, 0, -13.05531455002
(15.490528, 0.38764, -13.331619), (15.645447, 0.362632, -13.326061), (15.642649, 0.334469, -13.477365)
(15.490528, 0.38764, -13.331619), (15.493764, 0.421056, -13.181195), (15.645447, 0.362632, -13.326061)
(15.645447, 0.362632, -13.326061), (15.800312, 0.338857, -13.320986), (15.797653, 0.313292, -13.472797)
(15.645447, 0.362632, -13.326061), (15.648592, 0.39342, -13.175156), (15.800312, 0.338857, -13.320986)
(15.800312, 0.338857, -13.320986), (15.95511, 0.31585, -13.316286), (15.952559, 0.292263, -13.468442)
(15.800312, 0.338857, -13.320986), (15.803364, 0.367385, -13.16969), (15.95511, 0.31585, -13.316286)
(15.95511, 0.31585, -13.316286), (16.1099, 0.293978, -13.312035), (16.107416, 0.272191, -13.464518)
(15.95511, 0.31585, -13.316286), (15.958028, 0.341851, -13.164551), (16.1099, 0.293978, -13.312035)
(15.493764, 0.421056, -13.181195), (15.49734, 0.457592, -13.031172), (15.648592, 0.39342, -13.175156)
(15.493764, 0.421056, -13.181195), (15.648592, 0.39342, -13.175156), (15.645447, 0.362632, -13.326061)
(15.648592, 0.39342, -13.175156), (15.803364, 0.367385, -13.16969), (15.800312, 0.338857, -13.320986)
(15.648592, 0.39342, -13.175156), (15.652115, 0.427512, -13.024732), (15.803364, 0.367385, -13.16969)
(15.803364, 0.367385, -13.16969), (15.80677, 0.398518, -13.018769), (15.958028, 0.341851, -13.164551)
(15.803364, 0.367385, -13.16969), (15.958028, 0.341851, -13.164551), (15.95511, 0.31585, -13.316286)
(15.958028, 0.341851, -13.164551), (16.112656, 0.317471, -13.159872), (16.1099, 0.293978, -13.312035)
(15.958028, 0.341851, -13.164551), (15.961333, 0.370598, -13.013267), (16.112656, 0.317471, -13.159872)
(15.49734, 0.457592, -13.031172), (15.652115, 0.427512, -13.024732), (15.648592, 0.39342, -13.175156)
(15.49734, 0.457592, -13.031172), (15.501293, 0.49822, -12.881684), (15.652115, 0.427512, -13.024732)
(15.652115, 0.427512, -13.024732), (15.80677, 0.398518, -13.018769), (15.803364, 0.367385, -13.16969)
(15.652115, 0.427512, -13.024732), (15.656036, 0.465171, -12.874798), (15.80677, 0.398518, -13.018769)
(15.80677, 0.398518, -13.018769), (15.961333, 0.370598, -13.013267), (15.958028, 0.341851, -13.164551)
(15.80677, 0.398518, -13.018769), (15.810614, 0.433201, -12.868386), (15.961333, 0.370598, -13.013267)
(15.961333, 0.370598, -13.013267), (16.115803, 0.343498, -13.008152), (16.112656, 0.317471, -13.159872)
(15.961333, 0.370598, -13.013267), (15.965057, 0.402326, -12.86244), (16.115803, 0.343498, -13.008152)
(15.501293, 0.49822, -12.881684), (15.505523, 0.540796, -12.732271), (15.656036, 0.465171, -12.874798)
(15.501293, 0.49822, -12.881684), (15.656036, 0.465171, -12.874798), (15.652115, 0.427512, -13.024732)
(15.656036, 0.465171, -12.874798), (15.660266, 0.505114, -12.725039), (15.810614, 0.433201, -12.868386)
(15.656036, 0.465171, -12.874798), (15.810614, 0.433201, -12.868386), (15.80677, 0.398518, -13.018769)
(15.810614, 0.433201, -12.868386), (15.81479, 0.470143, -12.718218), (15.965057, 0.402326, -12.86244)
(15.810614, 0.433201, -12.868386), (15.965057, 0.402326, -12.86244), (15.961333, 0.370598, -13.013267)
(15.965057, 0.402326, -12.86244), (15.969153, 0.436549, -12.711918), (16.119427, 0.372853, -12.85701)
(15.965057, 0.402326, -12.86244), (16.119427, 0.372853, -12.85701), (16.115803, 0.343498, -13.008152)
(15.505523, 0.540796, -12.732271), (15.660266, 0.505114, -12.725039), (15.656036, 0.465171, -12.874798)
(15.505523, 0.540796, -12.732271), (15.510049, 0.58624, -12.583063), (15.660266, 0.505114, -12.725039)
(15.660266, 0.505114, -12.725039), (15.81479, 0.470143, -12.718218), (15.810614, 0.433201, -12.868386)
(15.660266, 0.505114, -12.725039), (15.664822, 0.547705, -12.575493), (15.81479, 0.470143, -12.718218)
# 16.39347771664668, 0, -13.05531455002
(16.1099, 0.293978, -13.312035), (16.264652, 0.272891, -13.308153), (16.261738, 0.249761, -13.46033)
(16.1099, 0.293978, -13.312035), (16.112656, 0.317471, -13.159872), (16.264652, 0.272891, -13.308153)
(16.264652, 0.272891, -13.308153), (16.418976, 0.250198, -13.304155), (16.415352, 0.224237, -13.455767)
(16.264652, 0.272891, -13.308153), (16.267277, 0.294239, -13.155634), (16.418976, 0.250198, -13.304155)
(16.418976, 0.250198, -13.304155), (16.57259, 0.224508, -13.299822), (16.568027, 0.194399, -13.450608)
(16.418976, 0.250198, -13.304155), (16.421938, 0.272297, -13.151867), (16.57259, 0.224508, -13.299822)
(16.57259, 0.224508, -13.299822), (16.725128, 0.193672, -13.294755), (16.719645, 0.15945, -13.444762)
(16.57259, 0.224508, -13.299822), (16.576288, 0.249389, -13.148099), (16.725128, 0.193672, -13.294755)
(16.725128, 0.193672, -13.294755), (16.876509, 0.156938, -13.288851), (16.870192, 0.119028, -13.438143)
(16.725128, 0.193672, -13.294755), (16.729753, 0.222497, -13.143793), (16.876509, 0.156938, -13.288851)
(16.112656, 0.317471, -13.159872), (16.115803, 0.343498, -13.008152), (16.267277, 0.294239, -13.155634)
(16.112656, 0.317471, -13.159872), (16.267277, 0.294239, -13.155634), (16.264652, 0.272891, -13.308153)
(16.267277, 0.294239, -13.155634), (16.421938, 0.272297, -13.151867), (16.418976, 0.250198, -13.304155)
(16.267277, 0.294239, -13.155634), (16.270273, 0.317894, -13.00356), (16.421938, 0.272297, -13.151867)
(16.421938, 0.272297, -13.151867), (16.424749, 0.293432, -12.999397), (16.576288, 0.249389, -13.148099)
(16.421938, 0.272297, -13.151867), (16.576288, 0.249389, -13.148099), (16.57259, 0.224508, -13.299822)
(16.576288, 0.249389, -13.148099), (16.729753, 0.222497, -13.143793), (16.725128, 0.193672, -13.294755)
(16.576288, 0.249389, -13.148099), (16.579241, 0.269984, -12.995615), (16.729753, 0.222497, -13.143793)
(16.115803, 0.343498, -13.008152), (16.270273, 0.317894, -13.00356), (16.267277, 0.294239, -13.155634)
(16.115803, 0.343498, -13.008152), (16.119427, 0.372853, -12.85701), (16.270273, 0.317894, -13.00356)
(16.270273, 0.317894, -13.00356), (16.424749, 0.293432, -12.999397), (16.421938, 0.272297, -13.151867)
(16.270273, 0.317894, -13.00356), (16.27371, 0.344223, -12.851961), (16.424749, 0.293432, -12.999397)
(16.424749, 0.293432, -12.999397), (16.579241, 0.269984, -12.995615), (16.576288, 0.249389, -13.148099)
(16.424749, 0.293432, -12.999397), (16.427998, 0.317078, -12.847406), (16.579241, 0.269984, -12.995615)
(16.579241, 0.269984, -12.995615), (16.73349, 0.246046, -12.991909), (16.729753, 0.222497, -13.143793)
(16.579241, 0.269984, -12.995615), (16.582253, 0.290777, -12.843187), (16.73349, 0.246046, -12.991909)
(16.119427, 0.372853, -12.85701), (16.123388, 0.404094, -12.706083), (16.27371, 0.344223, -12.851961)
(16.119427, 0.372853, -12.85701), (16.27371, 0.344223, -12.851961), (16.270273, 0.317894, -13.00356)
(16.27371, 0.344223, -12.851961), (16.277521, 0.372692, -12.700667), (16.427998, 0.317078, -12.847406)
(16.27371, 0.344223, -12.851961), (16.427998, 0.317078, -12.847406), (16.424749, 0.293432, -12.999397)
(16.427998, 0.317078, -12.847406), (16.431601, 0.342521, -12.695683), (16.582253, 0.290777, -12.843187)
(16.427998, 0.317078, -12.847406), (16.582253, 0.290777, -12.843187), (16.579241, 0.269984, -12.995615)
(16.582253, 0.290777, -12.843187), (16.585638, 0.313439, -12.691077), (16.736555, 0.265779, -12.839378)
(16.582253, 0.290777, -12.843187), (16.736555, 0.265779, -12.839378), (16.73349, 0.246046, -12.991909)
# 17.061247949980007, 0, -13.05531455002
(16.876509, 0.156938, -13.288851), (17.026752, 0.113664, -13.282097), (17.019808, 0.073199, -13.430893)
(16.876509, 0.156938, -13.288851), (16.882051, 0.189827, -13.138661), (17.026752, 0.113664, -13.282097)
(17.026752, 0.113664, -13.282097), (17.175959, 0.063289, -13.274529), (17.168598, 0.021704, -13.423034)
(17.026752, 0.113664, -13.282097), (17.033117, 0.15018, -13.132596), (17.175959, 0.063289, -13.274529)
(17.175959, 0.063289, -13.274529), (17.324427, 0.006423, -13.26643), (17.316889, -0.034724, -13.414869)
(17.175959, 0.063289, -13.274529), (17.18294, 0.10211, -13.125524), (17.324427, 0.006423, -13.26643)
(17.324427, 0.006423, -13.26643), (17.472588, -0.055044, -13.2582), (17.465059, -0.094108, -13.406735)
(17.324427, 0.006423, -13.26643), (17.331837, 0.046293, -13.117744), (17.472588, -0.055044, -13.2582)
(16.729753, 0.222497, -13.143793), (16.73349, 0.246046, -12.991909), (16.882051, 0.189827, -13.138661)
(16.729753, 0.222497, -13.143793), (16.882051, 0.189827, -13.138661), (16.876509, 0.156938, -13.288851)
(16.882051, 0.189827, -13.138661), (17.033117, 0.15018, -13.132596), (17.026752, 0.113664, -13.282097)
(16.882051, 0.189827, -13.138661), (16.886765, 0.217605, -12.987587), (17.033117, 0.15018, -13.132596)
(17.033117, 0.15018, -13.132596), (17.03875, 0.182135, -12.982283), (17.18294, 0.10211, -13.125524)
(17.033117, 0.15018, -13.132596), (17.18294, 0.10211, -13.125524), (17.175959, 0.063289, -13.274529)
(17.18294, 0.10211, -13.125524), (17.331837, 0.046293, -13.117744), (17.324427, 0.006423, -13.26643)
(17.18294, 0.10211, -13.125524), (17.189337, 0.137303, -12.975843), (17.331837, 0.046293, -13.117744)
(17.331837, 0.046293, -13.117744), (17.338776, 0.083196, -12.968493), (17.48019, -0.015989, -13.109632)
(17.331837, 0.046293, -13.117744), (17.48019, -0.015989, -13.109632), (17.472588, -0.055044, -13.2582)
(16.73349, 0.246046, -12.991909), (16.886765, 0.217605, -12.987587), (16.882051, 0.189827, -13.138661)
(16.73349, 0.246046, -12.991909), (16.736555, 0.265779, -12.839378), (16.886765, 0.217605, -12.987587)
(16.886765, 0.217605, -12.987587), (17.03875, 0.182135, -12.982283), (17.033117, 0.15018, -13.132596)
(16.886765, 0.217605, -12.987587), (16.890606, 0.240256, -12.835628), (17.03875, 0.182135, -12.982283)
(17.03875, 0.182135, -12.982283), (17.189337, 0.137303, -12.975843), (17.18294, 0.10211, -13.125524)
(17.03875, 0.182135, -12.982283), (17.043554, 0.209157, -12.831107), (17.189337, 0.137303, -12.975843)
(17.189337, 0.137303, -12.975843), (17.338776, 0.083196, -12.968493), (17.331837, 0.046293, -13.117744)
(17.189337, 0.137303, -12.975843), (17.195004, 0.168283, -12.825374), (17.338776, 0.083196, -12.968493)
(17.338776, 0.083196, -12.968493), (17.487482, 0.021403, -12.960649), (17.48019, -0.015989, -13.109632)
(17.338776, 0.083196, -12.968493), (17.345148, 0.116982, -12.818617), (17.487482, 0.021403, -12.960649)
(16.736555, 0.265779, -12.839378), (16.739681, 0.285556, -12.686845), (16.890606, 0.240256, -12.835628)
(16.736555, 0.265779, -12.839378), (16.890606, 0.240256, -12.835628), (16.886765, 0.217605, -12.987587)
(16.890606, 0.240256, -12.835628), (16.893761, 0.2589, -12.682966), (17.043554, 0.209157, -12.831107)
(16.890606, 0.240256, -12.835628), (17.043554, 0.209157, -12.831107), (17.03875, 0.182135, -12.982283)
(17.043554, 0.209157, -12.831107), (17.047474, 0.231029, -12.679024), (17.195004, 0.168283, -12.825374)
(17.043554, 0.209157, -12.831107), (17.195004, 0.168283, -12.825374), (17.189337, 0.137303, -12.975843)
(17.195004, 0.168283, -12.825374), (17.199829, 0.194579, -12.674035), (17.345148, 0.116982, -12.818617)
(17.195004, 0.168283, -12.825374), (17.345148, 0.116982, -12.818617), (17.338776, 0.083196, -12.968493)
(17.345148, 0.116982, -12.818617), (17.350742, 0.146836, -12.667921), (17.494381, 0.056893, -12.811207)
(17.345148, 0.116982, -12.818617), (17.494381, 0.056893, -12.811207), (17.487482, 0.021403, -12.960649)
# 17.729018183313343, 0, -13.05531455002
(17.912472, -0.281236, -13.386003), (17.919239, -0.247409, -13.236494), (18.063814, -0.341209, -13.381512)
(17.912472, -0.281236, -13.386003), (18.063814, -0.341209, -13.381512), (18.058491, -0.37275, -13.532487)
(17.472588, -0.055044, -13.2582), (17.62085, -0.118927, -13.250221), (17.613436, -0.155965, -13.398944)
(17.472588, -0.055044, -13.2582), (17.48019, -0.015989, -13.109632), (17.62085, -0.118927, -13.250221)
(17.62085, -0.118927, -13.250221), (17.769644, -0.183028, -13.242892), (17.762444, -0.219083, -13.391906)
(17.62085, -0.118927, -13.250221), (17.628481, -0.081697, -13.101621), (17.769644, -0.183028, -13.242892)
(17.769644, -0.183028, -13.242892), (17.919239, -0.247409, -13.236494), (17.912472, -0.281236, -13.386003)
(17.769644, -0.183028, -13.242892), (17.777065, -0.149102, -13.094051), (17.919239, -0.247409, -13.236494)
(17.919239, -0.247409, -13.236494), (18.069977, -0.309754, -13.231329), (18.063814, -0.341209, -13.381512)
(17.919239, -0.247409, -13.236494), (17.926338, -0.215373, -13.087269), (18.069977, -0.309754, -13.231329)
(17.48019, -0.015989, -13.109632), (17.628481, -0.081697, -13.101621), (17.62085, -0.118927, -13.250221)
(17.48019, -0.015989, -13.109632), (17.487482, 0.021403, -12.960649), (17.628481, -0.081697, -13.101621)
(17.628481, -0.081697, -13.101621), (17.635914, -0.045666, -12.952732), (17.777065, -0.149102, -13.094051)
(17.628481, -0.081697, -13.101621), (17.777065, -0.149102, -13.094051), (17.769644, -0.183028, -13.242892)
(17.777065, -0.149102, -13.094051), (17.926338, -0.215373, -13.087269), (17.919239, -0.247409, -13.236494)
(17.777065, -0.149102, -13.094051), (17.784491, -0.115359, -12.945132), (17.926338, -0.215373, -13.087269)
(17.926338, -0.215373, -13.087269), (17.933634, -0.184447, -12.938229), (18.07663, -0.279796, -13.081607)
(17.926338, -0.215373, -13.087269), (18.07663, -0.279796, -13.081607), (18.069977, -0.309754, -13.231329)
(17.487482, 0.021403, -12.960649), (17.635914, -0.045666, -12.952732), (17.628481, -0.081697, -13.101621)
(17.487482, 0.021403, -12.960649), (17.494381, 0.056893, -12.811207), (17.635914, -0.045666, -12.952732)
(17.635914, -0.045666, -12.952732), (17.784491, -0.115359, -12.945132), (17.777065, -0.149102, -13.094051)
(17.635914, -0.045666, -12.952732), (17.643139, -0.010157, -12.803575), (17.784491, -0.115359, -12.945132)
(17.784491, -0.115359, -12.945132), (17.933634, -0.184447, -12.938229), (17.926338, -0.215373, -13.087269)
(17.784491, -0.115359, -12.945132), (17.791868, -0.080849, -12.796114), (17.933634, -0.184447, -12.938229)
(17.933634, -0.184447, -12.938229), (18.083672, -0.250972, -12.932327), (18.07663, -0.279796, -13.081607)
(17.933634, -0.184447, -12.938229), (17.940952, -0.152952, -12.789188), (18.083672, -0.250972, -12.932327)
(17.494381, 0.056893, -12.811207), (17.500599, 0.089201, -12.661043), (17.643139, -0.010157, -12.803575)
(17.494381, 0.056893, -12.811207), (17.643139, -0.010157, -12.803575), (17.635914, -0.045666, -12.952732)
(17.643139, -0.010157, -12.803575), (17.649805, 0.023487, -12.653804), (17.791868, -0.080849, -12.796114)
(17.643139, -0.010157, -12.803575), (17.791868, -0.080849, -12.796114), (17.784491, -0.115359, -12.945132)
(17.791868, -0.080849, -12.796114), (17.798784, -0.047674, -12.646599), (17.940952, -0.152952, -12.789188)
(17.791868, -0.080849, -12.796114), (17.940952, -0.152952, -12.789188), (17.933634, -0.184447, -12.938229)
(17.940952, -0.152952, -12.789188), (17.94796, -0.121255, -12.639788), (18.090759, -0.222813, -12.7831)
(17.940952, -0.152952, -12.789188), (18.090759, -0.222813, -12.7831), (18.083672, -0.250972, -12.932327)
# 18.39678841664667, 0, -13.05531455002
(18.063814, -0.341209, -13.381512), (18.069977, -0.309754, -13.231329), (18.216761, -0.395383, -13.378653)
(18.063814, -0.341209, -13.381512), (18.216761, -0.395383, -13.378653), (18.212339, -0.422196, -13.53058)
(18.686684, -0.493406, -13.380806), (18.689333, -0.481731, -13.227153), (18.846972, -0.498229, -13.384963)
(18.686684, -0.493406, -13.380806), (18.846972, -0.498229, -13.384963), (18.846394, -0.50245, -13.54068)
(18.216761, -0.395383, -13.378653), (18.222115, -0.367934, -13.227613), (18.371471, -0.440518, -13.377519)
(18.216761, -0.395383, -13.378653), (18.371471, -0.440518, -13.377519), (18.368099, -0.461691, -13.530533)
(18.528101, -0.473976, -13.378231), (18.531712, -0.456768, -13.225497), (18.686684, -0.493406, -13.380806)
(18.528101, -0.473976, -13.378231), (18.686684, -0.493406, -13.380806), (18.68524, -0.50293, -13.535698)
(18.371471, -0.440518, -13.377519), (18.375969, -0.418097, -13.225632), (18.528101, -0.473976, -13.378231)
(18.371471, -0.440518, -13.377519), (18.528101, -0.473976, -13.378231), (18.525745, -0.489183, -13.532252)
(18.069977, -0.309754, -13.231329), (18.222115, -0.367934, -13.227613), (18.216761, -0.395383, -13.378653)
(18.069977, -0.309754, -13.231329), (18.07663, -0.279796, -13.081607), (18.222115, -0.367934, -13.227613)
(18.222115, -0.367934, -13.227613), (18.375969, -0.418097, -13.225632), (18.371471, -0.440518, -13.377519)
(18.222115, -0.367934, -13.227613), (18.228228, -0.340896, -13.077365), (18.375969, -0.418097, -13.225632)
(18.689333, -0.481731, -13.227153), (18.848633, -0.492153, -13.230362), (18.846972, -0.498229, -13.384963)
(18.689333, -0.481731, -13.227153), (18.692928, -0.46832, -13.074488), (18.848633, -0.492153, -13.230362)
(18.375969, -0.418097, -13.225632), (18.531712, -0.456768, -13.225497), (18.528101, -0.473976, -13.378231)
(18.375969, -0.418097, -13.225632), (18.381407, -0.394646, -13.074724), (18.531712, -0.456768, -13.225497)
(18.531712, -0.456768, -13.225497), (18.689333, -0.481731, -13.227153), (18.686684, -0.493406, -13.380806)
(18.531712, -0.456768, -13.225497), (18.536304, -0.437719, -13.073778), (18.689333, -0.481731, -13.227153)
(18.07663, -0.279796, -13.081607), (18.228228, -0.340896, -13.077365), (18.222115, -0.367934, -13.227613)
(18.07663, -0.279796, -13.081607), (18.083672, -0.250972, -12.932327), (18.228228, -0.340896, -13.077365)
(18.228228, -0.340896, -13.077365), (18.234865, -0.313605, -12.927671), (18.381407, -0.394646, -13.074724)
(18.228228, -0.340896, -13.077365), (18.381407, -0.394646, -13.074724), (18.375969, -0.418097, -13.225632)
(18.381407, -0.394646, -13.074724), (18.536304, -0.437719, -13.073778), (18.531712, -0.456768, -13.225497)
(18.381407, -0.394646, -13.074724), (18.387424, -0.370243, -12.924434), (18.536304, -0.437719, -13.073778)
(18.692928, -0.46832, -13.074488), (18.851322, -0.484085, -13.07687), (18.848633, -0.492153, -13.230362)
(18.692928, -0.46832, -13.074488), (18.697348, -0.453284, -12.922737), (18.851322, -0.484085, -13.07687)
(18.536304, -0.437719, -13.073778), (18.541512, -0.418055, -12.922736), (18.692928, -0.46832, -13.074488)
(18.536304, -0.437719, -13.073778), (18.692928, -0.46832, -13.074488), (18.689333, -0.481731, -13.227153)
(18.083672, -0.250972, -12.932327), (18.234865, -0.313605, -12.927671), (18.228228, -0.340896, -13.077365)
(18.083672, -0.250972, -12.932327), (18.090759, -0.222813, -12.7831), (18.234865, -0.313605, -12.927671)
(18.234865, -0.313605, -12.927671), (18.387424, -0.370243, -12.924434), (18.381407, -0.394646, -13.074724)
(18.234865, -0.313605, -12.927671), (18.241592, -0.287685, -12.77811), (18.387424, -0.370243, -12.924434)
(18.387424, -0.370243, -12.924434), (18.541512, -0.418055, -12.922736), (18.536304, -0.437719, -13.073778)
(18.387424, -0.370243, -12.924434), (18.393686, -0.347253, -12.77446), (18.541512, -0.418055, -12.922736)
(18.697348, -0.453284, -12.922737), (18.854939, -0.473634, -12.924395), (18.851322, -0.484085, -13.07687)
(18.697348, -0.453284, -12.922737), (18.702398, -0.437112, -12.771707), (18.854939, -0.473634, -12.924395)
(18.541512, -0.418055, -12.922736), (18.697348, -0.453284, -12.922737), (18.692928, -0.46832, -13.074488)
(18.541512, -0.418055, -12.922736), (18.547249, -0.398058, -12.772314), (18.697348, -0.453284, -12.922737)
(18.090759, -0.222813, -12.7831), (18.097723, -0.193422, -12.63371), (18.241592, -0.287685, -12.77811)
(18.090759, -0.222813, -12.7831), (18.241592, -0.287685, -12.77811), (18.234865, -0.313605, -12.927671)
(18.241592, -0.287685, -12.77811), (18.248356, -0.261944, -12.628623), (18.393686, -0.347253, -12.77446)
(18.241592, -0.287685, -12.77811), (18.393686, -0.347253, -12.77446), (18.387424, -0.370243, -12.924434)
(18.393686, -0.347253, -12.77446), (18.400141, -0.323618, -12.624733), (18.547249, -0.398058, -12.772314)
(18.393686, -0.347253, -12.77446), (18.547249, -0.398058, -12.772314), (18.541512, -0.418055, -12.922736)
(18.547249, -0.398058, -12.772314), (18.553213, -0.377392, -12.622166), (18.702398, -0.437112, -12.771707)
(18.547249, -0.398058, -12.772314), (18.702398, -0.437112, -12.771707), (18.697348, -0.453284, -12.922737)
(18.702398, -0.437112, -12.771707), (18.707649, -0.421274, -12.620968), (18.859123, -0.462757, -12.772606)
(18.702398, -0.437112, -12.771707), (18.859123, -0.462757, -12.772606), (18.854939, -0.473634, -12.924395)
# 19.064558649980007, 0, -13.05531455002
(18.846972, -0.498229, -13.384963), (18.848633, -0.492153, -13.230362), (19.00856, -0.489184, -13.390273)
(18.846972, -0.498229, -13.384963), (19.00856, -0.489184, -13.390273), (19.008781, -0.488681, -13.546754)
(19.334316, -0.43646, -13.246917), (19.497417, -0.394082, -13.253338), (19.498165, -0.388044, -13.410168)
(19.334316, -0.43646, -13.246917), (19.3347, -0.440316, -13.091314), (19.497417, -0.394082, -13.253338)
(19.171505, -0.468471, -13.240633), (19.334316, -0.43646, -13.246917), (19.334625, -0.431908, -13.403334)
(19.171505, -0.468471, -13.240633), (19.172626, -0.468852, -13.085717), (19.334316, -0.43646, -13.246917)
(19.009445, -0.487655, -13.23495), (19.171505, -0.468471, -13.240633), (19.171242, -0.46654, -13.396522)
(19.009445, -0.487655, -13.23495), (19.011347, -0.484025, -13.080744), (19.171505, -0.468471, -13.240633)
(18.848633, -0.492153, -13.230362), (19.009445, -0.487655, -13.23495), (19.00856, -0.489184, -13.390273)
(18.848633, -0.492153, -13.230362), (18.851322, -0.484085, -13.07687), (19.009445, -0.487655, -13.23495)
(19.3347, -0.440316, -13.091314), (19.497364, -0.399687, -13.097321), (19.497417, -0.394082, -13.253338)
(19.3347, -0.440316, -13.091314), (19.33581, -0.444101, -12.936574), (19.497364, -0.399687, -13.097321)
(19.172626, -0.468852, -13.085717), (19.174427, -0.468563, -12.931599), (19.3347, -0.440316, -13.091314)
(19.172626, -0.468852, -13.085717), (19.3347, -0.440316, -13.091314), (19.334316, -0.43646, -13.246917)
(19.011347, -0.484025, -13.080744), (19.172626, -0.468852, -13.085717), (19.171505, -0.468471, -13.240633)
(19.011347, -0.484025, -13.080744), (19.014074, -0.478473, -12.927467), (19.172626, -0.468852, -13.085717)
(18.851322, -0.484085, -13.07687), (18.854939, -0.473634, -12.924395), (19.011347, -0.484025, -13.080744)
(18.851322, -0.484085, -13.07687), (19.011347, -0.484025, -13.080744), (19.009445, -0.487655, -13.23495)
(19.33581, -0.444101, -12.936574), (19.497889, -0.406658, -12.942045), (19.497364, -0.399687, -13.097321)
(19.33581, -0.444101, -12.936574), (19.337509, -0.448545, -12.782562), (19.497889, -0.406658, -12.942045)
(19.174427, -0.468563, -12.931599), (19.33581, -0.444101, -12.936574), (19.3347, -0.440316, -13.091314)
(19.174427, -0.468563, -12.931599), (19.176857, -0.468702, -12.778246), (19.33581, -0.444101, -12.936574)
(19.014074, -0.478473, -12.927467), (19.174427, -0.468563, -12.931599), (19.172626, -0.468852, -13.085717)
(19.014074, -0.478473, -12.927467), (19.0173, -0.473652, -12.774825), (19.174427, -0.468563, -12.931599)
(18.854939, -0.473634, -12.924395), (19.014074, -0.478473, -12.927467), (19.011347, -0.484025, -13.080744)
(18.854939, -0.473634, -12.924395), (18.859123, -0.462757, -12.772606), (19.014074, -0.478473, -12.927467)
(19.337509, -0.448545, -12.782562), (19.339602, -0.452989, -12.629047), (19.498856, -0.415138, -12.787348)
(19.337509, -0.448545, -12.782562), (19.498856, -0.415138, -12.787348), (19.497889, -0.406658, -12.942045)
(19.176857, -0.468702, -12.778246), (19.179798, -0.467714, -12.625493), (19.337509, -0.448545, -12.782562)
(19.176857, -0.468702, -12.778246), (19.337509, -0.448545, -12.782562), (19.33581, -0.444101, -12.936574)
(19.0173, -0.473652, -12.774825), (19.021025, -0.467728, -12.622761), (19.176857, -0.468702, -12.778246)
(19.0173, -0.473652, -12.774825), (19.176857, -0.468702, -12.778246), (19.174427, -0.468563, -12.931599)
(18.859123, -0.462757, -12.772606), (18.863581, -0.45212, -12.621181), (19.0173, -0.473652, -12.774825)
(18.859123, -0.462757, -12.772606), (19.0173, -0.473652, -12.774825), (19.014074, -0.478473, -12.927467)
# 19.732328883313336, 0, -13.05531455002
(19.823479, -0.287347, -13.265627), (19.985561, -0.231329, -13.270703), (19.986513, -0.228889, -13.427832)
(19.823479, -0.287347, -13.265627), (19.822752, -0.294508, -13.108932), (19.985561, -0.231329, -13.270703)
(19.660637, -0.343021, -13.259725), (19.823479, -0.287347, -13.265627), (19.824497, -0.282674, -13.422766)
(19.660637, -0.343021, -13.259725), (19.660221, -0.349705, -13.103359), (19.823479, -0.287347, -13.265627)
(19.497417, -0.394082, -13.253338), (19.660637, -0.343021, -13.259725), (19.661543, -0.337365, -13.416721)
(19.497417, -0.394082, -13.253338), (19.497364, -0.399687, -13.097321), (19.660637, -0.343021, -13.259725)
(19.822752, -0.294508, -13.108932), (19.822359, -0.305276, -12.952748), (19.984812, -0.237161, -13.11393)
(19.822752, -0.294508, -13.108932), (19.984812, -0.237161, -13.11393), (19.985561, -0.231329, -13.270703)
(19.660221, -0.349705, -13.103359), (19.822752, -0.294508, -13.108932), (19.823479, -0.287347, -13.265627)
(19.660221, -0.349705, -13.103359), (19.660183, -0.359353, -12.947538), (19.822752, -0.294508, -13.108932)
(19.497364, -0.399687, -13.097321), (19.497889, -0.406658, -12.942045), (19.660221, -0.349705, -13.103359)
(19.497364, -0.399687, -13.097321), (19.660221, -0.349705, -13.103359), (19.660637, -0.343021, -13.259725)
(19.822359, -0.305276, -12.952748), (19.984243, -0.247198, -12.957517), (19.984812, -0.237161, -13.11393)
(19.822359, -0.305276, -12.952748), (19.822309, -0.318016, -12.797051), (19.984243, -0.247198, -12.957517)
(19.660183, -0.359353, -12.947538), (19.822359, -0.305276, -12.952748), (19.822752, -0.294508, -13.108932)
(19.660183, -0.359353, -12.947538), (19.6605, -0.371019, -12.792229), (19.822359, -0.305276, -12.952748)
(19.497889, -0.406658, -12.942045), (19.660183, -0.359353, -12.947538), (19.660221, -0.349705, -13.103359)
(19.497889, -0.406658, -12.942045), (19.498856, -0.415138, -12.787348), (19.660183, -0.359353, -12.947538)
(19.822309, -0.318016, -12.797051), (19.822498, -0.333415, -12.641735), (19.983852, -0.260264, -12.801436)
(19.822309, -0.318016, -12.797051), (19.983852, -0.260264, -12.801436), (19.984243, -0.247198, -12.957517)
(19.6605, -0.371019, -12.792229), (19.661213, -0.38387, -12.637434), (19.822309, -0.318016, -12.797051)
(19.6605, -0.371019, -12.792229), (19.822309, -0.318016, -12.797051), (19.822359, -0.305276, -12.952748)
(19.498856, -0.415138, -12.787348), (19.500118, -0.424716, -12.633083), (19.6605, -0.371019, -12.792229)
(19.498856, -0.415138, -12.787348), (19.6605, -0.371019, -12.792229), (19.660183, -0.359353, -12.947538)
