# -19.66611488335333, 0, -15.058625250020004
(-19.992292, -0.379359, -15.307295), (-19.992674, -0.37912, -15.151609), (-19.834326, -0.451061, -15.306157)
(-19.992292, -0.379359, -15.307295), (-19.834326, -0.451061, -15.306157), (-19.833351, -0.450996, -15.46134)
(-19.834326, -0.451061, -15.306157), (-19.834797, -0.450785, -15.150613), (-19.676626, -0.509008, -15.305197)
(-19.834326, -0.451061, -15.306157), (-19.676626, -0.509008, -15.305197), (-19.675442, -0.508675, -15.460166)
(-19.676626, -0.509008, -15.305197), (-19.677193, -0.508376, -15.149797), (-19.519306, -0.548954, -15.304498)
(-19.676626, -0.509008, -15.305197), (-19.519306, -0.548954, -15.304498), (-19.517944, -0.549477, -15.459289)
(-19.519306, -0.548954, -15.304498), (-19.519981, -0.547605, -15.149229), (-19.362436, -0.568033, -15.304094)
(-19.519306, -0.548954, -15.304498), (-19.362436, -0.568033, -15.304094), (-19.360914, -0.569703, -15.458728)
(-19.362436, -0.568033, -15.304094), (-19.363234, -0.565773, -15.148941), (-19.206276, -0.564492, -15.304028)
(-19.362436, -0.568033, -15.304094), (-19.206276, -0.564492, -15.304028), (-19.204403, -0.567882, -15.458527)
(-19.992674, -0.37912, -15.151609), (-19.834797, -0.450785, -15.150613), (-19.834326, -0.451061, -15.306157)
(-19.992674, -0.37912, -15.151609), (-19.992693, -0.377817, -14.995681), (-19.834797, -0.450785, -15.150613)
(-19.834797, -0.450785, -15.150613), (-19.677193, -0.508376, -15.149797), (-19.676626, -0.509008, -15.305197)
(-19.834797, -0.450785, -15.150613), (-19.83485, -0.449086, -14.994791), (-19.677193, -0.508376, -15.149797)
(-19.677193, -0.508376, -15.149797), (-19.519981, -0.547605, -15.149229), (-19.519306, -0.548954, -15.304498)
(-19.677193, -0.508376, -15.149797), (-19.677282, -0.506261, -14.994069), (-19.519981, -0.547605, -15.149229)
(-19.519981, -0.547605, -15.149229), (-19.363234, -0.565773, -15.148941), (-19.362436, -0.568033, -15.304094)
(-19.519981, -0.547605, -15.149229), (-19.520092, -0.545153, -14.993576), (-19.363234, -0.565773, -15.148941)
(-19.363234, -0.565773, -15.148941), (-19.208673, -0.55834, -15.14906), (-19.206276, -0.564492, -15.304028)
(-19.363234, -0.565773, -15.148941), (-19.364075, -0.561608, -14.993387), (-19.208673, -0.55834, -15.14906)
(-19.992693, -0.377817, -14.995681), (-19.992428, -0.375311, -14.839579), (-19.83485, -0.449086, -14.994791)
(-19.992693, -0.377817, -14.995681), (-19.83485, -0.449086, -14.994791), (-19.834797, -0.450785, -15.150613)
(-19.83485, -0.449086, -14.994791), (-19.834515, -0.44673, -14.838724), (-19.677282, -0.506261, -14.994069)
(-19.83485, -0.449086, -14.994791), (-19.677282, -0.506261, -14.994069), (-19.677193, -0.508376, -15.149797)
(-19.677282, -0.506261, -14.994069), (-19.520092, -0.545153, -14.993576), (-19.519981, -0.547605, -15.149229)
(-19.677282, -0.506261, -14.994069), (-19.676897, -0.503806, -14.838037), (-19.520092, -0.545153, -14.993576)
(-19.520092, -0.545153, -14.993576), (-19.519838, -0.54214, -14.837589), (-19.364075, -0.561608, -14.993387)
(-19.520092, -0.545153, -14.993576), (-19.364075, -0.561608, -14.993387), (-19.363234, -0.565773, -15.148941)
(-19.364075, -0.561608, -14.993387), (-19.366045, -0.554068, -14.837599), (-19.212383, -0.548174, -14.993749)
(-19.364075, -0.561608, -14.993387), (-19.212383, -0.548174, -14.993749), (-19.208673, -0.55834, -15.14906)
(-19.992428, -0.375311, -14.839579), (-19.834515, -0.44673, -14.838724), (-19.83485, -0.449086, -14.994791)
(-19.992428, -0.375311, -14.839579), (-19.991896, -0.37224, -14.683323), (-19.834515, -0.44673, -14.838724)
(-19.834515, -0.44673, -14.838724), (-19.676897, -0.503806, -14.838037), (-19.677282, -0.506261, -14.994069)
(-19.834515, -0.44673, -14.838724), (-19.833876, -0.443698, -14.682473), (-19.676897, -0.503806, -14.838037)
(-19.676897, -0.503806, -14.838037), (-19.519838, -0.54214, -14.837589), (-19.520092, -0.545153, -14.993576)
(-19.676897, -0.503806, -14.838037), (-19.676163, -0.50073, -14.681801), (-19.519838, -0.54214, -14.837589)
(-19.366045, -0.554068, -14.837599), (-19.217102, -0.535107, -14.83819), (-19.212383, -0.548174, -14.993749)
(-19.366045, -0.554068, -14.837599), (-19.368523, -0.544453, -14.681636), (-19.217102, -0.535107, -14.83819)
(-19.519838, -0.54214, -14.837589), (-19.366045, -0.554068, -14.837599), (-19.364075, -0.561608, -14.993387)
(-19.519838, -0.54214, -14.837589), (-19.520214, -0.536697, -14.681455), (-19.366045, -0.554068, -14.837599)
# -18.99834465002, 0, -15.058625250020004
(-18.762472, -0.373737, -15.309059), (-18.774439, -0.346136, -15.154663), (-18.622339, -0.252118, -15.314092)
(-18.762472, -0.373737, -15.309059), (-18.622339, -0.252118, -15.314092), (-18.60832, -0.286001, -15.467661)
(-18.905592, -0.469054, -15.306015), (-18.914545, -0.447976, -15.151586), (-18.762472, -0.373737, -15.309059)
(-18.905592, -0.469054, -15.306015), (-18.762472, -0.373737, -15.309059), (-18.751713, -0.399929, -15.46277)
(-19.053391, -0.532853, -15.304528), (-19.058935, -0.519527, -15.149843), (-18.905592, -0.469054, -15.306015)
(-19.053391, -0.532853, -15.304528), (-18.905592, -0.469054, -15.306015), (-18.897993, -0.487297, -15.459929)
(-19.206276, -0.564492, -15.304028), (-19.208673, -0.55834, -15.14906), (-19.053391, -0.532853, -15.304528)
(-19.206276, -0.564492, -15.304028), (-19.053391, -0.532853, -15.304528), (-19.049145, -0.542501, -15.458773)
(-18.774439, -0.346136, -15.154663), (-18.636423, -0.221692, -15.159475), (-18.622339, -0.252118, -15.314092)
(-18.774439, -0.346136, -15.154663), (-18.7868, -0.31876, -14.999732), (-18.636423, -0.221692, -15.159475)
(-18.914545, -0.447976, -15.151586), (-18.774439, -0.346136, -15.154663), (-18.762472, -0.373737, -15.309059)
(-18.914545, -0.447976, -15.151586), (-18.924576, -0.424699, -14.996708), (-18.774439, -0.346136, -15.154663)
(-19.058935, -0.519527, -15.149843), (-18.914545, -0.447976, -15.151586), (-18.905592, -0.469054, -15.306015)
(-19.058935, -0.519527, -15.149843), (-19.065969, -0.502353, -14.994801), (-18.914545, -0.447976, -15.151586)
(-19.208673, -0.55834, -15.14906), (-19.058935, -0.519527, -15.149843), (-19.053391, -0.532853, -15.304528)
(-19.208673, -0.55834, -15.14906), (-19.212383, -0.548174, -14.993749), (-19.058935, -0.519527, -15.149843)
(-18.7868, -0.31876, -14.999732), (-18.650156, -0.196629, -15.004388), (-18.636423, -0.221692, -15.159475)
(-18.7868, -0.31876, -14.999732), (-18.797867, -0.295154, -14.844365), (-18.650156, -0.196629, -15.004388)
(-18.924576, -0.424699, -14.996708), (-18.934101, -0.402644, -14.841441), (-18.7868, -0.31876, -14.999732)
(-18.924576, -0.424699, -14.996708), (-18.7868, -0.31876, -14.999732), (-18.774439, -0.346136, -15.154663)
(-19.065969, -0.502353, -14.994801), (-18.924576, -0.424699, -14.996708), (-18.914545, -0.447976, -15.151586)
(-19.065969, -0.502353, -14.994801), (-19.073277, -0.484245, -14.839431), (-18.924576, -0.424699, -14.996708)
(-19.212383, -0.548174, -14.993749), (-19.217102, -0.535107, -14.83819), (-19.065969, -0.502353, -14.994801)
(-19.212383, -0.548174, -14.993749), (-19.065969, -0.502353, -14.994801), (-19.058935, -0.519527, -15.149843)
(-18.797867, -0.295154, -14.844365), (-18.66168, -0.179476, -14.848978), (-18.650156, -0.196629, -15.004388)
(-18.797867, -0.295154, -14.844365), (-18.806221, -0.278168, -14.688712), (-18.66168, -0.179476, -14.848978)
(-18.934101, -0.402644, -14.841441), (-18.797867, -0.295154, -14.844365), (-18.7868, -0.31876, -14.999732)
(-18.934101, -0.402644, -14.841441), (-18.941868, -0.383519, -14.68583), (-18.797867, -0.295154, -14.844365)
(-19.073277, -0.484245, -14.839431), (-18.934101, -0.402644, -14.841441), (-18.924576, -0.424699, -14.996708)
(-19.073277, -0.484245, -14.839431), (-19.079613, -0.467384, -14.683766), (-18.934101, -0.402644, -14.841441)
(-19.217102, -0.535107, -14.83819), (-19.073277, -0.484245, -14.839431), (-19.065969, -0.502353, -14.994801)
(-19.217102, -0.535107, -14.83819), (-19.221613, -0.521549, -14.682396), (-19.073277, -0.484245, -14.839431)
# -18.330574416686666, 0, -15.058625250020004
(-18.04917, 0.128033, -15.353995), (-18.060608, 0.115085, -15.197199), (-17.897932, 0.138091, -15.364617)
(-18.04917, 0.128033, -15.353995), (-17.897932, 0.138091, -15.364617), (-17.883883, 0.144237, -15.520568)
(-18.197155, 0.07899, -15.342716), (-18.210979, 0.080158, -15.186884), (-18.04917, 0.128033, -15.353995)
(-18.197155, 0.07899, -15.342716), (-18.04917, 0.128033, -15.353995), (-18.032497, 0.120751, -15.508928)
(-18.341286, -0.00707, -15.331408), (-18.356792, 0.007236, -15.176401), (-18.197155, 0.07899, -15.342716)
(-18.341286, -0.00707, -15.331408), (-18.197155, 0.07899, -15.342716), (-18.178875, 0.059167, -15.496602)
(-18.482479, -0.121731, -15.321483), (-18.498028, -0.097246, -15.166832), (-18.341286, -0.00707, -15.331408)
(-18.482479, -0.121731, -15.321483), (-18.341286, -0.00707, -15.331408), (-18.323084, -0.03526, -15.484818)
(-18.622339, -0.252118, -15.314092), (-18.636423, -0.221692, -15.159475), (-18.482479, -0.121731, -15.321483)
(-18.622339, -0.252118, -15.314092), (-18.482479, -0.121731, -15.321483), (-18.465839, -0.156252, -15.474836)
(-18.060608, 0.115085, -15.197199), (-17.906162, 0.110756, -15.206475), (-17.897932, 0.138091, -15.364617)
(-18.060608, 0.115085, -15.197199), (-18.06605, 0.084628, -15.038767), (-17.906162, 0.110756, -15.206475)
(-18.210979, 0.080158, -15.186884), (-18.060608, 0.115085, -15.197199), (-18.04917, 0.128033, -15.353995)
(-18.210979, 0.080158, -15.186884), (-18.220411, 0.066155, -15.029736), (-18.060608, 0.115085, -15.197199)
(-18.356792, 0.007236, -15.176401), (-18.210979, 0.080158, -15.186884), (-18.197155, 0.07899, -15.342716)
(-18.356792, 0.007236, -15.176401), (-18.36908, 0.009447, -15.020336), (-18.210979, 0.080158, -15.186884)
(-18.498028, -0.097246, -15.166832), (-18.356792, 0.007236, -15.176401), (-18.341286, -0.00707, -15.331408)
(-18.498028, -0.097246, -15.166832), (-18.511812, -0.081854, -15.011444), (-18.356792, 0.007236, -15.176401)
(-18.636423, -0.221692, -15.159475), (-18.498028, -0.097246, -15.166832), (-18.482479, -0.121731, -15.321483)
(-18.636423, -0.221692, -15.159475), (-18.650156, -0.196629, -15.004388), (-18.498028, -0.097246, -15.166832)
(-18.06605, 0.084628, -15.038767), (-18.065706, 0.041344, -14.879623), (-17.907473, 0.065903, -15.046741)
(-18.06605, 0.084628, -15.038767), (-17.907473, 0.065903, -15.046741), (-17.906162, 0.110756, -15.206475)
(-18.220411, 0.066155, -15.029736), (-18.224508, 0.039265, -14.872017), (-18.06605, 0.084628, -15.038767)
(-18.220411, 0.066155, -15.029736), (-18.06605, 0.084628, -15.038767), (-18.060608, 0.115085, -15.197199)
(-18.36908, 0.009447, -15.020336), (-18.376879, -0.00112, -14.863757), (-18.220411, 0.066155, -15.029736)
(-18.36908, 0.009447, -15.020336), (-18.220411, 0.066155, -15.029736), (-18.210979, 0.080158, -15.186884)
(-18.511812, -0.081854, -15.011444), (-18.36908, 0.009447, -15.020336), (-18.356792, 0.007236, -15.176401)
(-18.511812, -0.081854, -15.011444), (-18.522289, -0.076137, -14.85581), (-18.36908, 0.009447, -15.020336)
(-18.650156, -0.196629, -15.004388), (-18.66168, -0.179476, -14.848978), (-18.511812, -0.081854, -15.011444)
(-18.650156, -0.196629, -15.004388), (-18.511812, -0.081854, -15.011444), (-18.498028, -0.097246, -15.166832)
(-18.065706, 0.041344, -14.879623), (-17.902422, 0.009608, -14.88594), (-17.907473, 0.065903, -15.046741)
(-18.065706, 0.041344, -14.879623), (-18.057991, -0.013406, -14.71971), (-17.902422, 0.009608, -14.88594)
(-18.224508, 0.039265, -14.872017), (-18.065706, 0.041344, -14.879623), (-18.06605, 0.084628, -15.038767)
(-18.224508, 0.039265, -14.872017), (-18.221504, -0.000704, -14.713646), (-18.065706, 0.041344, -14.879623)
(-18.376879, -0.00112, -14.863757), (-18.224508, 0.039265, -14.872017), (-18.220411, 0.066155, -15.029736)
(-18.376879, -0.00112, -14.863757), (-18.378662, -0.023039, -14.706878), (-18.224508, 0.039265, -14.872017)
(-18.522289, -0.076137, -14.85581), (-18.376879, -0.00112, -14.863757), (-18.36908, 0.009447, -15.020336)
(-18.522289, -0.076137, -14.85581), (-18.527702, -0.082383, -14.699818), (-18.376879, -0.00112, -14.863757)
(-18.66168, -0.179476, -14.848978), (-18.522289, -0.076137, -14.85581), (-18.511812, -0.081854, -15.011444)
(-18.66168, -0.179476, -14.848978), (-18.669359, -0.171525, -14.693491), (-18.522289, -0.076137, -14.85581)
# -17.662804183353337, 0, -15.058625250020004
(-17.430038, 0.005079, -15.384249), (-17.425886, -0.042728, -15.22092), (-17.268898, -0.047883, -15.383093)
(-17.430038, 0.005079, -15.384249), (-17.268898, -0.047883, -15.383093), (-17.27145, -0.009708, -15.545999)
(-17.588484, 0.060334, -15.380836), (-17.588303, 0.013178, -15.219478), (-17.430038, 0.005079, -15.384249)
(-17.588484, 0.060334, -15.380836), (-17.430038, 0.005079, -15.384249), (-17.427443, 0.04086, -15.544938)
(-17.744181, 0.110584, -15.373812), (-17.748568, 0.071399, -15.214291), (-17.588484, 0.060334, -15.380836)
(-17.744181, 0.110584, -15.373812), (-17.588484, 0.060334, -15.380836), (-17.581266, 0.089642, -15.539677)
(-17.897932, 0.138091, -15.364617), (-17.906162, 0.110756, -15.206475), (-17.744181, 0.110584, -15.373812)
(-17.897932, 0.138091, -15.364617), (-17.744181, 0.110584, -15.373812), (-17.733492, 0.130061, -15.531159)
(-17.425886, -0.042728, -15.22092), (-17.261385, -0.087107, -15.218163), (-17.268898, -0.047883, -15.383093)
(-17.425886, -0.042728, -15.22092), (-17.41646, -0.092141, -15.056177), (-17.261385, -0.087107, -15.218163)
(-17.588303, 0.013178, -15.219478), (-17.425886, -0.042728, -15.22092), (-17.430038, 0.005079, -15.384249)
(-17.588303, 0.013178, -15.219478), (-17.582125, -0.041621, -15.056314), (-17.425886, -0.042728, -15.22092)
(-17.748568, 0.071399, -15.214291), (-17.588303, 0.013178, -15.219478), (-17.588484, 0.060334, -15.380836)
(-17.748568, 0.071399, -15.214291), (-17.746075, 0.018156, -15.052849), (-17.588303, 0.013178, -15.219478)
(-17.906162, 0.110756, -15.206475), (-17.748568, 0.071399, -15.214291), (-17.744181, 0.110584, -15.373812)
(-17.906162, 0.110756, -15.206475), (-17.907473, 0.065903, -15.046741), (-17.748568, 0.071399, -15.214291)
(-17.582125, -0.041621, -15.056314), (-17.569605, -0.100547, -14.892007), (-17.41646, -0.092141, -15.056177)
(-17.582125, -0.041621, -15.056314), (-17.41646, -0.092141, -15.056177), (-17.425886, -0.042728, -15.22092)
(-17.41646, -0.092141, -15.056177), (-17.401617, -0.141414, -14.890291), (-17.249834, -0.124425, -15.052165)
(-17.41646, -0.092141, -15.056177), (-17.249834, -0.124425, -15.052165), (-17.261385, -0.087107, -15.218163)
(-17.746075, 0.018156, -15.052849), (-17.736626, -0.043382, -14.890346), (-17.582125, -0.041621, -15.056314)
(-17.746075, 0.018156, -15.052849), (-17.582125, -0.041621, -15.056314), (-17.588303, 0.013178, -15.219478)
(-17.907473, 0.065903, -15.046741), (-17.746075, 0.018156, -15.052849), (-17.748568, 0.071399, -15.214291)
(-17.907473, 0.065903, -15.046741), (-17.902422, 0.009608, -14.88594), (-17.746075, 0.018156, -15.052849)
(-17.569605, -0.100547, -14.892007), (-17.401617, -0.141414, -14.890291), (-17.41646, -0.092141, -15.056177)
(-17.569605, -0.100547, -14.892007), (-17.551077, -0.158157, -14.726757), (-17.401617, -0.141414, -14.890291)
(-17.736626, -0.043382, -14.890346), (-17.569605, -0.100547, -14.892007), (-17.582125, -0.041621, -15.056314)
(-17.736626, -0.043382, -14.890346), (-17.720722, -0.107818, -14.726815), (-17.569605, -0.100547, -14.892007)
(-17.401617, -0.141414, -14.890291), (-17.234344, -0.157705, -14.885546), (-17.249834, -0.124425, -15.052165)
(-17.401617, -0.141414, -14.890291), (-17.382385, -0.185916, -14.724077), (-17.234344, -0.157705, -14.885546)
(-17.902422, 0.009608, -14.88594), (-17.736626, -0.043382, -14.890346), (-17.746075, 0.018156, -15.052849)
(-17.902422, 0.009608, -14.88594), (-17.890266, -0.053359, -14.724304), (-17.736626, -0.043382, -14.890346)
(-17.720722, -0.107818, -14.726815), (-17.697731, -0.172769, -14.562355), (-17.551077, -0.158157, -14.726757)
(-17.720722, -0.107818, -14.726815), (-17.551077, -0.158157, -14.726757), (-17.569605, -0.100547, -14.892007)
(-17.551077, -0.158157, -14.726757), (-17.526974, -0.212511, -14.560991), (-17.382385, -0.185916, -14.724077)
(-17.551077, -0.158157, -14.726757), (-17.382385, -0.185916, -14.724077), (-17.401617, -0.141414, -14.890291)
# -16.99503395002, 0, -15.058625250020004
(-17.268898, -0.047883, -15.383093), (-17.261385, -0.087107, -15.218163), (-17.105402, -0.088914, -15.377424)
(-17.268898, -0.047883, -15.383093), (-17.105402, -0.088914, -15.377424), (-17.111967, -0.058879, -15.542233)
(-17.105402, -0.088914, -15.377424), (-17.09581, -0.113923, -15.211458), (-16.940186, -0.113613, -15.368082)
(-17.105402, -0.088914, -15.377424), (-16.940186, -0.113613, -15.368082), (-16.949202, -0.098049, -15.533942)
(-16.940186, -0.113613, -15.368082), (-16.929283, -0.121409, -15.201869), (-16.773827, -0.1202, -15.356565)
(-16.940186, -0.113613, -15.368082), (-16.773827, -0.1202, -15.356565), (-16.783792, -0.120532, -15.522453)
(-16.773827, -0.1202, -15.356565), (-16.763092, -0.109703, -15.191073), (-16.607101, -0.108547, -15.344685)
(-16.773827, -0.1202, -15.356565), (-16.607101, -0.108547, -15.344685), (-16.616804, -0.124416, -15.509552)
(-17.261385, -0.087107, -15.218163), (-17.09581, -0.113923, -15.211458), (-17.105402, -0.088914, -15.377424)
(-17.261385, -0.087107, -15.218163), (-17.249834, -0.124425, -15.052165), (-17.09581, -0.113923, -15.211458)
(-17.09581, -0.113923, -15.211458), (-16.929283, -0.121409, -15.201869), (-16.940186, -0.113613, -15.368082)
(-17.09581, -0.113923, -15.211458), (-17.083025, -0.134666, -15.0449), (-16.929283, -0.121409, -15.201869)
(-16.929283, -0.121409, -15.201869), (-16.763092, -0.109703, -15.191073), (-16.773827, -0.1202, -15.356565)
(-16.929283, -0.121409, -15.201869), (-16.917, -0.123455, -15.035853), (-16.763092, -0.109703, -15.191073)
(-16.763092, -0.109703, -15.191073), (-16.597527, -0.081705, -15.180911), (-16.607101, -0.108547, -15.344685)
(-16.763092, -0.109703, -15.191073), (-16.752275, -0.092858, -15.02669), (-16.597527, -0.081705, -15.180911)
(-17.249834, -0.124425, -15.052165), (-17.083025, -0.134666, -15.0449), (-17.09581, -0.113923, -15.211458)
(-17.249834, -0.124425, -15.052165), (-17.234344, -0.157705, -14.885546), (-17.083025, -0.134666, -15.0449)
(-17.083025, -0.134666, -15.0449), (-17.068197, -0.149996, -14.878674), (-16.917, -0.123455, -15.035853)
(-17.083025, -0.134666, -15.0449), (-16.917, -0.123455, -15.035853), (-16.929283, -0.121409, -15.201869)
(-16.917, -0.123455, -15.035853), (-16.904125, -0.118995, -14.870985), (-16.752275, -0.092858, -15.02669)
(-16.917, -0.123455, -15.035853), (-16.752275, -0.092858, -15.02669), (-16.763092, -0.109703, -15.191073)
(-16.752275, -0.092858, -15.02669), (-16.742056, -0.069377, -14.863884), (-16.5889, -0.046608, -15.01882)
(-16.752275, -0.092858, -15.02669), (-16.5889, -0.046608, -15.01882), (-16.597527, -0.081705, -15.180911)
(-17.234344, -0.157705, -14.885546), (-17.068197, -0.149996, -14.878674), (-17.083025, -0.134666, -15.0449)
(-17.234344, -0.157705, -14.885546), (-17.215742, -0.18574, -14.719249), (-17.068197, -0.149996, -14.878674)
(-17.068197, -0.149996, -14.878674), (-16.904125, -0.118995, -14.870985), (-16.917, -0.123455, -15.035853)
(-17.068197, -0.149996, -14.878674), (-17.051975, -0.158484, -14.713278), (-16.904125, -0.118995, -14.870985)
(-16.904125, -0.118995, -14.870985), (-16.742056, -0.069377, -14.863884), (-16.752275, -0.092858, -15.02669)
(-16.904125, -0.118995, -14.870985), (-16.891159, -0.108497, -14.707446), (-16.742056, -0.069377, -14.863884)
(-16.742056, -0.069377, -14.863884), (-16.581472, -0.007386, -14.858588), (-16.5889, -0.046608, -15.01882)
(-16.742056, -0.069377, -14.863884), (-16.732862, -0.040617, -14.702806), (-16.581472, -0.007386, -14.858588)
# -16.32726371668667, 0, -15.058625250020004
(-16.607101, -0.108547, -15.344685), (-16.597527, -0.081705, -15.180911), (-16.440699, -0.081309, -15.334229)
(-16.607101, -0.108547, -15.344685), (-16.440699, -0.081309, -15.334229), (-16.449236, -0.110756, -15.497273)
(-16.440699, -0.081309, -15.334229), (-16.433025, -0.039965, -15.172873), (-16.275511, -0.041457, -15.32667)
(-16.440699, -0.081309, -15.334229), (-16.275511, -0.041457, -15.32667), (-16.28223, -0.081214, -15.48724)
(-16.275511, -0.041457, -15.32667), (-16.269783, 0.009196, -15.16782), (-16.112164, 0.006503, -15.322438)
(-16.275511, -0.041457, -15.32667), (-16.112164, 0.006503, -15.322438), (-16.116926, -0.040401, -15.480593)
(-16.112164, 0.006503, -15.322438), (-16.107796, 0.059498, -15.165035), (-15.950388, 0.054004, -15.320282)
(-16.112164, 0.006503, -15.322438), (-15.950388, 0.054004, -15.320282), (-15.953927, 0.006737, -15.477351)
(-16.597527, -0.081705, -15.180911), (-16.433025, -0.039965, -15.172873), (-16.440699, -0.081309, -15.334229)
(-16.597527, -0.081705, -15.180911), (-16.5889, -0.046608, -15.01882), (-16.433025, -0.039965, -15.172873)
(-16.433025, -0.039965, -15.172873), (-16.269783, 0.009196, -15.16782), (-16.275511, -0.041457, -15.32667)
(-16.433025, -0.039965, -15.172873), (-16.426559, 0.008177, -15.013375), (-16.269783, 0.009196, -15.16782)
(-16.269783, 0.009196, -15.16782), (-16.107796, 0.059498, -15.165035), (-16.112164, 0.006503, -15.322438)
(-16.269783, 0.009196, -15.16782), (-16.26499, 0.064005, -15.010114), (-16.107796, 0.059498, -15.165035)
(-16.107796, 0.059498, -15.165035), (-15.946955, 0.102401, -15.16322), (-15.950388, 0.054004, -15.320282)
(-16.107796, 0.059498, -15.165035), (-16.103941, 0.11085, -15.00774), (-15.946955, 0.102401, -15.16322)
(-16.5889, -0.046608, -15.01882), (-16.426559, 0.008177, -15.013375), (-16.433025, -0.039965, -15.172873)
(-16.5889, -0.046608, -15.01882), (-16.581472, -0.007386, -14.858588), (-16.426559, 0.008177, -15.013375)
(-16.426559, 0.008177, -15.013375), (-16.421431, 0.05796, -14.855247), (-16.26499, 0.064005, -15.010114)
(-16.426559, 0.008177, -15.013375), (-16.26499, 0.064005, -15.010114), (-16.269783, 0.009196, -15.16782)
(-16.26499, 0.064005, -15.010114), (-16.103941, 0.11085, -15.00774), (-16.107796, 0.059498, -15.165035)
(-16.26499, 0.064005, -15.010114), (-16.261042, 0.113623, -14.852583), (-16.103941, 0.11085, -15.00774)
(-16.103941, 0.11085, -15.00774), (-16.101355, 0.15498, -14.850806), (-15.944376, 0.146644, -15.006432)
(-16.103941, 0.11085, -15.00774), (-15.944376, 0.146644, -15.006432), (-15.946955, 0.102401, -15.16322)
(-16.581472, -0.007386, -14.858588), (-16.421431, 0.05796, -14.855247), (-16.426559, 0.008177, -15.013375)
(-16.581472, -0.007386, -14.858588), (-16.575401, 0.034882, -14.699725), (-16.421431, 0.05796, -14.855247)
(-16.421431, 0.05796, -14.855247), (-16.261042, 0.113623, -14.852583), (-16.26499, 0.064005, -15.010114)
(-16.421431, 0.05796, -14.855247), (-16.416992, 0.103162, -14.697185), (-16.261042, 0.113623, -14.852583)
(-16.261042, 0.113623, -14.852583), (-16.101355, 0.15498, -14.850806), (-16.103941, 0.11085, -15.00774)
(-16.261042, 0.113623, -14.852583), (-16.258266, 0.15597, -14.695297), (-16.101355, 0.15498, -14.850806)
(-16.101355, 0.15498, -14.850806), (-15.943287, 0.181807, -14.850084), (-15.944376, 0.146644, -15.006432)
(-16.101355, 0.15498, -14.850806), (-16.100201, 0.190236, -14.694266), (-15.943287, 0.181807, -14.850084)
# -15.659493483353337, 0, -15.058625250020004
(-15.950388, 0.054004, -15.320282), (-15.946955, 0.102401, -15.16322), (-15.789846, 0.093354, -15.318857)
(-15.950388, 0.054004, -15.320282), (-15.789846, 0.093354, -15.318857), (-15.792482, 0.050705, -15.475601)
(-15.789846, 0.093354, -15.318857), (-15.787647, 0.13485, -15.162263), (-15.630775, 0.122634, -15.318066)
(-15.789846, 0.093354, -15.318857), (-15.630775, 0.122634, -15.318066), (-15.632333, 0.085992, -15.474417)
(-15.630775, 0.122634, -15.318066), (-15.629788, 0.15569, -15.161723), (-15.472876, 0.139993, -15.317245)
(-15.630775, 0.122634, -15.318066), (-15.472876, 0.139993, -15.317245), (-15.473564, 0.112003, -15.473733)
(-15.472876, 0.139993, -15.317245), (-15.472305, 0.158672, -15.159645), (-15.315085, 0.138669, -15.314478)
(-15.472876, 0.139993, -15.317245), (-15.315085, 0.138669, -15.314478), (-15.315722, 0.123836, -15.472486)
(-15.946955, 0.102401, -15.16322), (-15.787647, 0.13485, -15.162263), (-15.789846, 0.093354, -15.318857)
(-15.946955, 0.102401, -15.16322), (-15.944376, 0.146644, -15.006432), (-15.787647, 0.13485, -15.162263)
(-15.787647, 0.13485, -15.162263), (-15.629788, 0.15569, -15.161723), (-15.630775, 0.122634, -15.318066)
(-15.787647, 0.13485, -15.162263), (-15.786551, 0.170009, -15.005979), (-15.629788, 0.15569, -15.161723)
(-15.629788, 0.15569, -15.161723), (-15.472305, 0.158672, -15.159645), (-15.472876, 0.139993, -15.317245)
(-15.629788, 0.15569, -15.161723), (-15.629331, 0.176348, -15.004459), (-15.472305, 0.158672, -15.159645)
(-15.472305, 0.158672, -15.159645), (-15.314091, 0.146091, -15.155066), (-15.315085, 0.138669, -15.314478)
(-15.472305, 0.158672, -15.159645), (-15.471352, 0.167831, -15.000504), (-15.314091, 0.146091, -15.155066)
(-15.944376, 0.146644, -15.006432), (-15.786551, 0.170009, -15.005979), (-15.787647, 0.13485, -15.162263)
(-15.944376, 0.146644, -15.006432), (-15.943287, 0.181807, -14.850084), (-15.786551, 0.170009, -15.005979)
(-15.786551, 0.170009, -15.005979), (-15.786251, 0.191615, -14.84901), (-15.629331, 0.176348, -15.004459)
(-15.786551, 0.170009, -15.005979), (-15.629331, 0.176348, -15.004459), (-15.629788, 0.15569, -15.161723)
(-15.629331, 0.176348, -15.004459), (-15.628556, 0.187691, -14.845819), (-15.471352, 0.167831, -15.000504)
(-15.629331, 0.176348, -15.004459), (-15.471352, 0.167831, -15.000504), (-15.472305, 0.158672, -15.159645)
(-15.471352, 0.167831, -15.000504), (-15.469747, 0.172147, -14.840135), (-15.312288, 0.147598, -14.994081)
(-15.471352, 0.167831, -15.000504), (-15.312288, 0.147598, -14.994081), (-15.314091, 0.146091, -15.155066)
(-15.943287, 0.181807, -14.850084), (-15.786251, 0.191615, -14.84901), (-15.786551, 0.170009, -15.005979)
(-15.943287, 0.181807, -14.850084), (-15.943159, 0.205287, -14.693472), (-15.786251, 0.191615, -14.84901)
(-15.786251, 0.191615, -14.84901), (-15.628556, 0.187691, -14.845819), (-15.629331, 0.176348, -15.004459)
(-15.786251, 0.191615, -14.84901), (-15.785839, 0.206447, -14.691135), (-15.628556, 0.187691, -14.845819)
(-15.628556, 0.187691, -14.845819), (-15.469747, 0.172147, -14.840135), (-15.471352, 0.167831, -15.000504)
(-15.628556, 0.187691, -14.845819), (-15.627407, 0.196605, -14.686451), (-15.469747, 0.172147, -14.840135)
(-15.469747, 0.172147, -14.840135), (-15.310035, 0.146625, -14.832333), (-15.312288, 0.147598, -14.994081)
(-15.469747, 0.172147, -14.840135), (-15.467972, 0.176208, -14.679491), (-15.310035, 0.146625, -14.832333)
# -14.991723250020002, 0, -15.058625250020004
(-15.315085, 0.138669, -15.314478), (-15.314091, 0.146091, -15.155066), (-15.156555, 0.121694, -15.309295)
(-15.315085, 0.138669, -15.314478), (-15.156555, 0.121694, -15.309295), (-15.157685, 0.117092, -15.469076)
(-15.156555, 0.121694, -15.309295), (-15.154806, 0.121932, -15.148143), (-14.996766, 0.09324, -15.302314)
(-15.156555, 0.121694, -15.309295), (-14.996766, 0.09324, -15.302314), (-14.998472, 0.095119, -15.463792)
(-14.996766, 0.09324, -15.302314), (-14.99465, 0.089189, -15.139778), (-14.835798, 0.057352, -15.294967)
(-14.996766, 0.09324, -15.302314), (-14.835798, 0.057352, -15.294967), (-14.837679, 0.062888, -15.457839)
(-14.835798, 0.057352, -15.294967), (-14.833694, 0.051829, -15.13145), (-14.673943, 0.018566, -15.288481)
(-14.835798, 0.057352, -15.294967), (-14.673943, 0.018566, -15.288481), (-14.675631, 0.024857, -15.452349)
(-14.673943, 0.018566, -15.288481), (-14.672399, 0.015413, -15.124323), (-14.511898, -0.016995, -15.283679)
(-14.673943, 0.018566, -15.288481), (-14.511898, -0.016995, -15.283679), (-14.512869, -0.014051, -15.448169)
(-15.314091, 0.146091, -15.155066), (-15.154806, 0.121932, -15.148143), (-15.156555, 0.121694, -15.309295)
(-15.314091, 0.146091, -15.155066), (-15.312288, 0.147598, -14.994081), (-15.154806, 0.121932, -15.148143)
(-15.154806, 0.121932, -15.148143), (-14.99465, 0.089189, -15.139778), (-14.996766, 0.09324, -15.302314)
(-15.154806, 0.121932, -15.148143), (-15.152406, 0.118231, -14.985802), (-14.99465, 0.089189, -15.139778)
(-14.99465, 0.089189, -15.139778), (-14.833694, 0.051829, -15.13145), (-14.835798, 0.057352, -15.294967)
(-14.99465, 0.089189, -15.139778), (-14.992051, 0.08347, -14.976563), (-14.833694, 0.051829, -15.13145)
(-14.833694, 0.051829, -15.13145), (-14.672399, 0.015413, -15.124323), (-14.673943, 0.018566, -15.288481)
(-14.833694, 0.051829, -15.13145), (-14.8314, 0.047716, -14.967776), (-14.672399, 0.015413, -15.124323)
(-14.672399, 0.015413, -15.124323), (-14.511193, -0.015417, -15.119326), (-14.511898, -0.016995, -15.283679)
(-14.672399, 0.015413, -15.124323), (-14.670882, 0.016225, -14.960622), (-14.511193, -0.015417, -15.119326)
(-15.312288, 0.147598, -14.994081), (-15.152406, 0.118231, -14.985802), (-15.154806, 0.121932, -15.148143)
(-15.312288, 0.147598, -14.994081), (-15.310035, 0.146625, -14.832333), (-15.152406, 0.118231, -14.985802)
(-15.152406, 0.118231, -14.985802), (-15.149755, 0.114338, -14.823159), (-14.992051, 0.08347, -14.976563)
(-15.152406, 0.118231, -14.985802), (-14.992051, 0.08347, -14.976563), (-14.99465, 0.089189, -15.139778)
(-14.992051, 0.08347, -14.976563), (-14.989324, 0.079684, -14.813601), (-14.8314, 0.047716, -14.967776)
(-14.992051, 0.08347, -14.976563), (-14.8314, 0.047716, -14.967776), (-14.833694, 0.051829, -15.13145)
(-14.8314, 0.047716, -14.967776), (-14.829167, 0.047709, -14.804829), (-14.670882, 0.016225, -14.960622)
(-14.8314, 0.047716, -14.967776), (-14.670882, 0.016225, -14.960622), (-14.672399, 0.015413, -15.124323)
(-14.670882, 0.016225, -14.960622), (-14.510843, -0.006933, -14.955965), (-14.511193, -0.015417, -15.119326)
(-14.670882, 0.016225, -14.960622), (-14.669437, 0.022203, -14.798073), (-14.510843, -0.006933, -14.955965)
(-15.310035, 0.146625, -14.832333), (-15.149755, 0.114338, -14.823159), (-15.152406, 0.118231, -14.985802)
(-15.310035, 0.146625, -14.832333), (-15.307822, 0.147592, -14.670782), (-15.149755, 0.114338, -14.823159)
(-15.149755, 0.114338, -14.823159), (-14.989324, 0.079684, -14.813601), (-14.992051, 0.08347, -14.976563)
(-15.149755, 0.114338, -14.823159), (-15.147335, 0.114496, -14.661155), (-14.989324, 0.079684, -14.813601)
(-14.989324, 0.079684, -14.813601), (-14.829167, 0.047709, -14.804829), (-14.8314, 0.047716, -14.967776)
(-14.989324, 0.079684, -14.813601), (-14.987024, 0.082169, -14.651752), (-14.829167, 0.047709, -14.804829)
(-14.829167, 0.047709, -14.804829), (-14.669437, 0.022203, -14.798073), (-14.670882, 0.016225, -14.960622)
(-14.829167, 0.047709, -14.804829), (-14.82727, 0.054685, -14.643505), (-14.669437, 0.022203, -14.798073)
(-14.669437, 0.022203, -14.798073), (-14.510607, 0.007883, -14.794142), (-14.510843, -0.006933, -14.955965)
(-14.669437, 0.022203, -14.798073), (-14.668479, 0.036903, -14.637503), (-14.510607, 0.007883, -14.794142)
# -14.32395301668667, 0, -15.058625250020004
(-14.03026, -0.061948, -15.283994), (-14.033506, -0.033126, -15.12133), (-13.872991, -0.045764, -15.289031)
(-14.03026, -0.061948, -15.283994), (-13.872991, -0.045764, -15.289031), (-13.869297, -0.075375, -15.451786)
(-14.511898, -0.016995, -15.283679), (-14.511193, -0.015417, -15.119326), (-14.350153, -0.045385, -15.281154)
(-14.511898, -0.016995, -15.283679), (-14.350153, -0.045385, -15.281154), (-14.350216, -0.047539, -15.445862)
(-14.189447, -0.061284, -15.28124), (-14.191357, -0.042259, -15.117749), (-14.03026, -0.061948, -15.283994)
(-14.189447, -0.061284, -15.28124), (-14.03026, -0.061948, -15.283994), (-14.027773, -0.081989, -15.447737)
(-14.350153, -0.045385, -15.281154), (-14.350733, -0.035477, -15.117043), (-14.189447, -0.061284, -15.28124)
(-14.350153, -0.045385, -15.281154), (-14.189447, -0.061284, -15.28124), (-14.188292, -0.07158, -15.445717)
(-14.033506, -0.033126, -15.12133), (-13.877544, -0.006746, -15.127468), (-13.872991, -0.045764, -15.289031)
(-14.033506, -0.033126, -15.12133), (-14.037344, 0.005373, -14.960594), (-13.877544, -0.006746, -15.127468)
(-14.511193, -0.015417, -15.119326), (-14.350733, -0.035477, -15.117043), (-14.350153, -0.045385, -15.281154)
(-14.511193, -0.015417, -15.119326), (-14.510843, -0.006933, -14.955965), (-14.350733, -0.035477, -15.117043)
(-14.191357, -0.042259, -15.117749), (-14.033506, -0.033126, -15.12133), (-14.03026, -0.061948, -15.283994)
(-14.191357, -0.042259, -15.117749), (-14.193733, -0.014581, -14.95585), (-14.033506, -0.033126, -15.12133)
(-14.350733, -0.035477, -15.117043), (-14.191357, -0.042259, -15.117749), (-14.189447, -0.061284, -15.28124)
(-14.350733, -0.035477, -15.117043), (-14.351644, -0.018329, -14.954299), (-14.191357, -0.042259, -15.117749)
(-14.037344, 0.005373, -14.960594), (-13.882524, 0.04035, -14.967806), (-13.877544, -0.006746, -15.127468)
(-14.037344, 0.005373, -14.960594), (-14.041334, 0.051397, -14.802178), (-13.882524, 0.04035, -14.967806)
(-14.510843, -0.006933, -14.955965), (-14.510607, 0.007883, -14.794142), (-14.351644, -0.018329, -14.954299)
(-14.510843, -0.006933, -14.955965), (-14.351644, -0.018329, -14.954299), (-14.350733, -0.035477, -15.117043)
(-14.193733, -0.014581, -14.95585), (-14.196435, 0.021891, -14.796338), (-14.037344, 0.005373, -14.960594)
(-14.193733, -0.014581, -14.95585), (-14.037344, 0.005373, -14.960594), (-14.033506, -0.033126, -15.12133)
(-14.351644, -0.018329, -14.954299), (-14.352901, 0.007424, -14.793529), (-14.193733, -0.014581, -14.95585)
(-14.351644, -0.018329, -14.954299), (-14.193733, -0.014581, -14.95585), (-14.191357, -0.042259, -15.117749)
(-14.041334, 0.051397, -14.802178), (-13.887699, 0.095101, -14.810466), (-13.882524, 0.04035, -14.967806)
(-14.041334, 0.051397, -14.802178), (-14.045548, 0.105839, -14.646414), (-13.887699, 0.095101, -14.810466)
(-14.196435, 0.021891, -14.796338), (-14.041334, 0.051397, -14.802178), (-14.037344, 0.005373, -14.960594)
(-14.196435, 0.021891, -14.796338), (-14.199342, 0.066725, -14.639353), (-14.041334, 0.051397, -14.802178)
(-14.510607, 0.007883, -14.794142), (-14.352901, 0.007424, -14.793529), (-14.351644, -0.018329, -14.954299)
(-14.510607, 0.007883, -14.794142), (-14.510736, 0.031458, -14.634609), (-14.352901, 0.007424, -14.793529)
(-14.352901, 0.007424, -14.793529), (-14.196435, 0.021891, -14.796338), (-14.193733, -0.014581, -14.95585)
(-14.352901, 0.007424, -14.793529), (-14.354324, 0.041149, -14.635239), (-14.196435, 0.021891, -14.796338)
# -13.656182783353334, 0, -15.058625250020004
(-13.414, 0.093148, -15.309864), (-13.420269, 0.148459, -15.151617), (-13.264055, 0.155896, -15.315794)
(-13.414, 0.093148, -15.309864), (-13.264055, 0.155896, -15.315794), (-13.256521, 0.097477, -15.472372)
(-13.565081, 0.035415, -15.302937), (-13.571149, 0.087694, -15.143591), (-13.414, 0.093148, -15.309864)
(-13.565081, 0.035415, -15.302937), (-13.414, 0.093148, -15.309864), (-13.407606, 0.040535, -15.468465)
(-13.717926, -0.012684, -15.295625), (-13.723473, 0.034651, -15.135267), (-13.565081, 0.035415, -15.302937)
(-13.717926, -0.012684, -15.295625), (-13.565081, 0.035415, -15.302937), (-13.559608, -0.010742, -15.463204)
(-13.872991, -0.045764, -15.289031), (-13.877544, -0.006746, -15.127468), (-13.717926, -0.012684, -15.295625)
(-13.872991, -0.045764, -15.289031), (-13.717926, -0.012684, -15.295625), (-13.71323, -0.051056, -15.457267)
(-13.420269, 0.148459, -15.151617), (-13.270149, 0.210619, -15.158401), (-13.264055, 0.155896, -15.315794)
(-13.420269, 0.148459, -15.151617), (-13.426589, 0.207305, -14.994566), (-13.270149, 0.210619, -15.158401)
(-13.571149, 0.087694, -15.143591), (-13.420269, 0.148459, -15.151617), (-13.414, 0.093148, -15.309864)
(-13.571149, 0.087694, -15.143591), (-13.577491, 0.145987, -14.985858), (-13.420269, 0.148459, -15.151617)
(-13.723473, 0.034651, -15.135267), (-13.571149, 0.087694, -15.143591), (-13.565081, 0.035415, -15.302937)
(-13.723473, 0.034651, -15.135267), (-13.729319, 0.088558, -14.976599), (-13.571149, 0.087694, -15.143591)
(-13.877544, -0.006746, -15.127468), (-13.723473, 0.034651, -15.135267), (-13.717926, -0.012684, -15.295625)
(-13.877544, -0.006746, -15.127468), (-13.882524, 0.04035, -14.967806), (-13.723473, 0.034651, -15.135267)
(-13.426589, 0.207305, -14.994566), (-13.275985, 0.266746, -15.001931), (-13.270149, 0.210619, -15.158401)
(-13.426589, 0.207305, -14.994566), (-13.432524, 0.267828, -14.839015), (-13.275985, 0.266746, -15.001931)
(-13.577491, 0.145987, -14.985858), (-13.583672, 0.208171, -14.829933), (-13.426589, 0.207305, -14.994566)
(-13.577491, 0.145987, -14.985858), (-13.426589, 0.207305, -14.994566), (-13.420269, 0.148459, -15.151617)
(-13.729319, 0.088558, -14.976599), (-13.577491, 0.145987, -14.985858), (-13.571149, 0.087694, -15.143591)
(-13.729319, 0.088558, -14.976599), (-13.735227, 0.148646, -14.820036), (-13.577491, 0.145987, -14.985858)
(-13.882524, 0.04035, -14.967806), (-13.887699, 0.095101, -14.810466), (-13.729319, 0.088558, -14.976599)
(-13.882524, 0.04035, -14.967806), (-13.729319, 0.088558, -14.976599), (-13.723473, 0.034651, -15.135267)
(-13.432524, 0.267828, -14.839015), (-13.281256, 0.322707, -14.846632), (-13.275985, 0.266746, -15.001931)
(-13.432524, 0.267828, -14.839015), (-13.437768, 0.328518, -14.684987), (-13.281256, 0.322707, -14.846632)
(-13.583672, 0.208171, -14.829933), (-13.432524, 0.267828, -14.839015), (-13.426589, 0.207305, -14.994566)
(-13.583672, 0.208171, -14.829933), (-13.589307, 0.272049, -14.675841), (-13.432524, 0.267828, -14.839015)
(-13.735227, 0.148646, -14.820036), (-13.583672, 0.208171, -14.829933), (-13.577491, 0.145987, -14.985858)
(-13.735227, 0.148646, -14.820036), (-13.740829, 0.21278, -14.665723), (-13.583672, 0.208171, -14.829933)
(-13.887699, 0.095101, -14.810466), (-13.735227, 0.148646, -14.820036), (-13.729319, 0.088558, -14.976599)
(-13.887699, 0.095101, -14.810466), (-13.892754, 0.155465, -14.655485), (-13.735227, 0.148646, -14.820036)
# -12.988412550020001, 0, -15.058625250020004
(-12.659558, 0.339122, -15.324162), (-12.662561, 0.368589, -15.169059), (-12.504539, 0.351036, -15.324366)
(-12.659558, 0.339122, -15.324162), (-12.504539, 0.351036, -15.324366), (-12.499153, 0.317374, -15.477217)
(-12.812547, 0.311813, -15.323807), (-12.816897, 0.350872, -15.168567), (-12.659558, 0.339122, -15.324162)
(-12.812547, 0.311813, -15.323807), (-12.659558, 0.339122, -15.324162), (-12.652771, 0.295713, -15.476925)
(-12.963886, 0.269764, -15.322567), (-12.969248, 0.316942, -15.166929), (-12.812547, 0.311813, -15.323807)
(-12.963886, 0.269764, -15.322567), (-12.812547, 0.311813, -15.323807), (-12.804802, 0.259879, -15.476899)
(-13.114174, 0.216154, -15.319959), (-13.120088, 0.268775, -15.163595), (-12.963886, 0.269764, -15.322567)
(-13.114174, 0.216154, -15.319959), (-12.963886, 0.269764, -15.322567), (-12.955762, 0.21213, -15.476413)
(-13.264055, 0.155896, -15.315794), (-13.270149, 0.210619, -15.158401), (-13.114174, 0.216154, -15.319959)
(-13.264055, 0.155896, -15.315794), (-13.114174, 0.216154, -15.319959), (-13.106151, 0.156536, -15.47502)
(-12.662561, 0.368589, -15.169059), (-12.506455, 0.373544, -15.169224), (-12.504539, 0.351036, -15.324366)
(-12.662561, 0.368589, -15.169059), (-12.663694, 0.392357, -15.013312), (-12.506455, 0.373544, -15.169224)
(-12.816897, 0.350872, -15.168567), (-12.662561, 0.368589, -15.169059), (-12.659558, 0.339122, -15.324162)
(-12.816897, 0.350872, -15.168567), (-12.819244, 0.383107, -15.01276), (-12.662561, 0.368589, -15.169059)
(-12.969248, 0.316942, -15.166929), (-12.816897, 0.350872, -15.168567), (-12.812547, 0.311813, -15.323807)
(-12.969248, 0.316942, -15.166929), (-12.972939, 0.35865, -15.011023), (-12.816897, 0.350872, -15.168567)
(-13.120088, 0.268775, -15.163595), (-12.969248, 0.316942, -15.166929), (-12.963886, 0.269764, -15.322567)
(-13.120088, 0.268775, -15.163595), (-13.12501, 0.31893, -15.007511), (-12.969248, 0.316942, -15.166929)
(-13.270149, 0.210619, -15.158401), (-13.120088, 0.268775, -15.163595), (-13.114174, 0.216154, -15.319959)
(-13.270149, 0.210619, -15.158401), (-13.275985, 0.266746, -15.001931), (-13.120088, 0.268775, -15.163595)
(-12.663694, 0.392357, -15.013312), (-12.664623, 0.416615, -14.857535), (-12.507313, 0.394851, -15.013489)
(-12.663694, 0.392357, -15.013312), (-12.507313, 0.394851, -15.013489), (-12.506455, 0.373544, -15.169224)
(-12.819244, 0.383107, -15.01276), (-12.663694, 0.392357, -15.013312), (-12.662561, 0.368589, -15.169059)
(-12.819244, 0.383107, -15.01276), (-12.820865, 0.412878, -14.857143), (-12.663694, 0.392357, -15.013312)
(-12.972939, 0.35865, -15.011023), (-12.975836, 0.397615, -14.8556), (-12.819244, 0.383107, -15.01276)
(-12.972939, 0.35865, -15.011023), (-12.819244, 0.383107, -15.01276), (-12.816897, 0.350872, -15.168567)
(-13.12501, 0.31893, -15.007511), (-13.1292, 0.367155, -14.852198), (-12.972939, 0.35865, -15.011023)
(-13.12501, 0.31893, -15.007511), (-12.972939, 0.35865, -15.011023), (-12.969248, 0.316942, -15.166929)
(-13.275985, 0.266746, -15.001931), (-13.281256, 0.322707, -14.846632), (-13.12501, 0.31893, -15.007511)
(-13.275985, 0.266746, -15.001931), (-13.12501, 0.31893, -15.007511), (-13.120088, 0.268775, -15.163595)
(-12.664623, 0.416615, -14.857535), (-12.508216, 0.41808, -14.857707), (-12.507313, 0.394851, -15.013489)
(-12.664623, 0.416615, -14.857535), (-12.6656, 0.442587, -14.701666), (-12.508216, 0.41808, -14.857707)
(-12.820865, 0.412878, -14.857143), (-12.664623, 0.416615, -14.857535), (-12.663694, 0.392357, -15.013312)
(-12.820865, 0.412878, -14.857143), (-12.82199, 0.441, -14.70145), (-12.664623, 0.416615, -14.857535)
(-12.975836, 0.397615, -14.8556), (-12.820865, 0.412878, -14.857143), (-12.819244, 0.383107, -15.01276)
(-12.975836, 0.397615, -14.8556), (-12.9779, 0.433578, -14.700431), (-12.820865, 0.412878, -14.857143)
(-13.1292, 0.367155, -14.852198), (-12.975836, 0.397615, -14.8556), (-12.972939, 0.35865, -15.011023)
(-13.1292, 0.367155, -14.852198), (-13.132492, 0.412631, -14.697525), (-12.975836, 0.397615, -14.8556)
(-13.281256, 0.322707, -14.846632), (-13.1292, 0.367155, -14.852198), (-13.12501, 0.31893, -15.007511)
(-13.281256, 0.322707, -14.846632), (-13.285664, 0.376793, -14.692365), (-13.1292, 0.367155, -14.852198)
# -12.320642316686666, 0, -15.058625250020004
(-12.036568, 0.363685, -15.325356), (-12.037263, 0.379778, -15.169588), (-11.880187, 0.365772, -15.32545)
(-12.036568, 0.363685, -15.325356), (-11.880187, 0.365772, -15.32545), (-11.879468, 0.352227, -15.481204)
(-12.192673, 0.360372, -15.325127), (-12.193681, 0.378225, -15.169497), (-12.036568, 0.363685, -15.325356)
(-12.192673, 0.360372, -15.325127), (-12.036568, 0.363685, -15.325356), (-12.034922, 0.346684, -15.480667)
(-12.348619, 0.356166, -15.324798), (-12.350083, 0.376207, -15.169381), (-12.192673, 0.360372, -15.325127)
(-12.348619, 0.356166, -15.324798), (-12.192673, 0.360372, -15.325127), (-12.189672, 0.338225, -15.479563)
(-12.504539, 0.351036, -15.324366), (-12.506455, 0.373544, -15.169224), (-12.348619, 0.356166, -15.324798)
(-12.504539, 0.351036, -15.324366), (-12.348619, 0.356166, -15.324798), (-12.344343, 0.328542, -15.47824)
(-12.037263, 0.379778, -15.169588), (-11.880833, 0.380912, -15.169659), (-11.880187, 0.365772, -15.32545)
(-12.037263, 0.379778, -15.169588), (-12.038022, 0.397985, -15.013817), (-11.880833, 0.380912, -15.169659)
(-12.193681, 0.378225, -15.169497), (-12.037263, 0.379778, -15.169588), (-12.036568, 0.363685, -15.325356)
(-12.193681, 0.378225, -15.169497), (-12.194471, 0.397546, -15.013734), (-12.037263, 0.379778, -15.169588)
(-12.350083, 0.376207, -15.169381), (-12.193681, 0.378225, -15.169497), (-12.192673, 0.360372, -15.325127)
(-12.350083, 0.376207, -15.169381), (-12.350904, 0.396565, -15.013626), (-12.193681, 0.378225, -15.169497)
(-12.506455, 0.373544, -15.169224), (-12.350083, 0.376207, -15.169381), (-12.348619, 0.356166, -15.324798)
(-12.506455, 0.373544, -15.169224), (-12.507313, 0.394851, -15.013489), (-12.350083, 0.376207, -15.169381)
(-12.038022, 0.397985, -15.013817), (-12.03885, 0.418106, -14.858027), (-11.88156, 0.398115, -15.013876)
(-12.038022, 0.397985, -15.013817), (-11.88156, 0.398115, -15.013876), (-11.880833, 0.380912, -15.169659)
(-12.194471, 0.397546, -15.013734), (-12.038022, 0.397985, -15.013817), (-12.037263, 0.379778, -15.169588)
(-12.194471, 0.397546, -15.013734), (-12.195325, 0.418699, -14.857945), (-12.038022, 0.397985, -15.013817)
(-12.350904, 0.396565, -15.013626), (-12.351784, 0.418727, -14.857841), (-12.194471, 0.397546, -15.013734)
(-12.350904, 0.396565, -15.013626), (-12.194471, 0.397546, -15.013734), (-12.193681, 0.378225, -15.169497)
(-12.507313, 0.394851, -15.013489), (-12.508216, 0.41808, -14.857707), (-12.350904, 0.396565, -15.013626)
(-12.507313, 0.394851, -15.013489), (-12.350904, 0.396565, -15.013626), (-12.350083, 0.376207, -15.169381)
(-12.03885, 0.418106, -14.858027), (-11.882361, 0.41727, -14.85808), (-11.88156, 0.398115, -15.013876)
(-12.03885, 0.418106, -14.858027), (-12.039742, 0.440181, -14.702178), (-11.882361, 0.41727, -14.85808)
(-12.195325, 0.418699, -14.857945), (-12.03885, 0.418106, -14.858027), (-12.038022, 0.397985, -15.013817)
(-12.195325, 0.418699, -14.857945), (-12.19624, 0.441674, -14.7021), (-12.03885, 0.418106, -14.858027)
(-12.351784, 0.418727, -14.857841), (-12.195325, 0.418699, -14.857945), (-12.194471, 0.397546, -15.013734)
(-12.351784, 0.418727, -14.857841), (-12.352719, 0.442719, -14.701986), (-12.195325, 0.418699, -14.857945)
(-12.508216, 0.41808, -14.857707), (-12.351784, 0.418727, -14.857841), (-12.350904, 0.396565, -15.013626)
(-12.508216, 0.41808, -14.857707), (-12.509173, 0.443086, -14.701845), (-12.351784, 0.418727, -14.857841)
# -11.652872083353333, 0, -15.058625250020004
(-11.410961, 0.370265, -15.325617), (-11.41152, 0.382887, -15.169779), (-11.254563, 0.371338, -15.325651)
(-11.410961, 0.370265, -15.325617), (-11.254563, 0.371338, -15.325651), (-11.25411, 0.361134, -15.481535)
(-11.567366, 0.368917, -15.325571), (-11.567953, 0.382329, -15.16975), (-11.410961, 0.370265, -15.325617)
(-11.567366, 0.368917, -15.325571), (-11.410961, 0.370265, -15.325617), (-11.41048, 0.359384, -15.481485)
(-11.723776, 0.367453, -15.325518), (-11.724391, 0.381664, -15.169711), (-11.567366, 0.368917, -15.325571)
(-11.723776, 0.367453, -15.325518), (-11.567366, 0.368917, -15.325571), (-11.566858, 0.357442, -15.481426)
(-11.880187, 0.365772, -15.32545), (-11.880833, 0.380912, -15.169659), (-11.723776, 0.367453, -15.325518)
(-11.880187, 0.365772, -15.32545), (-11.723776, 0.367453, -15.325518), (-11.72324, 0.355188, -15.481354)
(-11.41152, 0.382887, -15.169779), (-11.255089, 0.383263, -15.169801), (-11.254563, 0.371338, -15.325651)
(-11.41152, 0.382887, -15.169779), (-11.412159, 0.397459, -15.013964), (-11.255089, 0.383263, -15.169801)
(-11.567953, 0.382329, -15.16975), (-11.41152, 0.382887, -15.169779), (-11.410961, 0.370265, -15.325617)
(-11.567953, 0.382329, -15.16975), (-11.568628, 0.397881, -15.013945), (-11.41152, 0.382887, -15.169779)
(-11.724391, 0.381664, -15.169711), (-11.567953, 0.382329, -15.16975), (-11.567366, 0.368917, -15.325571)
(-11.724391, 0.381664, -15.169711), (-11.725098, 0.398131, -15.013916), (-11.567953, 0.382329, -15.16975)
(-11.880833, 0.380912, -15.169659), (-11.724391, 0.381664, -15.169711), (-11.723776, 0.367453, -15.325518)
(-11.880833, 0.380912, -15.169659), (-11.88156, 0.398115, -15.013876), (-11.724391, 0.381664, -15.169711)
(-11.412159, 0.397459, -15.013964), (-11.412872, 0.413822, -14.858149), (-11.255697, 0.396989, -15.013973)
(-11.412159, 0.397459, -15.013964), (-11.255697, 0.396989, -15.013973), (-11.255089, 0.383263, -15.169801)
(-11.568628, 0.397881, -15.013945), (-11.412159, 0.397459, -15.013964), (-11.41152, 0.382887, -15.169779)
(-11.568628, 0.397881, -15.013945), (-11.569375, 0.415156, -14.858135), (-11.412159, 0.397459, -15.013964)
(-11.725098, 0.398131, -15.013916), (-11.725869, 0.416308, -14.858113), (-11.568628, 0.397881, -15.013945)
(-11.725098, 0.398131, -15.013916), (-11.568628, 0.397881, -15.013945), (-11.567953, 0.382329, -15.16975)
(-11.88156, 0.398115, -15.013876), (-11.882361, 0.41727, -14.85808), (-11.725098, 0.398131, -15.013916)
(-11.88156, 0.398115, -15.013876), (-11.725098, 0.398131, -15.013916), (-11.724391, 0.381664, -15.169711)
(-11.412872, 0.413822, -14.858149), (-11.25638, 0.412526, -14.858152), (-11.255697, 0.396989, -15.013973)
(-11.412872, 0.413822, -14.858149), (-11.413662, 0.432104, -14.702307), (-11.25638, 0.412526, -14.858152)
(-11.569375, 0.415156, -14.858135), (-11.412872, 0.413822, -14.858149), (-11.412159, 0.397459, -15.013964)
(-11.569375, 0.415156, -14.858135), (-11.570188, 0.434253, -14.702293), (-11.412872, 0.413822, -14.858149)
(-11.725869, 0.416308, -14.858113), (-11.569375, 0.415156, -14.858135), (-11.568628, 0.397881, -15.013945)
(-11.725869, 0.416308, -14.858113), (-11.726712, 0.4364, -14.702272), (-11.569375, 0.415156, -14.858135)
(-11.882361, 0.41727, -14.85808), (-11.725869, 0.416308, -14.858113), (-11.725098, 0.398131, -15.013916)
(-11.882361, 0.41727, -14.85808), (-11.88323, 0.438336, -14.702238), (-11.725869, 0.416308, -14.858113)
# -10.985101850019998, 0, -15.058625250020004
(-10.785419, 0.373492, -15.325726), (-10.785855, 0.383541, -15.169842), (-10.629051, 0.373751, -15.325745)
(-10.785419, 0.373492, -15.325726), (-10.629051, 0.373751, -15.325745), (-10.628708, 0.365579, -15.481668)
(-10.941792, 0.372978, -15.325706), (-10.942257, 0.383621, -15.169831), (-10.785419, 0.373492, -15.325726)
(-10.941792, 0.372978, -15.325706), (-10.785419, 0.373492, -15.325726), (-10.785048, 0.364847, -15.481643)
(-11.098175, 0.372311, -15.325681), (-11.098672, 0.383548, -15.169817), (-10.941792, 0.372978, -15.325706)
(-11.098175, 0.372311, -15.325681), (-10.941792, 0.372978, -15.325706), (-10.941396, 0.363911, -15.481615)
(-11.254563, 0.371338, -15.325651), (-11.255089, 0.383263, -15.169801), (-11.098175, 0.372311, -15.325681)
(-11.254563, 0.371338, -15.325651), (-11.098175, 0.372311, -15.325681), (-11.097751, 0.362672, -15.481578)
(-10.785855, 0.383541, -15.169842), (-10.629456, 0.3833, -15.16986), (-10.629051, 0.373751, -15.325745)
(-10.785855, 0.383541, -15.169842), (-10.786363, 0.395168, -15.013995), (-10.629456, 0.3833, -15.16986)
(-10.942257, 0.383621, -15.169831), (-10.785855, 0.383541, -15.169842), (-10.785419, 0.373492, -15.325726)
(-10.942257, 0.383621, -15.169831), (-10.942802, 0.395925, -15.013988), (-10.785855, 0.383541, -15.169842)
(-11.098672, 0.383548, -15.169817), (-10.942257, 0.383621, -15.169831), (-10.941792, 0.372978, -15.325706)
(-11.098672, 0.383548, -15.169817), (-11.099247, 0.396557, -15.013981), (-10.942257, 0.383621, -15.169831)
(-11.255089, 0.383263, -15.169801), (-11.098672, 0.383548, -15.169817), (-11.098175, 0.372311, -15.325681)
(-11.255089, 0.383263, -15.169801), (-11.255697, 0.396989, -15.013973), (-11.098672, 0.383548, -15.169817)
(-10.786363, 0.395168, -15.013995), (-10.786942, 0.408372, -14.858169), (-10.629931, 0.394342, -15.014013)
(-10.786363, 0.395168, -15.013995), (-10.629931, 0.394342, -15.014013), (-10.629456, 0.3833, -15.16986)
(-10.942802, 0.395925, -15.013988), (-10.786363, 0.395168, -15.013995), (-10.785855, 0.383541, -15.169842)
(-10.942802, 0.395925, -15.013988), (-10.943417, 0.409859, -14.858159), (-10.786363, 0.395168, -15.013995)
(-11.099247, 0.396557, -15.013981), (-11.099894, 0.411226, -14.858155), (-10.942802, 0.395925, -15.013988)
(-11.099247, 0.396557, -15.013981), (-10.942802, 0.395925, -15.013988), (-10.942257, 0.383621, -15.169831)
(-11.255697, 0.396989, -15.013973), (-11.099247, 0.396557, -15.013981), (-11.098672, 0.383548, -15.169817)
(-11.255697, 0.396989, -15.013973), (-11.25638, 0.412526, -14.858152), (-11.099247, 0.396557, -15.013981)
(-10.786942, 0.408372, -14.858169), (-10.63048, 0.406931, -14.858192), (-10.629931, 0.394342, -15.014013)
(-10.786942, 0.408372, -14.858169), (-10.787601, 0.423297, -14.702353), (-10.63048, 0.406931, -14.858192)
(-10.943417, 0.409859, -14.858159), (-10.786942, 0.408372, -14.858169), (-10.786363, 0.395168, -15.013995)
(-10.943417, 0.409859, -14.858159), (-10.944104, 0.425446, -14.702333), (-10.786942, 0.408372, -14.858169)
(-11.099894, 0.411226, -14.858155), (-10.943417, 0.409859, -14.858159), (-10.942802, 0.395925, -15.013988)
(-11.099894, 0.411226, -14.858155), (-11.100618, 0.427664, -14.702321), (-10.943417, 0.409859, -14.858159)
(-11.25638, 0.412526, -14.858152), (-11.099894, 0.411226, -14.858155), (-11.099247, 0.396557, -15.013981)
(-11.25638, 0.412526, -14.858152), (-11.257138, 0.42989, -14.702314), (-11.099894, 0.411226, -14.858155)
# -10.317331616686666, 0, -15.058625250020004
(-10.003664, 0.373606, -15.32592), (-10.00396, 0.381616, -15.170084), (-9.847342, 0.373629, -15.326028)
(-10.003664, 0.373606, -15.32592), (-9.847342, 0.373629, -15.326028), (-9.847128, 0.367143, -15.481909)
(-10.159998, 0.373724, -15.32585), (-10.160316, 0.381998, -15.169987), (-10.003664, 0.373606, -15.32592)
(-10.159998, 0.373724, -15.32585), (-10.003664, 0.373606, -15.32592), (-10.003425, 0.366847, -15.481824)
(-10.316338, 0.373772, -15.325798), (-10.316685, 0.382418, -15.169922), (-10.159998, 0.373724, -15.32585)
(-10.316338, 0.373772, -15.325798), (-10.159998, 0.373724, -15.32585), (-10.159735, 0.366645, -15.481764)
(-10.472689, 0.373814, -15.325767), (-10.473064, 0.382857, -15.169882), (-10.316338, 0.373772, -15.325798)
(-10.472689, 0.373814, -15.325767), (-10.316338, 0.373772, -15.325798), (-10.316053, 0.366442, -15.481726)
(-10.629051, 0.373751, -15.325745), (-10.629456, 0.3833, -15.16986), (-10.472689, 0.373814, -15.325767)
(-10.629051, 0.373751, -15.325745), (-10.472689, 0.373814, -15.325767), (-10.472378, 0.366096, -15.481693)
(-10.00396, 0.381616, -15.170084), (-9.847613, 0.381465, -15.17023), (-9.847342, 0.373629, -15.326028)
(-10.00396, 0.381616, -15.170084), (-10.00431, 0.390914, -15.014313), (-9.847613, 0.381465, -15.17023)
(-10.160316, 0.381998, -15.169987), (-10.00396, 0.381616, -15.170084), (-10.003664, 0.373606, -15.32592)
(-10.160316, 0.381998, -15.169987), (-10.160702, 0.39168, -15.014185), (-10.00396, 0.381616, -15.170084)
(-10.316685, 0.382418, -15.169922), (-10.160316, 0.381998, -15.169987), (-10.159998, 0.373724, -15.32585)
(-10.316685, 0.382418, -15.169922), (-10.317104, 0.392613, -15.014099), (-10.160316, 0.381998, -15.169987)
(-10.473064, 0.382857, -15.169882), (-10.316685, 0.382418, -15.169922), (-10.316338, 0.373772, -15.325798)
(-10.473064, 0.382857, -15.169882), (-10.473517, 0.393539, -15.014046), (-10.316685, 0.382418, -15.169922)
(-10.629456, 0.3833, -15.16986), (-10.473064, 0.382857, -15.169882), (-10.472689, 0.373814, -15.325767)
(-10.629456, 0.3833, -15.16986), (-10.629931, 0.394342, -15.014013), (-10.473064, 0.382857, -15.169882)
(-10.00431, 0.390914, -15.014313), (-10.004723, 0.401644, -14.85861), (-9.847936, 0.390511, -15.014504)
(-10.00431, 0.390914, -15.014313), (-9.847936, 0.390511, -15.014504), (-9.847613, 0.381465, -15.17023)
(-10.160702, 0.39168, -15.014185), (-10.161144, 0.402728, -14.858436), (-10.00431, 0.390914, -15.014313)
(-10.160702, 0.39168, -15.014185), (-10.00431, 0.390914, -15.014313), (-10.00396, 0.381616, -15.170084)
(-10.317104, 0.392613, -15.014099), (-10.160702, 0.39168, -15.014185), (-10.160316, 0.381998, -15.169987)
(-10.317104, 0.392613, -15.014099), (-10.317585, 0.404123, -14.85832), (-10.160702, 0.39168, -15.014185)
(-10.473517, 0.393539, -15.014046), (-10.474029, 0.40554, -14.85824), (-10.317104, 0.392613, -15.014099)
(-10.473517, 0.393539, -15.014046), (-10.317104, 0.392613, -15.014099), (-10.316685, 0.382418, -15.169922)
(-10.629931, 0.394342, -15.014013), (-10.63048, 0.406931, -14.858192), (-10.473517, 0.393539, -15.014046)
(-10.629931, 0.394342, -15.014013), (-10.473517, 0.393539, -15.014046), (-10.473064, 0.382857, -15.169882)
(-10.004723, 0.401644, -14.85861), (-9.848319, 0.401009, -14.858864), (-9.847936, 0.390511, -15.014504)
(-10.004723, 0.401644, -14.85861), (-10.005197, 0.413796, -14.702977), (-9.848319, 0.401009, -14.858864)
(-10.161144, 0.402728, -14.858436), (-10.004723, 0.401644, -14.85861), (-10.00431, 0.390914, -15.014313)
(-10.161144, 0.402728, -14.858436), (-10.161658, 0.415336, -14.702747), (-10.004723, 0.401644, -14.85861)
(-10.317585, 0.404123, -14.85832), (-10.161144, 0.402728, -14.858436), (-10.160702, 0.39168, -15.014185)
(-10.317585, 0.404123, -14.85832), (-10.318131, 0.417108, -14.702579), (-10.161144, 0.402728, -14.858436)
(-10.474029, 0.40554, -14.85824), (-10.317585, 0.404123, -14.85832), (-10.317104, 0.392613, -15.014099)
(-10.474029, 0.40554, -14.85824), (-10.474613, 0.419116, -14.702468), (-10.317585, 0.404123, -14.85832)
(-10.63048, 0.406931, -14.858192), (-10.474029, 0.40554, -14.85824), (-10.473517, 0.393539, -15.014046)
(-10.63048, 0.406931, -14.858192), (-10.631102, 0.421126, -14.702394), (-10.474029, 0.40554, -14.85824)
