# -9.64956138335333, 0, 11.65218408331334
(-9.853489, 0.295274, 11.408472), (-9.697752, 0.299814, 11.409199), (-9.701492, 0.30135, 11.25313)
(-9.853489, 0.295274, 11.408472), (-9.849607, 0.297619, 11.564149), (-9.697752, 0.299814, 11.409199)
(-9.697752, 0.299814, 11.409199), (-9.541854, 0.304942, 11.410295), (-9.545452, 0.307448, 11.254118)
(-9.697752, 0.299814, 11.409199), (-9.693977, 0.300943, 11.564939), (-9.541854, 0.304942, 11.410295)
(-9.541854, 0.304942, 11.410295), (-9.385773, 0.310347, 11.411709), (-9.389175, 0.313748, 11.255389)
(-9.541854, 0.304942, 11.410295), (-9.538217, 0.305186, 11.566133), (-9.385773, 0.310347, 11.411709)
(-9.385773, 0.310347, 11.411709), (-9.229475, 0.31606, 11.413319), (-9.232738, 0.319366, 11.256909)
(-9.385773, 0.310347, 11.411709), (-9.382277, 0.31034, 11.567655), (-9.229475, 0.31606, 11.413319)
(-9.849607, 0.297619, 11.564149), (-9.845746, 0.30386, 11.719619), (-9.693977, 0.300943, 11.564939)
(-9.849607, 0.297619, 11.564149), (-9.693977, 0.300943, 11.564939), (-9.697752, 0.299814, 11.409199)
(-9.693977, 0.300943, 11.564939), (-9.690222, 0.306144, 11.720444), (-9.538217, 0.305186, 11.566133)
(-9.693977, 0.300943, 11.564939), (-9.538217, 0.305186, 11.566133), (-9.541854, 0.304942, 11.410295)
(-9.538217, 0.305186, 11.566133), (-9.534587, 0.309885, 11.721697), (-9.382277, 0.31034, 11.567655)
(-9.538217, 0.305186, 11.566133), (-9.382277, 0.31034, 11.567655), (-9.385773, 0.310347, 11.411709)
(-9.382277, 0.31034, 11.567655), (-9.37883, 0.313476, 11.723276), (-9.226202, 0.31517, 11.569401)
(-9.382277, 0.31034, 11.567655), (-9.226202, 0.31517, 11.569401), (-9.229475, 0.31606, 11.413319)
(-9.845746, 0.30386, 11.719619), (-9.690222, 0.306144, 11.720444), (-9.693977, 0.300943, 11.564939)
(-9.845746, 0.30386, 11.719619), (-9.841974, 0.311999, 11.874834), (-9.690222, 0.306144, 11.720444)
(-9.690222, 0.306144, 11.720444), (-9.534587, 0.309885, 11.721697), (-9.538217, 0.305186, 11.566133)
(-9.690222, 0.306144, 11.720444), (-9.68657, 0.313454, 11.875686), (-9.534587, 0.309885, 11.721697)
(-9.534587, 0.309885, 11.721697), (-9.37883, 0.313476, 11.723276), (-9.382277, 0.31034, 11.567655)
(-9.534587, 0.309885, 11.721697), (-9.531075, 0.31568, 11.876965), (-9.37883, 0.313476, 11.723276)
(-9.37883, 0.313476, 11.723276), (-9.222944, 0.317504, 11.725103), (-9.226202, 0.31517, 11.569401)
(-9.37883, 0.313476, 11.723276), (-9.375488, 0.318976, 11.878632), (-9.222944, 0.317504, 11.725103)
(-9.841974, 0.311999, 11.874834), (-9.838329, 0.322878, 12.029892), (-9.68657, 0.313454, 11.875686)
(-9.841974, 0.311999, 11.874834), (-9.68657, 0.313454, 11.875686), (-9.690222, 0.306144, 11.720444)
(-9.68657, 0.313454, 11.875686), (-9.531075, 0.31568, 11.876965), (-9.534587, 0.309885, 11.721697)
(-9.68657, 0.313454, 11.875686), (-9.683054, 0.323361, 12.030733), (-9.531075, 0.31568, 11.876965)
(-9.531075, 0.31568, 11.876965), (-9.527703, 0.324627, 12.032033), (-9.375488, 0.318976, 11.878632)
(-9.531075, 0.31568, 11.876965), (-9.375488, 0.318976, 11.878632), (-9.37883, 0.313476, 11.723276)
(-9.375488, 0.318976, 11.878632), (-9.21979, 0.32183, 11.88055), (-9.222944, 0.317504, 11.725103)
(-9.375488, 0.318976, 11.878632), (-9.37226, 0.326508, 12.033737), (-9.21979, 0.32183, 11.88055)
# -8.981791150019998, 0, 11.65218408331334
(-9.229475, 0.31606, 11.413319), (-9.073071, 0.320393, 11.415127), (-9.076097, 0.324152, 11.258568)
(-9.229475, 0.31606, 11.413319), (-9.226202, 0.31517, 11.569401), (-9.073071, 0.320393, 11.415127)
(-9.073071, 0.320393, 11.415127), (-8.916508, 0.323543, 11.416967), (-8.919293, 0.327443, 11.260286)
(-9.073071, 0.320393, 11.415127), (-9.070006, 0.318935, 11.571335), (-8.916508, 0.323543, 11.416967)
(-8.916508, 0.323543, 11.416967), (-8.759824, 0.324888, 11.41873), (-8.762358, 0.328723, 11.261922)
(-8.916508, 0.323543, 11.416967), (-8.913671, 0.321796, 11.57329), (-8.759824, 0.324888, 11.41873)
(-8.759824, 0.324888, 11.41873), (-8.603057, 0.323793, 11.420242), (-8.605357, 0.327605, 11.26343)
(-8.759824, 0.324888, 11.41873), (-8.757216, 0.322955, 11.575094), (-8.603057, 0.323793, 11.420242)
(-9.226202, 0.31517, 11.569401), (-9.222944, 0.317504, 11.725103), (-9.070006, 0.318935, 11.571335)
(-9.226202, 0.31517, 11.569401), (-9.070006, 0.318935, 11.571335), (-9.073071, 0.320393, 11.415127)
(-9.070006, 0.318935, 11.571335), (-9.066946, 0.320397, 11.727131), (-8.913671, 0.321796, 11.57329)
(-9.070006, 0.318935, 11.571335), (-8.913671, 0.321796, 11.57329), (-8.916508, 0.323543, 11.416967)
(-8.913671, 0.321796, 11.57329), (-8.910827, 0.322675, 11.729127), (-8.757216, 0.322955, 11.575094)
(-8.913671, 0.321796, 11.57329), (-8.757216, 0.322955, 11.575094), (-8.759824, 0.324888, 11.41873)
(-8.757216, 0.322955, 11.575094), (-8.754612, 0.323226, 11.731049), (-8.600699, 0.321759, 11.576709)
(-8.757216, 0.322955, 11.575094), (-8.600699, 0.321759, 11.576709), (-8.603057, 0.323793, 11.420242)
(-9.222944, 0.317504, 11.725103), (-9.066946, 0.320397, 11.727131), (-9.070006, 0.318935, 11.571335)
(-9.222944, 0.317504, 11.725103), (-9.21979, 0.32183, 11.88055), (-9.066946, 0.320397, 11.727131)
(-9.066946, 0.320397, 11.727131), (-8.910827, 0.322675, 11.729127), (-8.913671, 0.321796, 11.57329)
(-9.066946, 0.320397, 11.727131), (-9.063977, 0.324177, 11.882652), (-8.910827, 0.322675, 11.729127)
(-8.910827, 0.322675, 11.729127), (-8.754612, 0.323226, 11.731049), (-8.757216, 0.322955, 11.575094)
(-8.910827, 0.322675, 11.729127), (-8.908061, 0.325768, 11.884784), (-8.754612, 0.323226, 11.731049)
(-8.754612, 0.323226, 11.731049), (-8.598326, 0.321658, 11.732741), (-8.600699, 0.321759, 11.576709)
(-8.754612, 0.323226, 11.731049), (-8.752059, 0.32591, 11.886721), (-8.598326, 0.321658, 11.732741)
(-9.21979, 0.32183, 11.88055), (-9.216769, 0.329135, 12.035755), (-9.063977, 0.324177, 11.882652)
(-9.21979, 0.32183, 11.88055), (-9.063977, 0.324177, 11.882652), (-9.066946, 0.320397, 11.727131)
(-9.063977, 0.324177, 11.882652), (-8.908061, 0.325768, 11.884784), (-8.910827, 0.322675, 11.729127)
(-9.063977, 0.324177, 11.882652), (-9.061131, 0.33064, 12.037908), (-8.908061, 0.325768, 11.884784)
(-8.908061, 0.325768, 11.884784), (-8.905403, 0.331487, 12.040087), (-8.752059, 0.32591, 11.886721)
(-8.908061, 0.325768, 11.884784), (-8.752059, 0.32591, 11.886721), (-8.754612, 0.323226, 11.731049)
(-8.752059, 0.32591, 11.886721), (-8.595983, 0.323844, 11.888447), (-8.598326, 0.321658, 11.732741)
(-8.752059, 0.32591, 11.886721), (-8.74959, 0.330957, 12.042124), (-8.595983, 0.323844, 11.888447)
# -8.314020916686664, 0, 11.65218408331334
(-8.603057, 0.323793, 11.420242), (-8.446268, 0.319971, 11.421555), (-8.448322, 0.323614, 11.264678)
(-8.603057, 0.323793, 11.420242), (-8.600699, 0.321759, 11.576709), (-8.446268, 0.319971, 11.421555)
(-8.446268, 0.319971, 11.421555), (-8.289481, 0.312888, 11.4225), (-8.291303, 0.316374, 11.265611)
(-8.446268, 0.319971, 11.421555), (-8.444145, 0.317822, 11.578053), (-8.289481, 0.312888, 11.4225)
(-8.289481, 0.312888, 11.4225), (-8.132735, 0.302245, 11.423031), (-8.134338, 0.305557, 11.26616)
(-8.289481, 0.312888, 11.4225), (-8.287583, 0.31066, 11.578995), (-8.132735, 0.302245, 11.423031)
(-8.132735, 0.302245, 11.423031), (-7.976066, 0.287884, 11.423121), (-7.977469, 0.291249, 11.266356)
(-8.132735, 0.302245, 11.423031), (-8.131048, 0.299918, 11.579472), (-7.976066, 0.287884, 11.423121)
(-8.600699, 0.321759, 11.576709), (-8.598326, 0.321658, 11.732741), (-8.444145, 0.317822, 11.578053)
(-8.600699, 0.321759, 11.576709), (-8.444145, 0.317822, 11.578053), (-8.446268, 0.319971, 11.421555)
(-8.444145, 0.317822, 11.578053), (-8.441994, 0.317417, 11.734109), (-8.287583, 0.31066, 11.578995)
(-8.444145, 0.317822, 11.578053), (-8.287583, 0.31066, 11.578995), (-8.289481, 0.312888, 11.4225)
(-8.287583, 0.31066, 11.578995), (-8.285645, 0.309968, 11.73502), (-8.131048, 0.299918, 11.579472)
(-8.287583, 0.31066, 11.578995), (-8.131048, 0.299918, 11.579472), (-8.132735, 0.302245, 11.423031)
(-8.131048, 0.299918, 11.579472), (-8.12931, 0.299107, 11.735491), (-7.974575, 0.285608, 11.579531)
(-8.131048, 0.299918, 11.579472), (-7.974575, 0.285608, 11.579531), (-7.976066, 0.287884, 11.423121)
(-8.598326, 0.321658, 11.732741), (-8.441994, 0.317417, 11.734109), (-8.444145, 0.317822, 11.578053)
(-8.598326, 0.321658, 11.732741), (-8.595983, 0.323844, 11.888447), (-8.441994, 0.317417, 11.734109)
(-8.441994, 0.317417, 11.734109), (-8.285645, 0.309968, 11.73502), (-8.287583, 0.31066, 11.578995)
(-8.441994, 0.317417, 11.734109), (-8.439855, 0.319162, 11.889811), (-8.285645, 0.309968, 11.73502)
(-8.285645, 0.309968, 11.73502), (-8.12931, 0.299107, 11.735491), (-8.131048, 0.299918, 11.579472)
(-8.285645, 0.309968, 11.73502), (-8.283699, 0.3114, 11.890725), (-8.12931, 0.299107, 11.735491)
(-8.12931, 0.299107, 11.735491), (-7.973017, 0.284694, 11.735492), (-7.974575, 0.285608, 11.579531)
(-8.12931, 0.299107, 11.735491), (-8.127544, 0.30026, 11.891132), (-7.973017, 0.284694, 11.735492)
(-8.595983, 0.323844, 11.888447), (-8.593711, 0.328339, 12.043773), (-8.439855, 0.319162, 11.889811)
(-8.595983, 0.323844, 11.888447), (-8.439855, 0.319162, 11.889811), (-8.441994, 0.317417, 11.734109)
(-8.439855, 0.319162, 11.889811), (-8.283699, 0.3114, 11.890725), (-8.285645, 0.309968, 11.73502)
(-8.439855, 0.319162, 11.889811), (-8.437761, 0.323152, 12.04513), (-8.283699, 0.3114, 11.890725)
(-8.283699, 0.3114, 11.890725), (-8.281775, 0.314992, 12.046003), (-8.127544, 0.30026, 11.891132)
(-8.283699, 0.3114, 11.890725), (-8.127544, 0.30026, 11.891132), (-8.12931, 0.299107, 11.735491)
(-8.127544, 0.30026, 11.891132), (-7.971414, 0.285732, 11.891092), (-7.973017, 0.284694, 11.735492)
(-8.127544, 0.30026, 11.891132), (-8.125772, 0.303603, 12.04638), (-7.971414, 0.285732, 11.891092)
# -7.64625068335333, 0, 11.65218408331334
(-7.350661, 0.197728, 11.420275), (-7.194695, 0.168659, 11.419016), (-7.195379, 0.17126, 11.26272)
(-7.350661, 0.197728, 11.420275), (-7.349756, 0.195945, 11.576348), (-7.194695, 0.168659, 11.419016)
(-7.506785, 0.224748, 11.421428), (-7.350661, 0.197728, 11.420275), (-7.351452, 0.200554, 11.263881)
(-7.506785, 0.224748, 11.421428), (-7.505763, 0.222649, 11.577566), (-7.350661, 0.197728, 11.420275)
(-7.663069, 0.249049, 11.422321), (-7.506785, 0.224748, 11.421428), (-7.507702, 0.227676, 11.264904)
(-7.663069, 0.249049, 11.422321), (-7.66191, 0.246834, 11.578569), (-7.506785, 0.224748, 11.421428)
(-7.819502, 0.270186, 11.4229), (-7.663069, 0.249049, 11.422321), (-7.664128, 0.252158, 11.265707)
(-7.819502, 0.270186, 11.4229), (-7.818187, 0.267909, 11.579235), (-7.663069, 0.249049, 11.422321)
(-7.976066, 0.287884, 11.423121), (-7.819502, 0.270186, 11.4229), (-7.820724, 0.273422, 11.266198)
(-7.976066, 0.287884, 11.423121), (-7.974575, 0.285608, 11.579531), (-7.819502, 0.270186, 11.4229)
(-7.349756, 0.195945, 11.576348), (-7.348738, 0.195676, 11.732035), (-7.193889, 0.167167, 11.575008)
(-7.349756, 0.195945, 11.576348), (-7.193889, 0.167167, 11.575008), (-7.194695, 0.168659, 11.419016)
(-7.505763, 0.222649, 11.577566), (-7.504639, 0.222018, 11.733305), (-7.349756, 0.195945, 11.576348)
(-7.505763, 0.222649, 11.577566), (-7.349756, 0.195945, 11.576348), (-7.350661, 0.197728, 11.420275)
(-7.66191, 0.246834, 11.578569), (-7.660661, 0.245917, 11.734363), (-7.505763, 0.222649, 11.577566)
(-7.66191, 0.246834, 11.578569), (-7.505763, 0.222649, 11.577566), (-7.506785, 0.224748, 11.421428)
(-7.818187, 0.267909, 11.579235), (-7.816792, 0.26694, 11.735126), (-7.66191, 0.246834, 11.578569)
(-7.818187, 0.267909, 11.579235), (-7.66191, 0.246834, 11.578569), (-7.663069, 0.249049, 11.422321)
(-7.974575, 0.285608, 11.579531), (-7.973017, 0.284694, 11.735492), (-7.818187, 0.267909, 11.579235)
(-7.974575, 0.285608, 11.579531), (-7.818187, 0.267909, 11.579235), (-7.819502, 0.270186, 11.4229)
(-7.348738, 0.195676, 11.732035), (-7.192962, 0.167324, 11.730627), (-7.193889, 0.167167, 11.575008)
(-7.348738, 0.195676, 11.732035), (-7.34761, 0.197411, 11.887368), (-7.192962, 0.167324, 11.730627)
(-7.504639, 0.222018, 11.733305), (-7.348738, 0.195676, 11.732035), (-7.349756, 0.195945, 11.576348)
(-7.504639, 0.222018, 11.733305), (-7.503419, 0.223343, 11.888696), (-7.348738, 0.195676, 11.732035)
(-7.660661, 0.245917, 11.734363), (-7.504639, 0.222018, 11.733305), (-7.505763, 0.222649, 11.577566)
(-7.660661, 0.245917, 11.734363), (-7.659331, 0.246993, 11.889832), (-7.504639, 0.222018, 11.733305)
(-7.816792, 0.26694, 11.735126), (-7.660661, 0.245917, 11.734363), (-7.66191, 0.246834, 11.578569)
(-7.816792, 0.26694, 11.735126), (-7.815335, 0.267913, 11.890646), (-7.660661, 0.245917, 11.734363)
(-7.973017, 0.284694, 11.735492), (-7.816792, 0.26694, 11.735126), (-7.818187, 0.267909, 11.579235)
(-7.973017, 0.284694, 11.735492), (-7.971414, 0.285732, 11.891092), (-7.816792, 0.26694, 11.735126)
(-7.34761, 0.197411, 11.887368), (-7.346376, 0.201602, 12.042292), (-7.191912, 0.169577, 11.885908)
(-7.34761, 0.197411, 11.887368), (-7.191912, 0.169577, 11.885908), (-7.192962, 0.167324, 11.730627)
(-7.503419, 0.223343, 11.888696), (-7.34761, 0.197411, 11.887368), (-7.348738, 0.195676, 11.732035)
(-7.503419, 0.223343, 11.888696), (-7.50211, 0.226998, 12.043687), (-7.34761, 0.197411, 11.887368)
(-7.659331, 0.246993, 11.889832), (-7.657929, 0.250328, 12.044864), (-7.503419, 0.223343, 11.888696)
(-7.659331, 0.246993, 11.889832), (-7.503419, 0.223343, 11.888696), (-7.504639, 0.222018, 11.733305)
(-7.815335, 0.267913, 11.890646), (-7.659331, 0.246993, 11.889832), (-7.660661, 0.245917, 11.734363)
(-7.815335, 0.267913, 11.890646), (-7.813826, 0.271089, 12.045736), (-7.659331, 0.246993, 11.889832)
(-7.971414, 0.285732, 11.891092), (-7.969782, 0.288913, 12.046247), (-7.815335, 0.267913, 11.890646)
(-7.971414, 0.285732, 11.891092), (-7.815335, 0.267913, 11.890646), (-7.816792, 0.26694, 11.735126)
# -6.9784804500199975, 0, 11.65218408331334
(-6.727777, 0.072527, 11.414705), (-6.572434, 0.038956, 11.413275), (-6.572871, 0.039687, 11.257299)
(-6.727777, 0.072527, 11.414705), (-6.727162, 0.072713, 11.570494), (-6.572434, 0.038956, 11.413275)
(-6.88326, 0.105532, 11.416188), (-6.727777, 0.072527, 11.414705), (-6.728251, 0.073825, 11.258671)
(-6.88326, 0.105532, 11.416188), (-6.882601, 0.105055, 11.57202), (-6.727777, 0.072527, 11.414705)
(-7.038897, 0.137765, 11.417642), (-6.88326, 0.105532, 11.416188), (-6.883789, 0.107403, 11.260059)
(-7.038897, 0.137765, 11.417642), (-7.038173, 0.136694, 11.573551), (-6.88326, 0.105532, 11.416188)
(-7.194695, 0.168659, 11.419016), (-7.038897, 0.137765, 11.417642), (-7.039494, 0.140048, 11.261431)
(-7.194695, 0.168659, 11.419016), (-7.193889, 0.167167, 11.575008), (-7.038897, 0.137765, 11.417642)
(-6.727162, 0.072713, 11.570494), (-6.726395, 0.075044, 11.725989), (-6.571851, 0.039872, 11.569021)
(-6.727162, 0.072713, 11.570494), (-6.571851, 0.039872, 11.569021), (-6.572434, 0.038956, 11.413275)
(-6.882601, 0.105055, 11.57202), (-6.881797, 0.106536, 11.727547), (-6.727162, 0.072713, 11.570494)
(-6.882601, 0.105055, 11.57202), (-6.727162, 0.072713, 11.570494), (-6.727777, 0.072527, 11.414705)
(-7.038173, 0.136694, 11.573551), (-7.037316, 0.137464, 11.729103), (-6.882601, 0.105055, 11.57202)
(-7.038173, 0.136694, 11.573551), (-6.882601, 0.105055, 11.57202), (-6.88326, 0.105532, 11.416188)
(-7.193889, 0.167167, 11.575008), (-7.192962, 0.167324, 11.730627), (-7.038173, 0.136694, 11.573551)
(-7.193889, 0.167167, 11.575008), (-7.038173, 0.136694, 11.573551), (-7.038897, 0.137765, 11.417642)
(-6.726395, 0.075044, 11.725989), (-6.571105, 0.043131, 11.724497), (-6.571851, 0.039872, 11.569021)
(-6.726395, 0.075044, 11.725989), (-6.725473, 0.079672, 11.881209), (-6.571105, 0.043131, 11.724497)
(-6.881797, 0.106536, 11.727547), (-6.726395, 0.075044, 11.725989), (-6.727162, 0.072713, 11.570494)
(-6.881797, 0.106536, 11.727547), (-6.880848, 0.110267, 11.882771), (-6.726395, 0.075044, 11.725989)
(-7.037316, 0.137464, 11.729103), (-6.881797, 0.106536, 11.727547), (-6.882601, 0.105055, 11.57202)
(-7.037316, 0.137464, 11.729103), (-7.036326, 0.140338, 11.884357), (-6.881797, 0.106536, 11.727547)
(-7.192962, 0.167324, 11.730627), (-7.037316, 0.137464, 11.729103), (-7.038173, 0.136694, 11.573551)
(-7.192962, 0.167324, 11.730627), (-7.191912, 0.169577, 11.885908), (-7.037316, 0.137464, 11.729103)
(-6.725473, 0.079672, 11.881209), (-6.724386, 0.087293, 12.036105), (-6.570196, 0.048802, 11.87971)
(-6.725473, 0.079672, 11.881209), (-6.570196, 0.048802, 11.87971), (-6.571105, 0.043131, 11.724497)
(-6.880848, 0.110267, 11.882771), (-6.725473, 0.079672, 11.881209), (-6.726395, 0.075044, 11.725989)
(-6.880848, 0.110267, 11.882771), (-6.87975, 0.116726, 12.037663), (-6.725473, 0.079672, 11.881209)
(-7.036326, 0.140338, 11.884357), (-7.035197, 0.145946, 12.039243), (-6.880848, 0.110267, 11.882771)
(-7.036326, 0.140338, 11.884357), (-6.880848, 0.110267, 11.882771), (-6.881797, 0.106536, 11.727547)
(-7.191912, 0.169577, 11.885908), (-7.036326, 0.140338, 11.884357), (-7.037316, 0.137464, 11.729103)
(-7.191912, 0.169577, 11.885908), (-7.190739, 0.174408, 12.040801), (-7.036326, 0.140338, 11.884357)
# -6.3107102166866635, 0, 11.65218408331334
(-6.107102, -0.060752, 11.409335), (-5.952173, -0.093072, 11.408187), (-5.952601, -0.095519, 11.252389)
(-6.107102, -0.060752, 11.409335), (-6.106524, -0.057059, 11.56499), (-5.952173, -0.093072, 11.408187)
(-6.262118, -0.028063, 11.410578), (-6.107102, -0.060752, 11.409335), (-6.107518, -0.062417, 11.253504)
(-6.262118, -0.028063, 11.410578), (-6.261548, -0.025241, 11.566253), (-6.107102, -0.060752, 11.409335)
(-6.417221, 0.005295, 11.411894), (-6.262118, -0.028063, 11.410578), (-6.262523, -0.028708, 11.254696)
(-6.417221, 0.005295, 11.411894), (-6.416654, 0.007072, 11.567606), (-6.262118, -0.028063, 11.410578)
(-6.572434, 0.038956, 11.413275), (-6.417221, 0.005295, 11.411894), (-6.417635, 0.005367, 11.255969)
(-6.572434, 0.038956, 11.413275), (-6.571851, 0.039872, 11.569021), (-6.417221, 0.005295, 11.411894)
(-6.106524, -0.057059, 11.56499), (-6.105752, -0.050605, 11.720436), (-5.951573, -0.088406, 11.56382)
(-6.106524, -0.057059, 11.56499), (-5.951573, -0.088406, 11.56382), (-5.952173, -0.093072, 11.408187)
(-6.261548, -0.025241, 11.566253), (-6.260796, -0.019838, 11.721705), (-6.106524, -0.057059, 11.56499)
(-6.261548, -0.025241, 11.566253), (-6.106524, -0.057059, 11.56499), (-6.107102, -0.060752, 11.409335)
(-6.416654, 0.007072, 11.567606), (-6.415909, 0.011455, 11.723061), (-6.261548, -0.025241, 11.566253)
(-6.416654, 0.007072, 11.567606), (-6.261548, -0.025241, 11.566253), (-6.262118, -0.028063, 11.410578)
(-6.571851, 0.039872, 11.569021), (-6.571105, 0.043131, 11.724497), (-6.416654, 0.007072, 11.567606)
(-6.571851, 0.039872, 11.569021), (-6.416654, 0.007072, 11.567606), (-6.417221, 0.005295, 11.411894)
(-6.105752, -0.050605, 11.720436), (-5.950769, -0.080757, 11.71926), (-5.951573, -0.088406, 11.56382)
(-6.105752, -0.050605, 11.720436), (-6.104794, -0.041413, 11.875677), (-5.950769, -0.080757, 11.71926)
(-6.260796, -0.019838, 11.721705), (-6.105752, -0.050605, 11.720436), (-6.106524, -0.057059, 11.56499)
(-6.260796, -0.019838, 11.721705), (-6.259868, -0.011898, 11.876932), (-6.105752, -0.050605, 11.720436)
(-6.415909, 0.011455, 11.723061), (-6.260796, -0.019838, 11.721705), (-6.261548, -0.025241, 11.566253)
(-6.415909, 0.011455, 11.723061), (-6.415, 0.018137, 11.878284), (-6.260796, -0.019838, 11.721705)
(-6.571105, 0.043131, 11.724497), (-6.415909, 0.011455, 11.723061), (-6.416654, 0.007072, 11.567606)
(-6.571105, 0.043131, 11.724497), (-6.570196, 0.048802, 11.87971), (-6.415909, 0.011455, 11.723061)
(-6.104794, -0.041413, 11.875677), (-6.103623, -0.028754, 12.030678), (-5.949769, -0.070289, 11.874504)
(-6.104794, -0.041413, 11.875677), (-5.949769, -0.070289, 11.874504), (-5.950769, -0.080757, 11.71926)
(-6.259868, -0.011898, 11.876932), (-6.104794, -0.041413, 11.875677), (-6.105752, -0.050605, 11.720436)
(-6.259868, -0.011898, 11.876932), (-6.258744, -0.000802, 12.031917), (-6.104794, -0.041413, 11.875677)
(-6.415, 0.018137, 11.878284), (-6.413899, 0.028073, 12.033232), (-6.259868, -0.011898, 11.876932)
(-6.415, 0.018137, 11.878284), (-6.259868, -0.011898, 11.876932), (-6.260796, -0.019838, 11.721705)
(-6.570196, 0.048802, 11.87971), (-6.415, 0.018137, 11.878284), (-6.415909, 0.011455, 11.723061)
(-6.570196, 0.048802, 11.87971), (-6.569109, 0.057553, 12.034628), (-6.415, 0.018137, 11.878284)
# -5.642939983353331, 0, 11.65218408331334
(-5.332839, -0.212525, 11.404294), (-5.17804, -0.240008, 11.403448), (-5.178664, -0.247044, 11.247868)
(-5.332839, -0.212525, 11.404294), (-5.332064, -0.203629, 11.559793), (-5.17804, -0.240008, 11.403448)
(-5.487635, -0.183974, 11.405176), (-5.332839, -0.212525, 11.404294), (-5.33342, -0.218726, 11.248661)
(-5.487635, -0.183974, 11.405176), (-5.486908, -0.176072, 11.560717), (-5.332839, -0.212525, 11.404294)
(-5.642462, -0.154863, 11.406117), (-5.487635, -0.183974, 11.405176), (-5.488173, -0.189345, 11.249496)
(-5.642462, -0.154863, 11.406117), (-5.641779, -0.147915, 11.561693), (-5.487635, -0.183974, 11.405176)
(-5.7973, -0.124511, 11.407118), (-5.642462, -0.154863, 11.406117), (-5.642944, -0.159002, 11.250391)
(-5.7973, -0.124511, 11.407118), (-5.796667, -0.118786, 11.562727), (-5.642462, -0.154863, 11.406117)
(-5.952173, -0.093072, 11.408187), (-5.7973, -0.124511, 11.407118), (-5.797751, -0.127794, 11.251354)
(-5.952173, -0.093072, 11.408187), (-5.951573, -0.088406, 11.56382), (-5.7973, -0.124511, 11.407118)
(-5.332064, -0.203629, 11.559793), (-5.331049, -0.191297, 11.715137), (-5.177205, -0.230084, 11.558899)
(-5.332064, -0.203629, 11.559793), (-5.177205, -0.230084, 11.558899), (-5.17804, -0.240008, 11.403448)
(-5.486908, -0.176072, 11.560717), (-5.485955, -0.164902, 11.716097), (-5.332064, -0.203629, 11.559793)
(-5.486908, -0.176072, 11.560717), (-5.332064, -0.203629, 11.559793), (-5.332839, -0.212525, 11.404294)
(-5.641779, -0.147915, 11.561693), (-5.640882, -0.13791, 11.7171), (-5.486908, -0.176072, 11.560717)
(-5.641779, -0.147915, 11.561693), (-5.486908, -0.176072, 11.560717), (-5.487635, -0.183974, 11.405176)
(-5.796667, -0.118786, 11.562727), (-5.795815, -0.109816, 11.718149), (-5.641779, -0.147915, 11.561693)
(-5.796667, -0.118786, 11.562727), (-5.641779, -0.147915, 11.561693), (-5.642462, -0.154863, 11.406117)
(-5.951573, -0.088406, 11.56382), (-5.950769, -0.080757, 11.71926), (-5.796667, -0.118786, 11.562727)
(-5.951573, -0.088406, 11.56382), (-5.796667, -0.118786, 11.562727), (-5.7973, -0.124511, 11.407118)
(-5.331049, -0.191297, 11.715137), (-5.176117, -0.216493, 11.71419), (-5.177205, -0.230084, 11.558899)
(-5.331049, -0.191297, 11.715137), (-5.329818, -0.175904, 11.870335), (-5.176117, -0.216493, 11.71419)
(-5.485955, -0.164902, 11.716097), (-5.331049, -0.191297, 11.715137), (-5.332064, -0.203629, 11.559793)
(-5.485955, -0.164902, 11.716097), (-5.484793, -0.150777, 11.871325), (-5.331049, -0.191297, 11.715137)
(-5.640882, -0.13791, 11.7171), (-5.485955, -0.164902, 11.716097), (-5.486908, -0.176072, 11.560717)
(-5.640882, -0.13791, 11.7171), (-5.639778, -0.124938, 11.87234), (-5.485955, -0.164902, 11.716097)
(-5.795815, -0.109816, 11.718149), (-5.640882, -0.13791, 11.7171), (-5.641779, -0.147915, 11.561693)
(-5.795815, -0.109816, 11.718149), (-5.794773, -0.098213, 11.873398), (-5.640882, -0.13791, 11.7171)
(-5.950769, -0.080757, 11.71926), (-5.795815, -0.109816, 11.718149), (-5.796667, -0.118786, 11.562727)
(-5.950769, -0.080757, 11.71926), (-5.949769, -0.070289, 11.874504), (-5.795815, -0.109816, 11.718149)
(-5.329818, -0.175904, 11.870335), (-5.174827, -0.200053, 11.869353), (-5.176117, -0.216493, 11.71419)
(-5.329818, -0.175904, 11.870335), (-5.328332, -0.15668, 12.025367), (-5.174827, -0.200053, 11.869353)
(-5.484793, -0.150777, 11.871325), (-5.483379, -0.132811, 12.026371), (-5.329818, -0.175904, 11.870335)
(-5.484793, -0.150777, 11.871325), (-5.329818, -0.175904, 11.870335), (-5.331049, -0.191297, 11.715137)
(-5.639778, -0.124938, 11.87234), (-5.484793, -0.150777, 11.871325), (-5.485955, -0.164902, 11.716097)
(-5.639778, -0.124938, 11.87234), (-5.638444, -0.108471, 12.027401), (-5.484793, -0.150777, 11.871325)
(-5.794773, -0.098213, 11.873398), (-5.793495, -0.082925, 12.028447), (-5.639778, -0.124938, 11.87234)
(-5.794773, -0.098213, 11.873398), (-5.639778, -0.124938, 11.87234), (-5.640882, -0.13791, 11.7171)
(-5.949769, -0.070289, 11.874504), (-5.794773, -0.098213, 11.873398), (-5.795815, -0.109816, 11.718149)
(-5.949769, -0.070289, 11.874504), (-5.948549, -0.056295, 12.029531), (-5.794773, -0.098213, 11.873398)
# -4.975169750019997, 0, 11.65218408331334
(-4.71347, -0.31614, 11.401051), (-4.558563, -0.340039, 11.400295), (-4.55939, -0.350314, 11.244989)
(-4.71347, -0.31614, 11.401051), (-4.712471, -0.30353, 11.556297), (-4.558563, -0.340039, 11.400295)
(-4.868339, -0.291385, 11.401823), (-4.71347, -0.31614, 11.401051), (-4.714252, -0.325721, 11.245668)
(-4.868339, -0.291385, 11.401823), (-4.867394, -0.279617, 11.557146), (-4.71347, -0.31614, 11.401051)
(-5.023211, -0.266308, 11.402628), (-4.868339, -0.291385, 11.401823), (-4.869074, -0.300243, 11.246368)
(-5.023211, -0.266308, 11.402628), (-5.022309, -0.25525, 11.558013), (-4.868339, -0.291385, 11.401823)
(-5.17804, -0.240008, 11.403448), (-5.023211, -0.266308, 11.402628), (-5.023883, -0.274126, 11.247102)
(-5.17804, -0.240008, 11.403448), (-5.177205, -0.230084, 11.558899), (-5.023211, -0.266308, 11.402628)
(-4.712471, -0.30353, 11.556297), (-4.71121, -0.287146, 11.71139), (-4.557508, -0.326554, 11.555457)
(-4.712471, -0.30353, 11.556297), (-4.557508, -0.326554, 11.555457), (-4.558563, -0.340039, 11.400295)
(-4.867394, -0.279617, 11.557146), (-4.866197, -0.264248, 11.712317), (-4.712471, -0.30353, 11.556297)
(-4.867394, -0.279617, 11.557146), (-4.712471, -0.30353, 11.556297), (-4.71347, -0.31614, 11.401051)
(-5.022309, -0.25525, 11.558013), (-5.021167, -0.240753, 11.713253), (-4.867394, -0.279617, 11.557146)
(-5.022309, -0.25525, 11.558013), (-4.867394, -0.279617, 11.557146), (-4.868339, -0.291385, 11.401823)
(-5.177205, -0.230084, 11.558899), (-5.176117, -0.216493, 11.71419), (-5.022309, -0.25525, 11.558013)
(-5.177205, -0.230084, 11.558899), (-5.022309, -0.25525, 11.558013), (-5.023211, -0.266308, 11.402628)
(-4.71121, -0.287146, 11.71139), (-4.556176, -0.30909, 11.710453), (-4.557508, -0.326554, 11.555457)
(-4.71121, -0.287146, 11.71139), (-4.70971, -0.267345, 11.866342), (-4.556176, -0.30909, 11.710453)
(-4.866197, -0.264248, 11.712317), (-4.71121, -0.287146, 11.71139), (-4.712471, -0.30353, 11.556297)
(-4.866197, -0.264248, 11.712317), (-4.864764, -0.245497, 11.867353), (-4.71121, -0.287146, 11.71139)
(-5.021167, -0.240753, 11.713253), (-4.866197, -0.264248, 11.712317), (-4.867394, -0.279617, 11.557146)
(-5.021167, -0.240753, 11.713253), (-5.019801, -0.223088, 11.868357), (-4.866197, -0.264248, 11.712317)
(-5.176117, -0.216493, 11.71419), (-5.021167, -0.240753, 11.713253), (-5.022309, -0.25525, 11.558013)
(-5.176117, -0.216493, 11.71419), (-5.174827, -0.200053, 11.869353), (-5.021167, -0.240753, 11.713253)
(-4.70971, -0.267345, 11.866342), (-4.554624, -0.288459, 11.865319), (-4.556176, -0.30909, 11.710453)
(-4.70971, -0.267345, 11.866342), (-4.707933, -0.243463, 12.021143), (-4.554624, -0.288459, 11.865319)
(-4.864764, -0.245497, 11.867353), (-4.863054, -0.22267, 12.022232), (-4.70971, -0.267345, 11.866342)
(-4.864764, -0.245497, 11.867353), (-4.70971, -0.267345, 11.866342), (-4.71121, -0.287146, 11.71139)
(-5.019801, -0.223088, 11.868357), (-4.864764, -0.245497, 11.867353), (-4.866197, -0.264248, 11.712317)
(-5.019801, -0.223088, 11.868357), (-5.018179, -0.201648, 12.02331), (-4.864764, -0.245497, 11.867353)
(-5.174827, -0.200053, 11.869353), (-5.173268, -0.179646, 12.024353), (-5.019801, -0.223088, 11.868357)
(-5.174827, -0.200053, 11.869353), (-5.019801, -0.223088, 11.868357), (-5.021167, -0.240753, 11.713253)
# -4.307399516686664, 0, 11.65218408331334
(-4.093551, -0.40685, 11.398173), (-3.938476, -0.428118, 11.397561), (-3.939468, -0.440939, 11.242588)
(-4.093551, -0.40685, 11.398173), (-4.092356, -0.391182, 11.553059), (-3.938476, -0.428118, 11.397561)
(-4.24858, -0.384984, 11.398836), (-4.093551, -0.40685, 11.398173), (-4.094517, -0.419242, 11.243123)
(-4.24858, -0.384984, 11.398836), (-4.247423, -0.369913, 11.553813), (-4.093551, -0.40685, 11.398173)
(-4.403602, -0.362993, 11.399555), (-4.24858, -0.384984, 11.398836), (-4.249516, -0.39689, 11.243706)
(-4.403602, -0.362993, 11.399555), (-4.402483, -0.348528, 11.554621), (-4.24858, -0.384984, 11.398836)
(-4.558563, -0.340039, 11.400295), (-4.403602, -0.362993, 11.399555), (-4.404471, -0.373906, 11.244331)
(-4.558563, -0.340039, 11.400295), (-4.557508, -0.326554, 11.555457), (-4.403602, -0.362993, 11.399555)
(-4.092356, -0.391182, 11.553059), (-4.09089, -0.371556, 11.707771), (-3.937248, -0.411867, 11.552359)
(-4.092356, -0.391182, 11.553059), (-3.937248, -0.411867, 11.552359), (-3.938476, -0.428118, 11.397561)
(-4.247423, -0.369913, 11.553813), (-4.246, -0.351003, 11.708624), (-4.092356, -0.391182, 11.553059)
(-4.247423, -0.369913, 11.553813), (-4.092356, -0.391182, 11.553059), (-4.093551, -0.40685, 11.398173)
(-4.402483, -0.348528, 11.554621), (-4.401108, -0.330382, 11.70953), (-4.247423, -0.369913, 11.553813)
(-4.402483, -0.348528, 11.554621), (-4.247423, -0.369913, 11.553813), (-4.24858, -0.384984, 11.398836)
(-4.557508, -0.326554, 11.555457), (-4.556176, -0.30909, 11.710453), (-4.402483, -0.348528, 11.554621)
(-4.557508, -0.326554, 11.555457), (-4.402483, -0.348528, 11.554621), (-4.403602, -0.362993, 11.399555)
(-4.09089, -0.371556, 11.707771), (-3.935738, -0.391484, 11.706973), (-3.937248, -0.411867, 11.552359)
(-4.09089, -0.371556, 11.707771), (-4.089188, -0.348419, 11.862326), (-3.935738, -0.391484, 11.706973)
(-4.246, -0.351003, 11.708624), (-4.09089, -0.371556, 11.707771), (-4.092356, -0.391182, 11.553059)
(-4.246, -0.351003, 11.708624), (-4.244343, -0.328654, 11.863288), (-4.09089, -0.371556, 11.707771)
(-4.401108, -0.330382, 11.70953), (-4.246, -0.351003, 11.708624), (-4.247423, -0.369913, 11.553813)
(-4.401108, -0.330382, 11.70953), (-4.399493, -0.308747, 11.864294), (-4.246, -0.351003, 11.708624)
(-4.556176, -0.30909, 11.710453), (-4.401108, -0.330382, 11.70953), (-4.402483, -0.348528, 11.554621)
(-4.556176, -0.30909, 11.710453), (-4.554624, -0.288459, 11.865319), (-4.401108, -0.330382, 11.70953)
(-4.089188, -0.348419, 11.862326), (-3.934009, -0.367823, 11.861429), (-3.935738, -0.391484, 11.706973)
(-4.089188, -0.348419, 11.862326), (-4.087203, -0.321051, 12.01672), (-3.934009, -0.367823, 11.861429)
(-4.244343, -0.328654, 11.863288), (-4.242398, -0.302029, 12.017788), (-4.089188, -0.348419, 11.862326)
(-4.244343, -0.328654, 11.863288), (-4.089188, -0.348419, 11.862326), (-4.09089, -0.371556, 11.707771)
(-4.399493, -0.308747, 11.864294), (-4.244343, -0.328654, 11.863288), (-4.246, -0.351003, 11.708624)
(-4.399493, -0.308747, 11.864294), (-4.39761, -0.283156, 12.018908), (-4.244343, -0.328654, 11.863288)
(-4.554624, -0.288459, 11.865319), (-4.552787, -0.263636, 12.020035), (-4.399493, -0.308747, 11.864294)
(-4.554624, -0.288459, 11.865319), (-4.399493, -0.308747, 11.864294), (-4.401108, -0.330382, 11.70953)
# -3.6396292833533312, 0, 11.65218408331334
(-3.317768, -0.508335, 11.395936), (-3.162501, -0.527471, 11.395803), (-3.163533, -0.541669, 11.241058)
(-3.317768, -0.508335, 11.395936), (-3.316492, -0.490713, 11.550498), (-3.162501, -0.527471, 11.395803)
(-3.472989, -0.488707, 11.396185), (-3.317768, -0.508335, 11.395936), (-3.318813, -0.522484, 11.241179)
(-3.472989, -0.488707, 11.396185), (-3.471714, -0.471322, 11.550783), (-3.317768, -0.508335, 11.395936)
(-3.628171, -0.468675, 11.396543), (-3.472989, -0.488707, 11.396185), (-3.47404, -0.502735, 11.241397)
(-3.628171, -0.468675, 11.396543), (-3.626901, -0.451546, 11.551194), (-3.472989, -0.488707, 11.396185)
(-3.78335, -0.448729, 11.39701), (-3.628171, -0.468675, 11.396543), (-3.62922, -0.482526, 11.241708)
(-3.78335, -0.448729, 11.39701), (-3.782085, -0.431824, 11.551725), (-3.628171, -0.468675, 11.396543)
(-3.938476, -0.428118, 11.397561), (-3.78335, -0.448729, 11.39701), (-3.78436, -0.461906, 11.242108)
(-3.938476, -0.428118, 11.397561), (-3.937248, -0.411867, 11.552359), (-3.78335, -0.448729, 11.39701)
(-3.316492, -0.490713, 11.550498), (-3.314943, -0.468909, 11.704861), (-3.161223, -0.509544, 11.550351)
(-3.316492, -0.490713, 11.550498), (-3.161223, -0.509544, 11.550351), (-3.162501, -0.527471, 11.395803)
(-3.471714, -0.471322, 11.550783), (-3.470171, -0.449895, 11.705188), (-3.316492, -0.490713, 11.550498)
(-3.471714, -0.471322, 11.550783), (-3.316492, -0.490713, 11.550498), (-3.317768, -0.508335, 11.395936)
(-3.626901, -0.451546, 11.551194), (-3.625369, -0.430495, 11.705656), (-3.471714, -0.471322, 11.550783)
(-3.626901, -0.451546, 11.551194), (-3.471714, -0.471322, 11.550783), (-3.472989, -0.488707, 11.396185)
(-3.782085, -0.431824, 11.551725), (-3.780561, -0.411072, 11.706261), (-3.626901, -0.451546, 11.551194)
(-3.782085, -0.431824, 11.551725), (-3.626901, -0.451546, 11.551194), (-3.628171, -0.468675, 11.396543)
(-3.937248, -0.411867, 11.552359), (-3.935738, -0.391484, 11.706973), (-3.782085, -0.431824, 11.551725)
(-3.937248, -0.411867, 11.552359), (-3.782085, -0.431824, 11.551725), (-3.78335, -0.448729, 11.39701)
(-3.314943, -0.468909, 11.704861), (-3.159698, -0.48778, 11.7047), (-3.161223, -0.509544, 11.550351)
(-3.314943, -0.468909, 11.704861), (-3.313177, -0.443695, 11.859034), (-3.159698, -0.48778, 11.7047)
(-3.470171, -0.449895, 11.705188), (-3.314943, -0.468909, 11.704861), (-3.316492, -0.490713, 11.550498)
(-3.470171, -0.449895, 11.705188), (-3.468391, -0.424775, 11.859403), (-3.314943, -0.468909, 11.704861)
(-3.625369, -0.430495, 11.705656), (-3.470171, -0.449895, 11.705188), (-3.471714, -0.471322, 11.550783)
(-3.625369, -0.430495, 11.705656), (-3.623595, -0.405735, 11.85994), (-3.470171, -0.449895, 11.705188)
(-3.780561, -0.411072, 11.706261), (-3.625369, -0.430495, 11.705656), (-3.626901, -0.451546, 11.551194)
(-3.780561, -0.411072, 11.706261), (-3.778801, -0.386769, 11.86062), (-3.625369, -0.430495, 11.705656)
(-3.935738, -0.391484, 11.706973), (-3.780561, -0.411072, 11.706261), (-3.782085, -0.431824, 11.551725)
(-3.935738, -0.391484, 11.706973), (-3.934009, -0.367823, 11.861429), (-3.780561, -0.411072, 11.706261)
(-3.313177, -0.443695, 11.859034), (-3.311132, -0.414074, 12.013018), (-3.157942, -0.462353, 11.858853)
(-3.313177, -0.443695, 11.859034), (-3.157942, -0.462353, 11.858853), (-3.159698, -0.48778, 11.7047)
(-3.468391, -0.424775, 11.859403), (-3.313177, -0.443695, 11.859034), (-3.314943, -0.468909, 11.704861)
(-3.468391, -0.424775, 11.859403), (-3.466333, -0.395315, 12.013431), (-3.313177, -0.443695, 11.859034)
(-3.623595, -0.405735, 11.85994), (-3.621539, -0.376606, 12.014037), (-3.468391, -0.424775, 11.859403)
(-3.623595, -0.405735, 11.85994), (-3.468391, -0.424775, 11.859403), (-3.470171, -0.449895, 11.705188)
(-3.778801, -0.386769, 11.86062), (-3.623595, -0.405735, 11.85994), (-3.625369, -0.430495, 11.705656)
(-3.778801, -0.386769, 11.86062), (-3.776774, -0.35836, 12.014809), (-3.623595, -0.405735, 11.85994)
(-3.934009, -0.367823, 11.861429), (-3.931995, -0.33984, 12.015716), (-3.778801, -0.386769, 11.86062)
(-3.934009, -0.367823, 11.861429), (-3.778801, -0.386769, 11.86062), (-3.780561, -0.411072, 11.706261)
# -2.9718590500199973, 0, 11.65218408331334
(-3.007181, -0.546056, 11.395798), (-2.851858, -0.564832, 11.39593), (-2.852869, -0.5793, 11.241159)
(-3.007181, -0.546056, 11.395798), (-3.00593, -0.528202, 11.550352), (-2.851858, -0.564832, 11.39593)
(-3.162501, -0.527471, 11.395803), (-3.007181, -0.546056, 11.395798), (-3.008222, -0.560636, 11.241053)
(-3.162501, -0.527471, 11.395803), (-3.161223, -0.509544, 11.550351), (-3.007181, -0.546056, 11.395798)
(-2.851858, -0.564832, 11.39593), (-2.69649, -0.583251, 11.396185), (-2.697465, -0.597562, 11.241367)
(-2.851858, -0.564832, 11.39593), (-2.850637, -0.547064, 11.550511), (-2.69649, -0.583251, 11.396185)
(-2.69649, -0.583251, 11.396185), (-2.54106, -0.601153, 11.396552), (-2.541992, -0.61523, 11.241669)
(-2.69649, -0.583251, 11.396185), (-2.695303, -0.565582, 11.550817), (-2.54106, -0.601153, 11.396552)
(-3.161223, -0.509544, 11.550351), (-3.159698, -0.48778, 11.7047), (-3.00593, -0.528202, 11.550352)
(-3.161223, -0.509544, 11.550351), (-3.00593, -0.528202, 11.550352), (-3.007181, -0.546056, 11.395798)
(-3.00593, -0.528202, 11.550352), (-3.004429, -0.506424, 11.704711), (-2.850637, -0.547064, 11.550511)
(-3.00593, -0.528202, 11.550352), (-2.850637, -0.547064, 11.550511), (-2.851858, -0.564832, 11.39593)
(-2.850637, -0.547064, 11.550511), (-2.849166, -0.525332, 11.704899), (-2.695303, -0.565582, 11.550817)
(-2.850637, -0.547064, 11.550511), (-2.695303, -0.565582, 11.550817), (-2.69649, -0.583251, 11.396185)
(-2.695303, -0.565582, 11.550817), (-2.693862, -0.54386, 11.705256), (-2.539905, -0.583513, 11.551251)
(-2.695303, -0.565582, 11.550817), (-2.539905, -0.583513, 11.551251), (-2.54106, -0.601153, 11.396552)
(-3.159698, -0.48778, 11.7047), (-3.004429, -0.506424, 11.704711), (-3.00593, -0.528202, 11.550352)
(-3.159698, -0.48778, 11.7047), (-3.157942, -0.462353, 11.858853), (-3.004429, -0.506424, 11.704711)
(-3.004429, -0.506424, 11.704711), (-2.849166, -0.525332, 11.704899), (-2.850637, -0.547064, 11.550511)
(-3.004429, -0.506424, 11.704711), (-3.002707, -0.481094, 11.858873), (-2.849166, -0.525332, 11.704899)
(-2.849166, -0.525332, 11.704899), (-2.693862, -0.54386, 11.705256), (-2.695303, -0.565582, 11.550817)
(-2.849166, -0.525332, 11.704899), (-2.847476, -0.500052, 11.859095), (-2.693862, -0.54386, 11.705256)
(-2.693862, -0.54386, 11.705256), (-2.538522, -0.562169, 11.70577), (-2.539905, -0.583513, 11.551251)
(-2.693862, -0.54386, 11.705256), (-2.692225, -0.518897, 11.859513), (-2.538522, -0.562169, 11.70577)
(-3.157942, -0.462353, 11.858853), (-3.002707, -0.481094, 11.858873), (-3.004429, -0.506424, 11.704711)
(-3.157942, -0.462353, 11.858853), (-3.155928, -0.43279, 12.012815), (-3.002707, -0.481094, 11.858873)
(-3.002707, -0.481094, 11.858873), (-3.000712, -0.451374, 12.012846), (-2.847476, -0.500052, 11.859095)
(-3.002707, -0.481094, 11.858873), (-2.847476, -0.500052, 11.859095), (-2.849166, -0.525332, 11.704899)
(-2.847476, -0.500052, 11.859095), (-2.692225, -0.518897, 11.859513), (-2.693862, -0.54386, 11.705256)
(-2.847476, -0.500052, 11.859095), (-2.845524, -0.470487, 12.013106), (-2.692225, -0.518897, 11.859513)
(-2.692225, -0.518897, 11.859513), (-2.690327, -0.489627, 12.013593), (-2.536934, -0.537391, 11.860117)
(-2.692225, -0.518897, 11.859513), (-2.536934, -0.537391, 11.860117), (-2.538522, -0.562169, 11.70577)
# -2.304088816686664, 0, 11.65218408331334
(-2.54106, -0.601153, 11.396552), (-2.385557, -0.618434, 11.397018), (-2.386461, -0.63252, 11.242064)
(-2.54106, -0.601153, 11.396552), (-2.539905, -0.583513, 11.551251), (-2.385557, -0.618434, 11.397018)
(-2.385557, -0.618434, 11.397018), (-2.230031, -0.635869, 11.397586), (-2.230884, -0.649679, 11.242541)
(-2.385557, -0.618434, 11.397018), (-2.384466, -0.601237, 11.551809), (-2.230031, -0.635869, 11.397586)
(-2.230031, -0.635869, 11.397586), (-2.07443, -0.65282, 11.398225), (-2.07523, -0.666359, 11.24308)
(-2.230031, -0.635869, 11.397586), (-2.228995, -0.618972, 11.552478), (-2.07443, -0.65282, 11.398225)
(-2.07443, -0.65282, 11.398225), (-1.918729, -0.669052, 11.398912), (-1.919476, -0.682342, 11.243663)
(-2.07443, -0.65282, 11.398225), (-2.073446, -0.636146, 11.553226), (-1.918729, -0.669052, 11.398912)
(-2.539905, -0.583513, 11.551251), (-2.538522, -0.562169, 11.70577), (-2.384466, -0.601237, 11.551809)
(-2.539905, -0.583513, 11.551251), (-2.384466, -0.601237, 11.551809), (-2.385557, -0.618434, 11.397018)
(-2.384466, -0.601237, 11.551809), (-2.383147, -0.580307, 11.706429), (-2.228995, -0.618972, 11.552478)
(-2.384466, -0.601237, 11.551809), (-2.228995, -0.618972, 11.552478), (-2.230031, -0.635869, 11.397586)
(-2.228995, -0.618972, 11.552478), (-2.227731, -0.598303, 11.707209), (-2.073446, -0.636146, 11.553226)
(-2.228995, -0.618972, 11.552478), (-2.073446, -0.636146, 11.553226), (-2.07443, -0.65282, 11.398225)
(-2.073446, -0.636146, 11.553226), (-2.072233, -0.615652, 11.708078), (-1.91779, -0.652467, 11.554027)
(-2.073446, -0.636146, 11.553226), (-1.91779, -0.652467, 11.554027), (-1.918729, -0.669052, 11.398912)
(-2.538522, -0.562169, 11.70577), (-2.383147, -0.580307, 11.706429), (-2.384466, -0.601237, 11.551809)
(-2.538522, -0.562169, 11.70577), (-2.536934, -0.537391, 11.860117), (-2.383147, -0.580307, 11.706429)
(-2.383147, -0.580307, 11.706429), (-2.227731, -0.598303, 11.707209), (-2.228995, -0.618972, 11.552478)
(-2.383147, -0.580307, 11.706429), (-2.381618, -0.555857, 11.860884), (-2.227731, -0.598303, 11.707209)
(-2.227731, -0.598303, 11.707209), (-2.072233, -0.615652, 11.708078), (-2.073446, -0.636146, 11.553226)
(-2.227731, -0.598303, 11.707209), (-2.226266, -0.574215, 11.86179), (-2.072233, -0.615652, 11.708078)
(-2.072233, -0.615652, 11.708078), (-1.916652, -0.632457, 11.709011), (-1.91779, -0.652467, 11.554027)
(-2.072233, -0.615652, 11.708078), (-2.070847, -0.592102, 11.862798), (-1.916652, -0.632457, 11.709011)
(-2.536934, -0.537391, 11.860117), (-2.381618, -0.555857, 11.860884), (-2.383147, -0.580307, 11.706429)
(-2.536934, -0.537391, 11.860117), (-2.535104, -0.5086, 12.014289), (-2.381618, -0.555857, 11.860884)
(-2.381618, -0.555857, 11.860884), (-2.379836, -0.527203, 12.015176), (-2.226266, -0.574215, 11.86179)
(-2.381618, -0.555857, 11.860884), (-2.226266, -0.574215, 11.86179), (-2.227731, -0.598303, 11.707209)
(-2.226266, -0.574215, 11.86179), (-2.070847, -0.592102, 11.862798), (-2.072233, -0.615652, 11.708078)
(-2.226266, -0.574215, 11.86179), (-2.224556, -0.546041, 12.016219), (-2.070847, -0.592102, 11.862798)
(-2.070847, -0.592102, 11.862798), (-2.069218, -0.564492, 12.017379), (-1.915331, -0.609214, 11.863874)
(-2.070847, -0.592102, 11.862798), (-1.915331, -0.609214, 11.863874), (-1.916652, -0.632457, 11.709011)
# -1.6363185833533305, 0, 11.65218408331334
(-1.918729, -0.669052, 11.398912), (-1.762918, -0.684503, 11.399624), (-1.763635, -0.697885, 11.244273)
(-1.918729, -0.669052, 11.398912), (-1.91779, -0.652467, 11.554027), (-1.762918, -0.684503, 11.399624)
(-1.762918, -0.684503, 11.399624), (-1.607032, -0.699732, 11.400366), (-1.607696, -0.712915, 11.244913)
(-1.762918, -0.684503, 11.399624), (-1.762042, -0.668225, 11.55486), (-1.607032, -0.699732, 11.400366)
(-1.607032, -0.699732, 11.400366), (-1.451029, -0.714278, 11.401109), (-1.451643, -0.727332, 11.245551)
(-1.607032, -0.699732, 11.400366), (-1.606214, -0.683679, 11.555718), (-1.451029, -0.714278, 11.401109)
(-1.451029, -0.714278, 11.401109), (-1.294899, -0.728055, 11.401838), (-1.295466, -0.741047, 11.246187)
(-1.451029, -0.714278, 11.401109), (-1.450265, -0.698344, 11.55657), (-1.294899, -0.728055, 11.401838)
(-1.91779, -0.652467, 11.554027), (-1.916652, -0.632457, 11.709011), (-1.762042, -0.668225, 11.55486)
(-1.91779, -0.652467, 11.554027), (-1.762042, -0.668225, 11.55486), (-1.762918, -0.684503, 11.399624)
(-1.762042, -0.668225, 11.55486), (-1.760971, -0.648545, 11.709975), (-1.606214, -0.683679, 11.555718)
(-1.762042, -0.668225, 11.55486), (-1.606214, -0.683679, 11.555718), (-1.607032, -0.699732, 11.400366)
(-1.606214, -0.683679, 11.555718), (-1.605208, -0.664265, 11.710964), (-1.450265, -0.698344, 11.55657)
(-1.606214, -0.683679, 11.555718), (-1.450265, -0.698344, 11.55657), (-1.451029, -0.714278, 11.401109)
(-1.450265, -0.698344, 11.55657), (-1.449314, -0.67905, 11.711937), (-1.294178, -0.712081, 11.5574)
(-1.450265, -0.698344, 11.55657), (-1.294178, -0.712081, 11.5574), (-1.294899, -0.728055, 11.401838)
(-1.916652, -0.632457, 11.709011), (-1.760971, -0.648545, 11.709975), (-1.762042, -0.668225, 11.55486)
(-1.916652, -0.632457, 11.709011), (-1.915331, -0.609214, 11.863874), (-1.760971, -0.648545, 11.709975)
(-1.760971, -0.648545, 11.709975), (-1.605208, -0.664265, 11.710964), (-1.606214, -0.683679, 11.555718)
(-1.760971, -0.648545, 11.709975), (-1.759727, -0.625757, 11.86499), (-1.605208, -0.664265, 11.710964)
(-1.605208, -0.664265, 11.710964), (-1.449314, -0.67905, 11.711937), (-1.450265, -0.698344, 11.55657)
(-1.605208, -0.664265, 11.710964), (-1.604033, -0.641775, 11.866123), (-1.449314, -0.67905, 11.711937)
(-1.449314, -0.67905, 11.711937), (-1.293292, -0.692979, 11.712885), (-1.294178, -0.712081, 11.5574)
(-1.449314, -0.67905, 11.711937), (-1.448215, -0.656909, 11.867237), (-1.293292, -0.692979, 11.712885)
(-1.915331, -0.609214, 11.863874), (-1.759727, -0.625757, 11.86499), (-1.760971, -0.648545, 11.709975)
(-1.915331, -0.609214, 11.863874), (-1.913792, -0.582261, 12.018621), (-1.759727, -0.625757, 11.86499)
(-1.759727, -0.625757, 11.86499), (-1.758257, -0.59912, 12.019902), (-1.604033, -0.641775, 11.866123)
(-1.759727, -0.625757, 11.86499), (-1.604033, -0.641775, 11.866123), (-1.605208, -0.664265, 11.710964)
(-1.604033, -0.641775, 11.866123), (-1.448215, -0.656909, 11.867237), (-1.449314, -0.67905, 11.711937)
(-1.604033, -0.641775, 11.866123), (-1.602644, -0.615599, 12.021194), (-1.448215, -0.656909, 11.867237)
(-1.448215, -0.656909, 11.867237), (-1.446906, -0.631131, 12.022458), (-1.292253, -0.670951, 11.868307)
(-1.448215, -0.656909, 11.867237), (-1.292253, -0.670951, 11.868307), (-1.293292, -0.692979, 11.712885)
# -0.968548350019997, 0, 11.65218408331334
(-1.294899, -0.728055, 11.401838), (-1.138633, -0.741017, 11.402546), (-1.139174, -0.754261, 11.246819)
(-1.294899, -0.728055, 11.401838), (-1.294178, -0.712081, 11.5574), (-1.138633, -0.741017, 11.402546)
(-1.138633, -0.741017, 11.402546), (-0.982257, -0.753586, 11.40324), (-0.982757, -0.766904, 11.247436)
(-1.138633, -0.741017, 11.402546), (-1.137966, -0.725124, 11.558205), (-0.982257, -0.753586, 11.40324)
(-0.982257, -0.753586, 11.40324), (-0.825746, -0.765456, 11.40391), (-0.826211, -0.778982, 11.248039)
(-0.982257, -0.753586, 11.40324), (-0.981636, -0.737607, 11.558982), (-0.825746, -0.765456, 11.40391)
(-0.825746, -0.765456, 11.40391), (-0.669097, -0.77664, 11.404553), (-0.66952, -0.790314, 11.248622)
(-0.825746, -0.765456, 11.40391), (-0.825165, -0.749289, 11.559723), (-0.669097, -0.77664, 11.404553)
(-0.669097, -0.77664, 11.404553), (-0.51228, -0.786785, 11.405163), (-0.512707, -0.801247, 11.249193)
(-0.669097, -0.77664, 11.404553), (-0.668535, -0.759969, 11.56042), (-0.51228, -0.786785, 11.405163)
(-1.294178, -0.712081, 11.5574), (-1.293292, -0.692979, 11.712885), (-1.137966, -0.725124, 11.558205)
(-1.294178, -0.712081, 11.5574), (-1.137966, -0.725124, 11.558205), (-1.138633, -0.741017, 11.402546)
(-1.137966, -0.725124, 11.558205), (-1.137139, -0.706111, 11.713795), (-0.981636, -0.737607, 11.558982)
(-1.137966, -0.725124, 11.558205), (-0.981636, -0.737607, 11.558982), (-0.982257, -0.753586, 11.40324)
(-0.981636, -0.737607, 11.558982), (-0.980857, -0.718502, 11.714661), (-0.825165, -0.749289, 11.559723)
(-0.981636, -0.737607, 11.558982), (-0.825165, -0.749289, 11.559723), (-0.825746, -0.765456, 11.40391)
(-0.825165, -0.749289, 11.559723), (-0.824416, -0.729802, 11.715471), (-0.668535, -0.759969, 11.56042)
(-0.825165, -0.749289, 11.559723), (-0.668535, -0.759969, 11.56042), (-0.669097, -0.77664, 11.404553)
(-0.668535, -0.759969, 11.56042), (-0.667837, -0.740324, 11.716234), (-0.511763, -0.769896, 11.561084)
(-0.668535, -0.759969, 11.56042), (-0.511763, -0.769896, 11.561084), (-0.51228, -0.786785, 11.405163)
(-1.293292, -0.692979, 11.712885), (-1.137139, -0.706111, 11.713795), (-1.137966, -0.725124, 11.558205)
(-1.293292, -0.692979, 11.712885), (-1.292253, -0.670951, 11.868307), (-1.137139, -0.706111, 11.713795)
(-1.137139, -0.706111, 11.713795), (-0.980857, -0.718502, 11.714661), (-0.981636, -0.737607, 11.558982)
(-1.137139, -0.706111, 11.713795), (-1.13616, -0.684132, 11.869327), (-0.980857, -0.718502, 11.714661)
(-0.980857, -0.718502, 11.714661), (-0.824416, -0.729802, 11.715471), (-0.825165, -0.749289, 11.559723)
(-0.980857, -0.718502, 11.714661), (-0.979931, -0.696446, 11.87029), (-0.824416, -0.729802, 11.715471)
(-0.824416, -0.729802, 11.715471), (-0.667837, -0.740324, 11.716234), (-0.668535, -0.759969, 11.56042)
(-0.824416, -0.729802, 11.715471), (-0.823554, -0.707763, 11.871186), (-0.667837, -0.740324, 11.716234)
(-0.667837, -0.740324, 11.716234), (-0.511091, -0.749734, 11.716947), (-0.511763, -0.769896, 11.561084)
(-0.667837, -0.740324, 11.716234), (-0.667004, -0.717797, 11.87201), (-0.511091, -0.749734, 11.716947)
(-1.292253, -0.670951, 11.868307), (-1.13616, -0.684132, 11.869327), (-1.137139, -0.706111, 11.713795)
(-1.292253, -0.670951, 11.868307), (-1.291025, -0.645534, 12.023669), (-1.13616, -0.684132, 11.869327)
(-1.13616, -0.684132, 11.869327), (-1.134985, -0.658661, 12.024807), (-0.979931, -0.696446, 11.87029)
(-1.13616, -0.684132, 11.869327), (-0.979931, -0.696446, 11.87029), (-0.980857, -0.718502, 11.714661)
(-0.979931, -0.696446, 11.87029), (-0.823554, -0.707763, 11.871186), (-0.824416, -0.729802, 11.715471)
(-0.979931, -0.696446, 11.87029), (-0.978821, -0.671009, 12.025875), (-0.823554, -0.707763, 11.871186)
(-0.823554, -0.707763, 11.871186), (-0.822501, -0.682219, 12.026857), (-0.667004, -0.717797, 11.87201)
(-0.823554, -0.707763, 11.871186), (-0.667004, -0.717797, 11.87201), (-0.667837, -0.740324, 11.716234)
(-0.667004, -0.717797, 11.87201), (-0.51031, -0.726969, 11.872776), (-0.511091, -0.749734, 11.716947)
(-0.667004, -0.717797, 11.87201), (-0.666025, -0.692302, 12.027758), (-0.51031, -0.726969, 11.872776)
# -0.3007781166866636, 0, 11.65218408331334
(-0.51228, -0.786785, 11.405163), (-0.355363, -0.796814, 11.405763), (-0.355755, -0.811584, 11.249748)
(-0.51228, -0.786785, 11.405163), (-0.511763, -0.769896, 11.561084), (-0.355363, -0.796814, 11.405763)
(-0.355363, -0.796814, 11.405763), (-0.198305, -0.806193, 11.406344), (-0.198673, -0.821474, 11.250295)
(-0.355363, -0.796814, 11.405763), (-0.354876, -0.779469, 11.561724), (-0.198305, -0.806193, 11.406344)
(-0.198305, -0.806193, 11.406344), (-0.041106, -0.814944, 11.406907), (-0.041434, -0.830525, 11.250821)
(-0.198305, -0.806193, 11.406344), (-0.197844, -0.78832, 11.562338), (-0.041106, -0.814944, 11.406907)
(-0.041106, -0.814944, 11.406907), (0.116288, -0.822236, 11.407436), (0.115941, -0.838991, 11.251336)
(-0.041106, -0.814944, 11.406907), (-0.040643, -0.796092, 11.56292), (0.116288, -0.822236, 11.407436)
(-0.511763, -0.769896, 11.561084), (-0.511091, -0.749734, 11.716947), (-0.354876, -0.779469, 11.561724)
(-0.511763, -0.769896, 11.561084), (-0.354876, -0.779469, 11.561724), (-0.355363, -0.796814, 11.405763)
(-0.354876, -0.779469, 11.561724), (-0.354235, -0.758801, 11.717627), (-0.197844, -0.78832, 11.562338)
(-0.354876, -0.779469, 11.561724), (-0.197844, -0.78832, 11.562338), (-0.198305, -0.806193, 11.406344)
(-0.197844, -0.78832, 11.562338), (-0.197205, -0.76669, 11.718262), (-0.040643, -0.796092, 11.56292)
(-0.197844, -0.78832, 11.562338), (-0.040643, -0.796092, 11.56292), (-0.041106, -0.814944, 11.406907)
(-0.040643, -0.796092, 11.56292), (-0.04006, -0.774216, 11.718874), (0.116707, -0.803054, 11.563478)
(-0.040643, -0.796092, 11.56292), (0.116707, -0.803054, 11.563478), (0.116288, -0.822236, 11.407436)
(-0.511091, -0.749734, 11.716947), (-0.354235, -0.758801, 11.717627), (-0.354876, -0.779469, 11.561724)
(-0.511091, -0.749734, 11.716947), (-0.51031, -0.726969, 11.872776), (-0.354235, -0.758801, 11.717627)
(-0.354235, -0.758801, 11.717627), (-0.197205, -0.76669, 11.718262), (-0.197844, -0.78832, 11.562338)
(-0.354235, -0.758801, 11.717627), (-0.353479, -0.735373, 11.873491), (-0.197205, -0.76669, 11.718262)
(-0.197205, -0.76669, 11.718262), (-0.04006, -0.774216, 11.718874), (-0.040643, -0.796092, 11.56292)
(-0.197205, -0.76669, 11.718262), (-0.196502, -0.742937, 11.874159), (-0.04006, -0.774216, 11.718874)
(-0.04006, -0.774216, 11.718874), (0.117293, -0.780042, 11.719441), (0.116707, -0.803054, 11.563478)
(-0.04006, -0.774216, 11.718874), (-0.039345, -0.749179, 11.874779), (0.117293, -0.780042, 11.719441)
(-0.51031, -0.726969, 11.872776), (-0.509353, -0.700765, 12.028569), (-0.353479, -0.735373, 11.873491)
(-0.51031, -0.726969, 11.872776), (-0.353479, -0.735373, 11.873491), (-0.354235, -0.758801, 11.717627)
(-0.353479, -0.735373, 11.873491), (-0.196502, -0.742937, 11.874159), (-0.197205, -0.76669, 11.718262)
(-0.353479, -0.735373, 11.873491), (-0.352566, -0.708689, 12.029323), (-0.196502, -0.742937, 11.874159)
(-0.196502, -0.742937, 11.874159), (-0.195625, -0.715599, 12.030015), (-0.039345, -0.749179, 11.874779)
(-0.196502, -0.742937, 11.874159), (-0.039345, -0.749179, 11.874779), (-0.04006, -0.774216, 11.718874)
(-0.039345, -0.749179, 11.874779), (0.117963, -0.754485, 11.875362), (0.117293, -0.780042, 11.719441)
(-0.039345, -0.749179, 11.874779), (-0.038537, -0.721604, 12.030655), (0.117963, -0.754485, 11.875362)
