# -9.64956138335333, 0, -3.706531283353331
(-9.383291, 1.179437, -3.953119), (-9.38218, 1.139768, -3.795804), (-9.225318, 1.126467, -3.956266)
(-9.383291, 1.179437, -3.953119), (-9.225318, 1.126467, -3.956266), (-9.226496, 1.167917, -4.113932)
(-9.541229, 1.233649, -3.949977), (-9.540479, 1.19394, -3.792432), (-9.383291, 1.179437, -3.953119)
(-9.541229, 1.233649, -3.949977), (-9.383291, 1.179437, -3.953119), (-9.384085, 1.220787, -4.110981)
(-9.699148, 1.288551, -3.946783), (-9.698725, 1.248763, -3.789062), (-9.541229, 1.233649, -3.949977)
(-9.699148, 1.288551, -3.946783), (-9.541229, 1.233649, -3.949977), (-9.541658, 1.274958, -4.108008)
(-9.85705, 1.343914, -3.943507), (-9.856919, 1.303898, -3.78565), (-9.699148, 1.288551, -3.946783)
(-9.85705, 1.343914, -3.943507), (-9.699148, 1.288551, -3.946783), (-9.699224, 1.330039, -4.104977)
(-9.38218, 1.139768, -3.795804), (-9.223846, 1.086713, -3.79921), (-9.225318, 1.126467, -3.956266)
(-9.38218, 1.139768, -3.795804), (-9.380795, 1.10198, -3.639139), (-9.223846, 1.086713, -3.79921)
(-9.540479, 1.19394, -3.792432), (-9.38218, 1.139768, -3.795804), (-9.383291, 1.179437, -3.953119)
(-9.540479, 1.19394, -3.792432), (-9.539392, 1.156255, -3.635484), (-9.38218, 1.139768, -3.795804)
(-9.698725, 1.248763, -3.789062), (-9.540479, 1.19394, -3.792432), (-9.541229, 1.233649, -3.949977)
(-9.698725, 1.248763, -3.789062), (-9.697918, 1.211103, -3.631901), (-9.540479, 1.19394, -3.792432)
(-9.856919, 1.303898, -3.78565), (-9.698725, 1.248763, -3.789062), (-9.699148, 1.288551, -3.946783)
(-9.856919, 1.303898, -3.78565), (-9.856377, 1.266008, -3.628309), (-9.698725, 1.248763, -3.789062)
(-9.380795, 1.10198, -3.639139), (-9.37923, 1.065669, -3.483204), (-9.222185, 1.048871, -3.6429)
(-9.380795, 1.10198, -3.639139), (-9.222185, 1.048871, -3.6429), (-9.223846, 1.086713, -3.79921)
(-9.539392, 1.156255, -3.635484), (-9.538031, 1.12023, -3.479178), (-9.380795, 1.10198, -3.639139)
(-9.539392, 1.156255, -3.635484), (-9.380795, 1.10198, -3.639139), (-9.38218, 1.139768, -3.795804)
(-9.697918, 1.211103, -3.631901), (-9.539392, 1.156255, -3.635484), (-9.540479, 1.19394, -3.792432)
(-9.697918, 1.211103, -3.631901), (-9.6968, 1.175182, -3.475275), (-9.539392, 1.156255, -3.635484)
(-9.856377, 1.266008, -3.628309), (-9.85551, 1.229918, -3.471422), (-9.697918, 1.211103, -3.631901)
(-9.856377, 1.266008, -3.628309), (-9.697918, 1.211103, -3.631901), (-9.698725, 1.248763, -3.789062)
(-9.37923, 1.065669, -3.483204), (-9.220491, 1.012208, -3.487324), (-9.222185, 1.048871, -3.6429)
(-9.37923, 1.065669, -3.483204), (-9.377633, 1.030089, -3.327997), (-9.220491, 1.012208, -3.487324)
(-9.538031, 1.12023, -3.479178), (-9.37923, 1.065669, -3.483204), (-9.380795, 1.10198, -3.639139)
(-9.538031, 1.12023, -3.479178), (-9.536498, 1.085151, -3.32358), (-9.37923, 1.065669, -3.483204)
(-9.6968, 1.175182, -3.475275), (-9.538031, 1.12023, -3.479178), (-9.539392, 1.156255, -3.635484)
(-9.6968, 1.175182, -3.475275), (-9.695409, 1.140559, -3.319266), (-9.538031, 1.12023, -3.479178)
(-9.85551, 1.229918, -3.471422), (-9.6968, 1.175182, -3.475275), (-9.697918, 1.211103, -3.631901)
(-9.85551, 1.229918, -3.471422), (-9.854294, 1.195503, -3.315078), (-9.6968, 1.175182, -3.475275)
# -8.981791150019998, 0, -3.706531283353331
(-8.751522, 0.980306, -3.965971), (-8.749231, 0.940462, -3.809816), (-8.593851, 0.93734, -3.969265)
(-8.751522, 0.980306, -3.965971), (-8.593851, 0.93734, -3.969265), (-8.59639, 0.97852, -4.12587)
(-8.909375, 1.026436, -3.9627), (-8.907282, 0.986582, -3.806251), (-8.751522, 0.980306, -3.965971)
(-8.909375, 1.026436, -3.9627), (-8.751522, 0.980306, -3.965971), (-8.753812, 1.021581, -4.122839)
(-9.067329, 1.075271, -3.959454), (-9.065516, 1.035495, -3.802704), (-8.909375, 1.026436, -3.9627)
(-9.067329, 1.075271, -3.959454), (-8.909375, 1.026436, -3.9627), (-8.911342, 1.06774, -4.119836)
(-9.225318, 1.126467, -3.956266), (-9.223846, 1.086713, -3.79921), (-9.067329, 1.075271, -3.959454)
(-9.225318, 1.126467, -3.956266), (-9.067329, 1.075271, -3.959454), (-9.06891, 1.116755, -4.116881)
(-8.749231, 0.940462, -3.809816), (-8.591434, 0.897595, -3.813358), (-8.593851, 0.93734, -3.969265)
(-8.749231, 0.940462, -3.809816), (-8.74716, 0.902273, -3.654373), (-8.591434, 0.897595, -3.813358)
(-8.907282, 0.986582, -3.806251), (-8.749231, 0.940462, -3.809816), (-8.751522, 0.980306, -3.965971)
(-8.907282, 0.986582, -3.806251), (-8.905276, 0.948312, -3.650556), (-8.749231, 0.940462, -3.809816)
(-9.065516, 1.035495, -3.802704), (-8.907282, 0.986582, -3.806251), (-8.909375, 1.026436, -3.9627)
(-9.065516, 1.035495, -3.802704), (-9.063649, 0.997423, -3.646716), (-8.907282, 0.986582, -3.806251)
(-9.223846, 1.086713, -3.79921), (-9.065516, 1.035495, -3.802704), (-9.067329, 1.075271, -3.959454)
(-9.223846, 1.086713, -3.79921), (-9.222185, 1.048871, -3.6429), (-9.065516, 1.035495, -3.802704)
(-8.74716, 0.902273, -3.654373), (-8.745428, 0.866007, -3.499553), (-8.589367, 0.860035, -3.658115)
(-8.74716, 0.902273, -3.654373), (-8.589367, 0.860035, -3.658115), (-8.591434, 0.897595, -3.813358)
(-8.905276, 0.948312, -3.650556), (-8.903522, 0.911574, -3.495562), (-8.74716, 0.902273, -3.654373)
(-8.905276, 0.948312, -3.650556), (-8.74716, 0.902273, -3.654373), (-8.749231, 0.940462, -3.809816)
(-9.063649, 0.997423, -3.646716), (-8.905276, 0.948312, -3.650556), (-8.907282, 0.986582, -3.806251)
(-9.063649, 0.997423, -3.646716), (-9.0619, 0.960592, -3.491469), (-8.905276, 0.948312, -3.650556)
(-9.222185, 1.048871, -3.6429), (-9.220491, 1.012208, -3.487324), (-9.063649, 0.997423, -3.646716)
(-9.222185, 1.048871, -3.6429), (-9.063649, 0.997423, -3.646716), (-9.065516, 1.035495, -3.802704)
(-8.745428, 0.866007, -3.499553), (-8.587647, 0.824441, -3.503384), (-8.589367, 0.860035, -3.658115)
(-8.745428, 0.866007, -3.499553), (-8.744037, 0.831913, -3.345199), (-8.587647, 0.824441, -3.503384)
(-8.903522, 0.911574, -3.495562), (-8.745428, 0.866007, -3.499553), (-8.74716, 0.902273, -3.654373)
(-8.903522, 0.911574, -3.495562), (-8.902074, 0.876641, -3.341129), (-8.745428, 0.866007, -3.499553)
(-9.0619, 0.960592, -3.491469), (-8.903522, 0.911574, -3.495562), (-8.905276, 0.948312, -3.650556)
(-9.0619, 0.960592, -3.491469), (-9.060369, 0.924974, -3.336867), (-8.903522, 0.911574, -3.495562)
(-9.220491, 1.012208, -3.487324), (-9.0619, 0.960592, -3.491469), (-9.063649, 0.997423, -3.646716)
(-9.220491, 1.012208, -3.487324), (-9.218906, 0.976411, -3.332465), (-9.0619, 0.960592, -3.491469)
# -8.314020916686664, 0, -3.706531283353331
(-8.122638, 0.831236, -3.979102), (-8.120135, 0.793773, -3.823588), (-7.96627, 0.804327, -3.982325)
(-8.122638, 0.831236, -3.979102), (-7.96627, 0.804327, -3.982325), (-7.969049, 0.84241, -4.138238)
(-8.279367, 0.862505, -3.975849), (-8.276872, 0.823994, -3.82027), (-8.122638, 0.831236, -3.979102)
(-8.279367, 0.862505, -3.975849), (-8.122638, 0.831236, -3.979102), (-8.125424, 0.870482, -4.135097)
(-8.436442, 0.89792, -3.972562), (-8.433972, 0.858652, -3.816855), (-8.279367, 0.862505, -3.975849)
(-8.436442, 0.89792, -3.972562), (-8.279367, 0.862505, -3.975849), (-8.282131, 0.902676, -4.131989)
(-8.593851, 0.93734, -3.969265), (-8.591434, 0.897595, -3.813358), (-8.436442, 0.89792, -3.972562)
(-8.593851, 0.93734, -3.969265), (-8.436442, 0.89792, -3.972562), (-8.439141, 0.938805, -4.128919)
(-8.120135, 0.793773, -3.823588), (-7.963757, 0.768057, -3.826818), (-7.96627, 0.804327, -3.982325)
(-8.120135, 0.793773, -3.823588), (-8.117991, 0.758731, -3.668474), (-7.963757, 0.768057, -3.826818)
(-8.276872, 0.823994, -3.82027), (-8.120135, 0.793773, -3.823588), (-8.122638, 0.831236, -3.979102)
(-8.276872, 0.823994, -3.82027), (-8.274751, 0.787808, -3.665167), (-8.120135, 0.793773, -3.823588)
(-8.433972, 0.858652, -3.816855), (-8.276872, 0.823994, -3.82027), (-8.279367, 0.862505, -3.975849)
(-8.433972, 0.858652, -3.816855), (-8.431891, 0.821776, -3.661718), (-8.276872, 0.823994, -3.82027)
(-8.591434, 0.897595, -3.813358), (-8.433972, 0.858652, -3.816855), (-8.436442, 0.89792, -3.972562)
(-8.591434, 0.897595, -3.813358), (-8.589367, 0.860035, -3.658115), (-8.433972, 0.858652, -3.816855)
(-8.117991, 0.758731, -3.668474), (-8.116259, 0.72677, -3.513683), (-7.961644, 0.734979, -3.67166)
(-8.117991, 0.758731, -3.668474), (-7.961644, 0.734979, -3.67166), (-7.963757, 0.768057, -3.826818)
(-8.274751, 0.787808, -3.665167), (-8.273022, 0.754263, -3.510443), (-8.117991, 0.758731, -3.668474)
(-8.274751, 0.787808, -3.665167), (-8.117991, 0.758731, -3.668474), (-8.120135, 0.793773, -3.823588)
(-8.431891, 0.821776, -3.661718), (-8.274751, 0.787808, -3.665167), (-8.276872, 0.823994, -3.82027)
(-8.431891, 0.821776, -3.661718), (-8.430177, 0.787123, -3.507015), (-8.274751, 0.787808, -3.665167)
(-8.589367, 0.860035, -3.658115), (-8.587647, 0.824441, -3.503384), (-8.431891, 0.821776, -3.661718)
(-8.589367, 0.860035, -3.658115), (-8.431891, 0.821776, -3.661718), (-8.433972, 0.858652, -3.816855)
(-8.116259, 0.72677, -3.513683), (-7.95989, 0.70481, -3.51676), (-7.961644, 0.734979, -3.67166)
(-8.116259, 0.72677, -3.513683), (-8.114971, 0.698767, -3.359131), (-7.95989, 0.70481, -3.51676)
(-8.273022, 0.754263, -3.510443), (-8.116259, 0.72677, -3.513683), (-8.117991, 0.758731, -3.668474)
(-8.273022, 0.754263, -3.510443), (-8.271746, 0.724513, -3.356004), (-8.116259, 0.72677, -3.513683)
(-8.430177, 0.787123, -3.507015), (-8.273022, 0.754263, -3.510443), (-8.274751, 0.787808, -3.665167)
(-8.430177, 0.787123, -3.507015), (-8.428846, 0.755328, -3.352651), (-8.273022, 0.754263, -3.510443)
(-8.587647, 0.824441, -3.503384), (-8.430177, 0.787123, -3.507015), (-8.431891, 0.821776, -3.661718)
(-8.587647, 0.824441, -3.503384), (-8.586289, 0.791312, -3.349047), (-8.430177, 0.787123, -3.507015)
# -7.64625068335333, 0, -3.706531283353331
(-7.344216, 0.742791, -3.994972), (-7.341792, 0.713998, -3.839166), (-7.189314, 0.738191, -3.998015)
(-7.344216, 0.742791, -3.994972), (-7.189314, 0.738191, -3.998015), (-7.191758, 0.766565, -4.154061)
(-7.499284, 0.751281, -3.991854), (-7.496838, 0.720465, -3.836164), (-7.344216, 0.742791, -3.994972)
(-7.499284, 0.751281, -3.991854), (-7.344216, 0.742791, -3.994972), (-7.346734, 0.77326, -4.150937)
(-7.65462, 0.764365, -3.988699), (-7.652143, 0.731518, -3.833101), (-7.499284, 0.751281, -3.991854)
(-7.65462, 0.764365, -3.988699), (-7.499284, 0.751281, -3.991854), (-7.501886, 0.783964, -4.14776)
(-7.810266, 0.781973, -3.98552), (-7.807765, 0.747295, -3.829985), (-7.65462, 0.764365, -3.988699)
(-7.810266, 0.781973, -3.98552), (-7.65462, 0.764365, -3.988699), (-7.657295, 0.799044, -4.144571)
(-7.96627, 0.804327, -3.982325), (-7.963757, 0.768057, -3.826818), (-7.810266, 0.781973, -3.98552)
(-7.96627, 0.804327, -3.982325), (-7.810266, 0.781973, -3.98552), (-7.81301, 0.818587, -4.141397)
(-7.341792, 0.713998, -3.839166), (-7.186908, 0.711365, -3.842083), (-7.189314, 0.738191, -3.998015)
(-7.341792, 0.713998, -3.839166), (-7.339544, 0.688025, -3.683486), (-7.186908, 0.711365, -3.842083)
(-7.496838, 0.720465, -3.836164), (-7.341792, 0.713998, -3.839166), (-7.344216, 0.742791, -3.994972)
(-7.496838, 0.720465, -3.836164), (-7.49461, 0.692393, -3.680641), (-7.341792, 0.713998, -3.839166)
(-7.652143, 0.731518, -3.833101), (-7.496838, 0.720465, -3.836164), (-7.499284, 0.751281, -3.991854)
(-7.652143, 0.731518, -3.833101), (-7.649956, 0.701637, -3.677723), (-7.496838, 0.720465, -3.836164)
(-7.807765, 0.747295, -3.829985), (-7.652143, 0.731518, -3.833101), (-7.65462, 0.764365, -3.988699)
(-7.807765, 0.747295, -3.829985), (-7.805633, 0.715917, -3.674736), (-7.652143, 0.731518, -3.833101)
(-7.963757, 0.768057, -3.826818), (-7.807765, 0.747295, -3.829985), (-7.810266, 0.781973, -3.98552)
(-7.963757, 0.768057, -3.826818), (-7.961644, 0.734979, -3.67166), (-7.807765, 0.747295, -3.829985)
(-7.339544, 0.688025, -3.683486), (-7.337512, 0.664525, -3.527918), (-7.184606, 0.686942, -3.686244)
(-7.339544, 0.688025, -3.683486), (-7.184606, 0.686942, -3.686244), (-7.186908, 0.711365, -3.842083)
(-7.49461, 0.692393, -3.680641), (-7.492688, 0.667676, -3.525257), (-7.339544, 0.688025, -3.683486)
(-7.49461, 0.692393, -3.680641), (-7.339544, 0.688025, -3.683486), (-7.341792, 0.713998, -3.839166)
(-7.649956, 0.701637, -3.677723), (-7.648107, 0.675158, -3.52252), (-7.49461, 0.692393, -3.680641)
(-7.649956, 0.701637, -3.677723), (-7.49461, 0.692393, -3.680641), (-7.496838, 0.720465, -3.836164)
(-7.805633, 0.715917, -3.674736), (-7.649956, 0.701637, -3.677723), (-7.652143, 0.731518, -3.833101)
(-7.805633, 0.715917, -3.674736), (-7.803849, 0.687702, -3.519697), (-7.649956, 0.701637, -3.677723)
(-7.961644, 0.734979, -3.67166), (-7.95989, 0.70481, -3.51676), (-7.805633, 0.715917, -3.674736)
(-7.961644, 0.734979, -3.67166), (-7.805633, 0.715917, -3.674736), (-7.807765, 0.747295, -3.829985)
(-7.337512, 0.664525, -3.527918), (-7.182481, 0.664737, -3.530507), (-7.184606, 0.686942, -3.686244)
(-7.337512, 0.664525, -3.527918), (-7.335791, 0.644363, -3.372468), (-7.182481, 0.664737, -3.530507)
(-7.492688, 0.667676, -3.525257), (-7.337512, 0.664525, -3.527918), (-7.339544, 0.688025, -3.683486)
(-7.492688, 0.667676, -3.525257), (-7.491116, 0.646639, -3.369995), (-7.337512, 0.664525, -3.527918)
(-7.648107, 0.675158, -3.52252), (-7.492688, 0.667676, -3.525257), (-7.49461, 0.692393, -3.680641)
(-7.648107, 0.675158, -3.52252), (-7.646662, 0.652853, -3.367453), (-7.492688, 0.667676, -3.525257)
(-7.803849, 0.687702, -3.519697), (-7.648107, 0.675158, -3.52252), (-7.649956, 0.701637, -3.677723)
(-7.803849, 0.687702, -3.519697), (-7.802461, 0.663315, -3.364818), (-7.648107, 0.675158, -3.52252)
(-7.95989, 0.70481, -3.51676), (-7.803849, 0.687702, -3.519697), (-7.805633, 0.715917, -3.674736)
(-7.95989, 0.70481, -3.51676), (-7.958574, 0.678752, -3.362054), (-7.803849, 0.687702, -3.519697)
# -6.9784804500199975, 0, -3.706531283353331
(-6.724641, 0.74368, -4.006342), (-6.722226, 0.721087, -3.850056), (-6.569412, 0.750237, -4.008766)
(-6.724641, 0.74368, -4.006342), (-6.569412, 0.750237, -4.008766), (-6.571736, 0.772725, -4.165222)
(-6.879635, 0.739232, -4.00373), (-6.877228, 0.715601, -3.847549), (-6.724641, 0.74368, -4.006342)
(-6.879635, 0.739232, -4.00373), (-6.724641, 0.74368, -4.006342), (-6.726965, 0.767119, -4.162694)
(-7.03449, 0.737241, -4.000946), (-7.03209, 0.712161, -3.844886), (-6.879635, 0.739232, -4.00373)
(-7.03449, 0.737241, -4.000946), (-6.879635, 0.739232, -4.00373), (-6.881979, 0.763915, -4.159979)
(-7.189314, 0.738191, -3.998015), (-7.186908, 0.711365, -3.842083), (-7.03449, 0.737241, -4.000946)
(-7.189314, 0.738191, -3.998015), (-7.03449, 0.737241, -4.000946), (-7.036873, 0.763552, -4.15709)
(-6.722226, 0.721087, -3.850056), (-6.566969, 0.728486, -3.852382), (-6.569412, 0.750237, -4.008766)
(-6.722226, 0.721087, -3.850056), (-6.719758, 0.699882, -3.693846), (-6.566969, 0.728486, -3.852382)
(-6.877228, 0.715601, -3.847549), (-6.722226, 0.721087, -3.850056), (-6.724641, 0.74368, -4.006342)
(-6.877228, 0.715601, -3.847549), (-6.874818, 0.693325, -3.691444), (-6.722226, 0.721087, -3.850056)
(-7.03209, 0.712161, -3.844886), (-6.877228, 0.715601, -3.847549), (-6.879635, 0.739232, -4.00373)
(-7.03209, 0.712161, -3.844886), (-7.029729, 0.688841, -3.688903), (-6.877228, 0.715601, -3.847549)
(-7.186908, 0.711365, -3.842083), (-7.03209, 0.712161, -3.844886), (-7.03449, 0.737241, -4.000946)
(-7.186908, 0.711365, -3.842083), (-7.184606, 0.686942, -3.686244), (-7.03209, 0.712161, -3.844886)
(-6.719758, 0.699882, -3.693846), (-6.717391, 0.679968, -3.53775), (-6.564465, 0.707946, -3.696089)
(-6.719758, 0.699882, -3.693846), (-6.564465, 0.707946, -3.696089), (-6.566969, 0.728486, -3.852382)
(-6.874818, 0.693325, -3.691444), (-6.872515, 0.672859, -3.535439), (-6.719758, 0.699882, -3.693846)
(-6.874818, 0.693325, -3.691444), (-6.719758, 0.699882, -3.693846), (-6.722226, 0.721087, -3.850056)
(-7.029729, 0.688841, -3.688903), (-7.027509, 0.667584, -3.533017), (-6.874818, 0.693325, -3.691444)
(-7.029729, 0.688841, -3.688903), (-6.874818, 0.693325, -3.691444), (-6.877228, 0.715601, -3.847549)
(-7.184606, 0.686942, -3.686244), (-7.029729, 0.688841, -3.688903), (-7.03209, 0.712161, -3.844886)
(-7.184606, 0.686942, -3.686244), (-7.182481, 0.664737, -3.530507), (-7.029729, 0.688841, -3.688903)
(-6.717391, 0.679968, -3.53775), (-6.562056, 0.688629, -3.539925), (-6.564465, 0.707946, -3.696089)
(-6.717391, 0.679968, -3.53775), (-6.715225, 0.662154, -3.381796), (-6.562056, 0.688629, -3.539925)
(-6.872515, 0.672859, -3.535439), (-6.717391, 0.679968, -3.53775), (-6.719758, 0.699882, -3.693846)
(-6.872515, 0.672859, -3.535439), (-6.870426, 0.654657, -3.379565), (-6.717391, 0.679968, -3.53775)
(-7.027509, 0.667584, -3.533017), (-6.872515, 0.672859, -3.535439), (-6.874818, 0.693325, -3.691444)
(-7.027509, 0.667584, -3.533017), (-7.025537, 0.64907, -3.377256), (-6.872515, 0.672859, -3.535439)
(-7.182481, 0.664737, -3.530507), (-7.027509, 0.667584, -3.533017), (-7.029729, 0.688841, -3.688903)
(-7.182481, 0.664737, -3.530507), (-7.180621, 0.645368, -3.374885), (-7.027509, 0.667584, -3.533017)
(-6.715225, 0.662154, -3.381796), (-6.713356, 0.646211, -3.225996), (-6.559846, 0.671244, -3.383909)
(-6.715225, 0.662154, -3.381796), (-6.559846, 0.671244, -3.383909), (-6.562056, 0.688629, -3.539925)
(-6.870426, 0.654657, -3.379565), (-6.868631, 0.638497, -3.223838), (-6.715225, 0.662154, -3.381796)
(-6.870426, 0.654657, -3.379565), (-6.715225, 0.662154, -3.381796), (-6.717391, 0.679968, -3.53775)
(-7.025537, 0.64907, -3.377256), (-7.023845, 0.632601, -3.221626), (-6.870426, 0.654657, -3.379565)
(-7.025537, 0.64907, -3.377256), (-6.870426, 0.654657, -3.379565), (-6.872515, 0.672859, -3.535439)
(-7.180621, 0.645368, -3.374885), (-7.179063, 0.628513, -3.219385), (-7.025537, 0.64907, -3.377256)
(-7.180621, 0.645368, -3.374885), (-7.025537, 0.64907, -3.377256), (-7.027509, 0.667584, -3.533017)
# -6.3107102166866635, 0, -3.706531283353331
(-6.101487, 0.784369, -4.01479), (-6.099029, 0.764677, -3.858113), (-5.944551, 0.803596, -4.01633)
(-6.101487, 0.784369, -4.01479), (-5.944551, 0.803596, -4.01633), (-5.946879, 0.823537, -4.173305)
(-6.2579, 0.769936, -4.013003), (-6.255418, 0.749538, -3.856431), (-6.101487, 0.784369, -4.01479)
(-6.2579, 0.769936, -4.013003), (-6.101487, 0.784369, -4.01479), (-6.103851, 0.805051, -4.171607)
(-6.413851, 0.758882, -4.010989), (-6.411385, 0.737798, -3.854513), (-6.2579, 0.769936, -4.013003)
(-6.413851, 0.758882, -4.010989), (-6.2579, 0.769936, -4.013003), (-6.260271, 0.791121, -4.169687)
(-6.569412, 0.750237, -4.008766), (-6.566969, 0.728486, -3.852382), (-6.413851, 0.758882, -4.010989)
(-6.569412, 0.750237, -4.008766), (-6.413851, 0.758882, -4.010989), (-6.416206, 0.780601, -4.167555)
(-6.099029, 0.764677, -3.858113), (-5.942153, 0.785018, -3.859527), (-5.944551, 0.803596, -4.01633)
(-6.099029, 0.764677, -3.858113), (-6.096559, 0.74703, -3.701597), (-5.942153, 0.785018, -3.859527)
(-6.255418, 0.749538, -3.856431), (-6.099029, 0.764677, -3.858113), (-6.101487, 0.784369, -4.01479)
(-6.255418, 0.749538, -3.856431), (-6.252917, 0.730389, -3.699998), (-6.099029, 0.764677, -3.858113)
(-6.411385, 0.737798, -3.854513), (-6.255418, 0.749538, -3.856431), (-6.2579, 0.769936, -4.013003)
(-6.411385, 0.737798, -3.854513), (-6.408873, 0.717827, -3.69815), (-6.255418, 0.749538, -3.856431)
(-6.566969, 0.728486, -3.852382), (-6.411385, 0.737798, -3.854513), (-6.413851, 0.758882, -4.010989)
(-6.566969, 0.728486, -3.852382), (-6.564465, 0.707946, -3.696089), (-6.411385, 0.737798, -3.854513)
(-6.096559, 0.74703, -3.701597), (-6.094261, 0.730833, -3.545275), (-5.939794, 0.768817, -3.702925)
(-6.096559, 0.74703, -3.701597), (-5.939794, 0.768817, -3.702925), (-5.942153, 0.785018, -3.859527)
(-6.252917, 0.730389, -3.699998), (-6.250528, 0.712848, -3.543726), (-6.096559, 0.74703, -3.701597)
(-6.252917, 0.730389, -3.699998), (-6.096559, 0.74703, -3.701597), (-6.099029, 0.764677, -3.858113)
(-6.408873, 0.717827, -3.69815), (-6.406452, 0.699199, -3.54193), (-6.252917, 0.730389, -3.699998)
(-6.408873, 0.717827, -3.69815), (-6.252917, 0.730389, -3.699998), (-6.255418, 0.749538, -3.856431)
(-6.564465, 0.707946, -3.696089), (-6.408873, 0.717827, -3.69815), (-6.411385, 0.737798, -3.854513)
(-6.564465, 0.707946, -3.696089), (-6.562056, 0.688629, -3.539925), (-6.408873, 0.717827, -3.69815)
(-6.094261, 0.730833, -3.545275), (-5.937643, 0.754561, -3.546544), (-5.939794, 0.768817, -3.702925)
(-6.094261, 0.730833, -3.545275), (-6.092234, 0.717207, -3.389143), (-5.937643, 0.754561, -3.546544)
(-6.250528, 0.712848, -3.543726), (-6.094261, 0.730833, -3.545275), (-6.096559, 0.74703, -3.701597)
(-6.250528, 0.712848, -3.543726), (-6.24838, 0.697656, -3.387627), (-6.094261, 0.730833, -3.545275)
(-6.406452, 0.699199, -3.54193), (-6.250528, 0.712848, -3.543726), (-6.252917, 0.730389, -3.699998)
(-6.406452, 0.699199, -3.54193), (-6.404245, 0.682821, -3.385868), (-6.250528, 0.712848, -3.543726)
(-6.562056, 0.688629, -3.539925), (-6.406452, 0.699199, -3.54193), (-6.408873, 0.717827, -3.69815)
(-6.562056, 0.688629, -3.539925), (-6.559846, 0.671244, -3.383909), (-6.406452, 0.699199, -3.54193)
(-6.092234, 0.717207, -3.389143), (-6.09058, 0.705655, -3.233196), (-5.935795, 0.742963, -3.390378)
(-6.092234, 0.717207, -3.389143), (-5.935795, 0.742963, -3.390378), (-5.937643, 0.754561, -3.546544)
(-6.24838, 0.697656, -3.387627), (-6.246583, 0.684369, -3.231705), (-6.092234, 0.717207, -3.389143)
(-6.24838, 0.697656, -3.387627), (-6.092234, 0.717207, -3.389143), (-6.094261, 0.730833, -3.545275)
(-6.404245, 0.682821, -3.385868), (-6.402366, 0.668151, -3.229978), (-6.24838, 0.697656, -3.387627)
(-6.404245, 0.682821, -3.385868), (-6.24838, 0.697656, -3.387627), (-6.250528, 0.712848, -3.543726)
(-6.559846, 0.671244, -3.383909), (-6.557947, 0.655804, -3.228058), (-6.404245, 0.682821, -3.385868)
(-6.559846, 0.671244, -3.383909), (-6.404245, 0.682821, -3.385868), (-6.406452, 0.699199, -3.54193)
# -5.642939983353331, 0, -3.706531283353331
(-5.310924, 0.948532, -4.019928), (-5.309424, 0.93748, -3.862385), (-5.151172, 1.00086, -4.020241)
(-5.310924, 0.948532, -4.019928), (-5.151172, 1.00086, -4.020241), (-5.152542, 1.011359, -4.178412)
(-5.470207, 0.901602, -4.019398), (-5.468393, 0.888312, -3.862076), (-5.310924, 0.948532, -4.019928)
(-5.470207, 0.901602, -4.019398), (-5.310924, 0.948532, -4.019928), (-5.312574, 0.961604, -4.177819)
(-5.628924, 0.861604, -4.018631), (-5.626847, 0.846326, -3.861508), (-5.470207, 0.901602, -4.019398)
(-5.628924, 0.861604, -4.018631), (-5.470207, 0.901602, -4.019398), (-5.472106, 0.916921, -4.177021)
(-5.787037, 0.829071, -4.017612), (-5.784764, 0.811955, -3.860662), (-5.628924, 0.861604, -4.018631)
(-5.787037, 0.829071, -4.017612), (-5.628924, 0.861604, -4.018631), (-5.631032, 0.878771, -4.17601)
(-5.944551, 0.803596, -4.01633), (-5.942153, 0.785018, -3.859527), (-5.787037, 0.829071, -4.017612)
(-5.944551, 0.803596, -4.01633), (-5.787037, 0.829071, -4.017612), (-5.789291, 0.847736, -4.174774)
(-5.309424, 0.93748, -3.862385), (-5.150017, 0.991971, -3.862459), (-5.151172, 1.00086, -4.020241)
(-5.309424, 0.93748, -3.862385), (-5.30816, 0.929211, -3.705247), (-5.150017, 0.991971, -3.862459)
(-5.468393, 0.888312, -3.862076), (-5.309424, 0.93748, -3.862385), (-5.310924, 0.948532, -4.019928)
(-5.468393, 0.888312, -3.862076), (-5.466767, 0.878083, -3.705105), (-5.309424, 0.93748, -3.862385)
(-5.626847, 0.846326, -3.861508), (-5.468393, 0.888312, -3.862076), (-5.470207, 0.901602, -4.019398)
(-5.626847, 0.846326, -3.861508), (-5.624918, 0.833629, -3.70468), (-5.468393, 0.888312, -3.862076)
(-5.784764, 0.811955, -3.860662), (-5.626847, 0.846326, -3.861508), (-5.628924, 0.861604, -4.018631)
(-5.784764, 0.811955, -3.860662), (-5.78259, 0.79728, -3.703956), (-5.626847, 0.846326, -3.861508)
(-5.942153, 0.785018, -3.859527), (-5.784764, 0.811955, -3.860662), (-5.787037, 0.829071, -4.017612)
(-5.942153, 0.785018, -3.859527), (-5.939794, 0.768817, -3.702925), (-5.784764, 0.811955, -3.860662)
(-5.466767, 0.878083, -3.705105), (-5.465441, 0.870639, -3.54848), (-5.30816, 0.929211, -3.705247)
(-5.466767, 0.878083, -3.705105), (-5.30816, 0.929211, -3.705247), (-5.309424, 0.93748, -3.862385)
(-5.624918, 0.833629, -3.70468), (-5.623254, 0.823974, -3.548151), (-5.466767, 0.878083, -3.705105)
(-5.624918, 0.833629, -3.70468), (-5.466767, 0.878083, -3.705105), (-5.468393, 0.888312, -3.862076)
(-5.78259, 0.79728, -3.703956), (-5.78065, 0.785189, -3.547508), (-5.624918, 0.833629, -3.70468)
(-5.78259, 0.79728, -3.703956), (-5.624918, 0.833629, -3.70468), (-5.626847, 0.846326, -3.861508)
(-5.939794, 0.768817, -3.702925), (-5.78259, 0.79728, -3.703956), (-5.784764, 0.811955, -3.860662)
(-5.939794, 0.768817, -3.702925), (-5.937643, 0.754561, -3.546544), (-5.78259, 0.79728, -3.703956)
(-5.465441, 0.870639, -3.54848), (-5.307212, 0.923747, -3.548514), (-5.30816, 0.929211, -3.705247)
(-5.465441, 0.870639, -3.54848), (-5.464479, 0.866245, -3.392185), (-5.307212, 0.923747, -3.548514)
(-5.623254, 0.823974, -3.548151), (-5.465441, 0.870639, -3.54848), (-5.466767, 0.878083, -3.705105)
(-5.623254, 0.823974, -3.548151), (-5.621948, 0.81734, -3.391905), (-5.465441, 0.870639, -3.54848)
(-5.78065, 0.785189, -3.547508), (-5.623254, 0.823974, -3.548151), (-5.624918, 0.833629, -3.70468)
(-5.78065, 0.785189, -3.547508), (-5.779046, 0.776263, -3.391303), (-5.623254, 0.823974, -3.548151)
(-5.937643, 0.754561, -3.546544), (-5.78065, 0.785189, -3.547508), (-5.78259, 0.79728, -3.703956)
(-5.937643, 0.754561, -3.546544), (-5.935795, 0.742963, -3.390378), (-5.78065, 0.785189, -3.547508)
(-5.464479, 0.866245, -3.392185), (-5.463926, 0.863958, -3.236168), (-5.306631, 0.92107, -3.392163)
(-5.464479, 0.866245, -3.392185), (-5.306631, 0.92107, -3.392163), (-5.307212, 0.923747, -3.548514)
(-5.621948, 0.81734, -3.391905), (-5.621055, 0.813, -3.235904), (-5.464479, 0.866245, -3.392185)
(-5.621948, 0.81734, -3.391905), (-5.464479, 0.866245, -3.392185), (-5.465441, 0.870639, -3.54848)
(-5.779046, 0.776263, -3.391303), (-5.77785, 0.769428, -3.235318), (-5.621948, 0.81734, -3.391905)
(-5.779046, 0.776263, -3.391303), (-5.621948, 0.81734, -3.391905), (-5.623254, 0.823974, -3.548151)
(-5.935795, 0.742963, -3.390378), (-5.934345, 0.733741, -3.234409), (-5.779046, 0.776263, -3.391303)
(-5.935795, 0.742963, -3.390378), (-5.779046, 0.776263, -3.391303), (-5.78065, 0.785189, -3.547508)
# -4.975169750019997, 0, -3.706531283353331
(-4.991077, 1.056131, -4.020354), (-4.990286, 1.049312, -3.862326), (-4.830804, 1.111609, -4.020287)
(-4.991077, 1.056131, -4.020354), (-4.830804, 1.111609, -4.020287), (-4.831553, 1.117295, -4.179019)
(-4.830804, 1.111609, -4.020287), (-4.830373, 1.106643, -3.862017), (-4.670507, 1.16447, -4.020036)
(-4.830804, 1.111609, -4.020287), (-4.670507, 1.16447, -4.020036), (-4.670958, 1.16802, -4.17903)
(-5.151172, 1.00086, -4.020241), (-5.150017, 0.991971, -3.862459), (-4.991077, 1.056131, -4.020354)
(-5.151172, 1.00086, -4.020241), (-4.991077, 1.056131, -4.020354), (-4.992141, 1.06417, -4.178812)
(-4.670507, 1.16447, -4.020036), (-4.670421, 1.161041, -3.861541), (-4.510358, 1.212035, -4.019624)
(-4.670507, 1.16447, -4.020036), (-4.510358, 1.212035, -4.019624), (-4.51051, 1.213975, -4.178844)
(-5.150017, 0.991971, -3.862459), (-4.990286, 1.049312, -3.862326), (-4.991077, 1.056131, -4.020354)
(-5.150017, 0.991971, -3.862459), (-5.149143, 0.98535, -3.705135), (-4.990286, 1.049312, -3.862326)
(-4.990286, 1.049312, -3.862326), (-4.830373, 1.106643, -3.862017), (-4.830804, 1.111609, -4.020287)
(-4.990286, 1.049312, -3.862326), (-4.989815, 1.044157, -3.704811), (-4.830373, 1.106643, -3.862017)
(-4.830373, 1.106643, -3.862017), (-4.670421, 1.161041, -3.861541), (-4.670507, 1.16447, -4.020036)
(-4.830373, 1.106643, -3.862017), (-4.830299, 1.102668, -3.70432), (-4.670421, 1.161041, -3.861541)
(-4.670421, 1.161041, -3.861541), (-4.510583, 1.209843, -3.860919), (-4.510358, 1.212035, -4.019624)
(-4.670421, 1.161041, -3.861541), (-4.670708, 1.157976, -3.703656), (-4.510583, 1.209843, -3.860919)
(-5.30816, 0.929211, -3.705247), (-5.149143, 0.98535, -3.705135), (-5.150017, 0.991971, -3.862459)
(-5.30816, 0.929211, -3.705247), (-5.307212, 0.923747, -3.548514), (-5.149143, 0.98535, -3.705135)
(-5.149143, 0.98535, -3.705135), (-5.1486, 0.981341, -3.548277), (-4.989815, 1.044157, -3.704811)
(-5.149143, 0.98535, -3.705135), (-4.989815, 1.044157, -3.704811), (-4.990286, 1.049312, -3.862326)
(-4.989815, 1.044157, -3.704811), (-4.989679, 1.041206, -3.54782), (-4.830299, 1.102668, -3.70432)
(-4.989815, 1.044157, -3.704811), (-4.830299, 1.102668, -3.70432), (-4.830373, 1.106643, -3.862017)
(-4.830299, 1.102668, -3.70432), (-4.830549, 1.1004, -3.547184), (-4.670708, 1.157976, -3.703656)
(-4.830299, 1.102668, -3.70432), (-4.670708, 1.157976, -3.703656), (-4.670421, 1.161041, -3.861541)
(-4.670708, 1.157976, -3.703656), (-4.511172, 1.207639, -3.702839), (-4.510583, 1.209843, -3.860919)
(-4.670708, 1.157976, -3.703656), (-4.671317, 1.156043, -3.546381), (-4.511172, 1.207639, -3.702839)
(-5.307212, 0.923747, -3.548514), (-5.1486, 0.981341, -3.548277), (-5.149143, 0.98535, -3.705135)
(-5.307212, 0.923747, -3.548514), (-5.306631, 0.92107, -3.392163), (-5.1486, 0.981341, -3.548277)
(-5.1486, 0.981341, -3.548277), (-4.989679, 1.041206, -3.54782), (-4.989815, 1.044157, -3.704811)
(-5.1486, 0.981341, -3.548277), (-5.148418, 0.979931, -3.391871), (-4.989679, 1.041206, -3.54782)
(-4.989679, 1.041206, -3.54782), (-4.830549, 1.1004, -3.547184), (-4.830299, 1.102668, -3.70432)
(-4.989679, 1.041206, -3.54782), (-4.989897, 1.040241, -3.391346), (-4.830549, 1.1004, -3.547184)
(-4.830549, 1.1004, -3.547184), (-4.671317, 1.156043, -3.546381), (-4.670708, 1.157976, -3.703656)
(-4.830549, 1.1004, -3.547184), (-4.831143, 1.099386, -3.390625), (-4.671317, 1.156043, -3.546381)
(-4.671317, 1.156043, -3.546381), (-4.512084, 1.205868, -3.545419), (-4.511172, 1.207639, -3.702839)
(-4.671317, 1.156043, -3.546381), (-4.672254, 1.154598, -3.389739), (-4.512084, 1.205868, -3.545419)
(-5.306631, 0.92107, -3.392163), (-5.306439, 0.920445, -3.236131), (-5.148418, 0.979931, -3.391871)
(-5.306631, 0.92107, -3.392163), (-5.148418, 0.979931, -3.391871), (-5.1486, 0.981341, -3.548277)
(-5.148418, 0.979931, -3.391871), (-5.148599, 0.980339, -3.235821), (-4.989897, 1.040241, -3.391346)
(-5.148418, 0.979931, -3.391871), (-4.989897, 1.040241, -3.391346), (-4.989679, 1.041206, -3.54782)
(-4.989897, 1.040241, -3.391346), (-4.99044, 1.041075, -3.235271), (-4.831143, 1.099386, -3.390625)
(-4.989897, 1.040241, -3.391346), (-4.831143, 1.099386, -3.390625), (-4.830549, 1.1004, -3.547184)
(-4.831143, 1.099386, -3.390625), (-4.832021, 1.100114, -3.234508), (-4.672254, 1.154598, -3.389739)
(-4.831143, 1.099386, -3.390625), (-4.672254, 1.154598, -3.389739), (-4.671317, 1.156043, -3.546381)
(-4.672254, 1.154598, -3.389739), (-4.673436, 1.154685, -3.233584), (-4.513349, 1.203054, -3.388741)
(-4.672254, 1.154598, -3.389739), (-4.513349, 1.203054, -3.388741), (-4.512084, 1.205868, -3.545419)
# -4.307399516686664, 0, -3.706531283353331
(-4.510358, 1.212035, -4.019624), (-4.510583, 1.209843, -3.860919), (-4.350492, 1.252245, -4.019055)
(-4.510358, 1.212035, -4.019624), (-4.350492, 1.252245, -4.019055), (-4.350396, 1.252672, -4.17848)
(-4.350492, 1.252245, -4.019055), (-4.350992, 1.250915, -3.860173), (-4.191039, 1.283332, -4.018353)
(-4.350492, 1.252245, -4.019055), (-4.191039, 1.283332, -4.018353), (-4.19074, 1.282419, -4.17795)
(-4.191039, 1.283332, -4.018353), (-4.191754, 1.282749, -3.859316), (-4.032102, 1.303942, -4.017556)
(-4.191039, 1.283332, -4.018353), (-4.032102, 1.303942, -4.017556), (-4.03163, 1.302167, -4.177279)
(-4.032102, 1.303942, -4.017556), (-4.033002, 1.303674, -3.858405), (-3.873774, 1.313138, -4.016703)
(-4.032102, 1.303942, -4.017556), (-3.873774, 1.313138, -4.016703), (-3.87313, 1.311419, -4.176484)
(-4.510583, 1.209843, -3.860919), (-4.350992, 1.250915, -3.860173), (-4.350492, 1.252245, -4.019055)
(-4.510583, 1.209843, -3.860919), (-4.511172, 1.207639, -3.702839), (-4.350992, 1.250915, -3.860173)
(-4.350992, 1.250915, -3.860173), (-4.191754, 1.282749, -3.859316), (-4.191039, 1.283332, -4.018353)
(-4.350992, 1.250915, -3.860173), (-4.351853, 1.249007, -3.70194), (-4.191754, 1.282749, -3.859316)
(-4.191754, 1.282749, -3.859316), (-4.033002, 1.303674, -3.858405), (-4.032102, 1.303942, -4.017556)
(-4.191754, 1.282749, -3.859316), (-4.192892, 1.279969, -3.70101), (-4.033002, 1.303674, -3.858405)
(-4.033002, 1.303674, -3.858405), (-3.874812, 1.312978, -3.857467), (-3.873774, 1.313138, -4.016703)
(-4.033002, 1.303674, -3.858405), (-4.034306, 1.300729, -3.699992), (-3.874812, 1.312978, -3.857467)
(-4.511172, 1.207639, -3.702839), (-4.512084, 1.205868, -3.545419), (-4.351853, 1.249007, -3.70194)
(-4.511172, 1.207639, -3.702839), (-4.351853, 1.249007, -3.70194), (-4.350992, 1.250915, -3.860173)
(-4.351853, 1.249007, -3.70194), (-4.353031, 1.246848, -3.544409), (-4.192892, 1.279969, -3.70101)
(-4.351853, 1.249007, -3.70194), (-4.192892, 1.279969, -3.70101), (-4.191754, 1.282749, -3.859316)
(-4.192892, 1.279969, -3.70101), (-4.194276, 1.277072, -3.543383), (-4.034306, 1.300729, -3.699992)
(-4.192892, 1.279969, -3.70101), (-4.034306, 1.300729, -3.699992), (-4.033002, 1.303674, -3.858405)
(-4.034306, 1.300729, -3.699992), (-3.876184, 1.310568, -3.698925), (-3.874812, 1.312978, -3.857467)
(-4.034306, 1.300729, -3.699992), (-4.035843, 1.296951, -3.542284), (-3.876184, 1.310568, -3.698925)
(-4.512084, 1.205868, -3.545419), (-4.353031, 1.246848, -3.544409), (-4.351853, 1.249007, -3.70194)
(-4.512084, 1.205868, -3.545419), (-4.513349, 1.203054, -3.388741), (-4.353031, 1.246848, -3.544409)
(-4.353031, 1.246848, -3.544409), (-4.194276, 1.277072, -3.543383), (-4.192892, 1.279969, -3.70101)
(-4.353031, 1.246848, -3.544409), (-4.354532, 1.243066, -3.387647), (-4.194276, 1.277072, -3.543383)
(-4.194276, 1.277072, -3.543383), (-4.035843, 1.296951, -3.542284), (-4.034306, 1.300729, -3.699992)
(-4.194276, 1.277072, -3.543383), (-4.195951, 1.271958, -3.386547), (-4.035843, 1.296951, -3.542284)
(-4.035843, 1.296951, -3.542284), (-3.877793, 1.306291, -3.541119), (-3.876184, 1.310568, -3.698925)
(-4.035843, 1.296951, -3.542284), (-4.037617, 1.290905, -3.385356), (-3.877793, 1.306291, -3.541119)
(-4.513349, 1.203054, -3.388741), (-4.514785, 1.20225, -3.232542), (-4.354532, 1.243066, -3.387647)
(-4.513349, 1.203054, -3.388741), (-4.354532, 1.243066, -3.387647), (-4.353031, 1.246848, -3.544409)
(-4.354532, 1.243066, -3.387647), (-4.356167, 1.240886, -3.231404), (-4.195951, 1.271958, -3.386547)
(-4.354532, 1.243066, -3.387647), (-4.195951, 1.271958, -3.386547), (-4.194276, 1.277072, -3.543383)
(-4.195951, 1.271958, -3.386547), (-4.197699, 1.268562, -3.230228), (-4.037617, 1.290905, -3.385356)
(-4.195951, 1.271958, -3.386547), (-4.037617, 1.290905, -3.385356), (-4.035843, 1.296951, -3.542284)
(-4.037617, 1.290905, -3.385356), (-4.039436, 1.285782, -3.228986), (-3.879668, 1.297885, -3.384185)
(-4.037617, 1.290905, -3.385356), (-3.879668, 1.297885, -3.384185), (-3.877793, 1.306291, -3.541119)
# -3.6396292833533312, 0, -3.706531283353331
(-3.873774, 1.313138, -4.016703), (-3.874812, 1.312978, -3.857467), (-3.716079, 1.311152, -4.015797)
(-3.873774, 1.313138, -4.016703), (-3.716079, 1.311152, -4.015797), (-3.71536, 1.309555, -4.175595)
(-3.716079, 1.311152, -4.015797), (-3.717218, 1.310784, -3.856517), (-3.559072, 1.29816, -4.014871)
(-3.716079, 1.311152, -4.015797), (-3.559072, 1.29816, -4.014871), (-3.558383, 1.297418, -4.174606)
(-3.559072, 1.29816, -4.014871), (-3.560236, 1.297593, -3.855573), (-3.402822, 1.274876, -4.013952)
(-3.559072, 1.29816, -4.014871), (-3.402822, 1.274876, -4.013952), (-3.40228, 1.276439, -4.173494)
(-3.402822, 1.274876, -4.013952), (-3.403945, 1.273072, -3.854731), (-3.247437, 1.243381, -4.012994)
(-3.402822, 1.274876, -4.013952), (-3.247437, 1.243381, -4.012994), (-3.24712, 1.248596, -4.172217)
(-3.874812, 1.312978, -3.857467), (-3.717218, 1.310784, -3.856517), (-3.716079, 1.311152, -4.015797)
(-3.874812, 1.312978, -3.857467), (-3.876184, 1.310568, -3.698925), (-3.717218, 1.310784, -3.856517)
(-3.717218, 1.310784, -3.856517), (-3.560236, 1.297593, -3.855573), (-3.559072, 1.29816, -4.014871)
(-3.717218, 1.310784, -3.856517), (-3.718647, 1.308147, -3.697905), (-3.560236, 1.297593, -3.855573)
(-3.560236, 1.297593, -3.855573), (-3.403945, 1.273072, -3.854731), (-3.402822, 1.274876, -4.013952)
(-3.560236, 1.297593, -3.855573), (-3.561767, 1.293231, -3.697003), (-3.403945, 1.273072, -3.854731)
(-3.403945, 1.273072, -3.854731), (-3.248346, 1.23886, -3.85399), (-3.247437, 1.243381, -4.012994)
(-3.403945, 1.273072, -3.854731), (-3.40545, 1.268455, -3.696137), (-3.248346, 1.23886, -3.85399)
(-3.876184, 1.310568, -3.698925), (-3.877793, 1.306291, -3.541119), (-3.718647, 1.308147, -3.697905)
(-3.876184, 1.310568, -3.698925), (-3.718647, 1.308147, -3.697905), (-3.717218, 1.310784, -3.856517)
(-3.718647, 1.308147, -3.697905), (-3.7203, 1.302852, -3.540046), (-3.561767, 1.293231, -3.697003)
(-3.718647, 1.308147, -3.697905), (-3.561767, 1.293231, -3.697003), (-3.560236, 1.297593, -3.855573)
(-3.561767, 1.293231, -3.697003), (-3.563385, 1.287546, -3.53907), (-3.40545, 1.268455, -3.696137)
(-3.561767, 1.293231, -3.697003), (-3.40545, 1.268455, -3.696137), (-3.403945, 1.273072, -3.854731)
(-3.40545, 1.268455, -3.696137), (-3.249713, 1.234519, -3.695365), (-3.248346, 1.23886, -3.85399)
(-3.40545, 1.268455, -3.696137), (-3.407016, 1.262093, -3.538169), (-3.249713, 1.234519, -3.695365)
(-3.877793, 1.306291, -3.541119), (-3.7203, 1.302852, -3.540046), (-3.718647, 1.308147, -3.697905)
(-3.877793, 1.306291, -3.541119), (-3.879668, 1.297885, -3.384185), (-3.7203, 1.302852, -3.540046)
(-3.7203, 1.302852, -3.540046), (-3.563385, 1.287546, -3.53907), (-3.561767, 1.293231, -3.697003)
(-3.7203, 1.302852, -3.540046), (-3.722147, 1.293751, -3.383022), (-3.563385, 1.287546, -3.53907)
(-3.563385, 1.287546, -3.53907), (-3.407016, 1.262093, -3.538169), (-3.40545, 1.268455, -3.696137)
(-3.563385, 1.287546, -3.53907), (-3.565124, 1.278436, -3.381923), (-3.407016, 1.262093, -3.538169)
(-3.407016, 1.262093, -3.538169), (-3.251179, 1.228058, -3.537343), (-3.249713, 1.234519, -3.695365)
(-3.407016, 1.262093, -3.538169), (-3.408627, 1.252752, -3.380925), (-3.251179, 1.228058, -3.537343)
(-3.879668, 1.297885, -3.384185), (-3.881487, 1.291379, -3.22774), (-3.722147, 1.293751, -3.383022)
(-3.879668, 1.297885, -3.384185), (-3.722147, 1.293751, -3.383022), (-3.7203, 1.302852, -3.540046)
(-3.722147, 1.293751, -3.383022), (-3.723916, 1.285592, -3.226508), (-3.565124, 1.278436, -3.381923)
(-3.722147, 1.293751, -3.383022), (-3.565124, 1.278436, -3.381923), (-3.563385, 1.287546, -3.53907)
(-3.565124, 1.278436, -3.381923), (-3.566764, 1.26946, -3.225296), (-3.408627, 1.252752, -3.380925)
(-3.565124, 1.278436, -3.381923), (-3.408627, 1.252752, -3.380925), (-3.407016, 1.262093, -3.538169)
(-3.408627, 1.252752, -3.380925), (-3.410122, 1.242623, -3.224215), (-3.252683, 1.217675, -3.380089)
(-3.408627, 1.252752, -3.380925), (-3.252683, 1.217675, -3.380089), (-3.251179, 1.228058, -3.537343)
# -2.9718590500199973, 0, -3.706531283353331
(-3.247437, 1.243381, -4.012994), (-3.248346, 1.23886, -3.85399), (-3.092957, 1.206716, -4.011903)
(-3.247437, 1.243381, -4.012994), (-3.092957, 1.206716, -4.011903), (-3.092986, 1.215693, -4.170755)
(-3.092957, 1.206716, -4.011903), (-3.093511, 1.198488, -3.853232), (-2.939413, 1.167045, -4.010655)
(-3.092957, 1.206716, -4.011903), (-2.939413, 1.167045, -4.010655), (-2.939804, 1.179665, -4.169124)
(-2.939413, 1.167045, -4.010655), (-2.939508, 1.154933, -3.852366), (-2.78672, 1.126049, -4.009294)
(-2.939413, 1.167045, -4.010655), (-2.78672, 1.126049, -4.009294), (-2.787435, 1.142111, -4.167373)
(-2.78672, 1.126049, -4.009294), (-2.78637, 1.110066, -3.851417), (-2.634735, 1.085277, -4.007871)
(-2.78672, 1.126049, -4.009294), (-2.634735, 1.085277, -4.007871), (-2.635698, 1.104289, -4.165563)
(-3.248346, 1.23886, -3.85399), (-3.093511, 1.198488, -3.853232), (-3.092957, 1.206716, -4.011903)
(-3.248346, 1.23886, -3.85399), (-3.249713, 1.234519, -3.695365), (-3.093511, 1.198488, -3.853232)
(-3.093511, 1.198488, -3.853232), (-2.939508, 1.154933, -3.852366), (-2.939413, 1.167045, -4.010655)
(-3.093511, 1.198488, -3.853232), (-3.094588, 1.192041, -3.694776), (-2.939508, 1.154933, -3.852366)
(-2.939508, 1.154933, -3.852366), (-2.78637, 1.110066, -3.851417), (-2.78672, 1.126049, -4.009294)
(-2.939508, 1.154933, -3.852366), (-2.94017, 1.144172, -3.694308), (-2.78637, 1.110066, -3.851417)
(-2.78637, 1.110066, -3.851417), (-2.633964, 1.065969, -3.850388), (-2.634735, 1.085277, -4.007871)
(-2.78637, 1.110066, -3.851417), (-2.786474, 1.095625, -3.693736), (-2.633964, 1.065969, -3.850388)
(-3.249713, 1.234519, -3.695365), (-3.251179, 1.228058, -3.537343), (-3.094588, 1.192041, -3.694776)
(-3.249713, 1.234519, -3.695365), (-3.094588, 1.192041, -3.694776), (-3.093511, 1.198488, -3.853232)
(-3.094588, 1.192041, -3.694776), (-3.095941, 1.185361, -3.536744), (-2.94017, 1.144172, -3.694308)
(-3.094588, 1.192041, -3.694776), (-2.94017, 1.144172, -3.694308), (-2.939508, 1.154933, -3.852366)
(-2.94017, 1.144172, -3.694308), (-2.941231, 1.136388, -3.536369), (-2.786474, 1.095625, -3.693736)
(-2.94017, 1.144172, -3.694308), (-2.786474, 1.095625, -3.693736), (-2.78637, 1.110066, -3.851417)
(-2.786474, 1.095625, -3.693736), (-2.633504, 1.048342, -3.693061), (-2.633964, 1.065969, -3.850388)
(-2.786474, 1.095625, -3.693736), (-2.787014, 1.084708, -3.536088), (-2.633504, 1.048342, -3.693061)
(-3.251179, 1.228058, -3.537343), (-3.095941, 1.185361, -3.536744), (-3.094588, 1.192041, -3.694776)
(-3.251179, 1.228058, -3.537343), (-3.252683, 1.217675, -3.380089), (-3.095941, 1.185361, -3.536744)
(-3.095941, 1.185361, -3.536744), (-2.941231, 1.136388, -3.536369), (-2.94017, 1.144172, -3.694308)
(-3.095941, 1.185361, -3.536744), (-3.097252, 1.17568, -3.37938), (-2.941231, 1.136388, -3.536369)
(-2.941231, 1.136388, -3.536369), (-2.787014, 1.084708, -3.536088), (-2.786474, 1.095625, -3.693736)
(-2.941231, 1.136388, -3.536369), (-2.942344, 1.127656, -3.378913), (-2.787014, 1.084708, -3.536088)
(-2.787014, 1.084708, -3.536088), (-2.633415, 1.03406, -3.535757), (-2.633504, 1.048342, -3.693061)
(-2.787014, 1.084708, -3.536088), (-2.787851, 1.076782, -3.378574), (-2.633415, 1.03406, -3.535757)
(-3.252683, 1.217675, -3.380089), (-3.253991, 1.207167, -3.223264), (-3.097252, 1.17568, -3.37938)
(-3.252683, 1.217675, -3.380089), (-3.097252, 1.17568, -3.37938), (-3.095941, 1.185361, -3.536744)
(-3.097252, 1.17568, -3.37938), (-3.098361, 1.16503, -3.222452), (-2.942344, 1.127656, -3.378913)
(-3.097252, 1.17568, -3.37938), (-2.942344, 1.127656, -3.378913), (-2.941231, 1.136388, -3.536369)
(-2.942344, 1.127656, -3.378913), (-2.943229, 1.117791, -3.221839), (-2.787851, 1.076782, -3.378574)
(-2.942344, 1.127656, -3.378913), (-2.787851, 1.076782, -3.378574), (-2.787014, 1.084708, -3.536088)
(-2.787851, 1.076782, -3.378574), (-2.788523, 1.068116, -3.221371), (-2.633739, 1.024525, -3.378448)
(-2.787851, 1.076782, -3.378574), (-2.633739, 1.024525, -3.378448), (-2.633415, 1.03406, -3.535757)
# -2.304088816686664, 0, -3.706531283353331
(-2.634735, 1.085277, -4.007871), (-2.633964, 1.065969, -3.850388), (-2.483248, 1.04596, -4.006431)
(-2.634735, 1.085277, -4.007871), (-2.483248, 1.04596, -4.006431), (-2.484448, 1.067125, -4.163782)
(-2.483248, 1.04596, -4.006431), (-2.482112, 1.024103, -3.849315), (-2.33209, 1.009165, -4.005069)
(-2.483248, 1.04596, -4.006431), (-2.33209, 1.009165, -4.005069), (-2.333464, 1.031498, -4.162112)
(-2.33209, 1.009165, -4.005069), (-2.330631, 0.985484, -3.848266), (-2.181046, 0.975259, -4.003788)
(-2.33209, 1.009165, -4.005069), (-2.181046, 0.975259, -4.003788), (-2.182545, 0.997925, -4.160597)
(-2.181046, 0.975259, -4.003788), (-2.179331, 0.950829, -3.847271), (-2.029911, 0.944998, -4.002707)
(-2.181046, 0.975259, -4.003788), (-2.029911, 0.944998, -4.002707), (-2.031579, 0.966706, -4.159245)
(-2.029911, 0.944998, -4.002707), (-2.028014, 0.920711, -3.846396), (-1.878585, 0.91793, -4.001801)
(-2.029911, 0.944998, -4.002707), (-1.878585, 0.91793, -4.001801), (-1.880332, 0.938115, -4.158197)
(-2.633964, 1.065969, -3.850388), (-2.482112, 1.024103, -3.849315), (-2.483248, 1.04596, -4.006431)
(-2.633964, 1.065969, -3.850388), (-2.633504, 1.048342, -3.693061), (-2.482112, 1.024103, -3.849315)
(-2.482112, 1.024103, -3.849315), (-2.330631, 0.985484, -3.848266), (-2.33209, 1.009165, -4.005069)
(-2.482112, 1.024103, -3.849315), (-2.481133, 1.003734, -3.692356), (-2.330631, 0.985484, -3.848266)
(-2.330631, 0.985484, -3.848266), (-2.179331, 0.950829, -3.847271), (-2.181046, 0.975259, -4.003788)
(-2.330631, 0.985484, -3.848266), (-2.329181, 0.963314, -3.691664), (-2.179331, 0.950829, -3.847271)
(-2.179331, 0.950829, -3.847271), (-2.028014, 0.920711, -3.846396), (-2.029911, 0.944998, -4.002707)
(-2.179331, 0.950829, -3.847271), (-2.177453, 0.927553, -3.690971), (-2.028014, 0.920711, -3.846396)
(-2.028014, 0.920711, -3.846396), (-1.876514, 0.894882, -3.845672), (-1.878585, 0.91793, -4.001801)
(-2.028014, 0.920711, -3.846396), (-2.025788, 0.896801, -3.690331), (-1.876514, 0.894882, -3.845672)
(-2.633504, 1.048342, -3.693061), (-2.633415, 1.03406, -3.535757), (-2.481133, 1.003734, -3.692356)
(-2.633504, 1.048342, -3.693061), (-2.481133, 1.003734, -3.692356), (-2.482112, 1.024103, -3.849315)
(-2.481133, 1.003734, -3.692356), (-2.480423, 0.986518, -3.535414), (-2.329181, 0.963314, -3.691664)
(-2.481133, 1.003734, -3.692356), (-2.329181, 0.963314, -3.691664), (-2.330631, 0.985484, -3.848266)
(-2.329181, 0.963314, -3.691664), (-2.327883, 0.943778, -3.535042), (-2.177453, 0.927553, -3.690971)
(-2.329181, 0.963314, -3.691664), (-2.177453, 0.927553, -3.690971), (-2.179331, 0.950829, -3.847271)
(-2.177453, 0.927553, -3.690971), (-2.025788, 0.896801, -3.690331), (-2.028014, 0.920711, -3.846396)
(-2.177453, 0.927553, -3.690971), (-2.175627, 0.906685, -3.534647), (-2.025788, 0.896801, -3.690331)
(-2.025788, 0.896801, -3.690331), (-2.023484, 0.875375, -3.534272), (-1.874005, 0.871334, -3.689801)
(-2.025788, 0.896801, -3.690331), (-1.874005, 0.871334, -3.689801), (-1.876514, 0.894882, -3.845672)
(-2.633415, 1.03406, -3.535757), (-2.480423, 0.986518, -3.535414), (-2.481133, 1.003734, -3.692356)
(-2.633415, 1.03406, -3.535757), (-2.633739, 1.024525, -3.378448), (-2.480423, 0.986518, -3.535414)
(-2.480423, 0.986518, -3.535414), (-2.327883, 0.943778, -3.535042), (-2.329181, 0.963314, -3.691664)
(-2.480423, 0.986518, -3.535414), (-2.480073, 0.974611, -3.378366), (-2.327883, 0.943778, -3.535042)
(-2.327883, 0.943778, -3.535042), (-2.175627, 0.906685, -3.534647), (-2.177453, 0.927553, -3.690971)
(-2.327883, 0.943778, -3.535042), (-2.326869, 0.929721, -3.378261), (-2.175627, 0.906685, -3.534647)
(-2.175627, 0.906685, -3.534647), (-2.023484, 0.875375, -3.534272), (-2.025788, 0.896801, -3.690331)
(-2.175627, 0.906685, -3.534647), (-2.173995, 0.891157, -3.378129), (-2.023484, 0.875375, -3.534272)
(-2.023484, 0.875375, -3.534272), (-1.871269, 0.850279, -3.533965), (-1.874005, 0.871334, -3.689801)
(-2.023484, 0.875375, -3.534272), (-2.02127, 0.859517, -3.377997), (-1.871269, 0.850279, -3.533965)
(-2.633739, 1.024525, -3.378448), (-2.634192, 1.01776, -3.221096), (-2.480073, 0.974611, -3.378366)
(-2.633739, 1.024525, -3.378448), (-2.480073, 0.974611, -3.378366), (-2.480423, 0.986518, -3.535414)
(-2.480073, 0.974611, -3.378366), (-2.480148, 0.968649, -3.221006), (-2.326869, 0.929721, -3.378261)
(-2.480073, 0.974611, -3.378366), (-2.326869, 0.929721, -3.378261), (-2.327883, 0.943778, -3.535042)
(-2.326869, 0.929721, -3.378261), (-2.326346, 0.922674, -3.221056), (-2.173995, 0.891157, -3.378129)
(-2.326869, 0.929721, -3.378261), (-2.173995, 0.891157, -3.378129), (-2.175627, 0.906685, -3.534647)
(-2.173995, 0.891157, -3.378129), (-2.172799, 0.882833, -3.221156), (-2.02127, 0.859517, -3.377997)
(-2.173995, 0.891157, -3.378129), (-2.02127, 0.859517, -3.377997), (-2.023484, 0.875375, -3.534272)
(-2.02127, 0.859517, -3.377997), (-2.019451, 0.850512, -3.221228), (-1.868538, 0.834444, -3.377891)
(-2.02127, 0.859517, -3.377997), (-1.868538, 0.834444, -3.377891), (-1.871269, 0.850279, -3.533965)
# -1.6363185833533305, 0, -3.706531283353331
(-1.878585, 0.91793, -4.001801), (-1.876514, 0.894882, -3.845672), (-1.726934, 0.894082, -4.001124)
(-1.878585, 0.91793, -4.001801), (-1.726934, 0.894082, -4.001124), (-1.728666, 0.912078, -4.157464)
(-1.726934, 0.894082, -4.001124), (-1.724802, 0.87261, -3.845087), (-1.574891, 0.873403, -4.000667)
(-1.726934, 0.894082, -4.001124), (-1.574891, 0.873403, -4.000667), (-1.576561, 0.888461, -4.157002)
(-1.574891, 0.873403, -4.000667), (-1.572612, 0.85456, -3.844735), (-1.422214, 0.855285, -4.000532)
(-1.574891, 0.873403, -4.000667), (-1.422214, 0.855285, -4.000532), (-1.424215, 0.867253, -4.156678)
(-1.422214, 0.855285, -4.000532), (-1.419905, 0.839533, -3.844609), (-1.269241, 0.839155, -4.000539)
(-1.422214, 0.855285, -4.000532), (-1.269241, 0.839155, -4.000539), (-1.271208, 0.848041, -4.156716)
(-1.876514, 0.894882, -3.845672), (-1.724802, 0.87261, -3.845087), (-1.726934, 0.894082, -4.001124)
(-1.876514, 0.894882, -3.845672), (-1.874005, 0.871334, -3.689801), (-1.724802, 0.87261, -3.845087)
(-1.724802, 0.87261, -3.845087), (-1.572612, 0.85456, -3.844735), (-1.574891, 0.873403, -4.000667)
(-1.724802, 0.87261, -3.845087), (-1.721898, 0.851301, -3.689428), (-1.572612, 0.85456, -3.844735)
(-1.572612, 0.85456, -3.844735), (-1.419905, 0.839533, -3.844609), (-1.422214, 0.855285, -4.000532)
(-1.572612, 0.85456, -3.844735), (-1.569485, 0.834874, -3.68919), (-1.419905, 0.839533, -3.844609)
(-1.419905, 0.839533, -3.844609), (-1.266752, 0.826338, -3.84469), (-1.269241, 0.839155, -4.000539)
(-1.419905, 0.839533, -3.844609), (-1.416698, 0.821594, -3.689113), (-1.266752, 0.826338, -3.84469)
(-1.874005, 0.871334, -3.689801), (-1.871269, 0.850279, -3.533965), (-1.721898, 0.851301, -3.689428)
(-1.874005, 0.871334, -3.689801), (-1.721898, 0.851301, -3.689428), (-1.724802, 0.87261, -3.845087)
(-1.721898, 0.851301, -3.689428), (-1.718824, 0.830913, -3.533755), (-1.569485, 0.834874, -3.68919)
(-1.721898, 0.851301, -3.689428), (-1.569485, 0.834874, -3.68919), (-1.572612, 0.85456, -3.844735)
(-1.569485, 0.834874, -3.68919), (-1.416698, 0.821594, -3.689113), (-1.419905, 0.839533, -3.844609)
(-1.569485, 0.834874, -3.68919), (-1.566066, 0.816144, -3.533662), (-1.416698, 0.821594, -3.689113)
(-1.416698, 0.821594, -3.689113), (-1.412961, 0.804589, -3.533718), (-1.263418, 0.810814, -3.689242)
(-1.416698, 0.821594, -3.689113), (-1.263418, 0.810814, -3.689242), (-1.266752, 0.826338, -3.84469)
(-1.871269, 0.850279, -3.533965), (-1.718824, 0.830913, -3.533755), (-1.721898, 0.851301, -3.689428)
(-1.871269, 0.850279, -3.533965), (-1.868538, 0.834444, -3.377891), (-1.718824, 0.830913, -3.533755)
(-1.718824, 0.830913, -3.533755), (-1.566066, 0.816144, -3.533662), (-1.569485, 0.834874, -3.68919)
(-1.718824, 0.830913, -3.533755), (-1.715627, 0.815818, -3.377846), (-1.566066, 0.816144, -3.533662)
(-1.412961, 0.804589, -3.533718), (-1.259386, 0.795865, -3.53395), (-1.263418, 0.810814, -3.689242)
(-1.412961, 0.804589, -3.533718), (-1.408933, 0.792247, -3.378079), (-1.259386, 0.795865, -3.53395)
(-1.566066, 0.816144, -3.533662), (-1.412961, 0.804589, -3.533718), (-1.416698, 0.821594, -3.689113)
(-1.566066, 0.816144, -3.533662), (-1.562461, 0.802, -3.377901), (-1.412961, 0.804589, -3.533718)
(-1.408933, 0.792247, -3.378079), (-1.40513, 0.785834, -3.221889), (-1.255021, 0.784725, -3.378433)
(-1.408933, 0.792247, -3.378079), (-1.255021, 0.784725, -3.378433), (-1.259386, 0.795865, -3.53395)
(-1.562461, 0.802, -3.377901), (-1.559079, 0.794586, -3.221585), (-1.408933, 0.792247, -3.378079)
(-1.562461, 0.802, -3.377901), (-1.408933, 0.792247, -3.378079), (-1.412961, 0.804589, -3.533718)
(-1.868538, 0.834444, -3.377891), (-1.866143, 0.825549, -3.221296), (-1.715627, 0.815818, -3.377846)
(-1.868538, 0.834444, -3.377891), (-1.715627, 0.815818, -3.377846), (-1.718824, 0.830913, -3.533755)
(-1.715627, 0.815818, -3.377846), (-1.712718, 0.80738, -3.221402), (-1.562461, 0.802, -3.377901)
(-1.715627, 0.815818, -3.377846), (-1.562461, 0.802, -3.377901), (-1.566066, 0.816144, -3.533662)
# -0.968548350019997, 0, -3.706531283353331
(-0.653618, 0.78429, -4.002473), (-0.65054, 0.778576, -3.846937), (-0.49925, 0.771022, -4.003252)
(-0.653618, 0.78429, -4.002473), (-0.49925, 0.771022, -4.003252), (-0.501633, 0.773367, -4.159071)
(-0.807861, 0.797381, -4.001794), (-0.805032, 0.791241, -3.84609), (-0.653618, 0.78429, -4.002473)
(-0.807861, 0.797381, -4.001794), (-0.653618, 0.78429, -4.002473), (-0.655957, 0.786226, -4.158414)
(-0.962102, 0.811032, -4.001143), (-0.95937, 0.803049, -3.845391), (-0.807861, 0.797381, -4.001794)
(-0.962102, 0.811032, -4.001143), (-0.807861, 0.797381, -4.001794), (-0.810194, 0.800153, -4.157783)
(-1.115855, 0.824554, -4.000753), (-1.11335, 0.814423, -3.844904), (-0.962102, 0.811032, -4.001143)
(-1.115855, 0.824554, -4.000753), (-0.962102, 0.811032, -4.001143), (-0.964031, 0.814887, -4.157344)
(-1.269241, 0.839155, -4.000539), (-1.266752, 0.826338, -3.84469), (-1.115855, 0.824554, -4.000753)
(-1.269241, 0.839155, -4.000539), (-1.115855, 0.824554, -4.000753), (-1.117786, 0.830792, -4.156951)
(-0.65054, 0.778576, -3.846937), (-0.49609, 0.765241, -3.847849), (-0.49925, 0.771022, -4.003252)
(-0.65054, 0.778576, -3.846937), (-0.646491, 0.769621, -3.691844), (-0.49609, 0.765241, -3.847849)
(-0.805032, 0.791241, -3.84609), (-0.65054, 0.778576, -3.846937), (-0.653618, 0.78429, -4.002473)
(-0.805032, 0.791241, -3.84609), (-0.801113, 0.781488, -3.69089), (-0.65054, 0.778576, -3.846937)
(-0.95937, 0.803049, -3.845391), (-0.805032, 0.791241, -3.84609), (-0.807861, 0.797381, -4.001794)
(-0.95937, 0.803049, -3.845391), (-0.95546, 0.79179, -3.690159), (-0.805032, 0.791241, -3.84609)
(-1.11335, 0.814423, -3.844904), (-0.95937, 0.803049, -3.845391), (-0.962102, 0.811032, -4.001143)
(-1.11335, 0.814423, -3.844904), (-1.109562, 0.801369, -3.689615), (-0.95937, 0.803049, -3.845391)
(-1.266752, 0.826338, -3.84469), (-1.11335, 0.814423, -3.844904), (-1.115855, 0.824554, -4.000753)
(-1.266752, 0.826338, -3.84469), (-1.263418, 0.810814, -3.689242), (-1.11335, 0.814423, -3.844904)
(-0.646491, 0.769621, -3.691844), (-0.641534, 0.759268, -3.537034), (-0.491633, 0.755354, -3.693028)
(-0.646491, 0.769621, -3.691844), (-0.491633, 0.755354, -3.693028), (-0.49609, 0.765241, -3.847849)
(-0.801113, 0.781488, -3.69089), (-0.796391, 0.770842, -3.535918), (-0.646491, 0.769621, -3.691844)
(-0.801113, 0.781488, -3.69089), (-0.646491, 0.769621, -3.691844), (-0.65054, 0.778576, -3.846937)
(-0.95546, 0.79179, -3.690159), (-0.801113, 0.781488, -3.69089), (-0.805032, 0.791241, -3.84609)
(-0.95546, 0.79179, -3.690159), (-0.950992, 0.780255, -3.535042), (-0.801113, 0.781488, -3.69089)
(-1.109562, 0.801369, -3.689615), (-1.105362, 0.788253, -3.534388), (-0.95546, 0.79179, -3.690159)
(-1.109562, 0.801369, -3.689615), (-0.95546, 0.79179, -3.690159), (-0.95937, 0.803049, -3.845391)
(-1.263418, 0.810814, -3.689242), (-1.259386, 0.795865, -3.53395), (-1.109562, 0.801369, -3.689615)
(-1.263418, 0.810814, -3.689242), (-1.109562, 0.801369, -3.689615), (-1.11335, 0.814423, -3.844904)
(-0.641534, 0.759268, -3.537034), (-0.48656, 0.744793, -3.53837), (-0.491633, 0.755354, -3.693028)
(-0.641534, 0.759268, -3.537034), (-0.636098, 0.750434, -3.38212), (-0.48656, 0.744793, -3.53837)
(-0.796391, 0.770842, -3.535918), (-0.641534, 0.759268, -3.537034), (-0.646491, 0.769621, -3.691844)
(-0.796391, 0.770842, -3.535918), (-0.791169, 0.762192, -3.380814), (-0.641534, 0.759268, -3.537034)
(-0.950992, 0.780255, -3.535042), (-0.796391, 0.770842, -3.535918), (-0.801113, 0.781488, -3.69089)
(-0.950992, 0.780255, -3.535042), (-0.946077, 0.771087, -3.379781), (-0.796391, 0.770842, -3.535918)
(-1.105362, 0.788253, -3.534388), (-0.950992, 0.780255, -3.535042), (-0.95546, 0.79179, -3.690159)
(-1.105362, 0.788253, -3.534388), (-1.100718, 0.778178, -3.378991), (-0.950992, 0.780255, -3.535042)
(-1.259386, 0.795865, -3.53395), (-1.105362, 0.788253, -3.534388), (-1.109562, 0.801369, -3.689615)
(-1.259386, 0.795865, -3.53395), (-1.255021, 0.784725, -3.378433), (-1.105362, 0.788253, -3.534388)
(-0.636098, 0.750434, -3.38212), (-0.630681, 0.746217, -3.226735), (-0.480944, 0.735163, -3.38366)
(-0.636098, 0.750434, -3.38212), (-0.480944, 0.735163, -3.38366), (-0.48656, 0.744793, -3.53837)
(-0.791169, 0.762192, -3.380814), (-0.786015, 0.758426, -3.225219), (-0.636098, 0.750434, -3.38212)
(-0.791169, 0.762192, -3.380814), (-0.636098, 0.750434, -3.38212), (-0.641534, 0.759268, -3.537034)
(-0.946077, 0.771087, -3.379781), (-0.941215, 0.767232, -3.223996), (-0.791169, 0.762192, -3.380814)
(-0.946077, 0.771087, -3.379781), (-0.791169, 0.762192, -3.380814), (-0.796391, 0.770842, -3.535918)
(-1.100718, 0.778178, -3.378991), (-1.09618, 0.773732, -3.223057), (-0.946077, 0.771087, -3.379781)
(-1.100718, 0.778178, -3.378991), (-0.946077, 0.771087, -3.379781), (-0.950992, 0.780255, -3.535042)
(-1.255021, 0.784725, -3.378433), (-1.250828, 0.779469, -3.222361), (-1.100718, 0.778178, -3.378991)
(-1.255021, 0.784725, -3.378433), (-1.100718, 0.778178, -3.378991), (-1.105362, 0.788253, -3.534388)
# -0.3007781166866636, 0, -3.706531283353331
(-0.03591, 0.730926, -4.005634), (-0.03219, 0.717826, -3.851114), (0.118492, 0.720412, -4.006091)
(-0.03591, 0.730926, -4.005634), (0.118492, 0.720412, -4.006091), (0.115409, 0.735298, -4.160642)
(-0.190291, 0.74345, -4.004951), (-0.186754, 0.733929, -3.850073), (-0.03591, 0.730926, -4.005634)
(-0.190291, 0.74345, -4.004951), (-0.03591, 0.730926, -4.005634), (-0.038809, 0.74097, -4.160605)
(-0.344806, 0.757322, -4.004096), (-0.341422, 0.750079, -3.848943), (-0.190291, 0.74345, -4.004951)
(-0.344806, 0.757322, -4.004096), (-0.190291, 0.74345, -4.004951), (-0.193048, 0.749815, -4.160259)
(-0.49925, 0.771022, -4.003252), (-0.49609, 0.765241, -3.847849), (-0.344806, 0.757322, -4.004096)
(-0.49925, 0.771022, -4.003252), (-0.344806, 0.757322, -4.004096), (-0.347306, 0.761036, -4.159715)
(-0.03219, 0.717826, -3.851114), (0.122359, 0.702751, -3.85198), (0.118492, 0.720412, -4.006091)
(-0.03219, 0.717826, -3.851114), (-0.02747, 0.702024, -3.697024), (0.122359, 0.702751, -3.85198)
(-0.186754, 0.733929, -3.850073), (-0.03219, 0.717826, -3.851114), (-0.03591, 0.730926, -4.005634)
(-0.186754, 0.733929, -3.850073), (-0.182166, 0.721327, -3.695655), (-0.03219, 0.717826, -3.851114)
(-0.341422, 0.750079, -3.848943), (-0.186754, 0.733929, -3.850073), (-0.190291, 0.74345, -4.004951)
(-0.341422, 0.750079, -3.848943), (-0.336869, 0.739283, -3.694303), (-0.186754, 0.733929, -3.850073)
(-0.49609, 0.765241, -3.847849), (-0.341422, 0.750079, -3.848943), (-0.344806, 0.757322, -4.004096)
(-0.49609, 0.765241, -3.847849), (-0.491633, 0.755354, -3.693028), (-0.341422, 0.750079, -3.848943)
(-0.02747, 0.702024, -3.697024), (-0.021875, 0.684587, -3.543237), (0.12727, 0.682679, -3.698287)
(-0.02747, 0.702024, -3.697024), (0.12727, 0.682679, -3.698287), (0.122359, 0.702751, -3.85198)
(-0.182166, 0.721327, -3.695655), (-0.176718, 0.707041, -3.541538), (-0.02747, 0.702024, -3.697024)
(-0.182166, 0.721327, -3.695655), (-0.02747, 0.702024, -3.697024), (-0.03219, 0.717826, -3.851114)
(-0.336869, 0.739283, -3.694303), (-0.182166, 0.721327, -3.695655), (-0.186754, 0.733929, -3.850073)
(-0.336869, 0.739283, -3.694303), (-0.331597, 0.727294, -3.539889), (-0.182166, 0.721327, -3.695655)
(-0.491633, 0.755354, -3.693028), (-0.48656, 0.744793, -3.53837), (-0.336869, 0.739283, -3.694303)
(-0.491633, 0.755354, -3.693028), (-0.336869, 0.739283, -3.694303), (-0.341422, 0.750079, -3.848943)
(-0.021875, 0.684587, -3.543237), (0.132918, 0.661241, -3.544871), (0.12727, 0.682679, -3.698287)
(-0.021875, 0.684587, -3.543237), (-0.015797, 0.668708, -3.389363), (0.132918, 0.661241, -3.544871)
(-0.176718, 0.707041, -3.541538), (-0.021875, 0.684587, -3.543237), (-0.02747, 0.702024, -3.697024)
(-0.176718, 0.707041, -3.541538), (-0.170759, 0.69386, -3.387351), (-0.021875, 0.684587, -3.543237)
(-0.331597, 0.727294, -3.539889), (-0.176718, 0.707041, -3.541538), (-0.182166, 0.721327, -3.695655)
(-0.331597, 0.727294, -3.539889), (-0.325812, 0.716267, -3.385434), (-0.176718, 0.707041, -3.541538)
(-0.48656, 0.744793, -3.53837), (-0.331597, 0.727294, -3.539889), (-0.336869, 0.739283, -3.694303)
(-0.48656, 0.744793, -3.53837), (-0.480944, 0.735163, -3.38366), (-0.331597, 0.727294, -3.539889)
(-0.015797, 0.668708, -3.389363), (-0.009736, 0.656893, -3.235129), (0.139077, 0.641768, -3.391366)
(-0.015797, 0.668708, -3.389363), (0.139077, 0.641768, -3.391366), (0.132918, 0.661241, -3.544871)
(-0.170759, 0.69386, -3.387351), (-0.164796, 0.684763, -3.232801), (-0.015797, 0.668708, -3.389363)
(-0.170759, 0.69386, -3.387351), (-0.015797, 0.668708, -3.389363), (-0.021875, 0.684587, -3.543237)
(-0.325812, 0.716267, -3.385434), (-0.319997, 0.709338, -3.230573), (-0.170759, 0.69386, -3.387351)
(-0.325812, 0.716267, -3.385434), (-0.170759, 0.69386, -3.387351), (-0.176718, 0.707041, -3.541538)
(-0.480944, 0.735163, -3.38366), (-0.475314, 0.729895, -3.228526), (-0.325812, 0.716267, -3.385434)
(-0.480944, 0.735163, -3.38366), (-0.325812, 0.716267, -3.385434), (-0.331597, 0.727294, -3.539889)
