# 0.3669921166466698, 0, -14.390855016686668
(0.694367, 0.838638, -14.578532), (0.845875, 0.867261, -14.580744), (0.853415, 0.817536, -14.73456)
(0.694367, 0.838638, -14.578532), (0.687427, 0.885648, -14.424475), (0.845875, 0.867261, -14.580744)
(0.542904, 0.811013, -14.576607), (0.694367, 0.838638, -14.578532), (0.701528, 0.791337, -14.732409)
(0.542904, 0.811013, -14.576607), (0.536331, 0.855821, -14.422516), (0.694367, 0.838638, -14.578532)
(0.391473, 0.783918, -14.574883), (0.542904, 0.811013, -14.576607), (0.549666, 0.766116, -14.730548)
(0.391473, 0.783918, -14.574883), (0.385287, 0.826428, -14.420734), (0.542904, 0.811013, -14.576607)
(0.240034, 0.756917, -14.573277), (0.391473, 0.783918, -14.574883), (0.397818, 0.741467, -14.728904)
(0.240034, 0.756917, -14.573277), (0.234262, 0.797067, -14.419059), (0.391473, 0.783918, -14.574883)
(0.088549, 0.729641, -14.571719), (0.240034, 0.756917, -14.573277), (0.245943, 0.716985, -14.727392)
(0.088549, 0.729641, -14.571719), (0.083197, 0.767439, -14.417423), (0.240034, 0.756917, -14.573277)
(0.687427, 0.885648, -14.424475), (0.680876, 0.931649, -14.270181), (0.838595, 0.916416, -14.426704)
(0.687427, 0.885648, -14.424475), (0.838595, 0.916416, -14.426704), (0.845875, 0.867261, -14.580744)
(0.536331, 0.855821, -14.422516), (0.687427, 0.885648, -14.424475), (0.694367, 0.838638, -14.578532)
(0.536331, 0.855821, -14.422516), (0.530088, 0.899862, -14.268216), (0.687427, 0.885648, -14.424475)
(0.385287, 0.826428, -14.420734), (0.379408, 0.868344, -14.266407), (0.536331, 0.855821, -14.422516)
(0.385287, 0.826428, -14.420734), (0.536331, 0.855821, -14.422516), (0.542904, 0.811013, -14.576607)
(0.234262, 0.797067, -14.419059), (0.385287, 0.826428, -14.420734), (0.391473, 0.783918, -14.574883)
(0.234262, 0.797067, -14.419059), (0.228755, 0.836808, -14.264688), (0.385287, 0.826428, -14.420734)
(0.083197, 0.767439, -14.417423), (0.078074, 0.80499, -14.262996), (0.234262, 0.797067, -14.419059)
(0.083197, 0.767439, -14.417423), (0.234262, 0.797067, -14.419059), (0.240034, 0.756917, -14.573277)
(0.680876, 0.931649, -14.270181), (0.831749, 0.964287, -14.272388), (0.838595, 0.916416, -14.426704)
(0.680876, 0.931649, -14.270181), (0.674871, 0.975862, -14.115587), (0.831749, 0.964287, -14.272388)
(0.530088, 0.899862, -14.268216), (0.680876, 0.931649, -14.270181), (0.687427, 0.885648, -14.424475)
(0.530088, 0.899862, -14.268216), (0.524373, 0.942294, -14.113646), (0.680876, 0.931649, -14.270181)
(0.379408, 0.868344, -14.266407), (0.530088, 0.899862, -14.268216), (0.536331, 0.855821, -14.422516)
(0.379408, 0.868344, -14.266407), (0.373976, 0.90896, -14.111844), (0.530088, 0.899862, -14.268216)
(0.228755, 0.836808, -14.264688), (0.379408, 0.868344, -14.266407), (0.385287, 0.826428, -14.420734)
(0.228755, 0.836808, -14.264688), (0.223645, 0.875483, -14.110108), (0.379408, 0.868344, -14.266407)
(0.078074, 0.80499, -14.262996), (0.228755, 0.836808, -14.264688), (0.234262, 0.797067, -14.419059)
(0.078074, 0.80499, -14.262996), (0.073304, 0.841671, -14.108391), (0.228755, 0.836808, -14.264688)
(0.674871, 0.975862, -14.115587), (0.66958, 1.017448, -13.960647), (0.825498, 1.010092, -14.117744)
(0.674871, 0.975862, -14.115587), (0.825498, 1.010092, -14.117744), (0.831749, 0.964287, -14.272388)
(0.524373, 0.942294, -14.113646), (0.519315, 0.982373, -13.958758), (0.674871, 0.975862, -14.115587)
(0.524373, 0.942294, -14.113646), (0.674871, 0.975862, -14.115587), (0.680876, 0.931649, -14.270181)
(0.373976, 0.90896, -14.111844), (0.369169, 0.947415, -13.956987), (0.524373, 0.942294, -14.113646)
(0.373976, 0.90896, -14.111844), (0.524373, 0.942294, -14.113646), (0.530088, 0.899862, -14.268216)
(0.223645, 0.875483, -14.110108), (0.219084, 0.912323, -13.955275), (0.373976, 0.90896, -14.111844)
(0.223645, 0.875483, -14.110108), (0.373976, 0.90896, -14.111844), (0.379408, 0.868344, -14.266407)
(0.073304, 0.841671, -14.108391), (0.069026, 0.87679, -13.953556), (0.223645, 0.875483, -14.110108)
(0.073304, 0.841671, -14.108391), (0.223645, 0.875483, -14.110108), (0.228755, 0.836808, -14.264688)
# 1.0347623499800032, 0, -14.390855016686668
(1.301073, 0.966374, -14.59038), (1.453112, 1.005778, -14.59496), (1.461684, 0.949117, -14.749017)
(1.301073, 0.966374, -14.59038), (1.293069, 1.0203, -14.436115), (1.453112, 1.005778, -14.59496)
(1.149204, 0.930519, -14.586557), (1.301073, 0.966374, -14.59038), (1.309471, 0.910966, -14.744293)
(1.149204, 0.930519, -14.586557), (1.141379, 0.983193, -14.432421), (1.301073, 0.966374, -14.59038)
(0.997479, 0.897665, -14.583377), (1.149204, 0.930519, -14.586557), (1.157364, 0.876635, -14.740374)
(0.997479, 0.897665, -14.583377), (0.989892, 0.948731, -14.429314), (1.149204, 0.930519, -14.586557)
(0.845875, 0.867261, -14.580744), (0.997479, 0.897665, -14.583377), (1.005351, 0.845655, -14.737159)
(0.845875, 0.867261, -14.580744), (0.838595, 0.916416, -14.426704), (0.997479, 0.897665, -14.583377)
(1.293069, 1.0203, -14.436115), (1.285657, 1.071997, -14.281449), (1.444995, 1.060586, -14.440499)
(1.293069, 1.0203, -14.436115), (1.444995, 1.060586, -14.440499), (1.453112, 1.005778, -14.59496)
(1.141379, 0.983193, -14.432421), (1.293069, 1.0203, -14.436115), (1.301073, 0.966374, -14.59038)
(1.141379, 0.983193, -14.432421), (1.134072, 1.033972, -14.277926), (1.293069, 1.0203, -14.436115)
(0.989892, 0.948731, -14.429314), (0.982794, 0.99822, -14.274937), (1.141379, 0.983193, -14.432421)
(0.989892, 0.948731, -14.429314), (1.141379, 0.983193, -14.432421), (1.149204, 0.930519, -14.586557)
(0.838595, 0.916416, -14.426704), (0.989892, 0.948731, -14.429314), (0.997479, 0.897665, -14.583377)
(0.838595, 0.916416, -14.426704), (0.831749, 0.964287, -14.272388), (0.989892, 0.948731, -14.429314)
(1.285657, 1.071997, -14.281449), (1.437521, 1.112787, -14.285591), (1.444995, 1.060586, -14.440499)
(1.285657, 1.071997, -14.281449), (1.279013, 1.120648, -14.126331), (1.437521, 1.112787, -14.285591)
(1.134072, 1.033972, -14.277926), (1.285657, 1.071997, -14.281449), (1.293069, 1.0203, -14.436115)
(1.134072, 1.033972, -14.277926), (1.127522, 1.082022, -14.123028), (1.285657, 1.071997, -14.281449)
(0.982794, 0.99822, -14.274937), (1.134072, 1.033972, -14.277926), (1.141379, 0.983193, -14.432421)
(0.982794, 0.99822, -14.274937), (0.976357, 1.045324, -14.120193), (1.134072, 1.033972, -14.277926)
(0.831749, 0.964287, -14.272388), (0.982794, 0.99822, -14.274937), (0.989892, 0.948731, -14.429314)
(0.831749, 0.964287, -14.272388), (0.825498, 1.010092, -14.117744), (0.982794, 0.99822, -14.274937)
(1.279013, 1.120648, -14.126331), (1.2733, 1.165408, -13.970715), (1.430861, 1.161594, -14.130181)
(1.279013, 1.120648, -14.126331), (1.430861, 1.161594, -14.130181), (1.437521, 1.112787, -14.285591)
(1.127522, 1.082022, -14.123028), (1.121851, 1.126491, -13.967667), (1.279013, 1.120648, -14.126331)
(1.127522, 1.082022, -14.123028), (1.279013, 1.120648, -14.126331), (1.285657, 1.071997, -14.281449)
(0.976357, 1.045324, -14.120193), (0.970782, 1.089117, -13.96502), (1.127522, 1.082022, -14.123028)
(0.976357, 1.045324, -14.120193), (1.127522, 1.082022, -14.123028), (1.134072, 1.033972, -14.277926)
(0.825498, 1.010092, -14.117744), (0.820031, 1.052938, -13.962708), (0.976357, 1.045324, -14.120193)
(0.825498, 1.010092, -14.117744), (0.976357, 1.045324, -14.120193), (0.982794, 0.99822, -14.274937)
# 1.7025325833133367, 0, -14.390855016686668
(1.911048, 1.149055, -14.614123), (2.064474, 1.204469, -14.622292), (2.072933, 1.148508, -14.777874)
(1.911048, 1.149055, -14.614123), (1.903025, 1.20303, -14.45848), (2.064474, 1.204469, -14.622292)
(1.758024, 1.097168, -14.606808), (1.911048, 1.149055, -14.614123), (1.91965, 1.092108, -14.769181)
(1.758024, 1.097168, -14.606808), (1.749902, 1.152019, -14.451667), (1.911048, 1.149055, -14.614123)
(1.605415, 1.049346, -14.600422), (1.758024, 1.097168, -14.606808), (1.766701, 1.03972, -14.761434)
(1.605415, 1.049346, -14.600422), (1.597235, 1.10446, -14.445666), (1.758024, 1.097168, -14.606808)
(1.453112, 1.005778, -14.59496), (1.605415, 1.049346, -14.600422), (1.614066, 0.991902, -14.754697)
(1.453112, 1.005778, -14.59496), (1.444995, 1.060586, -14.440499), (1.605415, 1.049346, -14.600422)
(1.903025, 1.20303, -14.45848), (1.895822, 1.253416, -14.302255), (2.056656, 1.257133, -14.46607)
(1.903025, 1.20303, -14.45848), (2.056656, 1.257133, -14.46607), (2.064474, 1.204469, -14.622292)
(1.749902, 1.152019, -14.451667), (1.903025, 1.20303, -14.45848), (1.911048, 1.149055, -14.614123)
(1.749902, 1.152019, -14.451667), (1.742483, 1.203606, -14.295975), (1.903025, 1.20303, -14.45848)
(1.597235, 1.10446, -14.445666), (1.589772, 1.156627, -14.290419), (1.749902, 1.152019, -14.451667)
(1.597235, 1.10446, -14.445666), (1.749902, 1.152019, -14.451667), (1.758024, 1.097168, -14.606808)
(1.444995, 1.060586, -14.440499), (1.597235, 1.10446, -14.445666), (1.605415, 1.049346, -14.600422)
(1.444995, 1.060586, -14.440499), (1.437521, 1.112787, -14.285591), (1.597235, 1.10446, -14.445666)
(1.895822, 1.253416, -14.302255), (2.049687, 1.305909, -14.309214), (2.056656, 1.257133, -14.46607)
(1.895822, 1.253416, -14.302255), (1.889579, 1.299499, -14.145414), (2.049687, 1.305909, -14.309214)
(1.742483, 1.203606, -14.295975), (1.895822, 1.253416, -14.302255), (1.903025, 1.20303, -14.45848)
(1.742483, 1.203606, -14.295975), (1.736069, 1.251076, -14.139713), (1.895822, 1.253416, -14.302255)
(1.589772, 1.156627, -14.290419), (1.742483, 1.203606, -14.295975), (1.749902, 1.152019, -14.451667)
(1.589772, 1.156627, -14.290419), (1.583174, 1.205063, -14.13463), (1.742483, 1.203606, -14.295975)
(1.437521, 1.112787, -14.285591), (1.589772, 1.156627, -14.290419), (1.597235, 1.10446, -14.445666)
(1.437521, 1.112787, -14.285591), (1.430861, 1.161594, -14.130181), (1.589772, 1.156627, -14.290419)
(1.889579, 1.299499, -14.145414), (1.884493, 1.34046, -13.987934), (2.043706, 1.350169, -14.151709)
(1.889579, 1.299499, -14.145414), (2.043706, 1.350169, -14.151709), (2.049687, 1.305909, -14.309214)
(1.736069, 1.251076, -14.139713), (1.730745, 1.293679, -13.982835), (1.889579, 1.299499, -14.145414)
(1.736069, 1.251076, -14.139713), (1.889579, 1.299499, -14.145414), (1.895822, 1.253416, -14.302255)
(1.583174, 1.205063, -14.13463), (1.57767, 1.248877, -13.978264), (1.736069, 1.251076, -14.139713)
(1.583174, 1.205063, -14.13463), (1.736069, 1.251076, -14.139713), (1.742483, 1.203606, -14.295975)
(1.430861, 1.161594, -14.130181), (1.425195, 1.206168, -13.974233), (1.583174, 1.205063, -14.13463)
(1.430861, 1.161594, -14.130181), (1.583174, 1.205063, -14.13463), (1.589772, 1.156627, -14.290419)
# 2.37030281664667, 0, -14.390855016686668
(2.684849, 1.445142, -14.661253), (2.841983, 1.50439, -14.671508), (2.848606, 1.459125, -14.830903)
(2.684849, 1.445142, -14.661253), (2.678495, 1.488965, -14.501923), (2.841983, 1.50439, -14.671508)
(2.528673, 1.384092, -14.650922), (2.684849, 1.445142, -14.661253), (2.691987, 1.397269, -14.819752)
(2.528673, 1.384092, -14.650922), (2.521862, 1.430418, -14.492455), (2.684849, 1.445142, -14.661253)
(2.373242, 1.32296, -14.640858), (2.528673, 1.384092, -14.650922), (2.536223, 1.333903, -14.808609)
(2.373242, 1.32296, -14.640858), (2.366007, 1.371732, -14.483212), (2.528673, 1.384092, -14.650922)
(2.218533, 1.262742, -14.631254), (2.373242, 1.32296, -14.640858), (2.381119, 1.270636, -14.797784)
(2.218533, 1.262742, -14.631254), (2.21092, 1.313721, -14.474364), (2.373242, 1.32296, -14.640858)
(2.064474, 1.204469, -14.622292), (2.218533, 1.262742, -14.631254), (2.226703, 1.208392, -14.787463)
(2.064474, 1.204469, -14.622292), (2.056656, 1.257133, -14.46607), (2.218533, 1.262742, -14.631254)
(2.678495, 1.488965, -14.501923), (2.836032, 1.546068, -14.511348), (2.841983, 1.50439, -14.671508)
(2.678495, 1.488965, -14.501923), (2.673135, 1.528088, -14.34178), (2.836032, 1.546068, -14.511348)
(2.521862, 1.430418, -14.492455), (2.516029, 1.47217, -14.333214), (2.678495, 1.488965, -14.501923)
(2.521862, 1.430418, -14.492455), (2.678495, 1.488965, -14.501923), (2.684849, 1.445142, -14.661253)
(2.366007, 1.371732, -14.483212), (2.521862, 1.430418, -14.492455), (2.528673, 1.384092, -14.650922)
(2.366007, 1.371732, -14.483212), (2.359621, 1.416336, -14.324852), (2.521862, 1.430418, -14.492455)
(2.21092, 1.313721, -14.474364), (2.204245, 1.360487, -14.316788), (2.366007, 1.371732, -14.483212)
(2.21092, 1.313721, -14.474364), (2.366007, 1.371732, -14.483212), (2.373242, 1.32296, -14.640858)
(2.056656, 1.257133, -14.46607), (2.21092, 1.313721, -14.474364), (2.218533, 1.262742, -14.631254)
(2.056656, 1.257133, -14.46607), (2.049687, 1.305909, -14.309214), (2.21092, 1.313721, -14.474364)
(2.673135, 1.528088, -14.34178), (2.831148, 1.582702, -14.350304), (2.836032, 1.546068, -14.511348)
(2.673135, 1.528088, -14.34178), (2.668896, 1.562008, -14.180868), (2.831148, 1.582702, -14.350304)
(2.516029, 1.47217, -14.333214), (2.673135, 1.528088, -14.34178), (2.678495, 1.488965, -14.501923)
(2.516029, 1.47217, -14.333214), (2.511318, 1.508802, -14.173226), (2.673135, 1.528088, -14.34178)
(2.359621, 1.416336, -14.324852), (2.516029, 1.47217, -14.333214), (2.521862, 1.430418, -14.492455)
(2.359621, 1.416336, -14.324852), (2.354482, 1.455626, -14.165751), (2.516029, 1.47217, -14.333214)
(2.204245, 1.360487, -14.316788), (2.359621, 1.416336, -14.324852), (2.366007, 1.371732, -14.483212)
(2.204245, 1.360487, -14.316788), (2.198614, 1.402504, -14.158527), (2.359621, 1.416336, -14.324852)
(2.049687, 1.305909, -14.309214), (2.204245, 1.360487, -14.316788), (2.21092, 1.313721, -14.474364)
(2.049687, 1.305909, -14.309214), (2.043706, 1.350169, -14.151709), (2.204245, 1.360487, -14.316788)
(2.668896, 1.562008, -14.180868), (2.666017, 1.589767, -14.01919), (2.827439, 1.613853, -14.188442)
(2.668896, 1.562008, -14.180868), (2.827439, 1.613853, -14.188442), (2.831148, 1.582702, -14.350304)
(2.511318, 1.508802, -14.173226), (2.507925, 1.539498, -14.012499), (2.668896, 1.562008, -14.180868)
(2.511318, 1.508802, -14.173226), (2.668896, 1.562008, -14.180868), (2.673135, 1.528088, -14.34178)
(2.354482, 1.455626, -14.165751), (2.350572, 1.4893, -14.005939), (2.511318, 1.508802, -14.173226)
(2.354482, 1.455626, -14.165751), (2.511318, 1.508802, -14.173226), (2.516029, 1.47217, -14.333214)
(2.198614, 1.402504, -14.158527), (2.194344, 1.438712, -13.999562), (2.354482, 1.455626, -14.165751)
(2.198614, 1.402504, -14.158527), (2.354482, 1.455626, -14.165751), (2.359621, 1.416336, -14.324852)
(2.043706, 1.350169, -14.151709), (2.038963, 1.389016, -13.993535), (2.198614, 1.402504, -14.158527)
(2.043706, 1.350169, -14.151709), (2.198614, 1.402504, -14.158527), (2.204245, 1.360487, -14.316788)
# 3.038073049980004, 0, -14.390855016686668
(3.318597, 1.663706, -14.699747), (3.479168, 1.708114, -14.707596), (3.483923, 1.670434, -14.870251)
(3.318597, 1.663706, -14.699747), (3.314167, 1.699024, -14.537028), (3.479168, 1.708114, -14.707596)
(3.158959, 1.614023, -14.690887), (3.318597, 1.663706, -14.699747), (3.323882, 1.624105, -14.861555)
(3.158959, 1.614023, -14.690887), (3.154019, 1.651295, -14.529014), (3.318597, 1.663706, -14.699747)
(2.999998, 1.561086, -14.681484), (3.158959, 1.614023, -14.690887), (3.164712, 1.572646, -14.851887)
(2.999998, 1.561086, -14.681484), (2.994596, 1.600261, -14.520417), (3.158959, 1.614023, -14.690887)
(2.841983, 1.50439, -14.671508), (2.999998, 1.561086, -14.681484), (3.006211, 1.517784, -14.841677)
(2.841983, 1.50439, -14.671508), (2.836032, 1.546068, -14.511348), (2.999998, 1.561086, -14.681484)
(3.314167, 1.699024, -14.537028), (3.475139, 1.742253, -14.544188), (3.479168, 1.708114, -14.707596)
(3.314167, 1.699024, -14.537028), (3.310781, 1.729144, -14.373377), (3.475139, 1.742253, -14.544188)
(3.154019, 1.651295, -14.529014), (3.150147, 1.683348, -14.366199), (3.314167, 1.699024, -14.537028)
(3.154019, 1.651295, -14.529014), (3.314167, 1.699024, -14.537028), (3.318597, 1.663706, -14.699747)
(2.994596, 1.600261, -14.520417), (3.154019, 1.651295, -14.529014), (3.158959, 1.614023, -14.690887)
(2.994596, 1.600261, -14.520417), (2.990134, 1.63486, -14.358532), (3.154019, 1.651295, -14.529014)
(2.836032, 1.546068, -14.511348), (2.831148, 1.582702, -14.350304), (2.994596, 1.600261, -14.520417)
(2.836032, 1.546068, -14.511348), (2.994596, 1.600261, -14.520417), (2.999998, 1.561086, -14.681484)
(3.310781, 1.729144, -14.373377), (3.472193, 1.770828, -14.379774), (3.475139, 1.742253, -14.544188)
(3.310781, 1.729144, -14.373377), (3.308523, 1.753535, -14.208859), (3.472193, 1.770828, -14.379774)
(3.150147, 1.683348, -14.366199), (3.310781, 1.729144, -14.373377), (3.314167, 1.699024, -14.537028)
(3.150147, 1.683348, -14.366199), (3.147447, 1.709661, -14.202523), (3.310781, 1.729144, -14.373377)
(2.990134, 1.63486, -14.358532), (3.150147, 1.683348, -14.366199), (3.154019, 1.651295, -14.529014)
(2.990134, 1.63486, -14.358532), (2.987029, 1.663099, -14.195695), (3.150147, 1.683348, -14.366199)
(2.831148, 1.582702, -14.350304), (2.990134, 1.63486, -14.358532), (2.994596, 1.600261, -14.520417)
(2.831148, 1.582702, -14.350304), (2.827439, 1.613853, -14.188442), (2.990134, 1.63486, -14.358532)
(3.308523, 1.753535, -14.208859), (3.307514, 1.771307, -14.043504), (3.47039, 1.793367, -14.214451)
(3.308523, 1.753535, -14.208859), (3.47039, 1.793367, -14.214451), (3.472193, 1.770828, -14.379774)
(3.147447, 1.709661, -14.202523), (3.145984, 1.729666, -14.038044), (3.308523, 1.753535, -14.208859)
(3.147447, 1.709661, -14.202523), (3.308523, 1.753535, -14.208859), (3.310781, 1.729144, -14.373377)
(2.987029, 1.663099, -14.195695), (2.98517, 1.685225, -14.032089), (3.147447, 1.709661, -14.202523)
(2.987029, 1.663099, -14.195695), (3.147447, 1.709661, -14.202523), (3.150147, 1.683348, -14.366199)
(2.827439, 1.613853, -14.188442), (2.825148, 1.638447, -14.025763), (2.987029, 1.663099, -14.195695)
(2.827439, 1.613853, -14.188442), (2.987029, 1.663099, -14.195695), (2.990134, 1.63486, -14.358532)
# 3.705843283313337, 0, -14.390855016686668
(3.80263, 1.781654, -14.720201), (3.965374, 1.811084, -14.724965), (3.969016, 1.775699, -14.889332)
(3.80263, 1.781654, -14.720201), (3.7995, 1.813132, -14.55541), (3.965374, 1.811084, -14.724965)
(3.64054, 1.747391, -14.714415), (3.80263, 1.781654, -14.720201), (3.806651, 1.745496, -14.884006)
(3.64054, 1.747391, -14.714415), (3.636987, 1.780036, -14.550274), (3.80263, 1.781654, -14.720201)
(3.479168, 1.708114, -14.707596), (3.64054, 1.747391, -14.714415), (3.644908, 1.710643, -14.87769)
(3.479168, 1.708114, -14.707596), (3.475139, 1.742253, -14.544188), (3.64054, 1.747391, -14.714415)
(3.962623, 1.841627, -14.559588), (4.126427, 1.864912, -14.562691), (4.128928, 1.834621, -14.728477)
(3.962623, 1.841627, -14.559588), (3.96085, 1.866588, -14.393229), (4.126427, 1.864912, -14.562691)
(3.7995, 1.813132, -14.55541), (3.797392, 1.839012, -14.389625), (3.962623, 1.841627, -14.559588)
(3.7995, 1.813132, -14.55541), (3.962623, 1.841627, -14.559588), (3.965374, 1.811084, -14.724965)
(3.636987, 1.780036, -14.550274), (3.7995, 1.813132, -14.55541), (3.80263, 1.781654, -14.720201)
(3.636987, 1.780036, -14.550274), (3.634398, 1.807662, -14.385229), (3.7995, 1.813132, -14.55541)
(3.475139, 1.742253, -14.544188), (3.472193, 1.770828, -14.379774), (3.636987, 1.780036, -14.550274)
(3.475139, 1.742253, -14.544188), (3.636987, 1.780036, -14.550274), (3.64054, 1.747391, -14.714415)
(3.96085, 1.866588, -14.393229), (4.124907, 1.889282, -14.395862), (4.126427, 1.864912, -14.562691)
(3.96085, 1.866588, -14.393229), (3.960063, 1.885527, -14.225993), (4.124907, 1.889282, -14.395862)
(3.797392, 1.839012, -14.389625), (3.96085, 1.866588, -14.393229), (3.962623, 1.841627, -14.559588)
(3.797392, 1.839012, -14.389625), (3.79634, 1.858785, -14.222935), (3.96085, 1.866588, -14.393229)
(3.634398, 1.807662, -14.385229), (3.797392, 1.839012, -14.389625), (3.7995, 1.813132, -14.55541)
(3.634398, 1.807662, -14.385229), (3.633071, 1.828227, -14.219111), (3.797392, 1.839012, -14.389625)
(3.472193, 1.770828, -14.379774), (3.634398, 1.807662, -14.385229), (3.636987, 1.780036, -14.550274)
(3.472193, 1.770828, -14.379774), (3.47039, 1.793367, -14.214451), (3.634398, 1.807662, -14.385229)
(3.960063, 1.885527, -14.225993), (3.96029, 1.897593, -14.057945), (4.12435, 1.907356, -14.228128)
(3.960063, 1.885527, -14.225993), (4.12435, 1.907356, -14.228128), (4.124907, 1.889282, -14.395862)
(3.79634, 1.858785, -14.222935), (3.796326, 1.871992, -14.05546), (3.960063, 1.885527, -14.225993)
(3.79634, 1.858785, -14.222935), (3.960063, 1.885527, -14.225993), (3.96085, 1.866588, -14.393229)
(3.633071, 1.828227, -14.219111), (3.632824, 1.842373, -14.05222), (3.79634, 1.858785, -14.222935)
(3.633071, 1.828227, -14.219111), (3.79634, 1.858785, -14.222935), (3.797392, 1.839012, -14.389625)
(3.47039, 1.793367, -14.214451), (3.469851, 1.808823, -14.048234), (3.633071, 1.828227, -14.219111)
(3.47039, 1.793367, -14.214451), (3.633071, 1.828227, -14.219111), (3.634398, 1.807662, -14.385229)
(3.96029, 1.897593, -14.057945), (4.124783, 1.918136, -14.059557), (4.12435, 1.907356, -14.228128)
(3.96029, 1.897593, -14.057945), (3.961182, 1.904842, -13.889533), (4.124783, 1.918136, -14.059557)
# 4.373613516646671, 0, -14.390855016686668
(4.621585, 1.904834, -14.566159), (4.787592, 1.909978, -14.565845), (4.789568, 1.881374, -14.7329)
(4.621585, 1.904834, -14.566159), (4.620412, 1.927787, -14.398312), (4.787592, 1.909978, -14.565845)
(4.456051, 1.895553, -14.565759), (4.454841, 1.918898, -14.398194), (4.621585, 1.904834, -14.566159)
(4.456051, 1.895553, -14.565759), (4.621585, 1.904834, -14.566159), (4.623537, 1.876113, -14.733028)
(4.29096, 1.882531, -14.564666), (4.456051, 1.895553, -14.565759), (4.458124, 1.866299, -14.732306)
(4.29096, 1.882531, -14.564666), (4.289577, 1.906781, -14.397503), (4.456051, 1.895553, -14.565759)
(4.126427, 1.864912, -14.562691), (4.124907, 1.889282, -14.395862), (4.29096, 1.882531, -14.564666)
(4.126427, 1.864912, -14.562691), (4.29096, 1.882531, -14.564666), (4.293175, 1.853024, -14.730913)
(4.620412, 1.927787, -14.398312), (4.786357, 1.932581, -14.397779), (4.787592, 1.909978, -14.565845)
(4.620412, 1.927787, -14.398312), (4.619992, 1.944546, -14.229624), (4.786357, 1.932581, -14.397779)
(4.454841, 1.918898, -14.398194), (4.620412, 1.927787, -14.398312), (4.621585, 1.904834, -14.566159)
(4.454841, 1.918898, -14.398194), (4.454469, 1.935915, -14.229753), (4.620412, 1.927787, -14.398312)
(4.289577, 1.906781, -14.397503), (4.454841, 1.918898, -14.398194), (4.456051, 1.895553, -14.565759)
(4.289577, 1.906781, -14.397503), (4.289215, 1.923783, -14.229306), (4.454841, 1.918898, -14.398194)
(4.124907, 1.889282, -14.395862), (4.289577, 1.906781, -14.397503), (4.29096, 1.882531, -14.564666)
(4.124907, 1.889282, -14.395862), (4.12435, 1.907356, -14.228128), (4.289577, 1.906781, -14.397503)
(4.454469, 1.935915, -14.229753), (4.454868, 1.946185, -14.060596), (4.619992, 1.944546, -14.229624)
(4.454469, 1.935915, -14.229753), (4.619992, 1.944546, -14.229624), (4.620412, 1.927787, -14.398312)
(4.619992, 1.944546, -14.229624), (4.620296, 1.954272, -14.060215), (4.785819, 1.948841, -14.228879)
(4.619992, 1.944546, -14.229624), (4.785819, 1.948841, -14.228879), (4.786357, 1.932581, -14.397779)
(4.289215, 1.923783, -14.229306), (4.289672, 1.934213, -14.060407), (4.454469, 1.935915, -14.229753)
(4.289215, 1.923783, -14.229306), (4.454469, 1.935915, -14.229753), (4.454841, 1.918898, -14.398194)
(4.12435, 1.907356, -14.228128), (4.124783, 1.918136, -14.059557), (4.289215, 1.923783, -14.229306)
(4.12435, 1.907356, -14.228128), (4.289215, 1.923783, -14.229306), (4.289577, 1.906781, -14.397503)
(4.454868, 1.946185, -14.060596), (4.620296, 1.954272, -14.060215), (4.619992, 1.944546, -14.229624)
(4.454868, 1.946185, -14.060596), (4.455783, 1.951511, -13.891095), (4.620296, 1.954272, -14.060215)
(4.289672, 1.934213, -14.060407), (4.454868, 1.946185, -14.060596), (4.454469, 1.935915, -14.229753)
(4.289672, 1.934213, -14.060407), (4.290658, 1.940144, -13.891196), (4.454868, 1.946185, -14.060596)
(4.620296, 1.954272, -14.060215), (4.785947, 1.957732, -14.059256), (4.785819, 1.948841, -14.228879)
(4.620296, 1.954272, -14.060215), (4.621071, 1.958869, -13.890465), (4.785947, 1.957732, -14.059256)
(4.124783, 1.918136, -14.059557), (4.289672, 1.934213, -14.060407), (4.289215, 1.923783, -14.229306)
(4.124783, 1.918136, -14.059557), (4.125737, 1.924915, -13.890732), (4.289672, 1.934213, -14.060407)
# 5.041383749980003, 0, -14.390855016686668
(4.787592, 1.909978, -14.565845), (4.786357, 1.932581, -14.397779), (4.954041, 1.910705, -14.564849)
(4.787592, 1.909978, -14.565845), (4.954041, 1.910705, -14.564849), (4.956071, 1.882873, -14.73213)
(4.954041, 1.910705, -14.564849), (5.120719, 1.908078, -14.563442), (5.122917, 1.881102, -14.730878)
(4.954041, 1.910705, -14.564849), (4.952623, 1.933106, -14.39666), (5.120719, 1.908078, -14.563442)
(5.120719, 1.908078, -14.563442), (5.1191, 1.929144, -14.395048), (5.287509, 1.90256, -14.561724)
(5.120719, 1.908078, -14.563442), (5.287509, 1.90256, -14.561724), (5.289957, 1.876547, -14.729295)
(5.287509, 1.90256, -14.561724), (5.454289, 1.89384, -14.559713), (5.457085, 1.868575, -14.72733)
(5.287509, 1.90256, -14.561724), (5.285556, 1.922746, -14.393225), (5.454289, 1.89384, -14.559713)
(4.786357, 1.932581, -14.397779), (4.952623, 1.933106, -14.39666), (4.954041, 1.910705, -14.564849)
(4.786357, 1.932581, -14.397779), (4.785819, 1.948841, -14.228879), (4.952623, 1.933106, -14.39666)
(4.952623, 1.933106, -14.39666), (5.1191, 1.929144, -14.395048), (5.120719, 1.908078, -14.563442)
(4.952623, 1.933106, -14.39666), (4.951892, 1.948403, -14.227563), (5.1191, 1.929144, -14.395048)
(5.1191, 1.929144, -14.395048), (5.285556, 1.922746, -14.393225), (5.287509, 1.90256, -14.561724)
(5.1191, 1.929144, -14.395048), (5.118026, 1.943935, -14.225878), (5.285556, 1.922746, -14.393225)
(5.285556, 1.922746, -14.393225), (5.451915, 1.913108, -14.391165), (5.454289, 1.89384, -14.559713)
(5.285556, 1.922746, -14.393225), (5.284067, 1.93684, -14.223995), (5.451915, 1.913108, -14.391165)
(4.785819, 1.948841, -14.228879), (4.785947, 1.957732, -14.059256), (4.951892, 1.948403, -14.227563)
(4.785819, 1.948841, -14.228879), (4.951892, 1.948403, -14.227563), (4.952623, 1.933106, -14.39666)
(4.951892, 1.948403, -14.227563), (4.951689, 1.957226, -14.057869), (5.118026, 1.943935, -14.225878)
(4.951892, 1.948403, -14.227563), (5.118026, 1.943935, -14.225878), (5.1191, 1.929144, -14.395048)
(5.118026, 1.943935, -14.225878), (5.117426, 1.952036, -14.056112), (5.284067, 1.93684, -14.223995)
(5.118026, 1.943935, -14.225878), (5.284067, 1.93684, -14.223995), (5.285556, 1.922746, -14.393225)
(5.284067, 1.93684, -14.223995), (5.282991, 1.944206, -14.054198), (5.449934, 1.926237, -14.22191)
(5.284067, 1.93684, -14.223995), (5.449934, 1.926237, -14.22191), (5.451915, 1.913108, -14.391165)
(4.785947, 1.957732, -14.059256), (4.951689, 1.957226, -14.057869), (4.951892, 1.948403, -14.227563)
(4.785947, 1.957732, -14.059256), (4.786467, 1.9621, -13.889359), (4.951689, 1.957226, -14.057869)
(4.951689, 1.957226, -14.057869), (5.117426, 1.952036, -14.056112), (5.118026, 1.943935, -14.225878)
(4.951689, 1.957226, -14.057869), (4.951886, 1.960674, -13.887838), (5.117426, 1.952036, -14.056112)
# 5.709153983313337, 0, -14.390855016686668
(5.790749, 1.843621, -14.722758), (5.956914, 1.827341, -14.720379), (5.961231, 1.801084, -14.887001)
(5.790749, 1.843621, -14.722758), (5.787086, 1.866245, -14.555106), (5.956914, 1.827341, -14.720379)
(5.956914, 1.827341, -14.720379), (6.122334, 1.80769, -14.717857), (6.127111, 1.783227, -14.884445)
(5.956914, 1.827341, -14.720379), (5.952754, 1.848434, -14.552748), (6.122334, 1.80769, -14.717857)
(5.454289, 1.89384, -14.559713), (5.451915, 1.913108, -14.391165), (5.620882, 1.88152, -14.557455)
(5.454289, 1.89384, -14.559713), (5.620882, 1.88152, -14.557455), (5.624084, 1.857693, -14.725142)
(5.620882, 1.88152, -14.557455), (5.787086, 1.866245, -14.555106), (5.790749, 1.843621, -14.722758)
(5.620882, 1.88152, -14.557455), (5.618021, 1.900004, -14.388929), (5.787086, 1.866245, -14.555106)
(5.787086, 1.866245, -14.555106), (5.783679, 1.883108, -14.386588), (5.952754, 1.848434, -14.552748)
(5.787086, 1.866245, -14.555106), (5.952754, 1.848434, -14.552748), (5.956914, 1.827341, -14.720379)
(5.952754, 1.848434, -14.552748), (6.117696, 1.827578, -14.550344), (6.122334, 1.80769, -14.717857)
(5.952754, 1.848434, -14.552748), (5.948775, 1.863976, -14.384293), (6.117696, 1.827578, -14.550344)
(5.451915, 1.913108, -14.391165), (5.618021, 1.900004, -14.388929), (5.620882, 1.88152, -14.557455)
(5.451915, 1.913108, -14.391165), (5.449934, 1.926237, -14.22191), (5.618021, 1.900004, -14.388929)
(5.618021, 1.900004, -14.388929), (5.783679, 1.883108, -14.386588), (5.787086, 1.866245, -14.555106)
(5.618021, 1.900004, -14.388929), (5.615477, 1.911739, -14.219677), (5.783679, 1.883108, -14.386588)
(5.783679, 1.883108, -14.386588), (5.948775, 1.863976, -14.384293), (5.952754, 1.848434, -14.552748)
(5.783679, 1.883108, -14.386588), (5.780535, 1.894123, -14.217429), (5.948775, 1.863976, -14.384293)
(5.948775, 1.863976, -14.384293), (6.113141, 1.841811, -14.382014), (6.117696, 1.827578, -14.550344)
(5.948775, 1.863976, -14.384293), (5.945, 1.873933, -14.215239), (6.113141, 1.841811, -14.382014)
(5.449934, 1.926237, -14.22191), (5.448298, 1.932494, -14.052119), (5.615477, 1.911739, -14.219677)
(5.449934, 1.926237, -14.22191), (5.615477, 1.911739, -14.219677), (5.618021, 1.900004, -14.388929)
(5.615477, 1.911739, -14.219677), (5.613217, 1.917389, -14.049974), (5.780535, 1.894123, -14.217429)
(5.615477, 1.911739, -14.219677), (5.780535, 1.894123, -14.217429), (5.783679, 1.883108, -14.386588)
(5.780535, 1.894123, -14.217429), (5.777625, 1.899127, -14.047846), (5.945, 1.873933, -14.215239)
(5.780535, 1.894123, -14.217429), (5.945, 1.873933, -14.215239), (5.948775, 1.863976, -14.384293)
(5.945, 1.873933, -14.215239), (5.94141, 1.87789, -14.045795), (6.108722, 1.850498, -14.213113)
(5.945, 1.873933, -14.215239), (6.108722, 1.850498, -14.213113), (6.113141, 1.841811, -14.382014)
# 6.376924216646669, 0, -14.390855016686668
(6.122334, 1.80769, -14.717857), (6.286862, 1.785042, -14.715265), (6.292038, 1.761898, -14.881663)
(6.122334, 1.80769, -14.717857), (6.117696, 1.827578, -14.550344), (6.286862, 1.785042, -14.715265)
(6.286862, 1.785042, -14.715265), (6.450376, 1.759501, -14.712616), (6.455901, 1.737593, -14.878755)
(6.286862, 1.785042, -14.715265), (6.281714, 1.803284, -14.547899), (6.450376, 1.759501, -14.712616)
(6.450376, 1.759501, -14.712616), (6.612792, 1.731271, -14.709917), (6.618654, 1.710724, -14.875756)
(6.450376, 1.759501, -14.712616), (6.444757, 1.776265, -14.545485), (6.612792, 1.731271, -14.709917)
(6.612792, 1.731271, -14.709917), (6.773927, 1.69984, -14.707036), (6.780105, 1.680729, -14.87253)
(6.612792, 1.731271, -14.709917), (6.606745, 1.746682, -14.543077), (6.773927, 1.69984, -14.707036)
(6.117696, 1.827578, -14.550344), (6.113141, 1.841811, -14.382014), (6.281714, 1.803284, -14.547899)
(6.117696, 1.827578, -14.550344), (6.281714, 1.803284, -14.547899), (6.286862, 1.785042, -14.715265)
(6.281714, 1.803284, -14.547899), (6.444757, 1.776265, -14.545485), (6.450376, 1.759501, -14.712616)
(6.281714, 1.803284, -14.547899), (6.276627, 1.816461, -14.37977), (6.444757, 1.776265, -14.545485)
(6.444757, 1.776265, -14.545485), (6.439087, 1.787733, -14.377577), (6.606745, 1.746682, -14.543077)
(6.444757, 1.776265, -14.545485), (6.606745, 1.746682, -14.543077), (6.612792, 1.731271, -14.709917)
(6.606745, 1.746682, -14.543077), (6.767575, 1.714351, -14.540613), (6.773927, 1.69984, -14.707036)
(6.606745, 1.746682, -14.543077), (6.600588, 1.756981, -14.375476), (6.767575, 1.714351, -14.540613)
(6.113141, 1.841811, -14.382014), (6.276627, 1.816461, -14.37977), (6.281714, 1.803284, -14.547899)
(6.113141, 1.841811, -14.382014), (6.108722, 1.850498, -14.213113), (6.276627, 1.816461, -14.37977)
(6.276627, 1.816461, -14.37977), (6.439087, 1.787733, -14.377577), (6.444757, 1.776265, -14.545485)
(6.276627, 1.816461, -14.37977), (6.271552, 1.823625, -14.211065), (6.439087, 1.787733, -14.377577)
(6.439087, 1.787733, -14.377577), (6.600588, 1.756981, -14.375476), (6.606745, 1.746682, -14.543077)
(6.439087, 1.787733, -14.377577), (6.433458, 1.794107, -14.209151), (6.600588, 1.756981, -14.375476)
(6.600588, 1.756981, -14.375476), (6.761013, 1.723687, -14.373399), (6.767575, 1.714351, -14.540613)
(6.600588, 1.756981, -14.375476), (6.594438, 1.762464, -14.207369), (6.761013, 1.723687, -14.373399)
(6.108722, 1.850498, -14.213113), (6.104428, 1.853167, -14.04385), (6.271552, 1.823625, -14.211065)
(6.108722, 1.850498, -14.213113), (6.271552, 1.823625, -14.211065), (6.276627, 1.816461, -14.37977)
(6.271552, 1.823625, -14.211065), (6.266618, 1.825595, -14.042053), (6.433458, 1.794107, -14.209151)
(6.271552, 1.823625, -14.211065), (6.433458, 1.794107, -14.209151), (6.439087, 1.787733, -14.377577)
(6.433458, 1.794107, -14.209151), (6.427938, 1.795477, -14.040428), (6.594438, 1.762464, -14.207369)
(6.433458, 1.794107, -14.209151), (6.594438, 1.762464, -14.207369), (6.600588, 1.756981, -14.375476)
(6.594438, 1.762464, -14.207369), (6.588355, 1.763066, -14.03898), (6.754398, 1.728301, -14.205684)
(6.594438, 1.762464, -14.207369), (6.754398, 1.728301, -14.205684), (6.761013, 1.723687, -14.373399)
# 7.044694449980003, 0, -14.390855016686668
(6.773927, 1.69984, -14.707036), (6.933832, 1.665831, -14.704003), (6.940147, 1.647506, -14.868965)
(6.773927, 1.69984, -14.707036), (6.767575, 1.714351, -14.540613), (6.933832, 1.665831, -14.704003)
(6.933832, 1.665831, -14.704003), (7.092459, 1.629133, -14.700737), (7.09887, 1.611615, -14.865122)
(6.933832, 1.665831, -14.704003), (6.927176, 1.67918, -14.53803), (7.092459, 1.629133, -14.700737)
(7.092459, 1.629133, -14.700737), (7.250018, 1.590689, -14.697322), (7.256448, 1.573784, -14.861071)
(7.092459, 1.629133, -14.700737), (7.085658, 1.641865, -14.53535), (7.250018, 1.590689, -14.697322)
(7.250018, 1.590689, -14.697322), (7.406404, 1.549932, -14.693583), (7.412806, 1.533605, -14.856667)
(7.250018, 1.590689, -14.697322), (7.243109, 1.602808, -14.532549), (7.406404, 1.549932, -14.693583)
(6.767575, 1.714351, -14.540613), (6.761013, 1.723687, -14.373399), (6.927176, 1.67918, -14.53803)
(6.767575, 1.714351, -14.540613), (6.927176, 1.67918, -14.53803), (6.933832, 1.665831, -14.704003)
(6.927176, 1.67918, -14.53803), (7.085658, 1.641865, -14.53535), (7.092459, 1.629133, -14.700737)
(6.927176, 1.67918, -14.53803), (6.920331, 1.68793, -14.371313), (7.085658, 1.641865, -14.53535)
(7.085658, 1.641865, -14.53535), (7.078538, 1.649761, -14.369163), (7.243109, 1.602808, -14.532549)
(7.085658, 1.641865, -14.53535), (7.243109, 1.602808, -14.532549), (7.250018, 1.590689, -14.697322)
(7.243109, 1.602808, -14.532549), (7.399541, 1.561903, -14.529531), (7.406404, 1.549932, -14.693583)
(7.243109, 1.602808, -14.532549), (7.235856, 1.610342, -14.366975), (7.399541, 1.561903, -14.529531)
(6.761013, 1.723687, -14.373399), (6.920331, 1.68793, -14.371313), (6.927176, 1.67918, -14.53803)
(6.761013, 1.723687, -14.373399), (6.754398, 1.728301, -14.205684), (6.920331, 1.68793, -14.371313)
(6.920331, 1.68793, -14.371313), (7.078538, 1.649761, -14.369163), (7.085658, 1.641865, -14.53535)
(6.920331, 1.68793, -14.371313), (6.91331, 1.691674, -14.204048), (7.078538, 1.649761, -14.369163)
(7.078538, 1.649761, -14.369163), (7.235856, 1.610342, -14.366975), (7.243109, 1.602808, -14.532549)
(7.078538, 1.649761, -14.369163), (7.07129, 1.653362, -14.202451), (7.235856, 1.610342, -14.366975)
(7.235856, 1.610342, -14.366975), (7.392261, 1.569359, -14.364645), (7.399541, 1.561903, -14.529531)
(7.235856, 1.610342, -14.366975), (7.228442, 1.613841, -14.200861), (7.392261, 1.569359, -14.364645)
(6.754398, 1.728301, -14.205684), (6.747808, 1.728142, -14.037689), (6.91331, 1.691674, -14.204048)
(6.754398, 1.728301, -14.205684), (6.91331, 1.691674, -14.204048), (6.920331, 1.68793, -14.371313)
(6.91331, 1.691674, -14.204048), (6.906361, 1.691364, -14.036521), (7.07129, 1.653362, -14.202451)
(6.91331, 1.691674, -14.204048), (7.07129, 1.653362, -14.202451), (7.078538, 1.649761, -14.369163)
(7.07129, 1.653362, -14.202451), (7.064075, 1.653085, -14.035449), (7.228442, 1.613841, -14.200861)
(7.07129, 1.653362, -14.202451), (7.228442, 1.613841, -14.200861), (7.235856, 1.610342, -14.366975)
(7.228442, 1.613841, -14.200861), (7.221024, 1.613605, -14.034432), (7.384772, 1.57291, -14.199194)
(7.228442, 1.613841, -14.200861), (7.384772, 1.57291, -14.199194), (7.392261, 1.569359, -14.364645)
# 7.712464683313336, 0, -14.390855016686668
(7.406404, 1.549932, -14.693583), (7.561802, 1.507423, -14.689558), (7.568023, 1.491218, -14.851873)
(7.406404, 1.549932, -14.693583), (7.399541, 1.561903, -14.529531), (7.561802, 1.507423, -14.689558)
(7.561802, 1.507423, -14.689558), (7.716338, 1.463375, -14.685258), (7.722316, 1.447151, -14.846785)
(7.561802, 1.507423, -14.689558), (7.555018, 1.519214, -14.526241), (7.716338, 1.463375, -14.685258)
(7.716338, 1.463375, -14.685258), (7.870157, 1.418029, -14.680696), (7.87587, 1.40177, -14.841466)
(7.716338, 1.463375, -14.685258), (7.709736, 1.475266, -14.522717), (7.870157, 1.418029, -14.680696)
(7.870157, 1.418029, -14.680696), (8.023331, 1.371287, -14.675835), (8.028759, 1.355004, -14.835894)
(7.870157, 1.418029, -14.680696), (7.863804, 1.430204, -14.518942), (8.023331, 1.371287, -14.675835)
(8.023331, 1.371287, -14.675835), (8.176059, 1.323565, -14.670765), (8.181113, 1.306949, -14.830089)
(8.023331, 1.371287, -14.675835), (8.017317, 1.384038, -14.514896), (8.176059, 1.323565, -14.670765)
(7.399541, 1.561903, -14.529531), (7.392261, 1.569359, -14.364645), (7.555018, 1.519214, -14.526241)
(7.399541, 1.561903, -14.529531), (7.555018, 1.519214, -14.526241), (7.561802, 1.507423, -14.689558)
(7.555018, 1.519214, -14.526241), (7.709736, 1.475266, -14.522717), (7.716338, 1.463375, -14.685258)
(7.555018, 1.519214, -14.526241), (7.547829, 1.526913, -14.362118), (7.709736, 1.475266, -14.522717)
(7.709736, 1.475266, -14.522717), (7.702666, 1.483112, -14.359344), (7.863804, 1.430204, -14.518942)
(7.709736, 1.475266, -14.522717), (7.863804, 1.430204, -14.518942), (7.870157, 1.418029, -14.680696)
(7.863804, 1.430204, -14.518942), (8.017317, 1.384038, -14.514896), (8.023331, 1.371287, -14.675835)
(7.863804, 1.430204, -14.518942), (7.856969, 1.438606, -14.356379), (8.017317, 1.384038, -14.514896)
(8.017317, 1.384038, -14.514896), (8.010793, 1.393213, -14.353153), (8.170387, 1.336813, -14.510582)
(8.017317, 1.384038, -14.514896), (8.170387, 1.336813, -14.510582), (8.176059, 1.323565, -14.670765)
(7.392261, 1.569359, -14.364645), (7.547829, 1.526913, -14.362118), (7.555018, 1.519214, -14.526241)
(7.392261, 1.569359, -14.364645), (7.384772, 1.57291, -14.199194), (7.547829, 1.526913, -14.362118)
(7.547829, 1.526913, -14.362118), (7.702666, 1.483112, -14.359344), (7.709736, 1.475266, -14.522717)
(7.547829, 1.526913, -14.362118), (7.54035, 1.530645, -14.197371), (7.702666, 1.483112, -14.359344)
(7.702666, 1.483112, -14.359344), (7.856969, 1.438606, -14.356379), (7.863804, 1.430204, -14.518942)
(7.702666, 1.483112, -14.359344), (7.695335, 1.487485, -14.195381), (7.856969, 1.438606, -14.356379)
(7.856969, 1.438606, -14.356379), (8.010793, 1.393213, -14.353153), (8.017317, 1.384038, -14.514896)
(7.856969, 1.438606, -14.356379), (7.849854, 1.443802, -14.193221), (8.010793, 1.393213, -14.353153)
(8.010793, 1.393213, -14.353153), (8.164242, 1.346981, -14.349675), (8.170387, 1.336813, -14.510582)
(8.010793, 1.393213, -14.353153), (8.003965, 1.399405, -14.190821), (8.164242, 1.346981, -14.349675)
(7.384772, 1.57291, -14.199194), (7.377241, 1.572871, -14.033393), (7.54035, 1.530645, -14.197371)
(7.384772, 1.57291, -14.199194), (7.54035, 1.530645, -14.197371), (7.547829, 1.526913, -14.362118)
(7.54035, 1.530645, -14.197371), (7.532852, 1.531338, -14.03228), (7.695335, 1.487485, -14.195381)
(7.54035, 1.530645, -14.197371), (7.695335, 1.487485, -14.195381), (7.702666, 1.483112, -14.359344)
(7.695335, 1.487485, -14.195381), (7.687943, 1.488964, -14.031034), (7.849854, 1.443802, -14.193221)
(7.695335, 1.487485, -14.195381), (7.849854, 1.443802, -14.193221), (7.856969, 1.438606, -14.356379)
(7.849854, 1.443802, -14.193221), (7.842646, 1.446298, -14.029652), (8.003965, 1.399405, -14.190821)
(7.849854, 1.443802, -14.193221), (8.003965, 1.399405, -14.190821), (8.010793, 1.393213, -14.353153)
(8.003965, 1.399405, -14.190821), (7.997013, 1.40308, -14.028046), (8.157753, 1.354281, -14.188148)
(8.003965, 1.399405, -14.190821), (8.157753, 1.354281, -14.188148), (8.164242, 1.346981, -14.349675)
# 8.380234916646671, 0, -14.390855016686668
(8.176059, 1.323565, -14.670765), (8.328448, 1.274883, -14.665493), (8.333141, 1.258027, -14.824161)
(8.176059, 1.323565, -14.670765), (8.170387, 1.336813, -14.510582), (8.328448, 1.274883, -14.665493)
(8.328448, 1.274883, -14.665493), (8.480702, 1.225788, -14.660157), (8.485037, 1.208693, -14.818215)
(8.328448, 1.274883, -14.665493), (8.323183, 1.288864, -14.506069), (8.480702, 1.225788, -14.660157)
(8.480702, 1.225788, -14.660157), (8.632868, 1.176159, -14.654722), (8.636859, 1.158906, -14.812248)
(8.480702, 1.225788, -14.660157), (8.475825, 1.240395, -14.501414), (8.632868, 1.176159, -14.654722)
(8.632868, 1.176159, -14.654722), (8.785084, 1.126423, -14.649292), (8.788705, 1.108881, -14.806293)
(8.632868, 1.176159, -14.654722), (8.628403, 1.191498, -14.496642), (8.785084, 1.126423, -14.649292)
(8.170387, 1.336813, -14.510582), (8.323183, 1.288864, -14.506069), (8.328448, 1.274883, -14.665493)
(8.170387, 1.336813, -14.510582), (8.164242, 1.346981, -14.349675), (8.323183, 1.288864, -14.506069)
(8.323183, 1.288864, -14.506069), (8.317425, 1.299973, -14.34594), (8.475825, 1.240395, -14.501414)
(8.323183, 1.288864, -14.506069), (8.475825, 1.240395, -14.501414), (8.480702, 1.225788, -14.660157)
(8.475825, 1.240395, -14.501414), (8.628403, 1.191498, -14.496642), (8.632868, 1.176159, -14.654722)
(8.475825, 1.240395, -14.501414), (8.470486, 1.252571, -14.34204), (8.628403, 1.191498, -14.496642)
(8.628403, 1.191498, -14.496642), (8.623493, 1.204772, -14.337986), (8.781005, 1.142355, -14.491792)
(8.628403, 1.191498, -14.496642), (8.781005, 1.142355, -14.491792), (8.785084, 1.126423, -14.649292)
(8.164242, 1.346981, -14.349675), (8.317425, 1.299973, -14.34594), (8.323183, 1.288864, -14.506069)
(8.164242, 1.346981, -14.349675), (8.157753, 1.354281, -14.188148), (8.317425, 1.299973, -14.34594)
(8.317425, 1.299973, -14.34594), (8.470486, 1.252571, -14.34204), (8.475825, 1.240395, -14.501414)
(8.317425, 1.299973, -14.34594), (8.311344, 1.308671, -14.185246), (8.470486, 1.252571, -14.34204)
(8.470486, 1.252571, -14.34204), (8.623493, 1.204772, -14.337986), (8.628403, 1.191498, -14.496642)
(8.470486, 1.252571, -14.34204), (8.464827, 1.262688, -14.182148), (8.623493, 1.204772, -14.337986)
(8.623493, 1.204772, -14.337986), (8.776525, 1.156734, -14.333815), (8.781005, 1.142355, -14.491792)
(8.623493, 1.204772, -14.337986), (8.618266, 1.216327, -14.17885), (8.776525, 1.156734, -14.333815)
(8.157753, 1.354281, -14.188148), (8.151135, 1.359444, -14.026212), (8.311344, 1.308671, -14.185246)
(8.157753, 1.354281, -14.188148), (8.311344, 1.308671, -14.185246), (8.317425, 1.299973, -14.34594)
(8.311344, 1.308671, -14.185246), (8.305101, 1.315449, -14.024141), (8.464827, 1.262688, -14.182148)
(8.311344, 1.308671, -14.185246), (8.464827, 1.262688, -14.182148), (8.470486, 1.252571, -14.34204)
(8.464827, 1.262688, -14.182148), (8.458986, 1.271139, -14.02185), (8.618266, 1.216327, -14.17885)
(8.464827, 1.262688, -14.182148), (8.618266, 1.216327, -14.17885), (8.623493, 1.204772, -14.337986)
(8.618266, 1.216327, -14.17885), (8.612845, 1.226497, -14.019326), (8.771728, 1.169693, -14.175381)
(8.618266, 1.216327, -14.17885), (8.771728, 1.169693, -14.175381), (8.776525, 1.156734, -14.333815)
# 9.048005149980003, 0, -14.390855016686668
(8.785084, 1.126423, -14.649292), (8.937436, 1.07684, -14.643921), (8.940712, 1.059081, -14.800449)
(8.785084, 1.126423, -14.649292), (8.781005, 1.142355, -14.491792), (8.937436, 1.07684, -14.643921)
(8.937436, 1.07684, -14.643921), (9.089986, 1.027673, -14.638657), (9.092949, 1.009779, -14.794778)
(8.937436, 1.07684, -14.643921), (8.933733, 1.093356, -14.486957), (9.089986, 1.027673, -14.638657)
(9.089986, 1.027673, -14.638657), (9.242756, 0.979191, -14.633531), (9.245432, 0.961153, -14.789284)
(9.089986, 1.027673, -14.638657), (9.086632, 1.044708, -14.482176), (9.242756, 0.979191, -14.633531)
(9.242756, 0.979191, -14.633531), (9.395781, 0.931699, -14.6286), (9.398182, 0.913548, -14.784008)
(9.242756, 0.979191, -14.633531), (9.239735, 0.99668, -14.477497), (9.395781, 0.931699, -14.6286)
(8.781005, 1.142355, -14.491792), (8.933733, 1.093356, -14.486957), (8.937436, 1.07684, -14.643921)
(8.781005, 1.142355, -14.491792), (8.776525, 1.156734, -14.333815), (8.933733, 1.093356, -14.486957)
(8.933733, 1.093356, -14.486957), (8.929652, 1.108696, -14.329573), (9.086632, 1.044708, -14.482176)
(8.933733, 1.093356, -14.486957), (9.086632, 1.044708, -14.482176), (9.089986, 1.027673, -14.638657)
(9.086632, 1.044708, -14.482176), (9.239735, 0.99668, -14.477497), (9.242756, 0.979191, -14.633531)
(9.086632, 1.044708, -14.482176), (9.082935, 1.060988, -14.325356), (9.239735, 0.99668, -14.477497)
(9.239735, 0.99668, -14.477497), (9.236397, 1.013823, -14.321188), (9.393059, 0.949647, -14.472969)
(9.239735, 0.99668, -14.477497), (9.393059, 0.949647, -14.472969), (9.395781, 0.931699, -14.6286)
(8.776525, 1.156734, -14.333815), (8.929652, 1.108696, -14.329573), (8.933733, 1.093356, -14.486957)
(8.776525, 1.156734, -14.333815), (8.771728, 1.169693, -14.175381), (8.929652, 1.108696, -14.329573)
(8.929652, 1.108696, -14.329573), (9.082935, 1.060988, -14.325356), (9.086632, 1.044708, -14.482176)
(8.929652, 1.108696, -14.329573), (8.92528, 1.123091, -14.171822), (9.082935, 1.060988, -14.325356)
(9.082935, 1.060988, -14.325356), (9.236397, 1.013823, -14.321188), (9.239735, 0.99668, -14.477497)
(9.082935, 1.060988, -14.325356), (9.078963, 1.07672, -14.168229), (9.236397, 1.013823, -14.321188)
(9.236397, 1.013823, -14.321188), (9.390054, 0.967535, -14.317129), (9.393059, 0.949647, -14.472969)
(9.236397, 1.013823, -14.321188), (9.2328, 1.03081, -14.164637), (9.390054, 0.967535, -14.317129)
(8.771728, 1.169693, -14.175381), (8.766736, 1.181683, -14.016621), (8.92528, 1.123091, -14.171822)
(8.771728, 1.169693, -14.175381), (8.92528, 1.123091, -14.171822), (8.929652, 1.108696, -14.329573)
(8.92528, 1.123091, -14.171822), (8.920706, 1.136848, -14.013779), (9.078963, 1.07672, -14.168229)
(8.92528, 1.123091, -14.171822), (9.078963, 1.07672, -14.168229), (9.082935, 1.060988, -14.325356)
(9.078963, 1.07672, -14.168229), (9.074787, 1.092179, -14.01085), (9.2328, 1.03081, -14.164637)
(9.078963, 1.07672, -14.168229), (9.2328, 1.03081, -14.164637), (9.236397, 1.013823, -14.321188)
(9.2328, 1.03081, -14.164637), (9.228996, 1.047951, -14.007878), (9.386798, 0.985742, -14.161102)
(9.2328, 1.03081, -14.164637), (9.386798, 0.985742, -14.161102), (9.390054, 0.967535, -14.317129)
# 9.71577538331334, 0, -14.390855016686668
(9.395781, 0.931699, -14.6286), (9.549061, 0.885504, -14.623901), (9.551221, 0.867222, -14.778996)
(9.395781, 0.931699, -14.6286), (9.393059, 0.949647, -14.472969), (9.549061, 0.885504, -14.623901)
(9.549061, 0.885504, -14.623901), (9.702602, 0.840646, -14.619459), (9.704544, 0.822213, -14.774258)
(9.549061, 0.885504, -14.623901), (9.546615, 0.903848, -14.468643), (9.702602, 0.840646, -14.619459)
(9.702602, 0.840646, -14.619459), (9.856383, 0.797586, -14.615307), (9.858137, 0.778882, -14.769819)
(9.702602, 0.840646, -14.619459), (9.700397, 0.859437, -14.464546), (9.856383, 0.797586, -14.615307)
(9.856383, 0.797586, -14.615307), (10.010391, 0.756436, -14.611463), (10.011979, 0.737639, -14.765728)
(9.856383, 0.797586, -14.615307), (9.854392, 0.816751, -14.46072), (10.010391, 0.756436, -14.611463)
(10.010391, 0.756436, -14.611463), (10.164609, 0.717641, -14.607971), (10.166059, 0.698628, -14.761982)
(10.010391, 0.756436, -14.611463), (10.008581, 0.776211, -14.457203), (10.164609, 0.717641, -14.607971)
(9.393059, 0.949647, -14.472969), (9.546615, 0.903848, -14.468643), (9.549061, 0.885504, -14.623901)
(9.393059, 0.949647, -14.472969), (9.390054, 0.967535, -14.317129), (9.546615, 0.903848, -14.468643)
(9.546615, 0.903848, -14.468643), (9.543904, 0.922537, -14.313232), (9.700397, 0.859437, -14.464546)
(9.546615, 0.903848, -14.468643), (9.700397, 0.859437, -14.464546), (9.702602, 0.840646, -14.619459)
(9.700397, 0.859437, -14.464546), (9.854392, 0.816751, -14.46072), (9.856383, 0.797586, -14.615307)
(9.700397, 0.859437, -14.464546), (9.697949, 0.878858, -14.309545), (9.854392, 0.816751, -14.46072)
(9.854392, 0.816751, -14.46072), (9.852173, 0.836888, -14.306097), (10.008581, 0.776211, -14.457203)
(9.854392, 0.816751, -14.46072), (10.008581, 0.776211, -14.457203), (10.010391, 0.756436, -14.611463)
(10.008581, 0.776211, -14.457203), (10.162947, 0.737966, -14.45402), (10.164609, 0.717641, -14.607971)
(10.008581, 0.776211, -14.457203), (10.006557, 0.796989, -14.302935), (10.162947, 0.737966, -14.45402)
(9.390054, 0.967535, -14.317129), (9.543904, 0.922537, -14.313232), (9.546615, 0.903848, -14.468643)
(9.390054, 0.967535, -14.317129), (9.386798, 0.985742, -14.161102), (9.543904, 0.922537, -14.313232)
(9.543904, 0.922537, -14.313232), (9.697949, 0.878858, -14.309545), (9.700397, 0.859437, -14.464546)
(9.543904, 0.922537, -14.313232), (9.54096, 0.9418, -14.157698), (9.697949, 0.878858, -14.309545)
(9.697949, 0.878858, -14.309545), (9.852173, 0.836888, -14.306097), (9.854392, 0.816751, -14.46072)
(9.697949, 0.878858, -14.309545), (9.69528, 0.899155, -14.154465), (9.852173, 0.836888, -14.306097)
(9.852173, 0.836888, -14.306097), (10.006557, 0.796989, -14.302935), (10.008581, 0.776211, -14.457203)
(9.852173, 0.836888, -14.306097), (9.84974, 0.858246, -14.151453), (10.006557, 0.796989, -14.302935)
(10.006557, 0.796989, -14.302935), (10.161085, 0.759602, -14.300107), (10.162947, 0.737966, -14.45402)
(10.006557, 0.796989, -14.302935), (10.004321, 0.819585, -14.148718), (10.161085, 0.759602, -14.300107)
(9.386798, 0.985742, -14.161102), (9.383338, 1.004442, -14.004929), (9.54096, 0.9418, -14.157698)
(9.386798, 0.985742, -14.161102), (9.54096, 0.9418, -14.157698), (9.543904, 0.922537, -14.313232)
(9.54096, 0.9418, -14.157698), (9.53781, 0.961934, -14.002068), (9.69528, 0.899155, -14.154465)
(9.54096, 0.9418, -14.157698), (9.69528, 0.899155, -14.154465), (9.697949, 0.878858, -14.309545)
(9.69528, 0.899155, -14.154465), (9.692403, 0.920703, -13.999342), (9.84974, 0.858246, -14.151453)
(9.69528, 0.899155, -14.154465), (9.84974, 0.858246, -14.151453), (9.852173, 0.836888, -14.306097)
(9.84974, 0.858246, -14.151453), (9.847096, 0.881257, -13.996811), (10.004321, 0.819585, -14.148718)
(9.84974, 0.858246, -14.151453), (10.004321, 0.819585, -14.148718), (10.006557, 0.796989, -14.302935)
(10.004321, 0.819585, -14.148718), (10.00188, 0.843737, -13.994523), (10.159011, 0.783382, -14.146303)
(10.004321, 0.819585, -14.148718), (10.159011, 0.783382, -14.146303), (10.161085, 0.759602, -14.300107)
