# 0.3669921166466698, 0, 2.30340081664667
(0.634732, 0.42006, 2.057598), (0.791348, 0.432051, 2.057581), (0.789433, 0.408842, 1.898901)
(0.634732, 0.42006, 2.057598), (0.636497, 0.445455, 2.216506), (0.791348, 0.432051, 2.057581)
(0.478219, 0.411533, 2.057662), (0.634732, 0.42006, 2.057598), (0.633118, 0.399314, 1.899222)
(0.478219, 0.411533, 2.057662), (0.479627, 0.434337, 2.216211), (0.634732, 0.42006, 2.057598)
(0.321864, 0.407494, 2.057879), (0.478219, 0.411533, 2.057662), (0.476959, 0.393784, 1.899656)
(0.321864, 0.407494, 2.057879), (0.322862, 0.427017, 2.215992), (0.478219, 0.411533, 2.057662)
(0.165698, 0.407937, 2.058291), (0.321864, 0.407494, 2.057879), (0.320991, 0.392613, 1.90026)
(0.165698, 0.407937, 2.058291), (0.166258, 0.424602, 2.215974), (0.321864, 0.407494, 2.057879)
(0.166258, 0.424602, 2.215974), (0.166819, 0.444347, 2.37403), (0.322862, 0.427017, 2.215992)
(0.166258, 0.424602, 2.215974), (0.322862, 0.427017, 2.215992), (0.321864, 0.407494, 2.057879)
(0.322862, 0.427017, 2.215992), (0.323871, 0.449771, 2.374513), (0.479627, 0.434337, 2.216211)
(0.322862, 0.427017, 2.215992), (0.479627, 0.434337, 2.216211), (0.478219, 0.411533, 2.057662)
(0.479627, 0.434337, 2.216211), (0.481047, 0.459903, 2.375156), (0.636497, 0.445455, 2.216506)
(0.479627, 0.434337, 2.216211), (0.636497, 0.445455, 2.216506), (0.634732, 0.42006, 2.057598)
(0.636497, 0.445455, 2.216506), (0.63829, 0.473777, 2.375842), (0.793431, 0.459745, 2.2168)
(0.636497, 0.445455, 2.216506), (0.793431, 0.459745, 2.2168), (0.791348, 0.432051, 2.057581)
(0.166819, 0.444347, 2.37403), (0.323871, 0.449771, 2.374513), (0.322862, 0.427017, 2.215992)
(0.166819, 0.444347, 2.37403), (0.167289, 0.467031, 2.532482), (0.323871, 0.449771, 2.374513)
(0.323871, 0.449771, 2.374513), (0.481047, 0.459903, 2.375156), (0.479627, 0.434337, 2.216211)
(0.323871, 0.449771, 2.374513), (0.324783, 0.475102, 2.533422), (0.481047, 0.459903, 2.375156)
(0.481047, 0.459903, 2.375156), (0.63829, 0.473777, 2.375842), (0.636497, 0.445455, 2.216506)
(0.481047, 0.459903, 2.375156), (0.482373, 0.487803, 2.534489), (0.63829, 0.473777, 2.375842)
(0.63829, 0.473777, 2.375842), (0.795557, 0.490378, 2.376467), (0.793431, 0.459745, 2.2168)
(0.63829, 0.473777, 2.375842), (0.63999, 0.504211, 2.535572), (0.795557, 0.490378, 2.376467)
(0.167289, 0.467031, 2.532482), (0.167538, 0.491381, 2.691279), (0.324783, 0.475102, 2.533422)
(0.167289, 0.467031, 2.532482), (0.324783, 0.475102, 2.533422), (0.323871, 0.449771, 2.374513)
(0.324783, 0.475102, 2.533422), (0.482373, 0.487803, 2.534489), (0.481047, 0.459903, 2.375156)
(0.324783, 0.475102, 2.533422), (0.325453, 0.502047, 2.692684), (0.482373, 0.487803, 2.534489)
(0.482373, 0.487803, 2.534489), (0.483445, 0.517115, 2.694177), (0.63999, 0.504211, 2.535572)
(0.482373, 0.487803, 2.534489), (0.63999, 0.504211, 2.535572), (0.63829, 0.473777, 2.375842)
(0.63999, 0.504211, 2.535572), (0.64143, 0.535779, 2.695651), (0.797578, 0.523202, 2.536552)
(0.63999, 0.504211, 2.535572), (0.797578, 0.523202, 2.536552), (0.795557, 0.490378, 2.376467)
# 1.0347623499800032, 0, 2.30340081664667
(1.261476, 0.479598, 2.057004), (1.418268, 0.496778, 2.056462), (1.415477, 0.466934, 1.897114)
(1.261476, 0.479598, 2.057004), (1.264298, 0.512189, 2.216827), (1.418268, 0.496778, 2.056462)
(1.104727, 0.462499, 2.057336), (1.261476, 0.479598, 2.057004), (1.258856, 0.450587, 1.897714)
(1.104727, 0.462499, 2.057336), (1.107342, 0.494114, 2.217037), (1.261476, 0.479598, 2.057004)
(0.948022, 0.446494, 2.057518), (1.104727, 0.462499, 2.057336), (1.10231, 0.434987, 1.898186)
(0.948022, 0.446494, 2.057518), (0.950386, 0.476278, 2.217002), (1.104727, 0.462499, 2.057336)
(0.791348, 0.432051, 2.057581), (0.948022, 0.446494, 2.057518), (0.945833, 0.42085, 1.898567)
(0.791348, 0.432051, 2.057581), (0.793431, 0.459745, 2.2168), (0.948022, 0.446494, 2.057518)
(0.793431, 0.459745, 2.2168), (0.795557, 0.490378, 2.376467), (0.950386, 0.476278, 2.217002)
(0.793431, 0.459745, 2.2168), (0.950386, 0.476278, 2.217002), (0.948022, 0.446494, 2.057518)
(1.264298, 0.512189, 2.216827), (1.267191, 0.547037, 2.377105), (1.421265, 0.5297, 2.216328)
(1.264298, 0.512189, 2.216827), (1.421265, 0.5297, 2.216328), (1.418268, 0.496778, 2.056462)
(0.950386, 0.476278, 2.217002), (0.952806, 0.508937, 2.376951), (1.107342, 0.494114, 2.217037)
(0.950386, 0.476278, 2.217002), (1.107342, 0.494114, 2.217037), (1.104727, 0.462499, 2.057336)
(1.107342, 0.494114, 2.217037), (1.110017, 0.52819, 2.37719), (1.264298, 0.512189, 2.216827)
(1.107342, 0.494114, 2.217037), (1.264298, 0.512189, 2.216827), (1.261476, 0.479598, 2.057004)
(0.795557, 0.490378, 2.376467), (0.952806, 0.508937, 2.376951), (0.950386, 0.476278, 2.217002)
(0.795557, 0.490378, 2.376467), (0.797578, 0.523202, 2.536552), (0.952806, 0.508937, 2.376951)
(0.952806, 0.508937, 2.376951), (1.110017, 0.52819, 2.37719), (1.107342, 0.494114, 2.217037)
(0.952806, 0.508937, 2.376951), (0.955132, 0.543379, 2.537309), (1.110017, 0.52819, 2.37719)
(1.267191, 0.547037, 2.377105), (1.424332, 0.564502, 2.376633), (1.421265, 0.5297, 2.216328)
(1.267191, 0.547037, 2.377105), (1.270027, 0.582895, 2.537775), (1.424332, 0.564502, 2.376633)
(1.110017, 0.52819, 2.37719), (1.267191, 0.547037, 2.377105), (1.264298, 0.512189, 2.216827)
(1.110017, 0.52819, 2.37719), (1.112623, 0.56367, 2.537746), (1.267191, 0.547037, 2.377105)
(0.797578, 0.523202, 2.536552), (0.799356, 0.556555, 2.696962), (0.955132, 0.543379, 2.537309)
(0.797578, 0.523202, 2.536552), (0.955132, 0.543379, 2.537309), (0.952806, 0.508937, 2.376951)
(0.955132, 0.543379, 2.537309), (1.112623, 0.56367, 2.537746), (1.110017, 0.52819, 2.37719)
(0.955132, 0.543379, 2.537309), (0.957217, 0.578049, 2.697983), (1.112623, 0.56367, 2.537746)
(1.112623, 0.56367, 2.537746), (1.114989, 0.599036, 2.69861), (1.270027, 0.582895, 2.537775)
(1.112623, 0.56367, 2.537746), (1.270027, 0.582895, 2.537775), (1.267191, 0.547037, 2.377105)
(1.270027, 0.582895, 2.537775), (1.427345, 0.599835, 2.537314), (1.424332, 0.564502, 2.376633)
(1.270027, 0.582895, 2.537775), (1.272624, 0.618108, 2.698729), (1.427345, 0.599835, 2.537314)
# 1.7025325833133367, 0, 2.30340081664667
(1.888933, 0.539919, 2.053234), (2.045952, 0.548717, 2.051613), (2.042682, 0.521164, 1.892801)
(1.888933, 0.539919, 2.053234), (1.892311, 0.569956, 2.212733), (2.045952, 0.548717, 2.051613)
(1.73198, 0.527736, 2.054585), (1.888933, 0.539919, 2.053234), (1.885757, 0.511079, 1.894176)
(1.73198, 0.527736, 2.054585), (1.735257, 0.559325, 2.21429), (1.888933, 0.539919, 2.053234)
(1.575101, 0.513088, 2.055664), (1.73198, 0.527736, 2.054585), (1.728918, 0.498015, 1.895356)
(1.575101, 0.513088, 2.055664), (1.578246, 0.545693, 2.215488), (1.73198, 0.527736, 2.054585)
(1.418268, 0.496778, 2.056462), (1.575101, 0.513088, 2.055664), (1.57216, 0.482987, 1.896332)
(1.418268, 0.496778, 2.056462), (1.421265, 0.5297, 2.216328), (1.575101, 0.513088, 2.055664)
(1.892311, 0.569956, 2.212733), (1.895739, 0.600556, 2.372598), (2.049412, 0.576851, 2.210834)
(1.892311, 0.569956, 2.212733), (2.049412, 0.576851, 2.210834), (2.045952, 0.548717, 2.051613)
(1.735257, 0.559325, 2.21429), (1.738593, 0.592026, 2.374391), (1.892311, 0.569956, 2.212733)
(1.735257, 0.559325, 2.21429), (1.892311, 0.569956, 2.212733), (1.888933, 0.539919, 2.053234)
(1.578246, 0.545693, 2.215488), (1.581461, 0.579776, 2.375736), (1.735257, 0.559325, 2.21429)
(1.578246, 0.545693, 2.215488), (1.735257, 0.559325, 2.21429), (1.73198, 0.527736, 2.054585)
(1.421265, 0.5297, 2.216328), (1.424332, 0.564502, 2.376633), (1.578246, 0.545693, 2.215488)
(1.421265, 0.5297, 2.216328), (1.578246, 0.545693, 2.215488), (1.575101, 0.513088, 2.055664)
(1.895739, 0.600556, 2.372598), (2.052911, 0.60502, 2.370387), (2.049412, 0.576851, 2.210834)
(1.895739, 0.600556, 2.372598), (1.899087, 0.630106, 2.532759), (2.052911, 0.60502, 2.370387)
(1.738593, 0.592026, 2.374391), (1.895739, 0.600556, 2.372598), (1.892311, 0.569956, 2.212733)
(1.738593, 0.592026, 2.374391), (1.741867, 0.624281, 2.534822), (1.895739, 0.600556, 2.372598)
(1.581461, 0.579776, 2.375736), (1.738593, 0.592026, 2.374391), (1.735257, 0.559325, 2.21429)
(1.581461, 0.579776, 2.375736), (1.584622, 0.61391, 2.536339), (1.738593, 0.592026, 2.374391)
(1.424332, 0.564502, 2.376633), (1.581461, 0.579776, 2.375736), (1.578246, 0.545693, 2.215488)
(1.424332, 0.564502, 2.376633), (1.427345, 0.599835, 2.537314), (1.581461, 0.579776, 2.375736)
(1.899087, 0.630106, 2.532759), (1.902188, 0.656677, 2.693088), (2.05629, 0.630701, 2.53018)
(1.899087, 0.630106, 2.532759), (2.05629, 0.630701, 2.53018), (2.052911, 0.60502, 2.370387)
(1.741867, 0.624281, 2.534822), (1.74491, 0.654238, 2.695458), (1.899087, 0.630106, 2.532759)
(1.741867, 0.624281, 2.534822), (1.899087, 0.630106, 2.532759), (1.895739, 0.600556, 2.372598)
(1.584622, 0.61391, 2.536339), (1.741867, 0.624281, 2.534822), (1.738593, 0.592026, 2.374391)
(1.584622, 0.61391, 2.536339), (1.587558, 0.646358, 2.697177), (1.741867, 0.624281, 2.534822)
(1.427345, 0.599835, 2.537314), (1.43014, 0.634161, 2.698267), (1.584622, 0.61391, 2.536339)
(1.427345, 0.599835, 2.537314), (1.584622, 0.61391, 2.536339), (1.581461, 0.579776, 2.375736)
# 2.37030281664667, 0, 2.30340081664667
(2.674077, 0.536355, 2.0431), (2.830902, 0.519892, 2.040799), (2.827172, 0.50231, 1.883761)
(2.674077, 0.536355, 2.0431), (2.677805, 0.55448, 2.200781), (2.830902, 0.519892, 2.040799)
(2.51711, 0.547635, 2.045401), (2.674077, 0.536355, 2.0431), (2.670433, 0.516753, 1.885681)
(2.51711, 0.547635, 2.045401), (2.520784, 0.568204, 2.203501), (2.674077, 0.536355, 2.0431)
(2.360065, 0.553226, 2.047636), (2.51711, 0.547635, 2.045401), (2.513554, 0.525893, 1.887597)
(2.360065, 0.553226, 2.047636), (2.363675, 0.576212, 2.206146), (2.51711, 0.547635, 2.045401)
(2.203005, 0.553316, 2.049734), (2.360065, 0.553226, 2.047636), (2.356603, 0.5293, 1.889464)
(2.203005, 0.553316, 2.049734), (2.206542, 0.579163, 2.208618), (2.360065, 0.553226, 2.047636)
(2.045952, 0.548717, 2.051613), (2.203005, 0.553316, 2.049734), (2.199635, 0.527485, 1.891216)
(2.045952, 0.548717, 2.051613), (2.049412, 0.576851, 2.210834), (2.203005, 0.553316, 2.049734)
(2.677805, 0.55448, 2.200781), (2.681505, 0.571411, 2.358633), (2.834695, 0.536138, 2.198061)
(2.677805, 0.55448, 2.200781), (2.834695, 0.536138, 2.198061), (2.830902, 0.519892, 2.040799)
(2.520784, 0.568204, 2.203501), (2.52444, 0.587626, 2.361814), (2.677805, 0.55448, 2.200781)
(2.520784, 0.568204, 2.203501), (2.677805, 0.55448, 2.200781), (2.674077, 0.536355, 2.0431)
(2.363675, 0.576212, 2.206146), (2.367285, 0.598564, 2.364905), (2.520784, 0.568204, 2.203501)
(2.363675, 0.576212, 2.206146), (2.520784, 0.568204, 2.203501), (2.51711, 0.547635, 2.045401)
(2.206542, 0.579163, 2.208618), (2.2101, 0.604421, 2.367796), (2.363675, 0.576212, 2.206146)
(2.206542, 0.579163, 2.208618), (2.363675, 0.576212, 2.206146), (2.360065, 0.553226, 2.047636)
(2.049412, 0.576851, 2.210834), (2.052911, 0.60502, 2.370387), (2.206542, 0.579163, 2.208618)
(2.049412, 0.576851, 2.210834), (2.206542, 0.579163, 2.208618), (2.203005, 0.553316, 2.049734)
(2.681505, 0.571411, 2.358633), (2.838439, 0.55087, 2.355465), (2.834695, 0.536138, 2.198061)
(2.681505, 0.571411, 2.358633), (2.68499, 0.585074, 2.516637), (2.838439, 0.55087, 2.355465)
(2.52444, 0.587626, 2.361814), (2.681505, 0.571411, 2.358633), (2.677805, 0.55448, 2.200781)
(2.52444, 0.587626, 2.361814), (2.527917, 0.604182, 2.520298), (2.681505, 0.571411, 2.358633)
(2.367285, 0.598564, 2.364905), (2.52444, 0.587626, 2.361814), (2.520784, 0.568204, 2.203501)
(2.367285, 0.598564, 2.364905), (2.370735, 0.618075, 2.523861), (2.52444, 0.587626, 2.361814)
(2.2101, 0.604421, 2.367796), (2.367285, 0.598564, 2.364905), (2.363675, 0.576212, 2.206146)
(2.2101, 0.604421, 2.367796), (2.213512, 0.626781, 2.527189), (2.367285, 0.598564, 2.364905)
(2.052911, 0.60502, 2.370387), (2.2101, 0.604421, 2.367796), (2.206542, 0.579163, 2.208618)
(2.052911, 0.60502, 2.370387), (2.05629, 0.630701, 2.53018), (2.2101, 0.604421, 2.367796)
(2.68499, 0.585074, 2.516637), (2.688097, 0.593923, 2.674725), (2.841952, 0.562456, 2.513001)
(2.68499, 0.585074, 2.516637), (2.841952, 0.562456, 2.513001), (2.838439, 0.55087, 2.355465)
(2.527917, 0.604182, 2.520298), (2.68499, 0.585074, 2.516637), (2.681505, 0.571411, 2.358633)
(2.527917, 0.604182, 2.520298), (2.531024, 0.615708, 2.678873), (2.68499, 0.585074, 2.516637)
(2.370735, 0.618075, 2.523861), (2.373863, 0.633213, 2.68292), (2.527917, 0.604182, 2.520298)
(2.370735, 0.618075, 2.523861), (2.527917, 0.604182, 2.520298), (2.52444, 0.587626, 2.361814)
(2.213512, 0.626781, 2.527189), (2.370735, 0.618075, 2.523861), (2.367285, 0.598564, 2.364905)
(2.213512, 0.626781, 2.527189), (2.21664, 0.645618, 2.686707), (2.370735, 0.618075, 2.523861)
(2.05629, 0.630701, 2.53018), (2.059416, 0.653546, 2.690131), (2.213512, 0.626781, 2.527189)
(2.05629, 0.630701, 2.53018), (2.213512, 0.626781, 2.527189), (2.2101, 0.604421, 2.367796)
# 3.038073049980004, 0, 2.30340081664667
(3.29978, 0.442186, 2.034726), (3.455289, 0.409342, 2.03322), (3.451301, 0.39723, 1.877463)
(3.29978, 0.442186, 2.034726), (3.303735, 0.45515, 2.190888), (3.455289, 0.409342, 2.03322)
(3.143836, 0.472297, 2.036526), (3.29978, 0.442186, 2.034726), (3.29583, 0.428867, 1.878721)
(3.143836, 0.472297, 2.036526), (3.147727, 0.485742, 2.193034), (3.29978, 0.442186, 2.034726)
(2.98752, 0.49855, 2.038572), (3.143836, 0.472297, 2.036526), (3.139955, 0.457827, 1.880204)
(2.98752, 0.49855, 2.038572), (2.991352, 0.512909, 2.195453), (3.143836, 0.472297, 2.036526)
(2.830902, 0.519892, 2.040799), (2.98752, 0.49855, 2.038572), (2.983708, 0.48256, 1.88191)
(2.830902, 0.519892, 2.040799), (2.834695, 0.536138, 2.198061), (2.98752, 0.49855, 2.038572)
(3.303735, 0.45515, 2.190888), (3.307626, 0.467087, 2.347123), (3.459285, 0.421912, 2.1891)
(3.303735, 0.45515, 2.190888), (3.459285, 0.421912, 2.1891), (3.455289, 0.409342, 2.03322)
(3.147727, 0.485742, 2.193034), (3.151563, 0.497956, 2.349624), (3.303735, 0.45515, 2.190888)
(3.147727, 0.485742, 2.193034), (3.303735, 0.45515, 2.190888), (3.29978, 0.442186, 2.034726)
(2.991352, 0.512909, 2.195453), (2.995151, 0.526168, 2.352429), (3.147727, 0.485742, 2.193034)
(2.991352, 0.512909, 2.195453), (3.147727, 0.485742, 2.193034), (3.143836, 0.472297, 2.036526)
(2.834695, 0.536138, 2.198061), (2.838439, 0.55087, 2.355465), (2.991352, 0.512909, 2.195453)
(2.834695, 0.536138, 2.198061), (2.991352, 0.512909, 2.195453), (2.98752, 0.49855, 2.038572)
(3.307626, 0.467087, 2.347123), (3.463195, 0.433837, 2.345053), (3.459285, 0.421912, 2.1891)
(3.307626, 0.467087, 2.347123), (3.311143, 0.476013, 2.503534), (3.463195, 0.433837, 2.345053)
(3.151563, 0.497956, 2.349624), (3.307626, 0.467087, 2.347123), (3.303735, 0.45515, 2.190888)
(3.151563, 0.497956, 2.349624), (3.155147, 0.507467, 2.506319), (3.307626, 0.467087, 2.347123)
(2.995151, 0.526168, 2.352429), (3.151563, 0.497956, 2.349624), (3.147727, 0.485742, 2.193034)
(2.995151, 0.526168, 2.352429), (2.998709, 0.536453, 2.509518), (3.151563, 0.497956, 2.349624)
(2.838439, 0.55087, 2.355465), (2.995151, 0.526168, 2.352429), (2.991352, 0.512909, 2.195453)
(2.838439, 0.55087, 2.355465), (2.841952, 0.562456, 2.513001), (2.995151, 0.526168, 2.352429)
(3.311143, 0.476013, 2.503534), (3.314271, 0.48123, 2.660015), (3.466751, 0.443572, 2.501172)
(3.311143, 0.476013, 2.503534), (3.466751, 0.443572, 2.501172), (3.463195, 0.433837, 2.345053)
(3.155147, 0.507467, 2.506319), (3.158253, 0.512199, 2.663127), (3.311143, 0.476013, 2.503534)
(3.155147, 0.507467, 2.506319), (3.311143, 0.476013, 2.503534), (3.307626, 0.467087, 2.347123)
(2.998709, 0.536453, 2.509518), (3.001817, 0.541746, 2.666704), (3.155147, 0.507467, 2.506319)
(2.998709, 0.536453, 2.509518), (3.155147, 0.507467, 2.506319), (3.151563, 0.497956, 2.349624)
(2.841952, 0.562456, 2.513001), (2.998709, 0.536453, 2.509518), (2.995151, 0.526168, 2.352429)
(2.841952, 0.562456, 2.513001), (2.845044, 0.568972, 2.670625), (2.998709, 0.536453, 2.509518)
# 3.705843283313337, 0, 2.30340081664667
(3.919091, 0.308224, 2.03084), (4.072927, 0.279109, 2.030747), (4.068828, 0.272847, 1.875454)
(3.919091, 0.308224, 2.03084), (3.923105, 0.319706, 2.186256), (4.072927, 0.279109, 2.030747)
(3.76493, 0.340593, 2.031252), (3.919091, 0.308224, 2.03084), (3.91504, 0.300118, 1.875506)
(3.76493, 0.340593, 2.031252), (3.768936, 0.352628, 2.186773), (3.919091, 0.308224, 2.03084)
(3.610348, 0.374926, 2.032041), (3.76493, 0.340593, 2.031252), (3.760901, 0.330969, 1.875833)
(3.610348, 0.374926, 2.032041), (3.614328, 0.38722, 2.187736), (3.76493, 0.340593, 2.031252)
(3.455289, 0.409342, 2.03322), (3.610348, 0.374926, 2.032041), (3.606329, 0.364048, 1.876489)
(3.455289, 0.409342, 2.03322), (3.459285, 0.421912, 2.1891), (3.610348, 0.374926, 2.032041)
(3.923105, 0.319706, 2.186256), (3.927028, 0.332167, 2.341691), (4.076983, 0.28935, 2.186087)
(3.923105, 0.319706, 2.186256), (4.076983, 0.28935, 2.186087), (4.072927, 0.279109, 2.030747)
(3.768936, 0.352628, 2.186773), (3.77286, 0.365199, 2.34233), (3.923105, 0.319706, 2.186256)
(3.768936, 0.352628, 2.186773), (3.923105, 0.319706, 2.186256), (3.919091, 0.308224, 2.03084)
(3.614328, 0.38722, 2.187736), (3.618257, 0.399467, 2.343457), (3.768936, 0.352628, 2.186773)
(3.614328, 0.38722, 2.187736), (3.768936, 0.352628, 2.186773), (3.76493, 0.340593, 2.031252)
(3.459285, 0.421912, 2.1891), (3.463195, 0.433837, 2.345053), (3.614328, 0.38722, 2.187736)
(3.459285, 0.421912, 2.1891), (3.614328, 0.38722, 2.187736), (3.610348, 0.374926, 2.032041)
(3.927028, 0.332167, 2.341691), (4.0809, 0.301302, 2.341457), (4.076983, 0.28935, 2.186087)
(3.927028, 0.332167, 2.341691), (3.930664, 0.345039, 2.497234), (4.0809, 0.301302, 2.341457)
(3.77286, 0.365199, 2.34233), (3.927028, 0.332167, 2.341691), (3.923105, 0.319706, 2.186256)
(3.77286, 0.365199, 2.34233), (3.77653, 0.377411, 2.49798), (3.927028, 0.332167, 2.341691)
(3.618257, 0.399467, 2.343457), (3.77286, 0.365199, 2.34233), (3.768936, 0.352628, 2.186773)
(3.618257, 0.399467, 2.343457), (3.6219, 0.410534, 2.499298), (3.77286, 0.365199, 2.34233)
(3.463195, 0.433837, 2.345053), (3.618257, 0.399467, 2.343457), (3.614328, 0.38722, 2.187736)
(3.463195, 0.433837, 2.345053), (3.466751, 0.443572, 2.501172), (3.618257, 0.399467, 2.343457)
(3.930664, 0.345039, 2.497234), (3.933848, 0.356229, 2.652947), (4.084518, 0.314265, 2.496916)
(3.930664, 0.345039, 2.497234), (4.084518, 0.314265, 2.496916), (4.0809, 0.301302, 2.341457)
(3.77653, 0.377411, 2.49798), (3.930664, 0.345039, 2.497234), (3.927028, 0.332167, 2.341691)
(3.77653, 0.377411, 2.49798), (3.7797, 0.387167, 2.653832), (3.930664, 0.345039, 2.497234)
(3.6219, 0.410534, 2.499298), (3.625076, 0.418594, 2.6553), (3.77653, 0.377411, 2.49798)
(3.6219, 0.410534, 2.499298), (3.77653, 0.377411, 2.49798), (3.77286, 0.365199, 2.34233)
(3.466751, 0.443572, 2.501172), (3.6219, 0.410534, 2.499298), (3.618257, 0.399467, 2.343457)
(3.466751, 0.443572, 2.501172), (3.469889, 0.449896, 2.657395), (3.6219, 0.410534, 2.499298)
# 4.373613516646671, 0, 2.30340081664667
(4.072927, 0.279109, 2.030747), (4.2265, 0.254415, 2.030942), (4.222305, 0.251031, 1.875667)
(4.072927, 0.279109, 2.030747), (4.076983, 0.28935, 2.186087), (4.2265, 0.254415, 2.030942)
(4.2265, 0.254415, 2.030942), (4.379823, 0.236548, 2.031407), (4.375498, 0.236498, 1.876121)
(4.2265, 0.254415, 2.030942), (4.230594, 0.263257, 2.186266), (4.379823, 0.236548, 2.031407)
(4.379823, 0.236548, 2.031407), (4.532916, 0.22623, 2.032082), (4.528406, 0.231056, 1.876786)
(4.379823, 0.236548, 2.031407), (4.384025, 0.242096, 2.18671), (4.532916, 0.22623, 2.032082)
(4.532916, 0.22623, 2.032082), (4.685743, 0.223527, 2.032932), (4.681031, 0.233461, 1.877621)
(4.532916, 0.22623, 2.032082), (4.537277, 0.226908, 2.187376), (4.685743, 0.223527, 2.032932)
(4.685743, 0.223527, 2.032932), (4.838263, 0.228695, 2.033936), (4.833338, 0.244811, 1.878629)
(4.685743, 0.223527, 2.032932), (4.690297, 0.218421, 2.188225), (4.838263, 0.228695, 2.033936)
(4.076983, 0.28935, 2.186087), (4.0809, 0.301302, 2.341457), (4.230594, 0.263257, 2.186266)
(4.076983, 0.28935, 2.186087), (4.230594, 0.263257, 2.186266), (4.2265, 0.254415, 2.030942)
(4.230594, 0.263257, 2.186266), (4.234539, 0.273698, 2.341594), (4.384025, 0.242096, 2.18671)
(4.230594, 0.263257, 2.186266), (4.384025, 0.242096, 2.18671), (4.379823, 0.236548, 2.031407)
(4.384025, 0.242096, 2.18671), (4.388013, 0.249935, 2.34203), (4.537277, 0.226908, 2.187376)
(4.384025, 0.242096, 2.18671), (4.537277, 0.226908, 2.187376), (4.532916, 0.22623, 2.032082)
(4.537277, 0.226908, 2.187376), (4.541378, 0.230364, 2.342685), (4.690297, 0.218421, 2.188225)
(4.537277, 0.226908, 2.187376), (4.690297, 0.218421, 2.188225), (4.685743, 0.223527, 2.032932)
(4.690297, 0.218421, 2.188225), (4.69453, 0.216466, 2.343532), (4.842986, 0.217813, 2.189232)
(4.690297, 0.218421, 2.188225), (4.842986, 0.217813, 2.189232), (4.838263, 0.228695, 2.033936)
(4.0809, 0.301302, 2.341457), (4.234539, 0.273698, 2.341594), (4.230594, 0.263257, 2.186266)
(4.0809, 0.301302, 2.341457), (4.084518, 0.314265, 2.496916), (4.234539, 0.273698, 2.341594)
(4.234539, 0.273698, 2.341594), (4.388013, 0.249935, 2.34203), (4.384025, 0.242096, 2.18671)
(4.234539, 0.273698, 2.341594), (4.238145, 0.285698, 2.496999), (4.388013, 0.249935, 2.34203)
(4.388013, 0.249935, 2.34203), (4.541378, 0.230364, 2.342685), (4.537277, 0.226908, 2.187376)
(4.388013, 0.249935, 2.34203), (4.391605, 0.259764, 2.497421), (4.541378, 0.230364, 2.342685)
(4.541378, 0.230364, 2.342685), (4.69453, 0.216466, 2.343532), (4.690297, 0.218421, 2.188225)
(4.541378, 0.230364, 2.342685), (4.544911, 0.237157, 2.498102), (4.69453, 0.216466, 2.343532)
(4.69453, 0.216466, 2.343532), (4.847414, 0.208988, 2.344522), (4.842986, 0.217813, 2.189232)
(4.69453, 0.216466, 2.343532), (4.698141, 0.218131, 2.498928), (4.847414, 0.208988, 2.344522)
(4.084518, 0.314265, 2.496916), (4.238145, 0.285698, 2.496999), (4.234539, 0.273698, 2.341594)
(4.084518, 0.314265, 2.496916), (4.08765, 0.326104, 2.65256), (4.238145, 0.285698, 2.496999)
(4.238145, 0.285698, 2.496999), (4.241236, 0.297166, 2.652583), (4.391605, 0.259764, 2.497421)
(4.238145, 0.285698, 2.496999), (4.391605, 0.259764, 2.497421), (4.388013, 0.249935, 2.34203)
(4.391605, 0.259764, 2.497421), (4.394629, 0.269569, 2.65298), (4.544911, 0.237157, 2.498102)
(4.391605, 0.259764, 2.497421), (4.544911, 0.237157, 2.498102), (4.541378, 0.230364, 2.342685)
(4.544911, 0.237157, 2.498102), (4.547903, 0.243788, 2.653633), (4.698141, 0.218131, 2.498928)
(4.544911, 0.237157, 2.498102), (4.698141, 0.218131, 2.498928), (4.69453, 0.216466, 2.343532)
(4.698141, 0.218131, 2.498928), (4.851222, 0.203652, 2.499879), (4.847414, 0.208988, 2.344522)
(4.698141, 0.218131, 2.498928), (4.701121, 0.220468, 2.654437), (4.851222, 0.203652, 2.499879)
# 5.041383749980003, 0, 2.30340081664667
(4.838263, 0.228695, 2.033936), (4.990378, 0.24341, 2.035106), (4.985279, 0.26552, 1.879812)
(4.838263, 0.228695, 2.033936), (4.842986, 0.217813, 2.189232), (4.990378, 0.24341, 2.035106)
(4.990378, 0.24341, 2.035106), (5.142083, 0.267124, 2.036441), (5.136868, 0.295149, 1.881174)
(4.990378, 0.24341, 2.035106), (4.995346, 0.224963, 2.190375), (5.142083, 0.267124, 2.036441)
(5.142083, 0.267124, 2.036441), (5.293405, 0.299052, 2.037931), (5.288206, 0.331456, 1.882685)
(5.142083, 0.267124, 2.036441), (5.147288, 0.241048, 2.191669), (5.293405, 0.299052, 2.037931)
(5.293405, 0.299052, 2.037931), (5.444452, 0.337614, 2.039545), (5.439433, 0.372509, 1.8843)
(5.293405, 0.299052, 2.037931), (5.298753, 0.266645, 2.193124), (5.444452, 0.337614, 2.039545)
(4.842986, 0.217813, 2.189232), (4.847414, 0.208988, 2.344522), (4.995346, 0.224963, 2.190375)
(4.842986, 0.217813, 2.189232), (4.995346, 0.224963, 2.190375), (4.990378, 0.24341, 2.035106)
(4.995346, 0.224963, 2.190375), (4.999987, 0.208781, 2.34564), (5.147288, 0.241048, 2.191669)
(4.995346, 0.224963, 2.190375), (5.147288, 0.241048, 2.191669), (5.142083, 0.267124, 2.036441)
(5.147288, 0.241048, 2.191669), (5.152197, 0.216913, 2.346894), (5.298753, 0.266645, 2.193124)
(5.147288, 0.241048, 2.191669), (5.298753, 0.266645, 2.193124), (5.293405, 0.299052, 2.037931)
(5.298753, 0.266645, 2.193124), (5.303879, 0.235708, 2.348314), (5.449794, 0.301138, 2.194719)
(5.298753, 0.266645, 2.193124), (5.449794, 0.301138, 2.194719), (5.444452, 0.337614, 2.039545)
(4.847414, 0.208988, 2.344522), (4.999987, 0.208781, 2.34564), (4.995346, 0.224963, 2.190375)
(4.847414, 0.208988, 2.344522), (4.851222, 0.203652, 2.499879), (4.999987, 0.208781, 2.34564)
(4.999987, 0.208781, 2.34564), (5.152197, 0.216913, 2.346894), (5.147288, 0.241048, 2.191669)
(4.999987, 0.208781, 2.34564), (5.004024, 0.195758, 2.500958), (5.152197, 0.216913, 2.346894)
(5.152197, 0.216913, 2.346894), (5.303879, 0.235708, 2.348314), (5.298753, 0.266645, 2.193124)
(5.152197, 0.216913, 2.346894), (5.156426, 0.196926, 2.502188), (5.303879, 0.235708, 2.348314)
(5.303879, 0.235708, 2.348314), (5.45508, 0.264643, 2.349878), (5.449794, 0.301138, 2.194719)
(5.303879, 0.235708, 2.348314), (5.308439, 0.208025, 2.503561), (5.45508, 0.264643, 2.349878)
(4.851222, 0.203652, 2.499879), (4.854266, 0.200479, 2.655353), (5.004024, 0.195758, 2.500958)
(4.851222, 0.203652, 2.499879), (5.004024, 0.195758, 2.500958), (4.999987, 0.208781, 2.34564)
(5.004024, 0.195758, 2.500958), (5.156426, 0.196926, 2.502188), (5.152197, 0.216913, 2.346894)
(5.004024, 0.195758, 2.500958), (5.007181, 0.186324, 2.656402), (5.156426, 0.196926, 2.502188)
(5.156426, 0.196926, 2.502188), (5.159826, 0.180451, 2.657588), (5.308439, 0.208025, 2.503561)
(5.156426, 0.196926, 2.502188), (5.308439, 0.208025, 2.503561), (5.303879, 0.235708, 2.348314)
(5.308439, 0.208025, 2.503561), (5.459955, 0.230392, 2.505083), (5.45508, 0.264643, 2.349878)
(5.308439, 0.208025, 2.503561), (5.312143, 0.184868, 2.658923), (5.459955, 0.230392, 2.505083)
# 5.709153983313337, 0, 2.30340081664667
(5.444452, 0.337614, 2.039545), (5.595443, 0.380412, 2.041229), (5.590742, 0.415664, 1.885958)
(5.444452, 0.337614, 2.039545), (5.449794, 0.301138, 2.194719), (5.595443, 0.380412, 2.041229)
(5.595443, 0.380412, 2.041229), (5.746605, 0.424758, 2.042939), (5.742329, 0.458565, 1.887617)
(5.595443, 0.380412, 2.041229), (5.600625, 0.341864, 2.196404), (5.746605, 0.424758, 2.042939)
(5.746605, 0.424758, 2.042939), (5.898092, 0.469002, 2.044664), (5.894253, 0.500423, 1.889278)
(5.746605, 0.424758, 2.042939), (5.751459, 0.386514, 2.198143), (5.898092, 0.469002, 2.044664)
(5.898092, 0.469002, 2.044664), (6.04998, 0.512361, 2.046407), (6.046563, 0.540909, 1.890954)
(5.898092, 0.469002, 2.044664), (5.902521, 0.432773, 2.199914), (6.04998, 0.512361, 2.046407)
(5.449794, 0.301138, 2.194719), (5.45508, 0.264643, 2.349878), (5.600625, 0.341864, 2.196404)
(5.449794, 0.301138, 2.194719), (5.600625, 0.341864, 2.196404), (5.595443, 0.380412, 2.041229)
(5.600625, 0.341864, 2.196404), (5.605911, 0.302209, 2.35155), (5.751459, 0.386514, 2.198143)
(5.600625, 0.341864, 2.196404), (5.751459, 0.386514, 2.198143), (5.746605, 0.424758, 2.042939)
(5.751459, 0.386514, 2.198143), (5.756573, 0.345968, 2.353294), (5.902521, 0.432773, 2.199914)
(5.751459, 0.386514, 2.198143), (5.902521, 0.432773, 2.199914), (5.898092, 0.469002, 2.044664)
(5.902521, 0.432773, 2.199914), (5.90732, 0.393334, 2.355087), (6.053996, 0.4788, 2.201709)
(5.902521, 0.432773, 2.199914), (6.053996, 0.4788, 2.201709), (6.04998, 0.512361, 2.046407)
(5.45508, 0.264643, 2.349878), (5.605911, 0.302209, 2.35155), (5.600625, 0.341864, 2.196404)
(5.45508, 0.264643, 2.349878), (5.459955, 0.230392, 2.505083), (5.605911, 0.302209, 2.35155)
(5.605911, 0.302209, 2.35155), (5.756573, 0.345968, 2.353294), (5.751459, 0.386514, 2.198143)
(5.605911, 0.302209, 2.35155), (5.61098, 0.263546, 2.506726), (5.756573, 0.345968, 2.353294)
(5.756573, 0.345968, 2.353294), (5.90732, 0.393334, 2.355087), (5.902521, 0.432773, 2.199914)
(5.756573, 0.345968, 2.353294), (5.761659, 0.305397, 2.508457), (5.90732, 0.393334, 2.355087)
(5.90732, 0.393334, 2.355087), (6.058391, 0.441777, 2.356914), (6.053996, 0.4788, 2.201709)
(5.90732, 0.393334, 2.355087), (5.91228, 0.352475, 2.510239), (6.058391, 0.441777, 2.356914)
(5.459955, 0.230392, 2.505083), (5.464062, 0.200597, 2.660399), (5.61098, 0.263546, 2.506726)
(5.459955, 0.230392, 2.505083), (5.61098, 0.263546, 2.506726), (5.605911, 0.302209, 2.35155)
(5.61098, 0.263546, 2.506726), (5.615443, 0.228668, 2.662001), (5.761659, 0.305397, 2.508457)
(5.61098, 0.263546, 2.506726), (5.761659, 0.305397, 2.508457), (5.756573, 0.345968, 2.353294)
(5.761659, 0.305397, 2.508457), (5.766387, 0.266911, 2.663685), (5.91228, 0.352475, 2.510239)
(5.761659, 0.305397, 2.508457), (5.91228, 0.352475, 2.510239), (5.90732, 0.393334, 2.355087)
(5.91228, 0.352475, 2.510239), (6.063077, 0.40228, 2.512066), (6.058391, 0.441777, 2.356914)
(5.91228, 0.352475, 2.510239), (5.917101, 0.312353, 2.665427), (6.063077, 0.40228, 2.512066)
# 6.376924216646669, 0, 2.30340081664667
(6.04998, 0.512361, 2.046407), (6.202338, 0.554397, 2.048189), (6.199261, 0.580315, 1.892682)
(6.04998, 0.512361, 2.046407), (6.053996, 0.4788, 2.201709), (6.202338, 0.554397, 2.048189)
(6.202338, 0.554397, 2.048189), (6.355147, 0.595536, 2.050055), (6.352349, 0.619129, 1.894511)
(6.202338, 0.554397, 2.048189), (6.205935, 0.523928, 2.203541), (6.355147, 0.595536, 2.050055)
(6.355147, 0.595536, 2.050055), (6.508368, 0.636526, 2.052061), (6.505761, 0.658345, 1.896504)
(6.355147, 0.595536, 2.050055), (6.358405, 0.567874, 2.205441), (6.508368, 0.636526, 2.052061)
(6.508368, 0.636526, 2.052061), (6.661988, 0.677956, 2.054259), (6.659536, 0.698374, 1.89871)
(6.508368, 0.636526, 2.052061), (6.511328, 0.611385, 2.207459), (6.661988, 0.677956, 2.054259)
(6.661988, 0.677956, 2.054259), (6.816103, 0.72002, 2.056699), (6.813737, 0.739486, 1.90117)
(6.661988, 0.677956, 2.054259), (6.664779, 0.654665, 2.209652), (6.816103, 0.72002, 2.056699)
(6.053996, 0.4788, 2.201709), (6.058391, 0.441777, 2.356914), (6.205935, 0.523928, 2.203541)
(6.053996, 0.4788, 2.201709), (6.205935, 0.523928, 2.203541), (6.202338, 0.554397, 2.048189)
(6.205935, 0.523928, 2.203541), (6.209922, 0.489842, 2.358778), (6.358405, 0.567874, 2.205441)
(6.205935, 0.523928, 2.203541), (6.358405, 0.567874, 2.205441), (6.355147, 0.595536, 2.050055)
(6.358405, 0.567874, 2.205441), (6.361987, 0.536921, 2.360699), (6.511328, 0.611385, 2.207459)
(6.358405, 0.567874, 2.205441), (6.511328, 0.611385, 2.207459), (6.508368, 0.636526, 2.052061)
(6.511328, 0.611385, 2.207459), (6.514585, 0.58319, 2.362721), (6.664779, 0.654665, 2.209652)
(6.511328, 0.611385, 2.207459), (6.664779, 0.654665, 2.209652), (6.661988, 0.677956, 2.054259)
(6.664779, 0.654665, 2.209652), (6.667751, 0.628911, 2.364896), (6.818731, 0.698308, 2.212064)
(6.664779, 0.654665, 2.209652), (6.818731, 0.698308, 2.212064), (6.816103, 0.72002, 2.056699)
(6.058391, 0.441777, 2.356914), (6.209922, 0.489842, 2.358778), (6.205935, 0.523928, 2.203541)
(6.058391, 0.441777, 2.356914), (6.063077, 0.40228, 2.512066), (6.209922, 0.489842, 2.358778)
(6.209922, 0.489842, 2.358778), (6.361987, 0.536921, 2.360699), (6.358405, 0.567874, 2.205441)
(6.209922, 0.489842, 2.358778), (6.214251, 0.452808, 2.513937), (6.361987, 0.536921, 2.360699)
(6.361987, 0.536921, 2.360699), (6.514585, 0.58319, 2.362721), (6.511328, 0.611385, 2.207459)
(6.361987, 0.536921, 2.360699), (6.365946, 0.502812, 2.515866), (6.514585, 0.58319, 2.362721)
(6.514585, 0.58319, 2.362721), (6.667751, 0.628911, 2.364896), (6.664779, 0.654665, 2.209652)
(6.514585, 0.58319, 2.362721), (6.518187, 0.552045, 2.517882), (6.667751, 0.628911, 2.364896)
(6.667751, 0.628911, 2.364896), (6.821501, 0.674464, 2.36727), (6.818731, 0.698308, 2.212064)
(6.667751, 0.628911, 2.364896), (6.671028, 0.600511, 2.520029), (6.821501, 0.674464, 2.36727)
(6.063077, 0.40228, 2.512066), (6.067818, 0.362235, 2.66722), (6.214251, 0.452808, 2.513937)
(6.063077, 0.40228, 2.512066), (6.214251, 0.452808, 2.513937), (6.209922, 0.489842, 2.358778)
(6.214251, 0.452808, 2.513937), (6.365946, 0.502812, 2.515866), (6.361987, 0.536921, 2.360699)
(6.214251, 0.452808, 2.513937), (6.218775, 0.414254, 2.669069), (6.365946, 0.502812, 2.515866)
(6.365946, 0.502812, 2.515866), (6.370158, 0.466657, 2.670978), (6.518187, 0.552045, 2.517882)
(6.365946, 0.502812, 2.515866), (6.518187, 0.552045, 2.517882), (6.514585, 0.58319, 2.362721)
(6.518187, 0.552045, 2.517882), (6.671028, 0.600511, 2.520029), (6.667751, 0.628911, 2.364896)
(6.518187, 0.552045, 2.517882), (6.52208, 0.518599, 2.672971), (6.671028, 0.600511, 2.520029)
(6.671028, 0.600511, 2.520029), (6.674597, 0.569816, 2.67508), (6.824518, 0.648365, 2.522355)
(6.671028, 0.600511, 2.520029), (6.824518, 0.648365, 2.522355), (6.821501, 0.674464, 2.36727)
# 7.044694449980003, 0, 2.30340081664667
(6.816103, 0.72002, 2.056699), (6.970762, 0.762916, 2.059405), (6.968484, 0.781685, 1.903908)
(6.816103, 0.72002, 2.056699), (6.818731, 0.698308, 2.212064), (6.970762, 0.762916, 2.059405)
(6.970762, 0.762916, 2.059405), (7.126033, 0.806445, 2.062381), (7.123787, 0.824783, 1.90691)
(6.970762, 0.762916, 2.059405), (6.973254, 0.74237, 2.214724), (7.126033, 0.806445, 2.062381)
(7.126033, 0.806445, 2.062381), (7.281971, 0.850284, 2.065618), (7.279774, 0.86832, 1.910167)
(7.126033, 0.806445, 2.062381), (7.128433, 0.78669, 2.21765), (7.281971, 0.850284, 2.065618)
(7.281971, 0.850284, 2.065618), (7.43876, 0.893822, 2.069102), (7.436564, 0.911758, 1.913657)
(7.281971, 0.850284, 2.065618), (7.284383, 0.830889, 2.220843), (7.43876, 0.893822, 2.069102)
(6.818731, 0.698308, 2.212064), (6.821501, 0.674464, 2.36727), (6.973254, 0.74237, 2.214724)
(6.818731, 0.698308, 2.212064), (6.973254, 0.74237, 2.214724), (6.970762, 0.762916, 2.059405)
(6.973254, 0.74237, 2.214724), (6.975837, 0.72009, 2.369873), (7.128433, 0.78669, 2.21765)
(6.973254, 0.74237, 2.214724), (7.128433, 0.78669, 2.21765), (7.126033, 0.806445, 2.062381)
(7.128433, 0.78669, 2.21765), (7.130908, 0.765489, 2.372736), (7.284383, 0.830889, 2.220843)
(7.128433, 0.78669, 2.21765), (7.284383, 0.830889, 2.220843), (7.281971, 0.850284, 2.065618)
(7.284383, 0.830889, 2.220843), (7.286757, 0.810467, 2.375861), (7.441113, 0.874696, 2.224286)
(7.284383, 0.830889, 2.220843), (7.441113, 0.874696, 2.224286), (7.43876, 0.893822, 2.069102)
(6.821501, 0.674464, 2.36727), (6.975837, 0.72009, 2.369873), (6.973254, 0.74237, 2.214724)
(6.821501, 0.674464, 2.36727), (6.824518, 0.648365, 2.522355), (6.975837, 0.72009, 2.369873)
(6.975837, 0.72009, 2.369873), (7.130908, 0.765489, 2.372736), (7.128433, 0.78669, 2.21765)
(6.975837, 0.72009, 2.369873), (6.978743, 0.695592, 2.524904), (7.130908, 0.765489, 2.372736)
(7.130908, 0.765489, 2.372736), (7.286757, 0.810467, 2.375861), (7.284383, 0.830889, 2.220843)
(7.130908, 0.765489, 2.372736), (7.133645, 0.742415, 2.527683), (7.286757, 0.810467, 2.375861)
(7.286757, 0.810467, 2.375861), (7.443421, 0.8547, 2.379243), (7.441113, 0.874696, 2.224286)
(7.286757, 0.810467, 2.375861), (7.289298, 0.788542, 2.53071), (7.443421, 0.8547, 2.379243)
(6.824518, 0.648365, 2.522355), (6.827821, 0.620088, 2.677349), (6.978743, 0.695592, 2.524904)
(6.824518, 0.648365, 2.522355), (6.978743, 0.695592, 2.524904), (6.975837, 0.72009, 2.369873)
(6.978743, 0.695592, 2.524904), (6.981801, 0.6694, 2.679818), (7.133645, 0.742415, 2.527683)
(6.978743, 0.695592, 2.524904), (7.133645, 0.742415, 2.527683), (7.130908, 0.765489, 2.372736)
(7.133645, 0.742415, 2.527683), (7.289298, 0.788542, 2.53071), (7.286757, 0.810467, 2.375861)
(7.133645, 0.742415, 2.527683), (7.136528, 0.717782, 2.682504), (7.289298, 0.788542, 2.53071)
(7.289298, 0.788542, 2.53071), (7.292015, 0.765109, 2.685419), (7.445822, 0.83348, 2.533998)
(7.289298, 0.788542, 2.53071), (7.445822, 0.83348, 2.533998), (7.443421, 0.8547, 2.379243)
# 7.712464683313336, 0, 2.30340081664667
(7.43876, 0.893822, 2.069102), (7.596482, 0.936525, 2.072811), (7.594295, 0.954483, 1.917354)
(7.43876, 0.893822, 2.069102), (7.441113, 0.874696, 2.224286), (7.596482, 0.936525, 2.072811)
(7.596482, 0.936525, 2.072811), (7.755137, 0.978088, 2.076734), (7.752944, 0.996223, 1.921243)
(7.596482, 0.936525, 2.072811), (7.598811, 0.917389, 2.227973), (7.755137, 0.978088, 2.076734)
(7.755137, 0.978088, 2.076734), (7.914762, 1.018233, 2.080872), (7.912622, 1.036542, 1.925312)
(7.755137, 0.978088, 2.076734), (7.757399, 0.958878, 2.231896), (7.914762, 1.018233, 2.080872)
(7.914762, 1.018233, 2.080872), (8.07554, 1.056359, 2.085208), (8.073414, 1.075071, 1.929552)
(7.914762, 1.018233, 2.080872), (7.917047, 0.998523, 2.236055), (8.07554, 1.056359, 2.085208)
(7.441113, 0.874696, 2.224286), (7.443421, 0.8547, 2.379243), (7.598811, 0.917389, 2.227973)
(7.441113, 0.874696, 2.224286), (7.598811, 0.917389, 2.227973), (7.596482, 0.936525, 2.072811)
(7.598811, 0.917389, 2.227973), (7.601027, 0.897617, 2.382881), (7.757399, 0.958878, 2.231896)
(7.598811, 0.917389, 2.227973), (7.757399, 0.958878, 2.231896), (7.755137, 0.978088, 2.076734)
(7.757399, 0.958878, 2.231896), (7.759552, 0.939019, 2.386772), (7.917047, 0.998523, 2.236055)
(7.757399, 0.958878, 2.231896), (7.917047, 0.998523, 2.236055), (7.914762, 1.018233, 2.080872)
(7.917047, 0.998523, 2.236055), (7.919099, 0.978448, 2.390925), (8.077724, 1.036282, 2.240456)
(7.917047, 0.998523, 2.236055), (8.077724, 1.036282, 2.240456), (8.07554, 1.056359, 2.085208)
(7.443421, 0.8547, 2.379243), (7.601027, 0.897617, 2.382881), (7.598811, 0.917389, 2.227973)
(7.443421, 0.8547, 2.379243), (7.445822, 0.83348, 2.533998), (7.601027, 0.897617, 2.382881)
(7.601027, 0.897617, 2.382881), (7.759552, 0.939019, 2.386772), (7.757399, 0.958878, 2.231896)
(7.601027, 0.897617, 2.382881), (7.60333, 0.876654, 2.537555), (7.759552, 0.939019, 2.386772)
(7.759552, 0.939019, 2.386772), (7.919099, 0.978448, 2.390925), (7.917047, 0.998523, 2.236055)
(7.759552, 0.939019, 2.386772), (7.761726, 0.918126, 2.541376), (7.919099, 0.978448, 2.390925)
(7.919099, 0.978448, 2.390925), (8.079688, 1.015713, 2.395353), (8.077724, 1.036282, 2.240456)
(7.919099, 0.978448, 2.390925), (7.921112, 0.957437, 2.545481), (8.079688, 1.015713, 2.395353)
(7.445822, 0.83348, 2.533998), (7.60333, 0.876654, 2.537555), (7.601027, 0.897617, 2.382881)
(7.445822, 0.83348, 2.533998), (7.44841, 0.810769, 2.688591), (7.60333, 0.876654, 2.537555)
(7.60333, 0.876654, 2.537555), (7.605734, 0.854471, 2.692027), (7.761726, 0.918126, 2.541376)
(7.60333, 0.876654, 2.537555), (7.761726, 0.918126, 2.541376), (7.759552, 0.939019, 2.386772)
(7.761726, 0.918126, 2.541376), (7.921112, 0.957437, 2.545481), (7.919099, 0.978448, 2.390925)
(7.761726, 0.918126, 2.541376), (7.763988, 0.895996, 2.695743), (7.921112, 0.957437, 2.545481)
(7.921112, 0.957437, 2.545481), (7.923173, 0.935232, 2.699757), (8.081552, 0.994266, 2.549893)
(7.921112, 0.957437, 2.545481), (8.081552, 0.994266, 2.549893), (8.079688, 1.015713, 2.395353)
# 8.380234916646671, 0, 2.30340081664667
(8.07554, 1.056359, 2.085208), (8.237463, 1.092355, 2.089751), (8.235434, 1.111399, 1.933948)
(8.07554, 1.056359, 2.085208), (8.077724, 1.036282, 2.240456), (8.237463, 1.092355, 2.089751)
(8.237463, 1.092355, 2.089751), (8.400504, 1.126237, 2.094519), (8.398525, 1.145924, 1.938543)
(8.237463, 1.092355, 2.089751), (8.239497, 1.071888, 2.245108), (8.400504, 1.126237, 2.094519)
(8.400504, 1.126237, 2.094519), (8.564642, 1.158046, 2.099526), (8.56278, 1.178381, 1.943329)
(8.400504, 1.126237, 2.094519), (8.402392, 1.105162, 2.250022), (8.564642, 1.158046, 2.099526)
(8.564642, 1.158046, 2.099526), (8.729953, 1.187376, 2.104742), (8.72821, 1.208645, 1.948303)
(8.564642, 1.158046, 2.099526), (8.566426, 1.13592, 2.255189), (8.729953, 1.187376, 2.104742)
(8.077724, 1.036282, 2.240456), (8.079688, 1.015713, 2.395353), (8.239497, 1.071888, 2.245108)
(8.077724, 1.036282, 2.240456), (8.239497, 1.071888, 2.245108), (8.237463, 1.092355, 2.089751)
(8.239497, 1.071888, 2.245108), (8.241293, 1.050836, 2.400074), (8.402392, 1.105162, 2.250022)
(8.239497, 1.071888, 2.245108), (8.402392, 1.105162, 2.250022), (8.400504, 1.126237, 2.094519)
(8.402392, 1.105162, 2.250022), (8.404041, 1.083311, 2.405087), (8.566426, 1.13592, 2.255189)
(8.402392, 1.105162, 2.250022), (8.566426, 1.13592, 2.255189), (8.564642, 1.158046, 2.099526)
(8.566426, 1.13592, 2.255189), (8.567868, 1.113219, 2.410393), (8.731501, 1.164405, 2.260617)
(8.566426, 1.13592, 2.255189), (8.731501, 1.164405, 2.260617), (8.729953, 1.187376, 2.104742)
(8.079688, 1.015713, 2.395353), (8.241293, 1.050836, 2.400074), (8.239497, 1.071888, 2.245108)
(8.079688, 1.015713, 2.395353), (8.081552, 0.994266, 2.549893), (8.241293, 1.050836, 2.400074)
(8.241293, 1.050836, 2.400074), (8.404041, 1.083311, 2.405087), (8.402392, 1.105162, 2.250022)
(8.241293, 1.050836, 2.400074), (8.243104, 1.028307, 2.554624), (8.404041, 1.083311, 2.405087)
(8.404041, 1.083311, 2.405087), (8.567868, 1.113219, 2.410393), (8.566426, 1.13592, 2.255189)
(8.404041, 1.083311, 2.405087), (8.40561, 1.060087, 2.559688), (8.567868, 1.113219, 2.410393)
(8.567868, 1.113219, 2.410393), (8.732697, 1.140666, 2.415983), (8.731501, 1.164405, 2.260617)
(8.567868, 1.113219, 2.410393), (8.569099, 1.089425, 2.565089), (8.732697, 1.140666, 2.415983)
(8.081552, 0.994266, 2.549893), (8.08343, 0.971585, 2.704105), (8.243104, 1.028307, 2.554624)
(8.081552, 0.994266, 2.549893), (8.243104, 1.028307, 2.554624), (8.241293, 1.050836, 2.400074)
(8.243104, 1.028307, 2.554624), (8.24474, 1.005052, 2.708805), (8.40561, 1.060087, 2.559688)
(8.243104, 1.028307, 2.554624), (8.40561, 1.060087, 2.559688), (8.404041, 1.083311, 2.405087)
(8.40561, 1.060087, 2.559688), (8.569099, 1.089425, 2.565089), (8.567868, 1.113219, 2.410393)
(8.40561, 1.060087, 2.559688), (8.406996, 1.036015, 2.713865), (8.569099, 1.089425, 2.565089)
(8.569099, 1.089425, 2.565089), (8.570161, 1.064536, 2.719295), (8.733594, 1.115983, 2.570799)
(8.569099, 1.089425, 2.565089), (8.733594, 1.115983, 2.570799), (8.732697, 1.140666, 2.415983)
# 9.048005149980003, 0, 2.30340081664667
(8.729953, 1.187376, 2.104742), (8.896343, 1.214315, 2.110163), (8.894786, 1.236633, 1.953459)
(8.729953, 1.187376, 2.104742), (8.731501, 1.164405, 2.260617), (8.896343, 1.214315, 2.110163)
(8.896343, 1.214315, 2.110163), (9.063682, 1.239079, 2.115799), (9.062379, 1.262567, 1.958816)
(8.896343, 1.214315, 2.110163), (8.897616, 1.190256, 2.266263), (9.063682, 1.239079, 2.115799)
(9.063682, 1.239079, 2.115799), (9.231862, 1.261553, 2.121621), (9.230902, 1.286257, 1.964352)
(9.063682, 1.239079, 2.115799), (9.0646, 1.213876, 2.27214), (9.231862, 1.261553, 2.121621)
(9.231862, 1.261553, 2.121621), (9.400748, 1.281314, 2.127552), (9.400204, 1.307459, 1.970024)
(9.231862, 1.261553, 2.121621), (9.232365, 1.234875, 2.278173), (9.400748, 1.281314, 2.127552)
(8.731501, 1.164405, 2.260617), (8.732697, 1.140666, 2.415983), (8.897616, 1.190256, 2.266263)
(8.731501, 1.164405, 2.260617), (8.897616, 1.190256, 2.266263), (8.896343, 1.214315, 2.110163)
(8.897616, 1.190256, 2.266263), (8.898489, 1.165424, 2.421816), (9.0646, 1.213876, 2.27214)
(8.897616, 1.190256, 2.266263), (9.0646, 1.213876, 2.27214), (9.063682, 1.239079, 2.115799)
(9.0646, 1.213876, 2.27214), (9.065093, 1.18774, 2.427879), (9.232365, 1.234875, 2.278173)
(9.0646, 1.213876, 2.27214), (9.232365, 1.234875, 2.278173), (9.231862, 1.261553, 2.121621)
(9.232365, 1.234875, 2.278173), (9.232401, 1.20734, 2.434093), (9.400743, 1.253184, 2.284313)
(9.232365, 1.234875, 2.278173), (9.400743, 1.253184, 2.284313), (9.400748, 1.281314, 2.127552)
(8.732697, 1.140666, 2.415983), (8.898489, 1.165424, 2.421816), (8.897616, 1.190256, 2.266263)
(8.732697, 1.140666, 2.415983), (8.733594, 1.115983, 2.570799), (8.898489, 1.165424, 2.421816)
(8.898489, 1.165424, 2.421816), (9.065093, 1.18774, 2.427879), (9.0646, 1.213876, 2.27214)
(8.898489, 1.165424, 2.421816), (8.89903, 1.139563, 2.576761), (9.065093, 1.18774, 2.427879)
(9.065093, 1.18774, 2.427879), (9.232401, 1.20734, 2.434093), (9.232365, 1.234875, 2.278173)
(9.065093, 1.18774, 2.427879), (9.065203, 1.160647, 2.582963), (9.232401, 1.20734, 2.434093)
(9.232401, 1.20734, 2.434093), (9.400248, 1.224055, 2.440378), (9.400743, 1.253184, 2.284313)
(9.232401, 1.20734, 2.434093), (9.232014, 1.178895, 2.589312), (9.400248, 1.224055, 2.440378)
(8.733594, 1.115983, 2.570799), (8.89903, 1.139563, 2.576761), (8.898489, 1.165424, 2.421816)
(8.733594, 1.115983, 2.570799), (8.734303, 1.090066, 2.725057), (8.89903, 1.139563, 2.576761)
(8.89903, 1.139563, 2.576761), (8.8993, 1.1127, 2.731103), (9.065203, 1.160647, 2.582963)
(8.89903, 1.139563, 2.576761), (9.065203, 1.160647, 2.582963), (9.065093, 1.18774, 2.427879)
(9.065203, 1.160647, 2.582963), (9.232014, 1.178895, 2.589312), (9.232401, 1.20734, 2.434093)
(9.065203, 1.160647, 2.582963), (9.065006, 1.13254, 2.737378), (9.232014, 1.178895, 2.589312)
(9.232014, 1.178895, 2.589312), (9.231282, 1.149498, 2.743801), (9.399294, 1.193996, 2.595682)
(9.232014, 1.178895, 2.589312), (9.399294, 1.193996, 2.595682), (9.400248, 1.224055, 2.440378)
# 9.71577538331334, 0, 2.30340081664667
(9.400204, 1.307459, 1.970024), (9.57007, 1.325786, 1.975763), (9.569378, 1.351344, 1.817329)
(9.400204, 1.307459, 1.970024), (9.400748, 1.281314, 2.127552), (9.57007, 1.325786, 1.975763)
(9.57007, 1.325786, 1.975763), (9.570127, 1.298177, 2.133525), (9.740253, 1.341216, 1.981532)
(9.57007, 1.325786, 1.975763), (9.740253, 1.341216, 1.981532), (9.740015, 1.36816, 1.822878)
(9.740253, 1.341216, 1.981532), (9.91045, 1.353155, 1.987218), (9.910646, 1.38136, 1.828396)
(9.740253, 1.341216, 1.981532), (9.739753, 1.311917, 2.139458), (9.91045, 1.353155, 1.987218)
(9.91045, 1.353155, 1.987218), (9.909383, 1.322288, 2.14527), (10.080279, 1.360981, 1.992673)
(9.91045, 1.353155, 1.987218), (10.080279, 1.360981, 1.992673), (10.080843, 1.390315, 1.833757)
(9.400748, 1.281314, 2.127552), (9.570127, 1.298177, 2.133525), (9.57007, 1.325786, 1.975763)
(9.400748, 1.281314, 2.127552), (9.400743, 1.253184, 2.284313), (9.570127, 1.298177, 2.133525)
(9.570127, 1.298177, 2.133525), (9.739753, 1.311917, 2.139458), (9.740253, 1.341216, 1.981532)
(9.570127, 1.298177, 2.133525), (9.569547, 1.268492, 2.290465), (9.739753, 1.311917, 2.139458)
(9.739753, 1.311917, 2.139458), (9.909383, 1.322288, 2.14527), (9.91045, 1.353155, 1.987218)
(9.739753, 1.311917, 2.139458), (9.73854, 1.280501, 2.296515), (9.909383, 1.322288, 2.14527)
(9.909383, 1.322288, 2.14527), (10.078648, 1.328493, 2.150763), (10.080279, 1.360981, 1.992673)
(9.909383, 1.322288, 2.14527), (9.907449, 1.288794, 2.302323), (10.078648, 1.328493, 2.150763)
(9.400743, 1.253184, 2.284313), (9.400248, 1.224055, 2.440378), (9.569547, 1.268492, 2.290465)
(9.400743, 1.253184, 2.284313), (9.569547, 1.268492, 2.290465), (9.570127, 1.298177, 2.133525)
(9.569547, 1.268492, 2.290465), (9.568447, 1.237719, 2.446651), (9.73854, 1.280501, 2.296515)
(9.569547, 1.268492, 2.290465), (9.73854, 1.280501, 2.296515), (9.739753, 1.311917, 2.139458)
(9.73854, 1.280501, 2.296515), (9.736756, 1.247834, 2.45274), (9.907449, 1.288794, 2.302323)
(9.73854, 1.280501, 2.296515), (9.907449, 1.288794, 2.302323), (9.909383, 1.322288, 2.14527)
(9.907449, 1.288794, 2.302323), (9.904932, 1.254177, 2.458531), (10.076052, 1.293339, 2.307842)
(9.907449, 1.288794, 2.302323), (10.076052, 1.293339, 2.307842), (10.078648, 1.328493, 2.150763)
(9.400248, 1.224055, 2.440378), (9.568447, 1.237719, 2.446651), (9.569547, 1.268492, 2.290465)
(9.400248, 1.224055, 2.440378), (9.399294, 1.193996, 2.595682), (9.568447, 1.237719, 2.446651)
(9.568447, 1.237719, 2.446651), (9.736756, 1.247834, 2.45274), (9.73854, 1.280501, 2.296515)
(9.568447, 1.237719, 2.446651), (9.566833, 1.205636, 2.601931), (9.736756, 1.247834, 2.45274)
(9.736756, 1.247834, 2.45274), (9.904932, 1.254177, 2.458531), (9.907449, 1.288794, 2.302323)
(9.736756, 1.247834, 2.45274), (9.734428, 1.213898, 2.608007), (9.904932, 1.254177, 2.458531)
(9.904932, 1.254177, 2.458531), (10.072738, 1.256567, 2.463925), (10.076052, 1.293339, 2.307842)
(9.904932, 1.254177, 2.458531), (9.901856, 1.218425, 2.613763), (10.072738, 1.256567, 2.463925)
(9.399294, 1.193996, 2.595682), (9.397964, 1.163031, 2.750191), (9.566833, 1.205636, 2.601931)
(9.399294, 1.193996, 2.595682), (9.566833, 1.205636, 2.601931), (9.568447, 1.237719, 2.446651)
(9.566833, 1.205636, 2.601931), (9.564834, 1.172984, 2.756417), (9.734428, 1.213898, 2.608007)
(9.566833, 1.205636, 2.601931), (9.734428, 1.213898, 2.608007), (9.736756, 1.247834, 2.45274)
(9.734428, 1.213898, 2.608007), (9.901856, 1.218425, 2.613763), (9.904932, 1.254177, 2.458531)
(9.734428, 1.213898, 2.608007), (9.731697, 1.179399, 2.76241), (9.901856, 1.218425, 2.613763)
(9.901856, 1.218425, 2.613763), (9.898351, 1.182017, 2.768041), (10.068867, 1.2188, 2.619025)
(9.901856, 1.218425, 2.613763), (10.068867, 1.2188, 2.619025), (10.072738, 1.256567, 2.463925)
