# -19.66611488335333, 0, 4.30671151664667
(-19.897446, -0.306268, 4.046351), (-19.897465, -0.307334, 4.199597), (-19.742958, -0.266934, 4.050316)
(-19.897446, -0.306268, 4.046351), (-19.742958, -0.266934, 4.050316), (-19.742418, -0.267402, 3.89741)
(-19.742958, -0.266934, 4.050316), (-19.742506, -0.27016, 4.203323), (-19.593403, -0.211407, 4.055235)
(-19.742958, -0.266934, 4.050316), (-19.593403, -0.211407, 4.055235), (-19.593288, -0.210191, 3.902406)
(-19.593403, -0.211407, 4.055235), (-19.592585, -0.216129, 4.208155), (-19.448473, -0.141362, 4.061057)
(-19.593403, -0.211407, 4.055235), (-19.448473, -0.141362, 4.061057), (-19.448698, -0.139015, 3.908147)
(-19.448473, -0.141362, 4.061057), (-19.447418, -0.146884, 4.214033), (-19.307375, -0.060115, 4.067602)
(-19.448473, -0.141362, 4.061057), (-19.307375, -0.060115, 4.067602), (-19.307791, -0.057259, 3.91448)
(-19.897465, -0.307334, 4.199597), (-19.742506, -0.27016, 4.203323), (-19.742958, -0.266934, 4.050316)
(-19.897465, -0.307334, 4.199597), (-19.896532, -0.312053, 4.353178), (-19.742506, -0.27016, 4.203323)
(-19.742506, -0.27016, 4.203323), (-19.592585, -0.216129, 4.208155), (-19.593403, -0.211407, 4.055235)
(-19.742506, -0.27016, 4.203323), (-19.741146, -0.276844, 4.356691), (-19.592585, -0.216129, 4.208155)
(-19.592585, -0.216129, 4.208155), (-19.447418, -0.146884, 4.214033), (-19.448473, -0.141362, 4.061057)
(-19.592585, -0.216129, 4.208155), (-19.590811, -0.224462, 4.361426), (-19.447418, -0.146884, 4.214033)
(-19.447418, -0.146884, 4.214033), (-19.306202, -0.065736, 4.220765), (-19.307375, -0.060115, 4.067602)
(-19.447418, -0.146884, 4.214033), (-19.445286, -0.156412, 4.367331), (-19.306202, -0.065736, 4.220765)
(-19.896532, -0.312053, 4.353178), (-19.741146, -0.276844, 4.356691), (-19.742506, -0.27016, 4.203323)
(-19.896532, -0.312053, 4.353178), (-19.894753, -0.319639, 4.507363), (-19.741146, -0.276844, 4.356691)
(-19.741146, -0.276844, 4.356691), (-19.738876, -0.286649, 4.51069), (-19.590811, -0.224462, 4.361426)
(-19.741146, -0.276844, 4.356691), (-19.590811, -0.224462, 4.361426), (-19.592585, -0.216129, 4.208155)
(-19.590811, -0.224462, 4.361426), (-19.445286, -0.156412, 4.367331), (-19.447418, -0.146884, 4.214033)
(-19.590811, -0.224462, 4.361426), (-19.588163, -0.235888, 4.515319), (-19.445286, -0.156412, 4.367331)
(-19.445286, -0.156412, 4.367331), (-19.442455, -0.16864, 4.521194), (-19.303885, -0.075752, 4.374198)
(-19.445286, -0.156412, 4.367331), (-19.303885, -0.075752, 4.374198), (-19.306202, -0.065736, 4.220765)
(-19.894753, -0.319639, 4.507363), (-19.738876, -0.286649, 4.51069), (-19.741146, -0.276844, 4.356691)
(-19.894753, -0.319639, 4.507363), (-19.891781, -0.331803, 4.662404), (-19.738876, -0.286649, 4.51069)
(-19.738876, -0.286649, 4.51069), (-19.588163, -0.235888, 4.515319), (-19.590811, -0.224462, 4.361426)
(-19.738876, -0.286649, 4.51069), (-19.735401, -0.301224, 4.665569), (-19.588163, -0.235888, 4.515319)
(-19.588163, -0.235888, 4.515319), (-19.442455, -0.16864, 4.521194), (-19.445286, -0.156412, 4.367331)
(-19.588163, -0.235888, 4.515319), (-19.584311, -0.252257, 4.670069), (-19.442455, -0.16864, 4.521194)
(-19.442455, -0.16864, 4.521194), (-19.301043, -0.088051, 4.528117), (-19.303885, -0.075752, 4.374198)
(-19.442455, -0.16864, 4.521194), (-19.438379, -0.18612, 4.675852), (-19.301043, -0.088051, 4.528117)
# -18.99834465002, 0, 4.30671151664667
(-19.307375, -0.060115, 4.067602), (-19.306202, -0.065736, 4.220765), (-19.168974, 0.028239, 4.074625)
(-19.307375, -0.060115, 4.067602), (-19.168974, 0.028239, 4.074625), (-19.169456, 0.030997, 3.921186)
(-19.168974, 0.028239, 4.074625), (-19.167763, 0.022807, 4.228092), (-19.031738, 0.118502, 4.081846)
(-19.168974, 0.028239, 4.074625), (-19.031738, 0.118502, 4.081846), (-19.032345, 0.121347, 3.928046)
(-19.031738, 0.118502, 4.081846), (-19.030544, 0.113347, 4.235689), (-18.893955, 0.204921, 4.088951)
(-19.031738, 0.118502, 4.081846), (-18.893955, 0.204921, 4.088951), (-18.894632, 0.207749, 3.934759)
(-18.893955, 0.204921, 4.088951), (-18.892839, 0.200043, 4.243142), (-18.753937, 0.282136, 4.095595)
(-18.893955, 0.204921, 4.088951), (-18.753937, 0.282136, 4.095595), (-18.754591, 0.284975, 3.941036)
(-18.753937, 0.282136, 4.095595), (-18.752979, 0.277731, 4.250094), (-18.610418, 0.346448, 4.101479)
(-18.753937, 0.282136, 4.095595), (-18.610418, 0.346448, 4.101479), (-18.610937, 0.349175, 3.946658)
(-19.306202, -0.065736, 4.220765), (-19.167763, 0.022807, 4.228092), (-19.168974, 0.028239, 4.074625)
(-19.306202, -0.065736, 4.220765), (-19.303885, -0.075752, 4.374198), (-19.167763, 0.022807, 4.228092)
(-19.167763, 0.022807, 4.228092), (-19.030544, 0.113347, 4.235689), (-19.031738, 0.118502, 4.081846)
(-19.167763, 0.022807, 4.228092), (-19.165546, 0.013404, 4.381762), (-19.030544, 0.113347, 4.235689)
(-19.030544, 0.113347, 4.235689), (-18.892839, 0.200043, 4.243142), (-18.893955, 0.204921, 4.088951)
(-19.030544, 0.113347, 4.235689), (-19.028658, 0.105254, 4.389657), (-18.892839, 0.200043, 4.243142)
(-18.892839, 0.200043, 4.243142), (-18.752979, 0.277731, 4.250094), (-18.753937, 0.282136, 4.095595)
(-18.892839, 0.200043, 4.243142), (-18.891342, 0.19338, 4.397438), (-18.752979, 0.277731, 4.250094)
(-18.752979, 0.277731, 4.250094), (-18.609737, 0.342692, 4.256225), (-18.610418, 0.346448, 4.101479)
(-18.752979, 0.277731, 4.250094), (-18.751863, 0.272233, 4.404673), (-18.609737, 0.342692, 4.256225)
(-19.303885, -0.075752, 4.374198), (-19.165546, 0.013404, 4.381762), (-19.167763, 0.022807, 4.228092)
(-19.303885, -0.075752, 4.374198), (-19.301043, -0.088051, 4.528117), (-19.165546, 0.013404, 4.381762)
(-19.165546, 0.013404, 4.381762), (-19.162794, 0.001299, 4.53581), (-19.028658, 0.105254, 4.389657)
(-19.165546, 0.013404, 4.381762), (-19.028658, 0.105254, 4.389657), (-19.030544, 0.113347, 4.235689)
(-19.028658, 0.105254, 4.389657), (-18.891342, 0.19338, 4.397438), (-18.892839, 0.200043, 4.243142)
(-19.028658, 0.105254, 4.389657), (-19.026106, 0.093907, 4.543899), (-18.891342, 0.19338, 4.397438)
(-18.891342, 0.19338, 4.397438), (-18.889194, 0.183491, 4.551904), (-18.751863, 0.272233, 4.404673)
(-18.891342, 0.19338, 4.397438), (-18.751863, 0.272233, 4.404673), (-18.752979, 0.277731, 4.250094)
(-18.751863, 0.272233, 4.404673), (-18.609011, 0.338262, 4.41101), (-18.609737, 0.342692, 4.256225)
(-18.751863, 0.272233, 4.404673), (-18.75042, 0.26482, 4.559386), (-18.609011, 0.338262, 4.41101)
(-19.301043, -0.088051, 4.528117), (-19.162794, 0.001299, 4.53581), (-19.165546, 0.013404, 4.381762)
(-19.301043, -0.088051, 4.528117), (-19.296921, -0.105879, 4.682723), (-19.162794, 0.001299, 4.53581)
(-19.162794, 0.001299, 4.53581), (-19.026106, 0.093907, 4.543899), (-19.028658, 0.105254, 4.389657)
(-19.162794, 0.001299, 4.53581), (-19.158907, -0.015666, 4.690429), (-19.026106, 0.093907, 4.543899)
(-19.026106, 0.093907, 4.543899), (-18.889194, 0.183491, 4.551904), (-18.891342, 0.19338, 4.397438)
(-19.026106, 0.093907, 4.543899), (-19.022738, 0.078695, 4.698576), (-18.889194, 0.183491, 4.551904)
(-18.889194, 0.183491, 4.551904), (-18.75042, 0.26482, 4.559386), (-18.751863, 0.272233, 4.404673)
(-18.889194, 0.183491, 4.551904), (-18.886482, 0.170576, 4.706681), (-18.75042, 0.26482, 4.559386)
(-18.75042, 0.26482, 4.559386), (-18.608028, 0.332281, 4.565875), (-18.609011, 0.338262, 4.41101)
(-18.75042, 0.26482, 4.559386), (-18.748295, 0.253966, 4.714267), (-18.608028, 0.332281, 4.565875)
# -18.330574416686666, 0, 4.30671151664667
(-18.610418, 0.346448, 4.101479), (-18.609737, 0.342692, 4.256225), (-18.463612, 0.399129, 4.106647)
(-18.610418, 0.346448, 4.101479), (-18.463612, 0.399129, 4.106647), (-18.464035, 0.402025, 3.951713)
(-18.463612, 0.399129, 4.106647), (-18.463144, 0.395691, 4.261509), (-18.314274, 0.443313, 4.111324)
(-18.463612, 0.399129, 4.106647), (-18.314274, 0.443313, 4.111324), (-18.314642, 0.446519, 3.956388)
(-18.314274, 0.443313, 4.111324), (-18.313898, 0.439817, 4.266189), (-18.163214, 0.482296, 4.115771)
(-18.314274, 0.443313, 4.111324), (-18.163214, 0.482296, 4.115771), (-18.163599, 0.485982, 3.960909)
(-18.163214, 0.482296, 4.115771), (-18.162895, 0.478664, 4.270571), (-18.011042, 0.518446, 4.120172)
(-18.163214, 0.482296, 4.115771), (-18.011042, 0.518446, 4.120172), (-18.011457, 0.522612, 3.965424)
(-18.011042, 0.518446, 4.120172), (-18.010685, 0.51441, 4.274851), (-17.858135, 0.552967, 4.124601)
(-18.011042, 0.518446, 4.120172), (-17.858135, 0.552967, 4.124601), (-17.858625, 0.557773, 3.970005)
(-18.609737, 0.342692, 4.256225), (-18.463144, 0.395691, 4.261509), (-18.463612, 0.399129, 4.106647)
(-18.609737, 0.342692, 4.256225), (-18.609011, 0.338262, 4.41101), (-18.463144, 0.395691, 4.261509)
(-18.463144, 0.395691, 4.261509), (-18.313898, 0.439817, 4.266189), (-18.314274, 0.443313, 4.111324)
(-18.463144, 0.395691, 4.261509), (-18.462704, 0.391936, 4.41639), (-18.313898, 0.439817, 4.266189)
(-18.313898, 0.439817, 4.266189), (-18.162895, 0.478664, 4.270571), (-18.163214, 0.482296, 4.115771)
(-18.313898, 0.439817, 4.266189), (-18.313648, 0.436423, 4.421066), (-18.162895, 0.478664, 4.270571)
(-18.162895, 0.478664, 4.270571), (-18.010685, 0.51441, 4.274851), (-18.011042, 0.518446, 4.120172)
(-18.162895, 0.478664, 4.270571), (-18.162666, 0.475141, 4.425361), (-18.010685, 0.51441, 4.274851)
(-18.010685, 0.51441, 4.274851), (-17.857691, 0.54834, 4.279122), (-17.858135, 0.552967, 4.124601)
(-18.010685, 0.51441, 4.274851), (-18.010422, 0.510579, 4.429508), (-17.857691, 0.54834, 4.279122)
(-18.609011, 0.338262, 4.41101), (-18.608028, 0.332281, 4.565875), (-18.462704, 0.391936, 4.41639)
(-18.609011, 0.338262, 4.41101), (-18.462704, 0.391936, 4.41639), (-18.463144, 0.395691, 4.261509)
(-18.462704, 0.391936, 4.41639), (-18.313648, 0.436423, 4.421066), (-18.313898, 0.439817, 4.266189)
(-18.462704, 0.391936, 4.41639), (-18.462147, 0.387282, 4.571332), (-18.313648, 0.436423, 4.421066)
(-18.313648, 0.436423, 4.421066), (-18.313328, 0.432476, 4.57598), (-18.162666, 0.475141, 4.425361)
(-18.313648, 0.436423, 4.421066), (-18.162666, 0.475141, 4.425361), (-18.162895, 0.478664, 4.270571)
(-18.162666, 0.475141, 4.425361), (-18.010422, 0.510579, 4.429508), (-18.010685, 0.51441, 4.274851)
(-18.162666, 0.475141, 4.425361), (-18.162458, 0.47149, 4.580177), (-18.010422, 0.510579, 4.429508)
(-18.010422, 0.510579, 4.429508), (-18.010159, 0.506678, 4.584172), (-17.857321, 0.543941, 4.433609)
(-18.010422, 0.510579, 4.429508), (-17.857321, 0.543941, 4.433609), (-17.857691, 0.54834, 4.279122)
(-18.608028, 0.332281, 4.565875), (-18.462147, 0.387282, 4.571332), (-18.462704, 0.391936, 4.41639)
(-18.608028, 0.332281, 4.565875), (-18.606655, 0.324174, 4.720871), (-18.462147, 0.387282, 4.571332)
(-18.462147, 0.387282, 4.571332), (-18.313328, 0.432476, 4.57598), (-18.313648, 0.436423, 4.421066)
(-18.462147, 0.387282, 4.571332), (-18.461334, 0.381229, 4.726369), (-18.313328, 0.432476, 4.57598)
(-18.313328, 0.432476, 4.57598), (-18.162458, 0.47149, 4.580177), (-18.162666, 0.475141, 4.425361)
(-18.313328, 0.432476, 4.57598), (-18.312843, 0.427648, 4.730968), (-18.162458, 0.47149, 4.580177)
(-18.162458, 0.47149, 4.580177), (-18.010159, 0.506678, 4.584172), (-18.010422, 0.510579, 4.429508)
(-18.162458, 0.47149, 4.580177), (-18.162086, 0.467153, 4.735043), (-18.010159, 0.506678, 4.584172)
(-18.010159, 0.506678, 4.584172), (-17.856955, 0.539573, 4.58809), (-17.857321, 0.543941, 4.433609)
(-18.010159, 0.506678, 4.584172), (-18.009823, 0.502484, 4.738873), (-17.856955, 0.539573, 4.58809)
# -17.662804183353337, 0, 4.30671151664667
(-17.705257, 0.591812, 3.974649), (-17.551443, 0.624795, 3.979326), (-17.552244, 0.631613, 3.824993)
(-17.705257, 0.591812, 3.974649), (-17.704647, 0.586202, 4.129066), (-17.551443, 0.624795, 3.979326)
(-17.551443, 0.624795, 3.979326), (-17.397243, 0.656543, 3.98398), (-17.398193, 0.664521, 3.82987)
(-17.551443, 0.624795, 3.979326), (-17.55068, 0.618182, 4.133536), (-17.397243, 0.656543, 3.98398)
(-17.397243, 0.656543, 3.98398), (-17.242735, 0.686992, 3.988579), (-17.243843, 0.696243, 3.834705)
(-17.397243, 0.656543, 3.98398), (-17.396322, 0.648808, 4.137971), (-17.242735, 0.686992, 3.988579)
(-17.858135, 0.552967, 4.124601), (-17.857691, 0.54834, 4.279122), (-17.704647, 0.586202, 4.129066)
(-17.858135, 0.552967, 4.124601), (-17.704647, 0.586202, 4.129066), (-17.705257, 0.591812, 3.974649)
(-17.704647, 0.586202, 4.129066), (-17.704065, 0.580755, 4.283397), (-17.55068, 0.618182, 4.133536)
(-17.704647, 0.586202, 4.129066), (-17.55068, 0.618182, 4.133536), (-17.551443, 0.624795, 3.979326)
(-17.55068, 0.618182, 4.133536), (-17.549938, 0.611742, 4.287655), (-17.396322, 0.648808, 4.137971)
(-17.55068, 0.618182, 4.133536), (-17.396322, 0.648808, 4.137971), (-17.397243, 0.656543, 3.98398)
(-17.396322, 0.648808, 4.137971), (-17.395409, 0.641201, 4.291862), (-17.241642, 0.677961, 4.142331)
(-17.396322, 0.648808, 4.137971), (-17.241642, 0.677961, 4.142331), (-17.242735, 0.686992, 3.988579)
(-17.857691, 0.54834, 4.279122), (-17.704065, 0.580755, 4.283397), (-17.704647, 0.586202, 4.129066)
(-17.857691, 0.54834, 4.279122), (-17.857321, 0.543941, 4.433609), (-17.704065, 0.580755, 4.283397)
(-17.704065, 0.580755, 4.283397), (-17.549938, 0.611742, 4.287655), (-17.55068, 0.618182, 4.133536)
(-17.704065, 0.580755, 4.283397), (-17.703554, 0.575607, 4.437688), (-17.549938, 0.611742, 4.287655)
(-17.549938, 0.611742, 4.287655), (-17.395409, 0.641201, 4.291862), (-17.396322, 0.648808, 4.137971)
(-17.549938, 0.611742, 4.287655), (-17.549242, 0.605551, 4.441727), (-17.395409, 0.641201, 4.291862)
(-17.395409, 0.641201, 4.291862), (-17.240536, 0.669023, 4.295979), (-17.241642, 0.677961, 4.142331)
(-17.395409, 0.641201, 4.291862), (-17.394506, 0.63377, 4.445698), (-17.240536, 0.669023, 4.295979)
(-17.857321, 0.543941, 4.433609), (-17.703554, 0.575607, 4.437688), (-17.704065, 0.580755, 4.283397)
(-17.857321, 0.543941, 4.433609), (-17.856955, 0.539573, 4.58809), (-17.703554, 0.575607, 4.437688)
(-17.703554, 0.575607, 4.437688), (-17.703037, 0.57048, 4.59196), (-17.549242, 0.605551, 4.441727)
(-17.703554, 0.575607, 4.437688), (-17.549242, 0.605551, 4.441727), (-17.549938, 0.611742, 4.287655)
(-17.549242, 0.605551, 4.441727), (-17.394506, 0.63377, 4.445698), (-17.395409, 0.641201, 4.291862)
(-17.549242, 0.605551, 4.441727), (-17.548542, 0.599424, 4.595773), (-17.394506, 0.63377, 4.445698)
(-17.394506, 0.63377, 4.445698), (-17.393579, 0.626321, 4.599495), (-17.239426, 0.660217, 4.449566)
(-17.394506, 0.63377, 4.445698), (-17.239426, 0.660217, 4.449566), (-17.240536, 0.669023, 4.295979)
(-17.856955, 0.539573, 4.58809), (-17.703037, 0.57048, 4.59196), (-17.703554, 0.575607, 4.437688)
(-17.856955, 0.539573, 4.58809), (-17.856537, 0.535023, 4.74259), (-17.703037, 0.57048, 4.59196)
(-17.703037, 0.57048, 4.59196), (-17.548542, 0.599424, 4.595773), (-17.549242, 0.605551, 4.441727)
(-17.703037, 0.57048, 4.59196), (-17.70245, 0.565151, 4.746233), (-17.548542, 0.599424, 4.595773)
(-17.548542, 0.599424, 4.595773), (-17.393579, 0.626321, 4.599495), (-17.394506, 0.63377, 4.445698)
(-17.548542, 0.599424, 4.595773), (-17.547745, 0.592964, 4.749798), (-17.393579, 0.626321, 4.599495)
(-17.393579, 0.626321, 4.599495), (-17.238287, 0.651372, 4.603108), (-17.239426, 0.660217, 4.449566)
(-17.393579, 0.626321, 4.599495), (-17.392582, 0.618621, 4.753264), (-17.238287, 0.651372, 4.603108)
# -16.99503395002, 0, 4.30671151664667
(-17.242735, 0.686992, 3.988579), (-17.087933, 0.715849, 3.99306), (-17.089212, 0.726513, 3.839437)
(-17.242735, 0.686992, 3.988579), (-17.241642, 0.677961, 4.142331), (-17.087933, 0.715849, 3.99306)
(-17.087933, 0.715849, 3.99306), (-16.932859, 0.742887, 3.997367), (-16.934292, 0.754961, 3.843983)
(-17.087933, 0.715849, 3.99306), (-17.08666, 0.70542, 4.146565), (-16.932859, 0.742887, 3.997367)
(-16.932859, 0.742887, 3.997367), (-16.777494, 0.76765, 4.001406), (-16.779121, 0.781453, 3.848315)
(-16.932859, 0.742887, 3.997367), (-16.931396, 0.730909, 4.150609), (-16.777494, 0.76765, 4.001406)
(-16.777494, 0.76765, 4.001406), (-16.621923, 0.790433, 4.005221), (-16.62369, 0.805646, 3.852355)
(-16.777494, 0.76765, 4.001406), (-16.775873, 0.754254, 4.154418), (-16.621923, 0.790433, 4.005221)
(-16.662931, 1.241911, 4.006654), (-16.680281, 1.246321, 3.908891), (-16.71217, 1.24191, 4.015354)
(-16.662931, 1.241911, 4.006654), (-16.639158, 1.23238, 4.002023), (-16.656477, 1.236791, 3.904411)
(-16.662931, 1.241911, 4.006654), (-16.71217, 1.24191, 4.015354), (-16.694096, 1.237633, 4.113355)
(-16.662931, 1.241911, 4.006654), (-16.644917, 1.237633, 4.104331), (-16.639158, 1.23238, 4.002023)
(-16.71217, 1.24191, 4.015354), (-16.761406, 1.24191, 4.024055), (-16.694096, 1.237633, 4.113355)
(-16.761406, 1.24191, 4.024055), (-16.778872, 1.246321, 3.92562), (-16.802822, 1.23679, 3.929242)
(-16.761406, 1.24191, 4.024055), (-16.743275, 1.237632, 4.12238), (-16.694096, 1.237633, 4.113355)
(-16.971365, 0.477679, 4.026789), (-17.023169, 1.241908, 4.070313), (-16.989019, 0.482136, 3.925911)
(-16.785326, 1.232379, 4.027853), (-16.761406, 1.24191, 4.024055), (-16.802822, 1.23679, 3.929242)
(-16.785326, 1.232379, 4.027853), (-16.802822, 1.23679, 3.929242), (-16.954184, 1.236789, 3.954926)
(-16.93651, 1.232378, 4.054571), (-16.785326, 1.232379, 4.027853), (-16.954184, 1.236789, 3.954926)
(-16.93651, 1.232378, 4.054571), (-16.954184, 1.236789, 3.954926), (-16.977419, 1.24632, 3.95931)
(-16.959719, 1.241909, 4.059101), (-16.93651, 1.232378, 4.054571), (-16.977419, 1.24632, 3.95931)
(-16.959719, 1.241909, 4.059101), (-16.977419, 1.24632, 3.95931), (-17.040941, 1.24632, 3.970089)
(-17.023169, 1.241908, 4.070313), (-16.959719, 1.241909, 4.059101), (-17.040941, 1.24632, 3.970089)
(-17.023169, 1.241908, 4.070313), (-17.040941, 1.24632, 3.970089), (-16.989019, 0.482136, 3.925911)
(-16.694096, 1.237633, 4.113355), (-16.743275, 1.237632, 4.12238), (-16.676029, 1.233355, 4.211352)
(-16.743275, 1.237632, 4.12238), (-16.761406, 1.24191, 4.024055), (-16.785326, 1.232379, 4.027853)
(-16.743275, 1.237632, 4.12238), (-16.725147, 1.233355, 4.2207), (-16.676029, 1.233355, 4.211352)
(-16.767168, 1.2281, 4.126348), (-16.743275, 1.237632, 4.12238), (-16.785326, 1.232379, 4.027853)
(-16.767168, 1.2281, 4.126348), (-16.785326, 1.232379, 4.027853), (-16.93651, 1.232378, 4.054571)
(-16.953032, 0.473357, 4.127467), (-17.004725, 1.237629, 4.170359), (-16.971365, 0.477679, 4.026789)
(-17.241642, 0.677961, 4.142331), (-17.240536, 0.669023, 4.295979), (-17.08666, 0.70542, 4.146565)
(-17.241642, 0.677961, 4.142331), (-17.08666, 0.70542, 4.146565), (-17.087933, 0.715849, 3.99306)
(-17.08666, 0.70542, 4.146565), (-17.08535, 0.694962, 4.299949), (-16.931396, 0.730909, 4.150609)
(-17.08666, 0.70542, 4.146565), (-16.931396, 0.730909, 4.150609), (-16.932859, 0.742887, 3.997367)
(-16.931396, 0.730909, 4.150609), (-16.929901, 0.718979, 4.303743), (-16.775873, 0.754254, 4.154418)
(-16.931396, 0.730909, 4.150609), (-16.775873, 0.754254, 4.154418), (-16.777494, 0.76765, 4.001406)
(-16.918173, 1.228099, 4.154059), (-16.767168, 1.2281, 4.126348), (-16.93651, 1.232378, 4.054571)
(-16.918173, 1.228099, 4.154059), (-16.93651, 1.232378, 4.054571), (-16.959719, 1.241909, 4.059101)
(-16.775873, 0.754254, 4.154418), (-16.774199, 0.740789, 4.307298), (-16.620146, 0.775611, 4.158)
(-16.775873, 0.754254, 4.154418), (-16.620146, 0.775611, 4.158), (-16.621923, 0.790433, 4.005221)
(-16.941351, 1.23763, 4.158729), (-16.918173, 1.228099, 4.154059), (-16.959719, 1.241909, 4.059101)
(-16.941351, 1.23763, 4.158729), (-16.959719, 1.241909, 4.059101), (-17.023169, 1.241908, 4.070313)
(-17.004725, 1.237629, 4.170359), (-16.941351, 1.23763, 4.158729), (-17.023169, 1.241908, 4.070313)
(-17.004725, 1.237629, 4.170359), (-17.023169, 1.241908, 4.070313), (-16.971365, 0.477679, 4.026789)
(-16.676029, 1.233355, 4.211352), (-16.725147, 1.233355, 4.2207), (-16.657108, 1.229246, 4.309202)
(-16.725147, 1.233355, 4.2207), (-16.743275, 1.237632, 4.12238), (-16.767168, 1.2281, 4.126348)
(-16.725147, 1.233355, 4.2207), (-16.706169, 1.229246, 4.318855), (-16.657108, 1.229246, 4.309202)
(-16.74901, 1.223823, 4.224837), (-16.725147, 1.233355, 4.2207), (-16.767168, 1.2281, 4.126348)
(-16.74901, 1.223823, 4.224837), (-16.767168, 1.2281, 4.126348), (-16.918173, 1.228099, 4.154059)
(-16.934687, 0.469039, 4.228137), (-16.986277, 1.233353, 4.270398), (-16.953032, 0.473357, 4.127467)
(-16.899832, 1.223822, 4.253541), (-16.74901, 1.223823, 4.224837), (-16.918173, 1.228099, 4.154059)
(-16.899832, 1.223822, 4.253541), (-16.918173, 1.228099, 4.154059), (-16.941351, 1.23763, 4.158729)
(-16.922979, 1.233353, 4.258352), (-16.899832, 1.223822, 4.253541), (-16.941351, 1.23763, 4.158729)
(-16.922979, 1.233353, 4.258352), (-16.941351, 1.23763, 4.158729), (-17.004725, 1.237629, 4.170359)
(-16.986277, 1.233353, 4.270398), (-16.922979, 1.233353, 4.258352), (-17.004725, 1.237629, 4.170359)
(-16.986277, 1.233353, 4.270398), (-17.004725, 1.237629, 4.170359), (-16.953032, 0.473357, 4.127467)
(-17.240536, 0.669023, 4.295979), (-17.08535, 0.694962, 4.299949), (-17.08666, 0.70542, 4.146565)
(-17.240536, 0.669023, 4.295979), (-17.239426, 0.660217, 4.449566), (-17.08535, 0.694962, 4.299949)
(-17.08535, 0.694962, 4.299949), (-16.929901, 0.718979, 4.303743), (-16.931396, 0.730909, 4.150609)
(-17.08535, 0.694962, 4.299949), (-17.084049, 0.684783, 4.453294), (-16.929901, 0.718979, 4.303743)
(-16.929901, 0.718979, 4.303743), (-16.774199, 0.740789, 4.307298), (-16.775873, 0.754254, 4.154418)
(-16.929901, 0.718979, 4.303743), (-16.9284, 0.707251, 4.456829), (-16.774199, 0.740789, 4.307298)
(-16.774199, 0.740789, 4.307298), (-16.618305, 0.760671, 4.310636), (-16.620146, 0.775611, 4.158)
(-16.774199, 0.740789, 4.307298), (-16.77253, 0.727693, 4.460155), (-16.618305, 0.760671, 4.310636)
(-16.706169, 1.229246, 4.318855), (-16.725147, 1.233355, 4.2207), (-16.74901, 1.223823, 4.224837)
(-16.706169, 1.229246, 4.318855), (-16.686083, 1.225358, 4.416805), (-16.637081, 1.225358, 4.406873)
(-16.730003, 1.219713, 4.323151), (-16.706169, 1.229246, 4.318855), (-16.74901, 1.223823, 4.224837)
(-16.730003, 1.219713, 4.323151), (-16.74901, 1.223823, 4.224837), (-16.899832, 1.223822, 4.253541)
(-16.91548, 0.464892, 4.328501), (-16.966986, 1.229245, 4.370172), (-16.934687, 0.469039, 4.228137)
(-16.880642, 1.219713, 4.352789), (-16.730003, 1.219713, 4.323151), (-16.899832, 1.223822, 4.253541)
(-16.880642, 1.219713, 4.352789), (-16.899832, 1.223822, 4.253541), (-16.922979, 1.233353, 4.258352)
(-16.903765, 1.229245, 4.357732), (-16.880642, 1.219713, 4.352789), (-16.922979, 1.233353, 4.258352)
(-16.903765, 1.229245, 4.357732), (-16.922979, 1.233353, 4.258352), (-16.986277, 1.233353, 4.270398)
(-16.966986, 1.229245, 4.370172), (-16.903765, 1.229245, 4.357732), (-16.986277, 1.233353, 4.270398)
(-16.966986, 1.229245, 4.370172), (-16.986277, 1.233353, 4.270398), (-16.934687, 0.469039, 4.228137)
(-16.686083, 1.225358, 4.416805), (-16.706169, 1.229246, 4.318855), (-16.730003, 1.219713, 4.323151)
(-16.686083, 1.225358, 4.416805), (-16.665997, 1.221469, 4.51476), (-16.617048, 1.22147, 4.504549)
(-16.709888, 1.215825, 4.421248), (-16.686083, 1.225358, 4.416805), (-16.730003, 1.219713, 4.323151)
(-16.709888, 1.215825, 4.421248), (-16.730003, 1.219713, 4.323151), (-16.880642, 1.219713, 4.352789)
(-16.895163, 0.460969, 4.428478), (-16.946604, 1.225356, 4.469608), (-16.91548, 0.464892, 4.328501)
(-17.239426, 0.660217, 4.449566), (-17.084049, 0.684783, 4.453294), (-17.08535, 0.694962, 4.299949)
(-17.239426, 0.660217, 4.449566), (-17.238287, 0.651372, 4.603108), (-17.084049, 0.684783, 4.453294)
(-16.860359, 1.215823, 4.451745), (-16.709888, 1.215825, 4.421248), (-16.880642, 1.219713, 4.352789)
(-16.860359, 1.215823, 4.451745), (-16.880642, 1.219713, 4.352789), (-16.903765, 1.229245, 4.357732)
(-17.084049, 0.684783, 4.453294), (-17.082706, 0.674506, 4.606582), (-16.9284, 0.707251, 4.456829)
(-17.084049, 0.684783, 4.453294), (-16.9284, 0.707251, 4.456829), (-16.929901, 0.718979, 4.303743)
(-16.883451, 1.225356, 4.456809), (-16.860359, 1.215823, 4.451745), (-16.903765, 1.229245, 4.357732)
(-16.883451, 1.225356, 4.456809), (-16.903765, 1.229245, 4.357732), (-16.966986, 1.229245, 4.370172)
(-16.9284, 0.707251, 4.456829), (-16.77253, 0.727693, 4.460155), (-16.774199, 0.740789, 4.307298)
(-16.9284, 0.707251, 4.456829), (-16.926888, 0.695695, 4.609887), (-16.77253, 0.727693, 4.460155)
(-16.77253, 0.727693, 4.460155), (-16.77083, 0.714638, 4.612965), (-16.61647, 0.746184, 4.463262)
(-16.77253, 0.727693, 4.460155), (-16.61647, 0.746184, 4.463262), (-16.618305, 0.760671, 4.310636)
(-16.946604, 1.225356, 4.469608), (-16.883451, 1.225356, 4.456809), (-16.966986, 1.229245, 4.370172)
(-16.946604, 1.225356, 4.469608), (-16.966986, 1.229245, 4.370172), (-16.91548, 0.464892, 4.328501)
(-16.665997, 1.221469, 4.51476), (-16.686083, 1.225358, 4.416805), (-16.709888, 1.215825, 4.421248)
(-16.665997, 1.221469, 4.51476), (-16.645617, 1.21764, 4.612649), (-16.596727, 1.21764, 4.602166)
(-16.689775, 1.211936, 4.519349), (-16.665997, 1.221469, 4.51476), (-16.709888, 1.215825, 4.421248)
(-16.689775, 1.211936, 4.519349), (-16.709888, 1.215825, 4.421248), (-16.860359, 1.215823, 4.451745)
(-16.87483, 0.457048, 4.528459), (-16.92621, 1.221468, 4.569047), (-16.895163, 0.460969, 4.428478)
(-16.840069, 1.211935, 4.550703), (-16.689775, 1.211936, 4.519349), (-16.860359, 1.215823, 4.451745)
(-16.840069, 1.211935, 4.550703), (-16.860359, 1.215823, 4.451745), (-16.883451, 1.225356, 4.456809)
(-16.863132, 1.221468, 4.555889), (-16.840069, 1.211935, 4.550703), (-16.883451, 1.225356, 4.456809)
(-16.863132, 1.221468, 4.555889), (-16.883451, 1.225356, 4.456809), (-16.946604, 1.225356, 4.469608)
(-16.92621, 1.221468, 4.569047), (-16.863132, 1.221468, 4.555889), (-16.946604, 1.225356, 4.469608)
(-16.92621, 1.221468, 4.569047), (-16.946604, 1.225356, 4.469608), (-16.895163, 0.460969, 4.428478)
(-17.238287, 0.651372, 4.603108), (-17.082706, 0.674506, 4.606582), (-17.084049, 0.684783, 4.453294)
(-17.238287, 0.651372, 4.603108), (-17.237085, 0.642319, 4.756618), (-17.082706, 0.674506, 4.606582)
(-17.082706, 0.674506, 4.606582), (-16.926888, 0.695695, 4.609887), (-16.9284, 0.707251, 4.456829)
(-17.082706, 0.674506, 4.606582), (-17.081314, 0.664057, 4.759834), (-16.926888, 0.695695, 4.609887)
(-16.926888, 0.695695, 4.609887), (-16.77083, 0.714638, 4.612965), (-16.77253, 0.727693, 4.460155)
(-16.926888, 0.695695, 4.609887), (-16.925299, 0.683735, 4.762877), (-16.77083, 0.714638, 4.612965)
(-16.77083, 0.714638, 4.612965), (-16.614616, 0.731878, 4.615856), (-16.61647, 0.746184, 4.463262)
(-16.77083, 0.714638, 4.612965), (-16.769098, 0.701509, 4.765735), (-16.614616, 0.731878, 4.615856)
(-16.669369, 1.208106, 4.617379), (-16.645617, 1.21764, 4.612649), (-16.689775, 1.211936, 4.519349)
(-16.669369, 1.208106, 4.617379), (-16.689775, 1.211936, 4.519349), (-16.840069, 1.211935, 4.550703)
(-16.854204, 0.453188, 4.628315), (-16.905523, 1.217639, 4.668378), (-16.87483, 0.457048, 4.528459)
# -16.32726371668667, 0, 4.30671151664667
(-16.487974, 1.232381, 3.975307), (-16.464619, 1.241912, 3.971608), (-16.481733, 1.246322, 3.875201)
(-16.487974, 1.232381, 3.975307), (-16.470167, 1.228104, 4.071846), (-16.464619, 1.241912, 3.971608)
(-16.639158, 1.23238, 4.002023), (-16.487974, 1.232381, 3.975307), (-16.505116, 1.236792, 3.878727)
(-16.639158, 1.23238, 4.002023), (-16.621172, 1.228102, 4.099556), (-16.487974, 1.232381, 3.975307)
(-16.621923, 0.790433, 4.005221), (-16.466114, 0.810741, 4.008706), (-16.468012, 0.827319, 3.856051)
(-16.621923, 0.790433, 4.005221), (-16.620146, 0.775611, 4.158), (-16.466114, 0.810741, 4.008706)
(-16.466114, 0.810741, 4.008706), (-16.310062, 0.828274, 4.011792), (-16.312063, 0.845983, 3.8593)
(-16.466114, 0.810741, 4.008706), (-16.464188, 0.794516, 4.161262), (-16.310062, 0.828274, 4.011792)
(-16.310062, 0.828274, 4.011792), (-16.153746, 0.842496, 4.014372), (-16.155895, 0.86182, 3.862144)
(-16.310062, 0.828274, 4.011792), (-16.307987, 0.810572, 4.164113), (-16.153746, 0.842496, 4.014372)
(-16.153746, 0.842496, 4.014372), (-15.997268, 0.854165, 4.016599), (-15.999489, 0.87435, 3.864482)
(-16.153746, 0.842496, 4.014372), (-16.151585, 0.823921, 4.166576), (-15.997268, 0.854165, 4.016599)
(-15.997268, 0.854165, 4.016599), (-15.840559, 0.862296, 4.018268), (-15.842837, 0.883185, 3.866231)
(-15.997268, 0.854165, 4.016599), (-15.995018, 0.83471, 4.168681), (-15.840559, 0.862296, 4.018268)
(-16.389233, 1.237636, 4.05741), (-16.46534, 0.434353, 4.036264), (-16.483091, 0.438675, 3.938749)
(-16.389233, 1.237636, 4.05741), (-16.37154, 1.233357, 4.1534), (-16.46534, 0.434353, 4.036264)
(-16.446842, 1.237636, 4.067981), (-16.389233, 1.237636, 4.05741), (-16.406944, 1.241913, 3.961416)
(-16.446842, 1.237636, 4.067981), (-16.429075, 1.233357, 4.164351), (-16.389233, 1.237636, 4.05741)
(-16.470167, 1.228104, 4.071846), (-16.446842, 1.237636, 4.067981), (-16.464619, 1.241912, 3.971608)
(-16.470167, 1.228104, 4.071846), (-16.452375, 1.223825, 4.168381), (-16.446842, 1.237636, 4.067981)
(-16.621172, 1.228102, 4.099556), (-16.470167, 1.228104, 4.071846), (-16.487974, 1.232381, 3.975307)
(-16.621172, 1.228102, 4.099556), (-16.603193, 1.223824, 4.197085), (-16.470167, 1.228104, 4.071846)
(-16.644917, 1.237633, 4.104331), (-16.662931, 1.241911, 4.006654), (-16.694096, 1.237633, 4.113355)
(-16.644917, 1.237633, 4.104331), (-16.621172, 1.228102, 4.099556), (-16.639158, 1.23238, 4.002023)
(-16.644917, 1.237633, 4.104331), (-16.694096, 1.237633, 4.113355), (-16.676029, 1.233355, 4.211352)
(-16.644917, 1.237633, 4.104331), (-16.626911, 1.233356, 4.202003), (-16.621172, 1.228102, 4.099556)
(-16.37154, 1.233357, 4.1534), (-16.447594, 0.43003, 4.133776), (-16.46534, 0.434353, 4.036264)
(-16.37154, 1.233357, 4.1534), (-16.352985, 1.229248, 4.249364), (-16.447594, 0.43003, 4.133776)
(-16.620146, 0.775611, 4.158), (-16.618305, 0.760671, 4.310636), (-16.464188, 0.794516, 4.161262)
(-16.620146, 0.775611, 4.158), (-16.464188, 0.794516, 4.161262), (-16.466114, 0.810741, 4.008706)
(-16.464188, 0.794516, 4.161262), (-16.462181, 0.778034, 4.313643), (-16.307987, 0.810572, 4.164113)
(-16.464188, 0.794516, 4.161262), (-16.307987, 0.810572, 4.164113), (-16.310062, 0.828274, 4.011792)
(-16.307987, 0.810572, 4.164113), (-16.305862, 0.792985, 4.316323), (-16.151585, 0.823921, 4.166576)
(-16.307987, 0.810572, 4.164113), (-16.151585, 0.823921, 4.166576), (-16.153746, 0.842496, 4.014372)
(-16.429075, 1.233357, 4.164351), (-16.37154, 1.233357, 4.1534), (-16.389233, 1.237636, 4.05741)
(-16.429075, 1.233357, 4.164351), (-16.410454, 1.229247, 4.260672), (-16.37154, 1.233357, 4.1534)
(-16.151585, 0.823921, 4.166576), (-16.149361, 0.805429, 4.318655), (-15.995018, 0.83471, 4.168681)
(-16.151585, 0.823921, 4.166576), (-15.995018, 0.83471, 4.168681), (-15.997268, 0.854165, 4.016599)
(-16.452375, 1.223825, 4.168381), (-16.429075, 1.233357, 4.164351), (-16.446842, 1.237636, 4.067981)
(-16.452375, 1.223825, 4.168381), (-16.433727, 1.219715, 4.264857), (-16.429075, 1.233357, 4.164351)
(-15.995018, 0.83471, 4.168681), (-15.992689, 0.815259, 4.320613), (-15.838231, 0.842029, 4.170238)
(-15.995018, 0.83471, 4.168681), (-15.838231, 0.842029, 4.170238), (-15.840559, 0.862296, 4.018268)
(-16.603193, 1.223824, 4.197085), (-16.452375, 1.223825, 4.168381), (-16.470167, 1.228104, 4.071846)
(-16.603193, 1.223824, 4.197085), (-16.584364, 1.219714, 4.294496), (-16.452375, 1.223825, 4.168381)
(-16.626911, 1.233356, 4.202003), (-16.644917, 1.237633, 4.104331), (-16.676029, 1.233355, 4.211352)
(-16.626911, 1.233356, 4.202003), (-16.603193, 1.223824, 4.197085), (-16.621172, 1.228102, 4.099556)
(-16.626911, 1.233356, 4.202003), (-16.676029, 1.233355, 4.211352), (-16.657108, 1.229246, 4.309202)
(-16.626911, 1.233356, 4.202003), (-16.608049, 1.229247, 4.299549), (-16.603193, 1.223824, 4.197085)
(-16.352985, 1.229248, 4.249364), (-16.428972, 0.42588, 4.23117), (-16.447594, 0.43003, 4.133776)
(-16.352985, 1.229248, 4.249364), (-16.333302, 1.225361, 4.345304), (-16.428972, 0.42588, 4.23117)
(-16.410454, 1.229247, 4.260672), (-16.352985, 1.229248, 4.249364), (-16.37154, 1.233357, 4.1534)
(-16.410454, 1.229247, 4.260672), (-16.390705, 1.22536, 4.356938), (-16.352985, 1.229248, 4.249364)
(-16.433727, 1.219715, 4.264857), (-16.410454, 1.229247, 4.260672), (-16.429075, 1.233357, 4.164351)
(-16.433727, 1.219715, 4.264857), (-16.413952, 1.215827, 4.361267), (-16.410454, 1.229247, 4.260672)
(-16.584364, 1.219714, 4.294496), (-16.433727, 1.219715, 4.264857), (-16.452375, 1.223825, 4.168381)
(-16.584364, 1.219714, 4.294496), (-16.564419, 1.215826, 4.391763), (-16.433727, 1.219715, 4.264857)
(-16.608049, 1.229247, 4.299549), (-16.626911, 1.233356, 4.202003), (-16.657108, 1.229246, 4.309202)
(-16.608049, 1.229247, 4.299549), (-16.584364, 1.219714, 4.294496), (-16.603193, 1.223824, 4.197085)
(-16.608049, 1.229247, 4.299549), (-16.657108, 1.229246, 4.309202), (-16.637081, 1.225358, 4.406873)
(-16.608049, 1.229247, 4.299549), (-16.588076, 1.225359, 4.396942), (-16.584364, 1.219714, 4.294496)
(-16.657108, 1.229246, 4.309202), (-16.706169, 1.229246, 4.318855), (-16.637081, 1.225358, 4.406873)
(-16.618305, 0.760671, 4.310636), (-16.462181, 0.778034, 4.313643), (-16.464188, 0.794516, 4.161262)
(-16.618305, 0.760671, 4.310636), (-16.61647, 0.746184, 4.463262), (-16.462181, 0.778034, 4.313643)
(-16.462181, 0.778034, 4.313643), (-16.305862, 0.792985, 4.316323), (-16.307987, 0.810572, 4.164113)
(-16.462181, 0.778034, 4.313643), (-16.460217, 0.762467, 4.466093), (-16.305862, 0.792985, 4.316323)
(-16.305862, 0.792985, 4.316323), (-16.149361, 0.805429, 4.318655), (-16.151585, 0.823921, 4.166576)
(-16.305862, 0.792985, 4.316323), (-16.303761, 0.776234, 4.468586), (-16.149361, 0.805429, 4.318655)
(-16.149361, 0.805429, 4.318655), (-15.992689, 0.815259, 4.320613), (-15.995018, 0.83471, 4.168681)
(-16.149361, 0.805429, 4.318655), (-16.147144, 0.787693, 4.470767), (-15.992689, 0.815259, 4.320613)
(-16.333302, 1.225361, 4.345304), (-16.409208, 0.421958, 4.328418), (-16.428972, 0.42588, 4.23117)
(-16.333302, 1.225361, 4.345304), (-16.313627, 1.221472, 4.441248), (-16.409208, 0.421958, 4.328418)
(-16.390705, 1.22536, 4.356938), (-16.333302, 1.225361, 4.345304), (-16.352985, 1.229248, 4.249364)
(-16.390705, 1.22536, 4.356938), (-16.370964, 1.221471, 4.45321), (-16.333302, 1.225361, 4.345304)
(-16.413952, 1.215827, 4.361267), (-16.390705, 1.22536, 4.356938), (-16.410454, 1.229247, 4.260672)
(-16.413952, 1.215827, 4.361267), (-16.394178, 1.211938, 4.457681), (-16.390705, 1.22536, 4.356938)
(-16.564419, 1.215826, 4.391763), (-16.413952, 1.215827, 4.361267), (-16.433727, 1.219715, 4.264857)
(-16.564419, 1.215826, 4.391763), (-16.544472, 1.211937, 4.489035), (-16.413952, 1.215827, 4.361267)
(-16.588076, 1.225359, 4.396942), (-16.608049, 1.229247, 4.299549), (-16.637081, 1.225358, 4.406873)
(-16.588076, 1.225359, 4.396942), (-16.564419, 1.215826, 4.391763), (-16.584364, 1.219714, 4.294496)
(-16.588076, 1.225359, 4.396942), (-16.637081, 1.225358, 4.406873), (-16.617048, 1.22147, 4.504549)
(-16.588076, 1.225359, 4.396942), (-16.568104, 1.22147, 4.494338), (-16.564419, 1.215826, 4.391763)
(-16.637081, 1.225358, 4.406873), (-16.686083, 1.225358, 4.416805), (-16.617048, 1.22147, 4.504549)
(-16.313627, 1.221472, 4.441248), (-16.389448, 0.418034, 4.425672), (-16.409208, 0.421958, 4.328418)
(-16.313627, 1.221472, 4.441248), (-16.293659, 1.21764, 4.537183), (-16.389448, 0.418034, 4.425672)
(-16.370964, 1.221471, 4.45321), (-16.313627, 1.221472, 4.441248), (-16.333302, 1.225361, 4.345304)
(-16.370964, 1.221471, 4.45321), (-16.350929, 1.21764, 4.549463), (-16.313627, 1.221472, 4.441248)
(-16.394178, 1.211938, 4.457681), (-16.370964, 1.221471, 4.45321), (-16.390705, 1.22536, 4.356938)
(-16.394178, 1.211938, 4.457681), (-16.374119, 1.208106, 4.554073), (-16.370964, 1.221471, 4.45321)
(-16.61647, 0.746184, 4.463262), (-16.460217, 0.762467, 4.466093), (-16.462181, 0.778034, 4.313643)
(-16.61647, 0.746184, 4.463262), (-16.614616, 0.731878, 4.615856), (-16.460217, 0.762467, 4.466093)
(-16.460217, 0.762467, 4.466093), (-16.458231, 0.747067, 4.618504), (-16.303761, 0.776234, 4.468586)
(-16.460217, 0.762467, 4.466093), (-16.303761, 0.776234, 4.468586), (-16.305862, 0.792985, 4.316323)
(-16.303761, 0.776234, 4.468586), (-16.147144, 0.787693, 4.470767), (-16.149361, 0.805429, 4.318655)
(-16.303761, 0.776234, 4.468586), (-16.301668, 0.760025, 4.620865), (-16.147144, 0.787693, 4.470767)
(-16.147144, 0.787693, 4.470767), (-16.144917, 0.77033, 4.622864), (-15.990368, 0.796697, 4.4726)
(-16.147144, 0.787693, 4.470767), (-15.990368, 0.796697, 4.4726), (-15.992689, 0.815259, 4.320613)
(-16.544472, 1.211937, 4.489035), (-16.394178, 1.211938, 4.457681), (-16.413952, 1.215827, 4.361267)
(-16.544472, 1.211937, 4.489035), (-16.524235, 1.208106, 4.586259), (-16.394178, 1.211938, 4.457681)
(-16.568104, 1.22147, 4.494338), (-16.588076, 1.225359, 4.396942), (-16.617048, 1.22147, 4.504549)
(-16.568104, 1.22147, 4.494338), (-16.544472, 1.211937, 4.489035), (-16.564419, 1.215826, 4.391763)
(-16.568104, 1.22147, 4.494338), (-16.617048, 1.22147, 4.504549), (-16.596727, 1.21764, 4.602166)
(-16.568104, 1.22147, 4.494338), (-16.547838, 1.21764, 4.591683), (-16.544472, 1.211937, 4.489035)
(-16.617048, 1.22147, 4.504549), (-16.665997, 1.221469, 4.51476), (-16.596727, 1.21764, 4.602166)
(-16.293659, 1.21764, 4.537183), (-16.369389, 0.41417, 4.522878), (-16.389448, 0.418034, 4.425672)
(-16.293659, 1.21764, 4.537183), (-16.272282, 1.214084, 4.633076), (-16.369389, 0.41417, 4.522878)
(-16.350929, 1.21764, 4.549463), (-16.293659, 1.21764, 4.537183), (-16.313627, 1.221472, 4.441248)
(-16.350929, 1.21764, 4.549463), (-16.329487, 1.214084, 4.645631), (-16.293659, 1.21764, 4.537183)
(-16.374119, 1.208106, 4.554073), (-16.350929, 1.21764, 4.549463), (-16.370964, 1.221471, 4.45321)
(-16.374119, 1.208106, 4.554073), (-16.352657, 1.20455, 4.650362), (-16.350929, 1.21764, 4.549463)
(-16.524235, 1.208106, 4.586259), (-16.374119, 1.208106, 4.554073), (-16.394178, 1.211938, 4.457681)
(-16.524235, 1.208106, 4.586259), (-16.502613, 1.204549, 4.683275), (-16.374119, 1.208106, 4.554073)
(-16.547838, 1.21764, 4.591683), (-16.568104, 1.22147, 4.494338), (-16.596727, 1.21764, 4.602166)
(-16.547838, 1.21764, 4.591683), (-16.524235, 1.208106, 4.586259), (-16.544472, 1.211937, 4.489035)
(-16.547838, 1.21764, 4.591683), (-16.596727, 1.21764, 4.602166), (-16.575029, 1.214082, 4.699522)
(-16.547838, 1.21764, 4.591683), (-16.526192, 1.214083, 4.688804), (-16.524235, 1.208106, 4.586259)
(-16.596727, 1.21764, 4.602166), (-16.645617, 1.21764, 4.612649), (-16.575029, 1.214082, 4.699522)
(-16.645617, 1.21764, 4.612649), (-16.665997, 1.221469, 4.51476), (-16.689775, 1.211936, 4.519349)
(-16.645617, 1.21764, 4.612649), (-16.623867, 1.214082, 4.710241), (-16.575029, 1.214082, 4.699522)
(-16.614616, 0.731878, 4.615856), (-16.458231, 0.747067, 4.618504), (-16.460217, 0.762467, 4.466093)
(-16.614616, 0.731878, 4.615856), (-16.612745, 0.717599, 4.768418), (-16.458231, 0.747067, 4.618504)
(-16.458231, 0.747067, 4.618504), (-16.301668, 0.760025, 4.620865), (-16.303761, 0.776234, 4.468586)
(-16.458231, 0.747067, 4.618504), (-16.456226, 0.731687, 4.770871), (-16.301668, 0.760025, 4.620865)
(-16.301668, 0.760025, 4.620865), (-16.144917, 0.77033, 4.622864), (-16.147144, 0.787693, 4.470767)
(-16.301668, 0.760025, 4.620865), (-16.299532, 0.743507, 4.773041), (-16.144917, 0.77033, 4.622864)
(-16.144917, 0.77033, 4.622864), (-15.988034, 0.778626, 4.62459), (-15.990368, 0.796697, 4.4726)
(-16.144917, 0.77033, 4.622864), (-16.142683, 0.753151, 4.774929), (-15.988034, 0.778626, 4.62459)
(-16.272282, 1.214084, 4.633076), (-16.347914, 0.410586, 4.619873), (-16.369389, 0.41417, 4.522878)
(-16.272282, 1.214084, 4.633076), (-16.250908, 1.210527, 4.728973), (-16.347914, 0.410586, 4.619873)
# -15.659493483353337, 0, 4.30671151664667
(-15.840559, 0.862296, 4.018268), (-15.683599, 0.866298, 4.019251), (-15.685904, 0.887596, 3.867235)
(-15.840559, 0.862296, 4.018268), (-15.838231, 0.842029, 4.170238), (-15.683599, 0.866298, 4.019251)
(-15.368928, 0.860234, 4.018826), (-15.211253, 0.849641, 4.017313), (-15.213605, 0.872055, 3.865372)
(-15.368928, 0.860234, 4.018826), (-15.366487, 0.838855, 4.170721), (-15.211253, 0.849641, 4.017313)
(-15.683599, 0.866298, 4.019251), (-15.526357, 0.865335, 4.019377), (-15.528738, 0.887751, 3.867542)
(-15.683599, 0.866298, 4.019251), (-15.681189, 0.845161, 4.171096), (-15.526357, 0.865335, 4.019377)
(-15.526357, 0.865335, 4.019377), (-15.368928, 0.860234, 4.018826), (-15.371304, 0.882712, 3.866949)
(-15.526357, 0.865335, 4.019377), (-15.523928, 0.844074, 4.17125), (-15.368928, 0.860234, 4.018826)
(-15.838231, 0.842029, 4.170238), (-15.8358, 0.821657, 4.322031), (-15.681189, 0.845161, 4.171096)
(-15.838231, 0.842029, 4.170238), (-15.681189, 0.845161, 4.171096), (-15.683599, 0.866298, 4.019251)
(-15.366487, 0.838855, 4.170721), (-15.363945, 0.81799, 4.322547), (-15.208817, 0.828299, 4.169261)
(-15.366487, 0.838855, 4.170721), (-15.208817, 0.828299, 4.169261), (-15.211253, 0.849641, 4.017313)
(-15.681189, 0.845161, 4.171096), (-15.678717, 0.824555, 4.322888), (-15.523928, 0.844074, 4.17125)
(-15.681189, 0.845161, 4.171096), (-15.523928, 0.844074, 4.17125), (-15.526357, 0.865335, 4.019377)
(-15.523928, 0.844074, 4.17125), (-15.521413, 0.823256, 4.323046), (-15.366487, 0.838855, 4.170721)
(-15.523928, 0.844074, 4.17125), (-15.366487, 0.838855, 4.170721), (-15.368928, 0.860234, 4.018826)
(-15.992689, 0.815259, 4.320613), (-15.8358, 0.821657, 4.322031), (-15.838231, 0.842029, 4.170238)
(-15.992689, 0.815259, 4.320613), (-15.990368, 0.796697, 4.4726), (-15.8358, 0.821657, 4.322031)
(-15.8358, 0.821657, 4.322031), (-15.678717, 0.824555, 4.322888), (-15.681189, 0.845161, 4.171096)
(-15.8358, 0.821657, 4.322031), (-15.833403, 0.802686, 4.473975), (-15.678717, 0.824555, 4.322888)
(-15.363945, 0.81799, 4.322547), (-15.206268, 0.807561, 4.321156), (-15.208817, 0.828299, 4.169261)
(-15.363945, 0.81799, 4.322547), (-15.361364, 0.79838, 4.474493), (-15.206268, 0.807561, 4.321156)
(-15.678717, 0.824555, 4.322888), (-15.521413, 0.823256, 4.323046), (-15.523928, 0.844074, 4.17125)
(-15.678717, 0.824555, 4.322888), (-15.676231, 0.805027, 4.474766), (-15.521413, 0.823256, 4.323046)
(-15.521413, 0.823256, 4.323046), (-15.363945, 0.81799, 4.322547), (-15.366487, 0.838855, 4.170721)
(-15.521413, 0.823256, 4.323046), (-15.518884, 0.803715, 4.474964), (-15.363945, 0.81799, 4.322547)
(-15.990368, 0.796697, 4.4726), (-15.833403, 0.802686, 4.473975), (-15.8358, 0.821657, 4.322031)
(-15.990368, 0.796697, 4.4726), (-15.988034, 0.778626, 4.62459), (-15.833403, 0.802686, 4.473975)
(-15.833403, 0.802686, 4.473975), (-15.830978, 0.784125, 4.625902), (-15.676231, 0.805027, 4.474766)
(-15.833403, 0.802686, 4.473975), (-15.676231, 0.805027, 4.474766), (-15.678717, 0.824555, 4.322888)
(-15.361364, 0.79838, 4.474493), (-15.203667, 0.788325, 4.473216), (-15.206268, 0.807561, 4.321156)
(-15.361364, 0.79838, 4.474493), (-15.358721, 0.779372, 4.626457), (-15.203667, 0.788325, 4.473216)
(-15.676231, 0.805027, 4.474766), (-15.518884, 0.803715, 4.474964), (-15.521413, 0.823256, 4.323046)
(-15.676231, 0.805027, 4.474766), (-15.673738, 0.786342, 4.626705), (-15.518884, 0.803715, 4.474964)
(-15.518884, 0.803715, 4.474964), (-15.516301, 0.784611, 4.626867), (-15.361364, 0.79838, 4.474493)
(-15.518884, 0.803715, 4.474964), (-15.361364, 0.79838, 4.474493), (-15.363945, 0.81799, 4.322547)
(-15.988034, 0.778626, 4.62459), (-15.830978, 0.784125, 4.625902), (-15.833403, 0.802686, 4.473975)
(-15.988034, 0.778626, 4.62459), (-15.9857, 0.760862, 4.776563), (-15.830978, 0.784125, 4.625902)
(-15.830978, 0.784125, 4.625902), (-15.673738, 0.786342, 4.626705), (-15.676231, 0.805027, 4.474766)
(-15.830978, 0.784125, 4.625902), (-15.828547, 0.765844, 4.777807), (-15.673738, 0.786342, 4.626705)
(-15.358721, 0.779372, 4.626457), (-15.200987, 0.769702, 4.625301), (-15.203667, 0.788325, 4.473216)
(-15.358721, 0.779372, 4.626457), (-15.356041, 0.760854, 4.778447), (-15.200987, 0.769702, 4.625301)
(-15.673738, 0.786342, 4.626705), (-15.516301, 0.784611, 4.626867), (-15.518884, 0.803715, 4.474964)
(-15.673738, 0.786342, 4.626705), (-15.6712, 0.767517, 4.778546), (-15.516301, 0.784611, 4.626867)
(-15.516301, 0.784611, 4.626867), (-15.358721, 0.779372, 4.626457), (-15.361364, 0.79838, 4.474493)
(-15.516301, 0.784611, 4.626867), (-15.513693, 0.765922, 4.778776), (-15.358721, 0.779372, 4.626457)
# -14.991723250020002, 0, 4.30671151664667
(-14.737296, 0.786745, 4.0075), (-14.579258, 0.757935, 4.00303), (-14.581308, 0.778806, 3.850585)
(-14.737296, 0.786745, 4.0075), (-14.735027, 0.7669, 4.159883), (-14.579258, 0.757935, 4.00303)
(-14.895351, 0.812099, 4.011473), (-14.737296, 0.786745, 4.0075), (-14.739458, 0.808222, 3.855228)
(-14.895351, 0.812099, 4.011473), (-14.893003, 0.791568, 4.163675), (-14.737296, 0.786745, 4.0075)
(-15.053371, 0.833464, 4.014831), (-14.895351, 0.812099, 4.011473), (-14.897604, 0.834068, 3.859348)
(-15.053371, 0.833464, 4.014831), (-15.050957, 0.812281, 4.166855), (-14.895351, 0.812099, 4.011473)
(-15.211253, 0.849641, 4.017313), (-15.053371, 0.833464, 4.014831), (-15.055676, 0.855596, 3.862784)
(-15.211253, 0.849641, 4.017313), (-15.208817, 0.828299, 4.169261), (-15.053371, 0.833464, 4.014831)
(-14.735027, 0.7669, 4.159883), (-14.732619, 0.748359, 4.312349), (-14.577085, 0.738857, 4.155611)
(-14.735027, 0.7669, 4.159883), (-14.577085, 0.738857, 4.155611), (-14.579258, 0.757935, 4.00303)
(-14.893003, 0.791568, 4.163675), (-14.890536, 0.772259, 4.315944), (-14.735027, 0.7669, 4.159883)
(-14.893003, 0.791568, 4.163675), (-14.735027, 0.7669, 4.159883), (-14.737296, 0.786745, 4.0075)
(-15.050957, 0.812281, 4.166855), (-15.048447, 0.792269, 4.31894), (-14.893003, 0.791568, 4.163675)
(-15.050957, 0.812281, 4.166855), (-14.893003, 0.791568, 4.163675), (-14.895351, 0.812099, 4.011473)
(-15.208817, 0.828299, 4.169261), (-15.206268, 0.807561, 4.321156), (-15.050957, 0.812281, 4.166855)
(-15.208817, 0.828299, 4.169261), (-15.050957, 0.812281, 4.166855), (-15.053371, 0.833464, 4.014831)
(-14.732619, 0.748359, 4.312349), (-14.574758, 0.721245, 4.308309), (-14.577085, 0.738857, 4.155611)
(-14.732619, 0.748359, 4.312349), (-14.730083, 0.731214, 4.464958), (-14.574758, 0.721245, 4.308309)
(-14.890536, 0.772259, 4.315944), (-14.732619, 0.748359, 4.312349), (-14.735027, 0.7669, 4.159883)
(-14.890536, 0.772259, 4.315944), (-14.887955, 0.754198, 4.468326), (-14.732619, 0.748359, 4.312349)
(-15.048447, 0.792269, 4.31894), (-14.890536, 0.772259, 4.315944), (-14.893003, 0.791568, 4.163675)
(-15.048447, 0.792269, 4.31894), (-15.045841, 0.773432, 4.471123), (-14.890536, 0.772259, 4.315944)
(-15.206268, 0.807561, 4.321156), (-15.048447, 0.792269, 4.31894), (-15.050957, 0.812281, 4.166855)
(-15.206268, 0.807561, 4.321156), (-15.203667, 0.788325, 4.473216), (-15.048447, 0.792269, 4.31894)
(-14.730083, 0.731214, 4.464958), (-14.572285, 0.705218, 4.461177), (-14.574758, 0.721245, 4.308309)
(-14.730083, 0.731214, 4.464958), (-14.727402, 0.715071, 4.617673), (-14.572285, 0.705218, 4.461177)
(-14.887955, 0.754198, 4.468326), (-14.885256, 0.737034, 4.620792), (-14.730083, 0.731214, 4.464958)
(-14.887955, 0.754198, 4.468326), (-14.730083, 0.731214, 4.464958), (-14.732619, 0.748359, 4.312349)
(-15.045841, 0.773432, 4.471123), (-14.887955, 0.754198, 4.468326), (-14.890536, 0.772259, 4.315944)
(-15.045841, 0.773432, 4.471123), (-15.04314, 0.755511, 4.623391), (-14.887955, 0.754198, 4.468326)
(-15.203667, 0.788325, 4.473216), (-15.200987, 0.769702, 4.625301), (-15.045841, 0.773432, 4.471123)
(-15.203667, 0.788325, 4.473216), (-15.045841, 0.773432, 4.471123), (-15.048447, 0.792269, 4.31894)
(-14.727402, 0.715071, 4.617673), (-14.569634, 0.690186, 4.614157), (-14.572285, 0.705218, 4.461177)
(-14.727402, 0.715071, 4.617673), (-14.72458, 0.699561, 4.770464), (-14.569634, 0.690186, 4.614157)
(-14.885256, 0.737034, 4.620792), (-14.727402, 0.715071, 4.617673), (-14.730083, 0.731214, 4.464958)
(-14.885256, 0.737034, 4.620792), (-14.882446, 0.720443, 4.773323), (-14.727402, 0.715071, 4.617673)
(-15.04314, 0.755511, 4.623391), (-14.885256, 0.737034, 4.620792), (-14.887955, 0.754198, 4.468326)
(-15.04314, 0.755511, 4.623391), (-15.040359, 0.737943, 4.775678), (-14.885256, 0.737034, 4.620792)
(-15.200987, 0.769702, 4.625301), (-15.04314, 0.755511, 4.623391), (-15.045841, 0.773432, 4.471123)
(-15.200987, 0.769702, 4.625301), (-15.198249, 0.751564, 4.777419), (-15.04314, 0.755511, 4.623391)
# -14.32395301668667, 0, 4.30671151664667
(-14.105521, 0.656663, 3.987891), (-13.947743, 0.619969, 3.982682), (-13.949196, 0.638417, 3.829474)
(-14.105521, 0.656663, 3.987891), (-14.103756, 0.640248, 4.141163), (-13.947743, 0.619969, 3.982682)
(-14.263351, 0.692343, 3.993106), (-14.105521, 0.656663, 3.987891), (-14.107136, 0.675559, 3.834861)
(-14.263351, 0.692343, 3.993106), (-14.261433, 0.675027, 4.146142), (-14.105521, 0.656663, 3.987891)
(-14.42127, 0.726257, 3.998186), (-14.263351, 0.692343, 3.993106), (-14.265129, 0.711847, 3.84027)
(-14.42127, 0.726257, 3.998186), (-14.419213, 0.708025, 4.150985), (-14.263351, 0.692343, 3.993106)
(-14.579258, 0.757935, 4.00303), (-14.42127, 0.726257, 3.998186), (-14.423188, 0.74646, 3.845551)
(-14.579258, 0.757935, 4.00303), (-14.577085, 0.738857, 4.155611), (-14.42127, 0.726257, 3.998186)
(-14.103756, 0.640248, 4.141163), (-14.101765, 0.626082, 4.294682), (-13.946127, 0.604328, 4.136177)
(-14.103756, 0.640248, 4.141163), (-13.946127, 0.604328, 4.136177), (-13.947743, 0.619969, 3.982682)
(-14.261433, 0.675027, 4.146142), (-14.259319, 0.659695, 4.299387), (-14.103756, 0.640248, 4.141163)
(-14.261433, 0.675027, 4.146142), (-14.103756, 0.640248, 4.141163), (-14.105521, 0.656663, 3.987891)
(-14.419213, 0.708025, 4.150985), (-14.416988, 0.691563, 4.303957), (-14.261433, 0.675027, 4.146142)
(-14.419213, 0.708025, 4.150985), (-14.261433, 0.675027, 4.146142), (-14.263351, 0.692343, 3.993106)
(-14.577085, 0.738857, 4.155611), (-14.574758, 0.721245, 4.308309), (-14.419213, 0.708025, 4.150985)
(-14.577085, 0.738857, 4.155611), (-14.419213, 0.708025, 4.150985), (-14.42127, 0.726257, 3.998186)
(-14.101765, 0.626082, 4.294682), (-13.944249, 0.591271, 4.289969), (-13.946127, 0.604328, 4.136177)
(-14.101765, 0.626082, 4.294682), (-14.099555, 0.613449, 4.448353), (-13.944249, 0.591271, 4.289969)
(-14.259319, 0.659695, 4.299387), (-14.101765, 0.626082, 4.294682), (-14.103756, 0.640248, 4.141163)
(-14.259319, 0.659695, 4.299387), (-14.25701, 0.645915, 4.452789), (-14.101765, 0.626082, 4.294682)
(-14.416988, 0.691563, 4.303957), (-14.259319, 0.659695, 4.299387), (-14.261433, 0.675027, 4.146142)
(-14.416988, 0.691563, 4.303957), (-14.414587, 0.676628, 4.457088), (-14.259319, 0.659695, 4.299387)
(-14.574758, 0.721245, 4.308309), (-14.416988, 0.691563, 4.303957), (-14.419213, 0.708025, 4.150985)
(-14.574758, 0.721245, 4.308309), (-14.572285, 0.705218, 4.461177), (-14.416988, 0.691563, 4.303957)
(-14.099555, 0.613449, 4.448353), (-13.94217, 0.579607, 4.443876), (-13.944249, 0.591271, 4.289969)
(-14.099555, 0.613449, 4.448353), (-14.097075, 0.601867, 4.602141), (-13.94217, 0.579607, 4.443876)
(-14.25701, 0.645915, 4.452789), (-14.254461, 0.633173, 4.606309), (-14.099555, 0.613449, 4.448353)
(-14.25701, 0.645915, 4.452789), (-14.099555, 0.613449, 4.448353), (-14.101765, 0.626082, 4.294682)
(-14.414587, 0.676628, 4.457088), (-14.25701, 0.645915, 4.452789), (-14.259319, 0.659695, 4.299387)
(-14.414587, 0.676628, 4.457088), (-14.411985, 0.662834, 4.610346), (-14.25701, 0.645915, 4.452789)
(-14.572285, 0.705218, 4.461177), (-14.569634, 0.690186, 4.614157), (-14.414587, 0.676628, 4.457088)
(-14.572285, 0.705218, 4.461177), (-14.414587, 0.676628, 4.457088), (-14.416988, 0.691563, 4.303957)
(-14.097075, 0.601867, 4.602141), (-13.939777, 0.569029, 4.597908), (-13.94217, 0.579607, 4.443876)
(-14.097075, 0.601867, 4.602141), (-14.094299, 0.590786, 4.755998), (-13.939777, 0.569029, 4.597908)
(-14.254461, 0.633173, 4.606309), (-14.097075, 0.601867, 4.602141), (-14.099555, 0.613449, 4.448353)
(-14.254461, 0.633173, 4.606309), (-14.251654, 0.620964, 4.759903), (-14.097075, 0.601867, 4.602141)
(-14.411985, 0.662834, 4.610346), (-14.254461, 0.633173, 4.606309), (-14.25701, 0.645915, 4.452789)
(-14.411985, 0.662834, 4.610346), (-14.40916, 0.649379, 4.763661), (-14.254461, 0.633173, 4.606309)
(-14.569634, 0.690186, 4.614157), (-14.411985, 0.662834, 4.610346), (-14.414587, 0.676628, 4.457088)
(-14.569634, 0.690186, 4.614157), (-14.566808, 0.67573, 4.76721), (-14.411985, 0.662834, 4.610346)
# -13.656182783353334, 0, 4.30671151664667
(-13.631927, 0.548022, 3.973062), (-13.47363, 0.514258, 3.968876), (-13.474721, 0.532685, 3.815323)
(-13.631927, 0.548022, 3.973062), (-13.630585, 0.532968, 4.126871), (-13.47363, 0.514258, 3.968876)
(-13.789936, 0.583298, 3.977663), (-13.631927, 0.548022, 3.973062), (-13.633137, 0.56595, 3.819543)
(-13.789936, 0.583298, 3.977663), (-13.788446, 0.568326, 4.131375), (-13.631927, 0.548022, 3.973062)
(-13.947743, 0.619969, 3.982682), (-13.789936, 0.583298, 3.977663), (-13.791231, 0.601667, 3.824331)
(-13.947743, 0.619969, 3.982682), (-13.946127, 0.604328, 4.136177), (-13.789936, 0.583298, 3.977663)
(-13.472409, 0.499035, 4.12277), (-13.470928, 0.486807, 4.276994), (-13.313702, 0.468098, 4.119277)
(-13.472409, 0.499035, 4.12277), (-13.313702, 0.468098, 4.119277), (-13.31482, 0.483724, 3.965339)
(-13.630585, 0.532968, 4.126871), (-13.62898, 0.520755, 4.280992), (-13.472409, 0.499035, 4.12277)
(-13.630585, 0.532968, 4.126871), (-13.472409, 0.499035, 4.12277), (-13.47363, 0.514258, 3.968876)
(-13.788446, 0.568326, 4.131375), (-13.786697, 0.555906, 4.285363), (-13.630585, 0.532968, 4.126871)
(-13.788446, 0.568326, 4.131375), (-13.630585, 0.532968, 4.126871), (-13.631927, 0.548022, 3.973062)
(-13.946127, 0.604328, 4.136177), (-13.944249, 0.591271, 4.289969), (-13.788446, 0.568326, 4.131375)
(-13.946127, 0.604328, 4.136177), (-13.788446, 0.568326, 4.131375), (-13.789936, 0.583298, 3.977663)
(-13.470928, 0.486807, 4.276994), (-13.31234, 0.455503, 4.273544), (-13.313702, 0.468098, 4.119277)
(-13.470928, 0.486807, 4.276994), (-13.469194, 0.476264, 4.431374), (-13.31234, 0.455503, 4.273544)
(-13.62898, 0.520755, 4.280992), (-13.470928, 0.486807, 4.276994), (-13.472409, 0.499035, 4.12277)
(-13.62898, 0.520755, 4.280992), (-13.627124, 0.510191, 4.435271), (-13.470928, 0.486807, 4.276994)
(-13.786697, 0.555906, 4.285363), (-13.62898, 0.520755, 4.280992), (-13.630585, 0.532968, 4.126871)
(-13.786697, 0.555906, 4.285363), (-13.784727, 0.544975, 4.439484), (-13.62898, 0.520755, 4.280992)
(-13.944249, 0.591271, 4.289969), (-13.786697, 0.555906, 4.285363), (-13.788446, 0.568326, 4.131375)
(-13.944249, 0.591271, 4.289969), (-13.94217, 0.579607, 4.443876), (-13.786697, 0.555906, 4.285363)
(-13.469194, 0.476264, 4.431374), (-13.310766, 0.444404, 4.427934), (-13.31234, 0.455503, 4.273544)
(-13.469194, 0.476264, 4.431374), (-13.467107, 0.466826, 4.585858), (-13.310766, 0.444404, 4.427934)
(-13.627124, 0.510191, 4.435271), (-13.624914, 0.50073, 4.589664), (-13.469194, 0.476264, 4.431374)
(-13.627124, 0.510191, 4.435271), (-13.469194, 0.476264, 4.431374), (-13.470928, 0.486807, 4.276994)
(-13.784727, 0.544975, 4.439484), (-13.627124, 0.510191, 4.435271), (-13.62898, 0.520755, 4.280992)
(-13.784727, 0.544975, 4.439484), (-13.78245, 0.535107, 4.593711), (-13.627124, 0.510191, 4.435271)
(-13.94217, 0.579607, 4.443876), (-13.939777, 0.569029, 4.597908), (-13.784727, 0.544975, 4.439484)
(-13.94217, 0.579607, 4.443876), (-13.784727, 0.544975, 4.439484), (-13.786697, 0.555906, 4.285363)
(-13.467107, 0.466826, 4.585858), (-13.308839, 0.4345, 4.582429), (-13.310766, 0.444404, 4.427934)
(-13.467107, 0.466826, 4.585858), (-13.464622, 0.457694, 4.740355), (-13.308839, 0.4345, 4.582429)
(-13.624914, 0.50073, 4.589664), (-13.467107, 0.466826, 4.585858), (-13.469194, 0.476264, 4.431374)
(-13.624914, 0.50073, 4.589664), (-13.622301, 0.49159, 4.744087), (-13.467107, 0.466826, 4.585858)
(-13.78245, 0.535107, 4.593711), (-13.624914, 0.50073, 4.589664), (-13.627124, 0.510191, 4.435271)
(-13.78245, 0.535107, 4.593711), (-13.779741, 0.525593, 4.748), (-13.624914, 0.50073, 4.589664)
(-13.939777, 0.569029, 4.597908), (-13.78245, 0.535107, 4.593711), (-13.784727, 0.544975, 4.439484)
(-13.939777, 0.569029, 4.597908), (-13.937036, 0.55887, 4.752), (-13.78245, 0.535107, 4.593711)
# -12.988412550020001, 0, 4.30671151664667
(-12.674102, 0.389592, 4.111979), (-12.673364, 0.373527, 4.26602), (-12.513904, 0.383771, 4.111695)
(-12.674102, 0.389592, 4.111979), (-12.513904, 0.383771, 4.111695), (-12.514496, 0.401947, 3.957792)
(-12.834395, 0.401129, 4.112818), (-12.833506, 0.385879, 4.26692), (-12.674102, 0.389592, 4.111979)
(-12.834395, 0.401129, 4.112818), (-12.674102, 0.389592, 4.111979), (-12.674794, 0.407419, 3.958079)
(-12.994567, 0.418501, 4.114304), (-12.993523, 0.404149, 4.268472), (-12.834395, 0.401129, 4.112818)
(-12.994567, 0.418501, 4.114304), (-12.834395, 0.401129, 4.112818), (-12.835192, 0.418431, 3.958899)
(-13.154391, 0.441085, 4.11646), (-13.153196, 0.427577, 4.270679), (-12.994567, 0.418501, 4.114304)
(-13.154391, 0.441085, 4.11646), (-12.994567, 0.418501, 4.114304), (-12.995476, 0.435236, 3.960366)
(-13.313702, 0.468098, 4.119277), (-13.31234, 0.455503, 4.273544), (-13.154391, 0.441085, 4.11646)
(-13.313702, 0.468098, 4.119277), (-13.154391, 0.441085, 4.11646), (-13.155416, 0.45714, 3.962497)
(-12.673364, 0.373527, 4.26602), (-12.5133, 0.366754, 4.265667), (-12.513904, 0.383771, 4.111695)
(-12.673364, 0.373527, 4.26602), (-12.672519, 0.358074, 4.420067), (-12.5133, 0.366754, 4.265667)
(-12.833506, 0.385879, 4.26692), (-12.673364, 0.373527, 4.26602), (-12.674102, 0.389592, 4.111979)
(-12.833506, 0.385879, 4.26692), (-12.832469, 0.371778, 4.421089), (-12.673364, 0.373527, 4.26602)
(-12.993523, 0.404149, 4.268472), (-12.833506, 0.385879, 4.26692), (-12.834395, 0.401129, 4.112818)
(-12.993523, 0.404149, 4.268472), (-12.99229, 0.391225, 4.42275), (-12.833506, 0.385879, 4.26692)
(-13.153196, 0.427577, 4.270679), (-12.993523, 0.404149, 4.268472), (-12.994567, 0.418501, 4.114304)
(-13.153196, 0.427577, 4.270679), (-13.15177, 0.415767, 4.425047), (-12.993523, 0.404149, 4.268472)
(-13.31234, 0.455503, 4.273544), (-13.153196, 0.427577, 4.270679), (-13.154391, 0.441085, 4.11646)
(-13.31234, 0.455503, 4.273544), (-13.310766, 0.444404, 4.427934), (-13.153196, 0.427577, 4.270679)
(-12.672519, 0.358074, 4.420067), (-12.671514, 0.343249, 4.574102), (-12.512628, 0.350151, 4.41962)
(-12.672519, 0.358074, 4.420067), (-12.512628, 0.350151, 4.41962), (-12.5133, 0.366754, 4.265667)
(-12.832469, 0.371778, 4.421089), (-12.672519, 0.358074, 4.420067), (-12.673364, 0.373527, 4.26602)
(-12.832469, 0.371778, 4.421089), (-12.831215, 0.35844, 4.575274), (-12.672519, 0.358074, 4.420067)
(-12.99229, 0.391225, 4.42275), (-12.990781, 0.37929, 4.577077), (-12.832469, 0.371778, 4.421089)
(-12.99229, 0.391225, 4.42275), (-12.832469, 0.371778, 4.421089), (-12.833506, 0.385879, 4.26692)
(-13.15177, 0.415767, 4.425047), (-12.99229, 0.391225, 4.42275), (-12.993523, 0.404149, 4.268472)
(-13.15177, 0.415767, 4.425047), (-13.150058, 0.404863, 4.579467), (-12.99229, 0.391225, 4.42275)
(-13.310766, 0.444404, 4.427934), (-13.308839, 0.4345, 4.582429), (-13.15177, 0.415767, 4.425047)
(-13.310766, 0.444404, 4.427934), (-13.15177, 0.415767, 4.425047), (-13.153196, 0.427577, 4.270679)
(-12.671514, 0.343249, 4.574102), (-12.511853, 0.333768, 4.573516), (-12.512628, 0.350151, 4.41962)
(-12.671514, 0.343249, 4.574102), (-12.670303, 0.328694, 4.728089), (-12.511853, 0.333768, 4.573516)
(-12.831215, 0.35844, 4.575274), (-12.671514, 0.343249, 4.574102), (-12.672519, 0.358074, 4.420067)
(-12.831215, 0.35844, 4.575274), (-12.829703, 0.345409, 4.729422), (-12.671514, 0.343249, 4.574102)
(-12.990781, 0.37929, 4.577077), (-12.831215, 0.35844, 4.575274), (-12.832469, 0.371778, 4.421089)
(-12.990781, 0.37929, 4.577077), (-12.988957, 0.367692, 4.731381), (-12.831215, 0.35844, 4.575274)
(-13.150058, 0.404863, 4.579467), (-12.990781, 0.37929, 4.577077), (-12.99229, 0.391225, 4.42275)
(-13.150058, 0.404863, 4.579467), (-13.147941, 0.394514, 4.733904), (-12.990781, 0.37929, 4.577077)
(-13.308839, 0.4345, 4.582429), (-13.150058, 0.404863, 4.579467), (-13.15177, 0.415767, 4.425047)
(-13.308839, 0.4345, 4.582429), (-13.306527, 0.424894, 4.73692), (-13.150058, 0.404863, 4.579467)
# -12.320642316686666, 0, 4.30671151664667
(-12.513904, 0.383771, 4.111695), (-12.5133, 0.366754, 4.265667), (-12.35392, 0.382906, 4.11182)
(-12.513904, 0.383771, 4.111695), (-12.35392, 0.382906, 4.11182), (-12.354432, 0.401646, 3.95792)
(-12.35392, 0.382906, 4.11182), (-12.353443, 0.365049, 4.265749), (-12.194205, 0.386169, 4.112222)
(-12.35392, 0.382906, 4.11182), (-12.194205, 0.386169, 4.112222), (-12.194628, 0.405187, 3.958292)
(-12.194205, 0.386169, 4.112222), (-12.193851, 0.367717, 4.266145), (-12.034807, 0.393133, 4.112803)
(-12.194205, 0.386169, 4.112222), (-12.034807, 0.393133, 4.112803), (-12.03513, 0.412325, 3.958819)
(-12.034807, 0.393133, 4.112803), (-12.03458, 0.374253, 4.266747), (-11.875716, 0.403141, 4.113449)
(-12.034807, 0.393133, 4.112803), (-11.875716, 0.403141, 4.113449), (-11.875925, 0.422376, 3.959392)
(-12.5133, 0.366754, 4.265667), (-12.353443, 0.365049, 4.265749), (-12.35392, 0.382906, 4.11182)
(-12.5133, 0.366754, 4.265667), (-12.512628, 0.350151, 4.41962), (-12.353443, 0.365049, 4.265749)
(-12.353443, 0.365049, 4.265749), (-12.193851, 0.367717, 4.266145), (-12.194205, 0.386169, 4.112222)
(-12.353443, 0.365049, 4.265749), (-12.352933, 0.347383, 4.419631), (-12.193851, 0.367717, 4.266145)
(-12.193851, 0.367717, 4.266145), (-12.03458, 0.374253, 4.266747), (-12.034807, 0.393133, 4.112803)
(-12.193851, 0.367717, 4.266145), (-12.193501, 0.349189, 4.419994), (-12.03458, 0.374253, 4.266747)
(-12.03458, 0.374253, 4.266747), (-11.8756, 0.383828, 4.267444), (-11.875716, 0.403141, 4.113449)
(-12.03458, 0.374253, 4.266747), (-12.034369, 0.354974, 4.420601), (-11.8756, 0.383828, 4.267444)
(-12.512628, 0.350151, 4.41962), (-12.352933, 0.347383, 4.419631), (-12.353443, 0.365049, 4.265749)
(-12.512628, 0.350151, 4.41962), (-12.511853, 0.333768, 4.573516), (-12.352933, 0.347383, 4.419631)
(-12.352933, 0.347383, 4.419631), (-12.352372, 0.329896, 4.573442), (-12.193501, 0.349189, 4.419994)
(-12.352933, 0.347383, 4.419631), (-12.193501, 0.349189, 4.419994), (-12.193851, 0.367717, 4.266145)
(-12.193501, 0.349189, 4.419994), (-12.034369, 0.354974, 4.420601), (-12.03458, 0.374253, 4.266747)
(-12.193501, 0.349189, 4.419994), (-12.193132, 0.330596, 4.573745), (-12.034369, 0.354974, 4.420601)
(-12.034369, 0.354974, 4.420601), (-12.034169, 0.335493, 4.574337), (-11.875534, 0.364095, 4.421341)
(-12.034369, 0.354974, 4.420601), (-11.875534, 0.364095, 4.421341), (-11.8756, 0.383828, 4.267444)
(-12.352372, 0.329896, 4.573442), (-12.193132, 0.330596, 4.573745), (-12.193501, 0.349189, 4.419994)
(-12.352372, 0.329896, 4.573442), (-12.351714, 0.312474, 4.727167), (-12.193132, 0.330596, 4.573745)
(-12.511853, 0.333768, 4.573516), (-12.352372, 0.329896, 4.573442), (-12.352933, 0.347383, 4.419631)
(-12.511853, 0.333768, 4.573516), (-12.510931, 0.317885, 4.727369), (-12.352372, 0.329896, 4.573442)
(-12.193132, 0.330596, 4.573745), (-12.034169, 0.335493, 4.574337), (-12.034369, 0.354974, 4.420601)
(-12.193132, 0.330596, 4.573745), (-12.192708, 0.311916, 4.72739), (-12.034169, 0.335493, 4.574337)
(-12.034169, 0.335493, 4.574337), (-11.875491, 0.343923, 4.575114), (-11.875534, 0.364095, 4.421341)
(-12.034169, 0.335493, 4.574337), (-12.033957, 0.315845, 4.727954), (-11.875491, 0.343923, 4.575114)
# -11.652872083353333, 0, 4.30671151664667
(-11.875716, 0.403141, 4.113449), (-11.8756, 0.383828, 4.267444), (-11.716873, 0.415369, 4.114059)
(-11.875716, 0.403141, 4.113449), (-11.716873, 0.415369, 4.114059), (-11.716976, 0.434679, 3.959903)
(-11.716873, 0.415369, 4.114059), (-11.716887, 0.39585, 4.268139), (-11.558208, 0.429216, 4.114576)
(-11.716873, 0.415369, 4.114059), (-11.558208, 0.429216, 4.114576), (-11.55818, 0.448451, 3.960292)
(-11.558208, 0.429216, 4.114576), (-11.558355, 0.409645, 4.268773), (-11.399678, 0.44438, 4.114928)
(-11.558208, 0.429216, 4.114576), (-11.399678, 0.44438, 4.114928), (-11.399503, 0.463427, 3.96049)
(-11.399678, 0.44438, 4.114928), (-11.399973, 0.424902, 4.269266), (-11.241228, 0.460487, 4.115056)
(-11.399678, 0.44438, 4.114928), (-11.241228, 0.460487, 4.115056), (-11.240893, 0.479228, 3.960442)
(-11.8756, 0.383828, 4.267444), (-11.716887, 0.39585, 4.268139), (-11.716873, 0.415369, 4.114059)
(-11.8756, 0.383828, 4.267444), (-11.875534, 0.364095, 4.421341), (-11.716887, 0.39585, 4.268139)
(-11.716887, 0.39585, 4.268139), (-11.558355, 0.409645, 4.268773), (-11.558208, 0.429216, 4.114576)
(-11.716887, 0.39585, 4.268139), (-11.716949, 0.375793, 4.422123), (-11.558355, 0.409645, 4.268773)
(-11.558355, 0.409645, 4.268773), (-11.399973, 0.424902, 4.269266), (-11.399678, 0.44438, 4.114928)
(-11.558355, 0.409645, 4.268773), (-11.558565, 0.389489, 4.422876), (-11.399973, 0.424902, 4.269266)
(-11.399973, 0.424902, 4.269266), (-11.241673, 0.44122, 4.269583), (-11.241228, 0.460487, 4.115056)
(-11.399973, 0.424902, 4.269266), (-11.400332, 0.404794, 4.423532), (-11.241673, 0.44122, 4.269583)
(-11.875534, 0.364095, 4.421341), (-11.716949, 0.375793, 4.422123), (-11.716887, 0.39585, 4.268139)
(-11.875534, 0.364095, 4.421341), (-11.875491, 0.343923, 4.575114), (-11.716949, 0.375793, 4.422123)
(-11.716949, 0.375793, 4.422123), (-11.71707, 0.355284, 4.575974), (-11.558565, 0.389489, 4.422876)
(-11.716949, 0.375793, 4.422123), (-11.558565, 0.389489, 4.422876), (-11.558355, 0.409645, 4.268773)
(-11.558565, 0.389489, 4.422876), (-11.400332, 0.404794, 4.423532), (-11.399973, 0.424902, 4.269266)
(-11.558565, 0.389489, 4.422876), (-11.558837, 0.368794, 4.576849), (-11.400332, 0.404794, 4.423532)
(-11.400332, 0.404794, 4.423532), (-11.400755, 0.384109, 4.577665), (-11.242188, 0.421343, 4.424035)
(-11.400332, 0.404794, 4.423532), (-11.242188, 0.421343, 4.424035), (-11.241673, 0.44122, 4.269583)
(-11.875491, 0.343923, 4.575114), (-11.71707, 0.355284, 4.575974), (-11.716949, 0.375793, 4.422123)
(-11.875491, 0.343923, 4.575114), (-11.875471, 0.323615, 4.728753), (-11.71707, 0.355284, 4.575974)
(-11.71707, 0.355284, 4.575974), (-11.558837, 0.368794, 4.576849), (-11.558565, 0.389489, 4.422876)
(-11.71707, 0.355284, 4.575974), (-11.717214, 0.334426, 4.729685), (-11.558837, 0.368794, 4.576849)
(-11.558837, 0.368794, 4.576849), (-11.400755, 0.384109, 4.577665), (-11.400332, 0.404794, 4.423532)
(-11.558837, 0.368794, 4.576849), (-11.559139, 0.347659, 4.730676), (-11.400755, 0.384109, 4.577665)
(-11.400755, 0.384109, 4.577665), (-11.242766, 0.400848, 4.578369), (-11.242188, 0.421343, 4.424035)
(-11.400755, 0.384109, 4.577665), (-11.401214, 0.362952, 4.731649), (-11.242766, 0.400848, 4.578369)
# -10.985101850019998, 0, 4.30671151664667
(-10.76583, 0.511287, 4.113931), (-10.766778, 0.493508, 4.269176), (-10.607263, 0.528014, 4.112936)
(-10.76583, 0.511287, 4.113931), (-10.607263, 0.528014, 4.112936), (-10.606214, 0.54433, 3.957314)
(-10.924335, 0.494221, 4.114588), (-10.92511, 0.475831, 4.269578), (-10.76583, 0.511287, 4.113931)
(-10.924335, 0.494221, 4.114588), (-10.76583, 0.511287, 4.113931), (-10.764966, 0.528372, 3.958582)
(-11.082796, 0.477185, 4.114945), (-11.083395, 0.45829, 4.269694), (-10.924335, 0.494221, 4.114588)
(-11.082796, 0.477185, 4.114945), (-10.924335, 0.494221, 4.114588), (-10.923656, 0.511985, 3.959505)
(-11.241228, 0.460487, 4.115056), (-11.241673, 0.44122, 4.269583), (-11.082796, 0.477185, 4.114945)
(-11.241228, 0.460487, 4.115056), (-11.082796, 0.477185, 4.114945), (-11.082295, 0.495503, 3.960106)
(-10.766778, 0.493508, 4.269176), (-10.608383, 0.511032, 4.268483), (-10.607263, 0.528014, 4.112936)
(-10.766778, 0.493508, 4.269176), (-10.767789, 0.475169, 4.424375), (-10.608383, 0.511032, 4.268483)
(-10.92511, 0.475831, 4.269578), (-10.766778, 0.493508, 4.269176), (-10.76583, 0.511287, 4.113931)
(-10.92511, 0.475831, 4.269578), (-10.925951, 0.456831, 4.424493), (-10.766778, 0.493508, 4.269176)
(-11.241673, 0.44122, 4.269583), (-11.083395, 0.45829, 4.269694), (-11.082796, 0.477185, 4.114945)
(-11.241673, 0.44122, 4.269583), (-11.242188, 0.421343, 4.424035), (-11.083395, 0.45829, 4.269694)
(-11.083395, 0.45829, 4.269694), (-10.92511, 0.475831, 4.269578), (-10.924335, 0.494221, 4.114588)
(-11.083395, 0.45829, 4.269694), (-11.084076, 0.438787, 4.424365), (-10.92511, 0.475831, 4.269578)
(-11.242188, 0.421343, 4.424035), (-11.084076, 0.438787, 4.424365), (-11.083395, 0.45829, 4.269694)
(-11.242188, 0.421343, 4.424035), (-11.242766, 0.400848, 4.578369), (-11.084076, 0.438787, 4.424365)
(-11.084076, 0.438787, 4.424365), (-11.08481, 0.41867, 4.578908), (-10.925951, 0.456831, 4.424493)
(-11.084076, 0.438787, 4.424365), (-10.925951, 0.456831, 4.424493), (-10.92511, 0.475831, 4.269578)
(-10.767789, 0.475169, 4.424375), (-10.768842, 0.456155, 4.579445), (-10.609558, 0.493449, 4.423968)
(-10.767789, 0.475169, 4.424375), (-10.609558, 0.493449, 4.423968), (-10.608383, 0.511032, 4.268483)
(-10.925951, 0.456831, 4.424493), (-10.767789, 0.475169, 4.424375), (-10.766778, 0.493508, 4.269176)
(-10.925951, 0.456831, 4.424493), (-10.926847, 0.437197, 4.579286), (-10.767789, 0.475169, 4.424375)
(-11.242766, 0.400848, 4.578369), (-11.08481, 0.41867, 4.578908), (-11.084076, 0.438787, 4.424365)
(-11.242766, 0.400848, 4.578369), (-11.243382, 0.37989, 4.732534), (-11.08481, 0.41867, 4.578908)
(-11.08481, 0.41867, 4.578908), (-10.926847, 0.437197, 4.579286), (-10.925951, 0.456831, 4.424493)
(-11.08481, 0.41867, 4.578908), (-11.085579, 0.39802, 4.7333), (-10.926847, 0.437197, 4.579286)
(-10.926847, 0.437197, 4.579286), (-10.768842, 0.456155, 4.579445), (-10.767789, 0.475169, 4.424375)
(-10.926847, 0.437197, 4.579286), (-10.927768, 0.416979, 4.733925), (-10.768842, 0.456155, 4.579445)
(-10.768842, 0.456155, 4.579445), (-10.61077, 0.475208, 4.579346), (-10.609558, 0.493449, 4.423968)
(-10.768842, 0.456155, 4.579445), (-10.769911, 0.436498, 4.734352), (-10.61077, 0.475208, 4.579346)
# -10.317331616686666, 0, 4.30671151664667
(-10.131225, 0.573547, 4.108064), (-10.132814, 0.559526, 4.264554), (-9.972509, 0.585738, 4.105745)
(-10.131225, 0.573547, 4.108064), (-9.972509, 0.585738, 4.105745), (-9.970836, 0.597651, 3.94887)
(-10.289942, 0.559503, 4.110015), (-10.29139, 0.54442, 4.266189), (-10.131225, 0.573547, 4.108064)
(-10.289942, 0.559503, 4.110015), (-10.131225, 0.573547, 4.108064), (-10.12968, 0.586649, 3.951492)
(-10.448628, 0.544148, 4.111622), (-10.449916, 0.528062, 4.267477), (-10.289942, 0.559503, 4.110015)
(-10.448628, 0.544148, 4.111622), (-10.289942, 0.559503, 4.110015), (-10.288546, 0.573781, 3.953762)
(-10.607263, 0.528014, 4.112936), (-10.608383, 0.511032, 4.268483), (-10.448628, 0.544148, 4.111622)
(-10.607263, 0.528014, 4.112936), (-10.448628, 0.544148, 4.111622), (-10.447403, 0.559493, 3.955688)
(-10.132814, 0.559526, 4.264554), (-9.974219, 0.573112, 4.262585), (-9.972509, 0.585738, 4.105745)
(-10.132814, 0.559526, 4.264554), (-10.134435, 0.544997, 4.421013), (-9.974219, 0.573112, 4.262585)
(-10.29139, 0.54442, 4.266189), (-10.132814, 0.559526, 4.264554), (-10.131225, 0.573547, 4.108064)
(-10.29139, 0.54442, 4.266189), (-10.292875, 0.528732, 4.422309), (-10.132814, 0.559526, 4.264554)
(-10.449916, 0.528062, 4.267477), (-10.29139, 0.54442, 4.266189), (-10.289942, 0.559503, 4.110015)
(-10.449916, 0.528062, 4.267477), (-10.451252, 0.511395, 4.423279), (-10.29139, 0.54442, 4.266189)
(-10.608383, 0.511032, 4.268483), (-10.449916, 0.528062, 4.267477), (-10.448628, 0.544148, 4.111622)
(-10.608383, 0.511032, 4.268483), (-10.609558, 0.493449, 4.423968), (-10.449916, 0.528062, 4.267477)
(-10.134435, 0.544997, 4.421013), (-10.136069, 0.529589, 4.577344), (-9.975954, 0.5597, 4.419357)
(-10.134435, 0.544997, 4.421013), (-9.975954, 0.5597, 4.419357), (-9.974219, 0.573112, 4.262585)
(-10.292875, 0.528732, 4.422309), (-10.134435, 0.544997, 4.421013), (-10.132814, 0.559526, 4.264554)
(-10.292875, 0.528732, 4.422309), (-10.294378, 0.512259, 4.578305), (-10.134435, 0.544997, 4.421013)
(-10.451252, 0.511395, 4.423279), (-10.45261, 0.493975, 4.578952), (-10.292875, 0.528732, 4.422309)
(-10.451252, 0.511395, 4.423279), (-10.292875, 0.528732, 4.422309), (-10.29139, 0.54442, 4.266189)
(-10.609558, 0.493449, 4.423968), (-10.451252, 0.511395, 4.423279), (-10.449916, 0.528062, 4.267477)
(-10.609558, 0.493449, 4.423968), (-10.61077, 0.475208, 4.579346), (-10.451252, 0.511395, 4.423279)
(-10.136069, 0.529589, 4.577344), (-9.977699, 0.545519, 4.576035), (-9.975954, 0.5597, 4.419357)
(-10.136069, 0.529589, 4.577344), (-10.137691, 0.513119, 4.733474), (-9.977699, 0.545519, 4.576035)
(-10.294378, 0.512259, 4.578305), (-10.136069, 0.529589, 4.577344), (-10.134435, 0.544997, 4.421013)
(-10.294378, 0.512259, 4.578305), (-10.295873, 0.494895, 4.73412), (-10.136069, 0.529589, 4.577344)
(-10.45261, 0.493975, 4.578952), (-10.294378, 0.512259, 4.578305), (-10.292875, 0.528732, 4.422309)
(-10.45261, 0.493975, 4.578952), (-10.453969, 0.475757, 4.734447), (-10.294378, 0.512259, 4.578305)
(-10.61077, 0.475208, 4.579346), (-10.45261, 0.493975, 4.578952), (-10.451252, 0.511395, 4.423279)
(-10.61077, 0.475208, 4.579346), (-10.611981, 0.456198, 4.734523), (-10.45261, 0.493975, 4.578952)
