# -9.64956138335333, 0, -6.377612216686664
(-9.345985, 1.909554, -6.690071), (-9.19157, 1.858754, -6.69117), (-9.18604, 1.894078, -6.854343)
(-9.345985, 1.909554, -6.690071), (-9.351081, 1.87324, -6.526943), (-9.19157, 1.858754, -6.69117)
(-9.50058, 1.959323, -6.689065), (-9.345985, 1.909554, -6.690071), (-9.340595, 1.943141, -6.853256)
(-9.50058, 1.959323, -6.689065), (-9.505586, 1.924444, -6.525846), (-9.345985, 1.909554, -6.690071)
(-9.65542, 2.007224, -6.688127), (-9.50058, 1.959323, -6.689065), (-9.495375, 1.990783, -6.852283)
(-9.65542, 2.007224, -6.688127), (-9.660295, 1.974311, -6.524806), (-9.50058, 1.959323, -6.689065)
(-9.81057, 2.052806, -6.687207), (-9.65542, 2.007224, -6.688127), (-9.650434, 2.036436, -6.851385)
(-9.81057, 2.052806, -6.687207), (-9.815277, 2.022026, -6.523785), (-9.65542, 2.007224, -6.688127)
(-9.966088, 2.095531, -6.686236), (-9.81057, 2.052806, -6.687207), (-9.805831, 2.079525, -6.850502)
(-9.966088, 2.095531, -6.686236), (-9.970602, 2.067217, -6.522723), (-9.81057, 2.052806, -6.687207)
(-9.351081, 1.87324, -6.526943), (-9.355817, 1.834992, -6.363916), (-9.19672, 1.821342, -6.528103)
(-9.351081, 1.87324, -6.526943), (-9.19672, 1.821342, -6.528103), (-9.19157, 1.858754, -6.69117)
(-9.505586, 1.924444, -6.525846), (-9.510307, 1.887205, -6.362698), (-9.351081, 1.87324, -6.526943)
(-9.505586, 1.924444, -6.525846), (-9.351081, 1.87324, -6.526943), (-9.345985, 1.909554, -6.690071)
(-9.660295, 1.974311, -6.524806), (-9.664966, 1.938434, -6.361508), (-9.505586, 1.924444, -6.525846)
(-9.660295, 1.974311, -6.524806), (-9.505586, 1.924444, -6.525846), (-9.50058, 1.959323, -6.689065)
(-9.815277, 2.022026, -6.523785), (-9.819861, 1.987945, -6.360332), (-9.660295, 1.974311, -6.524806)
(-9.815277, 2.022026, -6.523785), (-9.660295, 1.974311, -6.524806), (-9.65542, 2.007224, -6.688127)
(-9.970602, 2.067217, -6.522723), (-9.975069, 2.035247, -6.359114), (-9.815277, 2.022026, -6.523785)
(-9.970602, 2.067217, -6.522723), (-9.815277, 2.022026, -6.523785), (-9.81057, 2.052806, -6.687207)
(-9.355817, 1.834992, -6.363916), (-9.201454, 1.782454, -6.36517), (-9.19672, 1.821342, -6.528103)
(-9.355817, 1.834992, -6.363916), (-9.36016, 1.795218, -6.201062), (-9.201454, 1.782454, -6.36517)
(-9.510307, 1.887205, -6.362698), (-9.355817, 1.834992, -6.363916), (-9.351081, 1.87324, -6.526943)
(-9.510307, 1.887205, -6.362698), (-9.51469, 1.84795, -6.199701), (-9.355817, 1.834992, -6.363916)
(-9.664966, 1.938434, -6.361508), (-9.510307, 1.887205, -6.362698), (-9.505586, 1.924444, -6.525846)
(-9.664966, 1.938434, -6.361508), (-9.669369, 1.899928, -6.198348), (-9.510307, 1.887205, -6.362698)
(-9.819861, 1.987945, -6.360332), (-9.664966, 1.938434, -6.361508), (-9.660295, 1.974311, -6.524806)
(-9.819861, 1.987945, -6.360332), (-9.824264, 1.950741, -6.196974), (-9.664966, 1.938434, -6.361508)
(-9.975069, 2.035247, -6.359114), (-9.819861, 1.987945, -6.360332), (-9.815277, 2.022026, -6.523785)
(-9.975069, 2.035247, -6.359114), (-9.979433, 2.000017, -6.19554), (-9.819861, 1.987945, -6.360332)
(-9.36016, 1.795218, -6.201062), (-9.36413, 1.754192, -6.038413), (-9.205706, 1.742298, -6.20245)
(-9.36016, 1.795218, -6.201062), (-9.205706, 1.742298, -6.20245), (-9.201454, 1.782454, -6.36517)
(-9.51469, 1.84795, -6.199701), (-9.518746, 1.807266, -6.036898), (-9.36016, 1.795218, -6.201062)
(-9.51469, 1.84795, -6.199701), (-9.36016, 1.795218, -6.201062), (-9.355817, 1.834992, -6.363916)
(-9.669369, 1.899928, -6.198348), (-9.51469, 1.84795, -6.199701), (-9.510307, 1.887205, -6.362698)
(-9.669369, 1.899928, -6.198348), (-9.673496, 1.859866, -6.035367), (-9.51469, 1.84795, -6.199701)
(-9.824264, 1.950741, -6.196974), (-9.828445, 1.911758, -6.033781), (-9.669369, 1.899928, -6.198348)
(-9.824264, 1.950741, -6.196974), (-9.669369, 1.899928, -6.198348), (-9.664966, 1.938434, -6.361508)
(-9.979433, 2.000017, -6.19554), (-9.983643, 1.962508, -6.032118), (-9.824264, 1.950741, -6.196974)
(-9.979433, 2.000017, -6.19554), (-9.824264, 1.950741, -6.196974), (-9.819861, 1.987945, -6.360332)
# -8.981791150019998, 0, -6.377612216686664
(-8.728951, 1.706908, -6.695032), (-8.574868, 1.65824, -6.696434), (-8.569254, 1.697894, -6.859801)
(-8.728951, 1.706908, -6.695032), (-8.734035, 1.667644, -6.531992), (-8.574868, 1.65824, -6.696434)
(-8.883084, 1.756866, -6.693666), (-8.728951, 1.706908, -6.695032), (-8.723297, 1.745865, -6.858313)
(-8.883084, 1.756866, -6.693666), (-8.888215, 1.718005, -6.530649), (-8.728951, 1.706908, -6.695032)
(-9.037277, 1.807655, -6.692373), (-8.883084, 1.756866, -6.693666), (-8.877422, 1.794903, -6.856884)
(-9.037277, 1.807655, -6.692373), (-9.042446, 1.769393, -6.52934), (-8.883084, 1.756866, -6.693666)
(-9.19157, 1.858754, -6.69117), (-9.037277, 1.807655, -6.692373), (-9.03166, 1.844498, -6.855554)
(-9.19157, 1.858754, -6.69117), (-9.19672, 1.821342, -6.528103), (-9.037277, 1.807655, -6.692373)
(-8.734035, 1.667644, -6.531992), (-8.73862, 1.627909, -6.369169), (-8.579895, 1.618666, -6.533342)
(-8.734035, 1.667644, -6.531992), (-8.579895, 1.618666, -6.533342), (-8.574868, 1.65824, -6.696434)
(-8.888215, 1.718005, -6.530649), (-8.892866, 1.67841, -6.367816), (-8.734035, 1.667644, -6.531992)
(-8.888215, 1.718005, -6.530649), (-8.734035, 1.667644, -6.531992), (-8.728951, 1.706908, -6.695032)
(-9.042446, 1.769393, -6.52934), (-9.047145, 1.730065, -6.366473), (-8.888215, 1.718005, -6.530649)
(-9.042446, 1.769393, -6.52934), (-8.888215, 1.718005, -6.530649), (-8.883084, 1.756866, -6.693666)
(-9.19672, 1.821342, -6.528103), (-9.201454, 1.782454, -6.36517), (-9.042446, 1.769393, -6.52934)
(-9.19672, 1.821342, -6.528103), (-9.042446, 1.769393, -6.52934), (-9.037277, 1.807655, -6.692373)
(-8.73862, 1.627909, -6.369169), (-8.584425, 1.578801, -6.370499), (-8.579895, 1.618666, -6.533342)
(-8.73862, 1.627909, -6.369169), (-8.742705, 1.587708, -6.206592), (-8.584425, 1.578801, -6.370499)
(-8.892866, 1.67841, -6.367816), (-8.73862, 1.627909, -6.369169), (-8.734035, 1.667644, -6.531992)
(-8.892866, 1.67841, -6.367816), (-8.897011, 1.638174, -6.205216), (-8.73862, 1.627909, -6.369169)
(-9.047145, 1.730065, -6.366473), (-8.892866, 1.67841, -6.367816), (-8.888215, 1.718005, -6.530649)
(-9.047145, 1.730065, -6.366473), (-9.051331, 1.689828, -6.203836), (-8.892866, 1.67841, -6.367816)
(-9.201454, 1.782454, -6.36517), (-9.047145, 1.730065, -6.366473), (-9.042446, 1.769393, -6.52934)
(-9.201454, 1.782454, -6.36517), (-9.205706, 1.742298, -6.20245), (-9.047145, 1.730065, -6.366473)
(-8.742705, 1.587708, -6.206592), (-8.746328, 1.546906, -6.044269), (-8.588382, 1.538808, -6.207957)
(-8.742705, 1.587708, -6.206592), (-8.588382, 1.538808, -6.207957), (-8.584425, 1.578801, -6.370499)
(-8.897011, 1.638174, -6.205216), (-8.900723, 1.597204, -6.042845), (-8.742705, 1.587708, -6.206592)
(-8.897011, 1.638174, -6.205216), (-8.742705, 1.587708, -6.206592), (-8.73862, 1.627909, -6.369169)
(-9.051331, 1.689828, -6.203836), (-8.897011, 1.638174, -6.205216), (-8.892866, 1.67841, -6.367816)
(-9.051331, 1.689828, -6.203836), (-9.055122, 1.648747, -6.041402), (-8.897011, 1.638174, -6.205216)
(-9.205706, 1.742298, -6.20245), (-9.20959, 1.701182, -6.039922), (-9.051331, 1.689828, -6.203836)
(-9.205706, 1.742298, -6.20245), (-9.051331, 1.689828, -6.203836), (-9.047145, 1.730065, -6.366473)
(-8.746328, 1.546906, -6.044269), (-8.591935, 1.498148, -6.045656), (-8.588382, 1.538808, -6.207957)
(-8.746328, 1.546906, -6.044269), (-8.749449, 1.50561, -5.882245), (-8.591935, 1.498148, -6.045656)
# -8.314020916686664, 0, -6.377612216686664
(-8.112866, 1.522698, -6.700434), (-7.95891, 1.481635, -6.701578), (-7.953689, 1.522713, -6.865314)
(-8.112866, 1.522698, -6.700434), (-8.117572, 1.482793, -6.53718), (-7.95891, 1.481635, -6.701578)
(-8.266838, 1.565911, -6.699173), (-8.112866, 1.522698, -6.700434), (-8.107534, 1.563524, -6.86409)
(-8.266838, 1.565911, -6.699173), (-8.271654, 1.526103, -6.535974), (-8.112866, 1.522698, -6.700434)
(-8.420829, 1.611182, -6.697829), (-8.266838, 1.565911, -6.699173), (-8.261394, 1.60646, -6.862739)
(-8.420829, 1.611182, -6.697829), (-8.425776, 1.571392, -6.534678), (-8.266838, 1.565911, -6.699173)
(-8.574868, 1.65824, -6.696434), (-8.420829, 1.611182, -6.697829), (-8.415294, 1.651327, -6.861293)
(-8.574868, 1.65824, -6.696434), (-8.579895, 1.618666, -6.533342), (-8.420829, 1.611182, -6.697829)
(-8.117572, 1.482793, -6.53718), (-8.121811, 1.442875, -6.374253), (-7.963519, 1.441567, -6.53827)
(-8.117572, 1.482793, -6.53718), (-7.963519, 1.441567, -6.53827), (-7.95891, 1.481635, -6.701578)
(-8.271654, 1.526103, -6.535974), (-8.276001, 1.486168, -6.373075), (-8.117572, 1.482793, -6.53718)
(-8.271654, 1.526103, -6.535974), (-8.117572, 1.482793, -6.53718), (-8.112866, 1.522698, -6.700434)
(-8.425776, 1.571392, -6.534678), (-8.430214, 1.531494, -6.371811), (-8.271654, 1.526103, -6.535974)
(-8.425776, 1.571392, -6.534678), (-8.271654, 1.526103, -6.535974), (-8.266838, 1.565911, -6.699173)
(-8.579895, 1.618666, -6.533342), (-8.584425, 1.578801, -6.370499), (-8.425776, 1.571392, -6.534678)
(-8.579895, 1.618666, -6.533342), (-8.425776, 1.571392, -6.534678), (-8.420829, 1.611182, -6.697829)
(-8.121811, 1.442875, -6.374253), (-7.967667, 1.401572, -6.375315), (-7.963519, 1.441567, -6.53827)
(-8.121811, 1.442875, -6.374253), (-8.125571, 1.40292, -6.211667), (-7.967667, 1.401572, -6.375315)
(-8.276001, 1.486168, -6.373075), (-8.121811, 1.442875, -6.374253), (-8.117572, 1.482793, -6.53718)
(-8.276001, 1.486168, -6.373075), (-8.279843, 1.446178, -6.210498), (-8.121811, 1.442875, -6.374253)
(-8.430214, 1.531494, -6.371811), (-8.276001, 1.486168, -6.373075), (-8.271654, 1.526103, -6.535974)
(-8.430214, 1.531494, -6.371811), (-8.434098, 1.49157, -6.209263), (-8.276001, 1.486168, -6.373075)
(-8.584425, 1.578801, -6.370499), (-8.430214, 1.531494, -6.371811), (-8.425776, 1.571392, -6.534678)
(-8.584425, 1.578801, -6.370499), (-8.588382, 1.538808, -6.207957), (-8.430214, 1.531494, -6.371811)
(-8.125571, 1.40292, -6.211667), (-8.12885, 1.362831, -6.049423), (-7.971261, 1.362022, -6.212769)
(-8.125571, 1.40292, -6.211667), (-7.971261, 1.362022, -6.212769), (-7.967667, 1.401572, -6.375315)
(-8.279843, 1.446178, -6.210498), (-8.283226, 1.405859, -6.048231), (-8.125571, 1.40292, -6.211667)
(-8.279843, 1.446178, -6.210498), (-8.125571, 1.40292, -6.211667), (-8.121811, 1.442875, -6.374253)
(-8.434098, 1.49157, -6.209263), (-8.279843, 1.446178, -6.210498), (-8.276001, 1.486168, -6.373075)
(-8.434098, 1.49157, -6.209263), (-8.437562, 1.4511, -6.046985), (-8.279843, 1.446178, -6.210498)
(-8.588382, 1.538808, -6.207957), (-8.591935, 1.498148, -6.045656), (-8.434098, 1.49157, -6.209263)
(-8.588382, 1.538808, -6.207957), (-8.434098, 1.49157, -6.209263), (-8.430214, 1.531494, -6.371811)
(-8.12885, 1.362831, -6.049423), (-7.974432, 1.32216, -6.050554), (-7.971261, 1.362022, -6.212769)
(-8.12885, 1.362831, -6.049423), (-8.131579, 1.322801, -5.887564), (-7.974432, 1.32216, -6.050554)
(-8.283226, 1.405859, -6.048231), (-8.12885, 1.362831, -6.049423), (-8.125571, 1.40292, -6.211667)
(-8.283226, 1.405859, -6.048231), (-8.286052, 1.365515, -5.886333), (-8.12885, 1.362831, -6.049423)
(-8.437562, 1.4511, -6.046985), (-8.283226, 1.405859, -6.048231), (-8.279843, 1.446178, -6.210498)
(-8.437562, 1.4511, -6.046985), (-8.440524, 1.410311, -5.885028), (-8.283226, 1.405859, -6.048231)
(-8.591935, 1.498148, -6.045656), (-8.437562, 1.4511, -6.046985), (-8.434098, 1.49157, -6.209263)
(-8.591935, 1.498148, -6.045656), (-8.594979, 1.457099, -5.883667), (-8.437562, 1.4511, -6.046985)
# -7.64625068335333, 0, -6.377612216686664
(-7.343309, 1.337994, -6.704597), (-7.18943, 1.307091, -6.704977), (-7.18491, 1.347103, -6.868674)
(-7.343309, 1.337994, -6.704597), (-7.347358, 1.298702, -6.541347), (-7.18943, 1.307091, -6.704977)
(-7.497213, 1.370733, -6.704068), (-7.343309, 1.337994, -6.704597), (-7.33862, 1.378676, -6.868367)
(-7.497213, 1.370733, -6.704068), (-7.501416, 1.331017, -6.540763), (-7.343309, 1.337994, -6.704597)
(-7.651101, 1.405603, -6.703397), (-7.497213, 1.370733, -6.704068), (-7.49237, 1.411829, -6.867879)
(-7.651101, 1.405603, -6.703397), (-7.655436, 1.365715, -6.540073), (-7.497213, 1.370733, -6.704068)
(-7.804985, 1.442644, -6.702574), (-7.651101, 1.405603, -6.703397), (-7.646119, 1.446881, -6.867216)
(-7.804985, 1.442644, -6.702574), (-7.809481, 1.4025, -6.539233), (-7.651101, 1.405603, -6.703397)
(-7.95891, 1.481635, -6.701578), (-7.804985, 1.442644, -6.702574), (-7.799887, 1.483837, -6.866361)
(-7.95891, 1.481635, -6.701578), (-7.963519, 1.441567, -6.53827), (-7.804985, 1.442644, -6.702574)
(-7.347358, 1.298702, -6.541347), (-7.35097, 1.259664, -6.378502), (-7.193327, 1.268348, -6.541795)
(-7.347358, 1.298702, -6.541347), (-7.193327, 1.268348, -6.541795), (-7.18943, 1.307091, -6.704977)
(-7.501416, 1.331017, -6.540763), (-7.505173, 1.291561, -6.37786), (-7.347358, 1.298702, -6.541347)
(-7.501416, 1.331017, -6.540763), (-7.347358, 1.298702, -6.541347), (-7.343309, 1.337994, -6.704597)
(-7.655436, 1.365715, -6.540073), (-7.659338, 1.325944, -6.37713), (-7.501416, 1.331017, -6.540763)
(-7.655436, 1.365715, -6.540073), (-7.501416, 1.331017, -6.540763), (-7.497213, 1.370733, -6.704068)
(-7.809481, 1.4025, -6.539233), (-7.813505, 1.362603, -6.376279), (-7.655436, 1.365715, -6.540073)
(-7.809481, 1.4025, -6.539233), (-7.655436, 1.365715, -6.540073), (-7.651101, 1.405603, -6.703397)
(-7.963519, 1.441567, -6.53827), (-7.967667, 1.401572, -6.375315), (-7.809481, 1.4025, -6.539233)
(-7.963519, 1.441567, -6.53827), (-7.809481, 1.4025, -6.539233), (-7.804985, 1.442644, -6.702574)
(-7.35097, 1.259664, -6.378502), (-7.196756, 1.230076, -6.379044), (-7.193327, 1.268348, -6.541795)
(-7.35097, 1.259664, -6.378502), (-7.354021, 1.221524, -6.216158), (-7.196756, 1.230076, -6.379044)
(-7.505173, 1.291561, -6.37786), (-7.35097, 1.259664, -6.378502), (-7.347358, 1.298702, -6.541347)
(-7.505173, 1.291561, -6.37786), (-7.508422, 1.252638, -6.215407), (-7.35097, 1.259664, -6.378502)
(-7.659338, 1.325944, -6.37713), (-7.505173, 1.291561, -6.37786), (-7.501416, 1.331017, -6.540763)
(-7.659338, 1.325944, -6.37713), (-7.662727, 1.286639, -6.214619), (-7.505173, 1.291561, -6.37786)
(-7.813505, 1.362603, -6.376279), (-7.659338, 1.325944, -6.37713), (-7.655436, 1.365715, -6.540073)
(-7.813505, 1.362603, -6.376279), (-7.816986, 1.323214, -6.21375), (-7.659338, 1.325944, -6.37713)
(-7.967667, 1.401572, -6.375315), (-7.813505, 1.362603, -6.376279), (-7.809481, 1.4025, -6.539233)
(-7.967667, 1.401572, -6.375315), (-7.971261, 1.362022, -6.212769), (-7.813505, 1.362603, -6.376279)
(-7.354021, 1.221524, -6.216158), (-7.356618, 1.183581, -6.05424), (-7.199625, 1.192744, -6.216812)
(-7.354021, 1.221524, -6.216158), (-7.199625, 1.192744, -6.216812), (-7.196756, 1.230076, -6.379044)
(-7.508422, 1.252638, -6.215407), (-7.511165, 1.21412, -6.053396), (-7.354021, 1.221524, -6.216158)
(-7.508422, 1.252638, -6.215407), (-7.354021, 1.221524, -6.216158), (-7.35097, 1.259664, -6.378502)
(-7.662727, 1.286639, -6.214619), (-7.665634, 1.247528, -6.052516), (-7.508422, 1.252638, -6.215407)
(-7.662727, 1.286639, -6.214619), (-7.508422, 1.252638, -6.215407), (-7.505173, 1.291561, -6.37786)
(-7.816986, 1.323214, -6.21375), (-7.662727, 1.286639, -6.214619), (-7.659338, 1.325944, -6.37713)
(-7.816986, 1.323214, -6.21375), (-7.820024, 1.283721, -6.051588), (-7.662727, 1.286639, -6.214619)
(-7.971261, 1.362022, -6.212769), (-7.974432, 1.32216, -6.050554), (-7.816986, 1.323214, -6.21375)
(-7.971261, 1.362022, -6.212769), (-7.816986, 1.323214, -6.21375), (-7.813505, 1.362603, -6.376279)
(-7.356618, 1.183581, -6.05424), (-7.202023, 1.155799, -6.055038), (-7.199625, 1.192744, -6.216812)
(-7.356618, 1.183581, -6.05424), (-7.358626, 1.146528, -5.892855), (-7.202023, 1.155799, -6.055038)
(-7.511165, 1.21412, -6.053396), (-7.356618, 1.183581, -6.05424), (-7.354021, 1.221524, -6.216158)
(-7.511165, 1.21412, -6.053396), (-7.513318, 1.176367, -5.89189), (-7.356618, 1.183581, -6.05424)
(-7.665634, 1.247528, -6.052516), (-7.511165, 1.21412, -6.053396), (-7.508422, 1.252638, -6.215407)
(-7.665634, 1.247528, -6.052516), (-7.667938, 1.209106, -5.890897), (-7.511165, 1.21412, -6.053396)
(-7.820024, 1.283721, -6.051588), (-7.665634, 1.247528, -6.052516), (-7.662727, 1.286639, -6.214619)
(-7.820024, 1.283721, -6.051588), (-7.822519, 1.2445, -5.889847), (-7.665634, 1.247528, -6.052516)
(-7.974432, 1.32216, -6.050554), (-7.820024, 1.283721, -6.051588), (-7.816986, 1.323214, -6.21375)
(-7.974432, 1.32216, -6.050554), (-7.977043, 1.282532, -5.888751), (-7.820024, 1.283721, -6.051588)
# -6.9784804500199975, 0, -6.377612216686664
(-6.727743, 1.225344, -6.705537), (-6.573738, 1.201819, -6.705682), (-6.570068, 1.236247, -6.868863)
(-6.727743, 1.225344, -6.705537), (-6.730995, 1.190403, -6.542752), (-6.573738, 1.201819, -6.705682)
(-6.881694, 1.25065, -6.705389), (-6.727743, 1.225344, -6.705537), (-6.723799, 1.261773, -6.868898)
(-6.881694, 1.25065, -6.705389), (-6.885158, 1.214251, -6.54247), (-6.727743, 1.225344, -6.705537)
(-7.035585, 1.27787, -6.705215), (-6.881694, 1.25065, -6.705389), (-6.877543, 1.288575, -6.86888)
(-7.035585, 1.27787, -6.705215), (-7.039254, 1.240269, -6.542168), (-6.881694, 1.25065, -6.705389)
(-7.18943, 1.307091, -6.704977), (-7.035585, 1.27787, -6.705215), (-7.031224, 1.317067, -6.86883)
(-7.18943, 1.307091, -6.704977), (-7.193327, 1.268348, -6.541795), (-7.035585, 1.27787, -6.705215)
(-6.730995, 1.190403, -6.542752), (-6.733765, 1.156095, -6.380429), (-6.576729, 1.16879, -6.543074)
(-6.730995, 1.190403, -6.542752), (-6.576729, 1.16879, -6.543074), (-6.573738, 1.201819, -6.705682)
(-6.885158, 1.214251, -6.54247), (-6.888159, 1.178355, -6.379989), (-6.730995, 1.190403, -6.542752)
(-6.885158, 1.214251, -6.54247), (-6.730995, 1.190403, -6.542752), (-6.727743, 1.225344, -6.705537)
(-7.039254, 1.240269, -6.542168), (-7.042487, 1.202989, -6.379532), (-6.885158, 1.214251, -6.54247)
(-7.039254, 1.240269, -6.542168), (-6.885158, 1.214251, -6.54247), (-6.881694, 1.25065, -6.705389)
(-7.193327, 1.268348, -6.541795), (-7.196756, 1.230076, -6.379044), (-7.039254, 1.240269, -6.542168)
(-7.193327, 1.268348, -6.541795), (-7.039254, 1.240269, -6.542168), (-7.035585, 1.27787, -6.705215)
(-6.733765, 1.156095, -6.380429), (-6.579209, 1.13659, -6.380963), (-6.576729, 1.16879, -6.543074)
(-6.733765, 1.156095, -6.380429), (-6.735933, 1.123125, -6.218724), (-6.579209, 1.13659, -6.380963)
(-6.888159, 1.178355, -6.379989), (-6.733765, 1.156095, -6.380429), (-6.730995, 1.190403, -6.542752)
(-6.888159, 1.178355, -6.379989), (-6.890643, 1.143255, -6.218022), (-6.733765, 1.156095, -6.380429)
(-7.042487, 1.202989, -6.379532), (-6.888159, 1.178355, -6.379989), (-6.885158, 1.214251, -6.54247)
(-7.042487, 1.202989, -6.379532), (-7.04519, 1.166532, -6.217408), (-6.888159, 1.178355, -6.379989)
(-7.196756, 1.230076, -6.379044), (-7.042487, 1.202989, -6.379532), (-7.039254, 1.240269, -6.542168)
(-7.196756, 1.230076, -6.379044), (-7.199625, 1.192744, -6.216812), (-7.042487, 1.202989, -6.379532)
(-6.735933, 1.123125, -6.218724), (-6.737638, 1.090802, -6.057543), (-6.58111, 1.105682, -6.21948)
(-6.735933, 1.123125, -6.218724), (-6.58111, 1.105682, -6.21948), (-6.579209, 1.13659, -6.380963)
(-6.890643, 1.143255, -6.218022), (-6.892585, 1.109127, -6.056624), (-6.735933, 1.123125, -6.218724)
(-6.890643, 1.143255, -6.218022), (-6.735933, 1.123125, -6.218724), (-6.733765, 1.156095, -6.380429)
(-7.04519, 1.166532, -6.217408), (-7.047377, 1.130794, -6.055799), (-6.890643, 1.143255, -6.218022)
(-7.04519, 1.166532, -6.217408), (-6.890643, 1.143255, -6.218022), (-6.888159, 1.178355, -6.379989)
(-7.199625, 1.192744, -6.216812), (-7.04519, 1.166532, -6.217408), (-7.042487, 1.202989, -6.379532)
(-7.199625, 1.192744, -6.216812), (-7.202023, 1.155799, -6.055038), (-7.04519, 1.166532, -6.217408)
(-6.737638, 1.090802, -6.057543), (-6.582546, 1.075594, -6.058561), (-6.58111, 1.105682, -6.21948)
(-6.737638, 1.090802, -6.057543), (-6.738786, 1.05978, -5.897024), (-6.582546, 1.075594, -6.058561)
(-6.892585, 1.109127, -6.056624), (-6.737638, 1.090802, -6.057543), (-6.735933, 1.123125, -6.218724)
(-6.892585, 1.109127, -6.056624), (-6.893958, 1.076205, -5.895853), (-6.737638, 1.090802, -6.057543)
(-7.047377, 1.130794, -6.055799), (-6.892585, 1.109127, -6.056624), (-6.890643, 1.143255, -6.218022)
(-7.047377, 1.130794, -6.055799), (-7.048955, 1.096336, -5.894813), (-6.892585, 1.109127, -6.056624)
(-7.202023, 1.155799, -6.055038), (-7.047377, 1.130794, -6.055799), (-7.04519, 1.166532, -6.217408)
(-7.202023, 1.155799, -6.055038), (-7.203849, 1.119754, -5.893814), (-7.047377, 1.130794, -6.055799)
# -6.3107102166866635, 0, -6.377612216686664
(-6.110945, 1.142324, -6.706645), (-5.95624, 1.126377, -6.707335), (-5.954039, 1.149467, -6.869493)
(-6.110945, 1.142324, -6.706645), (-6.112897, 1.117418, -6.544807), (-5.95624, 1.126377, -6.707335)
(-6.265409, 1.16019, -6.706162), (-6.110945, 1.142324, -6.706645), (-6.108313, 1.168735, -6.86912)
(-6.265409, 1.16019, -6.706162), (-6.267713, 1.132369, -6.54406), (-6.110945, 1.142324, -6.706645)
(-6.419664, 1.179997, -6.705853), (-6.265409, 1.16019, -6.706162), (-6.262396, 1.189586, -6.868902)
(-6.419664, 1.179997, -6.705853), (-6.4223, 1.149529, -6.543508), (-6.265409, 1.16019, -6.706162)
(-6.573738, 1.201819, -6.705682), (-6.419664, 1.179997, -6.705853), (-6.416288, 1.212147, -6.868842)
(-6.573738, 1.201819, -6.705682), (-6.576729, 1.16879, -6.543074), (-6.419664, 1.179997, -6.705853)
(-6.112897, 1.117418, -6.544807), (-6.114376, 1.09342, -6.3835), (-5.957804, 1.104701, -6.545801)
(-6.112897, 1.117418, -6.544807), (-5.957804, 1.104701, -6.545801), (-5.95624, 1.126377, -6.707335)
(-6.267713, 1.132369, -6.54406), (-6.26954, 1.105379, -6.382468), (-6.112897, 1.117418, -6.544807)
(-6.267713, 1.132369, -6.54406), (-6.112897, 1.117418, -6.544807), (-6.110945, 1.142324, -6.706645)
(-6.4223, 1.149529, -6.543508), (-6.424474, 1.119733, -6.381633), (-6.267713, 1.132369, -6.54406)
(-6.4223, 1.149529, -6.543508), (-6.267713, 1.132369, -6.54406), (-6.265409, 1.16019, -6.706162)
(-6.576729, 1.16879, -6.543074), (-6.579209, 1.13659, -6.380963), (-6.4223, 1.149529, -6.543508)
(-6.576729, 1.16879, -6.543074), (-6.4223, 1.149529, -6.543508), (-6.419664, 1.179997, -6.705853)
(-6.114376, 1.09342, -6.3835), (-5.958889, 1.084064, -6.38484), (-5.957804, 1.104701, -6.545801)
(-6.114376, 1.09342, -6.3835), (-6.11533, 1.070764, -6.222876), (-5.958889, 1.084064, -6.38484)
(-6.26954, 1.105379, -6.382468), (-6.114376, 1.09342, -6.3835), (-6.112897, 1.117418, -6.544807)
(-6.26954, 1.105379, -6.382468), (-6.270874, 1.079438, -6.221476), (-6.114376, 1.09342, -6.3835)
(-6.424474, 1.119733, -6.381633), (-6.26954, 1.105379, -6.382468), (-6.267713, 1.132369, -6.54406)
(-6.424474, 1.119733, -6.381633), (-6.426117, 1.091066, -6.220365), (-6.26954, 1.105379, -6.382468)
(-6.579209, 1.13659, -6.380963), (-6.424474, 1.119733, -6.381633), (-6.4223, 1.149529, -6.543508)
(-6.579209, 1.13659, -6.380963), (-6.58111, 1.105682, -6.21948), (-6.424474, 1.119733, -6.381633)
(-6.11533, 1.070764, -6.222876), (-6.115901, 1.049, -6.062846), (-5.959504, 1.064642, -6.224532)
(-6.11533, 1.070764, -6.222876), (-5.959504, 1.064642, -6.224532), (-5.958889, 1.084064, -6.38484)
(-6.270874, 1.079438, -6.221476), (-6.271734, 1.054688, -6.061145), (-6.11533, 1.070764, -6.222876)
(-6.270874, 1.079438, -6.221476), (-6.11533, 1.070764, -6.222876), (-6.114376, 1.09342, -6.3835)
(-6.426117, 1.091066, -6.220365), (-6.427276, 1.063473, -6.059724), (-6.270874, 1.079438, -6.221476)
(-6.426117, 1.091066, -6.220365), (-6.270874, 1.079438, -6.221476), (-6.26954, 1.105379, -6.382468)
(-6.58111, 1.105682, -6.21948), (-6.426117, 1.091066, -6.220365), (-6.424474, 1.119733, -6.381633)
(-6.58111, 1.105682, -6.21948), (-6.582546, 1.075594, -6.058561), (-6.426117, 1.091066, -6.220365)
(-6.115901, 1.049, -6.062846), (-5.959755, 1.046179, -6.06483), (-5.959504, 1.064642, -6.224532)
(-6.115901, 1.049, -6.062846), (-6.116084, 1.028371, -5.903483), (-5.959755, 1.046179, -6.06483)
(-6.271734, 1.054688, -6.061145), (-6.115901, 1.049, -6.062846), (-6.11533, 1.070764, -6.222876)
(-6.271734, 1.054688, -6.061145), (-6.272161, 1.03113, -5.901495), (-6.115901, 1.049, -6.062846)
(-6.427276, 1.063473, -6.059724), (-6.271734, 1.054688, -6.061145), (-6.270874, 1.079438, -6.221476)
(-6.427276, 1.063473, -6.059724), (-6.427939, 1.037221, -5.899786), (-6.271734, 1.054688, -6.061145)
(-6.582546, 1.075594, -6.058561), (-6.427276, 1.063473, -6.059724), (-6.426117, 1.091066, -6.220365)
(-6.582546, 1.075594, -6.058561), (-6.583474, 1.046699, -5.898302), (-6.427276, 1.063473, -6.059724)
# -5.642939983353331, 0, -6.377612216686664
(-5.490232, 1.090573, -6.710927), (-5.334194, 1.082786, -6.712604), (-5.333826, 1.091506, -6.873284)
(-5.490232, 1.090573, -6.710927), (-5.49051, 1.079683, -6.550474), (-5.334194, 1.082786, -6.712604)
(-5.645929, 1.100405, -6.709459), (-5.490232, 1.090573, -6.710927), (-5.48939, 1.102973, -6.872011)
(-5.645929, 1.100405, -6.709459), (-5.646626, 1.085897, -6.548648), (-5.490232, 1.090573, -6.710927)
(-5.801267, 1.11232, -6.708249), (-5.645929, 1.100405, -6.709459), (-5.644636, 1.116402, -6.870911)
(-5.801267, 1.11232, -6.708249), (-5.802379, 1.094255, -6.547093), (-5.645929, 1.100405, -6.709459)
(-5.95624, 1.126377, -6.707335), (-5.801267, 1.11232, -6.708249), (-5.799498, 1.131976, -6.87008)
(-5.95624, 1.126377, -6.707335), (-5.957804, 1.104701, -6.545801), (-5.801267, 1.11232, -6.708249)
(-5.334029, 1.075596, -6.552524), (-5.333474, 1.069558, -6.392985), (-5.177198, 1.073624, -6.554718)
(-5.334029, 1.075596, -6.552524), (-5.177198, 1.073624, -6.554718), (-5.177822, 1.077055, -6.714416)
(-5.49051, 1.079683, -6.550474), (-5.490374, 1.069905, -6.390586), (-5.334029, 1.075596, -6.552524)
(-5.49051, 1.079683, -6.550474), (-5.334029, 1.075596, -6.552524), (-5.334194, 1.082786, -6.712604)
(-5.646626, 1.085897, -6.548648), (-5.646896, 1.072436, -6.388408), (-5.49051, 1.079683, -6.550474)
(-5.646626, 1.085897, -6.548648), (-5.49051, 1.079683, -6.550474), (-5.490232, 1.090573, -6.710927)
(-5.802379, 1.094255, -6.547093), (-5.803066, 1.077115, -6.38648), (-5.646626, 1.085897, -6.548648)
(-5.802379, 1.094255, -6.547093), (-5.646626, 1.085897, -6.548648), (-5.645929, 1.100405, -6.709459)
(-5.957804, 1.104701, -6.545801), (-5.958889, 1.084064, -6.38484), (-5.802379, 1.094255, -6.547093)
(-5.957804, 1.104701, -6.545801), (-5.802379, 1.094255, -6.547093), (-5.801267, 1.11232, -6.708249)
(-5.333474, 1.069558, -6.392985), (-5.176235, 1.071221, -6.395493), (-5.177198, 1.073624, -6.554718)
(-5.333474, 1.069558, -6.392985), (-5.332565, 1.064741, -6.233966), (-5.176235, 1.071221, -6.395493)
(-5.490374, 1.069905, -6.390586), (-5.333474, 1.069558, -6.392985), (-5.334029, 1.075596, -6.552524)
(-5.490374, 1.069905, -6.390586), (-5.489844, 1.061395, -6.231289), (-5.333474, 1.069558, -6.392985)
(-5.646896, 1.072436, -6.388408), (-5.490374, 1.069905, -6.390586), (-5.49051, 1.079683, -6.550474)
(-5.646896, 1.072436, -6.388408), (-5.646794, 1.060014, -6.228746), (-5.490374, 1.069905, -6.390586)
(-5.803066, 1.077115, -6.38648), (-5.646896, 1.072436, -6.388408), (-5.646626, 1.085897, -6.548648)
(-5.803066, 1.077115, -6.38648), (-5.803341, 1.06106, -6.22648), (-5.646896, 1.072436, -6.388408)
(-5.958889, 1.084064, -6.38484), (-5.803066, 1.077115, -6.38648), (-5.802379, 1.094255, -6.547093)
(-5.958889, 1.084064, -6.38484), (-5.959504, 1.064642, -6.224532), (-5.803066, 1.077115, -6.38648)
(-5.332565, 1.064741, -6.233966), (-5.17497, 1.06988, -6.236691), (-5.176235, 1.071221, -6.395493)
(-5.332565, 1.064741, -6.233966), (-5.331428, 1.060693, -6.075346), (-5.17497, 1.06988, -6.236691)
(-5.489844, 1.061395, -6.231289), (-5.489077, 1.053651, -6.072454), (-5.332565, 1.064741, -6.233966)
(-5.489844, 1.061395, -6.231289), (-5.332565, 1.064741, -6.233966), (-5.333474, 1.069558, -6.392985)
(-5.646794, 1.060014, -6.228746), (-5.646375, 1.048611, -6.069658), (-5.489844, 1.061395, -6.231289)
(-5.646794, 1.060014, -6.228746), (-5.489844, 1.061395, -6.231289), (-5.490374, 1.069905, -6.390586)
(-5.803341, 1.06106, -6.22648), (-5.803269, 1.04603, -6.067091), (-5.646794, 1.060014, -6.228746)
(-5.803341, 1.06106, -6.22648), (-5.646794, 1.060014, -6.228746), (-5.646896, 1.072436, -6.388408)
(-5.959504, 1.064642, -6.224532), (-5.803341, 1.06106, -6.22648), (-5.803066, 1.077115, -6.38648)
(-5.959504, 1.064642, -6.224532), (-5.959755, 1.046179, -6.06483), (-5.803341, 1.06106, -6.22648)
(-5.331428, 1.060693, -6.075346), (-5.17347, 1.069394, -6.078234), (-5.17497, 1.06988, -6.236691)
(-5.331428, 1.060693, -6.075346), (-5.330108, 1.057243, -5.91704), (-5.17347, 1.069394, -6.078234)
(-5.489077, 1.053651, -6.072454), (-5.331428, 1.060693, -6.075346), (-5.332565, 1.064741, -6.233966)
(-5.489077, 1.053651, -6.072454), (-5.488077, 1.046687, -5.914037), (-5.331428, 1.060693, -6.075346)
(-5.646375, 1.048611, -6.069658), (-5.489077, 1.053651, -6.072454), (-5.489844, 1.061395, -6.231289)
(-5.646375, 1.048611, -6.069658), (-5.64569, 1.038113, -5.911081), (-5.489077, 1.053651, -6.072454)
(-5.803269, 1.04603, -6.067091), (-5.646375, 1.048611, -6.069658), (-5.646794, 1.060014, -6.228746)
(-5.803269, 1.04603, -6.067091), (-5.802876, 1.032093, -5.908306), (-5.646375, 1.048611, -6.069658)
(-5.959755, 1.046179, -6.06483), (-5.803269, 1.04603, -6.067091), (-5.803341, 1.06106, -6.22648)
(-5.959755, 1.046179, -6.06483), (-5.95967, 1.028747, -5.905756), (-5.803269, 1.04603, -6.067091)
# -4.975169750019997, 0, -6.377612216686664
(-4.705202, 1.078677, -6.560835), (-4.703154, 1.085517, -6.402261), (-4.547619, 1.083255, -6.56227)
(-4.705202, 1.078677, -6.560835), (-4.547619, 1.083255, -6.56227), (-4.549658, 1.075125, -6.721027)
(-4.862705, 1.075417, -6.559011), (-4.860994, 1.079513, -6.400265), (-4.705202, 1.078677, -6.560835)
(-4.862705, 1.075417, -6.559011), (-4.705202, 1.078677, -6.560835), (-4.706935, 1.072889, -6.719747)
(-5.020084, 1.073536, -6.556917), (-5.018724, 1.074594, -6.397963), (-4.862705, 1.075417, -6.559011)
(-5.020084, 1.073536, -6.556917), (-4.862705, 1.075417, -6.559011), (-4.864112, 1.072289, -6.718132)
(-5.177198, 1.073624, -6.554718), (-5.176235, 1.071221, -6.395493), (-5.020084, 1.073536, -6.556917)
(-5.177198, 1.073624, -6.554718), (-5.020084, 1.073536, -6.556917), (-5.02111, 1.073569, -6.716304)
(-4.703154, 1.085517, -6.402261), (-4.545276, 1.092356, -6.403832), (-4.547619, 1.083255, -6.56227)
(-4.703154, 1.085517, -6.402261), (-4.70081, 1.093494, -6.24392), (-4.545276, 1.092356, -6.403832)
(-4.860994, 1.079513, -6.400265), (-4.703154, 1.085517, -6.402261), (-4.705202, 1.078677, -6.560835)
(-4.860994, 1.079513, -6.400265), (-4.858987, 1.084742, -6.241801), (-4.703154, 1.085517, -6.402261)
(-5.018724, 1.074594, -6.397963), (-4.860994, 1.079513, -6.400265), (-4.862705, 1.075417, -6.559011)
(-5.018724, 1.074594, -6.397963), (-5.017088, 1.076645, -6.23935), (-4.860994, 1.079513, -6.400265)
(-5.176235, 1.071221, -6.395493), (-5.018724, 1.074594, -6.397963), (-5.020084, 1.073536, -6.556917)
(-5.176235, 1.071221, -6.395493), (-5.17497, 1.06988, -6.236691), (-5.018724, 1.074594, -6.397963)
(-4.70081, 1.093494, -6.24392), (-4.54263, 1.102606, -6.245605), (-4.545276, 1.092356, -6.403832)
(-4.70081, 1.093494, -6.24392), (-4.69824, 1.102331, -6.085756), (-4.54263, 1.102606, -6.245605)
(-4.858987, 1.084742, -6.241801), (-4.856772, 1.090744, -6.083567), (-4.70081, 1.093494, -6.24392)
(-4.858987, 1.084742, -6.241801), (-4.70081, 1.093494, -6.24392), (-4.703154, 1.085517, -6.402261)
(-5.017088, 1.076645, -6.23935), (-5.01522, 1.079581, -6.081019), (-4.858987, 1.084742, -6.241801)
(-5.017088, 1.076645, -6.23935), (-4.858987, 1.084742, -6.241801), (-4.860994, 1.079513, -6.400265)
(-5.17497, 1.06988, -6.236691), (-5.17347, 1.069394, -6.078234), (-5.017088, 1.076645, -6.23935)
(-5.17497, 1.06988, -6.236691), (-5.017088, 1.076645, -6.23935), (-5.018724, 1.074594, -6.397963)
(-4.69824, 1.102331, -6.085756), (-4.53973, 1.113868, -6.087496), (-4.54263, 1.102606, -6.245605)
(-4.69824, 1.102331, -6.085756), (-4.695501, 1.111817, -5.927644), (-4.53973, 1.113868, -6.087496)
(-4.856772, 1.090744, -6.083567), (-4.69824, 1.102331, -6.085756), (-4.70081, 1.093494, -6.24392)
(-4.856772, 1.090744, -6.083567), (-4.854387, 1.097376, -5.925436), (-4.69824, 1.102331, -6.085756)
(-5.01522, 1.079581, -6.081019), (-4.856772, 1.090744, -6.083567), (-4.858987, 1.084742, -6.241801)
(-5.01522, 1.079581, -6.081019), (-5.013187, 1.083081, -5.922853), (-4.856772, 1.090744, -6.083567)
(-5.17347, 1.069394, -6.078234), (-5.01522, 1.079581, -6.081019), (-5.017088, 1.076645, -6.23935)
(-5.17347, 1.069394, -6.078234), (-5.171786, 1.069541, -5.920017), (-5.01522, 1.079581, -6.081019)
# -4.307399516686664, 0, -6.377612216686664
(-4.232587, 1.094534, -6.563653), (-4.229779, 1.106733, -6.405396), (-4.075275, 1.100322, -6.563481)
(-4.232587, 1.094534, -6.563653), (-4.075275, 1.100322, -6.563481), (-4.077868, 1.088763, -6.721914)
(-4.075275, 1.100322, -6.563481), (-4.072306, 1.113362, -6.405261), (-3.918174, 1.105477, -6.562715)
(-4.075275, 1.100322, -6.563481), (-3.918174, 1.105477, -6.562715), (-3.920885, 1.093587, -6.721124)
(-4.390059, 1.088656, -6.563234), (-4.387455, 1.099581, -6.404891), (-4.232587, 1.094534, -6.563653)
(-4.390059, 1.088656, -6.563234), (-4.232587, 1.094534, -6.563653), (-4.235031, 1.0837, -6.722163)
(-4.547619, 1.083255, -6.56227), (-4.545276, 1.092356, -6.403832), (-4.390059, 1.088656, -6.563234)
(-4.547619, 1.083255, -6.56227), (-4.390059, 1.088656, -6.563234), (-4.392324, 1.078924, -6.721859)
(-4.229779, 1.106733, -6.405396), (-4.072306, 1.113362, -6.405261), (-4.075275, 1.100322, -6.563481)
(-4.229779, 1.106733, -6.405396), (-4.226629, 1.120246, -6.247224), (-4.072306, 1.113362, -6.405261)
(-4.072306, 1.113362, -6.405261), (-3.915097, 1.118871, -6.404522), (-3.918174, 1.105477, -6.562715)
(-4.072306, 1.113362, -6.405261), (-4.068988, 1.127731, -6.247124), (-3.915097, 1.118871, -6.404522)
(-4.387455, 1.099581, -6.404891), (-4.229779, 1.106733, -6.405396), (-4.232587, 1.094534, -6.563653)
(-4.387455, 1.099581, -6.404891), (-4.384536, 1.111698, -6.246734), (-4.229779, 1.106733, -6.405396)
(-4.545276, 1.092356, -6.403832), (-4.387455, 1.099581, -6.404891), (-4.390059, 1.088656, -6.563234)
(-4.545276, 1.092356, -6.403832), (-4.54263, 1.102606, -6.245605), (-4.387455, 1.099581, -6.404891)
(-4.226629, 1.120246, -6.247224), (-4.223203, 1.134836, -6.08916), (-4.068988, 1.127731, -6.247124)
(-4.226629, 1.120246, -6.247224), (-4.068988, 1.127731, -6.247124), (-4.072306, 1.113362, -6.405261)
(-4.068988, 1.127731, -6.247124), (-3.911664, 1.133684, -6.246433), (-3.915097, 1.118871, -6.404522)
(-4.068988, 1.127731, -6.247124), (-4.065379, 1.143246, -6.089056), (-3.911664, 1.133684, -6.246433)
(-4.384536, 1.111698, -6.246734), (-4.381346, 1.12489, -6.088649), (-4.226629, 1.120246, -6.247224)
(-4.384536, 1.111698, -6.246734), (-4.226629, 1.120246, -6.247224), (-4.229779, 1.106733, -6.405396)
(-4.54263, 1.102606, -6.245605), (-4.53973, 1.113868, -6.087496), (-4.384536, 1.111698, -6.246734)
(-4.54263, 1.102606, -6.245605), (-4.384536, 1.111698, -6.246734), (-4.387455, 1.099581, -6.404891)
(-4.223203, 1.134836, -6.08916), (-4.065379, 1.143246, -6.089056), (-4.068988, 1.127731, -6.247124)
(-4.223203, 1.134836, -6.08916), (-4.219585, 1.150111, -5.931017), (-4.065379, 1.143246, -6.089056)
(-4.065379, 1.143246, -6.089056), (-3.907928, 1.149703, -6.088367), (-3.911664, 1.133684, -6.246433)
(-4.065379, 1.143246, -6.089056), (-4.061563, 1.159498, -5.930918), (-3.907928, 1.149703, -6.088367)
(-4.381346, 1.12489, -6.088649), (-4.223203, 1.134836, -6.08916), (-4.226629, 1.120246, -6.247224)
(-4.381346, 1.12489, -6.088649), (-4.377973, 1.138761, -5.930517), (-4.223203, 1.134836, -6.08916)
(-4.53973, 1.113868, -6.087496), (-4.381346, 1.12489, -6.088649), (-4.384536, 1.111698, -6.246734)
(-4.53973, 1.113868, -6.087496), (-4.536654, 1.125791, -5.92936), (-4.381346, 1.12489, -6.088649)
# -3.6396292833533312, 0, -6.377612216686664
(-3.918174, 1.105477, -6.562715), (-3.915097, 1.118871, -6.404522), (-3.76132, 1.109483, -6.561442)
(-3.918174, 1.105477, -6.562715), (-3.76132, 1.109483, -6.561442), (-3.764085, 1.097787, -6.7198)
(-3.76132, 1.109483, -6.561442), (-3.758183, 1.122792, -6.403253), (-3.604727, 1.111941, -6.559715)
(-3.76132, 1.109483, -6.561442), (-3.604727, 1.111941, -6.559715), (-3.607507, 1.100785, -6.718029)
(-3.604727, 1.111941, -6.559715), (-3.601577, 1.124784, -6.401535), (-3.448404, 1.112468, -6.5576)
(-3.604727, 1.111941, -6.559715), (-3.448404, 1.112468, -6.5576), (-3.451174, 1.102185, -6.715893)
(-3.448404, 1.112468, -6.5576), (-3.445276, 1.124426, -6.399402), (-3.292354, 1.110873, -6.555186)
(-3.448404, 1.112468, -6.5576), (-3.292354, 1.110873, -6.555186), (-3.295098, 1.101808, -6.713481)
(-3.915097, 1.118871, -6.404522), (-3.758183, 1.122792, -6.403253), (-3.76132, 1.109483, -6.561442)
(-3.915097, 1.118871, -6.404522), (-3.911664, 1.133684, -6.246433), (-3.758183, 1.122792, -6.403253)
(-3.758183, 1.122792, -6.403253), (-3.601577, 1.124784, -6.401535), (-3.604727, 1.111941, -6.559715)
(-3.758183, 1.122792, -6.403253), (-3.754692, 1.137595, -6.245164), (-3.601577, 1.124784, -6.401535)
(-3.601577, 1.124784, -6.401535), (-3.445276, 1.124426, -6.399402), (-3.448404, 1.112468, -6.5576)
(-3.601577, 1.124784, -6.401535), (-3.598082, 1.138995, -6.243377), (-3.445276, 1.124426, -6.399402)
(-3.445276, 1.124426, -6.399402), (-3.289278, 1.121619, -6.396974), (-3.292354, 1.110873, -6.555186)
(-3.445276, 1.124426, -6.399402), (-3.441818, 1.137835, -6.241232), (-3.289278, 1.121619, -6.396974)
(-3.911664, 1.133684, -6.246433), (-3.907928, 1.149703, -6.088367), (-3.754692, 1.137595, -6.245164)
(-3.911664, 1.133684, -6.246433), (-3.754692, 1.137595, -6.245164), (-3.758183, 1.122792, -6.403253)
(-3.754692, 1.137595, -6.245164), (-3.750898, 1.153616, -6.087069), (-3.598082, 1.138995, -6.243377)
(-3.754692, 1.137595, -6.245164), (-3.598082, 1.138995, -6.243377), (-3.601577, 1.124784, -6.401535)
(-3.598082, 1.138995, -6.243377), (-3.594286, 1.154661, -6.085267), (-3.441818, 1.137835, -6.241232)
(-3.598082, 1.138995, -6.243377), (-3.441818, 1.137835, -6.241232), (-3.445276, 1.124426, -6.399402)
(-3.441818, 1.137835, -6.241232), (-3.285889, 1.133942, -6.238796), (-3.289278, 1.121619, -6.396974)
(-3.441818, 1.137835, -6.241232), (-3.438077, 1.152679, -6.083076), (-3.285889, 1.133942, -6.238796)
(-3.907928, 1.149703, -6.088367), (-3.750898, 1.153616, -6.087069), (-3.754692, 1.137595, -6.245164)
(-3.907928, 1.149703, -6.088367), (-3.903993, 1.166322, -5.930179), (-3.750898, 1.153616, -6.087069)
(-3.750898, 1.153616, -6.087069), (-3.594286, 1.154661, -6.085267), (-3.598082, 1.138995, -6.243377)
(-3.750898, 1.153616, -6.087069), (-3.746893, 1.170314, -5.92888), (-3.594286, 1.154661, -6.085267)
(-3.594286, 1.154661, -6.085267), (-3.438077, 1.152679, -6.083076), (-3.441818, 1.137835, -6.241232)
(-3.594286, 1.154661, -6.085267), (-3.590277, 1.17109, -5.927073), (-3.438077, 1.152679, -6.083076)
(-3.438077, 1.152679, -6.083076), (-3.282236, 1.147653, -6.080603), (-3.285889, 1.133942, -6.238796)
(-3.438077, 1.152679, -6.083076), (-3.434128, 1.168422, -5.924854), (-3.282236, 1.147653, -6.080603)
# -2.9718590500199973, 0, -6.377612216686664
(-3.139266, 1.099621, -6.710862), (-2.983702, 1.095764, -6.708123), (-2.98598, 1.091228, -6.866441)
(-3.139266, 1.099621, -6.710862), (-3.136579, 1.107259, -6.552583), (-2.983702, 1.095764, -6.708123)
(-2.983702, 1.095764, -6.708123), (-2.828428, 1.090475, -6.705321), (-2.830675, 1.08768, -6.863618)
(-2.983702, 1.095764, -6.708123), (-2.981075, 1.101748, -6.549855), (-2.828428, 1.090475, -6.705321)
(-2.828428, 1.090475, -6.705321), (-2.673453, 1.084093, -6.702504), (-2.675676, 1.083193, -6.860782)
(-2.828428, 1.090475, -6.705321), (-2.825855, 1.094588, -6.547064), (-2.673453, 1.084093, -6.702504)
(-2.673453, 1.084093, -6.702504), (-2.518797, 1.077111, -6.699714), (-2.521004, 1.078177, -6.857968)
(-2.673453, 1.084093, -6.702504), (-2.67093, 1.0862, -6.544261), (-2.518797, 1.077111, -6.699714)
(-3.292354, 1.110873, -6.555186), (-3.289278, 1.121619, -6.396974), (-3.136579, 1.107259, -6.552583)
(-3.292354, 1.110873, -6.555186), (-3.136579, 1.107259, -6.552583), (-3.139266, 1.099621, -6.710862)
(-3.136579, 1.107259, -6.552583), (-3.13357, 1.116471, -6.394352), (-2.981075, 1.101748, -6.549855)
(-3.136579, 1.107259, -6.552583), (-2.981075, 1.101748, -6.549855), (-2.983702, 1.095764, -6.708123)
(-2.981075, 1.101748, -6.549855), (-2.978143, 1.10918, -6.391615), (-2.825855, 1.094588, -6.547064)
(-2.981075, 1.101748, -6.549855), (-2.825855, 1.094588, -6.547064), (-2.828428, 1.090475, -6.705321)
(-2.825855, 1.094588, -6.547064), (-2.822996, 1.099982, -6.388814), (-2.67093, 1.0862, -6.544261)
(-2.825855, 1.094588, -6.547064), (-2.67093, 1.0862, -6.544261), (-2.673453, 1.084093, -6.702504)
(-2.67093, 1.0862, -6.544261), (-2.668138, 1.08937, -6.386011), (-2.516311, 1.077047, -6.541485)
(-2.67093, 1.0862, -6.544261), (-2.516311, 1.077047, -6.541485), (-2.518797, 1.077111, -6.699714)
(-3.289278, 1.121619, -6.396974), (-3.13357, 1.116471, -6.394352), (-3.136579, 1.107259, -6.552583)
(-3.289278, 1.121619, -6.396974), (-3.285889, 1.133942, -6.238796), (-3.13357, 1.116471, -6.394352)
(-3.13357, 1.116471, -6.394352), (-2.978143, 1.10918, -6.391615), (-2.981075, 1.101748, -6.549855)
(-3.13357, 1.116471, -6.394352), (-3.130274, 1.127267, -6.236145), (-2.978143, 1.10918, -6.391615)
(-2.978143, 1.10918, -6.391615), (-2.822996, 1.099982, -6.388814), (-2.825855, 1.094588, -6.547064)
(-2.978143, 1.10918, -6.391615), (-2.974957, 1.118016, -6.233368), (-2.822996, 1.099982, -6.388814)
(-2.822996, 1.099982, -6.388814), (-2.668138, 1.08937, -6.386011), (-2.67093, 1.0862, -6.544261)
(-2.822996, 1.099982, -6.388814), (-2.819914, 1.106732, -6.230554), (-2.668138, 1.08937, -6.386011)
(-2.668138, 1.08937, -6.386011), (-2.513572, 1.077854, -6.383247), (-2.516311, 1.077047, -6.541485)
(-2.668138, 1.08937, -6.386011), (-2.665138, 1.093782, -6.227745), (-2.513572, 1.077854, -6.383247)
(-3.285889, 1.133942, -6.238796), (-3.282236, 1.147653, -6.080603), (-3.130274, 1.127267, -6.236145)
(-3.285889, 1.133942, -6.238796), (-3.130274, 1.127267, -6.236145), (-3.13357, 1.116471, -6.394352)
(-3.130274, 1.127267, -6.236145), (-3.126742, 1.139405, -6.077905), (-2.974957, 1.118016, -6.233368)
(-3.130274, 1.127267, -6.236145), (-2.974957, 1.118016, -6.233368), (-2.978143, 1.10918, -6.391615)
(-2.974957, 1.118016, -6.233368), (-2.971561, 1.128272, -6.075093), (-2.819914, 1.106732, -6.230554)
(-2.974957, 1.118016, -6.233368), (-2.819914, 1.106732, -6.230554), (-2.822996, 1.099982, -6.388814)
(-2.819914, 1.106732, -6.230554), (-2.665138, 1.093782, -6.227745), (-2.668138, 1.08937, -6.386011)
(-2.819914, 1.106732, -6.230554), (-2.816652, 1.114792, -6.07225), (-2.665138, 1.093782, -6.227745)
(-2.665138, 1.093782, -6.227745), (-2.661995, 1.099409, -6.069432), (-2.510646, 1.079731, -6.224986)
(-2.665138, 1.093782, -6.227745), (-2.510646, 1.079731, -6.224986), (-2.513572, 1.077854, -6.383247)
(-3.282236, 1.147653, -6.080603), (-3.126742, 1.139405, -6.077905), (-3.130274, 1.127267, -6.236145)
(-3.282236, 1.147653, -6.080603), (-3.278413, 1.162139, -5.922317), (-3.126742, 1.139405, -6.077905)
(-3.126742, 1.139405, -6.077905), (-2.971561, 1.128272, -6.075093), (-2.974957, 1.118016, -6.233368)
(-3.126742, 1.139405, -6.077905), (-3.12306, 1.152535, -5.91959), (-2.971561, 1.128272, -6.075093)
(-2.971561, 1.128272, -6.075093), (-2.816652, 1.114792, -6.07225), (-2.819914, 1.106732, -6.230554)
(-2.971561, 1.128272, -6.075093), (-2.96805, 1.139577, -5.916743), (-2.816652, 1.114792, -6.07225)
(-2.816652, 1.114792, -6.07225), (-2.661995, 1.099409, -6.069432), (-2.665138, 1.093782, -6.227745)
(-2.816652, 1.114792, -6.07225), (-2.813306, 1.124023, -5.91388), (-2.661995, 1.099409, -6.069432)
(-2.661995, 1.099409, -6.069432), (-2.50761, 1.0827, -6.066677), (-2.510646, 1.079731, -6.224986)
(-2.661995, 1.099409, -6.069432), (-2.658828, 1.106195, -5.911049), (-2.50761, 1.0827, -6.066677)
# -2.304088816686664, 0, -6.377612216686664
(-2.518797, 1.077111, -6.699714), (-2.364486, 1.069996, -6.696978), (-2.366683, 1.073073, -6.855203)
(-2.518797, 1.077111, -6.699714), (-2.516311, 1.077047, -6.541485), (-2.364486, 1.069996, -6.696978)
(-2.364486, 1.069996, -6.696978), (-2.210525, 1.063122, -6.694304), (-2.212724, 1.068231, -6.8525)
(-2.364486, 1.069996, -6.696978), (-2.362023, 1.067698, -6.538772), (-2.210525, 1.063122, -6.694304)
(-2.210525, 1.063122, -6.694304), (-2.056927, 1.056916, -6.691701), (-2.059138, 1.064066, -6.849866)
(-2.210525, 1.063122, -6.694304), (-2.208067, 1.058517, -6.536122), (-2.056927, 1.056916, -6.691701)
(-2.056927, 1.056916, -6.691701), (-1.903703, 1.051847, -6.689179), (-1.90593, 1.060951, -6.847308)
(-2.056927, 1.056916, -6.691701), (-2.05447, 1.050084, -6.533556), (-1.903703, 1.051847, -6.689179)
(-2.516311, 1.077047, -6.541485), (-2.513572, 1.077854, -6.383247), (-2.362023, 1.067698, -6.538772)
(-2.516311, 1.077047, -6.541485), (-2.362023, 1.067698, -6.538772), (-2.364486, 1.069996, -6.696978)
(-2.362023, 1.067698, -6.538772), (-2.359316, 1.066009, -6.380548), (-2.208067, 1.058517, -6.536122)
(-2.362023, 1.067698, -6.538772), (-2.208067, 1.058517, -6.536122), (-2.210525, 1.063122, -6.694304)
(-2.208067, 1.058517, -6.536122), (-2.20538, 1.054309, -6.37793), (-2.05447, 1.050084, -6.533556)
(-2.208067, 1.058517, -6.536122), (-2.05447, 1.050084, -6.533556), (-2.056927, 1.056916, -6.691701)
(-2.05447, 1.050084, -6.533556), (-2.051784, 1.04334, -6.375399), (-1.901227, 1.042747, -6.531074)
(-2.05447, 1.050084, -6.533556), (-1.901227, 1.042747, -6.531074), (-1.903703, 1.051847, -6.689179)
(-2.513572, 1.077854, -6.383247), (-2.359316, 1.066009, -6.380548), (-2.362023, 1.067698, -6.538772)
(-2.513572, 1.077854, -6.383247), (-2.510646, 1.079731, -6.224986), (-2.359316, 1.066009, -6.380548)
(-2.359316, 1.066009, -6.380548), (-2.20538, 1.054309, -6.37793), (-2.208067, 1.058517, -6.536122)
(-2.359316, 1.066009, -6.380548), (-2.356462, 1.065294, -6.222308), (-2.20538, 1.054309, -6.37793)
(-2.20538, 1.054309, -6.37793), (-2.051784, 1.04334, -6.375399), (-2.05447, 1.050084, -6.533556)
(-2.20538, 1.054309, -6.37793), (-2.202554, 1.050836, -6.219718), (-2.051784, 1.04334, -6.375399)
(-2.051784, 1.04334, -6.375399), (-1.89853, 1.033519, -6.372962), (-1.901227, 1.042747, -6.531074)
(-2.051784, 1.04334, -6.375399), (-2.048949, 1.036967, -6.217225), (-1.89853, 1.033519, -6.372962)
(-2.510646, 1.079731, -6.224986), (-2.50761, 1.0827, -6.066677), (-2.356462, 1.065294, -6.222308)
(-2.510646, 1.079731, -6.224986), (-2.356462, 1.065294, -6.222308), (-2.359316, 1.066009, -6.380548)
(-2.356462, 1.065294, -6.222308), (-2.353493, 1.065385, -6.064017), (-2.202554, 1.050836, -6.219718)
(-2.356462, 1.065294, -6.222308), (-2.202554, 1.050836, -6.219718), (-2.20538, 1.054309, -6.37793)
(-2.202554, 1.050836, -6.219718), (-2.048949, 1.036967, -6.217225), (-2.051784, 1.04334, -6.375399)
(-2.202554, 1.050836, -6.219718), (-2.199641, 1.048024, -6.061463), (-2.048949, 1.036967, -6.217225)
(-2.048949, 1.036967, -6.217225), (-2.046057, 1.031177, -6.059021), (-1.895684, 1.024387, -6.214838)
(-2.048949, 1.036967, -6.217225), (-1.895684, 1.024387, -6.214838), (-1.89853, 1.033519, -6.372962)
(-2.50761, 1.0827, -6.066677), (-2.353493, 1.065385, -6.064017), (-2.356462, 1.065294, -6.222308)
(-2.50761, 1.0827, -6.066677), (-2.504576, 1.086851, -5.908301), (-2.353493, 1.065385, -6.064017)
(-2.353493, 1.065385, -6.064017), (-2.199641, 1.048024, -6.061463), (-2.202554, 1.050836, -6.219718)
(-2.353493, 1.065385, -6.064017), (-2.350557, 1.066626, -5.905665), (-2.199641, 1.048024, -6.061463)
(-2.199641, 1.048024, -6.061463), (-2.046057, 1.031177, -6.059021), (-2.048949, 1.036967, -6.217225)
(-2.199641, 1.048024, -6.061463), (-2.196778, 1.046224, -5.903154), (-2.046057, 1.031177, -6.059021)
(-2.046057, 1.031177, -6.059021), (-1.892797, 1.015695, -6.056698), (-1.895684, 1.024387, -6.214838)
(-2.046057, 1.031177, -6.059021), (-2.043267, 1.026447, -5.900778), (-1.892797, 1.015695, -6.056698)
# -1.6363185833533305, 0, -6.377612216686664
(-1.903703, 1.051847, -6.689179), (-1.750848, 1.048237, -6.686738), (-1.753098, 1.059259, -6.844831)
(-1.903703, 1.051847, -6.689179), (-1.901227, 1.042747, -6.531074), (-1.750848, 1.048237, -6.686738)
(-1.750848, 1.048237, -6.686738), (-1.598352, 1.046365, -6.684371), (-1.600621, 1.059129, -6.84242)
(-1.750848, 1.048237, -6.686738), (-1.748343, 1.036926, -6.528672), (-1.598352, 1.046365, -6.684371)
(-1.598352, 1.046365, -6.684371), (-1.446193, 1.046435, -6.682069), (-1.448481, 1.060837, -6.840075)
(-1.598352, 1.046365, -6.684371), (-1.595818, 1.032998, -6.526352), (-1.446193, 1.046435, -6.682069)
(-1.446193, 1.046435, -6.682069), (-1.294344, 1.048726, -6.679832), (-1.296647, 1.064573, -6.837791)
(-1.446193, 1.046435, -6.682069), (-1.443635, 1.031252, -6.524107), (-1.294344, 1.048726, -6.679832)
(-1.901227, 1.042747, -6.531074), (-1.89853, 1.033519, -6.372962), (-1.748343, 1.036926, -6.528672)
(-1.901227, 1.042747, -6.531074), (-1.748343, 1.036926, -6.528672), (-1.750848, 1.048237, -6.686738)
(-1.748343, 1.036926, -6.528672), (-1.745618, 1.025238, -6.37061), (-1.595818, 1.032998, -6.526352)
(-1.748343, 1.036926, -6.528672), (-1.595818, 1.032998, -6.526352), (-1.598352, 1.046365, -6.684371)
(-1.595818, 1.032998, -6.526352), (-1.593065, 1.019032, -6.368349), (-1.443635, 1.031252, -6.524107)
(-1.595818, 1.032998, -6.526352), (-1.443635, 1.031252, -6.524107), (-1.446193, 1.046435, -6.682069)
(-1.443635, 1.031252, -6.524107), (-1.440845, 1.015125, -6.366165), (-1.291754, 1.031802, -6.521924)
(-1.443635, 1.031252, -6.524107), (-1.291754, 1.031802, -6.521924), (-1.294344, 1.048726, -6.679832)
(-1.89853, 1.033519, -6.372962), (-1.745618, 1.025238, -6.37061), (-1.748343, 1.036926, -6.528672)
(-1.89853, 1.033519, -6.372962), (-1.895684, 1.024387, -6.214838), (-1.745618, 1.025238, -6.37061)
(-1.745618, 1.025238, -6.37061), (-1.593065, 1.019032, -6.368349), (-1.595818, 1.032998, -6.526352)
(-1.745618, 1.025238, -6.37061), (-1.742774, 1.01365, -6.212556), (-1.593065, 1.019032, -6.368349)
(-1.593065, 1.019032, -6.368349), (-1.440845, 1.015125, -6.366165), (-1.443635, 1.031252, -6.524107)
(-1.593065, 1.019032, -6.368349), (-1.590177, 1.004846, -6.210361), (-1.440845, 1.015125, -6.366165)
(-1.440845, 1.015125, -6.366165), (-1.28893, 1.013703, -6.364049), (-1.291754, 1.031802, -6.521924)
(-1.440845, 1.015125, -6.366165), (-1.437899, 0.998406, -6.208249), (-1.28893, 1.013703, -6.364049)
(-1.895684, 1.024387, -6.214838), (-1.892797, 1.015695, -6.056698), (-1.742774, 1.01365, -6.212556)
(-1.895684, 1.024387, -6.214838), (-1.742774, 1.01365, -6.212556), (-1.745618, 1.025238, -6.37061)
(-1.742774, 1.01365, -6.212556), (-1.739863, 1.002067, -6.054489), (-1.590177, 1.004846, -6.210361)
(-1.742774, 1.01365, -6.212556), (-1.590177, 1.004846, -6.210361), (-1.593065, 1.019032, -6.368349)
(-1.590177, 1.004846, -6.210361), (-1.437899, 0.998406, -6.208249), (-1.440845, 1.015125, -6.366165)
(-1.590177, 1.004846, -6.210361), (-1.587229, 0.990525, -6.052379), (-1.437899, 0.998406, -6.208249)
(-1.437899, 0.998406, -6.208249), (-1.434888, 0.981394, -6.050354), (-1.285931, 0.994721, -6.206212)
(-1.437899, 0.998406, -6.208249), (-1.285931, 0.994721, -6.206212), (-1.28893, 1.013703, -6.364049)
(-1.892797, 1.015695, -6.056698), (-1.739863, 1.002067, -6.054489), (-1.742774, 1.01365, -6.212556)
(-1.892797, 1.015695, -6.056698), (-1.890007, 1.007838, -5.89853), (-1.739863, 1.002067, -6.054489)
(-1.739863, 1.002067, -6.054489), (-1.587229, 0.990525, -6.052379), (-1.590177, 1.004846, -6.210361)
(-1.739863, 1.002067, -6.054489), (-1.73706, 0.991211, -5.896412), (-1.587229, 0.990525, -6.052379)
(-1.587229, 0.990525, -6.052379), (-1.434888, 0.981394, -6.050354), (-1.437899, 0.998406, -6.208249)
(-1.587229, 0.990525, -6.052379), (-1.584369, 0.976668, -5.894399), (-1.434888, 0.981394, -6.050354)
(-1.434888, 0.981394, -6.050354), (-1.282859, 0.975271, -6.048413), (-1.285931, 0.994721, -6.206212)
(-1.434888, 0.981394, -6.050354), (-1.431981, 0.96489, -5.892488), (-1.282859, 0.975271, -6.048413)
# -0.968548350019997, 0, -6.377612216686664
(-1.294344, 1.048726, -6.679832), (-1.14276, 1.053349, -6.677651), (-1.145072, 1.070505, -6.835566)
(-1.294344, 1.048726, -6.679832), (-1.291754, 1.031802, -6.521924), (-1.14276, 1.053349, -6.677651)
(-1.14276, 1.053349, -6.677651), (-0.991393, 1.060398, -6.675515), (-0.993714, 1.078646, -6.833386)
(-1.14276, 1.053349, -6.677651), (-1.140143, 1.034843, -6.519797), (-0.991393, 1.060398, -6.675515)
(-0.991393, 1.060398, -6.675515), (-0.840199, 1.069885, -6.67341), (-0.842516, 1.089057, -6.831242)
(-0.991393, 1.060398, -6.675515), (-0.988756, 1.040515, -6.517713), (-0.840199, 1.069885, -6.67341)
(-0.840199, 1.069885, -6.67341), (-0.689095, 1.081858, -6.671334), (-0.691413, 1.101737, -6.829128)
(-0.840199, 1.069885, -6.67341), (-0.837529, 1.048906, -6.515666), (-0.689095, 1.081858, -6.671334)
(-0.689095, 1.081858, -6.671334), (-0.538006, 1.096215, -6.669271), (-0.540297, 1.11659, -6.827043)
(-0.689095, 1.081858, -6.671334), (-0.686404, 1.059922, -6.513634), (-0.538006, 1.096215, -6.669271)
(-1.291754, 1.031802, -6.521924), (-1.28893, 1.013703, -6.364049), (-1.140143, 1.034843, -6.519797)
(-1.291754, 1.031802, -6.521924), (-1.140143, 1.034843, -6.519797), (-1.14276, 1.053349, -6.677651)
(-1.140143, 1.034843, -6.519797), (-1.137283, 1.014922, -6.361987), (-0.988756, 1.040515, -6.517713)
(-1.140143, 1.034843, -6.519797), (-0.988756, 1.040515, -6.517713), (-0.991393, 1.060398, -6.675515)
(-0.988756, 1.040515, -6.517713), (-0.985864, 1.019018, -6.35997), (-0.837529, 1.048906, -6.515666)
(-0.988756, 1.040515, -6.517713), (-0.837529, 1.048906, -6.515666), (-0.840199, 1.069885, -6.67341)
(-0.837529, 1.048906, -6.515666), (-0.834611, 1.02603, -6.357986), (-0.686404, 1.059922, -6.513634)
(-0.837529, 1.048906, -6.515666), (-0.686404, 1.059922, -6.513634), (-0.689095, 1.081858, -6.671334)
(-0.686404, 1.059922, -6.513634), (-0.683461, 1.03593, -6.356013), (-0.535315, 1.073549, -6.511605)
(-0.686404, 1.059922, -6.513634), (-0.535315, 1.073549, -6.511605), (-0.538006, 1.096215, -6.669271)
(-1.28893, 1.013703, -6.364049), (-1.137283, 1.014922, -6.361987), (-1.140143, 1.034843, -6.519797)
(-1.28893, 1.013703, -6.364049), (-1.285931, 0.994721, -6.206212), (-1.137283, 1.014922, -6.361987)
(-1.137283, 1.014922, -6.361987), (-0.985864, 1.019018, -6.35997), (-0.988756, 1.040515, -6.517713)
(-1.137283, 1.014922, -6.361987), (-1.134241, 0.994024, -6.204236), (-0.985864, 1.019018, -6.35997)
(-0.985864, 1.019018, -6.35997), (-0.834611, 1.02603, -6.357986), (-0.837529, 1.048906, -6.515666)
(-0.985864, 1.019018, -6.35997), (-0.982767, 0.996248, -6.202302), (-0.834611, 1.02603, -6.357986)
(-0.834611, 1.02603, -6.357986), (-0.683461, 1.03593, -6.356013), (-0.686404, 1.059922, -6.513634)
(-0.834611, 1.02603, -6.357986), (-0.831465, 1.001561, -6.200393), (-0.683461, 1.03593, -6.356013)
(-0.683461, 1.03593, -6.356013), (-0.532361, 1.048658, -6.354031), (-0.535315, 1.073549, -6.511605)
(-0.683461, 1.03593, -6.356013), (-0.680272, 1.010069, -6.198492), (-0.532361, 1.048658, -6.354031)
(-1.285931, 0.994721, -6.206212), (-1.282859, 0.975271, -6.048413), (-1.134241, 0.994024, -6.204236)
(-1.285931, 0.994721, -6.206212), (-1.134241, 0.994024, -6.204236), (-1.137283, 1.014922, -6.361987)
(-1.134241, 0.994024, -6.204236), (-1.131096, 0.972244, -6.046537), (-0.982767, 0.996248, -6.202302)
(-1.134241, 0.994024, -6.204236), (-0.982767, 0.996248, -6.202302), (-0.985864, 1.019018, -6.35997)
(-0.982767, 0.996248, -6.202302), (-0.831465, 1.001561, -6.200393), (-0.834611, 1.02603, -6.357986)
(-0.982767, 0.996248, -6.202302), (-0.979549, 0.972381, -6.044703), (-0.831465, 1.001561, -6.200393)
(-0.831465, 1.001561, -6.200393), (-0.828172, 0.975788, -6.042889), (-0.680272, 1.010069, -6.198492)
(-0.831465, 1.001561, -6.200393), (-0.680272, 1.010069, -6.198492), (-0.683461, 1.03593, -6.356013)
(-0.680272, 1.010069, -6.198492), (-0.676907, 0.98269, -6.041081), (-0.529113, 1.021785, -6.19658)
(-0.680272, 1.010069, -6.198492), (-0.529113, 1.021785, -6.19658), (-0.532361, 1.048658, -6.354031)
(-1.282859, 0.975271, -6.048413), (-1.131096, 0.972244, -6.046537), (-1.134241, 0.994024, -6.204236)
(-1.282859, 0.975271, -6.048413), (-1.279852, 0.95599, -5.89066), (-1.131096, 0.972244, -6.046537)
(-1.131096, 0.972244, -6.046537), (-0.979549, 0.972381, -6.044703), (-0.982767, 0.996248, -6.202302)
(-1.131096, 0.972244, -6.046537), (-1.127977, 0.950316, -5.8889), (-0.979549, 0.972381, -6.044703)
(-0.979549, 0.972381, -6.044703), (-0.828172, 0.975788, -6.042889), (-0.831465, 1.001561, -6.200393)
(-0.979549, 0.972381, -6.044703), (-0.976322, 0.948056, -5.887182), (-0.828172, 0.975788, -6.042889)
# -0.3007781166866636, 0, -6.377612216686664
(-0.538006, 1.096215, -6.669271), (-0.386881, 1.112852, -6.667208), (-0.389166, 1.133523, -6.82496)
(-0.538006, 1.096215, -6.669271), (-0.535315, 1.073549, -6.511605), (-0.386881, 1.112852, -6.667208)
(-0.386881, 1.112852, -6.667208), (-0.235685, 1.131664, -6.665128), (-0.237934, 1.152392, -6.822876)
(-0.386881, 1.112852, -6.667208), (-0.384197, 1.089712, -6.509565), (-0.235685, 1.131664, -6.665128)
(-0.235685, 1.131664, -6.665128), (-0.084291, 1.152389, -6.663032), (-0.086528, 1.17301, -6.820786)
(-0.235685, 1.131664, -6.665128), (-0.232959, 1.10825, -6.507504), (-0.084291, 1.152389, -6.663032)
(-0.084291, 1.152389, -6.663032), (0.067369, 1.174748, -6.660913), (0.065175, 1.195016, -6.818693)
(-0.084291, 1.152389, -6.663032), (-0.081579, 1.128961, -6.505401), (0.067369, 1.174748, -6.660913)
(-0.535315, 1.073549, -6.511605), (-0.532361, 1.048658, -6.354031), (-0.384197, 1.089712, -6.509565)
(-0.535315, 1.073549, -6.511605), (-0.384197, 1.089712, -6.509565), (-0.386881, 1.112852, -6.667208)
(-0.384197, 1.089712, -6.509565), (-0.381224, 1.064207, -6.352029), (-0.232959, 1.10825, -6.507504)
(-0.384197, 1.089712, -6.509565), (-0.232959, 1.10825, -6.507504), (-0.235685, 1.131664, -6.665128)
(-0.232959, 1.10825, -6.507504), (-0.229981, 1.082397, -6.349987), (-0.081579, 1.128961, -6.505401)
(-0.232959, 1.10825, -6.507504), (-0.081579, 1.128961, -6.505401), (-0.084291, 1.152389, -6.663032)
(-0.081579, 1.128961, -6.505401), (-0.078588, 1.103013, -6.347886), (0.070071, 1.151532, -6.503258)
(-0.081579, 1.128961, -6.505401), (0.070071, 1.151532, -6.503258), (0.067369, 1.174748, -6.660913)
(-0.532361, 1.048658, -6.354031), (-0.381224, 1.064207, -6.352029), (-0.384197, 1.089712, -6.509565)
(-0.532361, 1.048658, -6.354031), (-0.529113, 1.021785, -6.19658), (-0.381224, 1.064207, -6.352029)
(-0.381224, 1.064207, -6.352029), (-0.229981, 1.082397, -6.349987), (-0.232959, 1.10825, -6.507504)
(-0.381224, 1.064207, -6.352029), (-0.377935, 1.036489, -6.194625), (-0.229981, 1.082397, -6.349987)
(-0.229981, 1.082397, -6.349987), (-0.078588, 1.103013, -6.347886), (-0.081579, 1.128961, -6.505401)
(-0.229981, 1.082397, -6.349987), (-0.226677, 1.054105, -6.19261), (-0.078588, 1.103013, -6.347886)
(-0.078588, 1.103013, -6.347886), (0.073031, 1.125803, -6.34572), (0.070071, 1.151532, -6.503258)
(-0.078588, 1.103013, -6.347886), (-0.07526, 1.074481, -6.19052), (0.073031, 1.125803, -6.34572)
(-0.529113, 1.021785, -6.19658), (-0.525685, 0.99305, -6.039248), (-0.377935, 1.036489, -6.194625)
(-0.529113, 1.021785, -6.19658), (-0.377935, 1.036489, -6.194625), (-0.381224, 1.064207, -6.352029)
(-0.377935, 1.036489, -6.194625), (-0.226677, 1.054105, -6.19261), (-0.229981, 1.082397, -6.349987)
(-0.377935, 1.036489, -6.194625), (-0.374443, 1.006721, -6.03736), (-0.226677, 1.054105, -6.19261)
(-0.226677, 1.054105, -6.19261), (-0.223128, 1.023595, -6.03539), (-0.07526, 1.074481, -6.19052)
(-0.226677, 1.054105, -6.19261), (-0.07526, 1.074481, -6.19052), (-0.078588, 1.103013, -6.347886)
(-0.07526, 1.074481, -6.19052), (-0.071656, 1.043595, -6.033321), (0.076407, 1.097329, -6.188343)
(-0.07526, 1.074481, -6.19052), (0.076407, 1.097329, -6.188343), (0.073031, 1.125803, -6.34572)
