# -9.64956138335333, 0, 18.329886416646673
(-9.628841, -0.077788, 18.001667), (-9.468066, -0.048579, 18.00795), (-9.479677, 0.081639, 17.879917)
(-9.628841, -0.077788, 18.001667), (-9.618629, -0.222613, 18.128078), (-9.468066, -0.048579, 18.00795)
(-9.468066, -0.048579, 18.00795), (-9.456682, -0.193001, 18.134569), (-9.308189, -0.021151, 18.014427)
(-9.468066, -0.048579, 18.00795), (-9.308189, -0.021151, 18.014427), (-9.320736, 0.106837, 17.885674)
(-9.944931, -0.283105, 18.11731), (-9.781397, -0.25242, 18.122356), (-9.7902, -0.108523, 17.995804)
(-9.944931, -0.283105, 18.11731), (-9.938843, -0.431259, 18.245077), (-9.781397, -0.25242, 18.122356)
(-9.781397, -0.25242, 18.122356), (-9.618629, -0.222613, 18.128078), (-9.628841, -0.077788, 18.001667)
(-9.781397, -0.25242, 18.122356), (-9.77359, -0.402191, 18.249794), (-9.618629, -0.222613, 18.128078)
(-9.618629, -0.222613, 18.128078), (-9.456682, -0.193001, 18.134569), (-9.468066, -0.048579, 18.00795)
(-9.618629, -0.222613, 18.128078), (-9.609348, -0.373478, 18.255316), (-9.456682, -0.193001, 18.134569)
(-9.456682, -0.193001, 18.134569), (-9.295755, -0.164701, 18.141373), (-9.308189, -0.021151, 18.014427)
(-9.456682, -0.193001, 18.134569), (-9.446248, -0.344116, 18.261776), (-9.295755, -0.164701, 18.141373)
(-9.938843, -0.431259, 18.245077), (-9.934189, -0.575177, 18.376043), (-9.77359, -0.402191, 18.249794)
(-9.938843, -0.431259, 18.245077), (-9.77359, -0.402191, 18.249794), (-9.781397, -0.25242, 18.122356)
(-9.77359, -0.402191, 18.249794), (-9.767376, -0.54842, 18.380289), (-9.609348, -0.373478, 18.255316)
(-9.77359, -0.402191, 18.249794), (-9.609348, -0.373478, 18.255316), (-9.618629, -0.222613, 18.128078)
(-9.609348, -0.373478, 18.255316), (-9.601737, -0.521268, 18.385489), (-9.446248, -0.344116, 18.261776)
(-9.609348, -0.373478, 18.255316), (-9.446248, -0.344116, 18.261776), (-9.456682, -0.193001, 18.134569)
(-9.446248, -0.344116, 18.261776), (-9.437462, -0.493239, 18.391624), (-9.284271, -0.315668, 18.268585)
(-9.446248, -0.344116, 18.261776), (-9.284271, -0.315668, 18.268585), (-9.295755, -0.164701, 18.141373)
(-9.934189, -0.575177, 18.376043), (-9.767376, -0.54842, 18.380289), (-9.77359, -0.402191, 18.249794)
(-9.934189, -0.575177, 18.376043), (-9.931223, -0.706924, 18.511845), (-9.767376, -0.54842, 18.380289)
(-9.767376, -0.54842, 18.380289), (-9.601737, -0.521268, 18.385489), (-9.609348, -0.373478, 18.255316)
(-9.767376, -0.54842, 18.380289), (-9.763108, -0.682789, 18.515568), (-9.601737, -0.521268, 18.385489)
(-9.601737, -0.521268, 18.385489), (-9.437462, -0.493239, 18.391624), (-9.446248, -0.344116, 18.261776)
(-9.601737, -0.521268, 18.385489), (-9.596232, -0.65759, 18.520357), (-9.437462, -0.493239, 18.391624)
(-9.437462, -0.493239, 18.391624), (-9.274477, -0.465116, 18.398245), (-9.284271, -0.315668, 18.268585)
(-9.437462, -0.493239, 18.391624), (-9.430848, -0.63164, 18.52597), (-9.274477, -0.465116, 18.398245)
(-9.931223, -0.706924, 18.511845), (-9.93, -0.820048, 18.6535), (-9.763108, -0.682789, 18.515568)
(-9.931223, -0.706924, 18.511845), (-9.763108, -0.682789, 18.515568), (-9.767376, -0.54842, 18.380289)
(-9.763108, -0.682789, 18.515568), (-9.760875, -0.798538, 18.656698), (-9.596232, -0.65759, 18.520357)
(-9.763108, -0.682789, 18.515568), (-9.596232, -0.65759, 18.520357), (-9.601737, -0.521268, 18.385489)
(-9.596232, -0.65759, 18.520357), (-9.430848, -0.63164, 18.52597), (-9.437462, -0.493239, 18.391624)
(-9.596232, -0.65759, 18.520357), (-9.592995, -0.775745, 18.661009), (-9.430848, -0.63164, 18.52597)
(-9.430848, -0.63164, 18.52597), (-9.426682, -0.752344, 18.665991), (-9.26695, -0.604855, 18.532154)
(-9.430848, -0.63164, 18.52597), (-9.26695, -0.604855, 18.532154), (-9.274477, -0.465116, 18.398245)
(-9.93, -0.820048, 18.6535), (-9.760875, -0.798538, 18.656698), (-9.763108, -0.682789, 18.515568)
(-9.93, -0.820048, 18.6535), (-9.930403, -0.910654, 18.801334), (-9.760875, -0.798538, 18.656698)
(-9.760875, -0.798538, 18.656698), (-9.592995, -0.775745, 18.661009), (-9.596232, -0.65759, 18.520357)
(-9.760875, -0.798538, 18.656698), (-9.760579, -0.891939, 18.804052), (-9.592995, -0.775745, 18.661009)
(-9.592995, -0.775745, 18.661009), (-9.426682, -0.752344, 18.665991), (-9.430848, -0.63164, 18.52597)
(-9.592995, -0.775745, 18.661009), (-9.591974, -0.871599, 18.807837), (-9.426682, -0.752344, 18.665991)
# -8.981791150019998, 0, 18.329886416646673
(-9.308189, -0.021151, 18.014427), (-9.149222, 0.002627, 18.020443), (-9.162399, 0.129245, 17.891243)
(-9.308189, -0.021151, 18.014427), (-9.295755, -0.164701, 18.141373), (-9.149222, 0.002627, 18.020443)
(-9.149222, 0.002627, 18.020443), (-9.136025, -0.138931, 18.147879), (-8.991065, 0.023675, 18.026005)
(-9.149222, 0.002627, 18.020443), (-8.991065, 0.023675, 18.026005), (-9.00465, 0.148013, 17.896069)
(-8.991065, 0.023675, 18.026005), (-8.833839, 0.042035, 18.030869), (-8.8476, 0.161946, 17.89978)
(-8.991065, 0.023675, 18.026005), (-8.977444, -0.115088, 18.154123), (-8.833839, 0.042035, 18.030869)
(-8.833839, 0.042035, 18.030869), (-8.820045, -0.093704, 18.159725), (-8.677661, 0.055645, 18.03426)
(-8.833839, 0.042035, 18.030869), (-8.677661, 0.055645, 18.03426), (-8.691196, 0.172102, 17.902414)
(-8.677661, 0.055645, 18.03426), (-8.522381, 0.066334, 18.036587), (-8.535561, 0.180291, 17.904354)
(-8.677661, 0.055645, 18.03426), (-8.663974, -0.07594, 18.163971), (-8.522381, 0.066334, 18.036587)
(-9.295755, -0.164701, 18.141373), (-9.136025, -0.138931, 18.147879), (-9.149222, 0.002627, 18.020443)
(-9.295755, -0.164701, 18.141373), (-9.284271, -0.315668, 18.268585), (-9.136025, -0.138931, 18.147879)
(-9.136025, -0.138931, 18.147879), (-8.977444, -0.115088, 18.154123), (-8.991065, 0.023675, 18.026005)
(-9.136025, -0.138931, 18.147879), (-9.123665, -0.288459, 18.275438), (-8.977444, -0.115088, 18.154123)
(-8.977444, -0.115088, 18.154123), (-8.820045, -0.093704, 18.159725), (-8.833839, 0.042035, 18.030869)
(-8.977444, -0.115088, 18.154123), (-8.964591, -0.262307, 18.28215), (-8.820045, -0.093704, 18.159725)
(-8.820045, -0.093704, 18.159725), (-8.663974, -0.07594, 18.163971), (-8.677661, 0.055645, 18.03426)
(-8.820045, -0.093704, 18.159725), (-8.807003, -0.2384, 18.288153), (-8.663974, -0.07594, 18.163971)
(-8.663974, -0.07594, 18.163971), (-8.509066, -0.061422, 18.166927), (-8.522381, 0.066334, 18.036587)
(-8.663974, -0.07594, 18.163971), (-8.650928, -0.217408, 18.293068), (-8.509066, -0.061422, 18.166927)
(-9.284271, -0.315668, 18.268585), (-9.274477, -0.465116, 18.398245), (-9.123665, -0.288459, 18.275438)
(-9.284271, -0.315668, 18.268585), (-9.123665, -0.288459, 18.275438), (-9.136025, -0.138931, 18.147879)
(-9.123665, -0.288459, 18.275438), (-9.113004, -0.437433, 18.405159), (-8.964591, -0.262307, 18.28215)
(-9.123665, -0.288459, 18.275438), (-8.964591, -0.262307, 18.28215), (-8.977444, -0.115088, 18.154123)
(-8.964591, -0.262307, 18.28215), (-8.953345, -0.410399, 18.411953), (-8.807003, -0.2384, 18.288153)
(-8.964591, -0.262307, 18.28215), (-8.807003, -0.2384, 18.288153), (-8.820045, -0.093704, 18.159725)
(-8.807003, -0.2384, 18.288153), (-8.795489, -0.384832, 18.418081), (-8.650928, -0.217408, 18.293068)
(-8.807003, -0.2384, 18.288153), (-8.650928, -0.217408, 18.293068), (-8.663974, -0.07594, 18.163971)
(-8.650928, -0.217408, 18.293068), (-8.639305, -0.361176, 18.423397), (-8.496317, -0.198913, 18.296675)
(-8.650928, -0.217408, 18.293068), (-8.496317, -0.198913, 18.296675), (-8.509066, -0.061422, 18.166927)
(-9.274477, -0.465116, 18.398245), (-9.113004, -0.437433, 18.405159), (-9.123665, -0.288459, 18.275438)
(-9.274477, -0.465116, 18.398245), (-9.26695, -0.604855, 18.532154), (-9.113004, -0.437433, 18.405159)
(-9.113004, -0.437433, 18.405159), (-8.953345, -0.410399, 18.411953), (-8.964591, -0.262307, 18.28215)
(-9.113004, -0.437433, 18.405159), (-9.104657, -0.577178, 18.538874), (-8.953345, -0.410399, 18.411953)
(-8.953345, -0.410399, 18.411953), (-8.795489, -0.384832, 18.418081), (-8.807003, -0.2384, 18.288153)
(-8.953345, -0.410399, 18.411953), (-8.944366, -0.550533, 18.545403), (-8.795489, -0.384832, 18.418081)
(-8.795489, -0.384832, 18.418081), (-8.639305, -0.361176, 18.423397), (-8.650928, -0.217408, 18.293068)
(-8.795489, -0.384832, 18.418081), (-8.786158, -0.524786, 18.551336), (-8.639305, -0.361176, 18.423397)
(-9.26695, -0.604855, 18.532154), (-9.262001, -0.727711, 18.671579), (-9.104657, -0.577178, 18.538874)
(-9.26695, -0.604855, 18.532154), (-9.104657, -0.577178, 18.538874), (-9.113004, -0.437433, 18.405159)
(-9.104657, -0.577178, 18.538874), (-9.098969, -0.70085, 18.677814), (-8.944366, -0.550533, 18.545403)
(-9.104657, -0.577178, 18.538874), (-8.944366, -0.550533, 18.545403), (-8.953345, -0.410399, 18.411953)
(-8.944366, -0.550533, 18.545403), (-8.786158, -0.524786, 18.551336), (-8.795489, -0.384832, 18.418081)
(-8.944366, -0.550533, 18.545403), (-8.938087, -0.675465, 18.683846), (-8.786158, -0.524786, 18.551336)
(-8.786158, -0.524786, 18.551336), (-8.779469, -0.650727, 18.689327), (-8.62977, -0.499368, 18.556721)
(-8.786158, -0.524786, 18.551336), (-8.62977, -0.499368, 18.556721), (-8.639305, -0.361176, 18.423397)
# -8.314020916686664, 0, 18.329886416646673
(-8.522381, 0.066334, 18.036587), (-8.509066, -0.061422, 18.166927), (-8.368046, 0.076754, 18.03858)
(-8.522381, 0.066334, 18.036587), (-8.368046, 0.076754, 18.03858), (-8.380676, 0.18698, 17.905657)
(-8.368046, 0.076754, 18.03858), (-8.214794, 0.085456, 18.039568), (-8.226477, 0.192622, 17.906271)
(-8.368046, 0.076754, 18.03858), (-8.355368, -0.047991, 18.169268), (-8.214794, 0.085456, 18.039568)
(-8.214794, 0.085456, 18.039568), (-8.203012, -0.035603, 18.170704), (-8.062418, 0.093408, 18.039787)
(-8.214794, 0.085456, 18.039568), (-8.062418, 0.093408, 18.039787), (-8.073097, 0.198998, 17.906504)
(-8.062418, 0.093408, 18.039787), (-7.910882, 0.104014, 18.040279), (-7.920546, 0.207421, 17.906879)
(-8.062418, 0.093408, 18.039787), (-8.051677, -0.024006, 18.171312), (-7.910882, 0.104014, 18.040279)
(-8.509066, -0.061422, 18.166927), (-8.355368, -0.047991, 18.169268), (-8.368046, 0.076754, 18.03858)
(-8.509066, -0.061422, 18.166927), (-8.496317, -0.198913, 18.296675), (-8.355368, -0.047991, 18.169268)
(-8.355368, -0.047991, 18.169268), (-8.203012, -0.035603, 18.170704), (-8.214794, 0.085456, 18.039568)
(-8.355368, -0.047991, 18.169268), (-8.343277, -0.182121, 18.299183), (-8.203012, -0.035603, 18.170704)
(-8.203012, -0.035603, 18.170704), (-8.051677, -0.024006, 18.171312), (-8.062418, 0.093408, 18.039787)
(-8.203012, -0.035603, 18.170704), (-8.191691, -0.166401, 18.30097), (-8.051677, -0.024006, 18.171312)
(-8.051677, -0.024006, 18.171312), (-7.901086, -0.011136, 18.171913), (-7.910882, 0.104014, 18.040279)
(-8.051677, -0.024006, 18.171312), (-8.041276, -0.150959, 18.302042), (-7.901086, -0.011136, 18.171913)
(-8.496317, -0.198913, 18.296675), (-8.484924, -0.339928, 18.427332), (-8.343277, -0.182121, 18.299183)
(-8.496317, -0.198913, 18.296675), (-8.343277, -0.182121, 18.299183), (-8.355368, -0.047991, 18.169268)
(-8.343277, -0.182121, 18.299183), (-8.332384, -0.320507, 18.429873), (-8.191691, -0.166401, 18.30097)
(-8.343277, -0.182121, 18.299183), (-8.191691, -0.166401, 18.30097), (-8.203012, -0.035603, 18.170704)
(-8.191691, -0.166401, 18.30097), (-8.181427, -0.301318, 18.431904), (-8.041276, -0.150959, 18.302042)
(-8.191691, -0.166401, 18.30097), (-8.041276, -0.150959, 18.302042), (-8.051677, -0.024006, 18.171312)
(-8.041276, -0.150959, 18.302042), (-8.031742, -0.282413, 18.433353), (-7.89161, -0.134224, 18.302979)
(-8.041276, -0.150959, 18.302042), (-7.89161, -0.134224, 18.302979), (-7.901086, -0.011136, 18.171913)
(-8.639305, -0.361176, 18.423397), (-8.484924, -0.339928, 18.427332), (-8.496317, -0.198913, 18.296675)
(-8.639305, -0.361176, 18.423397), (-8.62977, -0.499368, 18.556721), (-8.484924, -0.339928, 18.427332)
(-8.484924, -0.339928, 18.427332), (-8.332384, -0.320507, 18.429873), (-8.343277, -0.182121, 18.299183)
(-8.484924, -0.339928, 18.427332), (-8.475493, -0.476702, 18.560616), (-8.332384, -0.320507, 18.429873)
(-8.332384, -0.320507, 18.429873), (-8.181427, -0.301318, 18.431904), (-8.191691, -0.166401, 18.30097)
(-8.332384, -0.320507, 18.429873), (-8.32327, -0.455836, 18.562986), (-8.181427, -0.301318, 18.431904)
(-8.181427, -0.301318, 18.431904), (-8.031742, -0.282413, 18.433353), (-8.041276, -0.150959, 18.302042)
(-8.181427, -0.301318, 18.431904), (-8.172741, -0.434085, 18.565033), (-8.031742, -0.282413, 18.433353)
(-8.031742, -0.282413, 18.433353), (-7.882905, -0.262014, 18.434599), (-7.89161, -0.134224, 18.302979)
(-8.031742, -0.282413, 18.433353), (-8.02359, -0.412251, 18.566673), (-7.882905, -0.262014, 18.434599)
(-8.62977, -0.499368, 18.556721), (-8.622814, -0.625331, 18.694363), (-8.475493, -0.476702, 18.560616)
(-8.62977, -0.499368, 18.556721), (-8.475493, -0.476702, 18.560616), (-8.484924, -0.339928, 18.427332)
(-8.475493, -0.476702, 18.560616), (-8.468493, -0.601995, 18.697931), (-8.32327, -0.455836, 18.562986)
(-8.475493, -0.476702, 18.560616), (-8.32327, -0.455836, 18.562986), (-8.332384, -0.320507, 18.429873)
(-8.32327, -0.455836, 18.562986), (-8.172741, -0.434085, 18.565033), (-8.181427, -0.301318, 18.431904)
(-8.32327, -0.455836, 18.562986), (-8.31638, -0.581011, 18.69994), (-8.172741, -0.434085, 18.565033)
(-8.172741, -0.434085, 18.565033), (-8.166069, -0.558294, 18.701715), (-8.02359, -0.412251, 18.566673)
(-8.172741, -0.434085, 18.565033), (-8.02359, -0.412251, 18.566673), (-8.031742, -0.282413, 18.433353)
(-8.02359, -0.412251, 18.566673), (-8.017238, -0.534395, 18.703295), (-7.875411, -0.389051, 18.568081)
(-8.02359, -0.412251, 18.566673), (-7.875411, -0.389051, 18.568081), (-7.882905, -0.262014, 18.434599)
# -7.64625068335333, 0, 18.329886416646673
(-7.910882, 0.104014, 18.040279), (-7.901086, -0.011136, 18.171913), (-7.759966, 0.11773, 18.041241)
(-7.910882, 0.104014, 18.040279), (-7.759966, 0.11773, 18.041241), (-7.768511, 0.218599, 17.907486)
(-7.759966, 0.11773, 18.041241), (-7.60931, 0.134127, 18.042585), (-7.616672, 0.232401, 17.908266)
(-7.759966, 0.11773, 18.041241), (-7.751202, 0.005687, 18.17326), (-7.60931, 0.134127, 18.042585)
(-7.60931, 0.134127, 18.042585), (-7.601666, 0.025855, 18.175262), (-7.458618, 0.153574, 18.044365)
(-7.60931, 0.134127, 18.042585), (-7.458618, 0.153574, 18.044365), (-7.464964, 0.249451, 17.909582)
(-7.458618, 0.153574, 18.044365), (-7.307955, 0.176985, 18.0471), (-7.31328, 0.270346, 17.911709)
(-7.458618, 0.153574, 18.044365), (-7.452072, 0.04846, 18.177727), (-7.307955, 0.176985, 18.0471)
(-7.901086, -0.011136, 18.171913), (-7.751202, 0.005687, 18.17326), (-7.759966, 0.11773, 18.041241)
(-7.901086, -0.011136, 18.171913), (-7.89161, -0.134224, 18.302979), (-7.751202, 0.005687, 18.17326)
(-7.751202, 0.005687, 18.17326), (-7.601666, 0.025855, 18.175262), (-7.60931, 0.134127, 18.042585)
(-7.751202, 0.005687, 18.17326), (-7.742647, -0.114352, 18.304638), (-7.601666, 0.025855, 18.175262)
(-7.601666, 0.025855, 18.175262), (-7.452072, 0.04846, 18.177727), (-7.458618, 0.153574, 18.044365)
(-7.601666, 0.025855, 18.175262), (-7.59412, -0.090471, 18.307209), (-7.452072, 0.04846, 18.177727)
(-7.452072, 0.04846, 18.177727), (-7.302389, 0.074584, 18.181044), (-7.307955, 0.176985, 18.0471)
(-7.452072, 0.04846, 18.177727), (-7.44564, -0.063704, 18.310471), (-7.302389, 0.074584, 18.181044)
(-7.89161, -0.134224, 18.302979), (-7.882905, -0.262014, 18.434599), (-7.742647, -0.114352, 18.304638)
(-7.89161, -0.134224, 18.302979), (-7.742647, -0.114352, 18.304638), (-7.751202, 0.005687, 18.17326)
(-7.742647, -0.114352, 18.304638), (-7.734749, -0.23845, 18.436552), (-7.59412, -0.090471, 18.307209)
(-7.742647, -0.114352, 18.304638), (-7.59412, -0.090471, 18.307209), (-7.601666, 0.025855, 18.175262)
(-7.59412, -0.090471, 18.307209), (-7.5871, -0.211446, 18.43952), (-7.44564, -0.063704, 18.310471)
(-7.59412, -0.090471, 18.307209), (-7.44564, -0.063704, 18.310471), (-7.452072, 0.04846, 18.177727)
(-7.44564, -0.063704, 18.310471), (-7.439776, -0.182107, 18.442987), (-7.297121, -0.036332, 18.313826)
(-7.44564, -0.063704, 18.310471), (-7.297121, -0.036332, 18.313826), (-7.302389, 0.074584, 18.181044)
(-7.882905, -0.262014, 18.434599), (-7.734749, -0.23845, 18.436552), (-7.742647, -0.114352, 18.304638)
(-7.882905, -0.262014, 18.434599), (-7.875411, -0.389051, 18.568081), (-7.734749, -0.23845, 18.436552)
(-7.734749, -0.23845, 18.436552), (-7.5871, -0.211446, 18.43952), (-7.59412, -0.090471, 18.307209)
(-7.734749, -0.23845, 18.436552), (-7.727897, -0.362402, 18.570164), (-7.5871, -0.211446, 18.43952)
(-7.5871, -0.211446, 18.43952), (-7.439776, -0.182107, 18.442987), (-7.44564, -0.063704, 18.310471)
(-7.5871, -0.211446, 18.43952), (-7.581089, -0.332983, 18.573174), (-7.439776, -0.182107, 18.442987)
(-7.439776, -0.182107, 18.442987), (-7.292501, -0.152995, 18.446323), (-7.297121, -0.036332, 18.313826)
(-7.439776, -0.182107, 18.442987), (-7.434854, -0.302762, 18.576374), (-7.292501, -0.152995, 18.446323)
(-7.875411, -0.389051, 18.568081), (-7.869487, -0.509537, 18.704651), (-7.727897, -0.362402, 18.570164)
(-7.875411, -0.389051, 18.568081), (-7.727897, -0.362402, 18.570164), (-7.734749, -0.23845, 18.436552)
(-7.727897, -0.362402, 18.570164), (-7.581089, -0.332983, 18.573174), (-7.5871, -0.211446, 18.43952)
(-7.727897, -0.362402, 18.570164), (-7.722473, -0.481252, 18.706602), (-7.581089, -0.332983, 18.573174)
(-7.581089, -0.332983, 18.573174), (-7.576444, -0.450884, 18.709181), (-7.434854, -0.302762, 18.576374)
(-7.581089, -0.332983, 18.573174), (-7.434854, -0.302762, 18.576374), (-7.439776, -0.182107, 18.442987)
(-7.434854, -0.302762, 18.576374), (-7.431092, -0.420306, 18.711956), (-7.28872, -0.271909, 18.579647)
(-7.434854, -0.302762, 18.576374), (-7.28872, -0.271909, 18.579647), (-7.292501, -0.152995, 18.446323)
# -6.9784804500199975, 0, 18.329886416646673
(-7.307955, 0.176985, 18.0471), (-7.302389, 0.074584, 18.181044), (-7.157045, 0.203676, 18.050714)
(-7.307955, 0.176985, 18.0471), (-7.157045, 0.203676, 18.050714), (-7.161289, 0.294573, 17.914549)
(-7.157045, 0.203676, 18.050714), (-7.005686, 0.231849, 18.054653), (-7.00872, 0.321001, 17.917969)
(-7.157045, 0.203676, 18.050714), (-7.152731, 0.102994, 18.184956), (-7.005686, 0.231849, 18.054653)
(-7.005686, 0.231849, 18.054653), (-7.002757, 0.131943, 18.189127), (-6.853844, 0.260635, 18.058899)
(-7.005686, 0.231849, 18.054653), (-6.853844, 0.260635, 18.058899), (-6.855757, 0.349104, 17.922031)
(-6.853844, 0.260635, 18.058899), (-6.701562, 0.290182, 18.063702), (-6.702275, 0.376902, 17.926371)
(-6.853844, 0.260635, 18.058899), (-6.852175, 0.161196, 18.193497), (-6.701562, 0.290182, 18.063702)
(-6.701562, 0.290182, 18.063702), (-6.701246, 0.190527, 18.198292), (-6.548667, 0.318603, 18.068659)
(-6.701562, 0.290182, 18.063702), (-6.548667, 0.318603, 18.068659), (-6.548042, 0.403519, 17.93078)
(-7.302389, 0.074584, 18.181044), (-7.152731, 0.102994, 18.184956), (-7.157045, 0.203676, 18.050714)
(-7.302389, 0.074584, 18.181044), (-7.297121, -0.036332, 18.313826), (-7.152731, 0.102994, 18.184956)
(-7.152731, 0.102994, 18.184956), (-7.002757, 0.131943, 18.189127), (-7.005686, 0.231849, 18.054653)
(-7.152731, 0.102994, 18.184956), (-7.148723, -0.006919, 18.317745), (-7.002757, 0.131943, 18.189127)
(-7.002757, 0.131943, 18.189127), (-6.852175, 0.161196, 18.193497), (-6.853844, 0.260635, 18.058899)
(-7.002757, 0.131943, 18.189127), (-7.000129, 0.023407, 18.322107), (-6.852175, 0.161196, 18.193497)
(-6.852175, 0.161196, 18.193497), (-6.701246, 0.190527, 18.198292), (-6.701562, 0.290182, 18.063702)
(-6.852175, 0.161196, 18.193497), (-6.851096, 0.052291, 18.326424), (-6.701246, 0.190527, 18.198292)
(-6.701246, 0.190527, 18.198292), (-6.549768, 0.219626, 18.203495), (-6.548667, 0.318603, 18.068659)
(-6.701246, 0.190527, 18.198292), (-6.701496, 0.081123, 18.331068), (-6.549768, 0.219626, 18.203495)
(-7.297121, -0.036332, 18.313826), (-7.292501, -0.152995, 18.446323), (-7.148723, -0.006919, 18.317745)
(-7.297121, -0.036332, 18.313826), (-7.148723, -0.006919, 18.317745), (-7.152731, 0.102994, 18.184956)
(-7.148723, -0.006919, 18.317745), (-7.145289, -0.122997, 18.450098), (-7.000129, 0.023407, 18.322107)
(-7.148723, -0.006919, 18.317745), (-7.000129, 0.023407, 18.322107), (-7.002757, 0.131943, 18.189127)
(-7.000129, 0.023407, 18.322107), (-6.998147, -0.092586, 18.45425), (-6.851096, 0.052291, 18.326424)
(-7.000129, 0.023407, 18.322107), (-6.851096, 0.052291, 18.326424), (-6.852175, 0.161196, 18.193497)
(-6.851096, 0.052291, 18.326424), (-6.850617, -0.062805, 18.458616), (-6.701496, 0.081123, 18.331068)
(-6.851096, 0.052291, 18.326424), (-6.701496, 0.081123, 18.331068), (-6.701246, 0.190527, 18.198292)
(-6.701496, 0.081123, 18.331068), (-6.702526, -0.035333, 18.462864), (-6.551613, 0.109188, 18.336031)
(-6.701496, 0.081123, 18.331068), (-6.551613, 0.109188, 18.336031), (-6.549768, 0.219626, 18.203495)
(-7.292501, -0.152995, 18.446323), (-7.145289, -0.122997, 18.450098), (-7.148723, -0.006919, 18.317745)
(-7.292501, -0.152995, 18.446323), (-7.28872, -0.271909, 18.579647), (-7.145289, -0.122997, 18.450098)
(-7.145289, -0.122997, 18.450098), (-6.998147, -0.092586, 18.45425), (-7.000129, 0.023407, 18.322107)
(-7.145289, -0.122997, 18.450098), (-7.142737, -0.241541, 18.583021), (-6.998147, -0.092586, 18.45425)
(-6.998147, -0.092586, 18.45425), (-6.850617, -0.062805, 18.458616), (-6.851096, 0.052291, 18.326424)
(-6.998147, -0.092586, 18.45425), (-6.996909, -0.21127, 18.586828), (-6.850617, -0.062805, 18.458616)
(-6.850617, -0.062805, 18.458616), (-6.702526, -0.035333, 18.462864), (-6.701496, 0.081123, 18.331068)
(-6.850617, -0.062805, 18.458616), (-6.850819, -0.181345, 18.591002), (-6.702526, -0.035333, 18.462864)
(-6.702526, -0.035333, 18.462864), (-6.554358, -0.009996, 18.46714), (-6.551613, 0.109188, 18.336031)
(-6.702526, -0.035333, 18.462864), (-6.704428, -0.155294, 18.594685), (-6.554358, -0.009996, 18.46714)
(-7.28872, -0.271909, 18.579647), (-7.286008, -0.389031, 18.71487), (-7.142737, -0.241541, 18.583021)
(-7.28872, -0.271909, 18.579647), (-7.142737, -0.241541, 18.583021), (-7.145289, -0.122997, 18.450098)
(-7.142737, -0.241541, 18.583021), (-6.996909, -0.21127, 18.586828), (-6.998147, -0.092586, 18.45425)
(-7.142737, -0.241541, 18.583021), (-7.141156, -0.358539, 18.71772), (-6.996909, -0.21127, 18.586828)
(-6.996909, -0.21127, 18.586828), (-6.996484, -0.32845, 18.721107), (-6.850819, -0.181345, 18.591002)
(-6.996909, -0.21127, 18.586828), (-6.850819, -0.181345, 18.591002), (-6.850617, -0.062805, 18.458616)
(-6.850819, -0.181345, 18.591002), (-6.851822, -0.299685, 18.724688), (-6.704428, -0.155294, 18.594685)
(-6.850819, -0.181345, 18.591002), (-6.704428, -0.155294, 18.594685), (-6.702526, -0.035333, 18.462864)
(-6.704428, -0.155294, 18.594685), (-6.707081, -0.275343, 18.727715), (-6.557906, -0.133006, 18.598137)
(-6.704428, -0.155294, 18.594685), (-6.557906, -0.133006, 18.598137), (-6.554358, -0.009996, 18.46714)
# -6.3107102166866635, 0, 18.329886416646673
(-6.548667, 0.318603, 18.068659), (-6.394973, 0.344348, 18.073545), (-6.393214, 0.42768, 17.935268)
(-6.548667, 0.318603, 18.068659), (-6.549768, 0.219626, 18.203495), (-6.394973, 0.344348, 18.073545)
(-6.394973, 0.344348, 18.073545), (-6.397665, 0.245598, 18.208494), (-6.240846, 0.366522, 18.07835)
(-6.394973, 0.344348, 18.073545), (-6.240846, 0.366522, 18.07835), (-6.237843, 0.448611, 17.93972)
(-6.240846, 0.366522, 18.07835), (-6.08641, 0.383429, 18.082615), (-6.081975, 0.464709, 17.943729)
(-6.240846, 0.366522, 18.07835), (-6.245109, 0.266665, 18.212988), (-6.08641, 0.383429, 18.082615)
(-6.08641, 0.383429, 18.082615), (-6.092548, 0.281419, 18.216761), (-5.931807, 0.392751, 18.085752)
(-6.08641, 0.383429, 18.082615), (-5.931807, 0.392751, 18.085752), (-5.925867, 0.474828, 17.947056)
(-6.549768, 0.219626, 18.203495), (-6.397665, 0.245598, 18.208494), (-6.394973, 0.344348, 18.073545)
(-6.549768, 0.219626, 18.203495), (-6.551613, 0.109188, 18.336031), (-6.397665, 0.245598, 18.208494)
(-6.397665, 0.245598, 18.208494), (-6.245109, 0.266665, 18.212988), (-6.240846, 0.366522, 18.07835)
(-6.397665, 0.245598, 18.208494), (-6.401353, 0.133626, 18.340719), (-6.245109, 0.266665, 18.212988)
(-6.245109, 0.266665, 18.212988), (-6.092548, 0.281419, 18.216761), (-6.08641, 0.383429, 18.082615)
(-6.245109, 0.266665, 18.212988), (-6.250745, 0.151693, 18.344513), (-6.092548, 0.281419, 18.216761)
(-6.092548, 0.281419, 18.216761), (-5.939852, 0.28918, 18.219501), (-5.931807, 0.392751, 18.085752)
(-6.092548, 0.281419, 18.216761), (-6.100159, 0.163339, 18.347439), (-5.939852, 0.28918, 18.219501)
(-6.551613, 0.109188, 18.336031), (-6.554358, -0.009996, 18.46714), (-6.401353, 0.133626, 18.340719)
(-6.551613, 0.109188, 18.336031), (-6.401353, 0.133626, 18.340719), (-6.397665, 0.245598, 18.208494)
(-6.401353, 0.133626, 18.340719), (-6.406014, 0.011577, 18.471169), (-6.250745, 0.151693, 18.344513)
(-6.401353, 0.133626, 18.340719), (-6.250745, 0.151693, 18.344513), (-6.245109, 0.266665, 18.212988)
(-6.250745, 0.151693, 18.344513), (-6.257561, 0.026361, 18.474123), (-6.100159, 0.163339, 18.347439)
(-6.250745, 0.151693, 18.344513), (-6.100159, 0.163339, 18.347439), (-6.092548, 0.281419, 18.216761)
(-6.100159, 0.163339, 18.347439), (-6.108852, 0.034741, 18.47617), (-5.949354, 0.169172, 18.349684)
(-6.100159, 0.163339, 18.347439), (-5.949354, 0.169172, 18.349684), (-5.939852, 0.28918, 18.219501)
(-6.554358, -0.009996, 18.46714), (-6.406014, 0.011577, 18.471169), (-6.401353, 0.133626, 18.340719)
(-6.554358, -0.009996, 18.46714), (-6.557906, -0.133006, 18.598137), (-6.406014, 0.011577, 18.471169)
(-6.406014, 0.011577, 18.471169), (-6.257561, 0.026361, 18.474123), (-6.250745, 0.151693, 18.344513)
(-6.406014, 0.011577, 18.471169), (-6.411501, -0.11511, 18.601179), (-6.257561, 0.026361, 18.474123)
(-6.257561, 0.026361, 18.474123), (-6.108852, 0.034741, 18.47617), (-6.100159, 0.163339, 18.347439)
(-6.257561, 0.026361, 18.474123), (-6.265083, -0.10377, 18.603268), (-6.108852, 0.034741, 18.47617)
(-6.108852, 0.034741, 18.47617), (-5.959916, 0.037907, 18.477715), (-5.949354, 0.169172, 18.349684)
(-6.108852, 0.034741, 18.47617), (-6.118189, -0.098286, 18.604555), (-5.959916, 0.037907, 18.477715)
(-6.557906, -0.133006, 18.598137), (-6.411501, -0.11511, 18.601179), (-6.406014, 0.011577, 18.471169)
(-6.557906, -0.133006, 18.598137), (-6.56214, -0.255665, 18.730303), (-6.411501, -0.11511, 18.601179)
(-6.411501, -0.11511, 18.601179), (-6.41755, -0.24176, 18.732235), (-6.265083, -0.10377, 18.603268)
(-6.411501, -0.11511, 18.601179), (-6.265083, -0.10377, 18.603268), (-6.257561, 0.026361, 18.474123)
(-6.265083, -0.10377, 18.603268), (-6.272922, -0.233491, 18.733486), (-6.118189, -0.098286, 18.604555)
(-6.265083, -0.10377, 18.603268), (-6.118189, -0.098286, 18.604555), (-6.108852, 0.034741, 18.47617)
(-6.118189, -0.098286, 18.604555), (-6.127758, -0.230818, 18.734047), (-5.971029, -0.098154, 18.605247)
(-6.118189, -0.098286, 18.604555), (-5.971029, -0.098154, 18.605247), (-5.959916, 0.037907, 18.477715)
# -5.642939983353331, 0, 18.329886416646673
(-5.931807, 0.392751, 18.085752), (-5.777181, 0.394618, 18.087887), (-5.769784, 0.477451, 17.949392)
(-5.931807, 0.392751, 18.085752), (-5.939852, 0.28918, 18.219501), (-5.777181, 0.394618, 18.087887)
(-5.777181, 0.394618, 18.087887), (-5.786823, 0.289582, 18.221209), (-5.622506, 0.389092, 18.08902)
(-5.777181, 0.394618, 18.087887), (-5.622506, 0.389092, 18.08902), (-5.613747, 0.472602, 17.950663)
(-5.312819, 0.358053, 18.088123), (-5.157973, 0.335649, 18.086693), (-5.146658, 0.42278, 17.949268)
(-5.312819, 0.358053, 18.088123), (-5.326374, 0.250572, 18.220575), (-5.157973, 0.335649, 18.086693)
(-5.467715, 0.376197, 18.088955), (-5.48028, 0.269632, 18.221739), (-5.312819, 0.358053, 18.088123)
(-5.467715, 0.376197, 18.088955), (-5.312819, 0.358053, 18.088123), (-5.302128, 0.444179, 17.950428)
(-5.622506, 0.389092, 18.08902), (-5.467715, 0.376197, 18.088955), (-5.45785, 0.460854, 17.950893)
(-5.622506, 0.389092, 18.08902), (-5.633691, 0.282895, 18.221924), (-5.467715, 0.376197, 18.088955)
(-5.939852, 0.28918, 18.219501), (-5.786823, 0.289582, 18.221209), (-5.777181, 0.394618, 18.087887)
(-5.939852, 0.28918, 18.219501), (-5.949354, 0.169172, 18.349684), (-5.786823, 0.289582, 18.221209)
(-5.326374, 0.250572, 18.220575), (-5.172231, 0.227013, 18.218712), (-5.157973, 0.335649, 18.086693)
(-5.326374, 0.250572, 18.220575), (-5.341901, 0.126629, 18.349279), (-5.172231, 0.227013, 18.218712)
(-5.786823, 0.289582, 18.221209), (-5.633691, 0.282895, 18.221924), (-5.622506, 0.389092, 18.08902)
(-5.786823, 0.289582, 18.221209), (-5.798188, 0.167592, 18.350828), (-5.633691, 0.282895, 18.221924)
(-5.48028, 0.269632, 18.221739), (-5.326374, 0.250572, 18.220575), (-5.312819, 0.358053, 18.088123)
(-5.48028, 0.269632, 18.221739), (-5.494561, 0.145646, 18.35062), (-5.326374, 0.250572, 18.220575)
(-5.633691, 0.282895, 18.221924), (-5.48028, 0.269632, 18.221739), (-5.467715, 0.376197, 18.088955)
(-5.633691, 0.282895, 18.221924), (-5.64662, 0.158981, 18.350981), (-5.48028, 0.269632, 18.221739)
(-5.341901, 0.126629, 18.349279), (-5.358418, -0.00942, 18.475595), (-5.18855, 0.101209, 18.346828)
(-5.341901, 0.126629, 18.349279), (-5.18855, 0.101209, 18.346828), (-5.172231, 0.227013, 18.218712)
(-5.949354, 0.169172, 18.349684), (-5.959916, 0.037907, 18.477715), (-5.798188, 0.167592, 18.350828)
(-5.949354, 0.169172, 18.349684), (-5.798188, 0.167592, 18.350828), (-5.786823, 0.289582, 18.221209)
(-5.494561, 0.145646, 18.35062), (-5.509855, 0.010579, 18.477301), (-5.341901, 0.126629, 18.349279)
(-5.494561, 0.145646, 18.35062), (-5.341901, 0.126629, 18.349279), (-5.326374, 0.250572, 18.220575)
(-5.798188, 0.167592, 18.350828), (-5.810606, 0.034281, 18.478296), (-5.64662, 0.158981, 18.350981)
(-5.798188, 0.167592, 18.350828), (-5.64662, 0.158981, 18.350981), (-5.633691, 0.282895, 18.221924)
(-5.64662, 0.158981, 18.350981), (-5.660567, 0.02469, 18.478052), (-5.494561, 0.145646, 18.35062)
(-5.64662, 0.158981, 18.350981), (-5.494561, 0.145646, 18.35062), (-5.48028, 0.269632, 18.221739)
(-5.358418, -0.00942, 18.475595), (-5.206004, -0.035458, 18.472923), (-5.18855, 0.101209, 18.346828)
(-5.358418, -0.00942, 18.475595), (-5.375113, -0.15084, 18.601299), (-5.206004, -0.035458, 18.472923)
(-5.509855, 0.010579, 18.477301), (-5.358418, -0.00942, 18.475595), (-5.341901, 0.126629, 18.349279)
(-5.509855, 0.010579, 18.477301), (-5.525437, -0.129513, 18.603428), (-5.358418, -0.00942, 18.475595)
(-5.959916, 0.037907, 18.477715), (-5.810606, 0.034281, 18.478296), (-5.798188, 0.167592, 18.350828)
(-5.959916, 0.037907, 18.477715), (-5.971029, -0.098154, 18.605247), (-5.810606, 0.034281, 18.478296)
(-5.660567, 0.02469, 18.478052), (-5.509855, 0.010579, 18.477301), (-5.494561, 0.145646, 18.35062)
(-5.660567, 0.02469, 18.478052), (-5.674865, -0.1137, 18.60479), (-5.509855, 0.010579, 18.477301)
(-5.810606, 0.034281, 18.478296), (-5.660567, 0.02469, 18.478052), (-5.64662, 0.158981, 18.350981)
(-5.810606, 0.034281, 18.478296), (-5.823389, -0.103425, 18.605303), (-5.660567, 0.02469, 18.478052)
(-5.375113, -0.15084, 18.601299), (-5.223587, -0.176814, 18.598555), (-5.206004, -0.035458, 18.472923)
(-5.375113, -0.15084, 18.601299), (-5.391268, -0.291286, 18.728153), (-5.223587, -0.176814, 18.598555)
(-5.525437, -0.129513, 18.603428), (-5.540635, -0.269058, 18.730644), (-5.375113, -0.15084, 18.601299)
(-5.525437, -0.129513, 18.603428), (-5.375113, -0.15084, 18.601299), (-5.358418, -0.00942, 18.475595)
(-5.674865, -0.1137, 18.60479), (-5.688865, -0.251108, 18.732635), (-5.525437, -0.129513, 18.603428)
(-5.674865, -0.1137, 18.60479), (-5.525437, -0.129513, 18.603428), (-5.509855, 0.010579, 18.477301)
(-5.971029, -0.098154, 18.605247), (-5.823389, -0.103425, 18.605303), (-5.810606, 0.034281, 18.478296)
(-5.971029, -0.098154, 18.605247), (-5.982179, -0.233326, 18.733932), (-5.823389, -0.103425, 18.605303)
(-5.823389, -0.103425, 18.605303), (-5.83601, -0.240088, 18.733486), (-5.674865, -0.1137, 18.60479)
(-5.823389, -0.103425, 18.605303), (-5.674865, -0.1137, 18.60479), (-5.660567, 0.02469, 18.478052)
# -4.975169750019997, 0, 18.329886416646673
(-4.693063, 0.25267, 18.080082), (-4.537788, 0.225669, 18.078369), (-4.526107, 0.318578, 17.942484)
(-4.693063, 0.25267, 18.080082), (-4.707932, 0.140562, 18.211164), (-4.537788, 0.225669, 18.078369)
(-4.848184, 0.281024, 18.08226), (-4.863133, 0.17075, 18.213821), (-4.693063, 0.25267, 18.080082)
(-4.848184, 0.281024, 18.08226), (-4.693063, 0.25267, 18.080082), (-4.681156, 0.344367, 17.943886)
(-5.003137, 0.309474, 18.084656), (-4.848184, 0.281024, 18.08226), (-4.836236, 0.371122, 17.945646)
(-5.003137, 0.309474, 18.084656), (-5.01786, 0.200094, 18.216427), (-4.848184, 0.281024, 18.08226)
(-5.157973, 0.335649, 18.086693), (-5.172231, 0.227013, 18.218712), (-5.003137, 0.309474, 18.084656)
(-5.157973, 0.335649, 18.086693), (-5.003137, 0.309474, 18.084656), (-4.991378, 0.397862, 17.947567)
(-4.707932, 0.140562, 18.211164), (-4.55228, 0.112783, 18.209278), (-4.537788, 0.225669, 18.078369)
(-4.707932, 0.140562, 18.211164), (-4.724934, 0.012438, 18.338638), (-4.55228, 0.112783, 18.209278)
(-4.863133, 0.17075, 18.213821), (-4.707932, 0.140562, 18.211164), (-4.693063, 0.25267, 18.080082)
(-4.863133, 0.17075, 18.213821), (-4.880166, 0.043104, 18.341431), (-4.707932, 0.140562, 18.211164)
(-5.01786, 0.200094, 18.216427), (-4.863133, 0.17075, 18.213821), (-4.848184, 0.281024, 18.08226)
(-5.01786, 0.200094, 18.216427), (-5.034665, 0.073046, 18.344191), (-4.863133, 0.17075, 18.213821)
(-5.172231, 0.227013, 18.218712), (-5.01786, 0.200094, 18.216427), (-5.003137, 0.309474, 18.084656)
(-5.172231, 0.227013, 18.218712), (-5.18855, 0.101209, 18.346828), (-5.01786, 0.200094, 18.216427)
(-4.724934, 0.012438, 18.338638), (-4.742997, -0.125664, 18.464294), (-4.568942, -0.016206, 18.336521)
(-4.724934, 0.012438, 18.338638), (-4.568942, -0.016206, 18.336521), (-4.55228, 0.112783, 18.209278)
(-4.880166, 0.043104, 18.341431), (-4.898285, -0.095663, 18.466906), (-4.724934, 0.012438, 18.338638)
(-4.880166, 0.043104, 18.341431), (-4.724934, 0.012438, 18.338638), (-4.707932, 0.140562, 18.211164)
(-5.034665, 0.073046, 18.344191), (-5.052567, -0.064987, 18.469843), (-4.880166, 0.043104, 18.341431)
(-5.034665, 0.073046, 18.344191), (-4.880166, 0.043104, 18.341431), (-4.863133, 0.17075, 18.213821)
(-5.18855, 0.101209, 18.346828), (-5.206004, -0.035458, 18.472923), (-5.034665, 0.073046, 18.344191)
(-5.18855, 0.101209, 18.346828), (-5.034665, 0.073046, 18.344191), (-5.01786, 0.200094, 18.216427)
(-4.742997, -0.125664, 18.464294), (-4.586788, -0.154871, 18.462017), (-4.568942, -0.016206, 18.336521)
(-4.742997, -0.125664, 18.464294), (-4.761242, -0.268295, 18.589592), (-4.586788, -0.154871, 18.462017)
(-4.898285, -0.095663, 18.466906), (-4.742997, -0.125664, 18.464294), (-4.724934, 0.012438, 18.338638)
(-4.898285, -0.095663, 18.466906), (-4.916558, -0.238592, 18.592098), (-4.742997, -0.125664, 18.464294)
(-5.052567, -0.064987, 18.469843), (-4.898285, -0.095663, 18.466906), (-4.880166, 0.043104, 18.341431)
(-5.052567, -0.064987, 18.469843), (-5.070691, -0.207637, 18.595135), (-4.898285, -0.095663, 18.466906)
(-5.206004, -0.035458, 18.472923), (-5.052567, -0.064987, 18.469843), (-5.034665, 0.073046, 18.344191)
(-5.206004, -0.035458, 18.472923), (-5.223587, -0.176814, 18.598555), (-5.052567, -0.064987, 18.469843)
(-4.761242, -0.268295, 18.589592), (-4.604809, -0.296757, 18.58749), (-4.586788, -0.154871, 18.462017)
(-4.761242, -0.268295, 18.589592), (-4.778838, -0.409218, 18.716225), (-4.604809, -0.296757, 18.58749)
(-4.916558, -0.238592, 18.592098), (-4.934178, -0.379652, 18.718664), (-4.761242, -0.268295, 18.589592)
(-4.916558, -0.238592, 18.592098), (-4.761242, -0.268295, 18.589592), (-4.742997, -0.125664, 18.464294)
(-5.070691, -0.207637, 18.595135), (-5.088173, -0.348513, 18.721762), (-4.916558, -0.238592, 18.592098)
(-5.070691, -0.207637, 18.595135), (-4.916558, -0.238592, 18.592098), (-4.898285, -0.095663, 18.466906)
(-5.223587, -0.176814, 18.598555), (-5.240533, -0.317733, 18.725225), (-5.070691, -0.207637, 18.595135)
(-5.223587, -0.176814, 18.598555), (-5.070691, -0.207637, 18.595135), (-5.052567, -0.064987, 18.469843)
# -4.307399516686664, 0, 18.329886416646673
(-4.226528, 0.18071, 18.077299), (-4.240004, 0.067165, 18.207975), (-4.070303, 0.165288, 18.07855)
(-4.226528, 0.18071, 18.077299), (-4.070303, 0.165288, 18.07855), (-4.059752, 0.260578, 17.943401)
(-4.382326, 0.201217, 18.077328), (-4.226528, 0.18071, 18.077299), (-4.215495, 0.275684, 17.942034)
(-4.382326, 0.201217, 18.077328), (-4.396306, 0.088001, 18.20817), (-4.226528, 0.18071, 18.077299)
(-4.537788, 0.225669, 18.078369), (-4.55228, 0.112783, 18.209278), (-4.382326, 0.201217, 18.077328)
(-4.537788, 0.225669, 18.078369), (-4.382326, 0.201217, 18.077328), (-4.370915, 0.29537, 17.941795)
(-4.070303, 0.165288, 18.07855), (-3.913768, 0.155033, 18.081015), (-3.903809, 0.249749, 17.945719)
(-4.070303, 0.165288, 18.07855), (-4.083203, 0.0518, 18.209133), (-3.913768, 0.155033, 18.081015)
(-4.240004, 0.067165, 18.207975), (-4.083203, 0.0518, 18.209133), (-4.070303, 0.165288, 18.07855)
(-4.240004, 0.067165, 18.207975), (-4.255407, -0.061038, 18.335388), (-4.083203, 0.0518, 18.209133)
(-4.396306, 0.088001, 18.20817), (-4.240004, 0.067165, 18.207975), (-4.226528, 0.18071, 18.077299)
(-4.396306, 0.088001, 18.20817), (-4.412412, -0.041071, 18.335423), (-4.240004, 0.067165, 18.207975)
(-4.083203, 0.0518, 18.209133), (-3.925996, 0.042301, 18.211721), (-3.913768, 0.155033, 18.081015)
(-4.083203, 0.0518, 18.209133), (-4.09797, -0.075736, 18.336573), (-3.925996, 0.042301, 18.211721)
(-4.55228, 0.112783, 18.209278), (-4.396306, 0.088001, 18.20817), (-4.382326, 0.201217, 18.077328)
(-4.55228, 0.112783, 18.209278), (-4.568942, -0.016206, 18.336521), (-4.396306, 0.088001, 18.20817)
(-4.255407, -0.061038, 18.335388), (-4.271956, -0.198072, 18.461258), (-4.09797, -0.075736, 18.336573)
(-4.255407, -0.061038, 18.335388), (-4.09797, -0.075736, 18.336573), (-4.083203, 0.0518, 18.209133)
(-4.412412, -0.041071, 18.335423), (-4.429672, -0.179244, 18.461016), (-4.255407, -0.061038, 18.335388)
(-4.412412, -0.041071, 18.335423), (-4.255407, -0.061038, 18.335388), (-4.240004, 0.067165, 18.207975)
(-4.568942, -0.016206, 18.336521), (-4.586788, -0.154871, 18.462017), (-4.412412, -0.041071, 18.335423)
(-4.568942, -0.016206, 18.336521), (-4.412412, -0.041071, 18.335423), (-4.396306, 0.088001, 18.20817)
(-4.09797, -0.075736, 18.336573), (-4.113845, -0.211451, 18.462637), (-3.940046, -0.084057, 18.339306)
(-4.09797, -0.075736, 18.336573), (-3.940046, -0.084057, 18.339306), (-3.925996, 0.042301, 18.211721)
(-4.429672, -0.179244, 18.461016), (-4.271956, -0.198072, 18.461258), (-4.255407, -0.061038, 18.335388)
(-4.429672, -0.179244, 18.461016), (-4.447163, -0.320379, 18.586643), (-4.271956, -0.198072, 18.461258)
(-4.271956, -0.198072, 18.461258), (-4.113845, -0.211451, 18.462637), (-4.09797, -0.075736, 18.336573)
(-4.271956, -0.198072, 18.461258), (-4.288806, -0.338046, 18.587158), (-4.113845, -0.211451, 18.462637)
(-4.586788, -0.154871, 18.462017), (-4.429672, -0.179244, 18.461016), (-4.412412, -0.041071, 18.335423)
(-4.586788, -0.154871, 18.462017), (-4.604809, -0.296757, 18.58749), (-4.429672, -0.179244, 18.461016)
(-4.113845, -0.211451, 18.462637), (-3.95512, -0.217506, 18.465799), (-3.940046, -0.084057, 18.339306)
(-4.113845, -0.211451, 18.462637), (-4.129938, -0.349365, 18.588961), (-3.95512, -0.217506, 18.465799)
(-4.447163, -0.320379, 18.586643), (-4.464096, -0.458864, 18.713844), (-4.288806, -0.338046, 18.587158)
(-4.447163, -0.320379, 18.586643), (-4.288806, -0.338046, 18.587158), (-4.271956, -0.198072, 18.461258)
(-4.288806, -0.338046, 18.587158), (-4.305132, -0.475036, 18.714693), (-4.129938, -0.349365, 18.588961)
(-4.288806, -0.338046, 18.587158), (-4.129938, -0.349365, 18.588961), (-4.113845, -0.211451, 18.462637)
(-4.604809, -0.296757, 18.58749), (-4.622156, -0.436428, 18.714441), (-4.447163, -0.320379, 18.586643)
(-4.604809, -0.296757, 18.58749), (-4.447163, -0.320379, 18.586643), (-4.429672, -0.179244, 18.461016)
(-4.129938, -0.349365, 18.588961), (-3.970473, -0.353103, 18.592531), (-3.95512, -0.217506, 18.465799)
(-4.129938, -0.349365, 18.588961), (-4.145499, -0.483918, 18.717033), (-3.970473, -0.353103, 18.592531)
# -3.6396292833533312, 0, 18.329886416646673
(-3.913768, 0.155033, 18.081015), (-3.925996, 0.042301, 18.211721), (-3.757069, 0.149584, 18.084515)
(-3.913768, 0.155033, 18.081015), (-3.757069, 0.149584, 18.084515), (-3.747717, 0.243192, 17.948904)
(-3.757069, 0.149584, 18.084515), (-3.600358, 0.148274, 18.088795), (-3.591584, 0.240287, 17.952721)
(-3.757069, 0.149584, 18.084515), (-3.768524, 0.038638, 18.215626), (-3.600358, 0.148274, 18.088795)
(-3.600358, 0.148274, 18.088795), (-3.611109, 0.039438, 18.220421), (-3.443767, 0.150163, 18.093527)
(-3.600358, 0.148274, 18.088795), (-3.443767, 0.150163, 18.093527), (-3.43549, 0.240314, 17.956911)
(-3.443767, 0.150163, 18.093527), (-3.287412, 0.154168, 18.09837), (-3.279552, 0.241981, 17.961065)
(-3.443767, 0.150163, 18.093527), (-3.453845, 0.043945, 18.225811), (-3.287412, 0.154168, 18.09837)
(-3.925996, 0.042301, 18.211721), (-3.768524, 0.038638, 18.215626), (-3.757069, 0.149584, 18.084515)
(-3.925996, 0.042301, 18.211721), (-3.940046, -0.084057, 18.339306), (-3.768524, 0.038638, 18.215626)
(-3.768524, 0.038638, 18.215626), (-3.611109, 0.039438, 18.220421), (-3.600358, 0.148274, 18.088795)
(-3.768524, 0.038638, 18.215626), (-3.781842, -0.086004, 18.343521), (-3.611109, 0.039438, 18.220421)
(-3.611109, 0.039438, 18.220421), (-3.453845, 0.043945, 18.225811), (-3.443767, 0.150163, 18.093527)
(-3.611109, 0.039438, 18.220421), (-3.623612, -0.08263, 18.348864), (-3.453845, 0.043945, 18.225811)
(-3.453845, 0.043945, 18.225811), (-3.296921, 0.050887, 18.231415), (-3.287412, 0.154168, 18.09837)
(-3.453845, 0.043945, 18.225811), (-3.465535, -0.074933, 18.354973), (-3.296921, 0.050887, 18.231415)
(-3.940046, -0.084057, 18.339306), (-3.95512, -0.217506, 18.465799), (-3.781842, -0.086004, 18.343521)
(-3.940046, -0.084057, 18.339306), (-3.781842, -0.086004, 18.343521), (-3.768524, 0.038638, 18.215626)
(-3.781842, -0.086004, 18.343521), (-3.796252, -0.217813, 18.470232), (-3.623612, -0.08263, 18.348864)
(-3.781842, -0.086004, 18.343521), (-3.623612, -0.08263, 18.348864), (-3.611109, 0.039438, 18.220421)
(-3.623612, -0.08263, 18.348864), (-3.637214, -0.211727, 18.476074), (-3.465535, -0.074933, 18.354973)
(-3.623612, -0.08263, 18.348864), (-3.465535, -0.074933, 18.354973), (-3.453845, 0.043945, 18.225811)
(-3.465535, -0.074933, 18.354973), (-3.478301, -0.200582, 18.482906), (-3.307965, -0.064772, 18.361317)
(-3.465535, -0.074933, 18.354973), (-3.307965, -0.064772, 18.361317), (-3.296921, 0.050887, 18.231415)
(-3.307965, -0.064772, 18.361317), (-3.320047, -0.187069, 18.48995), (-3.150905, -0.052981, 18.367661)
(-3.307965, -0.064772, 18.361317), (-3.150905, -0.052981, 18.367661), (-3.140448, 0.058965, 18.236849)
(-3.95512, -0.217506, 18.465799), (-3.796252, -0.217813, 18.470232), (-3.781842, -0.086004, 18.343521)
(-3.95512, -0.217506, 18.465799), (-3.970473, -0.353103, 18.592531), (-3.796252, -0.217813, 18.470232)
(-3.796252, -0.217813, 18.470232), (-3.637214, -0.211727, 18.476074), (-3.623612, -0.08263, 18.348864)
(-3.796252, -0.217813, 18.470232), (-3.81083, -0.350569, 18.597507), (-3.637214, -0.211727, 18.476074)
(-3.637214, -0.211727, 18.476074), (-3.478301, -0.200582, 18.482906), (-3.465535, -0.074933, 18.354973)
(-3.637214, -0.211727, 18.476074), (-3.651028, -0.341563, 18.603886), (-3.478301, -0.200582, 18.482906)
(-3.478301, -0.200582, 18.482906), (-3.320047, -0.187069, 18.48995), (-3.307965, -0.064772, 18.361317)
(-3.478301, -0.200582, 18.482906), (-3.491394, -0.327158, 18.611338), (-3.320047, -0.187069, 18.48995)
(-3.320047, -0.187069, 18.48995), (-3.162319, -0.171361, 18.49716), (-3.150905, -0.052981, 18.367661)
(-3.320047, -0.187069, 18.48995), (-3.332355, -0.309598, 18.61923), (-3.162319, -0.171361, 18.49716)
(-3.970473, -0.353103, 18.592531), (-3.985369, -0.485303, 18.721031), (-3.81083, -0.350569, 18.597507)
(-3.970473, -0.353103, 18.592531), (-3.81083, -0.350569, 18.597507), (-3.796252, -0.217813, 18.470232)
(-3.81083, -0.350569, 18.597507), (-3.824935, -0.479514, 18.726658), (-3.651028, -0.341563, 18.603886)
(-3.81083, -0.350569, 18.597507), (-3.651028, -0.341563, 18.603886), (-3.637214, -0.211727, 18.476074)
(-3.651028, -0.341563, 18.603886), (-3.664382, -0.467157, 18.7337), (-3.491394, -0.327158, 18.611338)
(-3.651028, -0.341563, 18.603886), (-3.491394, -0.327158, 18.611338), (-3.478301, -0.200582, 18.482906)
(-3.491394, -0.327158, 18.611338), (-3.332355, -0.309598, 18.61923), (-3.320047, -0.187069, 18.48995)
(-3.491394, -0.327158, 18.611338), (-3.504075, -0.449461, 18.741772), (-3.332355, -0.309598, 18.61923)
(-3.332355, -0.309598, 18.61923), (-3.344289, -0.427816, 18.750498), (-3.173981, -0.289969, 18.627275)
(-3.332355, -0.309598, 18.61923), (-3.173981, -0.289969, 18.627275), (-3.162319, -0.171361, 18.49716)
# -2.9718590500199973, 0, 18.329886416646673
(-3.287412, 0.154168, 18.09837), (-3.296921, 0.050887, 18.231415), (-3.131377, 0.159053, 18.102949)
(-3.287412, 0.154168, 18.09837), (-3.131377, 0.159053, 18.102949), (-3.123749, 0.244808, 17.965046)
(-3.131377, 0.159053, 18.102949), (-2.975586, 0.164305, 18.107147), (-2.968102, 0.247608, 17.968519)
(-3.131377, 0.159053, 18.102949), (-3.140448, 0.058965, 18.236849), (-2.975586, 0.164305, 18.107147)
(-2.975586, 0.164305, 18.107147), (-2.984394, 0.067227, 18.241858), (-2.819948, 0.16924, 18.110825)
(-2.975586, 0.164305, 18.107147), (-2.819948, 0.16924, 18.110825), (-2.812469, 0.250476, 17.971598)
(-2.819948, 0.16924, 18.110825), (-2.664372, 0.173017, 18.113815), (-2.65684, 0.251953, 17.973898)
(-2.819948, 0.16924, 18.110825), (-2.828601, 0.075207, 18.246376), (-2.664372, 0.173017, 18.113815)
(-2.664372, 0.173017, 18.113815), (-2.672961, 0.081951, 18.25024), (-2.508766, 0.174887, 18.116024)
(-2.664372, 0.173017, 18.113815), (-2.508766, 0.174887, 18.116024), (-2.50109, 0.252076, 17.97554)
(-3.296921, 0.050887, 18.231415), (-3.140448, 0.058965, 18.236849), (-3.131377, 0.159053, 18.102949)
(-3.296921, 0.050887, 18.231415), (-3.307965, -0.064772, 18.361317), (-3.140448, 0.058965, 18.236849)
(-3.140448, 0.058965, 18.236849), (-2.984394, 0.067227, 18.241858), (-2.975586, 0.164305, 18.107147)
(-3.140448, 0.058965, 18.236849), (-3.150905, -0.052981, 18.367661), (-2.984394, 0.067227, 18.241858)
(-2.984394, 0.067227, 18.241858), (-2.828601, 0.075207, 18.246376), (-2.819948, 0.16924, 18.110825)
(-2.984394, 0.067227, 18.241858), (-2.994365, -0.040768, 18.373676), (-2.828601, 0.075207, 18.246376)
(-2.828601, 0.075207, 18.246376), (-2.672961, 0.081951, 18.25024), (-2.664372, 0.173017, 18.113815)
(-2.828601, 0.075207, 18.246376), (-2.838268, -0.02926, 18.379147), (-2.672961, 0.081951, 18.25024)
(-2.672961, 0.081951, 18.25024), (-2.517387, 0.086644, 18.253332), (-2.508766, 0.174887, 18.116024)
(-2.672961, 0.081951, 18.25024), (-2.682426, -0.019146, 18.384024), (-2.517387, 0.086644, 18.253332)
(-3.150905, -0.052981, 18.367661), (-3.162319, -0.171361, 18.49716), (-2.994365, -0.040768, 18.373676)
(-3.150905, -0.052981, 18.367661), (-2.994365, -0.040768, 18.373676), (-2.984394, 0.067227, 18.241858)
(-2.994365, -0.040768, 18.373676), (-3.005102, -0.154582, 18.50428), (-2.838268, -0.02926, 18.379147)
(-2.994365, -0.040768, 18.373676), (-2.838268, -0.02926, 18.379147), (-2.828601, 0.075207, 18.246376)
(-2.838268, -0.02926, 18.379147), (-2.848541, -0.139519, 18.510744), (-2.682426, -0.019146, 18.384024)
(-2.838268, -0.02926, 18.379147), (-2.682426, -0.019146, 18.384024), (-2.672961, 0.081951, 18.25024)
(-2.682426, -0.019146, 18.384024), (-2.692442, -0.126393, 18.516567), (-2.526757, -0.011299, 18.388144)
(-2.682426, -0.019146, 18.384024), (-2.526757, -0.011299, 18.388144), (-2.517387, 0.086644, 18.253332)
(-3.162319, -0.171361, 18.49716), (-3.005102, -0.154582, 18.50428), (-2.994365, -0.040768, 18.373676)
(-3.162319, -0.171361, 18.49716), (-3.173981, -0.289969, 18.627275), (-3.005102, -0.154582, 18.50428)
(-3.005102, -0.154582, 18.50428), (-2.848541, -0.139519, 18.510744), (-2.838268, -0.02926, 18.379147)
(-3.005102, -0.154582, 18.50428), (-3.016119, -0.269366, 18.635338), (-2.848541, -0.139519, 18.510744)
(-2.848541, -0.139519, 18.510744), (-2.692442, -0.126393, 18.516567), (-2.682426, -0.019146, 18.384024)
(-2.848541, -0.139519, 18.510744), (-2.85893, -0.250342, 18.642912), (-2.692442, -0.126393, 18.516567)
(-2.692442, -0.126393, 18.516567), (-2.536545, -0.115051, 18.52183), (-2.526757, -0.011299, 18.388144)
(-2.692442, -0.126393, 18.516567), (-2.70247, -0.233985, 18.649668), (-2.536545, -0.115051, 18.52183)
(-3.173981, -0.289969, 18.627275), (-3.185198, -0.404043, 18.759451), (-3.016119, -0.269366, 18.635338)
(-3.173981, -0.289969, 18.627275), (-3.016119, -0.269366, 18.635338), (-3.005102, -0.154582, 18.50428)
(-3.016119, -0.269366, 18.635338), (-3.026788, -0.380327, 18.76836), (-2.85893, -0.250342, 18.642912)
(-3.016119, -0.269366, 18.635338), (-2.85893, -0.250342, 18.642912), (-2.848541, -0.139519, 18.510744)
(-2.85893, -0.250342, 18.642912), (-2.70247, -0.233985, 18.649668), (-2.692442, -0.126393, 18.516567)
(-2.85893, -0.250342, 18.642912), (-2.868981, -0.357335, 18.776966), (-2.70247, -0.233985, 18.649668)
(-2.70247, -0.233985, 18.649668), (-2.711993, -0.33718, 18.784817), (-2.546385, -0.220083, 18.655891)
(-2.70247, -0.233985, 18.649668), (-2.546385, -0.220083, 18.655891), (-2.536545, -0.115051, 18.52183)
# -2.304088816686664, 0, 18.329886416646673
(-2.508766, 0.174887, 18.116024), (-2.353004, 0.174951, 18.117601), (-2.345147, 0.250555, 17.976549)
(-2.508766, 0.174887, 18.116024), (-2.517387, 0.086644, 18.253332), (-2.353004, 0.174951, 18.117601)
(-2.353004, 0.174951, 18.117601), (-2.361787, 0.088665, 18.255611), (-2.197007, 0.172907, 18.118576)
(-2.353004, 0.174951, 18.117601), (-2.197007, 0.172907, 18.118576), (-2.188955, 0.247318, 17.977015)
(-2.197007, 0.172907, 18.118576), (-2.040735, 0.168626, 18.11903), (-2.032528, 0.241841, 17.976877)
(-2.197007, 0.172907, 18.118576), (-2.206005, 0.088272, 18.257267), (-2.040735, 0.168626, 18.11903)
(-2.040735, 0.168626, 18.11903), (-2.049941, 0.085393, 18.258421), (-1.884205, 0.16199, 18.119045)
(-2.040735, 0.168626, 18.11903), (-1.884205, 0.16199, 18.119045), (-1.875866, 0.234572, 17.97636)
(-2.517387, 0.086644, 18.253332), (-2.361787, 0.088665, 18.255611), (-2.353004, 0.174951, 18.117601)
(-2.517387, 0.086644, 18.253332), (-2.526757, -0.011299, 18.388144), (-2.361787, 0.088665, 18.255611)
(-2.361787, 0.088665, 18.255611), (-2.206005, 0.088272, 18.257267), (-2.197007, 0.172907, 18.118576)
(-2.361787, 0.088665, 18.255611), (-2.371233, -0.006653, 18.391378), (-2.206005, 0.088272, 18.257267)
(-2.206005, 0.088272, 18.257267), (-2.049941, 0.085393, 18.258421), (-2.040735, 0.168626, 18.11903)
(-2.206005, 0.088272, 18.257267), (-2.215687, -0.005311, 18.39381), (-2.049941, 0.085393, 18.258421)
(-2.049941, 0.085393, 18.258421), (-1.893585, 0.08002, 18.259195), (-1.884205, 0.16199, 18.119045)
(-2.049941, 0.085393, 18.258421), (-2.059889, -0.006716, 18.395763), (-1.893585, 0.08002, 18.259195)
(-2.526757, -0.011299, 18.388144), (-2.536545, -0.115051, 18.52183), (-2.371233, -0.006653, 18.391378)
(-2.526757, -0.011299, 18.388144), (-2.371233, -0.006653, 18.391378), (-2.361787, 0.088665, 18.255611)
(-2.371233, -0.006653, 18.391378), (-2.380951, -0.107537, 18.52619), (-2.215687, -0.005311, 18.39381)
(-2.371233, -0.006653, 18.391378), (-2.215687, -0.005311, 18.39381), (-2.206005, 0.088272, 18.257267)
(-2.215687, -0.005311, 18.39381), (-2.225605, -0.104449, 18.529484), (-2.059889, -0.006716, 18.395763)
(-2.215687, -0.005311, 18.39381), (-2.059889, -0.006716, 18.395763), (-2.049941, 0.085393, 18.258421)
(-2.059889, -0.006716, 18.395763), (-2.070127, -0.104702, 18.532238), (-1.90379, -0.010924, 18.397375)
(-2.059889, -0.006716, 18.395763), (-1.90379, -0.010924, 18.397375), (-1.893585, 0.08002, 18.259195)
(-2.536545, -0.115051, 18.52183), (-2.380951, -0.107537, 18.52619), (-2.371233, -0.006653, 18.391378)
(-2.536545, -0.115051, 18.52183), (-2.546385, -0.220083, 18.655891), (-2.380951, -0.107537, 18.52619)
(-2.380951, -0.107537, 18.52619), (-2.225605, -0.104449, 18.529484), (-2.215687, -0.005311, 18.39381)
(-2.380951, -0.107537, 18.52619), (-2.390606, -0.209618, 18.661407), (-2.225605, -0.104449, 18.529484)
(-2.225605, -0.104449, 18.529484), (-2.070127, -0.104702, 18.532238), (-2.059889, -0.006716, 18.395763)
(-2.225605, -0.104449, 18.529484), (-2.235246, -0.203996, 18.665812), (-2.070127, -0.104702, 18.532238)
(-2.070127, -0.104702, 18.532238), (-1.914331, -0.10755, 18.53479), (-1.90379, -0.010924, 18.397375)
(-2.070127, -0.104702, 18.532238), (-2.080094, -0.203409, 18.669333), (-1.914331, -0.10755, 18.53479)
(-2.546385, -0.220083, 18.655891), (-2.555734, -0.321204, 18.791842), (-2.390606, -0.209618, 18.661407)
(-2.546385, -0.220083, 18.655891), (-2.390606, -0.209618, 18.661407), (-2.380951, -0.107537, 18.52619)
(-2.390606, -0.209618, 18.661407), (-2.399764, -0.307989, 18.798401), (-2.235246, -0.203996, 18.665812)
(-2.390606, -0.209618, 18.661407), (-2.235246, -0.203996, 18.665812), (-2.225605, -0.104449, 18.529484)
# -1.6363185833533305, 0, 18.329886416646673
(-1.413635, 0.131638, 18.117966), (-1.423341, 0.051051, 18.260357), (-1.256789, 0.118941, 18.117502)
(-1.413635, 0.131638, 18.117966), (-1.256789, 0.118941, 18.117502), (-1.248374, 0.191133, 17.972294)
(-1.570561, 0.14327, 18.118429), (-1.413635, 0.131638, 18.117966), (-1.4052, 0.203456, 17.97341)
(-1.570561, 0.14327, 18.118429), (-1.580201, 0.062457, 18.260046), (-1.413635, 0.131638, 18.117966)
(-1.727456, 0.153454, 18.118809), (-1.736984, 0.072176, 18.25968), (-1.570561, 0.14327, 18.118429)
(-1.727456, 0.153454, 18.118809), (-1.570561, 0.14327, 18.118429), (-1.562108, 0.215125, 17.974533)
(-1.884205, 0.16199, 18.119045), (-1.727456, 0.153454, 18.118809), (-1.719051, 0.2254, 17.975491)
(-1.884205, 0.16199, 18.119045), (-1.893585, 0.08002, 18.259195), (-1.727456, 0.153454, 18.118809)
(-1.893585, 0.08002, 18.259195), (-1.736984, 0.072176, 18.25968), (-1.727456, 0.153454, 18.118809)
(-1.893585, 0.08002, 18.259195), (-1.90379, -0.010924, 18.397375), (-1.736984, 0.072176, 18.25968)
(-1.736984, 0.072176, 18.25968), (-1.580201, 0.062457, 18.260046), (-1.570561, 0.14327, 18.118429)
(-1.736984, 0.072176, 18.25968), (-1.747423, -0.017773, 18.398726), (-1.580201, 0.062457, 18.260046)
(-1.580201, 0.062457, 18.260046), (-1.423341, 0.051051, 18.260357), (-1.413635, 0.131638, 18.117966)
(-1.580201, 0.062457, 18.260046), (-1.59085, -0.026927, 18.399948), (-1.423341, 0.051051, 18.260357)
(-1.423341, 0.051051, 18.260357), (-1.266512, 0.038419, 18.260695), (-1.256789, 0.118941, 18.117502)
(-1.423341, 0.051051, 18.260357), (-1.434145, -0.037857, 18.401159), (-1.266512, 0.038419, 18.260695)
(-1.90379, -0.010924, 18.397375), (-1.914331, -0.10755, 18.53479), (-1.747423, -0.017773, 18.398726)
(-1.90379, -0.010924, 18.397375), (-1.747423, -0.017773, 18.398726), (-1.736984, 0.072176, 18.25968)
(-1.747423, -0.017773, 18.398726), (-1.758272, -0.113389, 18.537066), (-1.59085, -0.026927, 18.399948)
(-1.747423, -0.017773, 18.398726), (-1.59085, -0.026927, 18.399948), (-1.580201, 0.062457, 18.260046)
(-1.59085, -0.026927, 18.399948), (-1.602015, -0.122157, 18.539171), (-1.434145, -0.037857, 18.401159)
(-1.59085, -0.026927, 18.399948), (-1.434145, -0.037857, 18.401159), (-1.423341, 0.051051, 18.260357)
(-1.434145, -0.037857, 18.401159), (-1.445533, -0.132371, 18.541374), (-1.277448, -0.050367, 18.402361)
(-1.434145, -0.037857, 18.401159), (-1.277448, -0.050367, 18.402361), (-1.266512, 0.038419, 18.260695)
(-1.914331, -0.10755, 18.53479), (-1.758272, -0.113389, 18.537066), (-1.747423, -0.017773, 18.398726)
(-1.914331, -0.10755, 18.53479), (-1.924571, -0.204913, 18.672802), (-1.758272, -0.113389, 18.537066)
(-1.758272, -0.113389, 18.537066), (-1.602015, -0.122157, 18.539171), (-1.59085, -0.026927, 18.399948)
(-1.758272, -0.113389, 18.537066), (-1.768813, -0.20945, 18.676104), (-1.602015, -0.122157, 18.539171)
(-1.602015, -0.122157, 18.539171), (-1.445533, -0.132371, 18.541374), (-1.434145, -0.037857, 18.401159)
(-1.602015, -0.122157, 18.539171), (-1.612885, -0.217516, 18.679113), (-1.445533, -0.132371, 18.541374)
(-1.445533, -0.132371, 18.541374), (-1.28904, -0.144381, 18.543522), (-1.277448, -0.050367, 18.402361)
(-1.445533, -0.132371, 18.541374), (-1.456651, -0.227065, 18.682255), (-1.28904, -0.144381, 18.543522)
# -0.968548350019997, 0, 18.329886416646673
(-0.943471, 0.09362, 18.117048), (-0.787078, 0.082106, 18.117115), (-0.778975, 0.15513, 17.969658)
(-0.943471, 0.09362, 18.117048), (-0.953143, 0.012814, 18.261894), (-0.787078, 0.082106, 18.117115)
(-0.787078, 0.082106, 18.117115), (-0.796611, 0.001613, 18.262875), (-0.630874, 0.071944, 18.117359)
(-0.787078, 0.082106, 18.117115), (-0.630874, 0.071944, 18.117359), (-0.622945, 0.144874, 17.969101)
(-1.100049, 0.106084, 18.117184), (-1.109782, 0.025305, 18.261173), (-0.943471, 0.09362, 18.117048)
(-1.100049, 0.106084, 18.117184), (-0.943471, 0.09362, 18.117048), (-0.935206, 0.166581, 17.9704)
(-1.256789, 0.118941, 18.117502), (-1.100049, 0.106084, 18.117184), (-1.091699, 0.178656, 17.971266)
(-1.256789, 0.118941, 18.117502), (-1.266512, 0.038419, 18.260695), (-1.100049, 0.106084, 18.117184)
(-1.266512, 0.038419, 18.260695), (-1.109782, 0.025305, 18.261173), (-1.100049, 0.106084, 18.117184)
(-1.266512, 0.038419, 18.260695), (-1.277448, -0.050367, 18.402361), (-1.109782, 0.025305, 18.261173)
(-1.109782, 0.025305, 18.261173), (-0.953143, 0.012814, 18.261894), (-0.943471, 0.09362, 18.117048)
(-1.109782, 0.025305, 18.261173), (-1.120787, -0.063403, 18.403692), (-0.953143, 0.012814, 18.261894)
(-0.953143, 0.012814, 18.261894), (-0.796611, 0.001613, 18.262875), (-0.787078, 0.082106, 18.117115)
(-0.953143, 0.012814, 18.261894), (-0.96413, -0.075563, 18.405323), (-0.796611, 0.001613, 18.262875)
(-0.796611, 0.001613, 18.262875), (-0.640168, -0.007765, 18.264084), (-0.630874, 0.071944, 18.117359)
(-0.796611, 0.001613, 18.262875), (-0.807457, -0.085841, 18.407297), (-0.640168, -0.007765, 18.264084)
(-0.640168, -0.007765, 18.264084), (-0.483781, -0.015064, 18.265472), (-0.474785, 0.063517, 18.117788)
(-0.640168, -0.007765, 18.264084), (-0.650756, -0.093749, 18.409538), (-0.483781, -0.015064, 18.265472)
(-1.277448, -0.050367, 18.402361), (-1.28904, -0.144381, 18.543522), (-1.120787, -0.063403, 18.403692)
(-1.277448, -0.050367, 18.402361), (-1.120787, -0.063403, 18.403692), (-1.109782, 0.025305, 18.261173)
(-1.120787, -0.063403, 18.403692), (-1.132538, -0.15731, 18.545681), (-0.96413, -0.075563, 18.405323)
(-1.120787, -0.063403, 18.403692), (-0.96413, -0.075563, 18.405323), (-0.953143, 0.012814, 18.261894)
(-0.96413, -0.075563, 18.405323), (-0.975893, -0.168821, 18.54821), (-0.807457, -0.085841, 18.407297)
(-0.96413, -0.075563, 18.405323), (-0.807457, -0.085841, 18.407297), (-0.796611, 0.001613, 18.262875)
(-0.807457, -0.085841, 18.407297), (-0.819055, -0.177508, 18.551189), (-0.650756, -0.093749, 18.409538)
(-0.807457, -0.085841, 18.407297), (-0.650756, -0.093749, 18.409538), (-0.640168, -0.007765, 18.264084)
(-0.650756, -0.093749, 18.409538), (-0.662047, -0.183251, 18.55447), (-0.493983, -0.099096, 18.41198)
(-0.650756, -0.093749, 18.409538), (-0.493983, -0.099096, 18.41198), (-0.483781, -0.015064, 18.265472)
(-1.28904, -0.144381, 18.543522), (-1.132538, -0.15731, 18.545681), (-1.120787, -0.063403, 18.403692)
(-1.28904, -0.144381, 18.543522), (-1.300355, -0.238076, 18.685429), (-1.132538, -0.15731, 18.545681)
(-1.132538, -0.15731, 18.545681), (-0.975893, -0.168821, 18.54821), (-0.96413, -0.075563, 18.405323)
(-1.132538, -0.15731, 18.545681), (-1.143975, -0.250103, 18.688467), (-0.975893, -0.168821, 18.54821)
(-0.975893, -0.168821, 18.54821), (-0.819055, -0.177508, 18.551189), (-0.807457, -0.085841, 18.407297)
(-0.975893, -0.168821, 18.54821), (-0.987324, -0.260667, 18.691824), (-0.819055, -0.177508, 18.551189)
(-0.819055, -0.177508, 18.551189), (-0.662047, -0.183251, 18.55447), (-0.650756, -0.093749, 18.409538)
(-0.819055, -0.177508, 18.551189), (-0.830332, -0.267651, 18.695705), (-0.662047, -0.183251, 18.55447)
(-0.662047, -0.183251, 18.55447), (-0.50486, -0.186264, 18.557922), (-0.493983, -0.099096, 18.41198)
(-0.662047, -0.183251, 18.55447), (-0.673022, -0.271029, 18.699934), (-0.50486, -0.186264, 18.557922)
# -0.3007781166866636, 0, 18.329886416646673
(-0.630874, 0.071944, 18.117359), (-0.474785, 0.063517, 18.117788), (-0.467126, 0.135868, 17.968687)
(-0.630874, 0.071944, 18.117359), (-0.640168, -0.007765, 18.264084), (-0.474785, 0.063517, 18.117788)
(-0.474785, 0.063517, 18.117788), (-0.483781, -0.015064, 18.265472), (-0.318777, 0.056796, 18.118347)
(-0.474785, 0.063517, 18.117788), (-0.318777, 0.056796, 18.118347), (-0.311407, 0.12839, 17.968452)
(-0.318777, 0.056796, 18.118347), (-0.162829, 0.051526, 18.118963), (-0.155826, 0.122015, 17.968285)
(-0.318777, 0.056796, 18.118347), (-0.327391, -0.020289, 18.266977), (-0.162829, 0.051526, 18.118963)
(-0.162829, 0.051526, 18.118963), (-0.170991, -0.023793, 18.268507), (-0.006911, 0.047356, 18.119562)
(-0.162829, 0.051526, 18.118963), (-0.006911, 0.047356, 18.119562), (-0.000289, 0.116676, 17.968184)
(-0.006911, 0.047356, 18.119562), (0.149065, 0.044082, 18.12014), (0.155226, 0.112027, 17.968092)
(-0.006911, 0.047356, 18.119562), (-0.014552, -0.026005, 18.269974), (0.149065, 0.044082, 18.12014)
(-0.483781, -0.015064, 18.265472), (-0.327391, -0.020289, 18.266977), (-0.318777, 0.056796, 18.118347)
(-0.483781, -0.015064, 18.265472), (-0.493983, -0.099096, 18.41198), (-0.327391, -0.020289, 18.266977)
(-0.327391, -0.020289, 18.266977), (-0.170991, -0.023793, 18.268507), (-0.162829, 0.051526, 18.118963)
(-0.327391, -0.020289, 18.266977), (-0.337123, -0.102094, 18.414524), (-0.170991, -0.023793, 18.268507)
(-0.170991, -0.023793, 18.268507), (-0.014552, -0.026005, 18.269974), (-0.006911, 0.047356, 18.119562)
(-0.170991, -0.023793, 18.268507), (-0.180171, -0.103138, 18.417063), (-0.014552, -0.026005, 18.269974)
(-0.014552, -0.026005, 18.269974), (0.141965, -0.02736, 18.27132), (0.149065, 0.044082, 18.12014)
(-0.014552, -0.026005, 18.269974), (-0.023124, -0.102829, 18.419464), (0.141965, -0.02736, 18.27132)
(-0.493983, -0.099096, 18.41198), (-0.50486, -0.186264, 18.557922), (-0.337123, -0.102094, 18.414524)
(-0.493983, -0.099096, 18.41198), (-0.337123, -0.102094, 18.414524), (-0.327391, -0.020289, 18.266977)
(-0.337123, -0.102094, 18.414524), (-0.347478, -0.186714, 18.561485), (-0.180171, -0.103138, 18.417063)
(-0.337123, -0.102094, 18.414524), (-0.180171, -0.103138, 18.417063), (-0.170991, -0.023793, 18.268507)
(-0.180171, -0.103138, 18.417063), (-0.189913, -0.185004, 18.565023), (-0.023124, -0.102829, 18.419464)
(-0.180171, -0.103138, 18.417063), (-0.023124, -0.102829, 18.419464), (-0.014552, -0.026005, 18.269974)
(-0.023124, -0.102829, 18.419464), (-0.032203, -0.181984, 18.568378), (0.134056, -0.101638, 18.421692)
(-0.023124, -0.102829, 18.419464), (0.134056, -0.101638, 18.421692), (0.141965, -0.02736, 18.27132)
(-0.50486, -0.186264, 18.557922), (-0.347478, -0.186714, 18.561485), (-0.337123, -0.102094, 18.414524)
(-0.50486, -0.186264, 18.557922), (-0.515459, -0.272157, 18.704269), (-0.347478, -0.186714, 18.561485)
(-0.347478, -0.186714, 18.561485), (-0.189913, -0.185004, 18.565023), (-0.180171, -0.103138, 18.417063)
(-0.347478, -0.186714, 18.561485), (-0.357596, -0.270525, 18.708714), (-0.189913, -0.185004, 18.565023)
(-0.189913, -0.185004, 18.565023), (-0.032203, -0.181984, 18.568378), (-0.023124, -0.102829, 18.419464)
(-0.189913, -0.185004, 18.565023), (-0.199472, -0.266548, 18.713118), (-0.032203, -0.181984, 18.568378)
(-0.032203, -0.181984, 18.568378), (0.12569, -0.178039, 18.571493), (0.134056, -0.101638, 18.421692)
(-0.032203, -0.181984, 18.568378), (-0.041132, -0.261246, 18.717306), (0.12569, -0.178039, 18.571493)
