# 0.3669921166466698, 0, -5.042071750019998
(0.099531, 0.891694, -5.2484), (0.102685, 0.859101, -5.092543), (0.252102, 0.915023, -5.246079)
(0.099531, 0.891694, -5.2484), (0.252102, 0.915023, -5.246079), (0.248296, 0.950728, -5.402108)
(0.252102, 0.915023, -5.246079), (0.255494, 0.880924, -5.090306), (0.404869, 0.942444, -5.243406)
(0.252102, 0.915023, -5.246079), (0.404869, 0.942444, -5.243406), (0.400867, 0.978755, -5.399436)
(0.404869, 0.942444, -5.243406), (0.408484, 0.907178, -5.087671), (0.55789, 0.972931, -5.2404)
(0.404869, 0.942444, -5.243406), (0.55789, 0.972931, -5.2404), (0.553696, 1.009689, -5.39648)
(0.55789, 0.972931, -5.2404), (0.561721, 0.936803, -5.084662), (0.711201, 1.005685, -5.23711)
(0.55789, 0.972931, -5.2404), (0.711201, 1.005685, -5.23711), (0.706816, 1.042644, -5.393275)
(0.102685, 0.859101, -5.092543), (0.255494, 0.880924, -5.090306), (0.252102, 0.915023, -5.246079)
(0.102685, 0.859101, -5.092543), (0.105314, 0.830361, -4.936847), (0.255494, 0.880924, -5.090306)
(0.255494, 0.880924, -5.090306), (0.408484, 0.907178, -5.087671), (0.404869, 0.942444, -5.243406)
(0.255494, 0.880924, -5.090306), (0.25838, 0.849937, -4.934757), (0.408484, 0.907178, -5.087671)
(0.408484, 0.907178, -5.087671), (0.561721, 0.936803, -5.084662), (0.55789, 0.972931, -5.2404)
(0.408484, 0.907178, -5.087671), (0.411624, 0.873931, -4.932233), (0.561721, 0.936803, -5.084662)
(0.561721, 0.936803, -5.084662), (0.715254, 0.968852, -5.081319), (0.711201, 1.005685, -5.23711)
(0.561721, 0.936803, -5.084662), (0.565096, 0.901917, -4.929283), (0.715254, 0.968852, -5.081319)
(0.105314, 0.830361, -4.936847), (0.107526, 0.804625, -4.781327), (0.25838, 0.849937, -4.934757)
(0.105314, 0.830361, -4.936847), (0.25838, 0.849937, -4.934757), (0.255494, 0.880924, -5.090306)
(0.25838, 0.849937, -4.934757), (0.411624, 0.873931, -4.932233), (0.408484, 0.907178, -5.087671)
(0.25838, 0.849937, -4.934757), (0.260837, 0.821488, -4.779437), (0.411624, 0.873931, -4.932233)
(0.411624, 0.873931, -4.932233), (0.414318, 0.842841, -4.777082), (0.565096, 0.901917, -4.929283)
(0.411624, 0.873931, -4.932233), (0.565096, 0.901917, -4.929283), (0.561721, 0.936803, -5.084662)
(0.565096, 0.901917, -4.929283), (0.568018, 0.868619, -4.774256), (0.718853, 0.932893, -4.925966)
(0.565096, 0.901917, -4.929283), (0.718853, 0.932893, -4.925966), (0.715254, 0.968852, -5.081319)
(0.107526, 0.804625, -4.781327), (0.260837, 0.821488, -4.779437), (0.25838, 0.849937, -4.934757)
(0.107526, 0.804625, -4.781327), (0.109406, 0.783511, -4.625909), (0.260837, 0.821488, -4.779437)
(0.260837, 0.821488, -4.779437), (0.414318, 0.842841, -4.777082), (0.411624, 0.873931, -4.932233)
(0.260837, 0.821488, -4.779437), (0.262961, 0.796526, -4.624306), (0.414318, 0.842841, -4.777082)
(0.414318, 0.842841, -4.777082), (0.568018, 0.868619, -4.774256), (0.565096, 0.901917, -4.929283)
(0.414318, 0.842841, -4.777082), (0.416664, 0.814689, -4.622196), (0.568018, 0.868619, -4.774256)
(0.568018, 0.868619, -4.774256), (0.72202, 0.897554, -4.77103), (0.718853, 0.932893, -4.925966)
(0.568018, 0.868619, -4.774256), (0.570589, 0.837027, -4.619601), (0.72202, 0.897554, -4.77103)
# 1.0347623499800032, 0, -5.042071750019998
(0.711201, 1.005685, -5.23711), (0.715254, 0.968852, -5.081319), (0.864819, 1.039826, -5.233586)
(0.711201, 1.005685, -5.23711), (0.864819, 1.039826, -5.233586), (0.86024, 1.076795, -5.389874)
(0.864819, 1.039826, -5.233586), (0.869102, 1.002529, -5.077717), (1.018757, 1.074389, -5.229913)
(0.864819, 1.039826, -5.233586), (1.018757, 1.074389, -5.229913), (1.013969, 1.111372, -5.386332)
(1.018757, 1.074389, -5.229913), (1.02329, 1.036643, -5.073944), (1.173011, 1.108533, -5.226158)
(1.018757, 1.074389, -5.229913), (1.173011, 1.108533, -5.226158), (1.167998, 1.14561, -5.382723)
(1.173011, 1.108533, -5.226158), (1.177821, 1.070243, -5.070081), (1.327558, 1.141536, -5.22241)
(1.173011, 1.108533, -5.226158), (1.327558, 1.141536, -5.22241), (1.322304, 1.178909, -5.37911)
(1.327558, 1.141536, -5.22241), (1.332668, 1.102561, -5.066226), (1.482354, 1.173115, -5.218689)
(1.327558, 1.141536, -5.22241), (1.482354, 1.173115, -5.218689), (1.476848, 1.210893, -5.375532)
(0.715254, 0.968852, -5.081319), (0.869102, 1.002529, -5.077717), (0.864819, 1.039826, -5.233586)
(0.715254, 0.968852, -5.081319), (0.718853, 0.932893, -4.925966), (0.869102, 1.002529, -5.077717)
(0.869102, 1.002529, -5.077717), (1.02329, 1.036643, -5.073944), (1.018757, 1.074389, -5.229913)
(0.869102, 1.002529, -5.077717), (0.872959, 0.965305, -4.922354), (1.02329, 1.036643, -5.073944)
(1.02329, 1.036643, -5.073944), (1.177821, 1.070243, -5.070081), (1.173011, 1.108533, -5.226158)
(1.02329, 1.036643, -5.073944), (1.027434, 0.998283, -4.918526), (1.177821, 1.070243, -5.070081)
(1.177821, 1.070243, -5.070081), (1.332668, 1.102561, -5.066226), (1.327558, 1.141536, -5.22241)
(1.177821, 1.070243, -5.070081), (1.182278, 1.030836, -4.914599), (1.332668, 1.102561, -5.066226)
(1.332668, 1.102561, -5.066226), (1.487792, 1.133236, -5.062411), (1.482354, 1.173115, -5.218689)
(1.332668, 1.102561, -5.066226), (1.337467, 1.061957, -4.9107), (1.487792, 1.133236, -5.062411)
(0.718853, 0.932893, -4.925966), (0.72202, 0.897554, -4.77103), (0.872959, 0.965305, -4.922354)
(0.718853, 0.932893, -4.925966), (0.872959, 0.965305, -4.922354), (0.869102, 1.002529, -5.077717)
(0.872959, 0.965305, -4.922354), (1.027434, 0.998283, -4.918526), (1.02329, 1.036643, -5.073944)
(0.872959, 0.965305, -4.922354), (0.876383, 0.928148, -4.767484), (1.027434, 0.998283, -4.918526)
(1.027434, 0.998283, -4.918526), (1.031146, 0.959415, -4.76369), (1.182278, 1.030836, -4.914599)
(1.027434, 0.998283, -4.918526), (1.182278, 1.030836, -4.914599), (1.177821, 1.070243, -5.070081)
(1.182278, 1.030836, -4.914599), (1.337467, 1.061957, -4.9107), (1.332668, 1.102561, -5.066226)
(1.182278, 1.030836, -4.914599), (1.186311, 0.990316, -4.75979), (1.337467, 1.061957, -4.9107)
(1.337467, 1.061957, -4.9107), (1.341862, 1.019906, -4.755882), (1.49297, 1.091355, -4.90683)
(1.337467, 1.061957, -4.9107), (1.49297, 1.091355, -4.90683), (1.487792, 1.133236, -5.062411)
(0.72202, 0.897554, -4.77103), (0.876383, 0.928148, -4.767484), (0.872959, 0.965305, -4.922354)
(0.72202, 0.897554, -4.77103), (0.724831, 0.862914, -4.616568), (0.876383, 0.928148, -4.767484)
(0.876383, 0.928148, -4.767484), (1.031146, 0.959415, -4.76369), (1.027434, 0.998283, -4.918526)
(0.876383, 0.928148, -4.767484), (0.879439, 0.890758, -4.61318), (1.031146, 0.959415, -4.76369)
(1.031146, 0.959415, -4.76369), (1.186311, 0.990316, -4.75979), (1.182278, 1.030836, -4.914599)
(1.031146, 0.959415, -4.76369), (1.034478, 0.919501, -4.609552), (1.186311, 0.990316, -4.75979)
(1.186311, 0.990316, -4.75979), (1.341862, 1.019906, -4.755882), (1.337467, 1.061957, -4.9107)
(1.186311, 0.990316, -4.75979), (1.189947, 0.948134, -4.605768), (1.341862, 1.019906, -4.755882)
(1.341862, 1.019906, -4.755882), (1.497764, 1.047611, -4.75203), (1.49297, 1.091355, -4.90683)
(1.341862, 1.019906, -4.755882), (1.345841, 0.975767, -4.601929), (1.497764, 1.047611, -4.75203)
# 1.7025325833133367, 0, -5.042071750019998
(1.476848, 1.210893, -5.375532), (1.631568, 1.241465, -5.372012), (1.62606, 1.276591, -5.529525)
(1.476848, 1.210893, -5.375532), (1.482354, 1.173115, -5.218689), (1.631568, 1.241465, -5.372012)
(1.631568, 1.241465, -5.372012), (1.786429, 1.270247, -5.368618), (1.780755, 1.305741, -5.526275)
(1.631568, 1.241465, -5.372012), (1.637346, 1.20288, -5.21507), (1.786429, 1.270247, -5.368618)
(1.786429, 1.270247, -5.368618), (1.941373, 1.297307, -5.365355), (1.935584, 1.33303, -5.523177)
(1.786429, 1.270247, -5.368618), (1.792468, 1.23085, -5.21156), (1.941373, 1.297307, -5.365355)
(1.941373, 1.297307, -5.365355), (2.096332, 1.322894, -5.362217), (2.090433, 1.359165, -5.520171)
(1.941373, 1.297307, -5.365355), (1.947653, 1.257032, -5.208184), (2.096332, 1.322894, -5.362217)
(1.482354, 1.173115, -5.218689), (1.487792, 1.133236, -5.062411), (1.637346, 1.20288, -5.21507)
(1.482354, 1.173115, -5.218689), (1.637346, 1.20288, -5.21507), (1.631568, 1.241465, -5.372012)
(1.637346, 1.20288, -5.21507), (1.643129, 1.161947, -5.058699), (1.792468, 1.23085, -5.21156)
(1.637346, 1.20288, -5.21507), (1.792468, 1.23085, -5.21156), (1.786429, 1.270247, -5.368618)
(1.792468, 1.23085, -5.21156), (1.798603, 1.188619, -5.05512), (1.947653, 1.257032, -5.208184)
(1.792468, 1.23085, -5.21156), (1.947653, 1.257032, -5.208184), (1.941373, 1.297307, -5.365355)
(1.947653, 1.257032, -5.208184), (1.954133, 1.213409, -5.051679), (2.102828, 1.28166, -5.204936)
(1.947653, 1.257032, -5.208184), (2.102828, 1.28166, -5.204936), (2.096332, 1.322894, -5.362217)
(1.487792, 1.133236, -5.062411), (1.643129, 1.161947, -5.058699), (1.637346, 1.20288, -5.21507)
(1.487792, 1.133236, -5.062411), (1.49297, 1.091355, -4.90683), (1.643129, 1.161947, -5.058699)
(1.643129, 1.161947, -5.058699), (1.798603, 1.188619, -5.05512), (1.792468, 1.23085, -5.21156)
(1.643129, 1.161947, -5.058699), (1.648719, 1.118663, -4.903062), (1.798603, 1.188619, -5.05512)
(1.798603, 1.188619, -5.05512), (1.954133, 1.213409, -5.051679), (1.947653, 1.257032, -5.208184)
(1.798603, 1.188619, -5.05512), (1.804618, 1.143662, -4.899463), (1.954133, 1.213409, -5.051679)
(1.954133, 1.213409, -5.051679), (2.109634, 1.236466, -5.048389), (2.102828, 1.28166, -5.204936)
(1.954133, 1.213409, -5.051679), (1.960563, 1.166405, -4.896066), (2.109634, 1.236466, -5.048389)
(1.49297, 1.091355, -4.90683), (1.648719, 1.118663, -4.903062), (1.643129, 1.161947, -5.058699)
(1.49297, 1.091355, -4.90683), (1.497764, 1.047611, -4.75203), (1.648719, 1.118663, -4.903062)
(1.648719, 1.118663, -4.903062), (1.653956, 1.073246, -4.748253), (1.804618, 1.143662, -4.899463)
(1.648719, 1.118663, -4.903062), (1.804618, 1.143662, -4.899463), (1.798603, 1.188619, -5.05512)
(1.804618, 1.143662, -4.899463), (1.810316, 1.096275, -4.744696), (1.960563, 1.166405, -4.896066)
(1.804618, 1.143662, -4.899463), (1.960563, 1.166405, -4.896066), (1.954133, 1.213409, -5.051679)
(1.960563, 1.166405, -4.896066), (1.966732, 1.116899, -4.741356), (2.116484, 1.187523, -4.892774)
(1.960563, 1.166405, -4.896066), (2.116484, 1.187523, -4.892774), (2.109634, 1.236466, -5.048389)
(1.497764, 1.047611, -4.75203), (1.653956, 1.073246, -4.748253), (1.648719, 1.118663, -4.903062)
(1.497764, 1.047611, -4.75203), (1.502128, 1.001625, -4.598135), (1.653956, 1.073246, -4.748253)
(1.653956, 1.073246, -4.748253), (1.810316, 1.096275, -4.744696), (1.804618, 1.143662, -4.899463)
(1.653956, 1.073246, -4.748253), (1.658725, 1.025069, -4.594498), (1.810316, 1.096275, -4.744696)
(1.810316, 1.096275, -4.744696), (1.966732, 1.116899, -4.741356), (1.960563, 1.166405, -4.896066)
(1.810316, 1.096275, -4.744696), (1.815537, 1.046198, -4.591005), (1.966732, 1.116899, -4.741356)
(1.966732, 1.116899, -4.741356), (2.123125, 1.135804, -4.738125), (2.116484, 1.187523, -4.892774)
(1.966732, 1.116899, -4.741356), (1.972419, 1.064743, -4.587762), (2.123125, 1.135804, -4.738125)
# 2.37030281664667, 0, -5.042071750019998
(2.096332, 1.322894, -5.362217), (2.251239, 1.347496, -5.359157), (2.245294, 1.384134, -5.517269)
(2.096332, 1.322894, -5.362217), (2.102828, 1.28166, -5.204936), (2.251239, 1.347496, -5.359157)
(2.251239, 1.347496, -5.359157), (2.406108, 1.370958, -5.356209), (2.400141, 1.408143, -5.514464)
(2.251239, 1.347496, -5.359157), (2.257941, 1.304908, -5.201818), (2.406108, 1.370958, -5.356209)
(2.406108, 1.370958, -5.356209), (2.560917, 1.393723, -5.353327), (2.554998, 1.431233, -5.51176)
(2.406108, 1.370958, -5.356209), (2.412949, 1.327352, -5.19876), (2.560917, 1.393723, -5.353327)
(2.560917, 1.393723, -5.353327), (2.71565, 1.41622, -5.350474), (2.70982, 1.454075, -5.509086)
(2.560917, 1.393723, -5.353327), (2.567828, 1.349301, -5.195736), (2.71565, 1.41622, -5.350474)
(2.102828, 1.28166, -5.204936), (2.109634, 1.236466, -5.048389), (2.257941, 1.304908, -5.201818)
(2.102828, 1.28166, -5.204936), (2.257941, 1.304908, -5.201818), (2.251239, 1.347496, -5.359157)
(2.257941, 1.304908, -5.201818), (2.265041, 1.258197, -5.045209), (2.412949, 1.327352, -5.19876)
(2.257941, 1.304908, -5.201818), (2.412949, 1.327352, -5.19876), (2.406108, 1.370958, -5.356209)
(2.412949, 1.327352, -5.19876), (2.420297, 1.279082, -5.042094), (2.567828, 1.349301, -5.195736)
(2.412949, 1.327352, -5.19876), (2.567828, 1.349301, -5.195736), (2.560917, 1.393723, -5.353327)
(2.567828, 1.349301, -5.195736), (2.575361, 1.299682, -5.038973), (2.722558, 1.371165, -5.192713)
(2.567828, 1.349301, -5.195736), (2.722558, 1.371165, -5.192713), (2.71565, 1.41622, -5.350474)
(2.109634, 1.236466, -5.048389), (2.265041, 1.258197, -5.045209), (2.257941, 1.304908, -5.201818)
(2.109634, 1.236466, -5.048389), (2.116484, 1.187523, -4.892774), (2.265041, 1.258197, -5.045209)
(2.265041, 1.258197, -5.045209), (2.420297, 1.279082, -5.042094), (2.412949, 1.327352, -5.19876)
(2.265041, 1.258197, -5.045209), (2.272298, 1.207402, -4.889558), (2.420297, 1.279082, -5.042094)
(2.420297, 1.279082, -5.042094), (2.575361, 1.299682, -5.038973), (2.567828, 1.349301, -5.195736)
(2.420297, 1.279082, -5.042094), (2.427915, 1.226377, -4.886415), (2.575361, 1.299682, -5.038973)
(2.575361, 1.299682, -5.038973), (2.730211, 1.320275, -5.035844), (2.722558, 1.371165, -5.192713)
(2.575361, 1.299682, -5.038973), (2.583272, 1.244962, -4.883301), (2.730211, 1.320275, -5.035844)
(2.116484, 1.187523, -4.892774), (2.272298, 1.207402, -4.889558), (2.265041, 1.258197, -5.045209)
(2.116484, 1.187523, -4.892774), (2.123125, 1.135804, -4.738125), (2.272298, 1.207402, -4.889558)
(2.272298, 1.207402, -4.889558), (2.279411, 1.153485, -4.734941), (2.427915, 1.226377, -4.886415)
(2.272298, 1.207402, -4.889558), (2.427915, 1.226377, -4.886415), (2.420297, 1.279082, -5.042094)
(2.427915, 1.226377, -4.886415), (2.435459, 1.170197, -4.73184), (2.583272, 1.244962, -4.883301)
(2.427915, 1.226377, -4.886415), (2.583272, 1.244962, -4.883301), (2.575361, 1.299682, -5.038973)
(2.583272, 1.244962, -4.883301), (2.591211, 1.186647, -4.728723), (2.73836, 1.263897, -4.880093)
(2.583272, 1.244962, -4.883301), (2.73836, 1.263897, -4.880093), (2.730211, 1.320275, -5.035844)
(2.123125, 1.135804, -4.738125), (2.279411, 1.153485, -4.734941), (2.272298, 1.207402, -4.889558)
(2.123125, 1.135804, -4.738125), (2.129307, 1.081582, -4.584598), (2.279411, 1.153485, -4.734941)
(2.279411, 1.153485, -4.734941), (2.435459, 1.170197, -4.73184), (2.427915, 1.226377, -4.886415)
(2.279411, 1.153485, -4.734941), (2.286038, 1.096899, -4.581559), (2.435459, 1.170197, -4.73184)
(2.435459, 1.170197, -4.73184), (2.591211, 1.186647, -4.728723), (2.583272, 1.244962, -4.883301)
(2.435459, 1.170197, -4.73184), (2.442558, 1.11141, -4.578515), (2.591211, 1.186647, -4.728723)
(2.591211, 1.186647, -4.728723), (2.746627, 1.203555, -4.725486), (2.73836, 1.263897, -4.880093)
(2.591211, 1.186647, -4.728723), (2.598776, 1.125696, -4.575403), (2.746627, 1.203555, -4.725486)
# 3.038073049980004, 0, -5.042071750019998
(2.71565, 1.41622, -5.350474), (2.87027, 1.439068, -5.347585), (2.864642, 1.476758, -5.506444)
(2.71565, 1.41622, -5.350474), (2.722558, 1.371165, -5.192713), (2.87027, 1.439068, -5.347585)
(2.87027, 1.439068, -5.347585), (3.024907, 1.461836, -5.344719), (3.019526, 1.499299, -5.503839)
(2.87027, 1.439068, -5.347585), (2.877167, 1.393125, -5.189686), (3.024907, 1.461836, -5.344719)
(3.024907, 1.461836, -5.344719), (3.179602, 1.484718, -5.341861), (3.174596, 1.521379, -5.501309)
(3.024907, 1.461836, -5.344719), (3.031654, 1.415725, -5.186579), (3.179602, 1.484718, -5.341861)
(3.179602, 1.484718, -5.341861), (3.334333, 1.508073, -5.338994), (3.329733, 1.543883, -5.498785)
(3.179602, 1.484718, -5.341861), (3.186064, 1.439044, -5.1834), (3.334333, 1.508073, -5.338994)
(3.334333, 1.508073, -5.338994), (3.489081, 1.532121, -5.336117), (3.484998, 1.566573, -5.496313)
(3.334333, 1.508073, -5.338994), (3.340419, 1.463163, -5.18017), (3.489081, 1.532121, -5.336117)
(2.722558, 1.371165, -5.192713), (2.730211, 1.320275, -5.035844), (2.877167, 1.393125, -5.189686)
(2.722558, 1.371165, -5.192713), (2.877167, 1.393125, -5.189686), (2.87027, 1.439068, -5.347585)
(2.877167, 1.393125, -5.189686), (2.884852, 1.341317, -5.032651), (3.031654, 1.415725, -5.186579)
(2.877167, 1.393125, -5.189686), (3.031654, 1.415725, -5.186579), (3.024907, 1.461836, -5.344719)
(3.031654, 1.415725, -5.186579), (3.039297, 1.363198, -5.029352), (3.186064, 1.439044, -5.1834)
(3.031654, 1.415725, -5.186579), (3.186064, 1.439044, -5.1834), (3.179602, 1.484718, -5.341861)
(3.186064, 1.439044, -5.1834), (3.19355, 1.386338, -5.025893), (3.340419, 1.463163, -5.18017)
(3.186064, 1.439044, -5.1834), (3.340419, 1.463163, -5.18017), (3.334333, 1.508073, -5.338994)
(3.340419, 1.463163, -5.18017), (3.347676, 1.410505, -5.022356), (3.494787, 1.487843, -5.17695)
(3.340419, 1.463163, -5.18017), (3.494787, 1.487843, -5.17695), (3.489081, 1.532121, -5.336117)
(2.730211, 1.320275, -5.035844), (2.884852, 1.341317, -5.032651), (2.877167, 1.393125, -5.189686)
(2.730211, 1.320275, -5.035844), (2.73836, 1.263897, -4.880093), (2.884852, 1.341317, -5.032651)
(2.884852, 1.341317, -5.032651), (3.039297, 1.363198, -5.029352), (3.031654, 1.415725, -5.186579)
(2.884852, 1.341317, -5.032651), (2.893159, 1.283624, -4.876748), (3.039297, 1.363198, -5.029352)
(3.039297, 1.363198, -5.029352), (3.19355, 1.386338, -5.025893), (3.186064, 1.439044, -5.1834)
(3.039297, 1.363198, -5.029352), (3.047671, 1.304432, -4.873264), (3.19355, 1.386338, -5.025893)
(3.19355, 1.386338, -5.025893), (3.347676, 1.410505, -5.022356), (3.340419, 1.463163, -5.18017)
(3.19355, 1.386338, -5.025893), (3.201925, 1.326515, -4.869646), (3.347676, 1.410505, -5.022356)
(3.347676, 1.410505, -5.022356), (3.501707, 1.435714, -5.018757), (3.494787, 1.487843, -5.17695)
(3.347676, 1.410505, -5.022356), (3.355949, 1.350248, -4.865815), (3.501707, 1.435714, -5.018757)
(2.73836, 1.263897, -4.880093), (2.893159, 1.283624, -4.876748), (2.884852, 1.341317, -5.032651)
(2.73836, 1.263897, -4.880093), (2.746627, 1.203555, -4.725486), (2.893159, 1.283624, -4.876748)
(2.893159, 1.283624, -4.876748), (2.901697, 1.221478, -4.72205), (3.047671, 1.304432, -4.873264)
(2.893159, 1.283624, -4.876748), (3.047671, 1.304432, -4.873264), (3.039297, 1.363198, -5.029352)
(3.047671, 1.304432, -4.873264), (3.056391, 1.240726, -4.718435), (3.201925, 1.326515, -4.869646)
(3.047671, 1.304432, -4.873264), (3.201925, 1.326515, -4.869646), (3.19355, 1.386338, -5.025893)
(3.201925, 1.326515, -4.869646), (3.210735, 1.261635, -4.714612), (3.355949, 1.350248, -4.865815)
(3.201925, 1.326515, -4.869646), (3.355949, 1.350248, -4.865815), (3.347676, 1.410505, -5.022356)
(3.355949, 1.350248, -4.865815), (3.509758, 1.375614, -4.861816), (3.501707, 1.435714, -5.018757)
(3.355949, 1.350248, -4.865815), (3.364783, 1.284409, -4.710527), (3.509758, 1.375614, -4.861816)
(2.746627, 1.203555, -4.725486), (2.901697, 1.221478, -4.72205), (2.893159, 1.283624, -4.876748)
(2.746627, 1.203555, -4.725486), (2.754616, 1.140454, -4.572145), (2.901697, 1.221478, -4.72205)
(2.901697, 1.221478, -4.72205), (3.056391, 1.240726, -4.718435), (3.047671, 1.304432, -4.873264)
(2.901697, 1.221478, -4.72205), (2.910007, 1.156314, -4.568693), (3.056391, 1.240726, -4.718435)
(3.056391, 1.240726, -4.718435), (3.210735, 1.261635, -4.714612), (3.201925, 1.326515, -4.869646)
(3.056391, 1.240726, -4.718435), (3.065003, 1.173725, -4.564952), (3.210735, 1.261635, -4.714612)
(3.210735, 1.261635, -4.714612), (3.364783, 1.284409, -4.710527), (3.355949, 1.350248, -4.865815)
(3.210735, 1.261635, -4.714612), (3.219556, 1.193051, -4.560959), (3.364783, 1.284409, -4.710527)
(3.364783, 1.284409, -4.710527), (3.518548, 1.309111, -4.706205), (3.509758, 1.375614, -4.861816)
(3.364783, 1.284409, -4.710527), (3.373771, 1.214435, -4.55662), (3.518548, 1.309111, -4.706205)
# 3.705843283313337, 0, -5.042071750019998
(3.489081, 1.532121, -5.336117), (3.643954, 1.556172, -5.333335), (3.640411, 1.589241, -5.493944)
(3.489081, 1.532121, -5.336117), (3.494787, 1.487843, -5.17695), (3.643954, 1.556172, -5.333335)
(3.643954, 1.556172, -5.333335), (3.798917, 1.580126, -5.330694), (3.796007, 1.61138, -5.491766)
(3.643954, 1.556172, -5.333335), (3.649131, 1.513256, -5.173728), (3.798917, 1.580126, -5.330694)
(3.798917, 1.580126, -5.330694), (3.95385, 1.604183, -5.328203), (3.951633, 1.63337, -5.489767)
(3.798917, 1.580126, -5.330694), (3.803517, 1.538709, -5.17064), (3.95385, 1.604183, -5.328203)
(3.95385, 1.604183, -5.328203), (4.108634, 1.628478, -5.325876), (4.107261, 1.654716, -5.488029)
(3.95385, 1.604183, -5.328203), (3.957774, 1.564747, -5.167641), (4.108634, 1.628478, -5.325876)
(3.494787, 1.487843, -5.17695), (3.501707, 1.435714, -5.018757), (3.649131, 1.513256, -5.173728)
(3.494787, 1.487843, -5.17695), (3.649131, 1.513256, -5.173728), (3.643954, 1.556172, -5.333335)
(3.649131, 1.513256, -5.173728), (3.655641, 1.46194, -5.015129), (3.803517, 1.538709, -5.17064)
(3.649131, 1.513256, -5.173728), (3.803517, 1.538709, -5.17064), (3.798917, 1.580126, -5.330694)
(3.803517, 1.538709, -5.17064), (3.809494, 1.488787, -5.011567), (3.957774, 1.564747, -5.167641)
(3.803517, 1.538709, -5.17064), (3.957774, 1.564747, -5.167641), (3.95385, 1.604183, -5.328203)
(3.957774, 1.564747, -5.167641), (3.963176, 1.516336, -5.008089), (4.111917, 1.590571, -5.164872)
(3.957774, 1.564747, -5.167641), (4.111917, 1.590571, -5.164872), (4.108634, 1.628478, -5.325876)
(3.501707, 1.435714, -5.018757), (3.655641, 1.46194, -5.015129), (3.649131, 1.513256, -5.173728)
(3.501707, 1.435714, -5.018757), (3.509758, 1.375614, -4.861816), (3.655641, 1.46194, -5.015129)
(3.655641, 1.46194, -5.015129), (3.809494, 1.488787, -5.011567), (3.803517, 1.538709, -5.17064)
(3.655641, 1.46194, -5.015129), (3.663385, 1.402294, -4.85776), (3.809494, 1.488787, -5.011567)
(3.809494, 1.488787, -5.011567), (3.963176, 1.516336, -5.008089), (3.957774, 1.564747, -5.167641)
(3.809494, 1.488787, -5.011567), (3.816839, 1.429918, -4.853757), (3.963176, 1.516336, -5.008089)
(3.963176, 1.516336, -5.008089), (4.116642, 1.544191, -5.004783), (4.111917, 1.590571, -5.164872)
(3.963176, 1.516336, -5.008089), (3.970035, 1.458645, -4.84979), (4.116642, 1.544191, -5.004783)
(3.509758, 1.375614, -4.861816), (3.518548, 1.309111, -4.706205), (3.663385, 1.402294, -4.85776)
(3.509758, 1.375614, -4.861816), (3.663385, 1.402294, -4.85776), (3.655641, 1.46194, -5.015129)
(3.663385, 1.402294, -4.85776), (3.816839, 1.429918, -4.853757), (3.809494, 1.488787, -5.011567)
(3.663385, 1.402294, -4.85776), (3.672038, 1.33551, -4.701768), (3.816839, 1.429918, -4.853757)
(3.816839, 1.429918, -4.853757), (3.825242, 1.36341, -4.697299), (3.970035, 1.458645, -4.84979)
(3.816839, 1.429918, -4.853757), (3.970035, 1.458645, -4.84979), (3.963176, 1.516336, -5.008089)
(3.970035, 1.458645, -4.84979), (4.122918, 1.488143, -4.845953), (4.116642, 1.544191, -5.004783)
(3.970035, 1.458645, -4.84979), (3.9781, 1.392713, -4.692859), (4.122918, 1.488143, -4.845953)
# 4.373613516646671, 0, -5.042071750019998
(4.108634, 1.628478, -5.325876), (4.263339, 1.651725, -5.323882), (4.26286, 1.674646, -5.486644)
(4.108634, 1.628478, -5.325876), (4.111917, 1.590571, -5.164872), (4.263339, 1.651725, -5.323882)
(4.263339, 1.651725, -5.323882), (4.417869, 1.673629, -5.322251), (4.418384, 1.692252, -5.485687)
(4.263339, 1.651725, -5.323882), (4.265788, 1.616523, -5.162297), (4.417869, 1.673629, -5.322251)
(4.417869, 1.673629, -5.322251), (4.57212, 1.694019, -5.32098), (4.573607, 1.707999, -5.485063)
(4.417869, 1.673629, -5.322251), (4.419339, 1.642154, -5.159978), (4.57212, 1.694019, -5.32098)
(4.57212, 1.694019, -5.32098), (4.726021, 1.712618, -5.320041), (4.72844, 1.721651, -5.484727)
(4.57212, 1.694019, -5.32098), (4.572533, 1.666952, -5.157978), (4.726021, 1.712618, -5.320041)
(4.111917, 1.590571, -5.164872), (4.116642, 1.544191, -5.004783), (4.265788, 1.616523, -5.162297)
(4.111917, 1.590571, -5.164872), (4.265788, 1.616523, -5.162297), (4.263339, 1.651725, -5.323882)
(4.265788, 1.616523, -5.162297), (4.269794, 1.572235, -5.001686), (4.419339, 1.642154, -5.159978)
(4.265788, 1.616523, -5.162297), (4.419339, 1.642154, -5.159978), (4.417869, 1.673629, -5.322251)
(4.419339, 1.642154, -5.159978), (4.422483, 1.600839, -4.998741), (4.572533, 1.666952, -5.157978)
(4.419339, 1.642154, -5.159978), (4.572533, 1.666952, -5.157978), (4.57212, 1.694019, -5.32098)
(4.572533, 1.666952, -5.157978), (4.57476, 1.628835, -4.996114), (4.725392, 1.690065, -5.156362)
(4.572533, 1.666952, -5.157978), (4.725392, 1.690065, -5.156362), (4.726021, 1.712618, -5.320041)
(4.116642, 1.544191, -5.004783), (4.269794, 1.572235, -5.001686), (4.265788, 1.616523, -5.162297)
(4.116642, 1.544191, -5.004783), (4.122918, 1.488143, -4.845953), (4.269794, 1.572235, -5.001686)
(4.269794, 1.572235, -5.001686), (4.422483, 1.600839, -4.998741), (4.419339, 1.642154, -5.159978)
(4.269794, 1.572235, -5.001686), (4.275402, 1.518198, -4.842304), (4.422483, 1.600839, -4.998741)
(4.422483, 1.600839, -4.998741), (4.57476, 1.628835, -4.996114), (4.572533, 1.666952, -5.157978)
(4.422483, 1.600839, -4.998741), (4.427453, 1.548187, -4.838949), (4.57476, 1.628835, -4.996114)
(4.57476, 1.628835, -4.996114), (4.726585, 1.655985, -4.993798), (4.725392, 1.690065, -5.156362)
(4.57476, 1.628835, -4.996114), (4.578907, 1.578857, -4.835733), (4.726585, 1.655985, -4.993798)
(4.122918, 1.488143, -4.845953), (4.130541, 1.4233, -4.688498), (4.275402, 1.518198, -4.842304)
(4.122918, 1.488143, -4.845953), (4.275402, 1.518198, -4.842304), (4.269794, 1.572235, -5.001686)
(4.275402, 1.518198, -4.842304), (4.282496, 1.454745, -4.684338), (4.427453, 1.548187, -4.838949)
(4.275402, 1.518198, -4.842304), (4.427453, 1.548187, -4.838949), (4.422483, 1.600839, -4.998741)
(4.427453, 1.548187, -4.838949), (4.43389, 1.486834, -4.68041), (4.578907, 1.578857, -4.835733)
(4.427453, 1.548187, -4.838949), (4.578907, 1.578857, -4.835733), (4.57476, 1.628835, -4.996114)
(4.578907, 1.578857, -4.835733), (4.729728, 1.609995, -4.832665), (4.726585, 1.655985, -4.993798)
(4.578907, 1.578857, -4.835733), (4.584641, 1.519626, -4.676666), (4.729728, 1.609995, -4.832665)
# 5.041383749980003, 0, -5.042071750019998
(4.726021, 1.712618, -5.320041), (4.879538, 1.729063, -5.319399), (4.882814, 1.733334, -5.484611)
(4.726021, 1.712618, -5.320041), (4.725392, 1.690065, -5.156362), (4.879538, 1.729063, -5.319399)
(4.879538, 1.729063, -5.319399), (5.03262, 1.743539, -5.318965), (5.036712, 1.743108, -5.484652)
(4.879538, 1.729063, -5.319399), (4.877832, 1.711765, -5.155025), (5.03262, 1.743539, -5.318965)
(5.03262, 1.743539, -5.318965), (5.185274, 1.756351, -5.318677), (5.190127, 1.751717, -5.484783)
(5.03262, 1.743539, -5.318965), (5.029879, 1.731638, -5.153951), (5.185274, 1.756351, -5.318677)
(5.185274, 1.756351, -5.318677), (5.337524, 1.768044, -5.318482), (5.343123, 1.759267, -5.484981)
(5.185274, 1.756351, -5.318677), (5.181561, 1.749618, -5.153101), (5.337524, 1.768044, -5.318482)
(5.337524, 1.768044, -5.318482), (5.489473, 1.778377, -5.318379), (5.495786, 1.765935, -5.485243)
(5.337524, 1.768044, -5.318482), (5.332932, 1.765781, -5.15243), (5.489473, 1.778377, -5.318379)
(4.725392, 1.690065, -5.156362), (4.726585, 1.655985, -4.993798), (4.877832, 1.711765, -5.155025)
(4.725392, 1.690065, -5.156362), (4.877832, 1.711765, -5.155025), (4.879538, 1.729063, -5.319399)
(4.877832, 1.711765, -5.155025), (4.877928, 1.682291, -4.991741), (5.029879, 1.731638, -5.153951)
(4.877832, 1.711765, -5.155025), (5.029879, 1.731638, -5.153951), (5.03262, 1.743539, -5.318965)
(5.029879, 1.731638, -5.153951), (5.02883, 1.707432, -4.989938), (5.181561, 1.749618, -5.153101)
(5.029879, 1.731638, -5.153951), (5.181561, 1.749618, -5.153101), (5.185274, 1.756351, -5.318677)
(5.181561, 1.749618, -5.153101), (5.179407, 1.730721, -4.988429), (5.332932, 1.765781, -5.15243)
(5.181561, 1.749618, -5.153101), (5.332932, 1.765781, -5.15243), (5.337524, 1.768044, -5.318482)
(5.332932, 1.765781, -5.15243), (5.329697, 1.752342, -4.987136), (5.484005, 1.780795, -5.151859)
(5.332932, 1.765781, -5.15243), (5.484005, 1.780795, -5.151859), (5.489473, 1.778377, -5.318379)
(4.726585, 1.655985, -4.993798), (4.877928, 1.682291, -4.991741), (4.877832, 1.711765, -5.155025)
(4.726585, 1.655985, -4.993798), (4.729728, 1.609995, -4.832665), (4.877928, 1.682291, -4.991741)
(4.877928, 1.682291, -4.991741), (5.02883, 1.707432, -4.989938), (5.029879, 1.731638, -5.153951)
(4.877928, 1.682291, -4.991741), (4.880003, 1.640618, -4.829858), (5.02883, 1.707432, -4.989938)
(5.02883, 1.707432, -4.989938), (5.179407, 1.730721, -4.988429), (5.181561, 1.749618, -5.153101)
(5.02883, 1.707432, -4.989938), (5.029876, 1.669659, -4.827429), (5.179407, 1.730721, -4.988429)
(5.179407, 1.730721, -4.988429), (5.329697, 1.752342, -4.987136), (5.332932, 1.765781, -5.15243)
(5.179407, 1.730721, -4.988429), (5.179266, 1.698265, -4.825155), (5.329697, 1.752342, -4.987136)
(5.329697, 1.752342, -4.987136), (5.479764, 1.77248, -4.986017), (5.484005, 1.780795, -5.151859)
(5.329697, 1.752342, -4.987136), (5.32834, 1.725684, -4.823107), (5.479764, 1.77248, -4.986017)
(4.729728, 1.609995, -4.832665), (4.73467, 1.553355, -4.673028), (4.880003, 1.640618, -4.829858)
(4.729728, 1.609995, -4.832665), (4.880003, 1.640618, -4.829858), (4.877928, 1.682291, -4.991741)
(4.880003, 1.640618, -4.829858), (4.884073, 1.586956, -4.669649), (5.029876, 1.669659, -4.827429)
(4.880003, 1.640618, -4.829858), (5.029876, 1.669659, -4.827429), (5.02883, 1.707432, -4.989938)
(5.029876, 1.669659, -4.827429), (5.032893, 1.620308, -4.666486), (5.179266, 1.698265, -4.825155)
(5.029876, 1.669659, -4.827429), (5.179266, 1.698265, -4.825155), (5.179407, 1.730721, -4.988429)
(5.179266, 1.698265, -4.825155), (5.32834, 1.725684, -4.823107), (5.329697, 1.752342, -4.987136)
(5.179266, 1.698265, -4.825155), (5.181201, 1.653377, -4.663516), (5.32834, 1.725684, -4.823107)
(5.32834, 1.725684, -4.823107), (5.329105, 1.685967, -4.660724), (5.477273, 1.751338, -4.821338)
(5.32834, 1.725684, -4.823107), (5.477273, 1.751338, -4.821338), (5.479764, 1.77248, -4.986017)
# 5.709153983313337, 0, -5.042071750019998
(5.944318, 1.805451, -5.31854), (6.095958, 1.813397, -5.318838), (6.104995, 1.787592, -5.487179)
(5.944318, 1.805451, -5.31854), (5.936425, 1.820351, -5.150738), (6.095958, 1.813397, -5.318838)
(5.792777, 1.796762, -5.318393), (5.944318, 1.805451, -5.31854), (5.952704, 1.78267, -5.486506)
(5.792777, 1.796762, -5.318393), (5.785637, 1.808016, -5.150995), (5.944318, 1.805451, -5.31854)
(5.489473, 1.778377, -5.318379), (5.641193, 1.787815, -5.318346), (5.648211, 1.771675, -5.485575)
(5.489473, 1.778377, -5.318379), (5.484005, 1.780795, -5.151859), (5.641193, 1.787815, -5.318346)
(5.641193, 1.787815, -5.318346), (5.792777, 1.796762, -5.318393), (5.800481, 1.777329, -5.485985)
(5.641193, 1.787815, -5.318346), (5.634872, 1.794806, -5.15138), (5.792777, 1.796762, -5.318393)
(5.484005, 1.780795, -5.151859), (5.479764, 1.77248, -4.986017), (5.634872, 1.794806, -5.15138)
(5.484005, 1.780795, -5.151859), (5.634872, 1.794806, -5.15138), (5.641193, 1.787815, -5.318346)
(5.634872, 1.794806, -5.15138), (5.629644, 1.791667, -4.985008), (5.785637, 1.808016, -5.150995)
(5.634872, 1.794806, -5.15138), (5.785637, 1.808016, -5.150995), (5.792777, 1.796762, -5.318393)
(5.785637, 1.808016, -5.150995), (5.779486, 1.809634, -4.984139), (5.936425, 1.820351, -5.150738)
(5.785637, 1.808016, -5.150995), (5.936425, 1.820351, -5.150738), (5.944318, 1.805451, -5.31854)
(5.936425, 1.820351, -5.150738), (5.929363, 1.826705, -4.983395), (6.087285, 1.832323, -5.150598)
(5.936425, 1.820351, -5.150738), (6.087285, 1.832323, -5.150598), (6.095958, 1.813397, -5.318838)
(5.479764, 1.77248, -4.986017), (5.629644, 1.791667, -4.985008), (5.634872, 1.794806, -5.15138)
(5.479764, 1.77248, -4.986017), (5.477273, 1.751338, -4.821338), (5.629644, 1.791667, -4.985008)
(5.629644, 1.791667, -4.985008), (5.779486, 1.809634, -4.984139), (5.785637, 1.808016, -5.150995)
(5.629644, 1.791667, -4.985008), (5.626161, 1.775334, -4.819809), (5.779486, 1.809634, -4.984139)
(5.779486, 1.809634, -4.984139), (5.929363, 1.826705, -4.983395), (5.936425, 1.820351, -5.150738)
(5.779486, 1.809634, -4.984139), (5.774971, 1.79862, -4.818382), (5.929363, 1.826705, -4.983395)
(5.929363, 1.826705, -4.983395), (6.079357, 1.843127, -4.982778), (6.087285, 1.832323, -5.150598)
(5.929363, 1.826705, -4.983395), (5.9238, 1.821257, -4.817059), (6.079357, 1.843127, -4.982778)
(5.477273, 1.751338, -4.821338), (5.476919, 1.716707, -4.658302), (5.626161, 1.775334, -4.819809)
(5.477273, 1.751338, -4.821338), (5.626161, 1.775334, -4.819809), (5.629644, 1.791667, -4.985008)
(5.626161, 1.775334, -4.819809), (5.624713, 1.745971, -4.656163), (5.774971, 1.79862, -4.818382)
(5.626161, 1.775334, -4.819809), (5.774971, 1.79862, -4.818382), (5.779486, 1.809634, -4.984139)
(5.774971, 1.79862, -4.818382), (5.9238, 1.821257, -4.817059), (5.929363, 1.826705, -4.983395)
(5.774971, 1.79862, -4.818382), (5.772468, 1.774502, -4.654158), (5.9238, 1.821257, -4.817059)
(5.9238, 1.821257, -4.817059), (5.920265, 1.802438, -4.652265), (6.072811, 1.842883, -4.815898)
(5.9238, 1.821257, -4.817059), (6.072811, 1.842883, -4.815898), (6.079357, 1.843127, -4.982778)
# 6.376924216646669, 0, -5.042071750019998
(6.398746, 2.285157, -5.36373), (6.377477, 2.285157, -5.309159), (6.468894, 2.290423, -5.273667)
(6.398746, 2.285157, -5.36373), (6.306834, 2.279872, -5.399127), (6.377477, 2.285157, -5.309159)
(6.499681, 2.280896, -5.349896), (6.490498, 2.290423, -5.328107), (6.581448, 2.295594, -5.291343)
(6.499681, 2.280896, -5.349896), (6.407802, 2.27563, -5.385575), (6.490498, 2.290423, -5.328107)
(6.285886, 2.279872, -5.344434), (6.351283, 1.476988, -5.395469), (6.442754, 1.482249, -5.359971)
(6.285886, 2.279872, -5.344434), (6.193887, 2.27452, -5.379346), (6.351283, 1.476988, -5.395469)
(6.490498, 2.290423, -5.328107), (6.468894, 2.290423, -5.273667), (6.559443, 2.295594, -5.237063)
(6.490498, 2.290423, -5.328107), (6.398746, 2.285157, -5.36373), (6.468894, 2.290423, -5.273667)
(6.705439, 1.840368, -5.322355), (6.859124, 1.845211, -5.324147), (6.871039, 1.805182, -5.494452)
(6.705439, 1.840368, -5.322355), (6.693949, 1.873553, -5.152332), (6.859124, 1.845211, -5.324147)
(6.552407, 1.834569, -5.32101), (6.705439, 1.840368, -5.322355), (6.716847, 1.803024, -5.49227)
(6.552407, 1.834569, -5.32101), (6.541609, 1.864146, -5.151457), (6.705439, 1.840368, -5.322355)
(6.399915, 1.827839, -5.32003), (6.552407, 1.834569, -5.32101), (6.563269, 1.799948, -5.490527)
(6.399915, 1.827839, -5.32003), (6.389777, 1.854167, -5.150909), (6.552407, 1.834569, -5.32101)
(6.247802, 1.820753, -5.319325), (6.399915, 1.827839, -5.32003), (6.410184, 1.796183, -5.489145)
(6.247802, 1.820753, -5.319325), (6.238401, 1.843316, -5.150661), (6.399915, 1.827839, -5.32003)
(6.095958, 1.813397, -5.318838), (6.247802, 1.820753, -5.319325), (6.257465, 1.791981, -5.488048)
(6.095958, 1.813397, -5.318838), (6.087285, 1.832323, -5.150598), (6.247802, 1.820753, -5.319325)
(6.590787, 2.286066, -5.313066), (6.581448, 2.295594, -5.291343), (6.6724, 2.300764, -5.254594)
(6.590787, 2.286066, -5.313066), (6.499681, 2.280896, -5.349896), (6.581448, 2.295594, -5.291343)
(6.377477, 2.285157, -5.309159), (6.442754, 1.482249, -5.359971), (6.534084, 1.487493, -5.324235)
(6.377477, 2.285157, -5.309159), (6.285886, 2.279872, -5.344434), (6.442754, 1.482249, -5.359971)
(6.581448, 2.295594, -5.291343), (6.559443, 2.295594, -5.237063), (6.649998, 2.300764, -5.200479)
(6.581448, 2.295594, -5.291343), (6.490498, 2.290423, -5.328107), (6.559443, 2.295594, -5.237063)
(6.681896, 2.291236, -5.276252), (6.6724, 2.300764, -5.254594), (6.762703, 2.30588, -5.216702)
(6.681896, 2.291236, -5.276252), (6.590787, 2.286066, -5.313066), (6.6724, 2.300764, -5.254594)
(6.468894, 2.290423, -5.273667), (6.534084, 1.487493, -5.324235), (6.624715, 1.492647, -5.287269)
(6.468894, 2.290423, -5.273667), (6.377477, 2.285157, -5.309159), (6.534084, 1.487493, -5.324235)
(6.6724, 2.300764, -5.254594), (6.649998, 2.300764, -5.200479), (6.739868, 2.30588, -5.162768)
(6.6724, 2.300764, -5.254594), (6.581448, 2.295594, -5.291343), (6.649998, 2.300764, -5.200479)
(6.559443, 2.295594, -5.237063), (6.624715, 1.492647, -5.287269), (6.715347, 1.497802, -5.250321)
(6.559443, 2.295594, -5.237063), (6.468894, 2.290423, -5.273667), (6.624715, 1.492647, -5.287269)
(6.649998, 2.300764, -5.200479), (6.715347, 1.497802, -5.250321), (6.805367, 1.502904, -5.212192)
(6.649998, 2.300764, -5.200479), (6.559443, 2.295594, -5.237063), (6.715347, 1.497802, -5.250321)
(6.693949, 1.873553, -5.152332), (6.68279, 1.901047, -4.982538), (6.846961, 1.881945, -5.153644)
(6.693949, 1.873553, -5.152332), (6.846961, 1.881945, -5.153644), (6.859124, 1.845211, -5.324147)
(6.541609, 1.864146, -5.151457), (6.531208, 1.887744, -4.982159), (6.693949, 1.873553, -5.152332)
(6.541609, 1.864146, -5.151457), (6.693949, 1.873553, -5.152332), (6.705439, 1.840368, -5.322355)
(6.389777, 1.854167, -5.150909), (6.380186, 1.873583, -4.982119), (6.541609, 1.864146, -5.151457)
(6.389777, 1.854167, -5.150909), (6.541609, 1.864146, -5.151457), (6.552407, 1.834569, -5.32101)
(6.238401, 1.843316, -5.150661), (6.229622, 1.85858, -4.982356), (6.389777, 1.854167, -5.150909)
(6.238401, 1.843316, -5.150661), (6.389777, 1.854167, -5.150909), (6.399915, 1.827839, -5.32003)
(6.087285, 1.832323, -5.150598), (6.079357, 1.843127, -4.982778), (6.238401, 1.843316, -5.150661)
(6.087285, 1.832323, -5.150598), (6.238401, 1.843316, -5.150661), (6.247802, 1.820753, -5.319325)
(6.079357, 1.843127, -4.982778), (6.229622, 1.85858, -4.982356), (6.238401, 1.843316, -5.150661)
(6.079357, 1.843127, -4.982778), (6.072811, 1.842883, -4.815898), (6.229622, 1.85858, -4.982356)
(6.68279, 1.901047, -4.982538), (6.835019, 1.913517, -4.983312), (6.846961, 1.881945, -5.153644)
(6.68279, 1.901047, -4.982538), (6.672704, 1.919609, -4.813568), (6.835019, 1.913517, -4.983312)
(6.229622, 1.85858, -4.982356), (6.380186, 1.873583, -4.982119), (6.389777, 1.854167, -5.150909)
(6.229622, 1.85858, -4.982356), (6.222174, 1.863131, -4.814978), (6.380186, 1.873583, -4.982119)
(6.531208, 1.887744, -4.982159), (6.68279, 1.901047, -4.982538), (6.693949, 1.873553, -5.152332)
(6.531208, 1.887744, -4.982159), (6.521948, 1.901919, -4.813704), (6.68279, 1.901047, -4.982538)
(6.380186, 1.873583, -4.982119), (6.531208, 1.887744, -4.982159), (6.541609, 1.864146, -5.151457)
(6.380186, 1.873583, -4.982119), (6.371828, 1.882973, -4.814211), (6.531208, 1.887744, -4.982159)
(6.072811, 1.842883, -4.815898), (6.222174, 1.863131, -4.814978), (6.229622, 1.85858, -4.982356)
(6.072811, 1.842883, -4.815898), (6.068299, 1.829197, -4.650576), (6.222174, 1.863131, -4.814978)
(6.222174, 1.863131, -4.814978), (6.216669, 1.854813, -4.649098), (6.371828, 1.882973, -4.814211)
(6.222174, 1.863131, -4.814978), (6.371828, 1.882973, -4.814211), (6.380186, 1.873583, -4.982119)
(6.371828, 1.882973, -4.814211), (6.521948, 1.901919, -4.813704), (6.531208, 1.887744, -4.982159)
(6.371828, 1.882973, -4.814211), (6.365424, 1.879528, -4.647835), (6.521948, 1.901919, -4.813704)
(6.521948, 1.901919, -4.813704), (6.514623, 1.903507, -4.646791), (6.672704, 1.919609, -4.813568)
(6.521948, 1.901919, -4.813704), (6.672704, 1.919609, -4.813568), (6.68279, 1.901047, -4.982538)
(6.672704, 1.919609, -4.813568), (6.664562, 1.925715, -4.646187), (6.824329, 1.935349, -4.813979)
(6.672704, 1.919609, -4.813568), (6.824329, 1.935349, -4.813979), (6.835019, 1.913517, -4.983312)
# 7.044694449980003, 0, -5.042071750019998
(7.156024, 2.321061, -5.373582), (7.247352, 2.326071, -5.331927), (7.257986, 2.316542, -5.35369)
(7.156024, 2.321061, -5.373582), (7.064693, 2.316051, -5.415231), (7.044436, 2.316051, -5.369519)
(7.044436, 2.316051, -5.369519), (7.064693, 2.316051, -5.415231), (6.952572, 2.310966, -5.408866)
(6.932696, 2.310966, -5.362988), (7.024179, 2.316051, -5.323804), (6.952572, 2.310966, -5.408866)
(6.932696, 2.310966, -5.362988), (6.923514, 2.301437, -5.340573), (7.014808, 2.306523, -5.301471)
(6.932696, 2.310966, -5.362988), (6.952572, 2.310966, -5.408866), (6.860707, 2.305881, -5.448197)
(6.932696, 2.310966, -5.362988), (6.841214, 2.305881, -5.402152), (6.923514, 2.301437, -5.340573)
(7.257986, 2.316542, -5.35369), (7.247352, 2.326071, -5.331927), (7.34924, 2.321531, -5.311358)
(7.257986, 2.316542, -5.35369), (7.34924, 2.321531, -5.311358), (7.415159, 2.321531, -5.450013)
(6.923514, 2.301437, -5.340573), (6.862485, 2.301437, -5.199698), (6.952607, 2.306523, -5.161109)
(6.923514, 2.301437, -5.340573), (6.832222, 2.296352, -5.379663), (6.862485, 2.301437, -5.199698)
(7.325724, 1.850954, -5.333359), (7.483659, 1.848697, -5.338113), (7.496683, 1.801902, -5.509446)
(7.325724, 1.850954, -5.333359), (7.311981, 1.896214, -5.161633), (7.483659, 1.848697, -5.338113)
(7.247352, 2.326071, -5.331927), (7.338416, 2.331059, -5.289691), (7.34924, 2.321531, -5.311358)
(7.247352, 2.326071, -5.331927), (7.156024, 2.321061, -5.373582), (7.135363, 2.321061, -5.328052)
(7.169093, 1.850943, -5.329524), (7.325724, 1.850954, -5.333359), (7.338662, 1.805043, -5.504563)
(7.169093, 1.850943, -5.329524), (7.155839, 1.893481, -5.158187), (7.325724, 1.850954, -5.333359)
(7.135363, 2.321061, -5.328052), (7.156024, 2.321061, -5.373582), (7.044436, 2.316051, -5.369519)
(7.013626, 1.84883, -5.326501), (7.169093, 1.850943, -5.329524), (7.181799, 1.806535, -5.500496)
(7.013626, 1.84883, -5.326501), (7.000853, 1.888784, -5.15554), (7.169093, 1.850943, -5.329524)
(6.859124, 1.845211, -5.324147), (7.013626, 1.84883, -5.326501), (7.025978, 1.806471, -5.497162)
(6.859124, 1.845211, -5.324147), (6.846961, 1.881945, -5.153644), (7.013626, 1.84883, -5.326501)
(7.024179, 2.316051, -5.323804), (7.114701, 2.321061, -5.282519), (7.044436, 2.316051, -5.369519)
(7.024179, 2.316051, -5.323804), (7.014808, 2.306523, -5.301471), (7.10513, 2.311532, -5.26027)
(7.024179, 2.316051, -5.323804), (7.044436, 2.316051, -5.369519), (6.952572, 2.310966, -5.408866)
(7.024179, 2.316051, -5.323804), (6.932696, 2.310966, -5.362988), (7.014808, 2.306523, -5.301471)
(7.34924, 2.321531, -5.311358), (7.338416, 2.331059, -5.289691), (7.439693, 2.326456, -5.267291)
(7.34924, 2.321531, -5.311358), (7.439693, 2.326456, -5.267291), (7.506867, 2.326456, -5.405341)
(7.014808, 2.306523, -5.301471), (6.952607, 2.306523, -5.161109), (7.041687, 2.311532, -5.120465)
(7.014808, 2.306523, -5.301471), (6.923514, 2.301437, -5.340573), (6.952607, 2.306523, -5.161109)
(7.338416, 2.331059, -5.289691), (7.428675, 2.335984, -5.245721), (7.439693, 2.326456, -5.267291)
(7.338416, 2.331059, -5.289691), (7.247352, 2.326071, -5.331927), (7.226288, 2.326071, -5.286582)
(7.226288, 2.326071, -5.286582), (7.247352, 2.326071, -5.331927), (7.135363, 2.321061, -5.328052)
(7.114701, 2.321061, -5.282519), (7.205224, 2.326071, -5.241235), (7.135363, 2.321061, -5.328052)
(7.114701, 2.321061, -5.282519), (7.10513, 2.311532, -5.26027), (7.195453, 2.316542, -5.219071)
(7.114701, 2.321061, -5.282519), (7.135363, 2.321061, -5.328052), (7.044436, 2.316051, -5.369519)
(7.114701, 2.321061, -5.282519), (7.024179, 2.316051, -5.323804), (7.10513, 2.311532, -5.26027)
(7.10513, 2.311532, -5.26027), (7.041687, 2.311532, -5.120465), (7.130774, 2.316542, -5.079835)
(7.10513, 2.311532, -5.26027), (7.014808, 2.306523, -5.301471), (7.041687, 2.311532, -5.120465)
(7.316947, 2.331059, -5.244534), (7.338416, 2.331059, -5.289691), (7.226288, 2.326071, -5.286582)
(7.205224, 2.326071, -5.241235), (7.29548, 2.331059, -5.199378), (7.226288, 2.326071, -5.286582)
(7.205224, 2.326071, -5.241235), (7.195453, 2.316542, -5.219071), (7.285509, 2.321531, -5.177304)
(7.205224, 2.326071, -5.241235), (7.226288, 2.326071, -5.286582), (7.135363, 2.321061, -5.328052)
(7.205224, 2.326071, -5.241235), (7.114701, 2.321061, -5.282519), (7.195453, 2.316542, -5.219071)
(6.772368, 2.296352, -5.238284), (6.762703, 2.30588, -5.216702), (6.852643, 2.310966, -5.178199)
(6.772368, 2.296352, -5.238284), (6.681896, 2.291236, -5.276252), (6.762703, 2.30588, -5.216702)
(7.195453, 2.316542, -5.219071), (7.130774, 2.316542, -5.079835), (7.21959, 2.32153, -5.038651)
(7.195453, 2.316542, -5.219071), (7.10513, 2.311532, -5.26027), (7.130774, 2.316542, -5.079835)
(6.762703, 2.30588, -5.216702), (6.739868, 2.30588, -5.162768), (6.82936, 2.310965, -5.124454)
(6.762703, 2.30588, -5.216702), (6.6724, 2.300764, -5.254594), (6.739868, 2.30588, -5.162768)
(6.862485, 2.301437, -5.199698), (6.852643, 2.310966, -5.178199), (6.942589, 2.316051, -5.139691)
(6.862485, 2.301437, -5.199698), (6.772368, 2.296352, -5.238284), (6.852643, 2.310966, -5.178199)
(7.29548, 2.331059, -5.199378), (7.38492, 2.335984, -5.155801), (7.316947, 2.331059, -5.244534)
(7.29548, 2.331059, -5.199378), (7.285509, 2.321531, -5.177304), (7.374746, 2.326455, -5.133821)
(7.29548, 2.331059, -5.199378), (7.316947, 2.331059, -5.244534), (7.226288, 2.326071, -5.286582)
(7.29548, 2.331059, -5.199378), (7.205224, 2.326071, -5.241235), (7.285509, 2.321531, -5.177304)
(6.852643, 2.310966, -5.178199), (6.82936, 2.310965, -5.124454), (6.91886, 2.316051, -5.086143)
(6.852643, 2.310966, -5.178199), (6.762703, 2.30588, -5.216702), (6.82936, 2.310965, -5.124454)
(7.285509, 2.321531, -5.177304), (7.21959, 2.32153, -5.038651), (7.307571, 2.326455, -4.99577)
(7.285509, 2.321531, -5.177304), (7.195453, 2.316542, -5.219071), (7.21959, 2.32153, -5.038651)
(6.739868, 2.30588, -5.162768), (6.805367, 1.502904, -5.212192), (6.895046, 1.507976, -5.173429)
(6.739868, 2.30588, -5.162768), (6.649998, 2.300764, -5.200479), (6.805367, 1.502904, -5.212192)
(7.311981, 1.896214, -5.161633), (7.298062, 1.938143, -4.989875), (7.469515, 1.896274, -5.166058)
(7.311981, 1.896214, -5.161633), (7.469515, 1.896274, -5.166058), (7.483659, 1.848697, -5.338113)
(6.952607, 2.306523, -5.161109), (6.942589, 2.316051, -5.139691), (7.031483, 2.32106, -5.099133)
(6.952607, 2.306523, -5.161109), (6.862485, 2.301437, -5.199698), (6.942589, 2.316051, -5.139691)
(7.155839, 1.893481, -5.158187), (7.142516, 1.93226, -4.986864), (7.311981, 1.896214, -5.161633)
(7.155839, 1.893481, -5.158187), (7.311981, 1.896214, -5.161633), (7.325724, 1.850954, -5.333359)
(7.000853, 1.888784, -5.15554), (6.988214, 1.923984, -4.984715), (7.155839, 1.893481, -5.158187)
(7.000853, 1.888784, -5.15554), (7.155839, 1.893481, -5.158187), (7.169093, 1.850943, -5.329524)
(6.846961, 1.881945, -5.153644), (6.835019, 1.913517, -4.983312), (7.000853, 1.888784, -5.15554)
(6.846961, 1.881945, -5.153644), (7.000853, 1.888784, -5.15554), (7.013626, 1.84883, -5.326501)
(6.942589, 2.316051, -5.139691), (6.91886, 2.316051, -5.086143), (7.007279, 2.32106, -5.045798)
(6.942589, 2.316051, -5.139691), (6.852643, 2.310966, -5.178199), (6.91886, 2.316051, -5.086143)
(7.374746, 2.326455, -5.133821), (7.307571, 2.326455, -4.99577), (7.395566, 2.33138, -4.952909)
(7.374746, 2.326455, -5.133821), (7.285509, 2.321531, -5.177304), (7.307571, 2.326455, -4.99577)
(6.82936, 2.310965, -5.124454), (6.895046, 1.507976, -5.173429), (6.984729, 1.51305, -5.134665)
(6.82936, 2.310965, -5.124454), (6.739868, 2.30588, -5.162768), (6.895046, 1.507976, -5.173429)
(7.041687, 2.311532, -5.120465), (7.031483, 2.32106, -5.099133), (7.120382, 2.32607, -5.058595)
(7.041687, 2.311532, -5.120465), (6.952607, 2.306523, -5.161109), (7.031483, 2.32106, -5.099133)
(7.031483, 2.32106, -5.099133), (7.007279, 2.32106, -5.045798), (7.095707, 2.32607, -5.005475)
(7.031483, 2.32106, -5.099133), (6.942589, 2.316051, -5.139691), (7.007279, 2.32106, -5.045798)
(6.91886, 2.316051, -5.086143), (6.984729, 1.51305, -5.134665), (7.073363, 1.518047, -5.093835)
(6.91886, 2.316051, -5.086143), (6.82936, 2.310965, -5.124454), (6.984729, 1.51305, -5.134665)
(7.130774, 2.316542, -5.079835), (7.120382, 2.32607, -5.058595), (7.209013, 2.331059, -5.017503)
(7.130774, 2.316542, -5.079835), (7.041687, 2.311532, -5.120465), (7.120382, 2.32607, -5.058595)
(7.120382, 2.32607, -5.058595), (7.095707, 2.32607, -5.005475), (7.183866, 2.331059, -4.964606)
(7.120382, 2.32607, -5.058595), (7.031483, 2.32106, -5.099133), (7.095707, 2.32607, -5.005475)
(7.007279, 2.32106, -5.045798), (7.073363, 1.518047, -5.093835), (7.162001, 1.523045, -5.053025)
(7.007279, 2.32106, -5.045798), (6.91886, 2.316051, -5.086143), (7.073363, 1.518047, -5.093835)
(7.21959, 2.32153, -5.038651), (7.209013, 2.331059, -5.017503), (7.296805, 2.335983, -4.974717)
(7.21959, 2.32153, -5.038651), (7.130774, 2.316542, -5.079835), (7.209013, 2.331059, -5.017503)
(7.209013, 2.331059, -5.017503), (7.183866, 2.331059, -4.964606), (7.271178, 2.335983, -4.922051)
(7.209013, 2.331059, -5.017503), (7.120382, 2.32607, -5.058595), (7.183866, 2.331059, -4.964606)
(7.095707, 2.32607, -5.005475), (7.162001, 1.523045, -5.053025), (7.25036, 1.528022, -5.011664)
(7.095707, 2.32607, -5.005475), (7.007279, 2.32106, -5.045798), (7.162001, 1.523045, -5.053025)
(7.307571, 2.326455, -4.99577), (7.296805, 2.335983, -4.974717), (7.384612, 2.340909, -4.931952)
(7.307571, 2.326455, -4.99577), (7.21959, 2.32153, -5.038651), (7.296805, 2.335983, -4.974717)
(7.298062, 1.938143, -4.989875), (7.455017, 1.941274, -4.993878), (7.469515, 1.896274, -5.166058)
(7.298062, 1.938143, -4.989875), (7.284956, 1.972675, -4.818912), (7.455017, 1.941274, -4.993878)
(7.142516, 1.93226, -4.986864), (7.298062, 1.938143, -4.989875), (7.311981, 1.896214, -5.161633)
(7.142516, 1.93226, -4.986864), (7.130126, 1.963012, -4.81638), (7.298062, 1.938143, -4.989875)
(6.988214, 1.923984, -4.984715), (7.142516, 1.93226, -4.986864), (7.155839, 1.893481, -5.158187)
(6.988214, 1.923984, -4.984715), (6.976722, 1.950079, -4.81485), (7.142516, 1.93226, -4.986864)
(6.835019, 1.913517, -4.983312), (6.988214, 1.923984, -4.984715), (7.000853, 1.888784, -5.15554)
(6.835019, 1.913517, -4.983312), (6.824329, 1.935349, -4.813979), (6.988214, 1.923984, -4.984715)
(7.296805, 2.335983, -4.974717), (7.271178, 2.335983, -4.922051), (7.358507, 2.340909, -4.879519)
(7.296805, 2.335983, -4.974717), (7.209013, 2.331059, -5.017503), (7.271178, 2.335983, -4.922051)
(7.183866, 2.331059, -4.964606), (7.25036, 1.528022, -5.011664), (7.337852, 1.532933, -4.968625)
(7.183866, 2.331059, -4.964606), (7.095707, 2.32607, -5.005475), (7.25036, 1.528022, -5.011664)
(7.271178, 2.335983, -4.922051), (7.337852, 1.532933, -4.968625), (7.425357, 1.537845, -4.925605)
(7.271178, 2.335983, -4.922051), (7.183866, 2.331059, -4.964606), (7.337852, 1.532933, -4.968625)
(7.358507, 2.340909, -4.879519), (7.425357, 1.537845, -4.925605), (7.512403, 1.542714, -4.881722)
(7.358507, 2.340909, -4.879519), (7.271178, 2.335983, -4.922051), (7.425357, 1.537845, -4.925605)
(7.284956, 1.972675, -4.818912), (7.273824, 1.995273, -4.649775), (7.441568, 1.977898, -4.822765)
(7.284956, 1.972675, -4.818912), (7.441568, 1.977898, -4.822765), (7.455017, 1.941274, -4.993878)
(7.130126, 1.963012, -4.81638), (7.119647, 1.981993, -4.647602), (7.284956, 1.972675, -4.818912)
(7.130126, 1.963012, -4.81638), (7.284956, 1.972675, -4.818912), (7.298062, 1.938143, -4.989875)
(6.976722, 1.950079, -4.81485), (7.130126, 1.963012, -4.81638), (7.142516, 1.93226, -4.986864)
(6.976722, 1.950079, -4.81485), (6.967021, 1.964846, -4.646549), (7.130126, 1.963012, -4.81638)
(6.824329, 1.935349, -4.813979), (6.815368, 1.946005, -4.646113), (6.976722, 1.950079, -4.81485)
(6.824329, 1.935349, -4.813979), (6.976722, 1.950079, -4.81485), (6.988214, 1.923984, -4.984715)
# 7.712464683313336, 0, -5.042071750019998
(7.644778, 1.576845, -5.370597), (7.637411, 2.34091, -5.4397), (7.73587, 1.581715, -5.324698)
(7.598574, 2.331381, -5.36065), (7.530148, 2.33138, -5.223214), (7.689828, 2.336265, -5.315042)
(7.598574, 2.331381, -5.36065), (7.689828, 2.336265, -5.315042), (7.700144, 2.345794, -5.33632)
(7.966554, 1.826926, -5.358735), (8.130033, 1.81801, -5.367192), (8.139626, 1.784894, -5.536132)
(7.966554, 1.826926, -5.358735), (7.952574, 1.875016, -5.186818), (8.130033, 1.81801, -5.367192)
(7.804091, 1.83624, -5.350842), (7.966554, 1.826926, -5.358735), (7.977886, 1.786332, -5.528956)
(7.804091, 1.83624, -5.350842), (7.78981, 1.885351, -5.178675), (7.966554, 1.826926, -5.358735)
(7.8206, 2.35061, -5.346244), (7.79084, 2.35061, -5.289096), (7.911808, 2.355426, -5.298728)
(7.8206, 2.35061, -5.346244), (7.911808, 2.355426, -5.298728), (7.91646, 1.591316, -5.22989)
(7.64308, 1.843813, -5.343921), (7.804091, 1.83624, -5.350842), (7.81641, 1.791638, -5.521764)
(7.64308, 1.843813, -5.343921), (7.628731, 1.892791, -5.171694), (7.804091, 1.83624, -5.350842)
(7.483659, 1.848697, -5.338113), (7.64308, 1.843813, -5.343921), (7.655939, 1.797264, -5.515192)
(7.483659, 1.848697, -5.338113), (7.469515, 1.896274, -5.166058), (7.64308, 1.843813, -5.343921)
(7.700144, 2.345794, -5.33632), (7.689828, 2.336265, -5.315042), (7.79084, 2.35061, -5.289096)
(7.700144, 2.345794, -5.33632), (7.79084, 2.35061, -5.289096), (7.8206, 2.35061, -5.346244)
(7.73587, 1.581715, -5.324698), (7.729384, 2.345794, -5.393735), (7.826168, 1.586516, -5.277305)
(7.689828, 2.336265, -5.315042), (7.620156, 2.336264, -5.178235), (7.780327, 2.341081, -5.267917)
(7.689828, 2.336265, -5.315042), (7.780327, 2.341081, -5.267917), (7.79084, 2.35061, -5.289096)
(7.911808, 2.355426, -5.298728), (7.881529, 2.355426, -5.241849), (8.0025, 2.360186, -5.250276)
(7.911808, 2.355426, -5.298728), (8.0025, 2.360186, -5.250276), (8.006212, 1.596059, -5.181573)
(7.79084, 2.35061, -5.289096), (7.780327, 2.341081, -5.267917), (7.881529, 2.355426, -5.241849)
(7.79084, 2.35061, -5.289096), (7.881529, 2.355426, -5.241849), (7.911808, 2.355426, -5.298728)
(7.826168, 1.586516, -5.277305), (7.8206, 2.35061, -5.346244), (7.91646, 1.591316, -5.22989)
(7.780327, 2.341081, -5.267917), (7.709416, 2.34108, -5.131747), (7.870821, 2.345896, -5.220771)
(7.780327, 2.341081, -5.267917), (7.870821, 2.345896, -5.220771), (7.881529, 2.355426, -5.241849)
(7.439693, 2.326456, -5.267291), (7.428675, 2.335984, -5.245721), (7.530148, 2.33138, -5.223214)
(7.439693, 2.326456, -5.267291), (7.530148, 2.33138, -5.223214), (7.598574, 2.331381, -5.36065)
(8.0025, 2.360186, -5.250276), (7.971709, 2.360186, -5.193677), (8.092358, 2.364857, -5.200284)
(8.0025, 2.360186, -5.250276), (8.092358, 2.364857, -5.200284), (8.09509, 1.600711, -5.131757)
(7.428675, 2.335984, -5.245721), (7.518937, 2.340909, -5.201745), (7.530148, 2.33138, -5.223214)
(7.428675, 2.335984, -5.245721), (7.338416, 2.331059, -5.289691), (7.316947, 2.331059, -5.244534)
(7.881529, 2.355426, -5.241849), (7.870821, 2.345896, -5.220771), (7.971709, 2.360186, -5.193677)
(7.881529, 2.355426, -5.241849), (7.971709, 2.360186, -5.193677), (8.0025, 2.360186, -5.250276)
(7.91646, 1.591316, -5.22989), (7.911808, 2.355426, -5.298728), (8.006212, 1.596059, -5.181573)
(7.530148, 2.33138, -5.223214), (7.518937, 2.340909, -5.201745), (7.620156, 2.336264, -5.178235)
(7.530148, 2.33138, -5.223214), (7.620156, 2.336264, -5.178235), (7.689828, 2.336265, -5.315042)
(7.870821, 2.345896, -5.220771), (7.798677, 2.345895, -5.085248), (7.960807, 2.350657, -5.172692)
(7.870821, 2.345896, -5.220771), (7.960807, 2.350657, -5.172692), (7.971709, 2.360186, -5.193677)
(7.518937, 2.340909, -5.201745), (7.608755, 2.345793, -5.156867), (7.620156, 2.336264, -5.178235)
(7.518937, 2.340909, -5.201745), (7.428675, 2.335984, -5.245721), (7.406797, 2.335984, -5.200761)
(7.406797, 2.335984, -5.200761), (7.428675, 2.335984, -5.245721), (7.316947, 2.331059, -5.244534)
(7.971709, 2.360186, -5.193677), (7.960807, 2.350657, -5.172692), (8.061063, 2.364857, -5.143964)
(7.971709, 2.360186, -5.193677), (8.061063, 2.364857, -5.143964), (8.092358, 2.364857, -5.200284)
(7.952574, 1.875016, -5.186818), (7.937436, 1.923914, -5.014399), (8.116861, 1.86266, -5.195934)
(7.952574, 1.875016, -5.186818), (8.116861, 1.86266, -5.195934), (8.130033, 1.81801, -5.367192)
(8.006212, 1.596059, -5.181573), (8.0025, 2.360186, -5.250276), (8.09509, 1.600711, -5.131757)
(7.78981, 1.885351, -5.178675), (7.774686, 1.933951, -5.006142), (7.952574, 1.875016, -5.186818)
(7.78981, 1.885351, -5.178675), (7.952574, 1.875016, -5.186818), (7.966554, 1.826926, -5.358735)
(7.620156, 2.336264, -5.178235), (7.608755, 2.345793, -5.156867), (7.709416, 2.34108, -5.131747)
(7.620156, 2.336264, -5.178235), (7.709416, 2.34108, -5.131747), (7.780327, 2.341081, -5.267917)
(7.960807, 2.350657, -5.172692), (7.887442, 2.350656, -5.037829), (8.04997, 2.355327, -5.12308)
(7.960807, 2.350657, -5.172692), (8.04997, 2.355327, -5.12308), (8.061063, 2.364857, -5.143964)
(7.628731, 1.892791, -5.171694), (7.613854, 1.939917, -4.99927), (7.78981, 1.885351, -5.178675)
(7.628731, 1.892791, -5.171694), (7.78981, 1.885351, -5.178675), (7.804091, 1.83624, -5.350842)
(7.469515, 1.896274, -5.166058), (7.455017, 1.941274, -4.993878), (7.628731, 1.892791, -5.171694)
(7.469515, 1.896274, -5.166058), (7.628731, 1.892791, -5.171694), (7.64308, 1.843813, -5.343921)
(7.496653, 2.340909, -5.156985), (7.518937, 2.340909, -5.201745), (7.406797, 2.335984, -5.200761)
(7.608755, 2.345793, -5.156867), (7.697824, 2.350609, -5.11048), (7.709416, 2.34108, -5.131747)
(7.608755, 2.345793, -5.156867), (7.518937, 2.340909, -5.201745), (7.496653, 2.340909, -5.156985)
(7.38492, 2.335984, -5.155801), (7.474368, 2.340909, -5.112226), (7.406797, 2.335984, -5.200761)
(7.38492, 2.335984, -5.155801), (7.374746, 2.326455, -5.133821), (7.463993, 2.33138, -5.090341)
(7.38492, 2.335984, -5.155801), (7.406797, 2.335984, -5.200761), (7.316947, 2.331059, -5.244534)
(7.38492, 2.335984, -5.155801), (7.29548, 2.331059, -5.199378), (7.374746, 2.326455, -5.133821)
(7.709416, 2.34108, -5.131747), (7.697824, 2.350609, -5.11048), (7.798677, 2.345895, -5.085248)
(7.709416, 2.34108, -5.131747), (7.798677, 2.345895, -5.085248), (7.870821, 2.345896, -5.220771)
(7.586064, 2.345793, -5.112311), (7.608755, 2.345793, -5.156867), (7.496653, 2.340909, -5.156985)
(7.474368, 2.340909, -5.112226), (7.563374, 2.345793, -5.067756), (7.496653, 2.340909, -5.156985)
(7.474368, 2.340909, -5.112226), (7.463993, 2.33138, -5.090341), (7.552796, 2.336264, -5.045966)
(7.474368, 2.340909, -5.112226), (7.496653, 2.340909, -5.156985), (7.406797, 2.335984, -5.200761)
(7.474368, 2.340909, -5.112226), (7.38492, 2.335984, -5.155801), (7.463993, 2.33138, -5.090341)
(7.697824, 2.350609, -5.11048), (7.786896, 2.355425, -5.064088), (7.798677, 2.345895, -5.085248)
(7.697824, 2.350609, -5.11048), (7.608755, 2.345793, -5.156867), (7.586064, 2.345793, -5.112311)
(7.463993, 2.33138, -5.090341), (7.395566, 2.33138, -4.952909), (7.483125, 2.336264, -4.909162)
(7.463993, 2.33138, -5.090341), (7.374746, 2.326455, -5.133821), (7.395566, 2.33138, -4.952909)
(7.798677, 2.345895, -5.085248), (7.786896, 2.355425, -5.064088), (7.887442, 2.350656, -5.037829)
(7.798677, 2.345895, -5.085248), (7.887442, 2.350656, -5.037829), (7.960807, 2.350657, -5.172692)
(7.563374, 2.345793, -5.067756), (7.651636, 2.350609, -5.021787), (7.586064, 2.345793, -5.112311)
(7.563374, 2.345793, -5.067756), (7.552796, 2.336264, -5.045966), (7.640858, 2.341079, -5.000098)
(7.563374, 2.345793, -5.067756), (7.586064, 2.345793, -5.112311), (7.496653, 2.340909, -5.156985)
(7.563374, 2.345793, -5.067756), (7.474368, 2.340909, -5.112226), (7.552796, 2.336264, -5.045966)
(7.67473, 2.350609, -5.066133), (7.697824, 2.350609, -5.11048), (7.586064, 2.345793, -5.112311)
(7.786896, 2.355425, -5.064088), (7.875475, 2.360186, -5.016772), (7.887442, 2.350656, -5.037829)
(7.786896, 2.355425, -5.064088), (7.697824, 2.350609, -5.11048), (7.67473, 2.350609, -5.066133)
(7.552796, 2.336264, -5.045966), (7.483125, 2.336264, -4.909162), (7.569947, 2.341079, -4.863929)
(7.552796, 2.336264, -5.045966), (7.463993, 2.33138, -5.090341), (7.483125, 2.336264, -4.909162)
(7.887442, 2.350656, -5.037829), (7.875475, 2.360186, -5.016772), (7.975402, 2.355326, -4.988877)
(7.887442, 2.350656, -5.037829), (7.975402, 2.355326, -4.988877), (8.04997, 2.355327, -5.12308)
(7.651636, 2.350609, -5.021787), (7.739904, 2.355425, -4.975816), (7.67473, 2.350609, -5.066133)
(7.651636, 2.350609, -5.021787), (7.640858, 2.341079, -5.000098), (7.728926, 2.345895, -4.954225)
(7.651636, 2.350609, -5.021787), (7.67473, 2.350609, -5.066133), (7.586064, 2.345793, -5.112311)
(7.651636, 2.350609, -5.021787), (7.563374, 2.345793, -5.067756), (7.640858, 2.341079, -5.000098)
(7.763401, 2.355425, -5.01995), (7.786896, 2.355425, -5.064088), (7.67473, 2.350609, -5.066133)
(7.875475, 2.360186, -5.016772), (7.963251, 2.364856, -4.967927), (7.975402, 2.355326, -4.988877)
(7.875475, 2.360186, -5.016772), (7.786896, 2.355425, -5.064088), (7.763401, 2.355425, -5.01995)
(7.937436, 1.923914, -5.014399), (8.101933, 1.910642, -5.023834), (8.116861, 1.86266, -5.195934)
(7.937436, 1.923914, -5.014399), (7.92243, 1.968396, -4.842583), (8.101933, 1.910642, -5.023834)
(7.774686, 1.933951, -5.006142), (7.937436, 1.923914, -5.014399), (7.952574, 1.875016, -5.186818)
(7.774686, 1.933951, -5.006142), (7.760039, 1.976677, -4.834377), (7.937436, 1.923914, -5.014399)
(7.640858, 2.341079, -5.000098), (7.569947, 2.341079, -4.863929), (7.656781, 2.345895, -4.818707)
(7.640858, 2.341079, -5.000098), (7.552796, 2.336264, -5.045966), (7.569947, 2.341079, -4.863929)
(7.613854, 1.939917, -4.99927), (7.774686, 1.933951, -5.006142), (7.78981, 1.885351, -5.178675)
(7.613854, 1.939917, -4.99927), (7.599835, 1.979556, -4.827839), (7.774686, 1.933951, -5.006142)
(7.455017, 1.941274, -4.993878), (7.613854, 1.939917, -4.99927), (7.628731, 1.892791, -5.171694)
(7.455017, 1.941274, -4.993878), (7.441568, 1.977898, -4.822765), (7.613854, 1.939917, -4.99927)
(7.975402, 2.355326, -4.988877), (7.963251, 2.364856, -4.967927), (8.063356, 2.359995, -4.939919)
(7.975402, 2.355326, -4.988877), (8.063356, 2.359995, -4.939919), (8.13912, 2.359996, -5.073449)
(7.739904, 2.355425, -4.975816), (7.827688, 2.360185, -4.928931), (7.763401, 2.355425, -5.01995)
(7.739904, 2.355425, -4.975816), (7.728926, 2.345895, -4.954225), (7.816512, 2.350656, -4.907443)
(7.739904, 2.355425, -4.975816), (7.763401, 2.355425, -5.01995), (7.67473, 2.350609, -5.066133)
(7.739904, 2.355425, -4.975816), (7.651636, 2.350609, -5.021787), (7.728926, 2.345895, -4.954225)
(7.851582, 2.360186, -4.972852), (7.875475, 2.360186, -5.016772), (7.763401, 2.355425, -5.01995)
(7.963251, 2.364856, -4.967927), (8.051025, 2.369526, -4.919074), (8.063356, 2.359995, -4.939919)
(7.963251, 2.364856, -4.967927), (7.875475, 2.360186, -5.016772), (7.851582, 2.360186, -4.972852)
(7.728926, 2.345895, -4.954225), (7.656781, 2.345895, -4.818707), (7.743147, 2.350655, -4.77258)
(7.728926, 2.345895, -4.954225), (7.640858, 2.341079, -5.000098), (7.656781, 2.345895, -4.818707)
(7.395566, 2.33138, -4.952909), (7.384612, 2.340909, -4.931952), (7.471984, 2.345793, -4.888303)
(7.395566, 2.33138, -4.952909), (7.307571, 2.326455, -4.99577), (7.384612, 2.340909, -4.931952)
(7.384612, 2.340909, -4.931952), (7.358507, 2.340909, -4.879519), (7.445405, 2.345793, -4.836112)
(7.384612, 2.340909, -4.931952), (7.296805, 2.335983, -4.974717), (7.358507, 2.340909, -4.879519)
(7.827688, 2.360185, -4.928931), (7.914682, 2.364855, -4.880515), (7.851582, 2.360186, -4.972852)
(7.827688, 2.360185, -4.928931), (7.816512, 2.350656, -4.907443), (7.903309, 2.355325, -4.859132)
(7.827688, 2.360185, -4.928931), (7.851582, 2.360186, -4.972852), (7.763401, 2.355425, -5.01995)
(7.827688, 2.360185, -4.928931), (7.739904, 2.355425, -4.975816), (7.816512, 2.350656, -4.907443)
(7.938967, 2.364856, -4.924222), (7.963251, 2.364856, -4.967927), (7.851582, 2.360186, -4.972852)
(7.483125, 2.336264, -4.909162), (7.471984, 2.345793, -4.888303), (7.558621, 2.350608, -4.843171)
(7.483125, 2.336264, -4.909162), (7.395566, 2.33138, -4.952909), (7.471984, 2.345793, -4.888303)
(7.816512, 2.350656, -4.907443), (7.743147, 2.350655, -4.77258), (7.828742, 2.355324, -4.724927)
(7.816512, 2.350656, -4.907443), (7.728926, 2.345895, -4.954225), (7.743147, 2.350655, -4.77258)
(7.471984, 2.345793, -4.888303), (7.445405, 2.345793, -4.836112), (7.531568, 2.350607, -4.791223)
(7.471984, 2.345793, -4.888303), (7.384612, 2.340909, -4.931952), (7.445405, 2.345793, -4.836112)
(7.914682, 2.364855, -4.880515), (8.001676, 2.369525, -4.832099), (7.938967, 2.364856, -4.924222)
(7.914682, 2.364855, -4.880515), (7.903309, 2.355325, -4.859132), (7.990108, 2.359995, -4.810822)
(7.914682, 2.364855, -4.880515), (7.938967, 2.364856, -4.924222), (7.851582, 2.360186, -4.972852)
(7.914682, 2.364855, -4.880515), (7.827688, 2.360185, -4.928931), (7.903309, 2.355325, -4.859132)
(8.02635, 2.369525, -4.875587), (8.051025, 2.369526, -4.919074), (7.938967, 2.364856, -4.924222)
(7.569947, 2.341079, -4.863929), (7.558621, 2.350608, -4.843171), (7.645271, 2.355424, -4.798051)
(7.569947, 2.341079, -4.863929), (7.483125, 2.336264, -4.909162), (7.558621, 2.350608, -4.843171)
(7.903309, 2.355325, -4.859132), (7.828742, 2.355324, -4.724927), (7.914344, 2.359994, -4.677289)
(7.903309, 2.355325, -4.859132), (7.816512, 2.350656, -4.907443), (7.828742, 2.355324, -4.724927)
(7.558621, 2.350608, -4.843171), (7.531568, 2.350607, -4.791223), (7.617748, 2.355424, -4.74635)
(7.558621, 2.350608, -4.843171), (7.471984, 2.345793, -4.888303), (7.531568, 2.350607, -4.791223)
(7.92243, 1.968396, -4.842583), (7.909129, 2.002421, -4.672756), (8.086889, 1.955255, -4.852308)
(7.92243, 1.968396, -4.842583), (8.086889, 1.955255, -4.852308), (8.101933, 1.910642, -5.023834)
(7.445405, 2.345793, -4.836112), (7.512403, 1.542714, -4.881722), (7.598674, 1.547513, -4.836387)
(7.445405, 2.345793, -4.836112), (7.358507, 2.340909, -4.879519), (7.512403, 1.542714, -4.881722)
(7.760039, 1.976677, -4.834377), (7.74715, 2.008669, -4.664531), (7.92243, 1.968396, -4.842583)
(7.760039, 1.976677, -4.834377), (7.92243, 1.968396, -4.842583), (7.937436, 1.923914, -5.014399)
(8.001676, 2.369525, -4.832099), (8.088318, 2.374145, -4.783051), (8.02635, 2.369525, -4.875587)
(8.001676, 2.369525, -4.832099), (7.990108, 2.359995, -4.810822), (8.076555, 2.364614, -4.761878)
(8.001676, 2.369525, -4.832099), (8.02635, 2.369525, -4.875587), (7.938967, 2.364856, -4.924222)
(8.001676, 2.369525, -4.832099), (7.914682, 2.364855, -4.880515), (7.990108, 2.359995, -4.810822)
(7.599835, 1.979556, -4.827839), (7.760039, 1.976677, -4.834377), (7.774686, 1.933951, -5.006142)
(7.599835, 1.979556, -4.827839), (7.587481, 2.008783, -4.658143), (7.760039, 1.976677, -4.834377)
(7.441568, 1.977898, -4.822765), (7.429737, 2.004245, -4.653251), (7.599835, 1.979556, -4.827839)
(7.441568, 1.977898, -4.822765), (7.599835, 1.979556, -4.827839), (7.613854, 1.939917, -4.99927)
(7.656781, 2.345895, -4.818707), (7.645271, 2.355424, -4.798051), (7.731454, 2.360185, -4.752027)
(7.656781, 2.345895, -4.818707), (7.569947, 2.341079, -4.863929), (7.645271, 2.355424, -4.798051)
(7.990108, 2.359995, -4.810822), (7.914344, 2.359994, -4.677289), (7.999609, 2.364614, -4.629025)
(7.990108, 2.359995, -4.810822), (7.903309, 2.355325, -4.859132), (7.914344, 2.359994, -4.677289)
(7.645271, 2.355424, -4.798051), (7.617748, 2.355424, -4.74635), (7.703465, 2.360185, -4.700578)
(7.645271, 2.355424, -4.798051), (7.558621, 2.350608, -4.843171), (7.617748, 2.355424, -4.74635)
(7.531568, 2.350607, -4.791223), (7.598674, 1.547513, -4.836387), (7.684957, 1.552313, -4.791062)
(7.531568, 2.350607, -4.791223), (7.445405, 2.345793, -4.836112), (7.598674, 1.547513, -4.836387)
(7.743147, 2.350655, -4.77258), (7.731454, 2.360185, -4.752027), (7.816871, 2.364854, -4.70448)
(7.743147, 2.350655, -4.77258), (7.656781, 2.345895, -4.818707), (7.731454, 2.360185, -4.752027)
(7.731454, 2.360185, -4.752027), (7.703465, 2.360185, -4.700578), (7.788424, 2.364854, -4.653281)
(7.731454, 2.360185, -4.752027), (7.645271, 2.355424, -4.798051), (7.703465, 2.360185, -4.700578)
(7.617748, 2.355424, -4.74635), (7.684957, 1.552313, -4.791062), (7.770741, 1.557055, -4.744864)
(7.617748, 2.355424, -4.74635), (7.531568, 2.350607, -4.791223), (7.684957, 1.552313, -4.791062)
(7.828742, 2.355324, -4.724927), (7.816871, 2.364854, -4.70448), (7.902295, 2.369524, -4.656945)
(7.828742, 2.355324, -4.724927), (7.743147, 2.350655, -4.77258), (7.816871, 2.364854, -4.70448)
# 8.380234916646671, 0, -5.042071750019998
(8.293842, 1.812411, -5.375595), (8.456759, 1.815048, -5.382896), (8.460545, 1.806775, -5.547464)
(8.293842, 1.812411, -5.375595), (8.282196, 1.850368, -5.205567), (8.456759, 1.815048, -5.382896)
(8.130033, 1.81801, -5.367192), (8.293842, 1.812411, -5.375595), (8.301022, 1.789709, -5.542726)
(8.130033, 1.81801, -5.367192), (8.116861, 1.86266, -5.195934), (8.293842, 1.812411, -5.375595)
(8.611176, 1.845573, -5.22212), (8.600338, 1.875024, -5.053732), (8.772148, 1.862146, -5.226629)
(8.611176, 1.845573, -5.22212), (8.772148, 1.862146, -5.226629), (8.773947, 1.864213, -5.389051)
(8.447378, 1.843115, -5.214669), (8.434389, 1.882011, -5.044463), (8.611176, 1.845573, -5.22212)
(8.447378, 1.843115, -5.214669), (8.611176, 1.845573, -5.22212), (8.616892, 1.832754, -5.387516)
(8.282196, 1.850368, -5.205567), (8.267908, 1.895312, -5.034161), (8.447378, 1.843115, -5.214669)
(8.282196, 1.850368, -5.205567), (8.447378, 1.843115, -5.214669), (8.456759, 1.815048, -5.382896)
(8.092358, 2.364857, -5.200284), (8.061063, 2.364857, -5.143964), (8.182201, 2.369527, -5.15027)
(8.092358, 2.364857, -5.200284), (8.182201, 2.369527, -5.15027), (8.183956, 1.60536, -5.081927)
(8.116861, 1.86266, -5.195934), (8.101933, 1.910642, -5.023834), (8.282196, 1.850368, -5.205567)
(8.116861, 1.86266, -5.195934), (8.282196, 1.850368, -5.205567), (8.293842, 1.812411, -5.375595)
(8.182201, 2.369527, -5.15027), (8.150406, 2.369526, -5.09423), (8.27166, 2.374146, -5.099607)
(8.182201, 2.369527, -5.15027), (8.27166, 2.374146, -5.099607), (8.272419, 1.609959, -5.031476)
(8.061063, 2.364857, -5.143964), (8.04997, 2.355327, -5.12308), (8.150406, 2.369526, -5.09423)
(8.061063, 2.364857, -5.143964), (8.150406, 2.369526, -5.09423), (8.182201, 2.369527, -5.15027)
(8.09509, 1.600711, -5.131757), (8.092358, 2.364857, -5.200284), (8.183956, 1.60536, -5.081927)
(8.04997, 2.355327, -5.12308), (7.975402, 2.355326, -4.988877), (8.13912, 2.359996, -5.073449)
(8.04997, 2.355327, -5.12308), (8.13912, 2.359996, -5.073449), (8.150406, 2.369526, -5.09423)
(8.27166, 2.374146, -5.099607), (8.239367, 2.374146, -5.043851), (8.360048, 2.378623, -5.047132)
(8.27166, 2.374146, -5.099607), (8.360048, 2.378623, -5.047132), (8.35976, 1.614412, -4.979266)
(8.150406, 2.369526, -5.09423), (8.13912, 2.359996, -5.073449), (8.239367, 2.374146, -5.043851)
(8.150406, 2.369526, -5.09423), (8.239367, 2.374146, -5.043851), (8.27166, 2.374146, -5.099607)
(8.183956, 1.60536, -5.081927), (8.182201, 2.369527, -5.15027), (8.272419, 1.609959, -5.031476)
(8.13912, 2.359996, -5.073449), (8.063356, 2.359995, -4.939919), (8.227894, 2.364615, -5.023175)
(8.13912, 2.359996, -5.073449), (8.227894, 2.364615, -5.023175), (8.239367, 2.374146, -5.043851)
(8.600338, 1.875024, -5.053732), (8.764651, 1.878307, -5.060863), (8.772148, 1.862146, -5.226629)
(8.600338, 1.875024, -5.053732), (8.586234, 1.913419, -4.883872), (8.764651, 1.878307, -5.060863)
(8.360048, 2.378623, -5.047132), (8.327271, 2.378623, -4.991656), (8.448421, 2.383099, -4.994636)
(8.360048, 2.378623, -5.047132), (8.448421, 2.383099, -4.994636), (8.447088, 1.618864, -4.927049)
(8.434389, 1.882011, -5.044463), (8.600338, 1.875024, -5.053732), (8.611176, 1.845573, -5.22212)
(8.434389, 1.882011, -5.044463), (8.419414, 1.925077, -4.873621), (8.600338, 1.875024, -5.053732)
(8.239367, 2.374146, -5.043851), (8.227894, 2.364615, -5.023175), (8.327271, 2.378623, -4.991656)
(8.239367, 2.374146, -5.043851), (8.327271, 2.378623, -4.991656), (8.360048, 2.378623, -5.047132)
(8.267908, 1.895312, -5.034161), (8.434389, 1.882011, -5.044463), (8.447378, 1.843115, -5.214669)
(8.267908, 1.895312, -5.034161), (8.25271, 1.940136, -4.86283), (8.434389, 1.882011, -5.044463)
(8.272419, 1.609959, -5.031476), (8.27166, 2.374146, -5.099607), (8.35976, 1.614412, -4.979266)
(8.101933, 1.910642, -5.023834), (8.267908, 1.895312, -5.034161), (8.282196, 1.850368, -5.205567)
(8.101933, 1.910642, -5.023834), (8.086889, 1.955255, -4.852308), (8.267908, 1.895312, -5.034161)
(8.227894, 2.364615, -5.023175), (8.150948, 2.364614, -4.890323), (8.315613, 2.369092, -4.971086)
(8.227894, 2.364615, -5.023175), (8.315613, 2.369092, -4.971086), (8.327271, 2.378623, -4.991656)
(8.448421, 2.383099, -4.994636), (8.415162, 2.383098, -4.93945), (8.536745, 2.387566, -4.942048)
(8.448421, 2.383099, -4.994636), (8.536745, 2.387566, -4.942048), (8.534368, 1.623308, -4.874753)
(8.327271, 2.378623, -4.991656), (8.315613, 2.369092, -4.971086), (8.415162, 2.383098, -4.93945)
(8.327271, 2.378623, -4.991656), (8.415162, 2.383098, -4.93945), (8.448421, 2.383099, -4.994636)
(8.35976, 1.614412, -4.979266), (8.360048, 2.378623, -5.047132), (8.447088, 1.618864, -4.927049)
(8.315613, 2.369092, -4.971086), (8.237514, 2.369091, -4.83891), (8.40332, 2.373567, -4.918983)
(8.315613, 2.369092, -4.971086), (8.40332, 2.373567, -4.918983), (8.415162, 2.383098, -4.93945)
(8.536745, 2.387566, -4.942048), (8.503008, 2.387566, -4.887153), (8.623578, 2.391793, -4.887122)
(8.536745, 2.387566, -4.942048), (8.623578, 2.391793, -4.887122), (8.620081, 1.627506, -4.820203)
(8.063356, 2.359995, -4.939919), (8.051025, 2.369526, -4.919074), (8.150948, 2.364614, -4.890323)
(8.063356, 2.359995, -4.939919), (8.150948, 2.364614, -4.890323), (8.227894, 2.364615, -5.023175)
(8.415162, 2.383098, -4.93945), (8.40332, 2.373567, -4.918983), (8.503008, 2.387566, -4.887153)
(8.415162, 2.383098, -4.93945), (8.503008, 2.387566, -4.887153), (8.536745, 2.387566, -4.942048)
(8.447088, 1.618864, -4.927049), (8.448421, 2.383099, -4.994636), (8.534368, 1.623308, -4.874753)
(8.051025, 2.369526, -4.919074), (8.138435, 2.374145, -4.869584), (8.150948, 2.364614, -4.890323)
(8.051025, 2.369526, -4.919074), (7.963251, 2.364856, -4.967927), (7.938967, 2.364856, -4.924222)
(8.40332, 2.373567, -4.918983), (8.324072, 2.373566, -4.787492), (8.490982, 2.378035, -4.866797)
(8.40332, 2.373567, -4.918983), (8.490982, 2.378035, -4.866797), (8.503008, 2.387566, -4.887153)
(8.150948, 2.364614, -4.890323), (8.138435, 2.374145, -4.869584), (8.237514, 2.369091, -4.83891)
(8.150948, 2.364614, -4.890323), (8.237514, 2.369091, -4.83891), (8.315613, 2.369092, -4.971086)
(8.503008, 2.387566, -4.887153), (8.490982, 2.378035, -4.866797), (8.589378, 2.391792, -4.832517)
(8.503008, 2.387566, -4.887153), (8.589378, 2.391792, -4.832517), (8.623578, 2.391793, -4.887122)
(8.623578, 2.391793, -4.887122), (8.589378, 2.391792, -4.832517), (8.7104, 2.396018, -4.832181)
(8.623578, 2.391793, -4.887122), (8.7104, 2.396018, -4.832181), (8.705788, 1.631703, -4.765643)
(8.586234, 1.913419, -4.883872), (8.752324, 1.908724, -4.892609), (8.764651, 1.878307, -5.060863)
(8.586234, 1.913419, -4.883872), (8.571518, 1.951099, -4.714504), (8.752324, 1.908724, -4.892609)
(8.534368, 1.623308, -4.874753), (8.536745, 2.387566, -4.942048), (8.620081, 1.627506, -4.820203)
(8.419414, 1.925077, -4.873621), (8.404743, 1.963648, -4.703906), (8.586234, 1.913419, -4.883872)
(8.419414, 1.925077, -4.873621), (8.586234, 1.913419, -4.883872), (8.600338, 1.875024, -5.053732)
(8.138435, 2.374145, -4.869584), (8.224827, 2.378621, -4.818276), (8.237514, 2.369091, -4.83891)
(8.138435, 2.374145, -4.869584), (8.051025, 2.369526, -4.919074), (8.02635, 2.369525, -4.875587)
(8.490982, 2.378035, -4.866797), (8.410595, 2.378034, -4.735999), (8.577175, 2.38226, -4.812263)
(8.490982, 2.378035, -4.866797), (8.577175, 2.38226, -4.812263), (8.589378, 2.391792, -4.832517)
(8.25271, 1.940136, -4.86283), (8.419414, 1.925077, -4.873621), (8.434389, 1.882011, -5.044463)
(8.25271, 1.940136, -4.86283), (8.238475, 1.977696, -4.693049), (8.419414, 1.925077, -4.873621)
(8.086889, 1.955255, -4.852308), (8.073088, 1.99137, -4.682462), (8.25271, 1.940136, -4.86283)
(8.086889, 1.955255, -4.852308), (8.25271, 1.940136, -4.86283), (8.267908, 1.895312, -5.034161)
(8.237514, 2.369091, -4.83891), (8.224827, 2.378621, -4.818276), (8.324072, 2.373566, -4.787492)
(8.237514, 2.369091, -4.83891), (8.324072, 2.373566, -4.787492), (8.40332, 2.373567, -4.918983)
(8.589378, 2.391792, -4.832517), (8.577175, 2.38226, -4.812263), (8.675741, 2.396017, -4.777864)
(8.589378, 2.391792, -4.832517), (8.675741, 2.396017, -4.777864), (8.7104, 2.396018, -4.832181)
(8.7104, 2.396018, -4.832181), (8.675741, 2.396017, -4.777864), (8.797212, 2.400239, -4.777209)
(8.7104, 2.396018, -4.832181), (8.797212, 2.400239, -4.777209), (8.791487, 1.635899, -4.711068)
(8.113377, 2.374145, -4.826318), (8.138435, 2.374145, -4.869584), (8.02635, 2.369525, -4.875587)
(8.620081, 1.627506, -4.820203), (8.623578, 2.391793, -4.887122), (8.705788, 1.631703, -4.765643)
(8.224827, 2.378621, -4.818276), (8.311213, 2.383097, -4.766969), (8.324072, 2.373566, -4.787492)
(8.224827, 2.378621, -4.818276), (8.138435, 2.374145, -4.869584), (8.113377, 2.374145, -4.826318)
(8.577175, 2.38226, -4.812263), (8.495687, 2.382259, -4.682147), (8.663361, 2.386484, -4.757718)
(8.577175, 2.38226, -4.812263), (8.663361, 2.386484, -4.757718), (8.675741, 2.396017, -4.777864)
(8.324072, 2.373566, -4.787492), (8.311213, 2.383097, -4.766969), (8.410595, 2.378034, -4.735999)
(8.324072, 2.373566, -4.787492), (8.410595, 2.378034, -4.735999), (8.490982, 2.378035, -4.866797)
(8.088318, 2.374145, -4.783051), (8.173958, 2.378621, -4.732184), (8.113377, 2.374145, -4.826318)
(8.088318, 2.374145, -4.783051), (8.076555, 2.364614, -4.761878), (8.162006, 2.36909, -4.711118)
(8.088318, 2.374145, -4.783051), (8.113377, 2.374145, -4.826318), (8.02635, 2.369525, -4.875587)
(8.088318, 2.374145, -4.783051), (8.001676, 2.369525, -4.832099), (8.076555, 2.364614, -4.761878)
(8.675741, 2.396017, -4.777864), (8.663361, 2.386484, -4.757718), (8.762096, 2.400239, -4.723187)
(8.675741, 2.396017, -4.777864), (8.762096, 2.400239, -4.723187), (8.797212, 2.400239, -4.777209)
(8.199392, 2.378621, -4.775229), (8.224827, 2.378621, -4.818276), (8.113377, 2.374145, -4.826318)
(8.311213, 2.383097, -4.766969), (8.397562, 2.387566, -4.715583), (8.410595, 2.378034, -4.735999)
(8.311213, 2.383097, -4.766969), (8.224827, 2.378621, -4.818276), (8.199392, 2.378621, -4.775229)
(8.705788, 1.631703, -4.765643), (8.7104, 2.396018, -4.832181), (8.791487, 1.635899, -4.711068)
(8.076555, 2.364614, -4.761878), (7.999609, 2.364614, -4.629025), (8.083906, 2.369088, -4.57894)
(8.076555, 2.364614, -4.761878), (7.990108, 2.359995, -4.810822), (7.999609, 2.364614, -4.629025)
(8.663361, 2.386484, -4.757718), (8.58078, 2.386483, -4.628293), (8.74954, 2.390707, -4.703153)
(8.663361, 2.386484, -4.757718), (8.74954, 2.390707, -4.703153), (8.762096, 2.400239, -4.723187)
(8.410595, 2.378034, -4.735999), (8.397562, 2.387566, -4.715583), (8.495687, 2.382259, -4.682147)
(8.410595, 2.378034, -4.735999), (8.495687, 2.382259, -4.682147), (8.577175, 2.38226, -4.812263)
(8.173958, 2.378621, -4.732184), (8.259594, 2.383096, -4.681321), (8.199392, 2.378621, -4.775229)
(8.173958, 2.378621, -4.732184), (8.162006, 2.36909, -4.711118), (8.247456, 2.373565, -4.660361)
(8.173958, 2.378621, -4.732184), (8.199392, 2.378621, -4.775229), (8.113377, 2.374145, -4.826318)
(8.173958, 2.378621, -4.732184), (8.088318, 2.374145, -4.783051), (8.162006, 2.36909, -4.711118)
(8.285404, 2.383097, -4.724143), (8.311213, 2.383097, -4.766969), (8.199392, 2.378621, -4.775229)
(8.397562, 2.387566, -4.715583), (8.482491, 2.39179, -4.661838), (8.495687, 2.382259, -4.682147)
(8.397562, 2.387566, -4.715583), (8.311213, 2.383097, -4.766969), (8.285404, 2.383097, -4.724143)
(8.571518, 1.951099, -4.714504), (8.738135, 1.943075, -4.724003), (8.752324, 1.908724, -4.892609)
(8.571518, 1.951099, -4.714504), (8.558126, 1.981563, -4.546891), (8.738135, 1.943075, -4.724003)
(8.162006, 2.36909, -4.711118), (8.083906, 2.369088, -4.57894), (8.168207, 2.373564, -4.528871)
(8.162006, 2.36909, -4.711118), (8.076555, 2.364614, -4.761878), (8.083906, 2.369088, -4.57894)
# 9.048005149980003, 0, -5.042071750019998
(8.930522, 1.88955, -5.228251), (8.926918, 1.892032, -5.065353), (9.086401, 1.924799, -5.227148)
(8.930522, 1.88955, -5.228251), (9.086401, 1.924799, -5.227148), (9.083014, 1.942421, -5.385923)
(9.086401, 1.924799, -5.227148), (9.086698, 1.91556, -5.066903), (9.241298, 1.961713, -5.22455)
(9.086401, 1.924799, -5.227148), (9.241298, 1.961713, -5.22455), (9.237224, 1.979774, -5.38296)
(8.772148, 1.862146, -5.226629), (8.764651, 1.878307, -5.060863), (8.930522, 1.88955, -5.228251)
(8.772148, 1.862146, -5.226629), (8.930522, 1.88955, -5.228251), (8.928885, 1.902887, -5.38817)
(9.241298, 1.961713, -5.22455), (9.244087, 1.946429, -5.065803), (9.395991, 1.998149, -5.220969)
(9.241298, 1.961713, -5.22455), (9.395991, 1.998149, -5.220969), (9.391796, 2.015218, -5.37939)
(9.086698, 1.91556, -5.066903), (9.244087, 1.946429, -5.065803), (9.241298, 1.961713, -5.22455)
(9.086698, 1.91556, -5.066903), (9.081223, 1.922106, -4.903728), (9.244087, 1.946429, -5.065803)
(9.244087, 1.946429, -5.065803), (9.399865, 1.981268, -5.062769), (9.395991, 1.998149, -5.220969)
(9.244087, 1.946429, -5.065803), (9.24297, 1.941021, -4.905297), (9.399865, 1.981268, -5.062769)
(8.926918, 1.892032, -5.065353), (9.086698, 1.91556, -5.066903), (9.086401, 1.924799, -5.227148)
(8.926918, 1.892032, -5.065353), (8.917454, 1.911447, -4.899378), (9.086698, 1.91556, -5.066903)
(8.764651, 1.878307, -5.060863), (8.926918, 1.892032, -5.065353), (8.930522, 1.88955, -5.228251)
(8.764651, 1.878307, -5.060863), (8.752324, 1.908724, -4.892609), (8.926918, 1.892032, -5.065353)
(9.24297, 1.941021, -4.905297), (9.235376, 1.952334, -4.741762), (9.401816, 1.968632, -4.903882)
(9.24297, 1.941021, -4.905297), (9.401816, 1.968632, -4.903882), (9.399865, 1.981268, -5.062769)
(9.081223, 1.922106, -4.903728), (9.070372, 1.943174, -4.738043), (9.24297, 1.941021, -4.905297)
(9.081223, 1.922106, -4.903728), (9.24297, 1.941021, -4.905297), (9.244087, 1.946429, -5.065803)
(8.917454, 1.911447, -4.899378), (9.081223, 1.922106, -4.903728), (9.086698, 1.91556, -5.066903)
(8.917454, 1.911447, -4.899378), (8.904428, 1.940456, -4.731939), (9.081223, 1.922106, -4.903728)
(8.752324, 1.908724, -4.892609), (8.738135, 1.943075, -4.724003), (8.917454, 1.911447, -4.899378)
(8.752324, 1.908724, -4.892609), (8.917454, 1.911447, -4.899378), (8.926918, 1.892032, -5.065353)
(8.797212, 2.400239, -4.777209), (8.762096, 2.400239, -4.723187), (8.882927, 2.404247, -4.720628)
(8.797212, 2.400239, -4.777209), (8.882927, 2.404247, -4.720628), (8.876035, 1.639876, -4.654954)
(9.235376, 1.952334, -4.741762), (9.398788, 1.968104, -4.742883), (9.401816, 1.968632, -4.903882)
(9.235376, 1.952334, -4.741762), (9.223529, 1.974179, -4.576495), (9.398788, 1.968104, -4.742883)
(9.070372, 1.943174, -4.738043), (9.235376, 1.952334, -4.741762), (9.24297, 1.941021, -4.905297)
(9.070372, 1.943174, -4.738043), (9.057152, 1.970012, -4.571558), (9.235376, 1.952334, -4.741762)
(8.904428, 1.940456, -4.731939), (9.070372, 1.943174, -4.738043), (9.081223, 1.922106, -4.903728)
(8.904428, 1.940456, -4.731939), (8.890701, 1.969983, -4.564794), (9.070372, 1.943174, -4.738043)
(8.738135, 1.943075, -4.724003), (8.904428, 1.940456, -4.731939), (8.917454, 1.911447, -4.899378)
(8.738135, 1.943075, -4.724003), (8.724365, 1.973951, -4.556454), (8.904428, 1.940456, -4.731939)
(8.762096, 2.400239, -4.723187), (8.74954, 2.390707, -4.703153), (8.847368, 2.404247, -4.666894)
(8.762096, 2.400239, -4.723187), (8.847368, 2.404247, -4.666894), (8.882927, 2.404247, -4.720628)
(8.882927, 2.404247, -4.720628), (8.847368, 2.404247, -4.666894), (8.968136, 2.408154, -4.663281)
(8.882927, 2.404247, -4.720628), (8.968136, 2.408154, -4.663281), (8.960052, 1.643752, -4.598111)
(8.791487, 1.635899, -4.711068), (8.797212, 2.400239, -4.777209), (8.876035, 1.639876, -4.654954)
# 9.71577538331334, 0, -5.042071750019998
(9.546805, 2.05012, -5.375111), (9.702298, 2.086013, -5.370013), (9.698121, 2.101531, -5.52906)
(9.546805, 2.05012, -5.375111), (9.550963, 2.034016, -5.216594), (9.702298, 2.086013, -5.370013)
(9.702298, 2.086013, -5.370013), (9.858345, 2.124214, -5.364005), (9.854277, 2.139323, -5.523246)
(9.702298, 2.086013, -5.370013), (9.706389, 2.070568, -5.211358), (9.858345, 2.124214, -5.364005)
(9.858345, 2.124214, -5.364005), (10.015053, 2.16575, -5.357047), (10.011121, 2.18068, -5.516527)
(9.858345, 2.124214, -5.364005), (9.862339, 2.109138, -5.205185), (10.015053, 2.16575, -5.357047)
(10.015053, 2.16575, -5.357047), (10.172528, 2.211183, -5.349166), (10.168754, 2.226142, -5.508948)
(10.015053, 2.16575, -5.357047), (10.018923, 2.150769, -5.198019), (10.172528, 2.211183, -5.349166)
(9.395991, 1.998149, -5.220969), (9.399865, 1.981268, -5.062769), (9.550963, 2.034016, -5.216594)
(9.395991, 1.998149, -5.220969), (9.550963, 2.034016, -5.216594), (9.546805, 2.05012, -5.375111)
(9.550963, 2.034016, -5.216594), (9.555021, 2.017697, -5.058398), (9.706389, 2.070568, -5.211358)
(9.550963, 2.034016, -5.216594), (9.706389, 2.070568, -5.211358), (9.702298, 2.086013, -5.370013)
(9.706389, 2.070568, -5.211358), (9.710415, 2.054904, -5.053061), (9.862339, 2.109138, -5.205185)
(9.706389, 2.070568, -5.211358), (9.862339, 2.109138, -5.205185), (9.858345, 2.124214, -5.364005)
(9.862339, 2.109138, -5.205185), (9.866297, 2.09383, -5.04674), (10.018923, 2.150769, -5.198019)
(9.862339, 2.109138, -5.205185), (10.018923, 2.150769, -5.198019), (10.015053, 2.16575, -5.357047)
(10.018923, 2.150769, -5.198019), (10.022799, 2.135574, -5.039371), (10.176263, 2.196081, -5.189871)
(10.018923, 2.150769, -5.198019), (10.176263, 2.196081, -5.189871), (10.172528, 2.211183, -5.349166)
(9.399865, 1.981268, -5.062769), (9.555021, 2.017697, -5.058398), (9.550963, 2.034016, -5.216594)
(9.399865, 1.981268, -5.062769), (9.401816, 1.968632, -4.903882), (9.555021, 2.017697, -5.058398)
(9.555021, 2.017697, -5.058398), (9.710415, 2.054904, -5.053061), (9.706389, 2.070568, -5.211358)
(9.555021, 2.017697, -5.058398), (9.558627, 2.001894, -4.90027), (9.710415, 2.054904, -5.053061)
(9.710415, 2.054904, -5.053061), (9.866297, 2.09383, -5.04674), (9.862339, 2.109138, -5.205185)
(9.710415, 2.054904, -5.053061), (9.714395, 2.038883, -4.895022), (9.866297, 2.09383, -5.04674)
(9.866297, 2.09383, -5.04674), (10.022799, 2.135574, -5.039371), (10.018923, 2.150769, -5.198019)
(9.866297, 2.09383, -5.04674), (9.870265, 2.078074, -4.888598), (10.022799, 2.135574, -5.039371)
(10.022799, 2.135574, -5.039371), (10.180038, 2.180726, -5.030979), (10.176263, 2.196081, -5.189871)
(10.022799, 2.135574, -5.039371), (10.026695, 2.119785, -4.881073), (10.180038, 2.180726, -5.030979)
(9.401816, 1.968632, -4.903882), (9.398788, 1.968104, -4.742883), (9.558627, 2.001894, -4.90027)
(9.401816, 1.968632, -4.903882), (9.558627, 2.001894, -4.90027), (9.555021, 2.017697, -5.058398)
(9.558627, 2.001894, -4.90027), (9.714395, 2.038883, -4.895022), (9.710415, 2.054904, -5.053061)
(9.558627, 2.001894, -4.90027), (9.559729, 1.991586, -4.741251), (9.714395, 2.038883, -4.895022)
(9.714395, 2.038883, -4.895022), (9.717799, 2.023563, -4.736954), (9.870265, 2.078074, -4.888598)
(9.714395, 2.038883, -4.895022), (9.870265, 2.078074, -4.888598), (9.866297, 2.09383, -5.04674)
(9.870265, 2.078074, -4.888598), (9.874229, 2.061748, -4.73065), (10.026695, 2.119785, -4.881073)
(9.870265, 2.078074, -4.888598), (10.026695, 2.119785, -4.881073), (10.022799, 2.135574, -5.039371)
(10.026695, 2.119785, -4.881073), (10.030693, 2.10327, -4.723011), (10.183853, 2.164668, -4.872458)
(10.026695, 2.119785, -4.881073), (10.183853, 2.164668, -4.872458), (10.180038, 2.180726, -5.030979)
(9.398788, 1.968104, -4.742883), (9.559729, 1.991586, -4.741251), (9.558627, 2.001894, -4.90027)
(9.398788, 1.968104, -4.742883), (9.38966, 1.982438, -4.579297), (9.559729, 1.991586, -4.741251)
(9.559729, 1.991586, -4.741251), (9.717799, 2.023563, -4.736954), (9.714395, 2.038883, -4.895022)
(9.559729, 1.991586, -4.741251), (9.555008, 1.995004, -4.579913), (9.717799, 2.023563, -4.736954)
(9.717799, 2.023563, -4.736954), (9.874229, 2.061748, -4.73065), (9.870265, 2.078074, -4.888598)
(9.717799, 2.023563, -4.736954), (9.717739, 2.015969, -4.577609), (9.874229, 2.061748, -4.73065)
(9.874229, 2.061748, -4.73065), (10.030693, 2.10327, -4.723011), (10.026695, 2.119785, -4.881073)
(9.874229, 2.061748, -4.73065), (9.877306, 2.046788, -4.572495), (10.030693, 2.10327, -4.723011)
(10.030693, 2.10327, -4.723011), (10.187774, 2.147731, -4.714234), (10.183853, 2.164668, -4.872458)
(10.030693, 2.10327, -4.723011), (10.034699, 2.085915, -4.565111), (10.187774, 2.147731, -4.714234)
