# 10.383545616646671, 0, -6.377612216686664
(10.137597, 2.337, -6.647096), (10.297637, 2.386515, -6.643034), (10.292644, 2.403807, -6.81005)
(10.137597, 2.337, -6.647096), (10.142658, 2.319951, -6.481946), (10.297637, 2.386515, -6.643034)
(10.297637, 2.386515, -6.643034), (10.458888, 2.441185, -6.6391), (10.454124, 2.458252, -6.807205)
(10.297637, 2.386515, -6.643034), (10.302498, 2.369755, -6.477037), (10.458888, 2.441185, -6.6391)
(10.458888, 2.441185, -6.6391), (10.621414, 2.500434, -6.635495), (10.616821, 2.517034, -6.804729)
(10.458888, 2.441185, -6.6391), (10.463562, 2.424797, -6.472159), (10.621414, 2.500434, -6.635495)
(10.621414, 2.500434, -6.635495), (10.785089, 2.562768, -6.632195), (10.780668, 2.578952, -6.802671)
(10.621414, 2.500434, -6.635495), (10.62586, 2.484219, -6.46745), (10.785089, 2.562768, -6.632195)
(10.142658, 2.319951, -6.481946), (10.14756, 2.30355, -6.317745), (10.302498, 2.369755, -6.477037)
(10.142658, 2.319951, -6.481946), (10.302498, 2.369755, -6.477037), (10.297637, 2.386515, -6.643034)
(10.302498, 2.369755, -6.477037), (10.307221, 2.353688, -6.312108), (10.463562, 2.424797, -6.472159)
(10.302498, 2.369755, -6.477037), (10.463562, 2.424797, -6.472159), (10.458888, 2.441185, -6.6391)
(10.463562, 2.424797, -6.472159), (10.468064, 2.408853, -6.306355), (10.62586, 2.484219, -6.46745)
(10.463562, 2.424797, -6.472159), (10.62586, 2.484219, -6.46745), (10.621414, 2.500434, -6.635495)
(10.62586, 2.484219, -6.46745), (10.630138, 2.468364, -6.300648), (10.789348, 2.546847, -6.462982)
(10.62586, 2.484219, -6.46745), (10.789348, 2.546847, -6.462982), (10.785089, 2.562768, -6.632195)
(10.14756, 2.30355, -6.317745), (10.307221, 2.353688, -6.312108), (10.302498, 2.369755, -6.477037)
(10.14756, 2.30355, -6.317745), (10.152215, 2.28741, -6.15443), (10.307221, 2.353688, -6.312108)
(10.307221, 2.353688, -6.312108), (10.468064, 2.408853, -6.306355), (10.463562, 2.424797, -6.472159)
(10.307221, 2.353688, -6.312108), (10.311651, 2.337606, -6.148095), (10.468064, 2.408853, -6.306355)
(10.468064, 2.408853, -6.306355), (10.630138, 2.468364, -6.300648), (10.62586, 2.484219, -6.46745)
(10.468064, 2.408853, -6.306355), (10.472281, 2.392919, -6.141548), (10.630138, 2.468364, -6.300648)
(10.630138, 2.468364, -6.300648), (10.793439, 2.531176, -6.295123), (10.789348, 2.546847, -6.462982)
(10.630138, 2.468364, -6.300648), (10.634138, 2.45252, -6.134929), (10.793439, 2.531176, -6.295123)
(10.152215, 2.28741, -6.15443), (10.311651, 2.337606, -6.148095), (10.307221, 2.353688, -6.312108)
(10.152215, 2.28741, -6.15443), (10.15664, 2.271624, -5.991959), (10.311651, 2.337606, -6.148095)
(10.311651, 2.337606, -6.148095), (10.315855, 2.321874, -5.985015), (10.472281, 2.392919, -6.141548)
(10.311651, 2.337606, -6.148095), (10.472281, 2.392919, -6.141548), (10.468064, 2.408853, -6.306355)
(10.472281, 2.392919, -6.141548), (10.476241, 2.377123, -5.97773), (10.634138, 2.45252, -6.134929)
(10.472281, 2.392919, -6.141548), (10.634138, 2.45252, -6.134929), (10.630138, 2.468364, -6.300648)
(10.634138, 2.45252, -6.134929), (10.637926, 2.436886, -5.970316), (10.797252, 2.515468, -6.128419)
(10.634138, 2.45252, -6.134929), (10.797252, 2.515468, -6.128419), (10.793439, 2.531176, -6.295123)
# 11.051315849980007, 0, -6.377612216686664
(10.785089, 2.562768, -6.632195), (10.949898, 2.627042, -6.62934), (10.94562, 2.642742, -6.801115)
(10.785089, 2.562768, -6.632195), (10.789348, 2.546847, -6.462982), (10.949898, 2.627042, -6.62934)
(10.949898, 2.627042, -6.62934), (11.11573, 2.691736, -6.626983), (11.111575, 2.706829, -6.800113)
(10.949898, 2.627042, -6.62934), (10.954003, 2.611507, -6.458921), (11.11573, 2.691736, -6.626983)
(11.11573, 2.691736, -6.626983), (11.282464, 2.755163, -6.625183), (11.278358, 2.769651, -6.799524)
(11.11573, 2.691736, -6.626983), (11.11974, 2.676627, -6.455381), (11.282464, 2.755163, -6.625183)
(11.282464, 2.755163, -6.625183), (11.449888, 2.816082, -6.623683), (11.445826, 2.829815, -6.79925)
(11.282464, 2.755163, -6.625183), (11.286372, 2.740613, -6.452305), (11.449888, 2.816082, -6.623683)
(10.789348, 2.546847, -6.462982), (10.793439, 2.531176, -6.295123), (10.954003, 2.611507, -6.458921)
(10.789348, 2.546847, -6.462982), (10.954003, 2.611507, -6.458921), (10.949898, 2.627042, -6.62934)
(10.954003, 2.611507, -6.458921), (10.957952, 2.596025, -6.289982), (11.11974, 2.676627, -6.455381)
(10.954003, 2.611507, -6.458921), (11.11974, 2.676627, -6.455381), (11.11573, 2.691736, -6.626983)
(11.11974, 2.676627, -6.455381), (11.123539, 2.661348, -6.285255), (11.286372, 2.740613, -6.452305)
(11.11974, 2.676627, -6.455381), (11.286372, 2.740613, -6.452305), (11.282464, 2.755163, -6.625183)
(11.286372, 2.740613, -6.452305), (11.29006, 2.725701, -6.280971), (11.453739, 2.802191, -6.449604)
(11.286372, 2.740613, -6.452305), (11.453739, 2.802191, -6.449604), (11.449888, 2.816082, -6.623683)
(10.793439, 2.531176, -6.295123), (10.957952, 2.596025, -6.289982), (10.954003, 2.611507, -6.458921)
(10.793439, 2.531176, -6.295123), (10.797252, 2.515468, -6.128419), (10.957952, 2.596025, -6.289982)
(10.957952, 2.596025, -6.289982), (11.123539, 2.661348, -6.285255), (11.11974, 2.676627, -6.455381)
(10.957952, 2.596025, -6.289982), (10.961576, 2.580456, -6.122169), (11.123539, 2.661348, -6.285255)
(11.123539, 2.661348, -6.285255), (11.29006, 2.725701, -6.280971), (11.286372, 2.740613, -6.452305)
(11.123539, 2.661348, -6.285255), (11.127037, 2.646001, -6.116344), (11.29006, 2.725701, -6.280971)
(11.29006, 2.725701, -6.280971), (11.457371, 2.787704, -6.277147), (11.453739, 2.802191, -6.449604)
(11.29006, 2.725701, -6.280971), (11.293464, 2.710658, -6.110935), (11.457371, 2.787704, -6.277147)
(10.797252, 2.515468, -6.128419), (10.961576, 2.580456, -6.122169), (10.957952, 2.596025, -6.289982)
(10.797252, 2.515468, -6.128419), (10.800821, 2.499764, -5.962863), (10.961576, 2.580456, -6.122169)
(10.961576, 2.580456, -6.122169), (10.964962, 2.564744, -5.955598), (11.127037, 2.646001, -6.116344)
(10.961576, 2.580456, -6.122169), (11.127037, 2.646001, -6.116344), (11.123539, 2.661348, -6.285255)
(11.127037, 2.646001, -6.116344), (11.13027, 2.6304, -5.948684), (11.293464, 2.710658, -6.110935)
(11.127037, 2.646001, -6.116344), (11.293464, 2.710658, -6.110935), (11.29006, 2.725701, -6.280971)
(11.293464, 2.710658, -6.110935), (11.296637, 2.695147, -5.942297), (11.460725, 2.773041, -6.10603)
(11.293464, 2.710658, -6.110935), (11.460725, 2.773041, -6.10603), (11.457371, 2.787704, -6.277147)
# 11.71908608331334, 0, -6.377612216686664
(11.449888, 2.816082, -6.623683), (11.617888, 2.873015, -6.622559), (11.613847, 2.885815, -6.799278)
(11.449888, 2.816082, -6.623683), (11.453739, 2.802191, -6.449604), (11.617888, 2.873015, -6.622559)
(11.617888, 2.873015, -6.622559), (11.786325, 2.924612, -6.6218), (11.782282, 2.936134, -6.799599)
(11.617888, 2.873015, -6.622559), (11.621724, 2.859868, -6.447382), (11.786325, 2.924612, -6.6218)
(11.786325, 2.924612, -6.6218), (11.955044, 2.969512, -6.621427), (11.95098, 2.980022, -6.800056)
(11.786325, 2.924612, -6.6218), (11.790169, 2.912199, -6.445673), (11.955044, 2.969512, -6.621427)
(11.955044, 2.969512, -6.621427), (12.123913, 3.007885, -6.62113), (12.119816, 3.016969, -6.800513)
(11.955044, 2.969512, -6.621427), (11.958916, 2.958467, -6.444338), (12.123913, 3.007885, -6.62113)
(11.453739, 2.802191, -6.449604), (11.457371, 2.787704, -6.277147), (11.621724, 2.859868, -6.447382)
(11.453739, 2.802191, -6.449604), (11.621724, 2.859868, -6.447382), (11.617888, 2.873015, -6.622559)
(11.621724, 2.859868, -6.447382), (11.625332, 2.845783, -6.273909), (11.790169, 2.912199, -6.445673)
(11.621724, 2.859868, -6.447382), (11.790169, 2.912199, -6.445673), (11.786325, 2.924612, -6.6218)
(11.790169, 2.912199, -6.445673), (11.793776, 2.898941, -6.271172), (11.958916, 2.958467, -6.444338)
(11.790169, 2.912199, -6.445673), (11.958916, 2.958467, -6.444338), (11.955044, 2.969512, -6.621427)
(11.958916, 2.958467, -6.444338), (11.962556, 2.946322, -6.268896), (12.127834, 2.998243, -6.443252)
(11.958916, 2.958467, -6.444338), (12.127834, 2.998243, -6.443252), (12.123913, 3.007885, -6.62113)
(11.457371, 2.787704, -6.277147), (11.625332, 2.845783, -6.273909), (11.621724, 2.859868, -6.447382)
(11.457371, 2.787704, -6.277147), (11.460725, 2.773041, -6.10603), (11.625332, 2.845783, -6.273909)
(11.625332, 2.845783, -6.273909), (11.793776, 2.898941, -6.271172), (11.790169, 2.912199, -6.445673)
(11.625332, 2.845783, -6.273909), (11.628658, 2.831838, -6.10168), (11.793776, 2.898941, -6.271172)
(11.793776, 2.898941, -6.271172), (11.962556, 2.946322, -6.268896), (11.958916, 2.958467, -6.444338)
(11.793776, 2.898941, -6.271172), (11.797128, 2.885654, -6.09799), (11.962556, 2.946322, -6.268896)
(11.962556, 2.946322, -6.268896), (12.131533, 2.987159, -6.267057), (12.127834, 2.998243, -6.443252)
(11.962556, 2.946322, -6.268896), (11.965958, 2.933906, -6.094832), (12.131533, 2.987159, -6.267057)
(11.460725, 2.773041, -6.10603), (11.628658, 2.831838, -6.10168), (11.625332, 2.845783, -6.273909)
(11.460725, 2.773041, -6.10603), (11.463827, 2.757889, -5.936295), (11.628658, 2.831838, -6.10168)
(11.628658, 2.831838, -6.10168), (11.631739, 2.817189, -5.930895), (11.797128, 2.885654, -6.09799)
(11.628658, 2.831838, -6.10168), (11.797128, 2.885654, -6.09799), (11.793776, 2.898941, -6.271172)
(11.797128, 2.885654, -6.09799), (11.800221, 2.871769, -5.926193), (11.965958, 2.933906, -6.094832)
(11.797128, 2.885654, -6.09799), (11.965958, 2.933906, -6.094832), (11.962556, 2.946322, -6.268896)
(11.965958, 2.933906, -6.094832), (11.969114, 2.920317, -5.922304), (12.135011, 2.975665, -6.092257)
(11.965958, 2.933906, -6.094832), (12.135011, 2.975665, -6.092257), (12.131533, 2.987159, -6.267057)
# 12.386856316646675, 0, -6.377612216686664
(12.630047, 3.071739, -6.621605), (12.798176, 3.07455, -6.62214), (12.793959, 3.076458, -6.802702)
(12.630047, 3.071739, -6.621605), (12.634154, 3.066801, -6.442476), (12.798176, 3.07455, -6.62214)
(12.461567, 3.060054, -6.621143), (12.630047, 3.071739, -6.621605), (12.625852, 3.075683, -6.802149)
(12.461567, 3.060054, -6.621143), (12.465609, 3.053192, -6.44229), (12.630047, 3.071739, -6.621605)
(12.123913, 3.007885, -6.62113), (12.292799, 3.038404, -6.621018), (12.288665, 3.045806, -6.801)
(12.123913, 3.007885, -6.62113), (12.127834, 2.998243, -6.443252), (12.292799, 3.038404, -6.621018)
(12.292799, 3.038404, -6.621018), (12.461567, 3.060054, -6.621143), (12.457381, 3.065393, -6.801569)
(12.292799, 3.038404, -6.621018), (12.296785, 3.030214, -6.442538), (12.461567, 3.060054, -6.621143)
(12.127834, 2.998243, -6.443252), (12.131533, 2.987159, -6.267057), (12.296785, 3.030214, -6.442538)
(12.127834, 2.998243, -6.443252), (12.296785, 3.030214, -6.442538), (12.292799, 3.038404, -6.621018)
(12.296785, 3.030214, -6.442538), (12.300549, 3.020183, -6.265771), (12.465609, 3.053192, -6.44229)
(12.296785, 3.030214, -6.442538), (12.465609, 3.053192, -6.44229), (12.461567, 3.060054, -6.621143)
(12.634154, 3.066801, -6.442476), (12.638119, 3.060258, -6.264868), (12.802347, 3.071625, -6.442918)
(12.634154, 3.066801, -6.442476), (12.802347, 3.071625, -6.442918), (12.798176, 3.07455, -6.62214)
(12.465609, 3.053192, -6.44229), (12.469473, 3.04501, -6.264979), (12.634154, 3.066801, -6.442476)
(12.465609, 3.053192, -6.44229), (12.634154, 3.066801, -6.442476), (12.630047, 3.071739, -6.621605)
(12.131533, 2.987159, -6.267057), (12.300549, 3.020183, -6.265771), (12.296785, 3.030214, -6.442538)
(12.131533, 2.987159, -6.267057), (12.135011, 2.975665, -6.092257), (12.300549, 3.020183, -6.265771)
(12.300549, 3.020183, -6.265771), (12.469473, 3.04501, -6.264979), (12.465609, 3.053192, -6.44229)
(12.300549, 3.020183, -6.265771), (12.304136, 3.010137, -6.090282), (12.469473, 3.04501, -6.264979)
(12.469473, 3.04501, -6.264979), (12.638119, 3.060258, -6.264868), (12.634154, 3.066801, -6.442476)
(12.469473, 3.04501, -6.264979), (12.473171, 3.036091, -6.089061), (12.638119, 3.060258, -6.264868)
(12.638119, 3.060258, -6.264868), (12.806411, 3.066948, -6.265161), (12.802347, 3.071625, -6.442918)
(12.638119, 3.060258, -6.264868), (12.641959, 3.05317, -6.088557), (12.806411, 3.066948, -6.265161)
(12.135011, 2.975665, -6.092257), (12.304136, 3.010137, -6.090282), (12.300549, 3.020183, -6.265771)
(12.135011, 2.975665, -6.092257), (12.138256, 2.96319, -5.91891), (12.304136, 3.010137, -6.090282)
(12.304136, 3.010137, -6.090282), (12.307497, 2.998925, -5.916248), (12.473171, 3.036091, -6.089061)
(12.304136, 3.010137, -6.090282), (12.473171, 3.036091, -6.089061), (12.469473, 3.04501, -6.264979)
(12.473171, 3.036091, -6.089061), (12.476677, 3.026426, -5.914454), (12.641959, 3.05317, -6.088557)
(12.473171, 3.036091, -6.089061), (12.641959, 3.05317, -6.088557), (12.638119, 3.060258, -6.264868)
(12.641959, 3.05317, -6.088557), (12.645608, 3.044715, -5.913634), (12.810384, 3.061571, -6.088664)
(12.641959, 3.05317, -6.088557), (12.810384, 3.061571, -6.088664), (12.806411, 3.066948, -6.265161)
# 13.054626549980007, 0, -6.377612216686664
(13.298923, 3.02112, -6.625273), (13.464259, 2.982857, -6.62688), (13.460193, 2.975398, -6.805699)
(13.298923, 3.02112, -6.625273), (13.303167, 3.024816, -6.446874), (13.464259, 2.982857, -6.62688)
(13.132748, 3.049519, -6.623923), (13.298923, 3.02112, -6.625273), (13.294772, 3.016044, -6.804778)
(13.132748, 3.049519, -6.623923), (13.136986, 3.050747, -6.445103), (13.298923, 3.02112, -6.625273)
(12.965789, 3.067302, -6.622891), (13.132748, 3.049519, -6.623923), (13.128539, 3.046676, -6.803982)
(12.965789, 3.067302, -6.622891), (12.970008, 3.066429, -6.443776), (13.132748, 3.049519, -6.623923)
(12.798176, 3.07455, -6.62214), (12.965789, 3.067302, -6.622891), (12.96157, 3.066933, -6.803291)
(12.798176, 3.07455, -6.62214), (12.802347, 3.071625, -6.442918), (12.965789, 3.067302, -6.622891)
(13.303167, 3.024816, -6.446874), (13.307443, 3.026656, -6.269672), (13.46847, 2.988923, -6.449068)
(13.303167, 3.024816, -6.446874), (13.46847, 2.988923, -6.449068), (13.464259, 2.982857, -6.62688)
(13.136986, 3.050747, -6.445103), (13.141209, 3.050258, -6.26756), (13.303167, 3.024816, -6.446874)
(13.136986, 3.050747, -6.445103), (13.303167, 3.024816, -6.446874), (13.298923, 3.02112, -6.625273)
(12.970008, 3.066429, -6.443776), (12.974158, 3.063678, -6.266057), (13.136986, 3.050747, -6.445103)
(12.970008, 3.066429, -6.443776), (13.136986, 3.050747, -6.445103), (13.132748, 3.049519, -6.623923)
(12.802347, 3.071625, -6.442918), (12.806411, 3.066948, -6.265161), (12.970008, 3.066429, -6.443776)
(12.802347, 3.071625, -6.442918), (12.970008, 3.066429, -6.443776), (12.965789, 3.067302, -6.622891)
(13.307443, 3.026656, -6.269672), (13.472742, 2.992923, -6.272385), (13.46847, 2.988923, -6.449068)
(13.307443, 3.026656, -6.269672), (13.311738, 3.027158, -6.093592), (13.472742, 2.992923, -6.272385)
(13.141209, 3.050258, -6.26756), (13.307443, 3.026656, -6.269672), (13.303167, 3.024816, -6.446874)
(13.141209, 3.050258, -6.26756), (13.145424, 3.048765, -6.091174), (13.307443, 3.026656, -6.269672)
(12.974158, 3.063678, -6.266057), (13.141209, 3.050258, -6.26756), (13.136986, 3.050747, -6.445103)
(12.974158, 3.063678, -6.266057), (12.978267, 3.060305, -6.089511), (13.141209, 3.050258, -6.26756)
(12.806411, 3.066948, -6.265161), (12.974158, 3.063678, -6.266057), (12.970008, 3.066429, -6.443776)
(12.806411, 3.066948, -6.265161), (12.810384, 3.061571, -6.088664), (12.974158, 3.063678, -6.266057)
(13.311738, 3.027158, -6.093592), (13.315941, 3.025587, -5.918731), (13.47707, 2.9954, -6.096763)
(13.311738, 3.027158, -6.093592), (13.47707, 2.9954, -6.096763), (13.472742, 2.992923, -6.272385)
(13.145424, 3.048765, -6.091174), (13.149549, 3.045674, -5.916008), (13.311738, 3.027158, -6.093592)
(13.145424, 3.048765, -6.091174), (13.311738, 3.027158, -6.093592), (13.307443, 3.026656, -6.269672)
(12.978267, 3.060305, -6.089511), (12.982245, 3.05535, -5.914262), (13.145424, 3.048765, -6.091174)
(12.978267, 3.060305, -6.089511), (13.145424, 3.048765, -6.091174), (13.141209, 3.050258, -6.26756)
(12.810384, 3.061571, -6.088664), (12.978267, 3.060305, -6.089511), (12.974158, 3.063678, -6.266057)
(12.810384, 3.061571, -6.088664), (12.814203, 3.054855, -5.913491), (12.978267, 3.060305, -6.089511)
# 13.722396783313343, 0, -6.377612216686664
(13.954401, 2.809078, -6.633829), (14.115812, 2.733776, -6.636835), (14.112473, 2.717808, -6.8118)
(13.954401, 2.809078, -6.633829), (13.958207, 2.821532, -6.458546), (14.115812, 2.733776, -6.636835)
(13.792048, 2.876571, -6.631117), (13.954401, 2.809078, -6.633829), (13.950823, 2.794979, -6.809865)
(13.792048, 2.876571, -6.631117), (13.796017, 2.886772, -6.454926), (13.954401, 2.809078, -6.633829)
(13.628655, 2.934596, -6.628814), (13.792048, 2.876571, -6.631117), (13.788242, 2.864233, -6.808208)
(13.628655, 2.934596, -6.628814), (13.632782, 2.942898, -6.451741), (13.792048, 2.876571, -6.631117)
(13.464259, 2.982857, -6.62688), (13.628655, 2.934596, -6.628814), (13.624704, 2.92475, -6.806817)
(13.464259, 2.982857, -6.62688), (13.46847, 2.988923, -6.449068), (13.628655, 2.934596, -6.628814)
(13.958207, 2.821532, -6.458546), (13.962173, 2.831787, -6.284125), (14.119395, 2.748159, -6.462535)
(13.958207, 2.821532, -6.458546), (14.119395, 2.748159, -6.462535), (14.115812, 2.733776, -6.636835)
(13.796017, 2.886772, -6.454926), (13.800126, 2.894875, -6.279675), (13.958207, 2.821532, -6.458546)
(13.796017, 2.886772, -6.454926), (13.958207, 2.821532, -6.458546), (13.954401, 2.809078, -6.633829)
(13.632782, 2.942898, -6.451741), (13.636981, 2.948781, -6.275745), (13.796017, 2.886772, -6.454926)
(13.632782, 2.942898, -6.451741), (13.796017, 2.886772, -6.454926), (13.792048, 2.876571, -6.631117)
(13.46847, 2.988923, -6.449068), (13.472742, 2.992923, -6.272385), (13.632782, 2.942898, -6.451741)
(13.46847, 2.988923, -6.449068), (13.632782, 2.942898, -6.451741), (13.628655, 2.934596, -6.628814)
(13.962173, 2.831787, -6.284125), (14.123148, 2.760242, -6.289026), (14.119395, 2.748159, -6.462535)
(13.962173, 2.831787, -6.284125), (13.966326, 2.840554, -6.1105), (14.123148, 2.760242, -6.289026)
(13.800126, 2.894875, -6.279675), (13.962173, 2.831787, -6.284125), (13.958207, 2.821532, -6.458546)
(13.800126, 2.894875, -6.279675), (13.804401, 2.901623, -6.105288), (13.962173, 2.831787, -6.284125)
(13.636981, 2.948781, -6.275745), (13.800126, 2.894875, -6.279675), (13.796017, 2.886772, -6.454926)
(13.636981, 2.948781, -6.275745), (13.641327, 2.953568, -6.100662), (13.800126, 2.894875, -6.279675)
(13.472742, 2.992923, -6.272385), (13.636981, 2.948781, -6.275745), (13.632782, 2.942898, -6.451741)
(13.472742, 2.992923, -6.272385), (13.47707, 2.9954, -6.096763), (13.636981, 2.948781, -6.275745)
(13.966326, 2.840554, -6.1105), (13.970519, 2.846794, -5.937815), (14.127113, 2.770822, -6.116242)
(13.966326, 2.840554, -6.1105), (14.127113, 2.770822, -6.116242), (14.123148, 2.760242, -6.289026)
(13.804401, 2.901623, -6.105288), (13.808731, 2.906367, -5.931845), (13.966326, 2.840554, -6.1105)
(13.804401, 2.901623, -6.105288), (13.966326, 2.840554, -6.1105), (13.962173, 2.831787, -6.284125)
(13.641327, 2.953568, -6.100662), (13.645654, 2.956092, -5.926647), (13.804401, 2.901623, -6.105288)
(13.641327, 2.953568, -6.100662), (13.804401, 2.901623, -6.105288), (13.800126, 2.894875, -6.279675)
(13.47707, 2.9954, -6.096763), (13.641327, 2.953568, -6.100662), (13.636981, 2.948781, -6.275745)
(13.47707, 2.9954, -6.096763), (13.481363, 2.995862, -5.922263), (13.641327, 2.953568, -6.100662)
# 14.390167016646675, 0, -6.377612216686664
(14.594728, 2.466113, -6.647775), (14.752922, 2.366665, -6.65186), (14.750887, 2.346266, -6.822425)
(14.594728, 2.466113, -6.647775), (14.597372, 2.484534, -6.476591), (14.752922, 2.366665, -6.65186)
(14.435901, 2.561469, -6.643834), (14.594728, 2.466113, -6.647775), (14.592328, 2.446334, -6.819424)
(14.435901, 2.561469, -6.643834), (14.438873, 2.578575, -6.471635), (14.594728, 2.466113, -6.647775)
(14.27629, 2.65098, -6.640175), (14.435901, 2.561469, -6.643834), (14.433141, 2.542411, -6.816609)
(14.27629, 2.65098, -6.640175), (14.279593, 2.666963, -6.466908), (14.435901, 2.561469, -6.643834)
(14.115812, 2.733776, -6.636835), (14.27629, 2.65098, -6.640175), (14.273228, 2.633371, -6.814044)
(14.115812, 2.733776, -6.636835), (14.119395, 2.748159, -6.462535), (14.27629, 2.65098, -6.640175)
(14.597372, 2.484534, -6.476591), (14.600235, 2.501192, -6.305947), (14.755198, 2.385976, -6.481689)
(14.597372, 2.484534, -6.476591), (14.755198, 2.385976, -6.481689), (14.752922, 2.366665, -6.65186)
(14.438873, 2.578575, -6.471635), (14.442063, 2.593787, -6.300045), (14.597372, 2.484534, -6.476591)
(14.438873, 2.578575, -6.471635), (14.597372, 2.484534, -6.476591), (14.594728, 2.466113, -6.647775)
(14.279593, 2.666963, -6.466908), (14.28307, 2.680476, -6.294375), (14.438873, 2.578575, -6.471635)
(14.279593, 2.666963, -6.466908), (14.438873, 2.578575, -6.471635), (14.435901, 2.561469, -6.643834)
(14.119395, 2.748159, -6.462535), (14.123148, 2.760242, -6.289026), (14.279593, 2.666963, -6.466908)
(14.119395, 2.748159, -6.462535), (14.279593, 2.666963, -6.466908), (14.27629, 2.65098, -6.640175)
(14.600235, 2.501192, -6.305947), (14.757694, 2.403644, -6.312003), (14.755198, 2.385976, -6.481689)
(14.600235, 2.501192, -6.305947), (14.603355, 2.51664, -6.13581), (14.757694, 2.403644, -6.312003)
(14.442063, 2.593787, -6.300045), (14.600235, 2.501192, -6.305947), (14.597372, 2.484534, -6.476591)
(14.442063, 2.593787, -6.300045), (14.445516, 2.607846, -6.129008), (14.600235, 2.501192, -6.305947)
(14.28307, 2.680476, -6.294375), (14.442063, 2.593787, -6.300045), (14.438873, 2.578575, -6.471635)
(14.28307, 2.680476, -6.294375), (14.286822, 2.693069, -6.122431), (14.442063, 2.593787, -6.300045)
(14.123148, 2.760242, -6.289026), (14.28307, 2.680476, -6.294375), (14.279593, 2.666963, -6.466908)
(14.123148, 2.760242, -6.289026), (14.127113, 2.770822, -6.116242), (14.28307, 2.680476, -6.294375)
(14.603355, 2.51664, -6.13581), (14.606637, 2.52995, -5.9663), (14.760445, 2.420192, -6.142768)
(14.603355, 2.51664, -6.13581), (14.760445, 2.420192, -6.142768), (14.757694, 2.403644, -6.312003)
(14.445516, 2.607846, -6.129008), (14.449154, 2.620102, -5.958615), (14.603355, 2.51664, -6.13581)
(14.445516, 2.607846, -6.129008), (14.603355, 2.51664, -6.13581), (14.600235, 2.501192, -6.305947)
(14.286822, 2.693069, -6.122431), (14.290704, 2.703434, -5.951241), (14.445516, 2.607846, -6.129008)
(14.286822, 2.693069, -6.122431), (14.445516, 2.607846, -6.129008), (14.442063, 2.593787, -6.300045)
(14.127113, 2.770822, -6.116242), (14.286822, 2.693069, -6.122431), (14.28307, 2.680476, -6.294375)
(14.127113, 2.770822, -6.116242), (14.131186, 2.779212, -5.944276), (14.286822, 2.693069, -6.122431)
# 15.05793724998001, 0, -6.377612216686664
(15.380587, 1.940838, -6.669051), (15.536541, 1.831679, -6.673261), (15.536501, 1.813005, -6.838898)
(15.380587, 1.940838, -6.669051), (15.381229, 1.96032, -6.502717), (15.536541, 1.831679, -6.673261)
(15.224291, 2.049663, -6.664757), (15.380587, 1.940838, -6.669051), (15.380144, 1.921298, -6.835595)
(15.224291, 2.049663, -6.664757), (15.225349, 2.069451, -6.497516), (15.380587, 1.940838, -6.669051)
(15.067635, 2.157602, -6.660406), (15.224291, 2.049663, -6.664757), (15.223442, 2.029504, -6.83225)
(15.067635, 2.157602, -6.660406), (15.069101, 2.17745, -6.492228), (15.224291, 2.049663, -6.664757)
(14.910534, 2.263561, -6.656086), (15.067635, 2.157602, -6.660406), (15.06637, 2.13694, -6.828901)
(14.910534, 2.263561, -6.656086), (14.912416, 2.283352, -6.486919), (15.067635, 2.157602, -6.660406)
(14.752922, 2.366665, -6.65186), (14.910534, 2.263561, -6.656086), (14.908876, 2.242869, -6.825599)
(14.752922, 2.366665, -6.65186), (14.755198, 2.385976, -6.481689), (14.910534, 2.263561, -6.656086)
(15.381229, 1.96032, -6.502717), (15.382094, 1.979507, -6.336632), (15.53677, 1.850588, -6.507804)
(15.381229, 1.96032, -6.502717), (15.53677, 1.850588, -6.507804), (15.536541, 1.831679, -6.673261)
(15.225349, 2.069451, -6.497516), (15.226632, 2.088618, -6.33057), (15.381229, 1.96032, -6.502717)
(15.225349, 2.069451, -6.497516), (15.381229, 1.96032, -6.502717), (15.380587, 1.940838, -6.669051)
(15.069101, 2.17745, -6.492228), (15.070803, 2.19642, -6.324389), (15.225349, 2.069451, -6.497516)
(15.069101, 2.17745, -6.492228), (15.225349, 2.069451, -6.497516), (15.224291, 2.049663, -6.664757)
(14.912416, 2.283352, -6.486919), (14.914514, 2.301658, -6.318182), (15.069101, 2.17745, -6.492228)
(14.912416, 2.283352, -6.486919), (15.069101, 2.17745, -6.492228), (15.067635, 2.157602, -6.660406)
(14.755198, 2.385976, -6.481689), (14.757694, 2.403644, -6.312003), (14.912416, 2.283352, -6.486919)
(14.755198, 2.385976, -6.481689), (14.912416, 2.283352, -6.486919), (14.910534, 2.263561, -6.656086)
(15.382094, 1.979507, -6.336632), (15.537214, 1.869574, -6.342551), (15.53677, 1.850588, -6.507804)
(15.382094, 1.979507, -6.336632), (15.383207, 1.998393, -6.170804), (15.537214, 1.869574, -6.342551)
(15.226632, 2.088618, -6.33057), (15.382094, 1.979507, -6.336632), (15.381229, 1.96032, -6.502717)
(15.226632, 2.088618, -6.33057), (15.228168, 2.10726, -6.163922), (15.382094, 1.979507, -6.336632)
(15.070803, 2.19642, -6.324389), (15.226632, 2.088618, -6.33057), (15.225349, 2.069451, -6.497516)
(15.070803, 2.19642, -6.324389), (15.072752, 2.214541, -6.156905), (15.226632, 2.088618, -6.33057)
(14.914514, 2.301658, -6.318182), (15.070803, 2.19642, -6.324389), (15.069101, 2.17745, -6.492228)
(14.914514, 2.301658, -6.318182), (14.916882, 2.319254, -6.149819), (15.070803, 2.19642, -6.324389)
(14.757694, 2.403644, -6.312003), (14.914514, 2.301658, -6.318182), (14.912416, 2.283352, -6.486919)
(14.757694, 2.403644, -6.312003), (14.760445, 2.420192, -6.142768), (14.914514, 2.301658, -6.318182)
(15.383207, 1.998393, -6.170804), (15.537914, 1.888472, -6.177521), (15.537214, 1.869574, -6.342551)
(15.383207, 1.998393, -6.170804), (15.384577, 2.016711, -6.005272), (15.537914, 1.888472, -6.177521)
(15.228168, 2.10726, -6.163922), (15.229949, 2.125022, -5.997622), (15.383207, 1.998393, -6.170804)
(15.228168, 2.10726, -6.163922), (15.383207, 1.998393, -6.170804), (15.382094, 1.979507, -6.336632)
(15.072752, 2.214541, -6.156905), (15.074949, 2.231747, -5.989802), (15.228168, 2.10726, -6.163922)
(15.072752, 2.214541, -6.156905), (15.228168, 2.10726, -6.163922), (15.226632, 2.088618, -6.33057)
(14.916882, 2.319254, -6.149819), (14.919468, 2.335392, -5.981925), (15.072752, 2.214541, -6.156905)
(14.916882, 2.319254, -6.149819), (15.072752, 2.214541, -6.156905), (15.070803, 2.19642, -6.324389)
(14.760445, 2.420192, -6.142768), (14.916882, 2.319254, -6.149819), (14.914514, 2.301658, -6.318182)
(14.760445, 2.420192, -6.142768), (14.763397, 2.435045, -5.974066), (14.916882, 2.319254, -6.149819)
# 15.725707483313343, 0, -6.377612216686664
(16.002617, 1.508855, -6.684936), (16.157419, 1.404741, -6.688377), (16.158894, 1.39133, -6.850742)
(16.002617, 1.508855, -6.684936), (16.001667, 1.524801, -6.521921), (16.157419, 1.404741, -6.688377)
(15.847536, 1.615162, -6.681244), (16.002617, 1.508855, -6.684936), (16.003738, 1.493917, -6.848066)
(15.847536, 1.615162, -6.681244), (15.846967, 1.632267, -6.517444), (16.002617, 1.508855, -6.684936)
(15.692183, 1.722882, -6.677342), (15.847536, 1.615162, -6.681244), (15.848282, 1.59884, -6.845173)
(15.692183, 1.722882, -6.677342), (15.692005, 1.741026, -6.512728), (15.847536, 1.615162, -6.681244)
(15.536541, 1.831679, -6.673261), (15.692183, 1.722882, -6.677342), (15.692539, 1.705348, -6.842105)
(15.536541, 1.831679, -6.673261), (15.53677, 1.850588, -6.507804), (15.692183, 1.722882, -6.677342)
(16.001667, 1.524801, -6.521921), (16.000931, 1.541884, -6.359014), (16.156116, 1.419447, -6.526115)
(16.001667, 1.524801, -6.521921), (16.156116, 1.419447, -6.526115), (16.157419, 1.404741, -6.688377)
(15.846967, 1.632267, -6.517444), (15.846609, 1.650144, -6.353778), (16.001667, 1.524801, -6.521921)
(15.846967, 1.632267, -6.517444), (16.001667, 1.524801, -6.521921), (16.002617, 1.508855, -6.684936)
(15.692005, 1.741026, -6.512728), (15.692044, 1.759581, -6.34828), (15.846967, 1.632267, -6.517444)
(15.692005, 1.741026, -6.512728), (15.846967, 1.632267, -6.517444), (15.847536, 1.615162, -6.681244)
(15.53677, 1.850588, -6.507804), (15.537214, 1.869574, -6.342551), (15.692005, 1.741026, -6.512728)
(15.53677, 1.850588, -6.507804), (15.692005, 1.741026, -6.512728), (15.692183, 1.722882, -6.677342)
(16.000931, 1.541884, -6.359014), (16.155029, 1.435719, -6.363931), (16.156116, 1.419447, -6.526115)
(16.000931, 1.541884, -6.359014), (16.000444, 1.559475, -6.19625), (16.155029, 1.435719, -6.363931)
(15.846609, 1.650144, -6.353778), (16.000931, 1.541884, -6.359014), (16.001667, 1.524801, -6.521921)
(15.846609, 1.650144, -6.353778), (15.846501, 1.66833, -6.190281), (16.000931, 1.541884, -6.359014)
(15.692044, 1.759581, -6.34828), (15.846609, 1.650144, -6.353778), (15.846967, 1.632267, -6.517444)
(15.692044, 1.759581, -6.34828), (15.692331, 1.778217, -6.184027), (15.846609, 1.650144, -6.353778)
(15.537214, 1.869574, -6.342551), (15.692044, 1.759581, -6.34828), (15.692005, 1.741026, -6.512728)
(15.537214, 1.869574, -6.342551), (15.537914, 1.888472, -6.177521), (15.692044, 1.759581, -6.34828)
(16.000444, 1.559475, -6.19625), (16.154188, 1.452436, -6.201888), (16.155029, 1.435719, -6.363931)
(16.000444, 1.559475, -6.19625), (16.00024, 1.577638, -6.033622), (16.154188, 1.452436, -6.201888)
(15.846501, 1.66833, -6.190281), (15.846666, 1.68685, -6.02695), (16.000444, 1.559475, -6.19625)
(15.846501, 1.66833, -6.190281), (16.000444, 1.559475, -6.19625), (16.000931, 1.541884, -6.359014)
(15.692331, 1.778217, -6.184027), (15.692883, 1.796869, -6.019983), (15.846501, 1.66833, -6.190281)
(15.692331, 1.778217, -6.184027), (15.846501, 1.66833, -6.190281), (15.846609, 1.650144, -6.353778)
(15.537914, 1.888472, -6.177521), (15.538869, 1.90709, -6.012741), (15.692331, 1.778217, -6.184027)
(15.537914, 1.888472, -6.177521), (15.692331, 1.778217, -6.184027), (15.692044, 1.759581, -6.34828)
# 16.39347771664668, 0, -6.377612216686664
(16.620108, 1.1117, -6.69688), (16.773703, 1.021803, -6.699066), (16.776236, 1.014369, -6.858769)
(16.620108, 1.1117, -6.69688), (16.617962, 1.12232, -6.536682), (16.773703, 1.021803, -6.699066)
(16.466171, 1.205898, -6.694359), (16.620108, 1.1117, -6.69688), (16.622431, 1.102782, -6.857189)
(16.466171, 1.205898, -6.694359), (16.464262, 1.21793, -6.533503), (16.620108, 1.1117, -6.69688)
(16.311939, 1.303533, -6.69153), (16.466171, 1.205898, -6.694359), (16.46825, 1.195481, -6.855316)
(16.311939, 1.303533, -6.69153), (16.310312, 1.317088, -6.529979), (16.466171, 1.205898, -6.694359)
(16.157419, 1.404741, -6.688377), (16.311939, 1.303533, -6.69153), (16.313728, 1.29181, -6.853163)
(16.157419, 1.404741, -6.688377), (16.156116, 1.419447, -6.526115), (16.311939, 1.303533, -6.69153)
(16.617962, 1.12232, -6.536682), (16.616045, 1.135092, -6.376548), (16.771366, 1.031178, -6.53948)
(16.617962, 1.12232, -6.536682), (16.771366, 1.031178, -6.53948), (16.773703, 1.021803, -6.699066)
(16.464262, 1.21793, -6.533503), (16.462578, 1.231789, -6.372719), (16.617962, 1.12232, -6.536682)
(16.464262, 1.21793, -6.533503), (16.617962, 1.12232, -6.536682), (16.620108, 1.1117, -6.69688)
(16.310312, 1.317088, -6.529979), (16.308907, 1.33219, -6.368506), (16.464262, 1.21793, -6.533503)
(16.310312, 1.317088, -6.529979), (16.464262, 1.21793, -6.533503), (16.466171, 1.205898, -6.694359)
(16.156116, 1.419447, -6.526115), (16.155029, 1.435719, -6.363931), (16.310312, 1.317088, -6.529979)
(16.156116, 1.419447, -6.526115), (16.310312, 1.317088, -6.529979), (16.311939, 1.303533, -6.69153)
(16.616045, 1.135092, -6.376548), (16.769306, 1.043133, -6.37995), (16.771366, 1.031178, -6.53948)
(16.616045, 1.135092, -6.376548), (16.614401, 1.149024, -6.2165), (16.769306, 1.043133, -6.37995)
(16.462578, 1.231789, -6.372719), (16.616045, 1.135092, -6.376548), (16.617962, 1.12232, -6.536682)
(16.462578, 1.231789, -6.372719), (16.461155, 1.246672, -6.212032), (16.616045, 1.135092, -6.376548)
(16.308907, 1.33219, -6.368506), (16.462578, 1.231789, -6.372719), (16.464262, 1.21793, -6.533503)
(16.308907, 1.33219, -6.368506), (16.307756, 1.34806, -6.207151), (16.462578, 1.231789, -6.372719)
(16.155029, 1.435719, -6.363931), (16.308907, 1.33219, -6.368506), (16.310312, 1.317088, -6.529979)
(16.155029, 1.435719, -6.363931), (16.154188, 1.452436, -6.201888), (16.308907, 1.33219, -6.368506)
(16.614401, 1.149024, -6.2165), (16.767515, 1.055955, -6.220522), (16.769306, 1.043133, -6.37995)
(16.614401, 1.149024, -6.2165), (16.613068, 1.164585, -6.056482), (16.767515, 1.055955, -6.220522)
(16.461155, 1.246672, -6.212032), (16.460045, 1.263159, -6.051381), (16.614401, 1.149024, -6.2165)
(16.461155, 1.246672, -6.212032), (16.614401, 1.149024, -6.2165), (16.616045, 1.135092, -6.376548)
(16.307756, 1.34806, -6.207151), (16.306894, 1.364962, -6.045881), (16.461155, 1.246672, -6.212032)
(16.307756, 1.34806, -6.207151), (16.461155, 1.246672, -6.212032), (16.462578, 1.231789, -6.372719)
(16.154188, 1.452436, -6.201888), (16.153639, 1.470067, -6.039948), (16.307756, 1.34806, -6.207151)
(16.154188, 1.452436, -6.201888), (16.307756, 1.34806, -6.207151), (16.308907, 1.33219, -6.368506)
(16.613068, 1.164585, -6.056482), (16.766018, 1.070602, -6.061108), (16.767515, 1.055955, -6.220522)
(16.613068, 1.164585, -6.056482), (16.612064, 1.181627, -5.896481), (16.766018, 1.070602, -6.061108)
(16.460045, 1.263159, -6.051381), (16.613068, 1.164585, -6.056482), (16.614401, 1.149024, -6.2165)
(16.460045, 1.263159, -6.051381), (16.459253, 1.280755, -5.890782), (16.613068, 1.164585, -6.056482)
(16.306894, 1.364962, -6.045881), (16.460045, 1.263159, -6.051381), (16.461155, 1.246672, -6.212032)
(16.306894, 1.364962, -6.045881), (16.30637, 1.383192, -5.884656), (16.460045, 1.263159, -6.051381)
# 17.061247949980007, 0, -6.377612216686664
(17.373253, 0.68176, -6.704886), (17.520864, 0.603602, -6.705905), (17.523661, 0.599988, -6.863382)
(17.373253, 0.68176, -6.704886), (17.370483, 0.687253, -6.547238), (17.520864, 0.603602, -6.705905)
(17.225128, 0.763305, -6.70376), (17.373253, 0.68176, -6.704886), (17.376644, 0.679095, -6.862712)
(17.225128, 0.763305, -6.70376), (17.222378, 0.769366, -6.545715), (17.373253, 0.68176, -6.704886)
(17.07612, 0.847799, -6.702455), (17.225128, 0.763305, -6.70376), (17.228586, 0.760269, -6.861979)
(17.07612, 0.847799, -6.702455), (17.073458, 0.854828, -6.543945), (17.225128, 0.763305, -6.70376)
(16.925793, 0.933979, -6.700915), (17.07612, 0.847799, -6.702455), (17.079327, 0.843517, -6.861119)
(16.925793, 0.933979, -6.700915), (16.923267, 0.942348, -6.541885), (17.07612, 0.847799, -6.702455)
(16.773703, 1.021803, -6.699066), (16.925793, 0.933979, -6.700915), (16.92869, 0.928447, -6.860067)
(16.773703, 1.021803, -6.699066), (16.771366, 1.031178, -6.53948), (16.925793, 0.933979, -6.700915)
(17.370483, 0.687253, -6.547238), (17.36869, 0.696914, -6.389704), (17.518221, 0.609153, -6.548596)
(17.370483, 0.687253, -6.547238), (17.518221, 0.609153, -6.548596), (17.520864, 0.603602, -6.705905)
(17.222378, 0.769366, -6.545715), (17.220432, 0.779098, -6.387773), (17.370483, 0.687253, -6.547238)
(17.222378, 0.769366, -6.545715), (17.370483, 0.687253, -6.547238), (17.373253, 0.68176, -6.704886)
(17.073458, 0.854828, -6.543945), (17.071423, 0.864974, -6.385532), (17.222378, 0.769366, -6.545715)
(17.073458, 0.854828, -6.543945), (17.222378, 0.769366, -6.545715), (17.225128, 0.763305, -6.70376)
(16.923267, 0.942348, -6.541885), (16.921202, 0.953322, -6.382938), (17.073458, 0.854828, -6.543945)
(16.923267, 0.942348, -6.541885), (17.073458, 0.854828, -6.543945), (17.07612, 0.847799, -6.702455)
(16.771366, 1.031178, -6.53948), (16.769306, 1.043133, -6.37995), (16.923267, 0.942348, -6.541885)
(16.771366, 1.031178, -6.53948), (16.923267, 0.942348, -6.541885), (16.925793, 0.933979, -6.700915)
(17.36869, 0.696914, -6.389704), (17.516603, 0.618507, -6.39141), (17.518221, 0.609153, -6.548596)
(17.36869, 0.696914, -6.389704), (17.3678, 0.709437, -6.232244), (17.516603, 0.618507, -6.39141)
(17.220432, 0.779098, -6.387773), (17.36869, 0.696914, -6.389704), (17.370483, 0.687253, -6.547238)
(17.220432, 0.779098, -6.387773), (17.219261, 0.791613, -6.229897), (17.36869, 0.696914, -6.389704)
(17.071423, 0.864974, -6.385532), (17.220432, 0.779098, -6.387773), (17.222378, 0.769366, -6.545715)
(17.071423, 0.864974, -6.385532), (17.070005, 0.877456, -6.227189), (17.220432, 0.779098, -6.387773)
(16.921202, 0.953322, -6.382938), (17.071423, 0.864974, -6.385532), (17.073458, 0.854828, -6.543945)
(16.921202, 0.953322, -6.382938), (16.919579, 0.965997, -6.22407), (17.071423, 0.864974, -6.385532)
(16.769306, 1.043133, -6.37995), (16.921202, 0.953322, -6.382938), (16.923267, 0.942348, -6.541885)
(16.769306, 1.043133, -6.37995), (16.767515, 1.055955, -6.220522), (16.921202, 0.953322, -6.382938)
(17.3678, 0.709437, -6.232244), (17.367779, 0.725416, -6.07478), (17.516033, 0.631531, -6.234281)
(17.3678, 0.709437, -6.232244), (17.516033, 0.631531, -6.234281), (17.516603, 0.618507, -6.39141)
(17.219261, 0.791613, -6.229897), (17.3678, 0.709437, -6.232244), (17.36869, 0.696914, -6.389704)
(17.219261, 0.791613, -6.229897), (17.218821, 0.807274, -6.072013), (17.3678, 0.709437, -6.232244)
(17.070005, 0.877456, -6.227189), (17.06918, 0.892932, -6.068823), (17.219261, 0.791613, -6.229897)
(17.070005, 0.877456, -6.227189), (17.219261, 0.791613, -6.229897), (17.220432, 0.779098, -6.387773)
(16.919579, 0.965997, -6.22407), (16.918365, 0.98065, -6.065225), (17.070005, 0.877456, -6.227189)
(16.919579, 0.965997, -6.22407), (17.070005, 0.877456, -6.227189), (17.071423, 0.864974, -6.385532)
(16.767515, 1.055955, -6.220522), (16.766018, 1.070602, -6.061108), (16.919579, 0.965997, -6.22407)
(16.767515, 1.055955, -6.220522), (16.919579, 0.965997, -6.22407), (16.921202, 0.953322, -6.382938)
(17.367779, 0.725416, -6.07478), (17.515751, 0.646829, -6.07711), (17.516033, 0.631531, -6.234281)
(17.367779, 0.725416, -6.07478), (17.368107, 0.743862, -5.917227), (17.515751, 0.646829, -6.07711)
(17.218821, 0.807274, -6.072013), (17.367779, 0.725416, -6.07478), (17.3678, 0.709437, -6.232244)
(17.218821, 0.807274, -6.072013), (17.218977, 0.825536, -5.914083), (17.367779, 0.725416, -6.07478)
(17.06918, 0.892932, -6.068823), (17.218821, 0.807274, -6.072013), (17.219261, 0.791613, -6.229897)
(17.06918, 0.892932, -6.068823), (17.068817, 0.910501, -5.910426), (17.218821, 0.807274, -6.072013)
(16.918365, 0.98065, -6.065225), (17.06918, 0.892932, -6.068823), (17.070005, 0.877456, -6.227189)
(16.918365, 0.98065, -6.065225), (16.917503, 0.997687, -5.90631), (17.06918, 0.892932, -6.068823)
(16.766018, 1.070602, -6.061108), (16.918365, 0.98065, -6.065225), (16.919579, 0.965997, -6.22407)
(16.766018, 1.070602, -6.061108), (16.764864, 1.087089, -5.901674), (16.918365, 0.98065, -6.065225)
# 17.729018183313343, 0, -6.377612216686664
(17.964012, 0.391103, -6.708782), (18.113745, 0.331073, -6.70974), (18.114674, 0.324347, -6.866318)
(17.964012, 0.391103, -6.708782), (17.962982, 0.39923, -6.552188), (18.113745, 0.331073, -6.70974)
(17.815655, 0.457373, -6.707822), (17.964012, 0.391103, -6.708782), (17.965256, 0.384565, -6.865513)
(17.815655, 0.457373, -6.707822), (17.814161, 0.46479, -6.551044), (17.964012, 0.391103, -6.708782)
(17.668146, 0.528706, -6.706872), (17.815655, 0.457373, -6.707822), (17.817322, 0.451442, -6.864748)
(17.668146, 0.528706, -6.706872), (17.666006, 0.535016, -6.54985), (17.815655, 0.457373, -6.707822)
(17.520864, 0.603602, -6.705905), (17.668146, 0.528706, -6.706872), (17.670332, 0.523707, -6.864043)
(17.520864, 0.603602, -6.705905), (17.518221, 0.609153, -6.548596), (17.668146, 0.528706, -6.706872)
(17.962982, 0.39923, -6.552188), (17.961008, 0.407446, -6.39556), (18.112766, 0.339097, -6.553255)
(17.962982, 0.39923, -6.552188), (18.112766, 0.339097, -6.553255), (18.113745, 0.331073, -6.70974)
(17.814161, 0.46479, -6.551044), (17.812611, 0.473812, -6.394317), (17.962982, 0.39923, -6.552188)
(17.814161, 0.46479, -6.551044), (17.962982, 0.39923, -6.552188), (17.964012, 0.391103, -6.708782)
(17.666006, 0.535016, -6.54985), (17.664606, 0.544489, -6.392938), (17.814161, 0.46479, -6.551044)
(17.666006, 0.535016, -6.54985), (17.814161, 0.46479, -6.551044), (17.815655, 0.457373, -6.707822)
(17.518221, 0.609153, -6.548596), (17.516603, 0.618507, -6.39141), (17.666006, 0.535016, -6.54985)
(17.518221, 0.609153, -6.548596), (17.666006, 0.535016, -6.54985), (17.668146, 0.528706, -6.706872)
(17.961008, 0.407446, -6.39556), (18.11042, 0.346195, -6.39669), (18.112766, 0.339097, -6.553255)
(17.961008, 0.407446, -6.39556), (17.958811, 0.416982, -6.238878), (18.11042, 0.346195, -6.39669)
(17.812611, 0.473812, -6.394317), (17.961008, 0.407446, -6.39556), (17.962982, 0.39923, -6.552188)
(17.812611, 0.473812, -6.394317), (17.810991, 0.484714, -6.237543), (17.961008, 0.407446, -6.39556)
(17.664606, 0.544489, -6.392938), (17.812611, 0.473812, -6.394317), (17.814161, 0.46479, -6.551044)
(17.664606, 0.544489, -6.392938), (17.663651, 0.556642, -6.236028), (17.812611, 0.473812, -6.394317)
(17.516603, 0.618507, -6.39141), (17.664606, 0.544489, -6.392938), (17.666006, 0.535016, -6.54985)
(17.516603, 0.618507, -6.39141), (17.516033, 0.631531, -6.234281), (17.664606, 0.544489, -6.392938)
(17.958811, 0.416982, -6.238878), (17.956919, 0.429101, -6.082136), (18.107632, 0.353967, -6.239986)
(17.958811, 0.416982, -6.238878), (18.107632, 0.353967, -6.239986), (18.11042, 0.346195, -6.39669)
(17.810991, 0.484714, -6.237543), (17.958811, 0.416982, -6.238878), (17.961008, 0.407446, -6.39556)
(17.810991, 0.484714, -6.237543), (17.80958, 0.498064, -6.080696), (17.958811, 0.416982, -6.238878)
(17.663651, 0.556642, -6.236028), (17.662781, 0.571098, -6.079034), (17.810991, 0.484714, -6.237543)
(17.663651, 0.556642, -6.236028), (17.810991, 0.484714, -6.237543), (17.812611, 0.473812, -6.394317)
(17.516033, 0.631531, -6.234281), (17.515751, 0.646829, -6.07711), (17.663651, 0.556642, -6.236028)
(17.516033, 0.631531, -6.234281), (17.663651, 0.556642, -6.236028), (17.664606, 0.544489, -6.392938)
(17.956919, 0.429101, -6.082136), (18.105057, 0.363709, -6.08316), (18.107632, 0.353967, -6.239986)
(17.956919, 0.429101, -6.082136), (17.955452, 0.443586, -5.92532), (18.105057, 0.363709, -6.08316)
(17.80958, 0.498064, -6.080696), (17.956919, 0.429101, -6.082136), (17.958811, 0.416982, -6.238878)
(17.80958, 0.498064, -6.080696), (17.808529, 0.513732, -5.92377), (17.956919, 0.429101, -6.082136)
(17.662781, 0.571098, -6.079034), (17.80958, 0.498064, -6.080696), (17.810991, 0.484714, -6.237543)
(17.662781, 0.571098, -6.079034), (17.662159, 0.587722, -5.921947), (17.80958, 0.498064, -6.080696)
(17.515751, 0.646829, -6.07711), (17.662781, 0.571098, -6.079034), (17.663651, 0.556642, -6.236028)
(17.515751, 0.646829, -6.07711), (17.515602, 0.66458, -5.919802), (17.662781, 0.571098, -6.079034)
# 18.39678841664667, 0, -6.377612216686664
(18.417641, 0.226319, -6.7114), (18.56917, 0.165724, -6.711711), (18.569706, 0.158936, -6.868439)
(18.417641, 0.226319, -6.7114), (18.41588, 0.231693, -6.554636), (18.56917, 0.165724, -6.711711)
(18.265268, 0.278262, -6.71066), (18.417641, 0.226319, -6.7114), (18.418009, 0.218737, -6.867864)
(18.265268, 0.278262, -6.71066), (18.263981, 0.284964, -6.554181), (18.417641, 0.226319, -6.7114)
(18.113745, 0.331073, -6.70974), (18.265268, 0.278262, -6.71066), (18.265924, 0.27141, -6.867123)
(18.113745, 0.331073, -6.70974), (18.112766, 0.339097, -6.553255), (18.265268, 0.278262, -6.71066)
(18.56702, 0.169673, -6.554654), (18.56274, 0.170003, -6.397137), (18.717184, 0.098184, -6.554267)
(18.56702, 0.169673, -6.554654), (18.717184, 0.098184, -6.554267), (18.719707, 0.095523, -6.711713)
(18.41588, 0.231693, -6.554636), (18.412254, 0.234135, -6.397578), (18.56702, 0.169673, -6.554654)
(18.41588, 0.231693, -6.554636), (18.56702, 0.169673, -6.554654), (18.56917, 0.165724, -6.711711)
(18.717184, 0.098184, -6.554267), (18.712296, 0.096097, -6.396224), (18.866764, 0.020173, -6.553635)
(18.717184, 0.098184, -6.554267), (18.866764, 0.020173, -6.553635), (18.869682, 0.019214, -6.711535)
(18.263981, 0.284964, -6.554181), (18.260929, 0.289375, -6.39741), (18.41588, 0.231693, -6.554636)
(18.263981, 0.284964, -6.554181), (18.41588, 0.231693, -6.554636), (18.417641, 0.226319, -6.7114)
(18.112766, 0.339097, -6.553255), (18.11042, 0.346195, -6.39669), (18.263981, 0.284964, -6.554181)
(18.112766, 0.339097, -6.553255), (18.263981, 0.284964, -6.554181), (18.265268, 0.278262, -6.71066)
(18.412254, 0.234135, -6.397578), (18.56274, 0.170003, -6.397137), (18.56702, 0.169673, -6.554654)
(18.412254, 0.234135, -6.397578), (18.407732, 0.235236, -6.240217), (18.56274, 0.170003, -6.397137)
(18.260929, 0.289375, -6.39741), (18.412254, 0.234135, -6.397578), (18.41588, 0.231693, -6.554636)
(18.260929, 0.289375, -6.39741), (18.257292, 0.293953, -6.240461), (18.412254, 0.234135, -6.397578)
(18.56274, 0.170003, -6.397137), (18.712296, 0.096097, -6.396224), (18.717184, 0.098184, -6.554267)
(18.56274, 0.170003, -6.397137), (18.557495, 0.168368, -6.239256), (18.712296, 0.096097, -6.396224)
(18.11042, 0.346195, -6.39669), (18.260929, 0.289375, -6.39741), (18.263981, 0.284964, -6.554181)
(18.11042, 0.346195, -6.39669), (18.107632, 0.353967, -6.239986), (18.260929, 0.289375, -6.39741)
(18.712296, 0.096097, -6.396224), (18.86174, 0.017478, -6.395152), (18.866764, 0.020173, -6.553635)
(18.712296, 0.096097, -6.396224), (18.706755, 0.093568, -6.23786), (18.86174, 0.017478, -6.395152)
(18.257292, 0.293953, -6.240461), (18.253853, 0.300293, -6.083372), (18.407732, 0.235236, -6.240217)
(18.257292, 0.293953, -6.240461), (18.407732, 0.235236, -6.240217), (18.412254, 0.234135, -6.397578)
(18.407732, 0.235236, -6.240217), (18.557495, 0.168368, -6.239256), (18.56274, 0.170003, -6.397137)
(18.407732, 0.235236, -6.240217), (18.403229, 0.237126, -6.082669), (18.557495, 0.168368, -6.239256)
(18.107632, 0.353967, -6.239986), (18.105057, 0.363709, -6.08316), (18.257292, 0.293953, -6.240461)
(18.107632, 0.353967, -6.239986), (18.257292, 0.293953, -6.240461), (18.260929, 0.289375, -6.39741)
(18.557495, 0.168368, -6.239256), (18.55229, 0.16748, -6.081234), (18.706755, 0.093568, -6.23786)
(18.557495, 0.168368, -6.239256), (18.706755, 0.093568, -6.23786), (18.712296, 0.096097, -6.396224)
(18.706755, 0.093568, -6.23786), (18.700886, 0.089888, -6.079244), (18.855923, 0.013371, -6.236239)
(18.706755, 0.093568, -6.23786), (18.855923, 0.013371, -6.236239), (18.86174, 0.017478, -6.395152)
(18.253853, 0.300293, -6.083372), (18.403229, 0.237126, -6.082669), (18.407732, 0.235236, -6.240217)
(18.253853, 0.300293, -6.083372), (18.25071, 0.308043, -5.926181), (18.403229, 0.237126, -6.082669)
(18.105057, 0.363709, -6.08316), (18.253853, 0.300293, -6.083372), (18.257292, 0.293953, -6.240461)
(18.105057, 0.363709, -6.08316), (18.10293, 0.375799, -5.926259), (18.253853, 0.300293, -6.083372)
(18.403229, 0.237126, -6.082669), (18.55229, 0.16748, -6.081234), (18.557495, 0.168368, -6.239256)
(18.403229, 0.237126, -6.082669), (18.399063, 0.240292, -5.925097), (18.55229, 0.16748, -6.081234)
(18.55229, 0.16748, -6.081234), (18.700886, 0.089888, -6.079244), (18.706755, 0.093568, -6.23786)
(18.55229, 0.16748, -6.081234), (18.547215, 0.166773, -5.923136), (18.700886, 0.089888, -6.079244)
(18.700886, 0.089888, -6.079244), (18.849808, 0.008746, -6.077077), (18.855923, 0.013371, -6.236239)
(18.700886, 0.089888, -6.079244), (18.695244, 0.086855, -5.920617), (18.849808, 0.008746, -6.077077)
# 19.064558649980007, 0, -6.377612216686664
(19.019466, -0.05934, -6.711278), (19.169498, -0.135913, -6.711139), (19.171667, -0.137861, -6.868916)
(19.019466, -0.05934, -6.711278), (19.016327, -0.059621, -6.553019), (19.169498, -0.135913, -6.711139)
(19.320282, -0.205925, -6.711262), (19.47254, -0.264806, -6.711731), (19.475014, -0.26576, -6.869664)
(19.320282, -0.205925, -6.711262), (19.317705, -0.204543, -6.552643), (19.47254, -0.264806, -6.711731)
(19.169498, -0.135913, -6.711139), (19.320282, -0.205925, -6.711262), (19.322924, -0.206547, -6.86919)
(19.169498, -0.135913, -6.711139), (19.166521, -0.135876, -6.552644), (19.320282, -0.205925, -6.711262)
(18.866764, 0.020173, -6.553635), (18.86174, 0.017478, -6.395152), (19.016327, -0.059621, -6.553019)
(18.866764, 0.020173, -6.553635), (19.016327, -0.059621, -6.553019), (19.019466, -0.05934, -6.711278)
(19.016327, -0.059621, -6.553019), (19.0116, -0.061811, -6.394159), (19.166521, -0.135876, -6.552644)
(19.016327, -0.059621, -6.553019), (19.166521, -0.135876, -6.552644), (19.169498, -0.135913, -6.711139)
(19.166521, -0.135876, -6.552644), (19.162327, -0.137389, -6.393478), (19.317705, -0.204543, -6.552643)
(19.166521, -0.135876, -6.552644), (19.317705, -0.204543, -6.552643), (19.320282, -0.205925, -6.711262)
(19.317705, -0.204543, -6.552643), (19.314312, -0.204854, -6.393292), (19.470236, -0.262448, -6.553071)
(19.317705, -0.204543, -6.552643), (19.470236, -0.262448, -6.553071), (19.47254, -0.264806, -6.711731)
(18.86174, 0.017478, -6.395152), (19.0116, -0.061811, -6.394159), (19.016327, -0.059621, -6.553019)
(18.86174, 0.017478, -6.395152), (18.855923, 0.013371, -6.236239), (19.0116, -0.061811, -6.394159)
(19.0116, -0.061811, -6.394159), (19.162327, -0.137389, -6.393478), (19.166521, -0.135876, -6.552644)
(19.0116, -0.061811, -6.394159), (19.0058, -0.066651, -6.234758), (19.162327, -0.137389, -6.393478)
(19.162327, -0.137389, -6.393478), (19.314312, -0.204854, -6.393292), (19.317705, -0.204543, -6.552643)
(19.162327, -0.137389, -6.393478), (19.156965, -0.141367, -6.233715), (19.314312, -0.204854, -6.393292)
(19.314312, -0.204854, -6.393292), (19.467686, -0.261058, -6.39367), (19.470236, -0.262448, -6.553071)
(19.314312, -0.204854, -6.393292), (19.309694, -0.207103, -6.233308), (19.467686, -0.261058, -6.39367)
(18.855923, 0.013371, -6.236239), (18.849808, 0.008746, -6.077077), (19.0058, -0.066651, -6.234758)
(18.855923, 0.013371, -6.236239), (19.0058, -0.066651, -6.234758), (19.0116, -0.061811, -6.394159)
(19.0058, -0.066651, -6.234758), (19.156965, -0.141367, -6.233715), (19.162327, -0.137389, -6.393478)
(19.0058, -0.066651, -6.234758), (18.999697, -0.071659, -6.075116), (19.156965, -0.141367, -6.233715)
(19.156965, -0.141367, -6.233715), (19.151037, -0.146582, -6.073668), (19.309694, -0.207103, -6.233308)
(19.156965, -0.141367, -6.233715), (19.309694, -0.207103, -6.233308), (19.314312, -0.204854, -6.393292)
(19.309694, -0.207103, -6.233308), (19.304205, -0.21163, -6.072977), (19.46406, -0.261089, -6.233617)
(19.309694, -0.207103, -6.233308), (19.46406, -0.261089, -6.233617), (19.467686, -0.261058, -6.39367)
(18.849808, 0.008746, -6.077077), (18.999697, -0.071659, -6.075116), (19.0058, -0.066651, -6.234758)
(18.849808, 0.008746, -6.077077), (18.843737, 0.00364, -5.917925), (18.999697, -0.071659, -6.075116)
(18.999697, -0.071659, -6.075116), (19.151037, -0.146582, -6.073668), (19.156965, -0.141367, -6.233715)
(18.999697, -0.071659, -6.075116), (18.993395, -0.078049, -5.915458), (19.151037, -0.146582, -6.073668)
(19.151037, -0.146582, -6.073668), (19.304205, -0.21163, -6.072977), (19.309694, -0.207103, -6.233308)
(19.151037, -0.146582, -6.073668), (19.144819, -0.152971, -5.913587), (19.304205, -0.21163, -6.072977)
(19.304205, -0.21163, -6.072977), (19.459309, -0.263804, -6.073151), (19.46406, -0.261089, -6.233617)
(19.304205, -0.21163, -6.072977), (19.298307, -0.217243, -5.912574), (19.459309, -0.263804, -6.073151)
# 19.732328883313336, 0, -6.377612216686664
(19.781025, -0.335036, -6.555251), (19.779198, -0.33143, -6.396046), (19.939362, -0.347897, -6.55688)
(19.781025, -0.335036, -6.555251), (19.939362, -0.347897, -6.55688), (19.94047, -0.352871, -6.715053)
(19.62463, -0.306514, -6.553955), (19.622471, -0.303924, -6.394594), (19.781025, -0.335036, -6.555251)
(19.62463, -0.306514, -6.553955), (19.781025, -0.335036, -6.555251), (19.782585, -0.339253, -6.713674)
(19.470236, -0.262448, -6.553071), (19.467686, -0.261058, -6.39367), (19.62463, -0.306514, -6.553955)
(19.470236, -0.262448, -6.553071), (19.62463, -0.306514, -6.553955), (19.626595, -0.309828, -6.712546)
(19.779198, -0.33143, -6.396046), (19.93795, -0.343362, -6.397946), (19.939362, -0.347897, -6.55688)
(19.779198, -0.33143, -6.396046), (19.777348, -0.327394, -6.236238), (19.93795, -0.343362, -6.397946)
(19.622471, -0.303924, -6.394594), (19.779198, -0.33143, -6.396046), (19.781025, -0.335036, -6.555251)
(19.622471, -0.303924, -6.394594), (19.620008, -0.301446, -6.234622), (19.779198, -0.33143, -6.396046)
(19.467686, -0.261058, -6.39367), (19.622471, -0.303924, -6.394594), (19.62463, -0.306514, -6.553955)
(19.467686, -0.261058, -6.39367), (19.46406, -0.261089, -6.233617), (19.622471, -0.303924, -6.394594)
(19.777348, -0.327394, -6.236238), (19.774817, -0.325133, -6.076006), (19.936392, -0.33847, -6.238393)
(19.777348, -0.327394, -6.236238), (19.936392, -0.33847, -6.238393), (19.93795, -0.343362, -6.397946)
(19.620008, -0.301446, -6.234622), (19.777348, -0.327394, -6.236238), (19.779198, -0.33143, -6.396046)
(19.620008, -0.301446, -6.234622), (19.616262, -0.301839, -6.074191), (19.777348, -0.327394, -6.236238)
(19.46406, -0.261089, -6.233617), (19.459309, -0.263804, -6.073151), (19.620008, -0.301446, -6.234622)
(19.46406, -0.261089, -6.233617), (19.620008, -0.301446, -6.234622), (19.622471, -0.303924, -6.394594)
(19.774817, -0.325133, -6.076006), (19.934555, -0.334545, -6.078449), (19.936392, -0.33847, -6.238393)
(19.774817, -0.325133, -6.076006), (19.771299, -0.324954, -5.915595), (19.934555, -0.334545, -6.078449)
(19.616262, -0.301839, -6.074191), (19.774817, -0.325133, -6.076006), (19.777348, -0.327394, -6.236238)
(19.616262, -0.301839, -6.074191), (19.611732, -0.304077, -5.913615), (19.774817, -0.325133, -6.076006)
(19.459309, -0.263804, -6.073151), (19.616262, -0.301839, -6.074191), (19.620008, -0.301446, -6.234622)
(19.459309, -0.263804, -6.073151), (19.453968, -0.26806, -5.912576), (19.616262, -0.301839, -6.074191)
