# -19.66611488335333, 0, -14.390855016686668
(-19.991896, -0.37224, -14.683323), (-19.991135, -0.369012, -14.526955), (-19.833876, -0.443698, -14.682473)
(-19.991896, -0.37224, -14.683323), (-19.833876, -0.443698, -14.682473), (-19.834515, -0.44673, -14.838724)
(-19.833876, -0.443698, -14.682473), (-19.832972, -0.44026, -14.526098), (-19.676163, -0.50073, -14.681801)
(-19.833876, -0.443698, -14.682473), (-19.676163, -0.50073, -14.681801), (-19.676897, -0.503806, -14.838037)
(-19.676163, -0.50073, -14.681801), (-19.675444, -0.496678, -14.525436), (-19.520214, -0.536697, -14.681455)
(-19.676163, -0.50073, -14.681801), (-19.520214, -0.536697, -14.681455), (-19.519838, -0.54214, -14.837589)
(-19.368523, -0.544453, -14.681636), (-19.370584, -0.534942, -14.525489), (-19.221613, -0.521549, -14.682396)
(-19.368523, -0.544453, -14.681636), (-19.221613, -0.521549, -14.682396), (-19.217102, -0.535107, -14.83819)
(-19.520214, -0.536697, -14.681455), (-19.520819, -0.530007, -14.525195), (-19.368523, -0.544453, -14.681636)
(-19.520214, -0.536697, -14.681455), (-19.368523, -0.544453, -14.681636), (-19.366045, -0.554068, -14.837599)
(-19.991135, -0.369012, -14.526955), (-19.832972, -0.44026, -14.526098), (-19.833876, -0.443698, -14.682473)
(-19.991135, -0.369012, -14.526955), (-19.990162, -0.366156, -14.370498), (-19.832972, -0.44026, -14.526098)
(-19.832972, -0.44026, -14.526098), (-19.675444, -0.496678, -14.525436), (-19.676163, -0.50073, -14.681801)
(-19.832972, -0.44026, -14.526098), (-19.831808, -0.437573, -14.369608), (-19.675444, -0.496678, -14.525436)
(-19.370584, -0.534942, -14.525489), (-19.224949, -0.509735, -14.526349), (-19.221613, -0.521549, -14.682396)
(-19.370584, -0.534942, -14.525489), (-19.371544, -0.527324, -14.369159), (-19.224949, -0.509735, -14.526349)
(-19.675444, -0.496678, -14.525436), (-19.520819, -0.530007, -14.525195), (-19.520214, -0.536697, -14.681455)
(-19.675444, -0.496678, -14.525436), (-19.674732, -0.49275, -14.368972), (-19.520819, -0.530007, -14.525195)
(-19.520819, -0.530007, -14.525195), (-19.370584, -0.534942, -14.525489), (-19.368523, -0.544453, -14.681636)
(-19.520819, -0.530007, -14.525195), (-19.521029, -0.52398, -14.368797), (-19.370584, -0.534942, -14.525489)
(-19.990162, -0.366156, -14.370498), (-19.831808, -0.437573, -14.369608), (-19.832972, -0.44026, -14.526098)
(-19.990162, -0.366156, -14.370498), (-19.989031, -0.364058, -14.213985), (-19.831808, -0.437573, -14.369608)
(-19.831808, -0.437573, -14.369608), (-19.830517, -0.434953, -14.213066), (-19.674732, -0.49275, -14.368972)
(-19.831808, -0.437573, -14.369608), (-19.674732, -0.49275, -14.368972), (-19.675444, -0.496678, -14.525436)
(-19.371544, -0.527324, -14.369159), (-19.226492, -0.50108, -14.370083), (-19.224949, -0.509735, -14.526349)
(-19.371544, -0.527324, -14.369159), (-19.371082, -0.521723, -14.212686), (-19.226492, -0.50108, -14.370083)
(-19.674732, -0.49275, -14.368972), (-19.521029, -0.52398, -14.368797), (-19.520819, -0.530007, -14.525195)
(-19.674732, -0.49275, -14.368972), (-19.673788, -0.4888, -14.212454), (-19.521029, -0.52398, -14.368797)
(-19.521029, -0.52398, -14.368797), (-19.520491, -0.518823, -14.212303), (-19.371544, -0.527324, -14.369159)
(-19.521029, -0.52398, -14.368797), (-19.371544, -0.527324, -14.369159), (-19.370584, -0.534942, -14.525489)
(-19.989031, -0.364058, -14.213985), (-19.830517, -0.434953, -14.213066), (-19.831808, -0.437573, -14.369608)
(-19.989031, -0.364058, -14.213985), (-19.987755, -0.362809, -14.057442), (-19.830517, -0.434953, -14.213066)
(-19.830517, -0.434953, -14.213066), (-19.673788, -0.4888, -14.212454), (-19.674732, -0.49275, -14.368972)
(-19.830517, -0.434953, -14.213066), (-19.829084, -0.433093, -14.056496), (-19.673788, -0.4888, -14.212454)
(-19.371082, -0.521723, -14.212686), (-19.226027, -0.495381, -14.21363), (-19.226492, -0.50108, -14.370083)
(-19.371082, -0.521723, -14.212686), (-19.369165, -0.51863, -14.056096), (-19.226027, -0.495381, -14.21363)
(-19.673788, -0.4888, -14.212454), (-19.520491, -0.518823, -14.212303), (-19.521029, -0.52398, -14.368797)
(-19.673788, -0.4888, -14.212454), (-19.672426, -0.485969, -14.055878), (-19.520491, -0.518823, -14.212303)
(-19.520491, -0.518823, -14.212303), (-19.371082, -0.521723, -14.212686), (-19.371544, -0.527324, -14.369159)
(-19.520491, -0.518823, -14.212303), (-19.518988, -0.515481, -14.055725), (-19.371082, -0.521723, -14.212686)
(-19.987755, -0.362809, -14.057442), (-19.98638, -0.36262, -13.900892), (-19.829084, -0.433093, -14.056496)
(-19.987755, -0.362809, -14.057442), (-19.829084, -0.433093, -14.056496), (-19.830517, -0.434953, -14.213066)
# -18.99834465002, 0, -14.390855016686668
(-18.669359, -0.171525, -14.693491), (-18.671709, -0.174888, -14.537764), (-18.527702, -0.082383, -14.699818)
(-18.669359, -0.171525, -14.693491), (-18.527702, -0.082383, -14.699818), (-18.522289, -0.076137, -14.85581)
(-18.806221, -0.278168, -14.688712), (-18.810591, -0.270596, -14.532927), (-18.669359, -0.171525, -14.693491)
(-18.806221, -0.278168, -14.688712), (-18.669359, -0.171525, -14.693491), (-18.66168, -0.179476, -14.848978)
(-18.941868, -0.383519, -14.68583), (-18.946751, -0.37017, -14.529839), (-18.806221, -0.278168, -14.688712)
(-18.941868, -0.383519, -14.68583), (-18.806221, -0.278168, -14.688712), (-18.797867, -0.295154, -14.844365)
(-19.079613, -0.467384, -14.683766), (-19.084032, -0.453811, -14.527806), (-18.941868, -0.383519, -14.68583)
(-19.079613, -0.467384, -14.683766), (-18.941868, -0.383519, -14.68583), (-18.934101, -0.402644, -14.841441)
(-19.221613, -0.521549, -14.682396), (-19.224949, -0.509735, -14.526349), (-19.079613, -0.467384, -14.683766)
(-19.221613, -0.521549, -14.682396), (-19.079613, -0.467384, -14.683766), (-19.073277, -0.484245, -14.839431)
(-18.671709, -0.174888, -14.537764), (-18.526539, -0.10035, -14.543587), (-18.527702, -0.082383, -14.699818)
(-18.671709, -0.174888, -14.537764), (-18.668034, -0.188438, -14.381741), (-18.526539, -0.10035, -14.543587)
(-18.810591, -0.270596, -14.532927), (-18.671709, -0.174888, -14.537764), (-18.669359, -0.171525, -14.693491)
(-18.810591, -0.270596, -14.532927), (-18.809984, -0.272662, -14.377002), (-18.671709, -0.174888, -14.537764)
(-18.946751, -0.37017, -14.529839), (-18.810591, -0.270596, -14.532927), (-18.806221, -0.278168, -14.688712)
(-18.946751, -0.37017, -14.529839), (-18.948095, -0.363826, -14.373627), (-18.810591, -0.270596, -14.532927)
(-19.084032, -0.453811, -14.527806), (-18.946751, -0.37017, -14.529839), (-18.941868, -0.383519, -14.68583)
(-19.084032, -0.453811, -14.527806), (-19.085791, -0.445116, -14.371572), (-18.946751, -0.37017, -14.529839)
(-19.224949, -0.509735, -14.526349), (-19.084032, -0.453811, -14.527806), (-19.079613, -0.467384, -14.683766)
(-19.224949, -0.509735, -14.526349), (-19.226492, -0.50108, -14.370083), (-19.084032, -0.453811, -14.527806)
(-18.668034, -0.188438, -14.381741), (-18.657337, -0.212892, -14.225126), (-18.517885, -0.13021, -14.386674)
(-18.668034, -0.188438, -14.381741), (-18.517885, -0.13021, -14.386674), (-18.526539, -0.10035, -14.543587)
(-18.809984, -0.272662, -14.377002), (-18.668034, -0.188438, -14.381741), (-18.671709, -0.174888, -14.537764)
(-18.809984, -0.272662, -14.377002), (-18.804005, -0.283861, -14.220793), (-18.668034, -0.188438, -14.381741)
(-18.948095, -0.363826, -14.373627), (-18.945385, -0.364811, -14.21732), (-18.809984, -0.272662, -14.377002)
(-18.948095, -0.363826, -14.373627), (-18.809984, -0.272662, -14.377002), (-18.810591, -0.270596, -14.532927)
(-19.085791, -0.445116, -14.371572), (-18.948095, -0.363826, -14.373627), (-18.946751, -0.37017, -14.529839)
(-19.085791, -0.445116, -14.371572), (-19.08469, -0.440905, -14.215099), (-18.948095, -0.363826, -14.373627)
(-19.226492, -0.50108, -14.370083), (-19.226027, -0.495381, -14.21363), (-19.085791, -0.445116, -14.371572)
(-19.226492, -0.50108, -14.370083), (-19.085791, -0.445116, -14.371572), (-19.084032, -0.453811, -14.527806)
(-18.804005, -0.283861, -14.220793), (-18.657337, -0.212892, -14.225126), (-18.668034, -0.188438, -14.381741)
(-18.804005, -0.283861, -14.220793), (-18.792852, -0.302192, -14.06424), (-18.657337, -0.212892, -14.225126)
(-18.945385, -0.364811, -14.21732), (-18.804005, -0.283861, -14.220793), (-18.809984, -0.272662, -14.377002)
(-18.945385, -0.364811, -14.21732), (-18.938145, -0.373772, -14.060783), (-18.804005, -0.283861, -14.220793)
(-19.08469, -0.440905, -14.215099), (-18.945385, -0.364811, -14.21732), (-18.948095, -0.363826, -14.373627)
(-19.08469, -0.440905, -14.215099), (-19.080734, -0.441618, -14.058468), (-18.945385, -0.364811, -14.21732)
(-19.226027, -0.495381, -14.21363), (-19.08469, -0.440905, -14.215099), (-19.085791, -0.445116, -14.371572)
(-19.226027, -0.495381, -14.21363), (-19.223362, -0.493396, -14.057017), (-19.08469, -0.440905, -14.215099)
(-18.792852, -0.302192, -14.06424), (-18.776367, -0.32836, -13.906889), (-18.639944, -0.246324, -14.067531)
(-18.792852, -0.302192, -14.06424), (-18.639944, -0.246324, -14.067531), (-18.657337, -0.212892, -14.225126)
(-18.938145, -0.373772, -14.060783), (-18.927223, -0.388393, -13.903981), (-18.792852, -0.302192, -14.06424)
(-18.938145, -0.373772, -14.060783), (-18.792852, -0.302192, -14.06424), (-18.804005, -0.283861, -14.220793)
(-19.080734, -0.441618, -14.058468), (-19.073851, -0.447508, -13.901719), (-18.938145, -0.373772, -14.060783)
(-19.080734, -0.441618, -14.058468), (-18.938145, -0.373772, -14.060783), (-18.945385, -0.364811, -14.21732)
(-19.223362, -0.493396, -14.057017), (-19.218828, -0.49473, -13.900275), (-19.080734, -0.441618, -14.058468)
(-19.223362, -0.493396, -14.057017), (-19.080734, -0.441618, -14.058468), (-19.08469, -0.440905, -14.215099)
# -18.330574416686666, 0, -14.390855016686668
(-18.057991, -0.013406, -14.71971), (-18.041721, -0.077283, -14.558861), (-17.890266, -0.053359, -14.724304)
(-18.057991, -0.013406, -14.71971), (-17.890266, -0.053359, -14.724304), (-17.902422, 0.009608, -14.88594)
(-18.221504, -0.000704, -14.713646), (-18.210316, -0.052429, -14.554695), (-18.057991, -0.013406, -14.71971)
(-18.221504, -0.000704, -14.713646), (-18.057991, -0.013406, -14.71971), (-18.065706, 0.041344, -14.879623)
(-18.378662, -0.023039, -14.706878), (-18.372656, -0.058487, -14.549391), (-18.221504, -0.000704, -14.713646)
(-18.378662, -0.023039, -14.706878), (-18.221504, -0.000704, -14.713646), (-18.224508, 0.039265, -14.872017)
(-18.527702, -0.082383, -14.699818), (-18.526539, -0.10035, -14.543587), (-18.378662, -0.023039, -14.706878)
(-18.527702, -0.082383, -14.699818), (-18.378662, -0.023039, -14.706878), (-18.376879, -0.00112, -14.863757)
(-18.041721, -0.077283, -14.558861), (-17.869999, -0.122648, -14.561548), (-17.890266, -0.053359, -14.724304)
(-18.041721, -0.077283, -14.558861), (-18.01725, -0.146298, -14.396863), (-17.869999, -0.122648, -14.561548)
(-18.210316, -0.052429, -14.554695), (-18.041721, -0.077283, -14.558861), (-18.057991, -0.013406, -14.71971)
(-18.210316, -0.052429, -14.554695), (-18.190218, -0.113656, -14.394568), (-18.041721, -0.077283, -14.558861)
(-18.372656, -0.058487, -14.549391), (-18.210316, -0.052429, -14.554695), (-18.221504, -0.000704, -14.713646)
(-18.372656, -0.058487, -14.549391), (-18.358162, -0.105521, -14.391112), (-18.210316, -0.052429, -14.554695)
(-18.526539, -0.10035, -14.543587), (-18.372656, -0.058487, -14.549391), (-18.378662, -0.023039, -14.706878)
(-18.526539, -0.10035, -14.543587), (-18.517885, -0.13021, -14.386674), (-18.372656, -0.058487, -14.549391)
(-18.01725, -0.146298, -14.396863), (-17.985308, -0.216094, -14.233473), (-17.842768, -0.190599, -14.397811)
(-18.01725, -0.146298, -14.396863), (-17.842768, -0.190599, -14.397811), (-17.869999, -0.122648, -14.561548)
(-18.190218, -0.113656, -14.394568), (-18.01725, -0.146298, -14.396863), (-18.041721, -0.077283, -14.558861)
(-18.190218, -0.113656, -14.394568), (-18.161638, -0.180816, -14.232952), (-18.01725, -0.146298, -14.396863)
(-18.358162, -0.105521, -14.391112), (-18.334869, -0.162624, -14.231411), (-18.190218, -0.113656, -14.394568)
(-18.358162, -0.105521, -14.391112), (-18.190218, -0.113656, -14.394568), (-18.210316, -0.052429, -14.554695)
(-18.517885, -0.13021, -14.386674), (-18.358162, -0.105521, -14.391112), (-18.372656, -0.058487, -14.549391)
(-18.517885, -0.13021, -14.386674), (-18.501019, -0.17115, -14.228802), (-18.358162, -0.105521, -14.391112)
(-18.161638, -0.180816, -14.232952), (-17.985308, -0.216094, -14.233473), (-18.01725, -0.146298, -14.396863)
(-18.161638, -0.180816, -14.232952), (-18.126284, -0.248933, -14.069572), (-17.985308, -0.216094, -14.233473)
(-18.334869, -0.162624, -14.231411), (-18.161638, -0.180816, -14.232952), (-18.190218, -0.113656, -14.394568)
(-18.334869, -0.162624, -14.231411), (-18.303974, -0.224149, -14.070058), (-18.161638, -0.180816, -14.232952)
(-18.501019, -0.17115, -14.228802), (-18.334869, -0.162624, -14.231411), (-18.358162, -0.105521, -14.391112)
(-18.501019, -0.17115, -14.228802), (-18.476526, -0.220796, -14.069518), (-18.334869, -0.162624, -14.231411)
(-18.657337, -0.212892, -14.225126), (-18.501019, -0.17115, -14.228802), (-18.517885, -0.13021, -14.386674)
(-18.657337, -0.212892, -14.225126), (-18.639944, -0.246324, -14.067531), (-18.501019, -0.17115, -14.228802)
(-18.303974, -0.224149, -14.070058), (-18.267279, -0.28745, -13.906718), (-18.126284, -0.248933, -14.069572)
(-18.303974, -0.224149, -14.070058), (-18.126284, -0.248933, -14.069572), (-18.161638, -0.180816, -14.232952)
(-18.126284, -0.248933, -14.069572), (-18.086521, -0.311647, -13.90435), (-17.947966, -0.280932, -14.06837)
(-18.126284, -0.248933, -14.069572), (-17.947966, -0.280932, -14.06837), (-17.985308, -0.216094, -14.233473)
(-18.476526, -0.220796, -14.069518), (-18.445421, -0.275644, -13.908344), (-18.303974, -0.224149, -14.070058)
(-18.476526, -0.220796, -14.069518), (-18.303974, -0.224149, -14.070058), (-18.334869, -0.162624, -14.231411)
(-18.639944, -0.246324, -14.067531), (-18.616215, -0.287714, -13.908609), (-18.476526, -0.220796, -14.069518)
(-18.639944, -0.246324, -14.067531), (-18.476526, -0.220796, -14.069518), (-18.501019, -0.17115, -14.228802)
# -17.662804183353337, 0, -14.390855016686668
(-17.890266, -0.053359, -14.724304), (-17.869999, -0.122648, -14.561548), (-17.720722, -0.107818, -14.726815)
(-17.890266, -0.053359, -14.724304), (-17.720722, -0.107818, -14.726815), (-17.736626, -0.043382, -14.890346)
(-17.382385, -0.185916, -14.724077), (-17.359337, -0.22431, -14.557795), (-17.215742, -0.18574, -14.719249)
(-17.382385, -0.185916, -14.724077), (-17.215742, -0.18574, -14.719249), (-17.234344, -0.157705, -14.885546)
(-17.697731, -0.172769, -14.562355), (-17.526974, -0.212511, -14.560991), (-17.551077, -0.158157, -14.726757)
(-17.697731, -0.172769, -14.562355), (-17.6696, -0.232406, -14.397219), (-17.526974, -0.212511, -14.560991)
(-17.869999, -0.122648, -14.561548), (-17.697731, -0.172769, -14.562355), (-17.720722, -0.107818, -14.726815)
(-17.869999, -0.122648, -14.561548), (-17.842768, -0.190599, -14.397811), (-17.697731, -0.172769, -14.562355)
(-17.526974, -0.212511, -14.560991), (-17.359337, -0.22431, -14.557795), (-17.382385, -0.185916, -14.724077)
(-17.526974, -0.212511, -14.560991), (-17.499474, -0.257785, -14.395042), (-17.359337, -0.22431, -14.557795)
(-17.359337, -0.22431, -14.557795), (-17.195221, -0.205697, -14.553501), (-17.215742, -0.18574, -14.719249)
(-17.359337, -0.22431, -14.557795), (-17.334253, -0.253028, -14.39198), (-17.195221, -0.205697, -14.553501)
(-17.842768, -0.190599, -14.397811), (-17.6696, -0.232406, -14.397219), (-17.697731, -0.172769, -14.562355)
(-17.842768, -0.190599, -14.397811), (-17.809557, -0.254484, -14.232914), (-17.6696, -0.232406, -14.397219)
(-17.6696, -0.232406, -14.397219), (-17.637234, -0.283047, -14.231311), (-17.499474, -0.257785, -14.395042)
(-17.6696, -0.232406, -14.397219), (-17.499474, -0.257785, -14.395042), (-17.526974, -0.212511, -14.560991)
(-17.499474, -0.257785, -14.395042), (-17.334253, -0.253028, -14.39198), (-17.359337, -0.22431, -14.557795)
(-17.499474, -0.257785, -14.395042), (-17.470076, -0.291719, -14.228974), (-17.334253, -0.253028, -14.39198)
(-17.334253, -0.253028, -14.39198), (-17.309193, -0.269534, -14.226589), (-17.174496, -0.215798, -14.38879)
(-17.334253, -0.253028, -14.39198), (-17.174496, -0.215798, -14.38879), (-17.195221, -0.205697, -14.553501)
(-17.985308, -0.216094, -14.233473), (-17.809557, -0.254484, -14.232914), (-17.842768, -0.190599, -14.397811)
(-17.985308, -0.216094, -14.233473), (-17.947966, -0.280932, -14.06837), (-17.809557, -0.254484, -14.232914)
(-17.809557, -0.254484, -14.232914), (-17.637234, -0.283047, -14.231311), (-17.6696, -0.232406, -14.397219)
(-17.809557, -0.254484, -14.232914), (-17.773031, -0.308385, -14.066761), (-17.637234, -0.283047, -14.231311)
(-17.637234, -0.283047, -14.231311), (-17.470076, -0.291719, -14.228974), (-17.499474, -0.257785, -14.395042)
(-17.637234, -0.283047, -14.231311), (-17.603706, -0.320916, -14.064851), (-17.470076, -0.291719, -14.228974)
(-17.470076, -0.291719, -14.228974), (-17.309193, -0.269534, -14.226589), (-17.334253, -0.253028, -14.39198)
(-17.470076, -0.291719, -14.228974), (-17.441017, -0.311621, -14.062923), (-17.309193, -0.269534, -14.226589)
(-17.947966, -0.280932, -14.06837), (-17.908234, -0.336042, -13.901957), (-17.773031, -0.308385, -14.066761)
(-17.947966, -0.280932, -14.06837), (-17.773031, -0.308385, -14.066761), (-17.809557, -0.254484, -14.232914)
(-17.773031, -0.308385, -14.066761), (-17.735874, -0.348589, -13.899767), (-17.603706, -0.320916, -14.064851)
(-17.773031, -0.308385, -14.066761), (-17.603706, -0.320916, -14.064851), (-17.637234, -0.283047, -14.231311)
(-17.603706, -0.320916, -14.064851), (-17.571238, -0.343119, -13.898008), (-17.441017, -0.311621, -14.062923)
(-17.603706, -0.320916, -14.064851), (-17.441017, -0.311621, -14.062923), (-17.470076, -0.291719, -14.228974)
(-17.441017, -0.311621, -14.062923), (-17.41474, -0.315871, -13.896988), (-17.285975, -0.271392, -14.061656)
(-17.441017, -0.311621, -14.062923), (-17.285975, -0.271392, -14.061656), (-17.309193, -0.269534, -14.226589)
# -16.99503395002, 0, -14.390855016686668
(-17.215742, -0.18574, -14.719249), (-17.195221, -0.205697, -14.553501), (-17.051975, -0.158484, -14.713278)
(-17.215742, -0.18574, -14.719249), (-17.051975, -0.158484, -14.713278), (-17.068197, -0.149996, -14.878674)
(-17.051975, -0.158484, -14.713278), (-17.035368, -0.159332, -14.549113), (-16.891159, -0.108497, -14.707446)
(-17.051975, -0.158484, -14.713278), (-16.891159, -0.108497, -14.707446), (-16.904125, -0.118995, -14.870985)
(-16.891159, -0.108497, -14.707446), (-16.87923, -0.090147, -14.54542), (-16.732862, -0.040617, -14.702806)
(-16.891159, -0.108497, -14.707446), (-16.732862, -0.040617, -14.702806), (-16.742056, -0.069377, -14.863884)
(-16.732862, -0.040617, -14.702806), (-16.724884, -0.007456, -14.54287), (-16.575401, 0.034882, -14.699725)
(-16.732862, -0.040617, -14.702806), (-16.575401, 0.034882, -14.699725), (-16.581472, -0.007386, -14.858588)
(-17.195221, -0.205697, -14.553501), (-17.035368, -0.159332, -14.549113), (-17.051975, -0.158484, -14.713278)
(-17.195221, -0.205697, -14.553501), (-17.174496, -0.215798, -14.38879), (-17.035368, -0.159332, -14.549113)
(-17.035368, -0.159332, -14.549113), (-16.87923, -0.090147, -14.54542), (-16.891159, -0.108497, -14.707446)
(-17.035368, -0.159332, -14.549113), (-17.019766, -0.150802, -14.386082), (-16.87923, -0.090147, -14.54542)
(-16.87923, -0.090147, -14.54542), (-16.724884, -0.007456, -14.54287), (-16.732862, -0.040617, -14.702806)
(-16.87923, -0.090147, -14.54542), (-16.868612, -0.065345, -14.384294), (-16.724884, -0.007456, -14.54287)
(-16.724884, -0.007456, -14.54287), (-16.569916, 0.07439, -14.540855), (-16.575401, 0.034882, -14.699725)
(-16.724884, -0.007456, -14.54287), (-16.717972, 0.027023, -14.383097), (-16.569916, 0.07439, -14.540855)
(-17.174496, -0.215798, -14.38879), (-17.019766, -0.150802, -14.386082), (-17.035368, -0.159332, -14.549113)
(-17.174496, -0.215798, -14.38879), (-17.154825, -0.214585, -14.224768), (-17.019766, -0.150802, -14.386082)
(-17.019766, -0.150802, -14.386082), (-17.006279, -0.132429, -14.223829), (-16.868612, -0.065345, -14.384294)
(-17.019766, -0.150802, -14.386082), (-16.868612, -0.065345, -14.384294), (-16.87923, -0.090147, -14.54542)
(-16.868612, -0.065345, -14.384294), (-16.717972, 0.027023, -14.383097), (-16.724884, -0.007456, -14.54287)
(-16.868612, -0.065345, -14.384294), (-16.8599, -0.035574, -14.223547), (-16.717972, 0.027023, -14.383097)
(-16.717972, 0.027023, -14.383097), (-16.712107, 0.060416, -14.223485), (-16.565331, 0.110366, -14.382111)
(-16.717972, 0.027023, -14.383097), (-16.565331, 0.110366, -14.382111), (-16.569916, 0.07439, -14.540855)
(-17.309193, -0.269534, -14.226589), (-17.154825, -0.214585, -14.224768), (-17.174496, -0.215798, -14.38879)
(-17.309193, -0.269534, -14.226589), (-17.285975, -0.271392, -14.061656), (-17.154825, -0.214585, -14.224768)
(-17.154825, -0.214585, -14.224768), (-17.006279, -0.132429, -14.223829), (-17.019766, -0.150802, -14.386082)
(-17.154825, -0.214585, -14.224768), (-17.138294, -0.19972, -14.061384), (-17.006279, -0.132429, -14.223829)
(-17.006279, -0.132429, -14.223829), (-16.8599, -0.035574, -14.223547), (-16.868612, -0.065345, -14.384294)
(-17.006279, -0.132429, -14.223829), (-16.995335, -0.105234, -14.061953), (-16.8599, -0.035574, -14.223547)
(-16.8599, -0.035574, -14.223547), (-16.712107, 0.060416, -14.223485), (-16.717972, 0.027023, -14.383097)
(-16.8599, -0.035574, -14.223547), (-16.8528, -0.00215, -14.063078), (-16.712107, 0.060416, -14.223485)
(-16.712107, 0.060416, -14.223485), (-16.562168, 0.14371, -14.223819), (-16.565331, 0.110366, -14.382111)
(-16.712107, 0.060416, -14.223485), (-16.707983, 0.095006, -14.064479), (-16.562168, 0.14371, -14.223819)
(-16.707983, 0.095006, -14.064479), (-16.705734, 0.130328, -13.906217), (-16.560295, 0.175352, -14.066088)
(-16.707983, 0.095006, -14.064479), (-16.560295, 0.175352, -14.066088), (-16.562168, 0.14371, -14.223819)
(-16.8528, -0.00215, -14.063078), (-16.847885, 0.034449, -13.903341), (-16.707983, 0.095006, -14.064479)
(-16.8528, -0.00215, -14.063078), (-16.707983, 0.095006, -14.064479), (-16.712107, 0.060416, -14.223485)
(-16.995335, -0.105234, -14.061953), (-16.987331, -0.070881, -13.900746), (-16.8528, -0.00215, -14.063078)
(-16.995335, -0.105234, -14.061953), (-16.8528, -0.00215, -14.063078), (-16.8599, -0.035574, -14.223547)
(-17.285975, -0.271392, -14.061656), (-17.266359, -0.259453, -13.897085), (-17.138294, -0.19972, -14.061384)
(-17.285975, -0.271392, -14.061656), (-17.138294, -0.19972, -14.061384), (-17.154825, -0.214585, -14.224768)
(-17.138294, -0.19972, -14.061384), (-17.125452, -0.173667, -13.898483), (-16.995335, -0.105234, -14.061953)
(-17.138294, -0.19972, -14.061384), (-16.995335, -0.105234, -14.061953), (-17.006279, -0.132429, -14.223829)
# -16.32726371668667, 0, -14.390855016686668
(-16.575401, 0.034882, -14.699725), (-16.569916, 0.07439, -14.540855), (-16.416992, 0.103162, -14.697185)
(-16.575401, 0.034882, -14.699725), (-16.416992, 0.103162, -14.697185), (-16.421431, 0.05796, -14.855247)
(-16.416992, 0.103162, -14.697185), (-16.413559, 0.142402, -14.539262), (-16.258266, 0.15597, -14.695297)
(-16.416992, 0.103162, -14.697185), (-16.258266, 0.15597, -14.695297), (-16.261042, 0.113623, -14.852583)
(-16.258266, 0.15597, -14.695297), (-16.256702, 0.190777, -14.538332), (-16.100201, 0.190236, -14.694266)
(-16.258266, 0.15597, -14.695297), (-16.100201, 0.190236, -14.694266), (-16.101355, 0.15498, -14.850806)
(-16.100201, 0.190236, -14.694266), (-16.100035, 0.216284, -14.537816), (-15.943159, 0.205287, -14.693472)
(-16.100201, 0.190236, -14.694266), (-15.943159, 0.205287, -14.693472), (-15.943287, 0.181807, -14.850084)
(-16.569916, 0.07439, -14.540855), (-16.413559, 0.142402, -14.539262), (-16.416992, 0.103162, -14.697185)
(-16.569916, 0.07439, -14.540855), (-16.565331, 0.110366, -14.382111), (-16.413559, 0.142402, -14.539262)
(-16.413559, 0.142402, -14.539262), (-16.256702, 0.190777, -14.538332), (-16.258266, 0.15597, -14.695297)
(-16.413559, 0.142402, -14.539262), (-16.411266, 0.176141, -14.381664), (-16.256702, 0.190777, -14.538332)
(-16.256702, 0.190777, -14.538332), (-16.100035, 0.216284, -14.537816), (-16.100201, 0.190236, -14.694266)
(-16.256702, 0.190777, -14.538332), (-16.256176, 0.218392, -14.381702), (-16.100035, 0.216284, -14.537816)
(-16.100035, 0.216284, -14.537816), (-15.943173, 0.223551, -14.536407), (-15.943159, 0.205287, -14.693472)
(-16.100035, 0.216284, -14.537816), (-16.100348, 0.237372, -14.381351), (-15.943173, 0.223551, -14.536407)
(-16.565331, 0.110366, -14.382111), (-16.411266, 0.176141, -14.381664), (-16.413559, 0.142402, -14.539262)
(-16.565331, 0.110366, -14.382111), (-16.562168, 0.14371, -14.223819), (-16.411266, 0.176141, -14.381664)
(-16.256176, 0.218392, -14.381702), (-16.100348, 0.237372, -14.381351), (-16.100035, 0.216284, -14.537816)
(-16.256176, 0.218392, -14.381702), (-16.256405, 0.24201, -14.225396), (-16.100348, 0.237372, -14.381351)
(-16.411266, 0.176141, -14.381664), (-16.410046, 0.205364, -14.224531), (-16.256176, 0.218392, -14.381702)
(-16.411266, 0.176141, -14.381664), (-16.256176, 0.218392, -14.381702), (-16.256702, 0.190777, -14.538332)
(-16.100348, 0.237372, -14.381351), (-16.100752, 0.258794, -14.224865), (-15.943145, 0.241842, -14.379178)
(-16.100348, 0.237372, -14.381351), (-15.943145, 0.241842, -14.379178), (-15.943173, 0.223551, -14.536407)
(-16.256405, 0.24201, -14.225396), (-16.100752, 0.258794, -14.224865), (-16.100348, 0.237372, -14.381351)
(-16.256405, 0.24201, -14.225396), (-16.257061, 0.265396, -14.069328), (-16.100752, 0.258794, -14.224865)
(-16.100752, 0.258794, -14.224865), (-15.943279, 0.261906, -14.222159), (-15.943145, 0.241842, -14.379178)
(-16.100752, 0.258794, -14.224865), (-16.101305, 0.281791, -14.068526), (-15.943279, 0.261906, -14.222159)
(-16.410046, 0.205364, -14.224531), (-16.256405, 0.24201, -14.225396), (-16.256176, 0.218392, -14.381702)
(-16.410046, 0.205364, -14.224531), (-16.409914, 0.232122, -14.06801), (-16.256405, 0.24201, -14.225396)
(-16.562168, 0.14371, -14.223819), (-16.410046, 0.205364, -14.224531), (-16.411266, 0.176141, -14.381664)
(-16.562168, 0.14371, -14.223819), (-16.560295, 0.175352, -14.066088), (-16.410046, 0.205364, -14.224531)
(-16.257061, 0.265396, -14.069328), (-16.257936, 0.290443, -13.913383), (-16.101305, 0.281791, -14.068526)
(-16.257061, 0.265396, -14.069328), (-16.101305, 0.281791, -14.068526), (-16.100752, 0.258794, -14.224865)
(-16.101305, 0.281791, -14.068526), (-16.102047, 0.306555, -13.912448), (-15.943716, 0.284868, -14.065596)
(-16.101305, 0.281791, -14.068526), (-15.943716, 0.284868, -14.065596), (-15.943279, 0.261906, -14.222159)
(-16.409914, 0.232122, -14.06801), (-16.410629, 0.25771, -13.912048), (-16.257061, 0.265396, -14.069328)
(-16.409914, 0.232122, -14.06801), (-16.257061, 0.265396, -14.069328), (-16.256405, 0.24201, -14.225396)
(-16.560295, 0.175352, -14.066088), (-16.559885, 0.206065, -13.909141), (-16.409914, 0.232122, -14.06801)
(-16.560295, 0.175352, -14.066088), (-16.409914, 0.232122, -14.06801), (-16.410046, 0.205364, -14.224531)
# -15.659493483353337, 0, -14.390855016686668
(-15.943159, 0.205287, -14.693472), (-15.943173, 0.223551, -14.536407), (-15.785839, 0.206447, -14.691135)
(-15.943159, 0.205287, -14.693472), (-15.785839, 0.206447, -14.691135), (-15.786251, 0.191615, -14.84901)
(-15.785839, 0.206447, -14.691135), (-15.785263, 0.220325, -14.532899), (-15.627407, 0.196605, -14.686451)
(-15.785839, 0.206447, -14.691135), (-15.627407, 0.196605, -14.686451), (-15.628556, 0.187691, -14.845819)
(-15.627407, 0.196605, -14.686451), (-15.626287, 0.206536, -14.527131), (-15.467972, 0.176208, -14.679491)
(-15.627407, 0.196605, -14.686451), (-15.467972, 0.176208, -14.679491), (-15.469747, 0.172147, -14.840135)
(-15.467972, 0.176208, -14.679491), (-15.46644, 0.183452, -14.51936), (-15.307822, 0.147592, -14.670782)
(-15.467972, 0.176208, -14.679491), (-15.307822, 0.147592, -14.670782), (-15.310035, 0.146625, -14.832333)
(-15.943173, 0.223551, -14.536407), (-15.785263, 0.220325, -14.532899), (-15.785839, 0.206447, -14.691135)
(-15.943173, 0.223551, -14.536407), (-15.943145, 0.241842, -14.379178), (-15.785263, 0.220325, -14.532899)
(-15.785263, 0.220325, -14.532899), (-15.626287, 0.206536, -14.527131), (-15.627407, 0.196605, -14.686451)
(-15.785263, 0.220325, -14.532899), (-15.784822, 0.235933, -14.374858), (-15.626287, 0.206536, -14.527131)
(-15.626287, 0.206536, -14.527131), (-15.46644, 0.183452, -14.51936), (-15.467972, 0.176208, -14.679491)
(-15.626287, 0.206536, -14.527131), (-15.625515, 0.220232, -14.368447), (-15.46644, 0.183452, -14.51936)
(-15.46644, 0.183452, -14.51936), (-15.306038, 0.153701, -14.510163), (-15.307822, 0.147592, -14.670782)
(-15.46644, 0.183452, -14.51936), (-15.465448, 0.196368, -14.360274), (-15.306038, 0.153701, -14.510163)
(-15.943145, 0.241842, -14.379178), (-15.784822, 0.235933, -14.374858), (-15.785263, 0.220325, -14.532899)
(-15.943145, 0.241842, -14.379178), (-15.943279, 0.261906, -14.222159), (-15.784822, 0.235933, -14.374858)
(-15.784822, 0.235933, -14.374858), (-15.784746, 0.255173, -14.217424), (-15.625515, 0.220232, -14.368447)
(-15.784822, 0.235933, -14.374858), (-15.625515, 0.220232, -14.368447), (-15.626287, 0.206536, -14.527131)
(-15.625515, 0.220232, -14.368447), (-15.465448, 0.196368, -14.360274), (-15.46644, 0.183452, -14.51936)
(-15.625515, 0.220232, -14.368447), (-15.625301, 0.239428, -14.210766), (-15.465448, 0.196368, -14.360274)
(-15.465448, 0.196368, -14.360274), (-15.465226, 0.216825, -14.202637), (-15.305013, 0.167825, -14.351099)
(-15.465448, 0.196368, -14.360274), (-15.305013, 0.167825, -14.351099), (-15.306038, 0.153701, -14.510163)
(-15.943279, 0.261906, -14.222159), (-15.784746, 0.255173, -14.217424), (-15.784822, 0.235933, -14.374858)
(-15.943279, 0.261906, -14.222159), (-15.943716, 0.284868, -14.065596), (-15.784746, 0.255173, -14.217424)
(-15.784746, 0.255173, -14.217424), (-15.625301, 0.239428, -14.210766), (-15.625515, 0.220232, -14.368447)
(-15.784746, 0.255173, -14.217424), (-15.785162, 0.279033, -14.060808), (-15.625301, 0.239428, -14.210766)
(-15.625301, 0.239428, -14.210766), (-15.465226, 0.216825, -14.202637), (-15.465448, 0.196368, -14.360274)
(-15.625301, 0.239428, -14.210766), (-15.625774, 0.264948, -14.054279), (-15.465226, 0.216825, -14.202637)
(-15.465226, 0.216825, -14.202637), (-15.304951, 0.191277, -14.193873), (-15.305013, 0.167825, -14.351099)
(-15.465226, 0.216825, -14.202637), (-15.465914, 0.245705, -14.046651), (-15.304951, 0.191277, -14.193873)
(-15.943716, 0.284868, -14.065596), (-15.94451, 0.311102, -13.909596), (-15.785162, 0.279033, -14.060808)
(-15.943716, 0.284868, -14.065596), (-15.785162, 0.279033, -14.060808), (-15.784746, 0.255173, -14.217424)
(-15.785162, 0.279033, -14.060808), (-15.786096, 0.307503, -13.905048), (-15.625774, 0.264948, -14.054279)
(-15.785162, 0.279033, -14.060808), (-15.625774, 0.264948, -14.054279), (-15.625301, 0.239428, -14.210766)
# -14.991723250020002, 0, -14.390855016686668
(-15.307822, 0.147592, -14.670782), (-15.306038, 0.153701, -14.510163), (-15.147335, 0.114496, -14.661155)
(-15.307822, 0.147592, -14.670782), (-15.147335, 0.114496, -14.661155), (-15.149755, 0.114338, -14.823159)
(-15.147335, 0.114496, -14.661155), (-15.145564, 0.122169, -14.500599), (-14.987024, 0.082169, -14.651752)
(-15.147335, 0.114496, -14.661155), (-14.987024, 0.082169, -14.651752), (-14.989324, 0.079684, -14.813601)
(-14.987024, 0.082169, -14.651752), (-14.985457, 0.093084, -14.491597), (-14.82727, 0.054685, -14.643505)
(-14.987024, 0.082169, -14.651752), (-14.82727, 0.054685, -14.643505), (-14.829167, 0.047709, -14.804829)
(-14.82727, 0.054685, -14.643505), (-14.826211, 0.071688, -14.484292), (-14.668479, 0.036903, -14.637503)
(-14.82727, 0.054685, -14.643505), (-14.668479, 0.036903, -14.637503), (-14.669437, 0.022203, -14.798073)
(-14.668479, 0.036903, -14.637503), (-14.668131, 0.061293, -14.479447), (-14.510736, 0.031458, -14.634609)
(-14.668479, 0.036903, -14.637503), (-14.510736, 0.031458, -14.634609), (-14.510607, 0.007883, -14.794142)
(-15.306038, 0.153701, -14.510163), (-15.145564, 0.122169, -14.500599), (-15.147335, 0.114496, -14.661155)
(-15.306038, 0.153701, -14.510163), (-15.305013, 0.167825, -14.351099), (-15.145564, 0.122169, -14.500599)
(-15.145564, 0.122169, -14.500599), (-14.985457, 0.093084, -14.491597), (-14.987024, 0.082169, -14.651752)
(-15.145564, 0.122169, -14.500599), (-15.144687, 0.13912, -14.341884), (-14.985457, 0.093084, -14.491597)
(-14.985457, 0.093084, -14.491597), (-14.826211, 0.071688, -14.484292), (-14.82727, 0.054685, -14.643505)
(-14.985457, 0.093084, -14.491597), (-14.984937, 0.114894, -14.33365), (-14.826211, 0.071688, -14.484292)
(-14.826211, 0.071688, -14.484292), (-14.668131, 0.061293, -14.479447), (-14.668479, 0.036903, -14.637503)
(-14.826211, 0.071688, -14.484292), (-14.826208, 0.099646, -14.327375), (-14.668131, 0.061293, -14.479447)
(-14.668131, 0.061293, -14.479447), (-14.511501, 0.065417, -14.4778), (-14.510736, 0.031458, -14.634609)
(-14.668131, 0.061293, -14.479447), (-14.66887, 0.097474, -14.323957), (-14.511501, 0.065417, -14.4778)
(-15.305013, 0.167825, -14.351099), (-15.144687, 0.13912, -14.341884), (-15.145564, 0.122169, -14.500599)
(-15.305013, 0.167825, -14.351099), (-15.304951, 0.191277, -14.193873), (-15.144687, 0.13912, -14.341884)
(-15.144687, 0.13912, -14.341884), (-15.144888, 0.166559, -14.18529), (-14.984937, 0.114894, -14.33365)
(-15.144687, 0.13912, -14.341884), (-14.984937, 0.114894, -14.33365), (-14.985457, 0.093084, -14.491597)
(-14.984937, 0.114894, -14.33365), (-14.826208, 0.099646, -14.327375), (-14.826211, 0.071688, -14.484292)
(-14.984937, 0.114894, -14.33365), (-14.985603, 0.148189, -14.178061), (-14.826208, 0.099646, -14.327375)
(-14.826208, 0.099646, -14.327375), (-14.827471, 0.139936, -14.173035), (-14.66887, 0.097474, -14.323957)
(-14.826208, 0.099646, -14.327375), (-14.66887, 0.097474, -14.323957), (-14.668131, 0.061293, -14.479447)
(-14.66887, 0.097474, -14.323957), (-14.513034, 0.1099, -14.323783), (-14.511501, 0.065417, -14.4778)
(-14.66887, 0.097474, -14.323957), (-14.670788, 0.145024, -14.170925), (-14.513034, 0.1099, -14.323783)
(-15.304951, 0.191277, -14.193873), (-15.144888, 0.166559, -14.18529), (-15.144687, 0.13912, -14.341884)
(-15.304951, 0.191277, -14.193873), (-15.305912, 0.224061, -14.038515), (-15.144888, 0.166559, -14.18529)
(-15.144888, 0.166559, -14.18529), (-14.985603, 0.148189, -14.178061), (-14.984937, 0.114894, -14.33365)
(-15.144888, 0.166559, -14.18529), (-15.146301, 0.20509, -14.030948), (-14.985603, 0.148189, -14.178061)
(-14.985603, 0.148189, -14.178061), (-14.827471, 0.139936, -14.173035), (-14.826208, 0.099646, -14.327375)
(-14.985603, 0.148189, -14.178061), (-14.987511, 0.192729, -14.024797), (-14.827471, 0.139936, -14.173035)
(-14.827471, 0.139936, -14.173035), (-14.670788, 0.145024, -14.170925), (-14.66887, 0.097474, -14.323957)
(-14.827471, 0.139936, -14.173035), (-14.82999, 0.191541, -14.021067), (-14.670788, 0.145024, -14.170925)
(-14.670788, 0.145024, -14.170925), (-14.51568, 0.165236, -14.172139), (-14.513034, 0.1099, -14.323783)
(-14.670788, 0.145024, -14.170925), (-14.673953, 0.203875, -14.020281), (-14.51568, 0.165236, -14.172139)
# -14.32395301668667, 0, -14.390855016686668
(-14.045548, 0.105839, -14.646414), (-14.049598, 0.165787, -14.493166), (-13.892754, 0.155465, -14.655485)
(-14.045548, 0.105839, -14.646414), (-13.892754, 0.155465, -14.655485), (-13.887699, 0.095101, -14.810466)
(-14.199342, 0.066725, -14.639353), (-14.202367, 0.119033, -14.485082), (-14.045548, 0.105839, -14.646414)
(-14.199342, 0.066725, -14.639353), (-14.045548, 0.105839, -14.646414), (-14.041334, 0.051397, -14.802178)
(-14.354324, 0.041149, -14.635239), (-14.356269, 0.08483, -14.479743), (-14.199342, 0.066725, -14.639353)
(-14.354324, 0.041149, -14.635239), (-14.199342, 0.066725, -14.639353), (-14.196435, 0.021891, -14.796338)
(-14.510736, 0.031458, -14.634609), (-14.511501, 0.065417, -14.4778), (-14.354324, 0.041149, -14.635239)
(-14.510736, 0.031458, -14.634609), (-14.354324, 0.041149, -14.635239), (-14.352901, 0.007424, -14.793529)
(-14.049598, 0.165787, -14.493166), (-13.897577, 0.220664, -14.502922), (-13.892754, 0.155465, -14.655485)
(-14.049598, 0.165787, -14.493166), (-14.053687, 0.231175, -14.342108), (-13.897577, 0.220664, -14.502922)
(-14.202367, 0.119033, -14.485082), (-14.049598, 0.165787, -14.493166), (-14.045548, 0.105839, -14.646414)
(-14.202367, 0.119033, -14.485082), (-14.20573, 0.179128, -14.333329), (-14.049598, 0.165787, -14.493166)
(-14.356269, 0.08483, -14.479743), (-14.202367, 0.119033, -14.485082), (-14.199342, 0.066725, -14.639353)
(-14.356269, 0.08483, -14.479743), (-14.358717, 0.137591, -14.327001), (-14.202367, 0.119033, -14.485082)
(-14.511501, 0.065417, -14.4778), (-14.356269, 0.08483, -14.479743), (-14.354324, 0.041149, -14.635239)
(-14.511501, 0.065417, -14.4778), (-14.513034, 0.1099, -14.323783), (-14.356269, 0.08483, -14.479743)
(-14.053687, 0.231175, -14.342108), (-13.90212, 0.28895, -14.352278), (-13.897577, 0.220664, -14.502922)
(-14.053687, 0.231175, -14.342108), (-14.057747, 0.299912, -14.19272), (-13.90212, 0.28895, -14.352278)
(-14.20573, 0.179128, -14.333329), (-14.209472, 0.245435, -14.183597), (-14.053687, 0.231175, -14.342108)
(-14.20573, 0.179128, -14.333329), (-14.053687, 0.231175, -14.342108), (-14.049598, 0.165787, -14.493166)
(-14.358717, 0.137591, -14.327001), (-14.20573, 0.179128, -14.333329), (-14.202367, 0.119033, -14.485082)
(-14.358717, 0.137591, -14.327001), (-14.361992, 0.199423, -14.176507), (-14.20573, 0.179128, -14.333329)
(-14.513034, 0.1099, -14.323783), (-14.51568, 0.165236, -14.172139), (-14.358717, 0.137591, -14.327001)
(-14.513034, 0.1099, -14.323783), (-14.358717, 0.137591, -14.327001), (-14.356269, 0.08483, -14.479743)
(-14.057747, 0.299912, -14.19272), (-13.906303, 0.357858, -14.202825), (-13.90212, 0.28895, -14.352278)
(-14.057747, 0.299912, -14.19272), (-14.062062, 0.370792, -14.044022), (-13.906303, 0.357858, -14.202825)
(-14.209472, 0.245435, -14.183597), (-14.057747, 0.299912, -14.19272), (-14.053687, 0.231175, -14.342108)
(-14.209472, 0.245435, -14.183597), (-14.213744, 0.316186, -14.034985), (-14.057747, 0.299912, -14.19272)
(-14.361992, 0.199423, -14.176507), (-14.209472, 0.245435, -14.183597), (-14.20573, 0.179128, -14.333329)
(-14.361992, 0.199423, -14.176507), (-14.366028, 0.267754, -14.027542), (-14.209472, 0.245435, -14.183597)
(-14.51568, 0.165236, -14.172139), (-14.361992, 0.199423, -14.176507), (-14.358717, 0.137591, -14.327001)
(-14.51568, 0.165236, -14.172139), (-14.519341, 0.229506, -14.022482), (-14.361992, 0.199423, -14.176507)
# -13.656182783353334, 0, -14.390855016686668
(-13.437768, 0.328518, -14.684987), (-13.442162, 0.387824, -14.532164), (-13.285664, 0.376793, -14.692365)
(-13.437768, 0.328518, -14.684987), (-13.285664, 0.376793, -14.692365), (-13.281256, 0.322707, -14.846632)
(-13.589307, 0.272049, -14.675841), (-13.594296, 0.336772, -14.523418), (-13.437768, 0.328518, -14.684987)
(-13.589307, 0.272049, -14.675841), (-13.437768, 0.328518, -14.684987), (-13.432524, 0.267828, -14.839015)
(-13.740829, 0.21278, -14.665723), (-13.745955, 0.279396, -14.513365), (-13.589307, 0.272049, -14.675841)
(-13.740829, 0.21278, -14.665723), (-13.589307, 0.272049, -14.675841), (-13.583672, 0.208171, -14.829933)
(-13.892754, 0.155465, -14.655485), (-13.897577, 0.220664, -14.502922), (-13.740829, 0.21278, -14.665723)
(-13.892754, 0.155465, -14.655485), (-13.740829, 0.21278, -14.665723), (-13.735227, 0.148646, -14.820036)
(-13.442162, 0.387824, -14.532164), (-13.289106, 0.427929, -14.538837), (-13.285664, 0.376793, -14.692365)
(-13.442162, 0.387824, -14.532164), (-13.445641, 0.44391, -14.379929), (-13.289106, 0.427929, -14.538837)
(-13.594296, 0.336772, -14.523418), (-13.442162, 0.387824, -14.532164), (-13.437768, 0.328518, -14.684987)
(-13.594296, 0.336772, -14.523418), (-13.598497, 0.400015, -14.372124), (-13.442162, 0.387824, -14.532164)
(-13.745955, 0.279396, -14.513365), (-13.594296, 0.336772, -14.523418), (-13.589307, 0.272049, -14.675841)
(-13.745955, 0.279396, -14.513365), (-13.750494, 0.346611, -14.362572), (-13.594296, 0.336772, -14.523418)
(-13.897577, 0.220664, -14.502922), (-13.745955, 0.279396, -14.513365), (-13.740829, 0.21278, -14.665723)
(-13.897577, 0.220664, -14.502922), (-13.90212, 0.28895, -14.352278), (-13.745955, 0.279396, -14.513365)
(-13.445641, 0.44391, -14.379929), (-13.291673, 0.475095, -14.385425), (-13.289106, 0.427929, -14.538837)
(-13.445641, 0.44391, -14.379929), (-13.448424, 0.495841, -14.22744), (-13.291673, 0.475095, -14.385425)
(-13.598497, 0.400015, -14.372124), (-13.601992, 0.460118, -14.221079), (-13.445641, 0.44391, -14.379929)
(-13.598497, 0.400015, -14.372124), (-13.445641, 0.44391, -14.379929), (-13.442162, 0.387824, -14.532164)
(-13.750494, 0.346611, -14.362572), (-13.598497, 0.400015, -14.372124), (-13.594296, 0.336772, -14.523418)
(-13.750494, 0.346611, -14.362572), (-13.754499, 0.412632, -14.212571), (-13.598497, 0.400015, -14.372124)
(-13.90212, 0.28895, -14.352278), (-13.906303, 0.357858, -14.202825), (-13.750494, 0.346611, -14.362572)
(-13.90212, 0.28895, -14.352278), (-13.750494, 0.346611, -14.362572), (-13.745955, 0.279396, -14.513365)
(-13.448424, 0.495841, -14.22744), (-13.293674, 0.517781, -14.231253), (-13.291673, 0.475095, -14.385425)
(-13.448424, 0.495841, -14.22744), (-13.450659, 0.541956, -14.073774), (-13.293674, 0.517781, -14.231253)
(-13.601992, 0.460118, -14.221079), (-13.448424, 0.495841, -14.22744), (-13.445641, 0.44391, -14.379929)
(-13.601992, 0.460118, -14.221079), (-13.60503, 0.515487, -14.069221), (-13.448424, 0.495841, -14.22744)
(-13.754499, 0.412632, -14.212571), (-13.601992, 0.460118, -14.221079), (-13.598497, 0.400015, -14.372124)
(-13.754499, 0.412632, -14.212571), (-13.758217, 0.475839, -14.062267), (-13.601992, 0.460118, -14.221079)
(-13.906303, 0.357858, -14.202825), (-13.754499, 0.412632, -14.212571), (-13.750494, 0.346611, -14.362572)
(-13.906303, 0.357858, -14.202825), (-13.910433, 0.426119, -14.053556), (-13.754499, 0.412632, -14.212571)
(-13.450659, 0.541956, -14.073774), (-13.4523, 0.581806, -13.918699), (-13.295113, 0.554547, -14.07578)
(-13.450659, 0.541956, -14.073774), (-13.295113, 0.554547, -14.07578), (-13.293674, 0.517781, -14.231253)
(-13.60503, 0.515487, -14.069221), (-13.607508, 0.564818, -13.916081), (-13.450659, 0.541956, -14.073774)
(-13.60503, 0.515487, -14.069221), (-13.450659, 0.541956, -14.073774), (-13.448424, 0.495841, -14.22744)
(-13.758217, 0.475839, -14.062267), (-13.761509, 0.534167, -13.910989), (-13.60503, 0.515487, -14.069221)
(-13.758217, 0.475839, -14.062267), (-13.60503, 0.515487, -14.069221), (-13.601992, 0.460118, -14.221079)
# -12.988412550020001, 0, -14.390855016686668
(-12.6656, 0.442587, -14.701666), (-12.666608, 0.469847, -14.545722), (-12.509173, 0.443086, -14.701845)
(-12.6656, 0.442587, -14.701666), (-12.509173, 0.443086, -14.701845), (-12.508216, 0.41808, -14.857707)
(-12.82199, 0.441, -14.70145), (-12.823015, 0.469221, -14.545503), (-12.6656, 0.442587, -14.701666)
(-12.82199, 0.441, -14.70145), (-12.6656, 0.442587, -14.701666), (-12.664623, 0.416615, -14.857535)
(-12.9779, 0.433578, -14.700431), (-12.979317, 0.466592, -14.545106), (-12.82199, 0.441, -14.70145)
(-12.9779, 0.433578, -14.700431), (-12.82199, 0.441, -14.70145), (-12.820865, 0.412878, -14.857143)
(-13.132492, 0.412631, -14.697525), (-13.134846, 0.454384, -14.543148), (-12.9779, 0.433578, -14.700431)
(-13.132492, 0.412631, -14.697525), (-12.9779, 0.433578, -14.700431), (-12.975836, 0.397615, -14.8556)
(-13.285664, 0.376793, -14.692365), (-13.289106, 0.427929, -14.538837), (-13.132492, 0.412631, -14.697525)
(-13.285664, 0.376793, -14.692365), (-13.132492, 0.412631, -14.697525), (-13.1292, 0.367155, -14.852198)
(-12.666608, 0.469847, -14.545722), (-12.510165, 0.469407, -14.545908), (-12.509173, 0.443086, -14.701845)
(-12.666608, 0.469847, -14.545722), (-12.667635, 0.498248, -14.389666), (-12.510165, 0.469407, -14.545908)
(-12.823015, 0.469221, -14.545503), (-12.666608, 0.469847, -14.545722), (-12.6656, 0.442587, -14.701666)
(-12.823015, 0.469221, -14.545503), (-12.824054, 0.498465, -14.389427), (-12.666608, 0.469847, -14.545722)
(-12.979317, 0.466592, -14.545106), (-12.823015, 0.469221, -14.545503), (-12.82199, 0.441, -14.70145)
(-12.979317, 0.466592, -14.545106), (-12.980437, 0.497407, -14.389161), (-12.823015, 0.469221, -14.545503)
(-13.134846, 0.454384, -14.543148), (-12.979317, 0.466592, -14.545106), (-12.9779, 0.433578, -14.700431)
(-13.134846, 0.454384, -14.543148), (-13.136559, 0.49248, -14.388391), (-12.979317, 0.466592, -14.545106)
(-13.289106, 0.427929, -14.538837), (-13.134846, 0.454384, -14.543148), (-13.132492, 0.412631, -14.697525)
(-13.289106, 0.427929, -14.538837), (-13.291673, 0.475095, -14.385425), (-13.134846, 0.454384, -14.543148)
(-12.667635, 0.498248, -14.389666), (-12.668669, 0.527548, -14.233466), (-12.511181, 0.496914, -14.389866)
(-12.667635, 0.498248, -14.389666), (-12.511181, 0.496914, -14.389866), (-12.510165, 0.469407, -14.545908)
(-12.824054, 0.498465, -14.389427), (-12.667635, 0.498248, -14.389666), (-12.666608, 0.469847, -14.545722)
(-12.824054, 0.498465, -14.389427), (-12.825094, 0.528522, -14.233208), (-12.667635, 0.498248, -14.389666)
(-12.980437, 0.497407, -14.389161), (-12.981483, 0.528186, -14.232935), (-12.824054, 0.498465, -14.389427)
(-12.980437, 0.497407, -14.389161), (-12.824054, 0.498465, -14.389427), (-12.823015, 0.469221, -14.545503)
(-13.136559, 0.49248, -14.388391), (-12.980437, 0.497407, -14.389161), (-12.979317, 0.466592, -14.545106)
(-13.136559, 0.49248, -14.388391), (-13.137827, 0.526355, -14.232632), (-12.980437, 0.497407, -14.389161)
(-13.291673, 0.475095, -14.385425), (-13.293674, 0.517781, -14.231253), (-13.136559, 0.49248, -14.388391)
(-13.291673, 0.475095, -14.385425), (-13.136559, 0.49248, -14.388391), (-13.134846, 0.454384, -14.543148)
(-12.668669, 0.527548, -14.233466), (-12.512207, 0.525406, -14.233684), (-12.511181, 0.496914, -14.389866)
(-12.668669, 0.527548, -14.233466), (-12.669689, 0.557518, -14.077074), (-12.512207, 0.525406, -14.233684)
(-12.825094, 0.528522, -14.233208), (-12.668669, 0.527548, -14.233466), (-12.667635, 0.498248, -14.389666)
(-12.825094, 0.528522, -14.233208), (-12.82612, 0.559166, -14.076813), (-12.668669, 0.527548, -14.233466)
(-12.981483, 0.528186, -14.232935), (-12.825094, 0.528522, -14.233208), (-12.824054, 0.498465, -14.389427)
(-12.981483, 0.528186, -14.232935), (-12.982511, 0.559385, -14.076523), (-12.825094, 0.528522, -14.233208)
(-13.137827, 0.526355, -14.232632), (-12.981483, 0.528186, -14.232935), (-12.980437, 0.497407, -14.389161)
(-13.137827, 0.526355, -14.232632), (-13.138856, 0.558046, -14.076213), (-12.981483, 0.528186, -14.232935)
(-13.293674, 0.517781, -14.231253), (-13.137827, 0.526355, -14.232632), (-13.136559, 0.49248, -14.388391)
(-13.293674, 0.517781, -14.231253), (-13.295113, 0.554547, -14.07578), (-13.137827, 0.526355, -14.232632)
(-12.669689, 0.557518, -14.077074), (-12.670703, 0.588204, -13.920541), (-12.513224, 0.554709, -14.07732)
(-12.669689, 0.557518, -14.077074), (-12.513224, 0.554709, -14.07732), (-12.512207, 0.525406, -14.233684)
(-12.82612, 0.559166, -14.076813), (-12.827133, 0.590408, -13.920259), (-12.669689, 0.557518, -14.077074)
(-12.82612, 0.559166, -14.076813), (-12.669689, 0.557518, -14.077074), (-12.668669, 0.527548, -14.233466)
(-12.982511, 0.559385, -14.076523), (-12.983522, 0.591141, -13.919962), (-12.82612, 0.559166, -14.076813)
(-12.982511, 0.559385, -14.076523), (-12.82612, 0.559166, -14.076813), (-12.825094, 0.528522, -14.233208)
(-13.138856, 0.558046, -14.076213), (-13.139868, 0.590192, -13.919643), (-12.982511, 0.559385, -14.076523)
(-13.138856, 0.558046, -14.076213), (-12.982511, 0.559385, -14.076523), (-12.981483, 0.528186, -14.232935)
(-13.295113, 0.554547, -14.07578), (-13.296175, 0.587635, -13.919335), (-13.138856, 0.558046, -14.076213)
(-13.295113, 0.554547, -14.07578), (-13.138856, 0.558046, -14.076213), (-13.137827, 0.526355, -14.232632)
# -12.320642316686666, 0, -14.390855016686668
(-12.039742, 0.440181, -14.702178), (-12.040676, 0.463568, -14.546272), (-11.88323, 0.438336, -14.702238)
(-12.039742, 0.440181, -14.702178), (-11.88323, 0.438336, -14.702238), (-11.882361, 0.41727, -14.85808)
(-12.19624, 0.441674, -14.7021), (-12.197195, 0.466054, -14.546181), (-12.039742, 0.440181, -14.702178)
(-12.19624, 0.441674, -14.7021), (-12.039742, 0.440181, -14.702178), (-12.03885, 0.418106, -14.858027)
(-12.352719, 0.442719, -14.701986), (-12.353692, 0.468062, -14.546062), (-12.19624, 0.441674, -14.7021)
(-12.352719, 0.442719, -14.701986), (-12.19624, 0.441674, -14.7021), (-12.195325, 0.418699, -14.857945)
(-12.509173, 0.443086, -14.701845), (-12.510165, 0.469407, -14.545908), (-12.352719, 0.442719, -14.701986)
(-12.509173, 0.443086, -14.701845), (-12.352719, 0.442719, -14.701986), (-12.351784, 0.418727, -14.857841)
(-12.040676, 0.463568, -14.546272), (-11.884144, 0.460756, -14.546338), (-11.88323, 0.438336, -14.702238)
(-12.040676, 0.463568, -14.546272), (-12.041645, 0.488288, -14.390276), (-11.884144, 0.460756, -14.546338)
(-12.197195, 0.466054, -14.546181), (-12.040676, 0.463568, -14.546272), (-12.039742, 0.440181, -14.702178)
(-12.197195, 0.466054, -14.546181), (-12.198182, 0.491746, -14.390162), (-12.040676, 0.463568, -14.546272)
(-12.353692, 0.468062, -14.546062), (-12.197195, 0.466054, -14.546181), (-12.19624, 0.441674, -14.7021)
(-12.353692, 0.468062, -14.546062), (-12.354693, 0.494682, -14.390024), (-12.197195, 0.466054, -14.546181)
(-12.510165, 0.469407, -14.545908), (-12.353692, 0.468062, -14.546062), (-12.352719, 0.442719, -14.701986)
(-12.510165, 0.469407, -14.545908), (-12.511181, 0.496914, -14.389866), (-12.353692, 0.468062, -14.546062)
(-12.041645, 0.488288, -14.390276), (-12.042637, 0.514142, -14.23416), (-11.885091, 0.48449, -14.390363)
(-12.041645, 0.488288, -14.390276), (-11.885091, 0.48449, -14.390363), (-11.884144, 0.460756, -14.546338)
(-12.198182, 0.491746, -14.390162), (-12.041645, 0.488288, -14.390276), (-12.040676, 0.463568, -14.546272)
(-12.198182, 0.491746, -14.390162), (-12.199186, 0.518525, -14.23402), (-12.041645, 0.488288, -14.390276)
(-12.354693, 0.494682, -14.390024), (-12.35571, 0.522329, -14.233864), (-12.198182, 0.491746, -14.390162)
(-12.354693, 0.494682, -14.390024), (-12.198182, 0.491746, -14.390162), (-12.197195, 0.466054, -14.546181)
(-12.511181, 0.496914, -14.389866), (-12.354693, 0.494682, -14.390024), (-12.353692, 0.468062, -14.546062)
(-12.511181, 0.496914, -14.389866), (-12.512207, 0.525406, -14.233684), (-12.354693, 0.494682, -14.390024)
(-12.042637, 0.514142, -14.23416), (-11.886068, 0.509415, -14.234268), (-11.885091, 0.48449, -14.390363)
(-12.042637, 0.514142, -14.23416), (-12.043633, 0.541098, -14.077879), (-11.886068, 0.509415, -14.234268)
(-12.199186, 0.518525, -14.23402), (-12.042637, 0.514142, -14.23416), (-12.041645, 0.488288, -14.390276)
(-12.199186, 0.518525, -14.23402), (-12.20019, 0.546289, -14.077721), (-12.042637, 0.514142, -14.23416)
(-12.35571, 0.522329, -14.233864), (-12.199186, 0.518525, -14.23402), (-12.198182, 0.491746, -14.390162)
(-12.35571, 0.522329, -14.233864), (-12.356721, 0.550893, -14.077528), (-12.199186, 0.518525, -14.23402)
(-12.512207, 0.525406, -14.233684), (-12.35571, 0.522329, -14.233864), (-12.354693, 0.494682, -14.390024)
(-12.512207, 0.525406, -14.233684), (-12.513224, 0.554709, -14.07732), (-12.35571, 0.522329, -14.233864)
(-12.043633, 0.541098, -14.077879), (-12.044632, 0.568848, -13.921482), (-11.887054, 0.535477, -14.078028)
(-12.043633, 0.541098, -14.077879), (-11.887054, 0.535477, -14.078028), (-11.886068, 0.509415, -14.234268)
(-12.20019, 0.546289, -14.077721), (-12.201196, 0.574874, -13.921281), (-12.043633, 0.541098, -14.077879)
(-12.20019, 0.546289, -14.077721), (-12.043633, 0.541098, -14.077879), (-12.042637, 0.514142, -14.23416)
(-12.356721, 0.550893, -14.077528), (-12.35773, 0.580246, -13.921057), (-12.20019, 0.546289, -14.077721)
(-12.356721, 0.550893, -14.077528), (-12.20019, 0.546289, -14.077721), (-12.199186, 0.518525, -14.23402)
(-12.513224, 0.554709, -14.07732), (-12.514235, 0.584761, -13.920812), (-12.356721, 0.550893, -14.077528)
(-12.513224, 0.554709, -14.07732), (-12.356721, 0.550893, -14.077528), (-12.35571, 0.522329, -14.233864)
# -11.652872083353333, 0, -14.390855016686668
(-11.413662, 0.432104, -14.702307), (-11.414495, 0.451597, -14.546433), (-11.257138, 0.42989, -14.702314)
(-11.413662, 0.432104, -14.702307), (-11.257138, 0.42989, -14.702314), (-11.25638, 0.412526, -14.858152)
(-11.570188, 0.434253, -14.702293), (-11.57105, 0.454711, -14.546414), (-11.413662, 0.432104, -14.702307)
(-11.570188, 0.434253, -14.702293), (-11.413662, 0.432104, -14.702307), (-11.412872, 0.413822, -14.858149)
(-11.726712, 0.4364, -14.702272), (-11.727599, 0.457806, -14.546383), (-11.570188, 0.434253, -14.702293)
(-11.726712, 0.4364, -14.702272), (-11.570188, 0.434253, -14.702293), (-11.569375, 0.415156, -14.858135)
(-11.88323, 0.438336, -14.702238), (-11.884144, 0.460756, -14.546338), (-11.726712, 0.4364, -14.702272)
(-11.88323, 0.438336, -14.702238), (-11.726712, 0.4364, -14.702272), (-11.725869, 0.416308, -14.858113)
(-11.414495, 0.451597, -14.546433), (-11.257944, 0.448484, -14.54645), (-11.257138, 0.42989, -14.702314)
(-11.414495, 0.451597, -14.546433), (-11.415375, 0.472374, -14.390505), (-11.257944, 0.448484, -14.54645)
(-11.57105, 0.454711, -14.546414), (-11.414495, 0.451597, -14.546433), (-11.413662, 0.432104, -14.702307)
(-11.57105, 0.454711, -14.546414), (-11.571955, 0.476495, -14.390467), (-11.414495, 0.451597, -14.546433)
(-11.727599, 0.457806, -14.546383), (-11.57105, 0.454711, -14.546414), (-11.570188, 0.434253, -14.702293)
(-11.727599, 0.457806, -14.546383), (-11.728529, 0.480575, -14.39042), (-11.57105, 0.454711, -14.546414)
(-11.884144, 0.460756, -14.546338), (-11.727599, 0.457806, -14.546383), (-11.726712, 0.4364, -14.702272)
(-11.884144, 0.460756, -14.546338), (-11.885091, 0.48449, -14.390363), (-11.727599, 0.457806, -14.546383)
(-11.415375, 0.472374, -14.390505), (-11.416288, 0.494342, -14.234493), (-11.258793, 0.468287, -14.390536)
(-11.415375, 0.472374, -14.390505), (-11.258793, 0.468287, -14.390536), (-11.257944, 0.448484, -14.54645)
(-11.571955, 0.476495, -14.390467), (-11.415375, 0.472374, -14.390505), (-11.414495, 0.451597, -14.546433)
(-11.571955, 0.476495, -14.390467), (-11.57289, 0.499457, -14.234428), (-11.415375, 0.472374, -14.390505)
(-11.728529, 0.480575, -14.39042), (-11.729484, 0.504494, -14.234357), (-11.571955, 0.476495, -14.390467)
(-11.728529, 0.480575, -14.39042), (-11.571955, 0.476495, -14.390467), (-11.57105, 0.454711, -14.546414)
(-11.885091, 0.48449, -14.390363), (-11.728529, 0.480575, -14.39042), (-11.727599, 0.457806, -14.546383)
(-11.885091, 0.48449, -14.390363), (-11.886068, 0.509415, -14.234268), (-11.728529, 0.480575, -14.39042)
(-11.416288, 0.494342, -14.234493), (-11.25968, 0.489321, -14.234552), (-11.258793, 0.468287, -14.390536)
(-11.416288, 0.494342, -14.234493), (-11.417227, 0.51756, -14.078363), (-11.25968, 0.489321, -14.234552)
(-11.57289, 0.499457, -14.234428), (-11.416288, 0.494342, -14.234493), (-11.415375, 0.472374, -14.390505)
(-11.57289, 0.499457, -14.234428), (-11.57385, 0.523563, -14.07827), (-11.416288, 0.494342, -14.234493)
(-11.729484, 0.504494, -14.234357), (-11.57289, 0.499457, -14.234428), (-11.571955, 0.476495, -14.390467)
(-11.729484, 0.504494, -14.234357), (-11.73046, 0.529584, -14.078158), (-11.57289, 0.499457, -14.234428)
(-11.886068, 0.509415, -14.234268), (-11.729484, 0.504494, -14.234357), (-11.728529, 0.480575, -14.39042)
(-11.886068, 0.509415, -14.234268), (-11.887054, 0.535477, -14.078028), (-11.729484, 0.504494, -14.234357)
(-11.417227, 0.51756, -14.078363), (-11.418179, 0.541542, -13.922136), (-11.260596, 0.511564, -14.078464)
(-11.417227, 0.51756, -14.078363), (-11.260596, 0.511564, -14.078464), (-11.25968, 0.489321, -14.234552)
(-11.57385, 0.523563, -14.07827), (-11.574817, 0.548528, -13.921997), (-11.417227, 0.51756, -14.078363)
(-11.57385, 0.523563, -14.07827), (-11.417227, 0.51756, -14.078363), (-11.416288, 0.494342, -14.234493)
(-11.73046, 0.529584, -14.078158), (-11.73144, 0.555498, -13.921846), (-11.57385, 0.523563, -14.07827)
(-11.73046, 0.529584, -14.078158), (-11.57385, 0.523563, -14.07827), (-11.57289, 0.499457, -14.234428)
(-11.887054, 0.535477, -14.078028), (-11.888046, 0.562347, -13.921669), (-11.73046, 0.529584, -14.078158)
(-11.887054, 0.535477, -14.078028), (-11.73046, 0.529584, -14.078158), (-11.729484, 0.504494, -14.234357)
# -10.985101850019998, 0, -14.390855016686668
(-10.787601, 0.423297, -14.702353), (-10.788305, 0.439344, -14.546529), (-10.631102, 0.421126, -14.702394)
(-10.787601, 0.423297, -14.702353), (-10.631102, 0.421126, -14.702394), (-10.63048, 0.406931, -14.858192)
(-10.944104, 0.425446, -14.702333), (-10.944845, 0.442305, -14.546491), (-10.787601, 0.423297, -14.702353)
(-10.944104, 0.425446, -14.702333), (-10.787601, 0.423297, -14.702353), (-10.786942, 0.408372, -14.858169)
(-11.100618, 0.427664, -14.702321), (-11.101393, 0.445342, -14.546467), (-10.944104, 0.425446, -14.702333)
(-11.100618, 0.427664, -14.702321), (-10.944104, 0.425446, -14.702333), (-10.943417, 0.409859, -14.858159)
(-11.257138, 0.42989, -14.702314), (-11.257944, 0.448484, -14.54645), (-11.100618, 0.427664, -14.702321)
(-11.257138, 0.42989, -14.702314), (-11.100618, 0.427664, -14.702321), (-11.099894, 0.411226, -14.858155)
(-10.788305, 0.439344, -14.546529), (-10.63177, 0.436467, -14.546594), (-10.631102, 0.421126, -14.702394)
(-10.788305, 0.439344, -14.546529), (-10.789059, 0.456598, -14.390684), (-10.63177, 0.436467, -14.546594)
(-10.944845, 0.442305, -14.546491), (-10.788305, 0.439344, -14.546529), (-10.787601, 0.423297, -14.702353)
(-10.944845, 0.442305, -14.546491), (-10.945635, 0.460411, -14.390616), (-10.788305, 0.439344, -14.546529)
(-11.101393, 0.445342, -14.546467), (-10.944845, 0.442305, -14.546491), (-10.944104, 0.425446, -14.702333)
(-11.101393, 0.445342, -14.546467), (-11.102215, 0.464327, -14.390569), (-10.944845, 0.442305, -14.546491)
(-11.257944, 0.448484, -14.54645), (-11.101393, 0.445342, -14.546467), (-11.100618, 0.427664, -14.702321)
(-11.257944, 0.448484, -14.54645), (-11.258793, 0.468287, -14.390536), (-11.101393, 0.445342, -14.546467)
(-10.789059, 0.456598, -14.390684), (-10.789853, 0.474954, -14.234798), (-10.632487, 0.452952, -14.390784)
(-10.789059, 0.456598, -14.390684), (-10.632487, 0.452952, -14.390784), (-10.63177, 0.436467, -14.546594)
(-10.945635, 0.460411, -14.390616), (-10.789059, 0.456598, -14.390684), (-10.788305, 0.439344, -14.546529)
(-10.945635, 0.460411, -14.390616), (-10.946464, 0.479627, -14.234694), (-10.789059, 0.456598, -14.390684)
(-11.102215, 0.464327, -14.390569), (-11.103073, 0.484409, -14.234614), (-10.945635, 0.460411, -14.390616)
(-11.102215, 0.464327, -14.390569), (-10.945635, 0.460411, -14.390616), (-10.944845, 0.442305, -14.546491)
(-11.258793, 0.468287, -14.390536), (-11.102215, 0.464327, -14.390569), (-11.101393, 0.445342, -14.546467)
(-11.258793, 0.468287, -14.390536), (-11.25968, 0.489321, -14.234552), (-11.102215, 0.464327, -14.390569)
(-10.789853, 0.474954, -14.234798), (-10.633247, 0.470548, -14.234943), (-10.632487, 0.452952, -14.390784)
(-10.789853, 0.474954, -14.234798), (-10.790683, 0.494499, -14.078854), (-10.633247, 0.470548, -14.234943)
(-10.946464, 0.479627, -14.234694), (-10.789853, 0.474954, -14.234798), (-10.789059, 0.456598, -14.390684)
(-10.946464, 0.479627, -14.234694), (-10.947324, 0.499941, -14.078697), (-10.789853, 0.474954, -14.234798)
(-11.103073, 0.484409, -14.234614), (-10.946464, 0.479627, -14.234694), (-10.945635, 0.460411, -14.390616)
(-11.103073, 0.484409, -14.234614), (-11.103963, 0.505661, -14.07857), (-10.946464, 0.479627, -14.234694)
(-11.25968, 0.489321, -14.234552), (-11.103073, 0.484409, -14.234614), (-11.102215, 0.464327, -14.390569)
(-11.25968, 0.489321, -14.234552), (-11.260596, 0.511564, -14.078464), (-11.103073, 0.484409, -14.234614)
(-10.790683, 0.494499, -14.078854), (-10.791529, 0.514702, -13.922835), (-10.63404, 0.489277, -14.07906)
(-10.790683, 0.494499, -14.078854), (-10.63404, 0.489277, -14.07906), (-10.633247, 0.470548, -14.234943)
(-10.947324, 0.499941, -14.078697), (-10.948201, 0.52104, -13.922619), (-10.790683, 0.494499, -14.078854)
(-10.947324, 0.499941, -14.078697), (-10.790683, 0.494499, -14.078854), (-10.789853, 0.474954, -14.234798)
(-11.103963, 0.505661, -14.07857), (-11.104869, 0.527677, -13.922441), (-10.947324, 0.499941, -14.078697)
(-11.103963, 0.505661, -14.07857), (-10.947324, 0.499941, -14.078697), (-10.946464, 0.479627, -14.234694)
(-11.260596, 0.511564, -14.078464), (-11.261528, 0.534581, -13.922279), (-11.103963, 0.505661, -14.07857)
(-11.260596, 0.511564, -14.078464), (-11.103963, 0.505661, -14.07857), (-11.103073, 0.484409, -14.234614)
# -10.317331616686666, 0, -14.390855016686668
(-10.005197, 0.413796, -14.702977), (-10.005716, 0.42709, -14.547385), (-9.848753, 0.412758, -14.703288)
(-10.005197, 0.413796, -14.702977), (-9.848753, 0.412758, -14.703288), (-9.848319, 0.401009, -14.858864)
(-10.161658, 0.415336, -14.702747), (-10.162214, 0.428949, -14.547079), (-10.005197, 0.413796, -14.702977)
(-10.161658, 0.415336, -14.702747), (-10.005197, 0.413796, -14.702977), (-10.004723, 0.401644, -14.85861)
(-10.318131, 0.417108, -14.702579), (-10.318724, 0.431219, -14.546857), (-10.161658, 0.415336, -14.702747)
(-10.318131, 0.417108, -14.702579), (-10.161658, 0.415336, -14.702747), (-10.161144, 0.402728, -14.858436)
(-10.474613, 0.419116, -14.702468), (-10.475245, 0.433775, -14.546701), (-10.318131, 0.417108, -14.702579)
(-10.474613, 0.419116, -14.702468), (-10.318131, 0.417108, -14.702579), (-10.317585, 0.404123, -14.85832)
(-10.631102, 0.421126, -14.702394), (-10.63177, 0.436467, -14.546594), (-10.474613, 0.419116, -14.702468)
(-10.631102, 0.421126, -14.702394), (-10.474613, 0.419116, -14.702468), (-10.474029, 0.40554, -14.85824)
(-10.005716, 0.42709, -14.547385), (-9.849237, 0.425856, -14.547794), (-9.848753, 0.412758, -14.703288)
(-10.005716, 0.42709, -14.547385), (-10.006276, 0.44137, -14.391823), (-9.849237, 0.425856, -14.547794)
(-10.162214, 0.428949, -14.547079), (-10.005716, 0.42709, -14.547385), (-10.005197, 0.413796, -14.702977)
(-10.162214, 0.428949, -14.547079), (-10.162813, 0.443642, -14.391437), (-10.005716, 0.42709, -14.547385)
(-10.318724, 0.431219, -14.546857), (-10.162214, 0.428949, -14.547079), (-10.161658, 0.415336, -14.702747)
(-10.318724, 0.431219, -14.546857), (-10.319365, 0.446449, -14.391146), (-10.162214, 0.428949, -14.547079)
(-10.475245, 0.433775, -14.546701), (-10.318724, 0.431219, -14.546857), (-10.318131, 0.417108, -14.702579)
(-10.475245, 0.433775, -14.546701), (-10.475925, 0.449607, -14.390936), (-10.318724, 0.431219, -14.546857)
(-10.63177, 0.436467, -14.546594), (-10.475245, 0.433775, -14.546701), (-10.474613, 0.419116, -14.702468)
(-10.63177, 0.436467, -14.546594), (-10.632487, 0.452952, -14.390784), (-10.475245, 0.433775, -14.546701)
(-10.006276, 0.44137, -14.391823), (-9.849759, 0.439881, -14.392334), (-9.849237, 0.425856, -14.547794)
(-10.006276, 0.44137, -14.391823), (-10.006872, 0.456659, -14.236283), (-9.849759, 0.439881, -14.392334)
(-10.162813, 0.443642, -14.391437), (-10.163451, 0.459317, -14.235796), (-10.006276, 0.44137, -14.391823)
(-10.162813, 0.443642, -14.391437), (-10.006276, 0.44137, -14.391823), (-10.005716, 0.42709, -14.547385)
(-10.319365, 0.446449, -14.391146), (-10.162813, 0.443642, -14.391437), (-10.162214, 0.428949, -14.547079)
(-10.319365, 0.446449, -14.391146), (-10.320044, 0.462677, -14.235426), (-10.162813, 0.443642, -14.391437)
(-10.475925, 0.449607, -14.390936), (-10.476645, 0.46644, -14.235148), (-10.319365, 0.446449, -14.391146)
(-10.475925, 0.449607, -14.390936), (-10.319365, 0.446449, -14.391146), (-10.318724, 0.431219, -14.546857)
(-10.632487, 0.452952, -14.390784), (-10.475925, 0.449607, -14.390936), (-10.475245, 0.433775, -14.546701)
(-10.632487, 0.452952, -14.390784), (-10.633247, 0.470548, -14.234943), (-10.475925, 0.449607, -14.390936)
(-10.006872, 0.456659, -14.236283), (-9.85031, 0.454856, -14.236906), (-9.849759, 0.439881, -14.392334)
(-10.006872, 0.456659, -14.236283), (-10.007498, 0.472961, -14.080761), (-9.85031, 0.454856, -14.236906)
(-10.163451, 0.459317, -14.235796), (-10.006872, 0.456659, -14.236283), (-10.006276, 0.44137, -14.391823)
(-10.163451, 0.459317, -14.235796), (-10.164122, 0.476129, -14.080166), (-10.006872, 0.456659, -14.236283)
(-10.320044, 0.462677, -14.235426), (-10.163451, 0.459317, -14.235796), (-10.162813, 0.443642, -14.391437)
(-10.320044, 0.462677, -14.235426), (-10.320757, 0.479935, -14.079695), (-10.163451, 0.459317, -14.235796)
(-10.476645, 0.46644, -14.235148), (-10.320044, 0.462677, -14.235426), (-10.319365, 0.446449, -14.391146)
(-10.476645, 0.46644, -14.235148), (-10.477398, 0.484378, -14.079333), (-10.320044, 0.462677, -14.235426)
(-10.633247, 0.470548, -14.234943), (-10.476645, 0.46644, -14.235148), (-10.475925, 0.449607, -14.390936)
(-10.633247, 0.470548, -14.234943), (-10.63404, 0.489277, -14.07906), (-10.476645, 0.46644, -14.235148)
(-10.007498, 0.472961, -14.080761), (-10.008135, 0.489933, -13.925224), (-9.850886, 0.470716, -14.081506)
(-10.007498, 0.472961, -14.080761), (-9.850886, 0.470716, -14.081506), (-9.85031, 0.454856, -14.236906)
(-10.164122, 0.476129, -14.080166), (-10.164808, 0.493501, -13.924499), (-10.007498, 0.472961, -14.080761)
(-10.164122, 0.476129, -14.080166), (-10.007498, 0.472961, -14.080761), (-10.006872, 0.456659, -14.236283)
(-10.320757, 0.479935, -14.079695), (-10.321487, 0.497879, -13.923917), (-10.164122, 0.476129, -14.080166)
(-10.320757, 0.479935, -14.079695), (-10.164122, 0.476129, -14.080166), (-10.163451, 0.459317, -14.235796)
(-10.477398, 0.484378, -14.079333), (-10.478168, 0.50297, -13.923463), (-10.320757, 0.479935, -14.079695)
(-10.477398, 0.484378, -14.079333), (-10.320757, 0.479935, -14.079695), (-10.320044, 0.462677, -14.235426)
(-10.63404, 0.489277, -14.07906), (-10.634851, 0.508669, -13.923111), (-10.477398, 0.484378, -14.079333)
(-10.63404, 0.489277, -14.07906), (-10.477398, 0.484378, -14.079333), (-10.476645, 0.46644, -14.235148)
