# -19.66611488335333, 0, 10.984413849980005
(-19.926817, -0.801484, 10.68503), (-19.769743, -0.803731, 10.685544), (-19.773262, -0.770914, 10.526877)
(-19.926817, -0.801484, 10.68503), (-19.923222, -0.830798, 10.843754), (-19.769743, -0.803731, 10.685544)
(-19.769743, -0.803731, 10.685544), (-19.613928, -0.789552, 10.68874), (-19.617653, -0.755065, 10.530376)
(-19.769743, -0.803731, 10.685544), (-19.765984, -0.8341, 10.844183), (-19.613928, -0.789552, 10.68874)
(-19.613928, -0.789552, 10.68874), (-19.459303, -0.758331, 10.694355), (-19.463264, -0.72203, 10.536453)
(-19.613928, -0.789552, 10.68874), (-19.610008, -0.82127, 10.847153), (-19.459303, -0.758331, 10.694355)
(-19.459303, -0.758331, 10.694355), (-19.30579, -0.710123, 10.702034), (-19.309996, -0.672662, 10.544709)
(-19.459303, -0.758331, 10.694355), (-19.455231, -0.791274, 10.852427), (-19.30579, -0.710123, 10.702034)
(-19.923222, -0.830798, 10.843754), (-19.919813, -0.855491, 11.002885), (-19.765984, -0.8341, 10.844183)
(-19.923222, -0.830798, 10.843754), (-19.765984, -0.8341, 10.844183), (-19.769743, -0.803731, 10.685544)
(-19.765984, -0.8341, 10.844183), (-19.762423, -0.859973, 11.003193), (-19.610008, -0.82127, 10.847153)
(-19.765984, -0.8341, 10.844183), (-19.610008, -0.82127, 10.847153), (-19.613928, -0.789552, 10.68874)
(-19.610008, -0.82127, 10.847153), (-19.606287, -0.848489, 11.005926), (-19.455231, -0.791274, 10.852427)
(-19.610008, -0.82127, 10.847153), (-19.455231, -0.791274, 10.852427), (-19.459303, -0.758331, 10.694355)
(-19.455231, -0.791274, 10.852427), (-19.451347, -0.820195, 11.010833), (-19.301579, -0.744131, 10.859692)
(-19.455231, -0.791274, 10.852427), (-19.301579, -0.744131, 10.859692), (-19.30579, -0.710123, 10.702034)
(-19.919813, -0.855491, 11.002885), (-19.762423, -0.859973, 11.003193), (-19.765984, -0.8341, 10.844183)
(-19.919813, -0.855491, 11.002885), (-19.916658, -0.876564, 11.161746), (-19.762423, -0.859973, 11.003193)
(-19.762423, -0.859973, 11.003193), (-19.606287, -0.848489, 11.005926), (-19.610008, -0.82127, 10.847153)
(-19.762423, -0.859973, 11.003193), (-19.759111, -0.881996, 11.161914), (-19.606287, -0.848489, 11.005926)
(-19.606287, -0.848489, 11.005926), (-19.451347, -0.820195, 11.010833), (-19.455231, -0.791274, 10.852427)
(-19.606287, -0.848489, 11.005926), (-19.602808, -0.871922, 11.16434), (-19.451347, -0.820195, 11.010833)
(-19.451347, -0.820195, 11.010833), (-19.297525, -0.774324, 11.01761), (-19.301579, -0.744131, 10.859692)
(-19.451347, -0.820195, 11.010833), (-19.447678, -0.845889, 11.168776), (-19.297525, -0.774324, 11.01761)
(-19.916658, -0.876564, 11.161746), (-19.913733, -0.89451, 11.319923), (-19.759111, -0.881996, 11.161914)
(-19.916658, -0.876564, 11.161746), (-19.759111, -0.881996, 11.161914), (-19.762423, -0.859973, 11.003193)
(-19.759111, -0.881996, 11.161914), (-19.756029, -0.900991, 11.319931), (-19.602808, -0.871922, 11.16434)
(-19.759111, -0.881996, 11.161914), (-19.602808, -0.871922, 11.16434), (-19.606287, -0.848489, 11.005926)
(-19.602808, -0.871922, 11.16434), (-19.447678, -0.845889, 11.168776), (-19.451347, -0.820195, 11.010833)
(-19.602808, -0.871922, 11.16434), (-19.599531, -0.892615, 11.321979), (-19.447678, -0.845889, 11.168776)
(-19.447678, -0.845889, 11.168776), (-19.444193, -0.869111, 11.325869), (-19.293652, -0.802179, 11.174967)
(-19.447678, -0.845889, 11.168776), (-19.293652, -0.802179, 11.174967), (-19.297525, -0.774324, 11.01761)
# -18.99834465002, 0, 10.984413849980005
(-19.30579, -0.710123, 10.702034), (-19.153263, -0.648434, 10.711303), (-19.157665, -0.610572, 10.554577)
(-19.30579, -0.710123, 10.702034), (-19.301579, -0.744131, 10.859692), (-19.153263, -0.648434, 10.711303)
(-19.153263, -0.648434, 10.711303), (-19.001549, -0.57915, 10.721485), (-19.006058, -0.541272, 10.565296)
(-19.153263, -0.648434, 10.711303), (-19.148924, -0.68266, 10.868468), (-19.001549, -0.57915, 10.721485)
(-19.001549, -0.57915, 10.721485), (-18.850426, -0.50689, 10.731842), (-18.854956, -0.468762, 10.57618)
(-19.001549, -0.57915, 10.721485), (-18.997108, -0.613247, 10.878086), (-18.850426, -0.50689, 10.731842)
(-18.850426, -0.50689, 10.731842), (-18.699694, -0.433665, 10.74171), (-18.704195, -0.395079, 10.586632)
(-18.850426, -0.50689, 10.731842), (-18.845926, -0.541344, 10.8878), (-18.699694, -0.433665, 10.74171)
(-18.699694, -0.433665, 10.74171), (-18.549145, -0.36044, 10.750436), (-18.553545, -0.321766, 10.595965)
(-18.699694, -0.433665, 10.74171), (-18.695177, -0.468694, 10.896957), (-18.549145, -0.36044, 10.750436)
(-19.301579, -0.744131, 10.859692), (-19.297525, -0.774324, 11.01761), (-19.148924, -0.68266, 10.868468)
(-19.301579, -0.744131, 10.859692), (-19.148924, -0.68266, 10.868468), (-19.153263, -0.648434, 10.711303)
(-19.148924, -0.68266, 10.868468), (-19.144711, -0.713154, 11.025826), (-18.997108, -0.613247, 10.878086)
(-19.148924, -0.68266, 10.868468), (-18.997108, -0.613247, 10.878086), (-19.001549, -0.57915, 10.721485)
(-18.997108, -0.613247, 10.878086), (-18.992756, -0.643793, 11.034795), (-18.845926, -0.541344, 10.8878)
(-18.997108, -0.613247, 10.878086), (-18.845926, -0.541344, 10.8878), (-18.850426, -0.50689, 10.731842)
(-18.845926, -0.541344, 10.8878), (-18.841455, -0.572646, 11.043731), (-18.695177, -0.468694, 10.896957)
(-18.845926, -0.541344, 10.8878), (-18.695177, -0.468694, 10.896957), (-18.699694, -0.433665, 10.74171)
(-18.695177, -0.468694, 10.896957), (-18.69072, -0.500462, 11.052327), (-18.544762, -0.395116, 10.905268)
(-18.695177, -0.468694, 10.896957), (-18.544762, -0.395116, 10.905268), (-18.549145, -0.36044, 10.750436)
(-19.297525, -0.774324, 11.01761), (-19.144711, -0.713154, 11.025826), (-19.148924, -0.68266, 10.868468)
(-19.297525, -0.774324, 11.01761), (-19.293652, -0.802179, 11.174967), (-19.144711, -0.713154, 11.025826)
(-19.144711, -0.713154, 11.025826), (-18.992756, -0.643793, 11.034795), (-18.997108, -0.613247, 10.878086)
(-19.144711, -0.713154, 11.025826), (-19.14064, -0.741855, 11.182542), (-18.992756, -0.643793, 11.034795)
(-18.992756, -0.643793, 11.034795), (-18.841455, -0.572646, 11.043731), (-18.845926, -0.541344, 10.8878)
(-18.992756, -0.643793, 11.034795), (-18.988512, -0.672751, 11.190865), (-18.841455, -0.572646, 11.043731)
(-18.841455, -0.572646, 11.043731), (-18.69072, -0.500462, 11.052327), (-18.695177, -0.468694, 10.896957)
(-18.841455, -0.572646, 11.043731), (-18.837173, -0.601095, 11.199488), (-18.69072, -0.500462, 11.052327)
(-18.69072, -0.500462, 11.052327), (-18.540508, -0.426162, 11.060494), (-18.544762, -0.395116, 10.905268)
(-18.69072, -0.500462, 11.052327), (-18.686522, -0.528282, 11.207991), (-18.540508, -0.426162, 11.060494)
(-19.293652, -0.802179, 11.174967), (-19.289965, -0.827848, 11.331473), (-19.14064, -0.741855, 11.182542)
(-19.293652, -0.802179, 11.174967), (-19.14064, -0.741855, 11.182542), (-19.144711, -0.713154, 11.025826)
(-19.14064, -0.741855, 11.182542), (-19.136808, -0.768293, 11.338608), (-18.988512, -0.672751, 11.190865)
(-19.14064, -0.741855, 11.182542), (-18.988512, -0.672751, 11.190865), (-18.992756, -0.643793, 11.034795)
(-18.988512, -0.672751, 11.190865), (-18.837173, -0.601095, 11.199488), (-18.841455, -0.572646, 11.043731)
(-18.988512, -0.672751, 11.190865), (-18.984623, -0.698582, 11.34671), (-18.837173, -0.601095, 11.199488)
(-18.837173, -0.601095, 11.199488), (-18.833271, -0.626576, 11.355133), (-18.686522, -0.528282, 11.207991)
(-18.837173, -0.601095, 11.199488), (-18.686522, -0.528282, 11.207991), (-18.69072, -0.500462, 11.052327)
(-18.686522, -0.528282, 11.207991), (-18.68264, -0.553793, 11.363428), (-18.536463, -0.453285, 11.216024)
(-18.686522, -0.528282, 11.207991), (-18.536463, -0.453285, 11.216024), (-18.540508, -0.426162, 11.060494)
# -18.330574416686666, 0, 10.984413849980005
(-18.549145, -0.36044, 10.750436), (-18.398701, -0.288088, 10.757833), (-18.40279, -0.251361, 10.603546)
(-18.549145, -0.36044, 10.750436), (-18.544762, -0.395116, 10.905268), (-18.398701, -0.288088, 10.757833)
(-18.398701, -0.288088, 10.757833), (-18.248251, -0.218454, 10.763797), (-18.251905, -0.18534, 10.609407)
(-18.398701, -0.288088, 10.757833), (-18.39464, -0.32063, 10.912682), (-18.248251, -0.218454, 10.763797)
(-18.248251, -0.218454, 10.763797), (-18.097641, -0.15343, 10.768253), (-18.100849, -0.124459, 10.613803)
(-18.248251, -0.218454, 10.763797), (-18.244591, -0.247907, 10.91867), (-18.097641, -0.15343, 10.768253)
(-18.097641, -0.15343, 10.768253), (-17.946934, -0.091614, 10.772099), (-17.949717, -0.066922, 10.617598)
(-18.097641, -0.15343, 10.768253), (-18.094423, -0.179251, 10.923162), (-17.946934, -0.091614, 10.772099)
(-18.544762, -0.395116, 10.905268), (-18.540508, -0.426162, 11.060494), (-18.39464, -0.32063, 10.912682)
(-18.544762, -0.395116, 10.905268), (-18.39464, -0.32063, 10.912682), (-18.398701, -0.288088, 10.757833)
(-18.39464, -0.32063, 10.912682), (-18.390667, -0.350137, 11.067822), (-18.244591, -0.247907, 10.91867)
(-18.39464, -0.32063, 10.912682), (-18.244591, -0.247907, 10.91867), (-18.248251, -0.218454, 10.763797)
(-18.244591, -0.247907, 10.91867), (-18.240952, -0.274952, 11.073774), (-18.094423, -0.179251, 10.923162)
(-18.244591, -0.247907, 10.91867), (-18.094423, -0.179251, 10.923162), (-18.097641, -0.15343, 10.768253)
(-18.094423, -0.179251, 10.923162), (-18.091204, -0.202573, 11.078376), (-17.944132, -0.113481, 10.927018)
(-18.094423, -0.179251, 10.923162), (-17.944132, -0.113481, 10.927018), (-17.946934, -0.091614, 10.772099)
(-18.540508, -0.426162, 11.060494), (-18.390667, -0.350137, 11.067822), (-18.39464, -0.32063, 10.912682)
(-18.540508, -0.426162, 11.060494), (-18.536463, -0.453285, 11.216024), (-18.390667, -0.350137, 11.067822)
(-18.390667, -0.350137, 11.067822), (-18.240952, -0.274952, 11.073774), (-18.244591, -0.247907, 10.91867)
(-18.390667, -0.350137, 11.067822), (-18.386824, -0.376608, 11.223135), (-18.240952, -0.274952, 11.073774)
(-18.240952, -0.274952, 11.073774), (-18.091204, -0.202573, 11.078376), (-18.094423, -0.179251, 10.923162)
(-18.240952, -0.274952, 11.073774), (-18.237385, -0.300013, 11.228958), (-18.091204, -0.202573, 11.078376)
(-18.091204, -0.202573, 11.078376), (-17.941324, -0.132983, 11.082245), (-17.944132, -0.113481, 10.927018)
(-18.091204, -0.202573, 11.078376), (-18.088009, -0.224431, 11.23369), (-17.941324, -0.132983, 11.082245)
(-18.536463, -0.453285, 11.216024), (-18.532654, -0.478815, 11.371264), (-18.386824, -0.376608, 11.223135)
(-18.536463, -0.453285, 11.216024), (-18.386824, -0.376608, 11.223135), (-18.390667, -0.350137, 11.067822)
(-18.386824, -0.376608, 11.223135), (-18.237385, -0.300013, 11.228958), (-18.240952, -0.274952, 11.073774)
(-18.386824, -0.376608, 11.223135), (-18.383137, -0.401817, 11.378194), (-18.237385, -0.300013, 11.228958)
(-18.237385, -0.300013, 11.228958), (-18.233946, -0.323445, 11.384134), (-18.088009, -0.224431, 11.23369)
(-18.237385, -0.300013, 11.228958), (-18.088009, -0.224431, 11.23369), (-18.091204, -0.202573, 11.078376)
(-18.088009, -0.224431, 11.23369), (-18.084862, -0.245356, 11.38897), (-17.938499, -0.15118, 11.237614)
(-18.088009, -0.224431, 11.23369), (-17.938499, -0.15118, 11.237614), (-17.941324, -0.132983, 11.082245)
# -17.662804183353337, 0, 10.984413849980005
(-17.946934, -0.091614, 10.772099), (-17.796032, -0.033588, 10.775548), (-17.798466, -0.012901, 10.621012)
(-17.946934, -0.091614, 10.772099), (-17.944132, -0.113481, 10.927018), (-17.796032, -0.033588, 10.775548)
(-17.796032, -0.033588, 10.775548), (-17.644854, 0.019943, 10.778619), (-17.647039, 0.037252, 10.624109)
(-17.796032, -0.033588, 10.775548), (-17.7936, -0.051541, 10.930443), (-17.644854, 0.019943, 10.778619)
(-17.644854, 0.019943, 10.778619), (-17.493317, 0.068702, 10.781399), (-17.495361, 0.083491, 10.626973)
(-17.644854, 0.019943, 10.778619), (-17.642694, 0.005334, 10.933441), (-17.493317, 0.068702, 10.781399)
(-17.493317, 0.068702, 10.781399), (-17.341364, 0.113006, 10.784001), (-17.343348, 0.126138, 10.629713)
(-17.493317, 0.068702, 10.781399), (-17.491343, 0.05678, 10.936081), (-17.341364, 0.113006, 10.784001)
(-17.341364, 0.113006, 10.784001), (-17.188971, 0.153493, 10.786535), (-17.190952, 0.16567, 10.632418)
(-17.341364, 0.113006, 10.784001), (-17.339474, 0.10287, 10.938491), (-17.188971, 0.153493, 10.786535)
(-17.944132, -0.113481, 10.927018), (-17.941324, -0.132983, 11.082245), (-17.7936, -0.051541, 10.930443)
(-17.944132, -0.113481, 10.927018), (-17.7936, -0.051541, 10.930443), (-17.796032, -0.033588, 10.775548)
(-17.7936, -0.051541, 10.930443), (-17.791166, -0.067245, 11.08562), (-17.642694, 0.005334, 10.933441)
(-17.7936, -0.051541, 10.930443), (-17.642694, 0.005334, 10.933441), (-17.644854, 0.019943, 10.778619)
(-17.642694, 0.005334, 10.933441), (-17.640574, -0.006876, 11.088504), (-17.491343, 0.05678, 10.936081)
(-17.642694, 0.005334, 10.933441), (-17.491343, 0.05678, 10.936081), (-17.493317, 0.068702, 10.781399)
(-17.491343, 0.05678, 10.936081), (-17.489437, 0.047393, 11.090961), (-17.339474, 0.10287, 10.938491)
(-17.491343, 0.05678, 10.936081), (-17.339474, 0.10287, 10.938491), (-17.341364, 0.113006, 10.784001)
(-17.339474, 0.10287, 10.938491), (-17.337711, 0.095535, 11.093135), (-17.187115, 0.144402, 10.940796)
(-17.339474, 0.10287, 10.938491), (-17.187115, 0.144402, 10.940796), (-17.188971, 0.153493, 10.786535)
(-17.941324, -0.132983, 11.082245), (-17.791166, -0.067245, 11.08562), (-17.7936, -0.051541, 10.930443)
(-17.941324, -0.132983, 11.082245), (-17.938499, -0.15118, 11.237614), (-17.791166, -0.067245, 11.08562)
(-17.791166, -0.067245, 11.08562), (-17.640574, -0.006876, 11.088504), (-17.642694, 0.005334, 10.933441)
(-17.791166, -0.067245, 11.08562), (-17.788702, -0.081678, 11.240954), (-17.640574, -0.006876, 11.088504)
(-17.640574, -0.006876, 11.088504), (-17.489437, 0.047393, 11.090961), (-17.491343, 0.05678, 10.936081)
(-17.640574, -0.006876, 11.088504), (-17.638433, -0.017622, 11.243721), (-17.489437, 0.047393, 11.090961)
(-17.489437, 0.047393, 11.090961), (-17.337711, 0.095535, 11.093135), (-17.339474, 0.10287, 10.938491)
(-17.489437, 0.047393, 11.090961), (-17.487553, 0.039811, 11.245987), (-17.337711, 0.095535, 11.093135)
(-17.337711, 0.095535, 11.093135), (-17.1854, 0.138206, 11.095176), (-17.187115, 0.144402, 10.940796)
(-17.337711, 0.095535, 11.093135), (-17.335972, 0.090158, 11.24791), (-17.1854, 0.138206, 11.095176)
(-17.938499, -0.15118, 11.237614), (-17.935694, -0.168709, 11.392989), (-17.788702, -0.081678, 11.240954)
(-17.938499, -0.15118, 11.237614), (-17.788702, -0.081678, 11.240954), (-17.791166, -0.067245, 11.08562)
(-17.788702, -0.081678, 11.240954), (-17.638433, -0.017622, 11.243721), (-17.640574, -0.006876, 11.088504)
(-17.788702, -0.081678, 11.240954), (-17.786238, -0.095384, 11.396332), (-17.638433, -0.017622, 11.243721)
(-17.638433, -0.017622, 11.243721), (-17.636292, -0.02745, 11.399002), (-17.487553, 0.039811, 11.245987)
(-17.638433, -0.017622, 11.243721), (-17.487553, 0.039811, 11.245987), (-17.489437, 0.047393, 11.090961)
(-17.487553, 0.039811, 11.245987), (-17.48568, 0.033429, 11.40108), (-17.335972, 0.090158, 11.24791)
(-17.487553, 0.039811, 11.245987), (-17.335972, 0.090158, 11.24791), (-17.337711, 0.095535, 11.093135)
(-17.335972, 0.090158, 11.24791), (-17.33432, 0.086698, 11.402761), (-17.183764, 0.134393, 11.24968)
(-17.335972, 0.090158, 11.24791), (-17.183764, 0.134393, 11.24968), (-17.1854, 0.138206, 11.095176)
# -16.99503395002, 0, 10.984413849980005
(-17.188971, 0.153493, 10.786535), (-17.036133, 0.190713, 10.789075), (-17.038128, 0.202464, 10.635133)
(-17.188971, 0.153493, 10.786535), (-17.187115, 0.144402, 10.940796), (-17.036133, 0.190713, 10.789075)
(-17.036133, 0.190713, 10.789075), (-16.882835, 0.225179, 10.79167), (-16.884855, 0.236807, 10.637883)
(-17.036133, 0.190713, 10.789075), (-17.034246, 0.182036, 10.943116), (-16.882835, 0.225179, 10.79167)
(-16.882835, 0.225179, 10.79167), (-16.729105, 0.257215, 10.794323), (-16.731136, 0.268913, 10.640669)
(-16.882835, 0.225179, 10.79167), (-16.880926, 0.216521, 10.945497), (-16.729105, 0.257215, 10.794323)
(-16.729105, 0.257215, 10.794323), (-16.57498, 0.287031, 10.797031), (-16.577036, 0.298847, 10.643477)
(-16.729105, 0.257215, 10.794323), (-16.727177, 0.248314, 10.947967), (-16.57498, 0.287031, 10.797031)
(-17.187115, 0.144402, 10.940796), (-17.1854, 0.138206, 11.095176), (-17.034246, 0.182036, 10.943116)
(-17.187115, 0.144402, 10.940796), (-17.034246, 0.182036, 10.943116), (-17.036133, 0.190713, 10.789075)
(-17.034246, 0.182036, 10.943116), (-17.032539, 0.176285, 11.09723), (-16.880926, 0.216521, 10.945497)
(-17.034246, 0.182036, 10.943116), (-16.880926, 0.216521, 10.945497), (-16.882835, 0.225179, 10.79167)
(-16.880926, 0.216521, 10.945497), (-16.879194, 0.210732, 11.099369), (-16.727177, 0.248314, 10.947967)
(-16.880926, 0.216521, 10.945497), (-16.727177, 0.248314, 10.947967), (-16.729105, 0.257215, 10.794323)
(-16.727177, 0.248314, 10.947967), (-16.725422, 0.242173, 11.101624), (-16.57303, 0.277774, 10.950532)
(-16.727177, 0.248314, 10.947967), (-16.57303, 0.277774, 10.950532), (-16.57498, 0.287031, 10.797031)
(-17.1854, 0.138206, 11.095176), (-17.032539, 0.176285, 11.09723), (-17.034246, 0.182036, 10.943116)
(-17.1854, 0.138206, 11.095176), (-17.183764, 0.134393, 11.24968), (-17.032539, 0.176285, 11.09723)
(-17.032539, 0.176285, 11.09723), (-16.879194, 0.210732, 11.099369), (-16.880926, 0.216521, 10.945497)
(-17.032539, 0.176285, 11.09723), (-17.030958, 0.173297, 11.251439), (-16.879194, 0.210732, 11.099369)
(-16.879194, 0.210732, 11.099369), (-16.725422, 0.242173, 11.101624), (-16.727177, 0.248314, 10.947967)
(-16.879194, 0.210732, 11.099369), (-16.877609, 0.207819, 11.253309), (-16.725422, 0.242173, 11.101624)
(-16.725422, 0.242173, 11.101624), (-16.571234, 0.271141, 11.104025), (-16.57303, 0.277774, 10.950532)
(-16.725422, 0.242173, 11.101624), (-16.72378, 0.238909, 11.255358), (-16.571234, 0.271141, 11.104025)
(-17.183764, 0.134393, 11.24968), (-17.030958, 0.173297, 11.251439), (-17.032539, 0.176285, 11.09723)
(-17.183764, 0.134393, 11.24968), (-17.182228, 0.132777, 11.404256), (-17.030958, 0.173297, 11.251439)
(-17.030958, 0.173297, 11.251439), (-17.029491, 0.172721, 11.405733), (-16.877609, 0.207819, 11.253309)
(-17.030958, 0.173297, 11.251439), (-16.877609, 0.207819, 11.253309), (-16.879194, 0.210732, 11.099369)
(-16.877609, 0.207819, 11.253309), (-16.876148, 0.207479, 11.407339), (-16.72378, 0.238909, 11.255358)
(-16.877609, 0.207819, 11.253309), (-16.72378, 0.238909, 11.255358), (-16.725422, 0.242173, 11.101624)
(-16.72378, 0.238909, 11.255358), (-16.7223, 0.238289, 11.409153), (-16.569561, 0.267303, 11.257564)
(-16.72378, 0.238909, 11.255358), (-16.569561, 0.267303, 11.257564), (-16.571234, 0.271141, 11.104025)
# -16.32726371668667, 0, 10.984413849980005
(-16.112686, 0.376723, 10.65194), (-16.110607, 0.364526, 10.805326), (-15.957344, 0.398947, 10.654732)
(-16.112686, 0.376723, 10.65194), (-15.957344, 0.398947, 10.654732), (-15.959501, 0.412695, 10.501214)
(-16.57498, 0.287031, 10.797031), (-16.420506, 0.314774, 10.799785), (-16.422571, 0.326735, 10.646301)
(-16.57498, 0.287031, 10.797031), (-16.57303, 0.277774, 10.950532), (-16.420506, 0.314774, 10.799785)
(-16.420506, 0.314774, 10.799785), (-16.265701, 0.340584, 10.802556), (-16.267778, 0.352673, 10.649133)
(-16.420506, 0.314774, 10.799785), (-16.418516, 0.305185, 10.953177), (-16.265701, 0.340584, 10.802556)
(-16.265701, 0.340584, 10.802556), (-16.110607, 0.364526, 10.805326), (-16.112686, 0.376723, 10.65194)
(-16.265701, 0.340584, 10.802556), (-16.263699, 0.330627, 10.955867), (-16.110607, 0.364526, 10.805326)
(-16.110607, 0.364526, 10.805326), (-15.955256, 0.386692, 10.808085), (-15.957344, 0.398947, 10.654732)
(-16.110607, 0.364526, 10.805326), (-16.108599, 0.354242, 10.958581), (-15.955256, 0.386692, 10.808085)
(-16.57303, 0.277774, 10.950532), (-16.571234, 0.271141, 11.104025), (-16.418516, 0.305185, 10.953177)
(-16.57303, 0.277774, 10.950532), (-16.418516, 0.305185, 10.953177), (-16.420506, 0.314774, 10.799785)
(-16.418516, 0.305185, 10.953177), (-16.416687, 0.297996, 11.106541), (-16.263699, 0.330627, 10.955867)
(-16.418516, 0.305185, 10.953177), (-16.263699, 0.330627, 10.955867), (-16.265701, 0.340584, 10.802556)
(-16.263699, 0.330627, 10.955867), (-16.261837, 0.322915, 11.109138), (-16.108599, 0.354242, 10.958581)
(-16.263699, 0.330627, 10.955867), (-16.108599, 0.354242, 10.958581), (-16.110607, 0.364526, 10.805326)
(-16.108599, 0.354242, 10.958581), (-16.106718, 0.346024, 11.111783), (-15.953241, 0.376166, 10.961303)
(-16.108599, 0.354242, 10.958581), (-15.953241, 0.376166, 10.961303), (-15.955256, 0.386692, 10.808085)
(-16.571234, 0.271141, 11.104025), (-16.416687, 0.297996, 11.106541), (-16.418516, 0.305185, 10.953177)
(-16.571234, 0.271141, 11.104025), (-16.569561, 0.267303, 11.257564), (-16.416687, 0.297996, 11.106541)
(-16.416687, 0.297996, 11.106541), (-16.261837, 0.322915, 11.109138), (-16.263699, 0.330627, 10.955867)
(-16.416687, 0.297996, 11.106541), (-16.414993, 0.293416, 11.259917), (-16.261837, 0.322915, 11.109138)
(-16.261837, 0.322915, 11.109138), (-16.106718, 0.346024, 11.111783), (-16.108599, 0.354242, 10.958581)
(-16.261837, 0.322915, 11.109138), (-16.260109, 0.317617, 11.2624), (-16.106718, 0.346024, 11.111783)
(-16.106718, 0.346024, 11.111783), (-15.951339, 0.36756, 11.114458), (-15.953241, 0.376166, 10.961303)
(-16.106718, 0.346024, 11.111783), (-16.104939, 0.340179, 11.264975), (-15.951339, 0.36756, 11.114458)
(-16.569561, 0.267303, 11.257564), (-16.414993, 0.293416, 11.259917), (-16.416687, 0.297996, 11.106541)
(-16.569561, 0.267303, 11.257564), (-16.568043, 0.266107, 11.411165), (-16.414993, 0.293416, 11.259917)
(-16.414993, 0.293416, 11.259917), (-16.413437, 0.291463, 11.413361), (-16.260109, 0.317617, 11.2624)
(-16.414993, 0.293416, 11.259917), (-16.260109, 0.317617, 11.2624), (-16.261837, 0.322915, 11.109138)
(-16.260109, 0.317617, 11.2624), (-16.258503, 0.314874, 11.415726), (-16.104939, 0.340179, 11.264975)
(-16.260109, 0.317617, 11.2624), (-16.104939, 0.340179, 11.264975), (-16.106718, 0.346024, 11.111783)
(-16.104939, 0.340179, 11.264975), (-16.103298, 0.336621, 11.418209), (-15.949534, 0.361125, 11.267593)
(-16.104939, 0.340179, 11.264975), (-15.949534, 0.361125, 11.267593), (-15.951339, 0.36756, 11.114458)
# -15.659493483353337, 0, 10.984413849980005
(-15.957344, 0.398947, 10.654732), (-15.801768, 0.419392, 10.65749), (-15.803913, 0.432988, 10.503977)
(-15.957344, 0.398947, 10.654732), (-15.955256, 0.386692, 10.808085), (-15.801768, 0.419392, 10.65749)
(-15.801768, 0.419392, 10.65749), (-15.799683, 0.407147, 10.810827), (-15.64598, 0.438073, 10.660185)
(-15.801768, 0.419392, 10.65749), (-15.64598, 0.438073, 10.660185), (-15.648112, 0.451485, 10.506679)
(-15.64598, 0.438073, 10.660185), (-15.489988, 0.454937, 10.662781), (-15.492113, 0.468133, 10.509289)
(-15.64598, 0.438073, 10.660185), (-15.643896, 0.425881, 10.813505), (-15.489988, 0.454937, 10.662781)
(-15.489988, 0.454937, 10.662781), (-15.487919, 0.442904, 10.816106), (-15.333835, 0.470097, 10.665308)
(-15.489988, 0.454937, 10.662781), (-15.333835, 0.470097, 10.665308), (-15.335941, 0.482996, 10.511816)
(-15.333835, 0.470097, 10.665308), (-15.177522, 0.48347, 10.667721), (-15.179601, 0.495959, 10.514214)
(-15.333835, 0.470097, 10.665308), (-15.331774, 0.458261, 10.818621), (-15.177522, 0.48347, 10.667721)
(-15.955256, 0.386692, 10.808085), (-15.799683, 0.407147, 10.810827), (-15.801768, 0.419392, 10.65749)
(-15.955256, 0.386692, 10.808085), (-15.953241, 0.376166, 10.961303), (-15.799683, 0.407147, 10.810827)
(-15.799683, 0.407147, 10.810827), (-15.643896, 0.425881, 10.813505), (-15.64598, 0.438073, 10.660185)
(-15.799683, 0.407147, 10.810827), (-15.797649, 0.396463, 10.964002), (-15.643896, 0.425881, 10.813505)
(-15.643896, 0.425881, 10.813505), (-15.487919, 0.442904, 10.816106), (-15.489988, 0.454937, 10.662781)
(-15.643896, 0.425881, 10.813505), (-15.641863, 0.415112, 10.966661), (-15.487919, 0.442904, 10.816106)
(-15.487919, 0.442904, 10.816106), (-15.331774, 0.458261, 10.818621), (-15.333835, 0.470097, 10.665308)
(-15.487919, 0.442904, 10.816106), (-15.485895, 0.432152, 10.969259), (-15.331774, 0.458261, 10.818621)
(-15.331774, 0.458261, 10.818621), (-15.17548, 0.471959, 10.821041), (-15.177522, 0.48347, 10.667721)
(-15.331774, 0.458261, 10.818621), (-15.329761, 0.447622, 10.97177), (-15.17548, 0.471959, 10.821041)
(-15.953241, 0.376166, 10.961303), (-15.951339, 0.36756, 11.114458), (-15.797649, 0.396463, 10.964002)
(-15.953241, 0.376166, 10.961303), (-15.797649, 0.396463, 10.964002), (-15.799683, 0.407147, 10.810827)
(-15.797649, 0.396463, 10.964002), (-15.795732, 0.387557, 11.117129), (-15.641863, 0.415112, 10.966661)
(-15.797649, 0.396463, 10.964002), (-15.641863, 0.415112, 10.966661), (-15.643896, 0.425881, 10.813505)
(-15.641863, 0.415112, 10.966661), (-15.639935, 0.40601, 11.119766), (-15.485895, 0.432152, 10.969259)
(-15.641863, 0.415112, 10.966661), (-15.485895, 0.432152, 10.969259), (-15.487919, 0.442904, 10.816106)
(-15.485895, 0.432152, 10.969259), (-15.483965, 0.422951, 11.122355), (-15.329761, 0.447622, 10.97177)
(-15.485895, 0.432152, 10.969259), (-15.329761, 0.447622, 10.97177), (-15.331774, 0.458261, 10.818621)
(-15.329761, 0.447622, 10.97177), (-15.327826, 0.438439, 11.12485), (-15.173471, 0.461483, 10.974155)
(-15.329761, 0.447622, 10.97177), (-15.173471, 0.461483, 10.974155), (-15.17548, 0.471959, 10.821041)
(-15.951339, 0.36756, 11.114458), (-15.795732, 0.387557, 11.117129), (-15.797649, 0.396463, 10.964002)
(-15.951339, 0.36756, 11.114458), (-15.949534, 0.361125, 11.267593), (-15.795732, 0.387557, 11.117129)
(-15.795732, 0.387557, 11.117129), (-15.639935, 0.40601, 11.119766), (-15.641863, 0.415112, 10.966661)
(-15.795732, 0.387557, 11.117129), (-15.793919, 0.380591, 11.270226), (-15.639935, 0.40601, 11.119766)
(-15.639935, 0.40601, 11.119766), (-15.483965, 0.422951, 11.122355), (-15.485895, 0.432152, 10.969259)
(-15.639935, 0.40601, 11.119766), (-15.638103, 0.398688, 11.272837), (-15.483965, 0.422951, 11.122355)
(-15.483965, 0.422951, 11.122355), (-15.327826, 0.438439, 11.12485), (-15.329761, 0.447622, 10.97177)
(-15.483965, 0.422951, 11.122355), (-15.48211, 0.415473, 11.275395), (-15.327826, 0.438439, 11.12485)
(-15.327826, 0.438439, 11.12485), (-15.171539, 0.452439, 11.127232), (-15.173471, 0.461483, 10.974155)
(-15.327826, 0.438439, 11.12485), (-15.325966, 0.430851, 11.277875), (-15.171539, 0.452439, 11.127232)
(-15.949534, 0.361125, 11.267593), (-15.793919, 0.380591, 11.270226), (-15.795732, 0.387557, 11.117129)
(-15.949534, 0.361125, 11.267593), (-15.947855, 0.35687, 11.420765), (-15.793919, 0.380591, 11.270226)
(-15.793919, 0.380591, 11.270226), (-15.792208, 0.375707, 11.423351), (-15.638103, 0.398688, 11.272837)
(-15.793919, 0.380591, 11.270226), (-15.638103, 0.398688, 11.272837), (-15.639935, 0.40601, 11.119766)
(-15.638103, 0.398688, 11.272837), (-15.636367, 0.393341, 11.425933), (-15.48211, 0.415473, 11.275395)
(-15.638103, 0.398688, 11.272837), (-15.48211, 0.415473, 11.275395), (-15.483965, 0.422951, 11.122355)
(-15.48211, 0.415473, 11.275395), (-15.480351, 0.409788, 11.42847), (-15.325966, 0.430851, 11.277875)
(-15.48211, 0.415473, 11.275395), (-15.325966, 0.430851, 11.277875), (-15.327826, 0.438439, 11.12485)
(-15.325966, 0.430851, 11.277875), (-15.169683, 0.444862, 11.280256), (-15.171539, 0.452439, 11.127232)
(-15.325966, 0.430851, 11.277875), (-15.324193, 0.424968, 11.43093), (-15.169683, 0.444862, 11.280256)
# -14.991723250020002, 0, 10.984413849980005
(-15.177522, 0.48347, 10.667721), (-15.17548, 0.471959, 10.821041), (-15.021058, 0.494964, 10.669979)
(-15.177522, 0.48347, 10.667721), (-15.021058, 0.494964, 10.669979), (-15.023106, 0.506945, 10.516453)
(-15.021058, 0.494964, 10.669979), (-14.86445, 0.504406, 10.672021), (-14.86647, 0.515907, 10.518515)
(-15.021058, 0.494964, 10.669979), (-15.019036, 0.483838, 10.823296), (-14.86445, 0.504406, 10.672021)
(-14.86445, 0.504406, 10.672021), (-14.86246, 0.493819, 10.825353), (-14.707726, 0.511809, 10.673853)
(-14.86445, 0.504406, 10.672021), (-14.707726, 0.511809, 10.673853), (-14.709692, 0.522528, 10.520296)
(-14.707726, 0.511809, 10.673853), (-14.550895, 0.516969, 10.675411), (-14.552795, 0.526695, 10.521769)
(-14.707726, 0.511809, 10.673853), (-14.70577, 0.501874, 10.827204), (-14.550895, 0.516969, 10.675411)
(-14.670963, 1.08383, 10.682234), (-14.71146, 1.083843, 10.591537), (-14.716642, 1.08383, 10.702562)
(-14.670963, 1.08383, 10.682234), (-14.648838, 1.07429, 10.672384), (-14.689262, 1.074303, 10.581862)
(-14.670963, 1.08383, 10.682234), (-14.716642, 1.08383, 10.702562), (-14.675978, 1.083815, 10.793641)
(-14.670963, 1.08383, 10.682234), (-14.63047, 1.083816, 10.772931), (-14.648838, 1.07429, 10.672384)
(-14.966152, 1.074303, 10.702323), (-14.825375, 1.074303, 10.641077), (-15.005781, 1.074606, 10.608921)
(-14.966152, 1.074303, 10.702323), (-15.005781, 1.074606, 10.608921), (-15.027519, 1.084146, 10.618217)
(-14.716642, 1.08383, 10.702562), (-14.762325, 1.083829, 10.722891), (-14.675978, 1.083815, 10.793641)
(-14.987825, 1.083843, 10.711768), (-14.966152, 1.074303, 10.702323), (-15.027519, 1.084146, 10.618217)
(-14.987825, 1.083843, 10.711768), (-15.027519, 1.084146, 10.618217), (-15.08679, 1.084146, 10.643482)
(-14.993687, 0.318865, 10.712962), (-15.046909, 1.083843, 10.737472), (-15.033735, 0.31917, 10.618546)
(-14.762325, 1.083829, 10.722891), (-14.80316, 1.083843, 10.631431), (-14.825375, 1.074303, 10.641077)
(-14.762325, 1.083829, 10.722891), (-14.721489, 1.083815, 10.814351), (-14.675978, 1.083815, 10.793641)
(-14.784451, 1.074288, 10.732734), (-14.762325, 1.083829, 10.722891), (-14.825375, 1.074303, 10.641077)
(-14.784451, 1.074288, 10.732734), (-14.825375, 1.074303, 10.641077), (-14.966152, 1.074303, 10.702323)
(-15.046909, 1.083843, 10.737472), (-14.987825, 1.083843, 10.711768), (-15.08679, 1.084146, 10.643482)
(-15.046909, 1.083843, 10.737472), (-15.08679, 1.084146, 10.643482), (-15.033735, 0.31917, 10.618546)
(-14.675978, 1.083815, 10.793641), (-14.721489, 1.083815, 10.814351), (-14.634306, 1.083966, 10.884255)
(-14.924715, 1.074287, 10.795155), (-14.784451, 1.074288, 10.732734), (-14.966152, 1.074303, 10.702323)
(-14.924715, 1.074287, 10.795155), (-14.966152, 1.074303, 10.702323), (-14.987825, 1.083843, 10.711768)
(-14.946312, 1.083827, 10.80477), (-14.924715, 1.074287, 10.795155), (-14.987825, 1.083843, 10.711768)
(-14.946312, 1.083827, 10.80477), (-14.987825, 1.083843, 10.711768), (-15.046909, 1.083843, 10.737472)
(-14.951765, 0.318848, 10.806894), (-15.00518, 1.083827, 10.830966), (-14.993687, 0.318865, 10.712962)
(-14.721489, 1.083815, 10.814351), (-14.762325, 1.083829, 10.722891), (-14.784451, 1.074288, 10.732734)
(-14.721489, 1.083815, 10.814351), (-14.67963, 1.083966, 10.90537), (-14.634306, 1.083966, 10.884255)
(-15.17548, 0.471959, 10.821041), (-15.019036, 0.483838, 10.823296), (-15.021058, 0.494964, 10.669979)
(-15.17548, 0.471959, 10.821041), (-15.173471, 0.461483, 10.974155), (-15.019036, 0.483838, 10.823296)
(-15.019036, 0.483838, 10.823296), (-14.86246, 0.493819, 10.825353), (-14.86445, 0.504406, 10.672021)
(-15.019036, 0.483838, 10.823296), (-15.017047, 0.473694, 10.976414), (-14.86246, 0.493819, 10.825353)
(-14.743526, 1.074275, 10.824389), (-14.721489, 1.083815, 10.814351), (-14.784451, 1.074288, 10.732734)
(-14.743526, 1.074275, 10.824389), (-14.784451, 1.074288, 10.732734), (-14.924715, 1.074287, 10.795155)
(-14.86246, 0.493819, 10.825353), (-14.70577, 0.501874, 10.827204), (-14.707726, 0.511809, 10.673853)
(-14.86246, 0.493819, 10.825353), (-14.860495, 0.484129, 10.978474), (-14.70577, 0.501874, 10.827204)
(-14.70577, 0.501874, 10.827204), (-14.548987, 0.507926, 10.828825), (-14.550895, 0.516969, 10.675411)
(-14.70577, 0.501874, 10.827204), (-14.703837, 0.492813, 10.980357), (-14.548987, 0.507926, 10.828825)
(-15.00518, 1.083827, 10.830966), (-14.946312, 1.083827, 10.80477), (-15.046909, 1.083843, 10.737472)
(-15.00518, 1.083827, 10.830966), (-15.046909, 1.083843, 10.737472), (-14.993687, 0.318865, 10.712962)
(-14.883266, 1.074274, 10.88798), (-14.743526, 1.074275, 10.824389), (-14.924715, 1.074287, 10.795155)
(-14.883266, 1.074274, 10.88798), (-14.924715, 1.074287, 10.795155), (-14.946312, 1.083827, 10.80477)
(-14.904787, 1.083814, 10.897764), (-14.883266, 1.074274, 10.88798), (-14.946312, 1.083827, 10.80477)
(-14.904787, 1.083814, 10.897764), (-14.946312, 1.083827, 10.80477), (-15.00518, 1.083827, 10.830966)
(-14.909824, 0.318835, 10.900818), (-14.963432, 1.083814, 10.924452), (-14.951765, 0.318848, 10.806894)
(-14.67963, 1.083966, 10.90537), (-14.721489, 1.083815, 10.814351), (-14.743526, 1.074275, 10.824389)
(-14.67963, 1.083966, 10.90537), (-14.636707, 1.08429, 10.99591), (-14.591587, 1.08429, 10.974366)
(-14.701572, 1.074425, 10.915615), (-14.67963, 1.083966, 10.90537), (-14.743526, 1.074275, 10.824389)
(-14.701572, 1.074425, 10.915615), (-14.743526, 1.074275, 10.824389), (-14.883266, 1.074274, 10.88798)
(-14.963432, 1.083814, 10.924452), (-14.904787, 1.083814, 10.897764), (-15.00518, 1.083827, 10.830966)
(-14.963432, 1.083814, 10.924452), (-15.00518, 1.083827, 10.830966), (-14.951765, 0.318848, 10.806894)
(-15.173471, 0.461483, 10.974155), (-15.171539, 0.452439, 11.127232), (-15.017047, 0.473694, 10.976414)
(-15.173471, 0.461483, 10.974155), (-15.017047, 0.473694, 10.976414), (-15.019036, 0.483838, 10.823296)
(-15.017047, 0.473694, 10.976414), (-15.015126, 0.464903, 11.12948), (-14.860495, 0.484129, 10.978474)
(-15.017047, 0.473694, 10.976414), (-14.860495, 0.484129, 10.978474), (-14.86246, 0.493819, 10.825353)
(-14.860495, 0.484129, 10.978474), (-14.858591, 0.475765, 11.131556), (-14.703837, 0.492813, 10.980357)
(-14.860495, 0.484129, 10.978474), (-14.703837, 0.492813, 10.980357), (-14.70577, 0.501874, 10.827204)
(-14.703837, 0.492813, 10.980357), (-14.701956, 0.484994, 11.133446), (-14.547086, 0.499539, 10.981977)
(-14.703837, 0.492813, 10.980357), (-14.547086, 0.499539, 10.981977), (-14.548987, 0.507926, 10.828825)
(-14.84074, 1.074424, 10.980447), (-14.701572, 1.074425, 10.915615), (-14.883266, 1.074274, 10.88798)
(-14.84074, 1.074424, 10.980447), (-14.883266, 1.074274, 10.88798), (-14.904787, 1.083814, 10.897764)
(-14.862179, 1.083965, 10.990411), (-14.84074, 1.074424, 10.980447), (-14.904787, 1.083814, 10.897764)
(-14.862179, 1.083965, 10.990411), (-14.904787, 1.083814, 10.897764), (-14.963432, 1.083814, 10.924452)
(-14.866762, 0.318988, 10.994422), (-14.920582, 1.083964, 11.01762), (-14.909824, 0.318835, 10.900818)
(-14.658546, 1.074749, 11.006374), (-14.636707, 1.08429, 10.99591), (-14.701572, 1.074425, 10.915615)
(-14.658546, 1.074749, 11.006374), (-14.701572, 1.074425, 10.915615), (-14.84074, 1.074424, 10.980447)
(-14.920582, 1.083964, 11.01762), (-14.862179, 1.083965, 10.990411), (-14.963432, 1.083814, 10.924452)
(-14.920582, 1.083964, 11.01762), (-14.963432, 1.083814, 10.924452), (-14.909824, 0.318835, 10.900818)
(-14.797092, 1.074748, 11.072522), (-14.658546, 1.074749, 11.006374), (-14.84074, 1.074424, 10.980447)
(-14.797092, 1.074748, 11.072522), (-14.84074, 1.074424, 10.980447), (-14.862179, 1.083965, 10.990411)
(-14.818439, 1.084288, 11.082677), (-14.797092, 1.074748, 11.072522), (-14.862179, 1.083965, 10.990411)
(-14.818439, 1.084288, 11.082677), (-14.862179, 1.083965, 10.990411), (-14.920582, 1.083964, 11.01762)
(-14.822533, 0.319314, 11.087676), (-14.876585, 1.084287, 11.110438), (-14.866762, 0.318988, 10.994422)
(-14.876585, 1.084287, 11.110438), (-14.818439, 1.084288, 11.082677), (-14.920582, 1.083964, 11.01762)
(-14.876585, 1.084287, 11.110438), (-14.920582, 1.083964, 11.01762), (-14.866762, 0.318988, 10.994422)
(-15.171539, 0.452439, 11.127232), (-15.015126, 0.464903, 11.12948), (-15.017047, 0.473694, 10.976414)
(-15.171539, 0.452439, 11.127232), (-15.169683, 0.444862, 11.280256), (-15.015126, 0.464903, 11.12948)
(-15.015126, 0.464903, 11.12948), (-14.858591, 0.475765, 11.131556), (-14.860495, 0.484129, 10.978474)
(-15.015126, 0.464903, 11.12948), (-15.013273, 0.457499, 11.2825), (-14.858591, 0.475765, 11.131556)
(-14.858591, 0.475765, 11.131556), (-14.701956, 0.484994, 11.133446), (-14.703837, 0.492813, 10.980357)
(-14.858591, 0.475765, 11.131556), (-14.856745, 0.468694, 11.284557), (-14.701956, 0.484994, 11.133446)
(-14.701956, 0.484994, 11.133446), (-14.54523, 0.492456, 11.135097), (-14.547086, 0.499539, 10.981977)
(-14.701956, 0.484994, 11.133446), (-14.700122, 0.478411, 11.286454), (-14.54523, 0.492456, 11.135097)
(-14.753431, 1.075073, 11.164589), (-14.61552, 1.075074, 11.097132), (-14.797092, 1.074748, 11.072522)
(-14.753431, 1.075073, 11.164589), (-14.797092, 1.074748, 11.072522), (-14.818439, 1.084288, 11.082677)
(-14.774687, 1.084614, 11.174933), (-14.753431, 1.075073, 11.164589), (-14.818439, 1.084288, 11.082677)
(-14.774687, 1.084614, 11.174933), (-14.818439, 1.084288, 11.082677), (-14.876585, 1.084287, 11.110438)
(-14.778278, 0.319644, 11.180917), (-14.832569, 1.084614, 11.203244), (-14.822533, 0.319314, 11.087676)
(-14.832569, 1.084614, 11.203244), (-14.774687, 1.084614, 11.174933), (-14.876585, 1.084287, 11.110438)
(-14.832569, 1.084614, 11.203244), (-14.876585, 1.084287, 11.110438), (-14.822533, 0.319314, 11.087676)
(-14.707487, 1.075734, 11.255801), (-14.570299, 1.075736, 11.186888), (-14.753431, 1.075073, 11.164589)
(-14.707487, 1.075734, 11.255801), (-14.753431, 1.075073, 11.164589), (-14.774687, 1.084614, 11.174933)
(-14.728642, 1.085274, 11.266358), (-14.707487, 1.075734, 11.255801), (-14.774687, 1.084614, 11.174933)
(-14.728642, 1.085274, 11.266358), (-14.774687, 1.084614, 11.174933), (-14.832569, 1.084614, 11.203244)
(-14.731663, 0.320311, 11.27337), (-14.786221, 1.085274, 11.29528), (-14.778278, 0.319644, 11.180917)
(-15.169683, 0.444862, 11.280256), (-15.167904, 0.438903, 11.433294), (-15.013273, 0.457499, 11.2825)
(-15.169683, 0.444862, 11.280256), (-15.013273, 0.457499, 11.2825), (-15.015126, 0.464903, 11.12948)
(-15.013273, 0.457499, 11.2825), (-15.01149, 0.451638, 11.435522), (-14.856745, 0.468694, 11.284557)
(-15.013273, 0.457499, 11.2825), (-14.856745, 0.468694, 11.284557), (-14.858591, 0.475765, 11.131556)
(-14.856745, 0.468694, 11.284557), (-14.854964, 0.463097, 11.437586), (-14.700122, 0.478411, 11.286454)
(-14.856745, 0.468694, 11.284557), (-14.700122, 0.478411, 11.286454), (-14.701956, 0.484994, 11.133446)
(-14.700122, 0.478411, 11.286454), (-14.543415, 0.486578, 11.288148), (-14.54523, 0.492456, 11.135097)
(-14.700122, 0.478411, 11.286454), (-14.698348, 0.473253, 11.439476), (-14.543415, 0.486578, 11.288148)
(-14.786221, 1.085274, 11.29528), (-14.728642, 1.085274, 11.266358), (-14.832569, 1.084614, 11.203244)
(-14.786221, 1.085274, 11.29528), (-14.832569, 1.084614, 11.203244), (-14.778278, 0.319644, 11.180917)
# -14.32395301668667, 0, 10.984413849980005
(-14.393864, 1.083817, 10.665258), (-14.458225, 0.279792, 10.695348), (-14.498487, 0.279807, 10.605161)
(-14.393864, 1.083817, 10.665258), (-14.353346, 1.083968, 10.753366), (-14.458225, 0.279792, 10.695348)
(-14.648838, 1.07429, 10.672384), (-14.508574, 1.074291, 10.609964), (-14.548481, 1.074303, 10.520617)
(-14.648838, 1.07429, 10.672384), (-14.608425, 1.074275, 10.762909), (-14.508574, 1.074291, 10.609964)
(-14.550895, 0.516969, 10.675411), (-14.548987, 0.507926, 10.828825), (-14.393972, 0.519682, 10.676626)
(-14.550895, 0.516969, 10.675411), (-14.393972, 0.519682, 10.676626), (-14.395805, 0.528251, 10.522879)
(-14.393972, 0.519682, 10.676626), (-14.236985, 0.519621, 10.677401), (-14.23874, 0.526894, 10.523534)
(-14.393972, 0.519682, 10.676626), (-14.392118, 0.511647, 10.830108), (-14.236985, 0.519621, 10.677401)
(-14.236985, 0.519621, 10.677401), (-14.235193, 0.512919, 10.831023), (-14.079975, 0.516963, 10.677797)
(-14.236985, 0.519621, 10.677401), (-14.079975, 0.516963, 10.677797), (-14.081649, 0.522687, 10.523754)
(-14.079975, 0.516963, 10.677797), (-13.922972, 0.511407, 10.677723), (-13.924562, 0.515393, 10.523463)
(-14.079975, 0.516963, 10.677797), (-14.078243, 0.511644, 10.831551), (-13.922972, 0.511407, 10.677723)
(-14.447172, 1.083817, 10.689518), (-14.393864, 1.083817, 10.665258), (-14.433468, 1.083832, 10.576542)
(-14.447172, 1.083817, 10.689518), (-14.406437, 1.083968, 10.778099), (-14.393864, 1.083817, 10.665258)
(-14.468687, 1.074276, 10.699318), (-14.447172, 1.083817, 10.689518), (-14.486977, 1.083832, 10.600355)
(-14.468687, 1.074276, 10.699318), (-14.427858, 1.074427, 10.788101), (-14.447172, 1.083817, 10.689518)
(-14.353346, 1.083968, 10.753366), (-14.41699, 0.279945, 10.784986), (-14.458225, 0.279792, 10.695348)
(-14.353346, 1.083968, 10.753366), (-14.311878, 1.084293, 10.840821), (-14.41699, 0.279945, 10.784986)
(-14.608425, 1.074275, 10.762909), (-14.468687, 1.074276, 10.699318), (-14.508574, 1.074291, 10.609964)
(-14.608425, 1.074275, 10.762909), (-14.567024, 1.074426, 10.852934), (-14.468687, 1.074276, 10.699318)
(-14.63047, 1.083816, 10.772931), (-14.670963, 1.08383, 10.682234), (-14.675978, 1.083815, 10.793641)
(-14.63047, 1.083816, 10.772931), (-14.608425, 1.074275, 10.762909), (-14.648838, 1.07429, 10.672384)
(-14.63047, 1.083816, 10.772931), (-14.675978, 1.083815, 10.793641), (-14.634306, 1.083966, 10.884255)
(-14.63047, 1.083816, 10.772931), (-14.588985, 1.083966, 10.863141), (-14.608425, 1.074275, 10.762909)
(-14.406437, 1.083968, 10.778099), (-14.353346, 1.083968, 10.753366), (-14.393864, 1.083817, 10.665258)
(-14.406437, 1.083968, 10.778099), (-14.364733, 1.084293, 10.866056), (-14.353346, 1.083968, 10.753366)
(-14.427858, 1.074427, 10.788101), (-14.406437, 1.083968, 10.778099), (-14.447172, 1.083817, 10.689518)
(-14.427858, 1.074427, 10.788101), (-14.386051, 1.074752, 10.876273), (-14.406437, 1.083968, 10.778099)
(-14.548987, 0.507926, 10.828825), (-14.392118, 0.511647, 10.830108), (-14.393972, 0.519682, 10.676626)
(-14.548987, 0.507926, 10.828825), (-14.547086, 0.499539, 10.981977), (-14.392118, 0.511647, 10.830108)
(-14.392118, 0.511647, 10.830108), (-14.235193, 0.512919, 10.831023), (-14.236985, 0.519621, 10.677401)
(-14.392118, 0.511647, 10.830108), (-14.390263, 0.504247, 10.983335), (-14.235193, 0.512919, 10.831023)
(-14.235193, 0.512919, 10.831023), (-14.078243, 0.511644, 10.831551), (-14.079975, 0.516963, 10.677797)
(-14.235193, 0.512919, 10.831023), (-14.233385, 0.50675, 10.984369), (-14.078243, 0.511644, 10.831551)
(-14.078243, 0.511644, 10.831551), (-13.9213, 0.507717, 10.831662), (-13.922972, 0.511407, 10.677723)
(-14.078243, 0.511644, 10.831551), (-14.076482, 0.50686, 10.98503), (-13.9213, 0.507717, 10.831662)
(-14.311878, 1.084293, 10.840821), (-14.374743, 0.280273, 10.874036), (-14.41699, 0.279945, 10.784986)
(-14.311878, 1.084293, 10.840821), (-14.270439, 1.084614, 10.928289), (-14.374743, 0.280273, 10.874036)
(-14.567024, 1.074426, 10.852934), (-14.427858, 1.074427, 10.788101), (-14.468687, 1.074276, 10.699318)
(-14.567024, 1.074426, 10.852934), (-14.524599, 1.074751, 10.942421), (-14.427858, 1.074427, 10.788101)
(-14.588985, 1.083966, 10.863141), (-14.63047, 1.083816, 10.772931), (-14.634306, 1.083966, 10.884255)
(-14.588985, 1.083966, 10.863141), (-14.567024, 1.074426, 10.852934), (-14.608425, 1.074275, 10.762909)
(-14.588985, 1.083966, 10.863141), (-14.634306, 1.083966, 10.884255), (-14.591587, 1.08429, 10.974366)
(-14.588985, 1.083966, 10.863141), (-14.546467, 1.084291, 10.952824), (-14.567024, 1.074426, 10.852934)
(-14.364733, 1.084293, 10.866056), (-14.311878, 1.084293, 10.840821), (-14.353346, 1.083968, 10.753366)
(-14.364733, 1.084293, 10.866056), (-14.323055, 1.084614, 10.954024), (-14.311878, 1.084293, 10.840821)
(-14.386051, 1.074752, 10.876273), (-14.364733, 1.084293, 10.866056), (-14.406437, 1.083968, 10.778099)
(-14.386051, 1.074752, 10.876273), (-14.344267, 1.075074, 10.964455), (-14.364733, 1.084293, 10.866056)
(-14.634306, 1.083966, 10.884255), (-14.67963, 1.083966, 10.90537), (-14.591587, 1.08429, 10.974366)
(-14.270439, 1.084614, 10.928289), (-14.332508, 0.280599, 10.963092), (-14.374743, 0.280273, 10.874036)
(-14.270439, 1.084614, 10.928289), (-14.227034, 1.085281, 11.014391), (-14.332508, 0.280599, 10.963092)
(-14.524599, 1.074751, 10.942421), (-14.386051, 1.074752, 10.876273), (-14.427858, 1.074427, 10.788101)
(-14.524599, 1.074751, 10.942421), (-14.482182, 1.075074, 11.031912), (-14.386051, 1.074752, 10.876273)
(-14.546467, 1.084291, 10.952824), (-14.588985, 1.083966, 10.863141), (-14.591587, 1.08429, 10.974366)
(-14.546467, 1.084291, 10.952824), (-14.524599, 1.074751, 10.942421), (-14.567024, 1.074426, 10.852934)
(-14.546467, 1.084291, 10.952824), (-14.591587, 1.08429, 10.974366), (-14.548872, 1.084614, 11.064479)
(-14.546467, 1.084291, 10.952824), (-14.503956, 1.084614, 11.04251), (-14.524599, 1.074751, 10.942421)
(-14.323055, 1.084614, 10.954024), (-14.270439, 1.084614, 10.928289), (-14.311878, 1.084293, 10.840821)
(-14.323055, 1.084614, 10.954024), (-14.279371, 1.08528, 11.040682), (-14.270439, 1.084614, 10.928289)
(-14.344267, 1.075074, 10.964455), (-14.323055, 1.084614, 10.954024), (-14.364733, 1.084293, 10.866056)
(-14.344267, 1.075074, 10.964455), (-14.300468, 1.075739, 11.051348), (-14.323055, 1.084614, 10.954024)
(-14.591587, 1.08429, 10.974366), (-14.636707, 1.08429, 10.99591), (-14.548872, 1.084614, 11.064479)
(-14.547086, 0.499539, 10.981977), (-14.54523, 0.492456, 11.135097), (-14.390263, 0.504247, 10.983335)
(-14.547086, 0.499539, 10.981977), (-14.390263, 0.504247, 10.983335), (-14.392118, 0.511647, 10.830108)
(-14.390263, 0.504247, 10.983335), (-14.388433, 0.498056, 11.136496), (-14.233385, 0.50675, 10.984369)
(-14.390263, 0.504247, 10.983335), (-14.233385, 0.50675, 10.984369), (-14.235193, 0.512919, 10.831023)
(-14.233385, 0.50675, 10.984369), (-14.231587, 0.501703, 11.137623), (-14.076482, 0.50686, 10.98503)
(-14.233385, 0.50675, 10.984369), (-14.076482, 0.50686, 10.98503), (-14.078243, 0.511644, 10.831551)
(-14.076482, 0.50686, 10.98503), (-14.074712, 0.503067, 11.138374), (-13.919581, 0.504317, 10.985256)
(-14.076482, 0.50686, 10.98503), (-13.919581, 0.504317, 10.985256), (-13.9213, 0.507717, 10.831662)
(-14.636707, 1.08429, 10.99591), (-14.67963, 1.083966, 10.90537), (-14.701572, 1.074425, 10.915615)
(-14.636707, 1.08429, 10.99591), (-14.593784, 1.084614, 11.086449), (-14.548872, 1.084614, 11.064479)
(-14.227034, 1.085281, 11.014391), (-14.288197, 0.281271, 11.05089), (-14.332508, 0.280599, 10.963092)
(-14.227034, 1.085281, 11.014391), (-14.183582, 1.085956, 11.100454), (-14.288197, 0.281271, 11.05089)
(-14.482182, 1.075074, 11.031912), (-14.344267, 1.075074, 10.964455), (-14.386051, 1.074752, 10.876273)
(-14.482182, 1.075074, 11.031912), (-14.43766, 1.075738, 11.120261), (-14.344267, 1.075074, 10.964455)
(-14.279371, 1.08528, 11.040682), (-14.227034, 1.085281, 11.014391), (-14.270439, 1.084614, 10.928289)
(-14.279371, 1.08528, 11.040682), (-14.235638, 1.085955, 11.127299), (-14.227034, 1.085281, 11.014391)
(-14.503956, 1.084614, 11.04251), (-14.546467, 1.084291, 10.952824), (-14.548872, 1.084614, 11.064479)
(-14.503956, 1.084614, 11.04251), (-14.482182, 1.075074, 11.031912), (-14.524599, 1.074751, 10.942421)
(-14.503956, 1.084614, 11.04251), (-14.548872, 1.084614, 11.064479), (-14.504009, 1.085277, 11.15352)
(-14.503956, 1.084614, 11.04251), (-14.459328, 1.085278, 11.131077), (-14.482182, 1.075074, 11.031912)
(-14.300468, 1.075739, 11.051348), (-14.279371, 1.08528, 11.040682), (-14.323055, 1.084614, 10.954024)
(-14.300468, 1.075739, 11.051348), (-14.256615, 1.076415, 11.138202), (-14.279371, 1.08528, 11.040682)
(-14.548872, 1.084614, 11.064479), (-14.593784, 1.084614, 11.086449), (-14.504009, 1.085277, 11.15352)
(-14.593784, 1.084614, 11.086449), (-14.636707, 1.08429, 10.99591), (-14.658546, 1.074749, 11.006374)
(-14.593784, 1.084614, 11.086449), (-14.548687, 1.085276, 11.175963), (-14.504009, 1.085277, 11.15352)
(-14.61552, 1.075074, 11.097132), (-14.593784, 1.084614, 11.086449), (-14.658546, 1.074749, 11.006374)
(-14.61552, 1.075074, 11.097132), (-14.658546, 1.074749, 11.006374), (-14.797092, 1.074748, 11.072522)
(-14.183582, 1.085956, 11.100454), (-14.243818, 0.281955, 11.138644), (-14.288197, 0.281271, 11.05089)
(-14.183582, 1.085956, 11.100454), (-14.139034, 1.086815, 11.185747), (-14.243818, 0.281955, 11.138644)
(-14.43766, 1.075738, 11.120261), (-14.300468, 1.075739, 11.051348), (-14.344267, 1.075074, 10.964455)
(-14.43766, 1.075738, 11.120261), (-14.393064, 1.076414, 11.20857), (-14.300468, 1.075739, 11.051348)
(-14.235638, 1.085955, 11.127299), (-14.183582, 1.085956, 11.100454), (-14.227034, 1.085281, 11.014391)
(-14.235638, 1.085955, 11.127299), (-14.190784, 1.086815, 11.213173), (-14.183582, 1.085956, 11.100454)
(-14.459328, 1.085278, 11.131077), (-14.503956, 1.084614, 11.04251), (-14.504009, 1.085277, 11.15352)
(-14.459328, 1.085278, 11.131077), (-14.43766, 1.075738, 11.120261), (-14.482182, 1.075074, 11.031912)
(-14.459328, 1.085278, 11.131077), (-14.504009, 1.085277, 11.15352), (-14.459063, 1.085953, 11.242519)
(-14.459328, 1.085278, 11.131077), (-14.414623, 1.085954, 11.219603), (-14.43766, 1.075738, 11.120261)
(-14.54523, 0.492456, 11.135097), (-14.388433, 0.498056, 11.136496), (-14.390263, 0.504247, 10.983335)
(-14.54523, 0.492456, 11.135097), (-14.543415, 0.486578, 11.288148), (-14.388433, 0.498056, 11.136496)
(-14.388433, 0.498056, 11.136496), (-14.231587, 0.501703, 11.137623), (-14.233385, 0.50675, 10.984369)
(-14.388433, 0.498056, 11.136496), (-14.38664, 0.493045, 11.289587), (-14.231587, 0.501703, 11.137623)
(-14.231587, 0.501703, 11.137623), (-14.074712, 0.503067, 11.138374), (-14.076482, 0.50686, 10.98503)
(-14.231587, 0.501703, 11.137623), (-14.229812, 0.497614, 11.290714), (-14.074712, 0.503067, 11.138374)
(-14.256615, 1.076415, 11.138202), (-14.235638, 1.085955, 11.127299), (-14.279371, 1.08528, 11.040682)
(-14.256615, 1.076415, 11.138202), (-14.211628, 1.077275, 11.224322), (-14.235638, 1.085955, 11.127299)
(-14.074712, 0.503067, 11.138374), (-13.917837, 0.501988, 11.138734), (-13.919581, 0.504317, 10.985256)
(-14.074712, 0.503067, 11.138374), (-14.072954, 0.500219, 11.291553), (-13.917837, 0.501988, 11.138734)
(-14.504009, 1.085277, 11.15352), (-14.548687, 1.085276, 11.175963), (-14.459063, 1.085953, 11.242519)
(-14.548687, 1.085276, 11.175963), (-14.593784, 1.084614, 11.086449), (-14.61552, 1.075074, 11.097132)
(-14.548687, 1.085276, 11.175963), (-14.503498, 1.085953, 11.265436), (-14.459063, 1.085953, 11.242519)
(-14.139034, 1.086815, 11.185747), (-14.198277, 0.282825, 11.225666), (-14.243818, 0.281955, 11.138644)
(-14.139034, 1.086815, 11.185747), (-14.093426, 1.087854, 11.27028), (-14.198277, 0.282825, 11.225666)
(-14.570299, 1.075736, 11.186888), (-14.548687, 1.085276, 11.175963), (-14.61552, 1.075074, 11.097132)
(-14.570299, 1.075736, 11.186888), (-14.61552, 1.075074, 11.097132), (-14.753431, 1.075073, 11.164589)
(-14.393064, 1.076414, 11.20857), (-14.256615, 1.076415, 11.138202), (-14.300468, 1.075739, 11.051348)
(-14.393064, 1.076414, 11.20857), (-14.347286, 1.077273, 11.296212), (-14.256615, 1.076415, 11.138202)
(-14.190784, 1.086815, 11.213173), (-14.139034, 1.086815, 11.185747), (-14.183582, 1.085956, 11.100454)
(-14.190784, 1.086815, 11.213173), (-14.14485, 1.087853, 11.298312), (-14.139034, 1.086815, 11.185747)
(-14.414623, 1.085954, 11.219603), (-14.459328, 1.085278, 11.131077), (-14.459063, 1.085953, 11.242519)
(-14.414623, 1.085954, 11.219603), (-14.393064, 1.076414, 11.20857), (-14.43766, 1.075738, 11.120261)
(-14.414623, 1.085954, 11.219603), (-14.459063, 1.085953, 11.242519), (-14.412905, 1.086813, 11.330886)
(-14.414623, 1.085954, 11.219603), (-14.368725, 1.086813, 11.307473), (-14.393064, 1.076414, 11.20857)
(-14.211628, 1.077275, 11.224322), (-14.190784, 1.086815, 11.213173), (-14.235638, 1.085955, 11.127299)
(-14.211628, 1.077275, 11.224322), (-14.165556, 1.078313, 11.309717), (-14.190784, 1.086815, 11.213173)
(-14.459063, 1.085953, 11.242519), (-14.503498, 1.085953, 11.265436), (-14.412905, 1.086813, 11.330886)
(-14.503498, 1.085953, 11.265436), (-14.548687, 1.085276, 11.175963), (-14.570299, 1.075736, 11.186888)
(-14.503498, 1.085953, 11.265436), (-14.457081, 1.086812, 11.3543), (-14.412905, 1.086813, 11.330886)
(-14.093426, 1.087854, 11.27028), (-14.151609, 0.283876, 11.311962), (-14.198277, 0.282825, 11.225666)
(-14.093426, 1.087854, 11.27028), (-14.047585, 1.08893, 11.354638), (-14.151609, 0.283876, 11.311962)
(-14.52499, 1.076413, 11.276603), (-14.503498, 1.085953, 11.265436), (-14.570299, 1.075736, 11.186888)
(-14.52499, 1.076413, 11.276603), (-14.570299, 1.075736, 11.186888), (-14.707487, 1.075734, 11.255801)
(-14.543415, 0.486578, 11.288148), (-14.541651, 0.482035, 11.441179), (-14.38664, 0.493045, 11.289587)
(-14.543415, 0.486578, 11.288148), (-14.38664, 0.493045, 11.289587), (-14.388433, 0.498056, 11.136496)
(-14.38664, 0.493045, 11.289587), (-14.384886, 0.489298, 11.442631), (-14.229812, 0.497614, 11.290714)
(-14.38664, 0.493045, 11.289587), (-14.229812, 0.497614, 11.290714), (-14.231587, 0.501703, 11.137623)
(-14.229812, 0.497614, 11.290714), (-14.228068, 0.494884, 11.443801), (-14.072954, 0.500219, 11.291553)
(-14.229812, 0.497614, 11.290714), (-14.072954, 0.500219, 11.291553), (-14.074712, 0.503067, 11.138374)
(-14.072954, 0.500219, 11.291553), (-13.916092, 0.500638, 11.292055), (-13.917837, 0.501988, 11.138734)
(-14.072954, 0.500219, 11.291553), (-14.071221, 0.498663, 11.444689), (-13.916092, 0.500638, 11.292055)
(-14.347286, 1.077273, 11.296212), (-14.211628, 1.077275, 11.224322), (-14.256615, 1.076415, 11.138202)
(-14.347286, 1.077273, 11.296212), (-14.300358, 1.078311, 11.383195), (-14.211628, 1.077275, 11.224322)
(-14.14485, 1.087853, 11.298312), (-14.093426, 1.087854, 11.27028), (-14.139034, 1.086815, 11.185747)
(-14.14485, 1.087853, 11.298312), (-14.098675, 1.08893, 11.383277), (-14.093426, 1.087854, 11.27028)
(-14.368725, 1.086813, 11.307473), (-14.414623, 1.085954, 11.219603), (-14.412905, 1.086813, 11.330886)
(-14.368725, 1.086813, 11.307473), (-14.347286, 1.077273, 11.296212), (-14.393064, 1.076414, 11.20857)
(-14.368725, 1.086813, 11.307473), (-14.412905, 1.086813, 11.330886), (-14.365574, 1.08785, 11.418624)
(-14.368725, 1.086813, 11.307473), (-14.321672, 1.087851, 11.394694), (-14.347286, 1.077273, 11.296212)
(-14.165556, 1.078313, 11.309717), (-14.14485, 1.087853, 11.298312), (-14.190784, 1.086815, 11.213173)
(-14.165556, 1.078313, 11.309717), (-14.11924, 1.07939, 11.39494), (-14.14485, 1.087853, 11.298312)
# -13.656182783353334, 0, 10.984413849980005
(-13.452412, 0.476931, 10.674539), (-13.295811, 0.460215, 10.672636), (-13.297146, 0.457558, 10.517535)
(-13.452412, 0.476931, 10.674539), (-13.450874, 0.478309, 10.829098), (-13.295811, 0.460215, 10.672636)
(-13.609156, 0.491218, 10.67605), (-13.607584, 0.490955, 10.830406), (-13.452412, 0.476931, 10.674539)
(-13.609156, 0.491218, 10.67605), (-13.452412, 0.476931, 10.674539), (-13.453794, 0.475802, 10.519643)
(-13.76602, 0.502829, 10.677143), (-13.609156, 0.491218, 10.67605), (-13.6106, 0.491807, 10.521387)
(-13.76602, 0.502829, 10.677143), (-13.764401, 0.5008, 10.831272), (-13.609156, 0.491218, 10.67605)
(-13.922972, 0.511407, 10.677723), (-13.9213, 0.507717, 10.831662), (-13.76602, 0.502829, 10.677143)
(-13.922972, 0.511407, 10.677723), (-13.76602, 0.502829, 10.677143), (-13.767529, 0.505041, 10.522661)
(-13.450874, 0.478309, 10.829098), (-13.294292, 0.463148, 10.827403), (-13.295811, 0.460215, 10.672636)
(-13.450874, 0.478309, 10.829098), (-13.449223, 0.480143, 10.983348), (-13.294292, 0.463148, 10.827403)
(-13.607584, 0.490955, 10.830406), (-13.450874, 0.478309, 10.829098), (-13.452412, 0.476931, 10.674539)
(-13.607584, 0.490955, 10.830406), (-13.605924, 0.49107, 10.984439), (-13.450874, 0.478309, 10.829098)
(-13.764401, 0.5008, 10.831272), (-13.607584, 0.490955, 10.830406), (-13.609156, 0.491218, 10.67605)
(-13.764401, 0.5008, 10.831272), (-13.762717, 0.499119, 10.985074), (-13.607584, 0.490955, 10.830406)
(-13.9213, 0.507717, 10.831662), (-13.764401, 0.5008, 10.831272), (-13.76602, 0.502829, 10.677143)
(-13.9213, 0.507717, 10.831662), (-13.919581, 0.504317, 10.985256), (-13.764401, 0.5008, 10.831272)
(-13.449223, 0.480143, 10.983348), (-13.44749, 0.48274, 11.137361), (-13.292631, 0.466517, 10.98184)
(-13.449223, 0.480143, 10.983348), (-13.292631, 0.466517, 10.98184), (-13.294292, 0.463148, 10.827403)
(-13.605924, 0.49107, 10.984439), (-13.604201, 0.492016, 11.13826), (-13.449223, 0.480143, 10.983348)
(-13.605924, 0.49107, 10.984439), (-13.449223, 0.480143, 10.983348), (-13.450874, 0.478309, 10.829098)
(-13.762717, 0.499119, 10.985074), (-13.760992, 0.498345, 11.138697), (-13.605924, 0.49107, 10.984439)
(-13.762717, 0.499119, 10.985074), (-13.605924, 0.49107, 10.984439), (-13.607584, 0.490955, 10.830406)
(-13.919581, 0.504317, 10.985256), (-13.917837, 0.501988, 11.138734), (-13.762717, 0.499119, 10.985074)
(-13.919581, 0.504317, 10.985256), (-13.762717, 0.499119, 10.985074), (-13.764401, 0.5008, 10.831272)
(-13.44749, 0.48274, 11.137361), (-13.290868, 0.470714, 11.136056), (-13.292631, 0.466517, 10.98184)
(-13.44749, 0.48274, 11.137361), (-13.445705, 0.486238, 11.29114), (-13.290868, 0.470714, 11.136056)
(-13.604201, 0.492016, 11.13826), (-13.44749, 0.48274, 11.137361), (-13.449223, 0.480143, 10.983348)
(-13.604201, 0.492016, 11.13826), (-13.602448, 0.49377, 11.291839), (-13.44749, 0.48274, 11.137361)
(-13.760992, 0.498345, 11.138697), (-13.604201, 0.492016, 11.13826), (-13.605924, 0.49107, 10.984439)
(-13.760992, 0.498345, 11.138697), (-13.759247, 0.498576, 11.292162), (-13.604201, 0.492016, 11.13826)
(-13.917837, 0.501988, 11.138734), (-13.760992, 0.498345, 11.138697), (-13.762717, 0.499119, 10.985074)
(-13.917837, 0.501988, 11.138734), (-13.916092, 0.500638, 11.292055), (-13.760992, 0.498345, 11.138697)
(-13.445705, 0.486238, 11.29114), (-13.289033, 0.475909, 11.290054), (-13.290868, 0.470714, 11.136056)
(-13.445705, 0.486238, 11.29114), (-13.443895, 0.490957, 11.444765), (-13.289033, 0.475909, 11.290054)
(-13.602448, 0.49377, 11.291839), (-13.600679, 0.496798, 11.445309), (-13.445705, 0.486238, 11.29114)
(-13.602448, 0.49377, 11.291839), (-13.445705, 0.486238, 11.29114), (-13.44749, 0.48274, 11.137361)
(-13.916092, 0.500638, 11.292055), (-13.914358, 0.500459, 11.445275), (-13.759247, 0.498576, 11.292162)
(-13.916092, 0.500638, 11.292055), (-13.759247, 0.498576, 11.292162), (-13.760992, 0.498345, 11.138697)
(-13.759247, 0.498576, 11.292162), (-13.757506, 0.499908, 11.445482), (-13.602448, 0.49377, 11.291839)
(-13.759247, 0.498576, 11.292162), (-13.602448, 0.49377, 11.291839), (-13.604201, 0.492016, 11.13826)
# -12.988412550020001, 0, 10.984413849980005
(-12.670816, 0.379769, 10.66242), (-12.669161, 0.386934, 10.817886), (-12.514839, 0.35981, 10.659494)
(-12.670816, 0.379769, 10.66242), (-12.514839, 0.35981, 10.659494), (-12.51624, 0.353009, 10.503568)
(-12.826878, 0.40058, 10.66525), (-12.670816, 0.379769, 10.66242), (-12.672163, 0.373214, 10.506635)
(-12.826878, 0.40058, 10.66525), (-12.825288, 0.407045, 10.82055), (-12.670816, 0.379769, 10.66242)
(-12.983051, 0.421427, 10.667929), (-12.981504, 0.426915, 10.823061), (-12.826878, 0.40058, 10.66525)
(-12.983051, 0.421427, 10.667929), (-12.826878, 0.40058, 10.66525), (-12.828193, 0.394595, 10.509624)
(-13.139358, 0.441532, 10.670414), (-12.983051, 0.421427, 10.667929), (-12.984354, 0.41633, 10.512474)
(-13.139358, 0.441532, 10.670414), (-13.137836, 0.445821, 10.825363), (-12.983051, 0.421427, 10.667929)
(-13.295811, 0.460215, 10.672636), (-13.294292, 0.463148, 10.827403), (-13.139358, 0.441532, 10.670414)
(-13.295811, 0.460215, 10.672636), (-13.139358, 0.441532, 10.670414), (-13.140665, 0.437556, 10.515133)
(-12.669161, 0.386934, 10.817886), (-12.513094, 0.367412, 10.81511), (-12.514839, 0.35981, 10.659494)
(-12.669161, 0.386934, 10.817886), (-12.667241, 0.394988, 10.973059), (-12.513094, 0.367412, 10.81511)
(-12.825288, 0.407045, 10.82055), (-12.669161, 0.386934, 10.817886), (-12.670816, 0.379769, 10.66242)
(-12.825288, 0.407045, 10.82055), (-12.823467, 0.414219, 10.975565), (-12.669161, 0.386934, 10.817886)
(-12.981504, 0.426915, 10.823061), (-12.825288, 0.407045, 10.82055), (-12.826878, 0.40058, 10.66525)
(-12.981504, 0.426915, 10.823061), (-12.979761, 0.433019, 10.977897), (-12.825288, 0.407045, 10.82055)
(-13.137836, 0.445821, 10.825363), (-12.981504, 0.426915, 10.823061), (-12.983051, 0.421427, 10.667929)
(-13.137836, 0.445821, 10.825363), (-13.136147, 0.450656, 10.980009), (-12.981504, 0.426915, 10.823061)
(-13.294292, 0.463148, 10.827403), (-13.137836, 0.445821, 10.825363), (-13.139358, 0.441532, 10.670414)
(-13.294292, 0.463148, 10.827403), (-13.292631, 0.466517, 10.98184), (-13.137836, 0.445821, 10.825363)
(-12.667241, 0.394988, 10.973059), (-12.66514, 0.403829, 11.128019), (-12.511064, 0.376026, 10.970444)
(-12.667241, 0.394988, 10.973059), (-12.511064, 0.376026, 10.970444), (-12.513094, 0.367412, 10.81511)
(-12.823467, 0.414219, 10.975565), (-12.82148, 0.422208, 11.130347), (-12.667241, 0.394988, 10.973059)
(-12.823467, 0.414219, 10.975565), (-12.667241, 0.394988, 10.973059), (-12.669161, 0.386934, 10.817886)
(-12.979761, 0.433019, 10.977897), (-12.977873, 0.439931, 11.1325), (-12.823467, 0.414219, 10.975565)
(-12.979761, 0.433019, 10.977897), (-12.823467, 0.414219, 10.975565), (-12.825288, 0.407045, 10.82055)
(-13.136147, 0.450656, 10.980009), (-13.134333, 0.45629, 11.134416), (-12.979761, 0.433019, 10.977897)
(-13.136147, 0.450656, 10.980009), (-12.979761, 0.433019, 10.977897), (-12.981504, 0.426915, 10.823061)
(-13.292631, 0.466517, 10.98184), (-13.290868, 0.470714, 11.136056), (-13.136147, 0.450656, 10.980009)
(-13.292631, 0.466517, 10.98184), (-13.136147, 0.450656, 10.980009), (-13.137836, 0.445821, 10.825363)
(-12.66514, 0.403829, 11.128019), (-12.508832, 0.385499, 11.125568), (-12.511064, 0.376026, 10.970444)
(-12.66514, 0.403829, 11.128019), (-12.662889, 0.413791, 11.282786), (-12.508832, 0.385499, 11.125568)
(-12.82148, 0.422208, 11.130347), (-12.66514, 0.403829, 11.128019), (-12.667241, 0.394988, 10.973059)
(-12.82148, 0.422208, 11.130347), (-12.819365, 0.431303, 11.284922), (-12.66514, 0.403829, 11.128019)
(-12.977873, 0.439931, 11.1325), (-12.82148, 0.422208, 11.130347), (-12.823467, 0.414219, 10.975565)
(-12.977873, 0.439931, 11.1325), (-12.975874, 0.447913, 11.286879), (-12.82148, 0.422208, 11.130347)
(-13.134333, 0.45629, 11.134416), (-12.977873, 0.439931, 11.1325), (-12.979761, 0.433019, 10.977897)
(-13.134333, 0.45629, 11.134416), (-13.132428, 0.46298, 11.288615), (-12.977873, 0.439931, 11.1325)
(-13.290868, 0.470714, 11.136056), (-13.134333, 0.45629, 11.134416), (-13.136147, 0.450656, 10.980009)
(-13.290868, 0.470714, 11.136056), (-13.289033, 0.475909, 11.290054), (-13.134333, 0.45629, 11.134416)
(-12.662889, 0.413791, 11.282786), (-12.660519, 0.425116, 11.437389), (-12.506433, 0.396124, 11.280513)
(-12.662889, 0.413791, 11.282786), (-12.506433, 0.396124, 11.280513), (-12.508832, 0.385499, 11.125568)
(-12.819365, 0.431303, 11.284922), (-12.662889, 0.413791, 11.282786), (-12.66514, 0.403829, 11.128019)
(-12.819365, 0.431303, 11.284922), (-12.817153, 0.441733, 11.439331), (-12.662889, 0.413791, 11.282786)
(-12.975874, 0.447913, 11.286879), (-12.973799, 0.457214, 11.44109), (-12.819365, 0.431303, 11.284922)
(-12.975874, 0.447913, 11.286879), (-12.819365, 0.431303, 11.284922), (-12.82148, 0.422208, 11.130347)
(-13.132428, 0.46298, 11.288615), (-13.130464, 0.470925, 11.442623), (-12.975874, 0.447913, 11.286879)
(-13.132428, 0.46298, 11.288615), (-12.975874, 0.447913, 11.286879), (-12.977873, 0.439931, 11.1325)
(-13.289033, 0.475909, 11.290054), (-13.287158, 0.482314, 11.443871), (-13.132428, 0.46298, 11.288615)
(-13.289033, 0.475909, 11.290054), (-13.132428, 0.46298, 11.288615), (-13.134333, 0.45629, 11.134416)
# -12.320642316686666, 0, 10.984413849980005
(-12.047428, 0.309751, 10.650621), (-12.045344, 0.316747, 10.806635), (-11.891811, 0.297175, 10.647736)
(-12.047428, 0.309751, 10.650621), (-11.891811, 0.297175, 10.647736), (-11.893615, 0.292096, 10.491341)
(-12.203136, 0.324538, 10.653558), (-12.047428, 0.309751, 10.650621), (-12.049112, 0.303856, 10.494332)
(-12.203136, 0.324538, 10.653558), (-12.201176, 0.332068, 10.809444), (-12.047428, 0.309751, 10.650621)
(-12.358938, 0.34132, 10.656521), (-12.357096, 0.349027, 10.812279), (-12.203136, 0.324538, 10.653558)
(-12.358938, 0.34132, 10.656521), (-12.203136, 0.324538, 10.653558), (-12.204716, 0.318013, 10.497388)
(-12.514839, 0.35981, 10.659494), (-12.358938, 0.34132, 10.656521), (-12.360426, 0.334459, 10.500478)
(-12.514839, 0.35981, 10.659494), (-12.513094, 0.367412, 10.81511), (-12.358938, 0.34132, 10.656521)
(-12.045344, 0.316747, 10.806635), (-11.889589, 0.303525, 10.803857), (-11.891811, 0.297175, 10.647736)
(-12.045344, 0.316747, 10.806635), (-12.042906, 0.325469, 10.962377), (-11.889589, 0.303525, 10.803857)
(-12.201176, 0.332068, 10.809444), (-12.045344, 0.316747, 10.806635), (-12.047428, 0.309751, 10.650621)
(-12.201176, 0.332068, 10.809444), (-12.198892, 0.340907, 10.965071), (-12.045344, 0.316747, 10.806635)
(-12.357096, 0.349027, 10.812279), (-12.201176, 0.332068, 10.809444), (-12.203136, 0.324538, 10.653558)
(-12.357096, 0.349027, 10.812279), (-12.354944, 0.357931, 10.96776), (-12.201176, 0.332068, 10.809444)
(-12.513094, 0.367412, 10.81511), (-12.357096, 0.349027, 10.812279), (-12.358938, 0.34132, 10.656521)
(-12.513094, 0.367412, 10.81511), (-12.511064, 0.376026, 10.970444), (-12.357096, 0.349027, 10.812279)
(-12.042906, 0.325469, 10.962377), (-12.040226, 0.335219, 11.11793), (-11.887002, 0.311736, 10.959715)
(-12.042906, 0.325469, 10.962377), (-11.887002, 0.311736, 10.959715), (-11.889589, 0.303525, 10.803857)
(-12.198892, 0.340907, 10.965071), (-12.196364, 0.350863, 11.120493), (-12.042906, 0.325469, 10.962377)
(-12.198892, 0.340907, 10.965071), (-12.042906, 0.325469, 10.962377), (-12.045344, 0.316747, 10.806635)
(-12.354944, 0.357931, 10.96776), (-12.352568, 0.367764, 11.123045), (-12.198892, 0.340907, 10.965071)
(-12.354944, 0.357931, 10.96776), (-12.198892, 0.340907, 10.965071), (-12.201176, 0.332068, 10.809444)
(-12.511064, 0.376026, 10.970444), (-12.508832, 0.385499, 11.125568), (-12.354944, 0.357931, 10.96776)
(-12.511064, 0.376026, 10.970444), (-12.354944, 0.357931, 10.96776), (-12.357096, 0.349027, 10.812279)
(-12.040226, 0.335219, 11.11793), (-11.884169, 0.321098, 11.11538), (-11.887002, 0.311736, 10.959715)
(-12.040226, 0.335219, 11.11793), (-12.037331, 0.346497, 11.273306), (-11.884169, 0.321098, 11.11538)
(-12.196364, 0.350863, 11.120493), (-12.040226, 0.335219, 11.11793), (-12.042906, 0.325469, 10.962377)
(-12.196364, 0.350863, 11.120493), (-12.193633, 0.362239, 11.275732), (-12.040226, 0.335219, 11.11793)
(-12.352568, 0.367764, 11.123045), (-12.196364, 0.350863, 11.120493), (-12.198892, 0.340907, 10.965071)
(-12.352568, 0.367764, 11.123045), (-12.350004, 0.378925, 11.278139), (-12.196364, 0.350863, 11.120493)
(-12.508832, 0.385499, 11.125568), (-12.352568, 0.367764, 11.123045), (-12.354944, 0.357931, 10.96776)
(-12.508832, 0.385499, 11.125568), (-12.506433, 0.396124, 11.280513), (-12.352568, 0.367764, 11.123045)
(-12.037331, 0.346497, 11.273306), (-12.034262, 0.359318, 11.428543), (-11.881107, 0.332087, 11.270871)
(-12.037331, 0.346497, 11.273306), (-11.881107, 0.332087, 11.270871), (-11.884169, 0.321098, 11.11538)
(-12.193633, 0.362239, 11.275732), (-12.037331, 0.346497, 11.273306), (-12.040226, 0.335219, 11.11793)
(-12.193633, 0.362239, 11.275732), (-12.190742, 0.374988, 11.430837), (-12.037331, 0.346497, 11.273306)
(-12.350004, 0.378925, 11.278139), (-12.34729, 0.391371, 11.433094), (-12.193633, 0.362239, 11.275732)
(-12.350004, 0.378925, 11.278139), (-12.193633, 0.362239, 11.275732), (-12.196364, 0.350863, 11.120493)
(-12.506433, 0.396124, 11.280513), (-12.503893, 0.408143, 11.435294), (-12.350004, 0.378925, 11.278139)
(-12.506433, 0.396124, 11.280513), (-12.350004, 0.378925, 11.278139), (-12.352568, 0.367764, 11.123045)
# -11.652872083353333, 0, 10.984413849980005
(-11.42284, 0.277019, 10.796004), (-11.267414, 0.272742, 10.793631), (-11.270128, 0.270839, 10.637171)
(-11.42284, 0.277019, 10.796004), (-11.419821, 0.282689, 10.952128), (-11.267414, 0.272742, 10.793631)
(-11.578326, 0.283774, 10.79851), (-11.42284, 0.277019, 10.796004), (-11.425433, 0.273968, 10.639614)
(-11.578326, 0.283774, 10.79851), (-11.575462, 0.290098, 10.954566), (-11.42284, 0.277019, 10.796004)
(-11.733912, 0.292538, 10.801138), (-11.578326, 0.283774, 10.79851), (-11.580805, 0.279457, 10.6422)
(-11.733912, 0.292538, 10.801138), (-11.731185, 0.299897, 10.957102), (-11.578326, 0.283774, 10.79851)
(-11.889589, 0.303525, 10.803857), (-11.733912, 0.292538, 10.801138), (-11.736255, 0.287248, 10.644912)
(-11.889589, 0.303525, 10.803857), (-11.887002, 0.311736, 10.959715), (-11.733912, 0.292538, 10.801138)
(-11.419821, 0.282689, 10.952128), (-11.416557, 0.289432, 11.108054), (-11.264273, 0.277169, 10.949829)
(-11.419821, 0.282689, 10.952128), (-11.264273, 0.277169, 10.949829), (-11.267414, 0.272742, 10.793631)
(-11.575462, 0.290098, 10.954566), (-11.572331, 0.297905, 11.110415), (-11.419821, 0.282689, 10.952128)
(-11.575462, 0.290098, 10.954566), (-11.419821, 0.282689, 10.952128), (-11.42284, 0.277019, 10.796004)
(-11.731185, 0.299897, 10.957102), (-11.728203, 0.308487, 11.112871), (-11.575462, 0.290098, 10.954566)
(-11.731185, 0.299897, 10.957102), (-11.575462, 0.290098, 10.954566), (-11.578326, 0.283774, 10.79851)
(-11.887002, 0.311736, 10.959715), (-11.884169, 0.321098, 11.11538), (-11.731185, 0.299897, 10.957102)
(-11.887002, 0.311736, 10.959715), (-11.731185, 0.299897, 10.957102), (-11.733912, 0.292538, 10.801138)
(-11.416557, 0.289432, 11.108054), (-11.260887, 0.282839, 11.105814), (-11.264273, 0.277169, 10.949829)
(-11.416557, 0.289432, 11.108054), (-11.413054, 0.298444, 11.26379), (-11.260887, 0.282839, 11.105814)
(-11.572331, 0.297905, 11.110415), (-11.416557, 0.289432, 11.108054), (-11.419821, 0.282689, 10.952128)
(-11.572331, 0.297905, 11.110415), (-11.568955, 0.308101, 11.26608), (-11.416557, 0.289432, 11.108054)
(-11.728203, 0.308487, 11.112871), (-11.572331, 0.297905, 11.110415), (-11.575462, 0.290098, 10.954566)
(-11.728203, 0.308487, 11.112871), (-11.724977, 0.319356, 11.268452), (-11.572331, 0.297905, 11.110415)
(-11.884169, 0.321098, 11.11538), (-11.728203, 0.308487, 11.112871), (-11.731185, 0.299897, 10.957102)
(-11.884169, 0.321098, 11.11538), (-11.881107, 0.332087, 11.270871), (-11.728203, 0.308487, 11.112871)
(-11.413054, 0.298444, 11.26379), (-11.40937, 0.309498, 11.419377), (-11.257271, 0.290656, 11.261605)
(-11.413054, 0.298444, 11.26379), (-11.257271, 0.290656, 11.261605), (-11.260887, 0.282839, 11.105814)
(-11.568955, 0.308101, 11.26608), (-11.413054, 0.298444, 11.26379), (-11.416557, 0.289432, 11.108054)
(-11.568955, 0.308101, 11.26608), (-11.565405, 0.319956, 11.421608), (-11.413054, 0.298444, 11.26379)
(-11.724977, 0.319356, 11.268452), (-11.721574, 0.331703, 11.423902), (-11.568955, 0.308101, 11.26608)
(-11.724977, 0.319356, 11.268452), (-11.568955, 0.308101, 11.26608), (-11.572331, 0.297905, 11.110415)
(-11.881107, 0.332087, 11.270871), (-11.877863, 0.344828, 11.426222), (-11.724977, 0.319356, 11.268452)
(-11.881107, 0.332087, 11.270871), (-11.724977, 0.319356, 11.268452), (-11.728203, 0.308487, 11.112871)
# -10.985101850019998, 0, 10.984413849980005
(-10.801437, 0.272352, 10.7876), (-10.64612, 0.275977, 10.786028), (-10.649152, 0.279403, 10.629259)
(-10.801437, 0.272352, 10.7876), (-10.798008, 0.272842, 10.943999), (-10.64612, 0.275977, 10.786028)
(-10.956709, 0.270693, 10.789402), (-10.801437, 0.272352, 10.7876), (-10.804399, 0.274533, 10.630915)
(-10.956709, 0.270693, 10.789402), (-10.953398, 0.272092, 10.945736), (-10.801437, 0.272352, 10.7876)
(-11.112037, 0.270696, 10.791422), (-10.956709, 0.270693, 10.789402), (-10.959614, 0.271454, 10.632797)
(-11.112037, 0.270696, 10.791422), (-11.108804, 0.27359, 10.947687), (-10.956709, 0.270693, 10.789402)
(-11.267414, 0.272742, 10.793631), (-11.112037, 0.270696, 10.791422), (-11.114844, 0.270214, 10.63489)
(-11.267414, 0.272742, 10.793631), (-11.264273, 0.277169, 10.949829), (-11.112037, 0.270696, 10.791422)
(-10.798008, 0.272842, 10.943999), (-10.794377, 0.274462, 11.100143), (-10.642639, 0.274973, 10.942506)
(-10.798008, 0.272842, 10.943999), (-10.642639, 0.274973, 10.942506), (-10.64612, 0.275977, 10.786028)
(-10.953398, 0.272092, 10.945736), (-10.94983, 0.275079, 11.101829), (-10.798008, 0.272842, 10.943999)
(-10.953398, 0.272092, 10.945736), (-10.798008, 0.272842, 10.943999), (-10.801437, 0.272352, 10.7876)
(-11.108804, 0.27359, 10.947687), (-11.105327, 0.277775, 11.103729), (-10.953398, 0.272092, 10.945736)
(-11.108804, 0.27359, 10.947687), (-10.953398, 0.272092, 10.945736), (-10.956709, 0.270693, 10.789402)
(-11.264273, 0.277169, 10.949829), (-11.260887, 0.282839, 11.105814), (-11.108804, 0.27359, 10.947687)
(-11.264273, 0.277169, 10.949829), (-11.108804, 0.27359, 10.947687), (-11.112037, 0.270696, 10.791422)
(-10.794377, 0.274462, 11.100143), (-10.63896, 0.275337, 11.098709), (-10.642639, 0.274973, 10.942506)
(-10.794377, 0.274462, 11.100143), (-10.790519, 0.278589, 11.256052), (-10.63896, 0.275337, 11.098709)
(-10.94983, 0.275079, 11.101829), (-10.794377, 0.274462, 11.100143), (-10.798008, 0.272842, 10.943999)
(-10.94983, 0.275079, 11.101829), (-10.946014, 0.281064, 11.257702), (-10.794377, 0.274462, 11.100143)
(-11.105327, 0.277775, 11.103729), (-10.94983, 0.275079, 11.101829), (-10.953398, 0.272092, 10.945736)
(-11.105327, 0.277775, 11.103729), (-11.101591, 0.285111, 11.259564), (-10.94983, 0.275079, 11.101829)
(-11.260887, 0.282839, 11.105814), (-11.105327, 0.277775, 11.103729), (-11.108804, 0.27359, 10.947687)
(-11.260887, 0.282839, 11.105814), (-11.257271, 0.290656, 11.261605), (-11.105327, 0.277775, 11.103729)
(-10.790519, 0.278589, 11.256052), (-10.786505, 0.285099, 11.411753), (-10.635069, 0.277958, 11.254654)
(-10.790519, 0.278589, 11.256052), (-10.635069, 0.277958, 11.254654), (-10.63896, 0.275337, 11.098709)
(-10.946014, 0.281064, 11.257702), (-10.790519, 0.278589, 11.256052), (-10.794377, 0.274462, 11.100143)
(-10.946014, 0.281064, 11.257702), (-10.942051, 0.288951, 11.413388), (-10.790519, 0.278589, 11.256052)
(-11.101591, 0.285111, 11.259564), (-11.0977, 0.294078, 11.415228), (-10.946014, 0.281064, 11.257702)
(-11.101591, 0.285111, 11.259564), (-10.946014, 0.281064, 11.257702), (-10.94983, 0.275079, 11.101829)
(-11.257271, 0.290656, 11.261605), (-11.25347, 0.300855, 11.417237), (-11.101591, 0.285111, 11.259564)
(-11.257271, 0.290656, 11.261605), (-11.101591, 0.285111, 11.259564), (-11.105327, 0.277775, 11.103729)
# -10.317331616686666, 0, 10.984413849980005
(-10.023993, 0.303158, 10.782583), (-9.867972, 0.311841, 10.782516), (-9.870919, 0.320602, 10.625154)
(-10.023993, 0.303158, 10.782583), (-10.020567, 0.29674, 10.939469), (-9.867972, 0.311841, 10.782516)
(-10.179752, 0.294915, 10.782978), (-10.023993, 0.303158, 10.782583), (-10.027004, 0.311247, 10.625357)
(-10.179752, 0.294915, 10.782978), (-10.176245, 0.289821, 10.939745), (-10.023993, 0.303158, 10.782583)
(-10.335285, 0.287555, 10.783693), (-10.179752, 0.294915, 10.782978), (-10.182782, 0.302107, 10.625882)
(-10.335285, 0.287555, 10.783693), (-10.331813, 0.283426, 10.940352), (-10.179752, 0.294915, 10.782978)
(-10.490738, 0.281123, 10.784718), (-10.335285, 0.287555, 10.783693), (-10.338346, 0.293617, 10.62672)
(-10.490738, 0.281123, 10.784718), (-10.487256, 0.278465, 10.94128), (-10.335285, 0.287555, 10.783693)
(-10.64612, 0.275977, 10.786028), (-10.490738, 0.281123, 10.784718), (-10.493773, 0.286019, 10.627851)
(-10.64612, 0.275977, 10.786028), (-10.642639, 0.274973, 10.942506), (-10.490738, 0.281123, 10.784718)
(-10.020567, 0.29674, 10.939469), (-10.016914, 0.292141, 11.096009), (-9.864676, 0.304318, 10.939531)
(-10.020567, 0.29674, 10.939469), (-9.864676, 0.304318, 10.939531), (-9.867972, 0.311841, 10.782516)
(-10.176245, 0.289821, 10.939745), (-10.172571, 0.286202, 11.096183), (-10.020567, 0.29674, 10.939469)
(-10.176245, 0.289821, 10.939745), (-10.020567, 0.29674, 10.939469), (-10.023993, 0.303158, 10.782583)
(-10.331813, 0.283426, 10.940352), (-10.328115, 0.281038, 11.096699), (-10.176245, 0.289821, 10.939745)
(-10.331813, 0.283426, 10.940352), (-10.176245, 0.289821, 10.939745), (-10.179752, 0.294915, 10.782978)
(-10.487256, 0.278465, 10.94128), (-10.483568, 0.277268, 11.097549), (-10.331813, 0.283426, 10.940352)
(-10.487256, 0.278465, 10.94128), (-10.331813, 0.283426, 10.940352), (-10.335285, 0.287555, 10.783693)
(-10.642639, 0.274973, 10.942506), (-10.63896, 0.275337, 11.098709), (-10.487256, 0.278465, 10.94128)
(-10.642639, 0.274973, 10.942506), (-10.487256, 0.278465, 10.94128), (-10.490738, 0.281123, 10.784718)
(-10.016914, 0.292141, 11.096009), (-9.861073, 0.298929, 11.096188), (-9.864676, 0.304318, 10.939531)
(-10.016914, 0.292141, 11.096009), (-10.013104, 0.289644, 11.252211), (-9.861073, 0.298929, 11.096188)
(-10.172571, 0.286202, 11.096183), (-10.016914, 0.292141, 11.096009), (-10.020567, 0.29674, 10.939469)
(-10.172571, 0.286202, 11.096183), (-10.168691, 0.285105, 11.252302), (-10.016914, 0.292141, 11.096009)
(-10.328115, 0.281038, 11.096699), (-10.172571, 0.286202, 11.096183), (-10.176245, 0.289821, 10.939745)
(-10.328115, 0.281038, 11.096699), (-10.324177, 0.281752, 11.252756), (-10.172571, 0.286202, 11.096183)
(-10.483568, 0.277268, 11.097549), (-10.328115, 0.281038, 11.096699), (-10.331813, 0.283426, 10.940352)
(-10.483568, 0.277268, 11.097549), (-10.479622, 0.279387, 11.25355), (-10.328115, 0.281038, 11.096699)
(-10.63896, 0.275337, 11.098709), (-10.483568, 0.277268, 11.097549), (-10.487256, 0.278465, 10.94128)
(-10.63896, 0.275337, 11.098709), (-10.635069, 0.277958, 11.254654), (-10.483568, 0.277268, 11.097549)
(-10.013104, 0.289644, 11.252211), (-10.009159, 0.290234, 11.408102), (-9.85735, 0.295471, 11.252489)
(-10.013104, 0.289644, 11.252211), (-9.85735, 0.295471, 11.252489), (-9.861073, 0.298929, 11.096188)
(-10.168691, 0.285105, 11.252302), (-10.164698, 0.286594, 11.408125), (-10.013104, 0.289644, 11.252211)
(-10.168691, 0.285105, 11.252302), (-10.013104, 0.289644, 11.252211), (-10.016914, 0.292141, 11.096009)
(-10.324177, 0.281752, 11.252756), (-10.168691, 0.285105, 11.252302), (-10.172571, 0.286202, 11.096183)
(-10.324177, 0.281752, 11.252756), (-10.320144, 0.284613, 11.408537), (-10.168691, 0.285105, 11.252302)
(-10.479622, 0.279387, 11.25355), (-10.475579, 0.283379, 11.409293), (-10.324177, 0.281752, 11.252756)
(-10.479622, 0.279387, 11.25355), (-10.324177, 0.281752, 11.252756), (-10.328115, 0.281038, 11.096699)
(-10.635069, 0.277958, 11.254654), (-10.631025, 0.283281, 11.410372), (-10.479622, 0.279387, 11.25355)
(-10.635069, 0.277958, 11.254654), (-10.479622, 0.279387, 11.25355), (-10.483568, 0.277268, 11.097549)
