# -9.64956138335333, 0, 10.984413849980005
(-9.867972, 0.311841, 10.782516), (-9.711806, 0.320244, 10.782784), (-9.714652, 0.329594, 10.625281)
(-9.867972, 0.311841, 10.782516), (-9.864676, 0.304318, 10.939531), (-9.711806, 0.320244, 10.782784)
(-9.711806, 0.320244, 10.782784), (-9.555355, 0.328277, 10.783369), (-9.558064, 0.337862, 10.625731)
(-9.711806, 0.320244, 10.782784), (-9.708631, 0.311894, 10.939937), (-9.555355, 0.328277, 10.783369)
(-9.555355, 0.328277, 10.783369), (-9.398598, 0.335465, 10.784249), (-9.401122, 0.344889, 10.626474)
(-9.555355, 0.328277, 10.783369), (-9.552313, 0.31951, 10.940665), (-9.398598, 0.335465, 10.784249)
(-9.398598, 0.335465, 10.784249), (-9.241517, 0.341321, 10.785356), (-9.243907, 0.350403, 10.627472)
(-9.398598, 0.335465, 10.784249), (-9.395681, 0.326615, 10.941673), (-9.241517, 0.341321, 10.785356)
(-9.864676, 0.304318, 10.939531), (-9.861073, 0.298929, 11.096188), (-9.708631, 0.311894, 10.939937)
(-9.864676, 0.304318, 10.939531), (-9.708631, 0.311894, 10.939937), (-9.711806, 0.320244, 10.782784)
(-9.708631, 0.311894, 10.939937), (-9.705122, 0.305616, 11.096716), (-9.552313, 0.31951, 10.940665)
(-9.708631, 0.311894, 10.939937), (-9.552313, 0.31951, 10.940665), (-9.555355, 0.328277, 10.783369)
(-9.552313, 0.31951, 10.940665), (-9.548913, 0.312629, 11.097567), (-9.395681, 0.326615, 10.941673)
(-9.552313, 0.31951, 10.940665), (-9.395681, 0.326615, 10.941673), (-9.398598, 0.335465, 10.784249)
(-9.395681, 0.326615, 10.941673), (-9.392489, 0.319249, 11.098709), (-9.238817, 0.332677, 10.942913)
(-9.395681, 0.326615, 10.941673), (-9.238817, 0.332677, 10.942913), (-9.241517, 0.341321, 10.785356)
(-9.861073, 0.298929, 11.096188), (-9.705122, 0.305616, 11.096716), (-9.708631, 0.311894, 10.939937)
(-9.861073, 0.298929, 11.096188), (-9.85735, 0.295471, 11.252489), (-9.705122, 0.305616, 11.096716)
(-9.705122, 0.305616, 11.096716), (-9.548913, 0.312629, 11.097567), (-9.552313, 0.31951, 10.940665)
(-9.705122, 0.305616, 11.096716), (-9.701492, 0.30135, 11.25313), (-9.548913, 0.312629, 11.097567)
(-9.548913, 0.312629, 11.097567), (-9.392489, 0.319249, 11.098709), (-9.395681, 0.326615, 10.941673)
(-9.548913, 0.312629, 11.097567), (-9.545452, 0.307448, 11.254118), (-9.392489, 0.319249, 11.098709)
(-9.392489, 0.319249, 11.098709), (-9.235847, 0.325163, 11.100088), (-9.238817, 0.332677, 10.942913)
(-9.392489, 0.319249, 11.098709), (-9.389175, 0.313748, 11.255389), (-9.235847, 0.325163, 11.100088)
(-9.85735, 0.295471, 11.252489), (-9.853489, 0.295274, 11.408472), (-9.701492, 0.30135, 11.25313)
(-9.85735, 0.295471, 11.252489), (-9.701492, 0.30135, 11.25313), (-9.705122, 0.305616, 11.096716)
(-9.701492, 0.30135, 11.25313), (-9.545452, 0.307448, 11.254118), (-9.548913, 0.312629, 11.097567)
(-9.701492, 0.30135, 11.25313), (-9.697752, 0.299814, 11.409199), (-9.545452, 0.307448, 11.254118)
(-9.545452, 0.307448, 11.254118), (-9.541854, 0.304942, 11.410295), (-9.389175, 0.313748, 11.255389)
(-9.545452, 0.307448, 11.254118), (-9.389175, 0.313748, 11.255389), (-9.392489, 0.319249, 11.098709)
(-9.389175, 0.313748, 11.255389), (-9.385773, 0.310347, 11.411709), (-9.232738, 0.319366, 11.256909)
(-9.389175, 0.313748, 11.255389), (-9.232738, 0.319366, 11.256909), (-9.235847, 0.325163, 11.100088)
# -8.981791150019998, 0, 10.984413849980005
(-9.241517, 0.341321, 10.785356), (-9.084246, 0.345578, 10.786656), (-9.086443, 0.354057, 10.628671)
(-9.241517, 0.341321, 10.785356), (-9.238817, 0.332677, 10.942913), (-9.084246, 0.345578, 10.786656)
(-9.084246, 0.345578, 10.786656), (-8.926764, 0.347796, 10.78806), (-8.928756, 0.355469, 10.629995)
(-9.084246, 0.345578, 10.786656), (-9.081757, 0.337341, 10.94433), (-8.926764, 0.347796, 10.78806)
(-8.926764, 0.347796, 10.78806), (-8.769127, 0.34764, 10.789478), (-8.770903, 0.354327, 10.631357)
(-8.926764, 0.347796, 10.78806), (-8.924489, 0.340157, 10.945826), (-8.769127, 0.34764, 10.789478)
(-8.769127, 0.34764, 10.789478), (-8.611401, 0.344776, 10.79081), (-8.61298, 0.350606, 10.632677)
(-8.769127, 0.34764, 10.789478), (-8.767065, 0.340656, 10.947296), (-8.611401, 0.344776, 10.79081)
(-9.238817, 0.332677, 10.942913), (-9.235847, 0.325163, 11.100088), (-9.081757, 0.337341, 10.94433)
(-9.238817, 0.332677, 10.942913), (-9.081757, 0.337341, 10.94433), (-9.084246, 0.345578, 10.786656)
(-9.081757, 0.337341, 10.94433), (-9.079001, 0.329967, 11.101628), (-8.924489, 0.340157, 10.945826)
(-9.081757, 0.337341, 10.94433), (-8.924489, 0.340157, 10.945826), (-8.926764, 0.347796, 10.78806)
(-8.924489, 0.340157, 10.945826), (-8.921953, 0.333087, 11.10321), (-8.767065, 0.340656, 10.947296)
(-8.924489, 0.340157, 10.945826), (-8.767065, 0.340656, 10.947296), (-8.769127, 0.34764, 10.789478)
(-8.767065, 0.340656, 10.947296), (-8.764788, 0.33411, 11.104774), (-8.609572, 0.33862, 10.948673)
(-8.767065, 0.340656, 10.947296), (-8.609572, 0.33862, 10.948673), (-8.611401, 0.344776, 10.79081)
(-9.235847, 0.325163, 11.100088), (-9.079001, 0.329967, 11.101628), (-9.081757, 0.337341, 10.94433)
(-9.235847, 0.325163, 11.100088), (-9.232738, 0.319366, 11.256909), (-9.079001, 0.329967, 11.101628)
(-9.079001, 0.329967, 11.101628), (-8.921953, 0.333087, 11.10321), (-8.924489, 0.340157, 10.945826)
(-9.079001, 0.329967, 11.101628), (-9.076097, 0.324152, 11.258568), (-8.921953, 0.333087, 11.10321)
(-8.921953, 0.333087, 11.10321), (-8.764788, 0.33411, 11.104774), (-8.767065, 0.340656, 10.947296)
(-8.921953, 0.333087, 11.10321), (-8.919293, 0.327443, 11.260286), (-8.764788, 0.33411, 11.104774)
(-8.764788, 0.33411, 11.104774), (-8.607539, 0.332644, 11.10621), (-8.609572, 0.33862, 10.948673)
(-8.764788, 0.33411, 11.104774), (-8.762358, 0.328723, 11.261922), (-8.607539, 0.332644, 11.10621)
(-9.232738, 0.319366, 11.256909), (-9.229475, 0.31606, 11.413319), (-9.076097, 0.324152, 11.258568)
(-9.232738, 0.319366, 11.256909), (-9.076097, 0.324152, 11.258568), (-9.079001, 0.329967, 11.101628)
(-9.076097, 0.324152, 11.258568), (-8.919293, 0.327443, 11.260286), (-8.921953, 0.333087, 11.10321)
(-9.076097, 0.324152, 11.258568), (-9.073071, 0.320393, 11.415127), (-8.919293, 0.327443, 11.260286)
(-8.919293, 0.327443, 11.260286), (-8.916508, 0.323543, 11.416967), (-8.762358, 0.328723, 11.261922)
(-8.919293, 0.327443, 11.260286), (-8.762358, 0.328723, 11.261922), (-8.764788, 0.33411, 11.104774)
(-8.762358, 0.328723, 11.261922), (-8.759824, 0.324888, 11.41873), (-8.605357, 0.327605, 11.26343)
(-8.762358, 0.328723, 11.261922), (-8.605357, 0.327605, 11.26343), (-8.607539, 0.332644, 11.10621)
# -8.314020916686664, 0, 10.984413849980005
(-8.611401, 0.344776, 10.79081), (-8.453671, 0.339196, 10.792017), (-8.455051, 0.344123, 10.633894)
(-8.611401, 0.344776, 10.79081), (-8.609572, 0.33862, 10.948673), (-8.453671, 0.339196, 10.792017)
(-8.453671, 0.339196, 10.792017), (-8.295981, 0.330494, 10.793007), (-8.297167, 0.334561, 10.63492)
(-8.453671, 0.339196, 10.792017), (-8.452065, 0.333804, 10.949889), (-8.295981, 0.330494, 10.793007)
(-8.295981, 0.330494, 10.793007), (-8.138382, 0.31844, 10.793723), (-8.139387, 0.321708, 10.635701)
(-8.295981, 0.330494, 10.793007), (-8.294587, 0.325775, 10.950848), (-8.138382, 0.31844, 10.793723)
(-8.138382, 0.31844, 10.793723), (-7.980927, 0.302921, 10.794128), (-7.981765, 0.305852, 10.636234)
(-8.138382, 0.31844, 10.793723), (-8.137189, 0.314178, 10.951481), (-7.980927, 0.302921, 10.794128)
(-7.980927, 0.302921, 10.794128), (-7.823648, 0.284513, 10.794292), (-7.824331, 0.287131, 10.636524)
(-7.980927, 0.302921, 10.794128), (-7.979918, 0.299226, 10.951811), (-7.823648, 0.284513, 10.794292)
(-8.609572, 0.33862, 10.948673), (-8.607539, 0.332644, 11.10621), (-8.452065, 0.333804, 10.949889)
(-8.609572, 0.33862, 10.948673), (-8.452065, 0.333804, 10.949889), (-8.453671, 0.339196, 10.792017)
(-8.452065, 0.333804, 10.949889), (-8.450266, 0.328327, 11.107434), (-8.294587, 0.325775, 10.950848)
(-8.452065, 0.333804, 10.949889), (-8.294587, 0.325775, 10.950848), (-8.295981, 0.330494, 10.793007)
(-8.294587, 0.325775, 10.950848), (-8.293013, 0.320691, 11.108355), (-8.137189, 0.314178, 10.951481)
(-8.294587, 0.325775, 10.950848), (-8.137189, 0.314178, 10.951481), (-8.138382, 0.31844, 10.793723)
(-8.137189, 0.314178, 10.951481), (-8.135832, 0.3096, 11.108946), (-7.979918, 0.299226, 10.951811)
(-8.137189, 0.314178, 10.951481), (-7.979918, 0.299226, 10.951811), (-7.980927, 0.302921, 10.794128)
(-8.607539, 0.332644, 11.10621), (-8.450266, 0.328327, 11.107434), (-8.452065, 0.333804, 10.949889)
(-8.607539, 0.332644, 11.10621), (-8.605357, 0.327605, 11.26343), (-8.450266, 0.328327, 11.107434)
(-8.450266, 0.328327, 11.107434), (-8.293013, 0.320691, 11.108355), (-8.294587, 0.325775, 10.950848)
(-8.450266, 0.328327, 11.107434), (-8.448322, 0.323614, 11.264678), (-8.293013, 0.320691, 11.108355)
(-8.293013, 0.320691, 11.108355), (-8.135832, 0.3096, 11.108946), (-8.137189, 0.314178, 10.951481)
(-8.293013, 0.320691, 11.108355), (-8.291303, 0.316374, 11.265611), (-8.135832, 0.3096, 11.108946)
(-8.135832, 0.3096, 11.108946), (-7.978761, 0.295055, 11.109211), (-7.979918, 0.299226, 10.951811)
(-8.135832, 0.3096, 11.108946), (-8.134338, 0.305557, 11.26616), (-7.978761, 0.295055, 11.109211)
(-8.605357, 0.327605, 11.26343), (-8.603057, 0.323793, 11.420242), (-8.448322, 0.323614, 11.264678)
(-8.605357, 0.327605, 11.26343), (-8.448322, 0.323614, 11.264678), (-8.450266, 0.328327, 11.107434)
(-8.448322, 0.323614, 11.264678), (-8.291303, 0.316374, 11.265611), (-8.293013, 0.320691, 11.108355)
(-8.448322, 0.323614, 11.264678), (-8.446268, 0.319971, 11.421555), (-8.291303, 0.316374, 11.265611)
(-8.291303, 0.316374, 11.265611), (-8.289481, 0.312888, 11.4225), (-8.134338, 0.305557, 11.26616)
(-8.291303, 0.316374, 11.265611), (-8.134338, 0.305557, 11.26616), (-8.135832, 0.3096, 11.108946)
(-8.134338, 0.305557, 11.26616), (-8.132735, 0.302245, 11.423031), (-7.977469, 0.291249, 11.266356)
(-8.134338, 0.305557, 11.26616), (-7.977469, 0.291249, 11.266356), (-7.978761, 0.295055, 11.109211)
# -7.64625068335333, 0, 10.984413849980005
(-7.353094, 0.210863, 10.793165), (-7.196701, 0.181338, 10.792389), (-7.196906, 0.183949, 10.635242)
(-7.353094, 0.210863, 10.793165), (-7.352666, 0.207621, 10.950297), (-7.196701, 0.181338, 10.792389)
(-7.509713, 0.238314, 10.793795), (-7.353094, 0.210863, 10.793165), (-7.353397, 0.213367, 10.63586)
(-7.509713, 0.238314, 10.793795), (-7.509169, 0.23499, 10.951069), (-7.353094, 0.210863, 10.793165)
(-7.66657, 0.262948, 10.794181), (-7.509713, 0.238314, 10.793795), (-7.510134, 0.240586, 10.63631)
(-7.66657, 0.262948, 10.794181), (-7.665884, 0.259695, 10.951616), (-7.509713, 0.238314, 10.793795)
(-7.823648, 0.284513, 10.794292), (-7.66657, 0.262948, 10.794181), (-7.667113, 0.265365, 10.63655)
(-7.823648, 0.284513, 10.794292), (-7.822809, 0.281127, 10.951867), (-7.66657, 0.262948, 10.794181)
(-7.352666, 0.207621, 10.950297), (-7.352123, 0.203936, 11.107196), (-7.196377, 0.178107, 10.949382)
(-7.352666, 0.207621, 10.950297), (-7.196377, 0.178107, 10.949382), (-7.196701, 0.181338, 10.792389)
(-7.509169, 0.23499, 10.951069), (-7.508498, 0.231244, 11.108109), (-7.352666, 0.207621, 10.950297)
(-7.509169, 0.23499, 10.951069), (-7.352666, 0.207621, 10.950297), (-7.353094, 0.210863, 10.793165)
(-7.665884, 0.259695, 10.951616), (-7.665072, 0.255712, 11.108767), (-7.509169, 0.23499, 10.951069)
(-7.665884, 0.259695, 10.951616), (-7.509169, 0.23499, 10.951069), (-7.509713, 0.238314, 10.793795)
(-7.979918, 0.299226, 10.951811), (-7.978761, 0.295055, 11.109211), (-7.822809, 0.281127, 10.951867)
(-7.979918, 0.299226, 10.951811), (-7.822809, 0.281127, 10.951867), (-7.823648, 0.284513, 10.794292)
(-7.822809, 0.281127, 10.951867), (-7.821832, 0.277123, 11.109159), (-7.665884, 0.259695, 10.951616)
(-7.822809, 0.281127, 10.951867), (-7.665884, 0.259695, 10.951616), (-7.66657, 0.262948, 10.794181)
(-7.352123, 0.203936, 11.107196), (-7.195944, 0.174502, 11.106153), (-7.196377, 0.178107, 10.949382)
(-7.352123, 0.203936, 11.107196), (-7.351452, 0.200554, 11.263881), (-7.195944, 0.174502, 11.106153)
(-7.508498, 0.231244, 11.108109), (-7.352123, 0.203936, 11.107196), (-7.352666, 0.207621, 10.950297)
(-7.508498, 0.231244, 11.108109), (-7.507702, 0.227676, 11.264904), (-7.352123, 0.203936, 11.107196)
(-7.665072, 0.255712, 11.108767), (-7.508498, 0.231244, 11.108109), (-7.509169, 0.23499, 10.951069)
(-7.665072, 0.255712, 11.108767), (-7.664128, 0.252158, 11.265707), (-7.508498, 0.231244, 11.108109)
(-7.821832, 0.277123, 11.109159), (-7.665072, 0.255712, 11.108767), (-7.665884, 0.259695, 10.951616)
(-7.821832, 0.277123, 11.109159), (-7.820724, 0.273422, 11.266198), (-7.665072, 0.255712, 11.108767)
(-7.978761, 0.295055, 11.109211), (-7.821832, 0.277123, 11.109159), (-7.822809, 0.281127, 10.951867)
(-7.978761, 0.295055, 11.109211), (-7.977469, 0.291249, 11.266356), (-7.821832, 0.277123, 11.109159)
(-7.351452, 0.200554, 11.263881), (-7.350661, 0.197728, 11.420275), (-7.195379, 0.17126, 11.26272)
(-7.351452, 0.200554, 11.263881), (-7.195379, 0.17126, 11.26272), (-7.195944, 0.174502, 11.106153)
(-7.507702, 0.227676, 11.264904), (-7.506785, 0.224748, 11.421428), (-7.351452, 0.200554, 11.263881)
(-7.507702, 0.227676, 11.264904), (-7.351452, 0.200554, 11.263881), (-7.352123, 0.203936, 11.107196)
(-7.664128, 0.252158, 11.265707), (-7.663069, 0.249049, 11.422321), (-7.507702, 0.227676, 11.264904)
(-7.664128, 0.252158, 11.265707), (-7.507702, 0.227676, 11.264904), (-7.508498, 0.231244, 11.108109)
(-7.820724, 0.273422, 11.266198), (-7.664128, 0.252158, 11.265707), (-7.665072, 0.255712, 11.108767)
(-7.820724, 0.273422, 11.266198), (-7.819502, 0.270186, 11.4229), (-7.664128, 0.252158, 11.265707)
(-7.977469, 0.291249, 11.266356), (-7.976066, 0.287884, 11.423121), (-7.820724, 0.273422, 11.266198)
(-7.977469, 0.291249, 11.266356), (-7.820724, 0.273422, 11.266198), (-7.821832, 0.277123, 11.109159)
# -6.9784804500199975, 0, 10.984413849980005
(-6.728919, 0.082223, 10.78937), (-6.573412, 0.047176, 10.788279), (-6.573377, 0.050127, 10.631666)
(-6.728919, 0.082223, 10.78937), (-6.728812, 0.079101, 10.945969), (-6.573412, 0.047176, 10.788279)
(-6.88462, 0.116606, 10.790455), (-6.728919, 0.082223, 10.78937), (-6.728925, 0.08513, 10.63264)
(-6.88462, 0.116606, 10.790455), (-6.884461, 0.113348, 10.947165), (-6.728919, 0.082223, 10.78937)
(-7.040543, 0.1498, 10.791475), (-6.88462, 0.116606, 10.790455), (-6.884684, 0.119382, 10.633587)
(-7.040543, 0.1498, 10.791475), (-7.040309, 0.146558, 10.948325), (-6.88462, 0.116606, 10.790455)
(-7.196701, 0.181338, 10.792389), (-7.040543, 0.1498, 10.791475), (-7.040669, 0.152511, 10.634471)
(-7.196701, 0.181338, 10.792389), (-7.196377, 0.178107, 10.949382), (-7.040543, 0.1498, 10.791475)
(-6.728812, 0.079101, 10.945969), (-6.728595, 0.076172, 11.102406), (-6.573348, 0.044192, 10.944773)
(-6.728812, 0.079101, 10.945969), (-6.573348, 0.044192, 10.944773), (-6.573412, 0.047176, 10.788279)
(-6.884461, 0.113348, 10.947165), (-6.884188, 0.110132, 11.103702), (-6.728812, 0.079101, 10.945969)
(-6.884461, 0.113348, 10.947165), (-6.728812, 0.079101, 10.945969), (-6.728919, 0.082223, 10.78937)
(-7.040309, 0.146558, 10.948325), (-7.039968, 0.143059, 11.104965), (-6.884461, 0.113348, 10.947165)
(-7.040309, 0.146558, 10.948325), (-6.884461, 0.113348, 10.947165), (-6.88462, 0.116606, 10.790455)
(-7.196377, 0.178107, 10.949382), (-7.195944, 0.174502, 11.106153), (-7.040309, 0.146558, 10.948325)
(-7.196377, 0.178107, 10.949382), (-7.040309, 0.146558, 10.948325), (-7.040543, 0.1498, 10.791475)
(-6.728595, 0.076172, 11.102406), (-6.573173, 0.041585, 11.101118), (-6.573348, 0.044192, 10.944773)
(-6.728595, 0.076172, 11.102406), (-6.728251, 0.073825, 11.258671), (-6.573173, 0.041585, 11.101118)
(-6.884188, 0.110132, 11.103702), (-6.728595, 0.076172, 11.102406), (-6.728812, 0.079101, 10.945969)
(-6.884188, 0.110132, 11.103702), (-6.883789, 0.107403, 11.260059), (-6.728595, 0.076172, 11.102406)
(-7.039968, 0.143059, 11.104965), (-6.884188, 0.110132, 11.103702), (-6.884461, 0.113348, 10.947165)
(-7.039968, 0.143059, 11.104965), (-7.039494, 0.140048, 11.261431), (-6.884188, 0.110132, 11.103702)
(-7.195944, 0.174502, 11.106153), (-7.039968, 0.143059, 11.104965), (-7.040309, 0.146558, 10.948325)
(-7.195944, 0.174502, 11.106153), (-7.195379, 0.17126, 11.26272), (-7.039968, 0.143059, 11.104965)
(-6.728251, 0.073825, 11.258671), (-6.727777, 0.072527, 11.414705), (-6.572871, 0.039687, 11.257299)
(-6.728251, 0.073825, 11.258671), (-6.572871, 0.039687, 11.257299), (-6.573173, 0.041585, 11.101118)
(-6.883789, 0.107403, 11.260059), (-6.88326, 0.105532, 11.416188), (-6.728251, 0.073825, 11.258671)
(-6.883789, 0.107403, 11.260059), (-6.728251, 0.073825, 11.258671), (-6.728595, 0.076172, 11.102406)
(-7.039494, 0.140048, 11.261431), (-7.038897, 0.137765, 11.417642), (-6.883789, 0.107403, 11.260059)
(-7.039494, 0.140048, 11.261431), (-6.883789, 0.107403, 11.260059), (-6.884188, 0.110132, 11.103702)
(-7.195379, 0.17126, 11.26272), (-7.039494, 0.140048, 11.261431), (-7.039968, 0.143059, 11.104965)
(-7.195379, 0.17126, 11.26272), (-7.194695, 0.168659, 11.419016), (-7.039494, 0.140048, 11.261431)
# -6.3107102166866635, 0, 10.984413849980005
(-6.107927, -0.059028, 10.785145), (-5.953033, -0.093866, 10.784203), (-5.952948, -0.091458, 10.627942)
(-6.107927, -0.059028, 10.785145), (-6.107914, -0.061151, 10.941385), (-5.953033, -0.093866, 10.784203)
(-6.262938, -0.023806, 10.786148), (-6.107927, -0.059028, 10.785145), (-6.10784, -0.056392, 10.628811)
(-6.262938, -0.023806, 10.786148), (-6.262921, -0.026255, 10.94246), (-6.107927, -0.059028, 10.785145)
(-6.418094, 0.011717, 10.787199), (-6.262938, -0.023806, 10.786148), (-6.262861, -0.020961, 10.629729)
(-6.418094, 0.011717, 10.787199), (-6.418056, 0.008944, 10.943598), (-6.262938, -0.023806, 10.786148)
(-6.573412, 0.047176, 10.788279), (-6.418094, 0.011717, 10.787199), (-6.41803, 0.014646, 10.630688)
(-6.573412, 0.047176, 10.788279), (-6.573348, 0.044192, 10.944773), (-6.418094, 0.011717, 10.787199)
(-6.107914, -0.061151, 10.941385), (-6.107781, -0.062322, 11.097508), (-5.953016, -0.095603, 10.940378)
(-6.107914, -0.061151, 10.941385), (-5.953016, -0.095603, 10.940378), (-5.953033, -0.093866, 10.784203)
(-6.262921, -0.026255, 10.94246), (-6.262786, -0.027937, 11.098644), (-6.107914, -0.061151, 10.941385)
(-6.262921, -0.026255, 10.94246), (-6.107914, -0.061151, 10.941385), (-6.107927, -0.059028, 10.785145)
(-6.418056, 0.008944, 10.943598), (-6.41791, 0.00678, 11.099854), (-6.262921, -0.026255, 10.94246)
(-6.418056, 0.008944, 10.943598), (-6.262921, -0.026255, 10.94246), (-6.262938, -0.023806, 10.786148)
(-6.573348, 0.044192, 10.944773), (-6.573173, 0.041585, 11.101118), (-6.418056, 0.008944, 10.943598)
(-6.573348, 0.044192, 10.944773), (-6.418056, 0.008944, 10.943598), (-6.418094, 0.011717, 10.787199)
(-6.107781, -0.062322, 11.097508), (-5.952874, -0.096164, 11.096444), (-5.953016, -0.095603, 10.940378)
(-6.107781, -0.062322, 11.097508), (-6.107518, -0.062417, 11.253504), (-5.952874, -0.096164, 11.096444)
(-6.262786, -0.027937, 11.098644), (-6.107781, -0.062322, 11.097508), (-6.107914, -0.061151, 10.941385)
(-6.262786, -0.027937, 11.098644), (-6.262523, -0.028708, 11.254696), (-6.107781, -0.062322, 11.097508)
(-6.41791, 0.00678, 11.099854), (-6.262786, -0.027937, 11.098644), (-6.262921, -0.026255, 10.94246)
(-6.41791, 0.00678, 11.099854), (-6.417635, 0.005367, 11.255969), (-6.262786, -0.027937, 11.098644)
(-6.573173, 0.041585, 11.101118), (-6.41791, 0.00678, 11.099854), (-6.418056, 0.008944, 10.943598)
(-6.573173, 0.041585, 11.101118), (-6.572871, 0.039687, 11.257299), (-6.41791, 0.00678, 11.099854)
(-6.107518, -0.062417, 11.253504), (-6.107102, -0.060752, 11.409335), (-5.952601, -0.095519, 11.252389)
(-6.107518, -0.062417, 11.253504), (-5.952601, -0.095519, 11.252389), (-5.952874, -0.096164, 11.096444)
(-6.262523, -0.028708, 11.254696), (-6.262118, -0.028063, 11.410578), (-6.107518, -0.062417, 11.253504)
(-6.262523, -0.028708, 11.254696), (-6.107518, -0.062417, 11.253504), (-6.107781, -0.062322, 11.097508)
(-6.417635, 0.005367, 11.255969), (-6.417221, 0.005295, 11.411894), (-6.262523, -0.028708, 11.254696)
(-6.417635, 0.005367, 11.255969), (-6.262523, -0.028708, 11.254696), (-6.262786, -0.027937, 11.098644)
(-6.572871, 0.039687, 11.257299), (-6.417635, 0.005367, 11.255969), (-6.41791, 0.00678, 11.099854)
(-6.572871, 0.039687, 11.257299), (-6.572434, 0.038956, 11.413275), (-6.417635, 0.005367, 11.255969)
# -5.642939983353331, 0, 10.984413849980005
(-5.334185, -0.225051, 10.781092), (-5.179552, -0.255495, 10.78046), (-5.179573, -0.254971, 10.624477)
(-5.334185, -0.225051, 10.781092), (-5.334076, -0.224729, 10.937047), (-5.179552, -0.255495, 10.78046)
(-5.488827, -0.193579, 10.781775), (-5.334185, -0.225051, 10.781092), (-5.334176, -0.224112, 10.625058)
(-5.488827, -0.193579, 10.781775), (-5.488749, -0.193765, 10.937782), (-5.334185, -0.225051, 10.781092)
(-5.643509, -0.161333, 10.782522), (-5.488827, -0.193579, 10.781775), (-5.488794, -0.192236, 10.625691)
(-5.643509, -0.161333, 10.782522), (-5.643454, -0.161976, 10.938579), (-5.488827, -0.193579, 10.781775)
(-5.798235, -0.128036, 10.783329), (-5.643509, -0.161333, 10.782522), (-5.643449, -0.159509, 10.626383)
(-5.798235, -0.128036, 10.783329), (-5.798204, -0.129291, 10.939444), (-5.643509, -0.161333, 10.782522)
(-5.953033, -0.093866, 10.784203), (-5.798235, -0.128036, 10.783329), (-5.798161, -0.125911, 10.627131)
(-5.953033, -0.093866, 10.784203), (-5.953016, -0.095603, 10.940378), (-5.798235, -0.128036, 10.783329)
(-5.334076, -0.224729, 10.937047), (-5.33382, -0.222587, 11.092905), (-5.179409, -0.254591, 10.936363)
(-5.334076, -0.224729, 10.937047), (-5.179409, -0.254591, 10.936363), (-5.179552, -0.255495, 10.78046)
(-5.488749, -0.193765, 10.937782), (-5.488532, -0.19235, 11.093693), (-5.334076, -0.224729, 10.937047)
(-5.488749, -0.193765, 10.937782), (-5.334076, -0.224729, 10.937047), (-5.334185, -0.225051, 10.781092)
(-5.643454, -0.161976, 10.938579), (-5.643267, -0.161187, 11.09454), (-5.488749, -0.193765, 10.937782)
(-5.643454, -0.161976, 10.938579), (-5.488749, -0.193765, 10.937782), (-5.488827, -0.193579, 10.781775)
(-5.798204, -0.129291, 10.939444), (-5.798043, -0.12912, 11.095453), (-5.643454, -0.161976, 10.938579)
(-5.798204, -0.129291, 10.939444), (-5.643454, -0.161976, 10.938579), (-5.643509, -0.161333, 10.782522)
(-5.953016, -0.095603, 10.940378), (-5.952874, -0.096164, 11.096444), (-5.798204, -0.129291, 10.939444)
(-5.953016, -0.095603, 10.940378), (-5.798204, -0.129291, 10.939444), (-5.798235, -0.128036, 10.783329)
(-5.33382, -0.222587, 11.092905), (-5.179106, -0.25164, 11.092162), (-5.179409, -0.254591, 10.936363)
(-5.33382, -0.222587, 11.092905), (-5.33342, -0.218726, 11.248661), (-5.179106, -0.25164, 11.092162)
(-5.488532, -0.19235, 11.093693), (-5.33382, -0.222587, 11.092905), (-5.334076, -0.224729, 10.937047)
(-5.488532, -0.19235, 11.093693), (-5.488173, -0.189345, 11.249496), (-5.33382, -0.222587, 11.092905)
(-5.643267, -0.161187, 11.09454), (-5.488532, -0.19235, 11.093693), (-5.488749, -0.193765, 10.937782)
(-5.643267, -0.161187, 11.09454), (-5.642944, -0.159002, 11.250391), (-5.488532, -0.19235, 11.093693)
(-5.798043, -0.12912, 11.095453), (-5.643267, -0.161187, 11.09454), (-5.643454, -0.161976, 10.938579)
(-5.798043, -0.12912, 11.095453), (-5.797751, -0.127794, 11.251354), (-5.643267, -0.161187, 11.09454)
(-5.952874, -0.096164, 11.096444), (-5.798043, -0.12912, 11.095453), (-5.798204, -0.129291, 10.939444)
(-5.952874, -0.096164, 11.096444), (-5.952601, -0.095519, 11.252389), (-5.798043, -0.12912, 11.095453)
(-5.33342, -0.218726, 11.248661), (-5.178664, -0.247044, 11.247868), (-5.179106, -0.25164, 11.092162)
(-5.33342, -0.218726, 11.248661), (-5.332839, -0.212525, 11.404294), (-5.178664, -0.247044, 11.247868)
(-5.488173, -0.189345, 11.249496), (-5.487635, -0.183974, 11.405176), (-5.33342, -0.218726, 11.248661)
(-5.488173, -0.189345, 11.249496), (-5.33342, -0.218726, 11.248661), (-5.33382, -0.222587, 11.092905)
(-5.642944, -0.159002, 11.250391), (-5.642462, -0.154863, 11.406117), (-5.488173, -0.189345, 11.249496)
(-5.642944, -0.159002, 11.250391), (-5.488173, -0.189345, 11.249496), (-5.488532, -0.19235, 11.093693)
(-5.797751, -0.127794, 11.251354), (-5.7973, -0.124511, 11.407118), (-5.642944, -0.159002, 11.250391)
(-5.797751, -0.127794, 11.251354), (-5.642944, -0.159002, 11.250391), (-5.643267, -0.161187, 11.09454)
(-5.952601, -0.095519, 11.252389), (-5.797751, -0.127794, 11.251354), (-5.798043, -0.12912, 11.095453)
(-5.952601, -0.095519, 11.252389), (-5.952173, -0.093072, 11.408187), (-5.797751, -0.127794, 11.251354)
# -4.975169750019997, 0, 10.984413849980005
(-4.715542, -0.340298, 10.778816), (-4.560809, -0.366729, 10.778339), (-4.560972, -0.368122, 10.622567)
(-4.715542, -0.340298, 10.778816), (-4.715277, -0.337616, 10.934544), (-4.560809, -0.366729, 10.778339)
(-4.870233, -0.312916, 10.779325), (-4.715542, -0.340298, 10.778816), (-4.715672, -0.341274, 10.62299)
(-4.870233, -0.312916, 10.779325), (-4.870006, -0.310754, 10.935112), (-4.715542, -0.340298, 10.778816)
(-5.024909, -0.284808, 10.779876), (-4.870233, -0.312916, 10.779325), (-4.870328, -0.31343, 10.623446)
(-5.024909, -0.284808, 10.779876), (-5.02472, -0.283198, 10.935719), (-4.870233, -0.312916, 10.779325)
(-5.179552, -0.255495, 10.78046), (-5.024909, -0.284808, 10.779876), (-5.024959, -0.284684, 10.623941)
(-5.179552, -0.255495, 10.78046), (-5.179409, -0.254591, 10.936363), (-5.024909, -0.284808, 10.779876)
(-4.715277, -0.337616, 10.934544), (-4.714841, -0.332679, 11.090159), (-4.560504, -0.363496, 10.934005)
(-4.715277, -0.337616, 10.934544), (-4.560504, -0.363496, 10.934005), (-4.560809, -0.366729, 10.778339)
(-4.870006, -0.310754, 10.935112), (-4.869617, -0.306484, 11.090793), (-4.715277, -0.337616, 10.934544)
(-4.870006, -0.310754, 10.935112), (-4.715277, -0.337616, 10.934544), (-4.715542, -0.340298, 10.778816)
(-5.02472, -0.283198, 10.935719), (-5.02438, -0.279672, 11.091465), (-4.870006, -0.310754, 10.935112)
(-5.02472, -0.283198, 10.935719), (-4.870006, -0.310754, 10.935112), (-4.870233, -0.312916, 10.779325)
(-5.179409, -0.254591, 10.936363), (-5.179106, -0.25164, 11.092162), (-5.02472, -0.283198, 10.935719)
(-5.179409, -0.254591, 10.936363), (-5.02472, -0.283198, 10.935719), (-5.024909, -0.284808, 10.779876)
(-4.714841, -0.332679, 11.090159), (-4.560018, -0.357838, 11.089552), (-4.560504, -0.363496, 10.934005)
(-4.714841, -0.332679, 11.090159), (-4.714252, -0.325721, 11.245668), (-4.560018, -0.357838, 11.089552)
(-4.869617, -0.306484, 11.090793), (-4.714841, -0.332679, 11.090159), (-4.715277, -0.337616, 10.934544)
(-4.869617, -0.306484, 11.090793), (-4.869074, -0.300243, 11.246368), (-4.714841, -0.332679, 11.090159)
(-5.02438, -0.279672, 11.091465), (-4.869617, -0.306484, 11.090793), (-4.870006, -0.310754, 10.935112)
(-5.02438, -0.279672, 11.091465), (-5.023883, -0.274126, 11.247102), (-4.869617, -0.306484, 11.090793)
(-5.179106, -0.25164, 11.092162), (-5.02438, -0.279672, 11.091465), (-5.02472, -0.283198, 10.935719)
(-5.179106, -0.25164, 11.092162), (-5.178664, -0.247044, 11.247868), (-5.02438, -0.279672, 11.091465)
(-4.714252, -0.325721, 11.245668), (-4.55939, -0.350314, 11.244989), (-4.560018, -0.357838, 11.089552)
(-4.714252, -0.325721, 11.245668), (-4.71347, -0.31614, 11.401051), (-4.55939, -0.350314, 11.244989)
(-4.869074, -0.300243, 11.246368), (-4.868339, -0.291385, 11.401823), (-4.714252, -0.325721, 11.245668)
(-4.869074, -0.300243, 11.246368), (-4.714252, -0.325721, 11.245668), (-4.714841, -0.332679, 11.090159)
(-5.023883, -0.274126, 11.247102), (-5.023211, -0.266308, 11.402628), (-4.869074, -0.300243, 11.246368)
(-5.023883, -0.274126, 11.247102), (-4.869074, -0.300243, 11.246368), (-4.869617, -0.306484, 11.090793)
(-5.178664, -0.247044, 11.247868), (-5.17804, -0.240008, 11.403448), (-5.023883, -0.274126, 11.247102)
(-5.178664, -0.247044, 11.247868), (-5.023883, -0.274126, 11.247102), (-5.02438, -0.279672, 11.091465)
# -4.307399516686664, 0, 10.984413849980005
(-4.09627, -0.440398, 10.777087), (-3.941314, -0.46347, 10.776745), (-3.941595, -0.466412, 10.62118)
(-4.09627, -0.440398, 10.777087), (-4.095864, -0.435792, 10.932574), (-3.941314, -0.46347, 10.776745)
(-4.251164, -0.416547, 10.777469), (-4.09627, -0.440398, 10.777087), (-4.096528, -0.443028, 10.621476)
(-4.251164, -0.416547, 10.777469), (-4.250786, -0.412322, 10.933013), (-4.09627, -0.440398, 10.777087)
(-4.40602, -0.392152, 10.777889), (-4.251164, -0.416547, 10.777469), (-4.251395, -0.418817, 10.621806)
(-4.40602, -0.392152, 10.777889), (-4.405669, -0.388285, 10.933491), (-4.251164, -0.416547, 10.777469)
(-4.560809, -0.366729, 10.778339), (-4.40602, -0.392152, 10.777889), (-4.406211, -0.393898, 10.622171)
(-4.560809, -0.366729, 10.778339), (-4.560504, -0.363496, 10.934005), (-4.40602, -0.392152, 10.777889)
(-4.095864, -0.435792, 10.932574), (-4.095273, -0.42867, 11.087917), (-3.940878, -0.458442, 10.932175)
(-4.095864, -0.435792, 10.932574), (-3.940878, -0.458442, 10.932175), (-3.941314, -0.46347, 10.776745)
(-4.250786, -0.412322, 10.933013), (-4.250233, -0.405736, 11.088424), (-4.095864, -0.435792, 10.932574)
(-4.250786, -0.412322, 10.933013), (-4.095864, -0.435792, 10.932574), (-4.09627, -0.440398, 10.777087)
(-4.405669, -0.388285, 10.933491), (-4.405147, -0.382151, 11.088972), (-4.250786, -0.412322, 10.933013)
(-4.405669, -0.388285, 10.933491), (-4.250786, -0.412322, 10.933013), (-4.251164, -0.416547, 10.777469)
(-4.560504, -0.363496, 10.934005), (-4.560018, -0.357838, 11.089552), (-4.405669, -0.388285, 10.933491)
(-4.560504, -0.363496, 10.934005), (-4.405669, -0.388285, 10.933491), (-4.40602, -0.392152, 10.777889)
(-4.095273, -0.42867, 11.087917), (-3.940248, -0.450747, 11.087451), (-3.940878, -0.458442, 10.932175)
(-4.095273, -0.42867, 11.087917), (-4.094517, -0.419242, 11.243123), (-3.940248, -0.450747, 11.087451)
(-4.250233, -0.405736, 11.088424), (-4.095273, -0.42867, 11.087917), (-4.095864, -0.435792, 10.932574)
(-4.250233, -0.405736, 11.088424), (-4.249516, -0.39689, 11.243706), (-4.095273, -0.42867, 11.087917)
(-4.405147, -0.382151, 11.088972), (-4.250233, -0.405736, 11.088424), (-4.250786, -0.412322, 10.933013)
(-4.405147, -0.382151, 11.088972), (-4.404471, -0.373906, 11.244331), (-4.250233, -0.405736, 11.088424)
(-4.560018, -0.357838, 11.089552), (-4.405147, -0.382151, 11.088972), (-4.405669, -0.388285, 10.933491)
(-4.560018, -0.357838, 11.089552), (-4.55939, -0.350314, 11.244989), (-4.405147, -0.382151, 11.088972)
(-4.094517, -0.419242, 11.243123), (-3.939468, -0.440939, 11.242588), (-3.940248, -0.450747, 11.087451)
(-4.094517, -0.419242, 11.243123), (-4.093551, -0.40685, 11.398173), (-3.939468, -0.440939, 11.242588)
(-4.249516, -0.39689, 11.243706), (-4.24858, -0.384984, 11.398836), (-4.094517, -0.419242, 11.243123)
(-4.249516, -0.39689, 11.243706), (-4.094517, -0.419242, 11.243123), (-4.095273, -0.42867, 11.087917)
(-4.404471, -0.373906, 11.244331), (-4.403602, -0.362993, 11.399555), (-4.249516, -0.39689, 11.243706)
(-4.404471, -0.373906, 11.244331), (-4.249516, -0.39689, 11.243706), (-4.250233, -0.405736, 11.088424)
(-4.55939, -0.350314, 11.244989), (-4.558563, -0.340039, 11.400295), (-4.404471, -0.373906, 11.244331)
(-4.55939, -0.350314, 11.244989), (-4.404471, -0.373906, 11.244331), (-4.405147, -0.382151, 11.088972)
# -3.6396292833533312, 0, 10.984413849980005
(-3.320842, -0.548569, 10.775838), (-3.165566, -0.568295, 10.775755), (-3.165905, -0.572278, 10.620319)
(-3.320842, -0.548569, 10.775838), (-3.320343, -0.542442, 10.931125), (-3.165566, -0.568295, 10.775755)
(-3.476046, -0.528165, 10.775981), (-3.320842, -0.548569, 10.775838), (-3.321185, -0.552504, 10.620398)
(-3.476046, -0.528165, 10.775981), (-3.475558, -0.522254, 10.931288), (-3.320842, -0.548569, 10.775838)
(-3.631188, -0.507132, 10.776181), (-3.476046, -0.528165, 10.775981), (-3.476385, -0.531961, 10.620523)
(-3.631188, -0.507132, 10.776181), (-3.630708, -0.501417, 10.931519), (-3.476046, -0.528165, 10.775981)
(-3.786288, -0.485717, 10.776443), (-3.631188, -0.507132, 10.776181), (-3.631515, -0.510724, 10.620697)
(-3.786288, -0.485717, 10.776443), (-3.785818, -0.480201, 10.931817), (-3.631188, -0.507132, 10.776181)
(-3.941314, -0.46347, 10.776745), (-3.786288, -0.485717, 10.776443), (-3.786586, -0.488894, 10.620916)
(-3.941314, -0.46347, 10.776745), (-3.940878, -0.458442, 10.932175), (-3.786288, -0.485717, 10.776443)
(-3.320343, -0.542442, 10.931125), (-3.319652, -0.533561, 11.086233), (-3.165057, -0.561898, 10.931026)
(-3.320343, -0.542442, 10.931125), (-3.165057, -0.561898, 10.931026), (-3.165566, -0.568295, 10.775755)
(-3.475558, -0.522254, 10.931288), (-3.474881, -0.513705, 11.086424), (-3.320343, -0.542442, 10.931125)
(-3.475558, -0.522254, 10.931288), (-3.320343, -0.542442, 10.931125), (-3.320842, -0.548569, 10.775838)
(-3.630708, -0.501417, 10.931519), (-3.630048, -0.49318, 11.086694), (-3.475558, -0.522254, 10.931288)
(-3.630708, -0.501417, 10.931519), (-3.475558, -0.522254, 10.931288), (-3.476046, -0.528165, 10.775981)
(-3.785818, -0.480201, 10.931817), (-3.78517, -0.472212, 11.08704), (-3.630708, -0.501417, 10.931519)
(-3.785818, -0.480201, 10.931817), (-3.630708, -0.501417, 10.931519), (-3.631188, -0.507132, 10.776181)
(-3.940878, -0.458442, 10.932175), (-3.940248, -0.450747, 11.087451), (-3.785818, -0.480201, 10.931817)
(-3.940878, -0.458442, 10.932175), (-3.785818, -0.480201, 10.931817), (-3.786288, -0.485717, 10.776443)
(-3.319652, -0.533561, 11.086233), (-3.164373, -0.552968, 11.086126), (-3.165057, -0.561898, 10.931026)
(-3.319652, -0.533561, 11.086233), (-3.318813, -0.522484, 11.241179), (-3.164373, -0.552968, 11.086126)
(-3.474881, -0.513705, 11.086424), (-3.319652, -0.533561, 11.086233), (-3.320343, -0.542442, 10.931125)
(-3.474881, -0.513705, 11.086424), (-3.47404, -0.502735, 11.241397), (-3.319652, -0.533561, 11.086233)
(-3.630048, -0.49318, 11.086694), (-3.474881, -0.513705, 11.086424), (-3.475558, -0.522254, 10.931288)
(-3.630048, -0.49318, 11.086694), (-3.62922, -0.482526, 11.241708), (-3.474881, -0.513705, 11.086424)
(-3.78517, -0.472212, 11.08704), (-3.630048, -0.49318, 11.086694), (-3.630708, -0.501417, 10.931519)
(-3.78517, -0.472212, 11.08704), (-3.78436, -0.461906, 11.242108), (-3.630048, -0.49318, 11.086694)
(-3.940248, -0.450747, 11.087451), (-3.78517, -0.472212, 11.08704), (-3.785818, -0.480201, 10.931817)
(-3.940248, -0.450747, 11.087451), (-3.939468, -0.440939, 11.242588), (-3.78517, -0.472212, 11.08704)
(-3.318813, -0.522484, 11.241179), (-3.317768, -0.508335, 11.395936), (-3.163533, -0.541669, 11.241058)
(-3.318813, -0.522484, 11.241179), (-3.163533, -0.541669, 11.241058), (-3.164373, -0.552968, 11.086126)
(-3.47404, -0.502735, 11.241397), (-3.318813, -0.522484, 11.241179), (-3.319652, -0.533561, 11.086233)
(-3.47404, -0.502735, 11.241397), (-3.472989, -0.488707, 11.396185), (-3.318813, -0.522484, 11.241179)
(-3.62922, -0.482526, 11.241708), (-3.628171, -0.468675, 11.396543), (-3.47404, -0.502735, 11.241397)
(-3.62922, -0.482526, 11.241708), (-3.47404, -0.502735, 11.241397), (-3.474881, -0.513705, 11.086424)
(-3.78436, -0.461906, 11.242108), (-3.78335, -0.448729, 11.39701), (-3.62922, -0.482526, 11.241708)
(-3.78436, -0.461906, 11.242108), (-3.62922, -0.482526, 11.241708), (-3.630048, -0.49318, 11.086694)
(-3.939468, -0.440939, 11.242588), (-3.938476, -0.428118, 11.397561), (-3.78436, -0.461906, 11.242108)
(-3.939468, -0.440939, 11.242588), (-3.78436, -0.461906, 11.242108), (-3.78517, -0.472212, 11.08704)
# -2.9718590500199973, 0, 10.984413849980005
(-3.010217, -0.587317, 10.775727), (-2.854826, -0.6061, 10.775774), (-2.855164, -0.610314, 10.620322)
(-3.010217, -0.587317, 10.775727), (-3.009721, -0.58095, 10.931006), (-2.854826, -0.6061, 10.775774)
(-3.165566, -0.568295, 10.775755), (-3.010217, -0.587317, 10.775727), (-3.010563, -0.591504, 10.620291)
(-3.165566, -0.568295, 10.775755), (-3.165057, -0.561898, 10.931026), (-3.010217, -0.587317, 10.775727)
(-2.854826, -0.6061, 10.775774), (-2.69937, -0.624371, 10.775886), (-2.699695, -0.628564, 10.620408)
(-2.854826, -0.6061, 10.775774), (-2.854344, -0.599749, 10.931074), (-2.69937, -0.624371, 10.775886)
(-2.69937, -0.624371, 10.775886), (-2.543838, -0.642042, 10.776053), (-2.544143, -0.646152, 10.620537)
(-2.69937, -0.624371, 10.775886), (-2.698902, -0.618003, 10.931213), (-2.543838, -0.642042, 10.776053)
(-3.009721, -0.58095, 10.931006), (-3.009052, -0.572017, 11.086116), (-2.854344, -0.599749, 10.931074)
(-3.009721, -0.58095, 10.931006), (-2.854344, -0.599749, 10.931074), (-2.854826, -0.6061, 10.775774)
(-3.165057, -0.561898, 10.931026), (-3.164373, -0.552968, 11.086126), (-3.009721, -0.58095, 10.931006)
(-3.165057, -0.561898, 10.931026), (-3.009721, -0.58095, 10.931006), (-3.010217, -0.587317, 10.775727)
(-2.854344, -0.599749, 10.931074), (-2.853686, -0.590743, 11.086201), (-2.698902, -0.618003, 10.931213)
(-2.854344, -0.599749, 10.931074), (-2.698902, -0.618003, 10.931213), (-2.69937, -0.624371, 10.775886)
(-2.698902, -0.618003, 10.931213), (-2.698253, -0.608896, 11.086369), (-2.543378, -0.635569, 10.931416)
(-2.698902, -0.618003, 10.931213), (-2.543378, -0.635569, 10.931416), (-2.543838, -0.642042, 10.776053)
(-3.009052, -0.572017, 11.086116), (-2.853686, -0.590743, 11.086201), (-2.854344, -0.599749, 10.931074)
(-3.009052, -0.572017, 11.086116), (-3.008222, -0.560636, 11.241053), (-2.853686, -0.590743, 11.086201)
(-3.164373, -0.552968, 11.086126), (-3.009052, -0.572017, 11.086116), (-3.009721, -0.58095, 10.931006)
(-3.164373, -0.552968, 11.086126), (-3.163533, -0.541669, 11.241058), (-3.009052, -0.572017, 11.086116)
(-2.853686, -0.590743, 11.086201), (-2.698253, -0.608896, 11.086369), (-2.698902, -0.618003, 10.931213)
(-2.853686, -0.590743, 11.086201), (-2.852869, -0.5793, 11.241159), (-2.698253, -0.608896, 11.086369)
(-2.698253, -0.608896, 11.086369), (-2.542762, -0.626642, 11.086621), (-2.543378, -0.635569, 10.931416)
(-2.698253, -0.608896, 11.086369), (-2.697465, -0.597562, 11.241367), (-2.542762, -0.626642, 11.086621)
(-3.008222, -0.560636, 11.241053), (-3.007181, -0.546056, 11.395798), (-2.852869, -0.5793, 11.241159)
(-3.008222, -0.560636, 11.241053), (-2.852869, -0.5793, 11.241159), (-2.853686, -0.590743, 11.086201)
(-3.163533, -0.541669, 11.241058), (-3.162501, -0.527471, 11.395803), (-3.008222, -0.560636, 11.241053)
(-3.163533, -0.541669, 11.241058), (-3.008222, -0.560636, 11.241053), (-3.009052, -0.572017, 11.086116)
(-2.852869, -0.5793, 11.241159), (-2.697465, -0.597562, 11.241367), (-2.698253, -0.608896, 11.086369)
(-2.852869, -0.5793, 11.241159), (-2.851858, -0.564832, 11.39593), (-2.697465, -0.597562, 11.241367)
(-2.697465, -0.597562, 11.241367), (-2.69649, -0.583251, 11.396185), (-2.541992, -0.61523, 11.241669)
(-2.697465, -0.597562, 11.241367), (-2.541992, -0.61523, 11.241669), (-2.542762, -0.626642, 11.086621)
# -2.304088816686664, 0, 10.984413849980005
(-2.543838, -0.642042, 10.776053), (-2.38822, -0.659042, 10.776266), (-2.388523, -0.663301, 10.620713)
(-2.543838, -0.642042, 10.776053), (-2.543378, -0.635569, 10.931416), (-2.38822, -0.659042, 10.776266)
(-2.38822, -0.659042, 10.776266), (-2.232548, -0.675852, 10.776539), (-2.232833, -0.680061, 10.620934)
(-2.38822, -0.659042, 10.776266), (-2.387784, -0.652648, 10.931682), (-2.232548, -0.675852, 10.776539)
(-2.232548, -0.675852, 10.776539), (-2.076795, -0.692184, 10.776854), (-2.077056, -0.696306, 10.621191)
(-2.232548, -0.675852, 10.776539), (-2.23214, -0.669565, 10.932015), (-2.076795, -0.692184, 10.776854)
(-2.076795, -0.692184, 10.776854), (-1.920944, -0.707925, 10.777197), (-1.921179, -0.711937, 10.621472)
(-2.076795, -0.692184, 10.776854), (-2.076411, -0.685956, 10.932394), (-1.920944, -0.707925, 10.777197)
(-2.543378, -0.635569, 10.931416), (-2.542762, -0.626642, 11.086621), (-2.387784, -0.652648, 10.931682)
(-2.543378, -0.635569, 10.931416), (-2.387784, -0.652648, 10.931682), (-2.38822, -0.659042, 10.776266)
(-2.387784, -0.652648, 10.931682), (-2.387191, -0.643738, 11.086946), (-2.23214, -0.669565, 10.932015)
(-2.387784, -0.652648, 10.931682), (-2.23214, -0.669565, 10.932015), (-2.232548, -0.675852, 10.776539)
(-2.23214, -0.669565, 10.932015), (-2.231575, -0.660738, 11.087346), (-2.076411, -0.685956, 10.932394)
(-2.23214, -0.669565, 10.932015), (-2.076411, -0.685956, 10.932394), (-2.076795, -0.692184, 10.776854)
(-2.076411, -0.685956, 10.932394), (-2.075872, -0.67715, 11.087795), (-1.920578, -0.701658, 10.932803)
(-2.076411, -0.685956, 10.932394), (-1.920578, -0.701658, 10.932803), (-1.920944, -0.707925, 10.777197)
(-2.542762, -0.626642, 11.086621), (-2.387191, -0.643738, 11.086946), (-2.387784, -0.652648, 10.931682)
(-2.542762, -0.626642, 11.086621), (-2.541992, -0.61523, 11.241669), (-2.387191, -0.643738, 11.086946)
(-2.387191, -0.643738, 11.086946), (-2.231575, -0.660738, 11.087346), (-2.23214, -0.669565, 10.932015)
(-2.387191, -0.643738, 11.086946), (-2.386461, -0.63252, 11.242064), (-2.231575, -0.660738, 11.087346)
(-2.231575, -0.660738, 11.087346), (-2.075872, -0.67715, 11.087795), (-2.076411, -0.685956, 10.932394)
(-2.231575, -0.660738, 11.087346), (-2.230884, -0.649679, 11.242541), (-2.075872, -0.67715, 11.087795)
(-2.075872, -0.67715, 11.087795), (-1.920082, -0.69306, 11.088289), (-1.920578, -0.701658, 10.932803)
(-2.075872, -0.67715, 11.087795), (-2.07523, -0.666359, 11.24308), (-1.920082, -0.69306, 11.088289)
(-2.541992, -0.61523, 11.241669), (-2.54106, -0.601153, 11.396552), (-2.386461, -0.63252, 11.242064)
(-2.541992, -0.61523, 11.241669), (-2.386461, -0.63252, 11.242064), (-2.387191, -0.643738, 11.086946)
(-2.386461, -0.63252, 11.242064), (-2.385557, -0.618434, 11.397018), (-2.230884, -0.649679, 11.242541)
(-2.386461, -0.63252, 11.242064), (-2.230884, -0.649679, 11.242541), (-2.231575, -0.660738, 11.087346)
(-2.230884, -0.649679, 11.242541), (-2.07523, -0.666359, 11.24308), (-2.075872, -0.67715, 11.087795)
(-2.230884, -0.649679, 11.242541), (-2.230031, -0.635869, 11.397586), (-2.07523, -0.666359, 11.24308)
(-2.07523, -0.666359, 11.24308), (-2.07443, -0.65282, 11.398225), (-1.919476, -0.682342, 11.243663)
(-2.07523, -0.666359, 11.24308), (-1.919476, -0.682342, 11.243663), (-1.920082, -0.69306, 11.088289)
# -1.6363185833533305, 0, 10.984413849980005
(-1.920944, -0.707925, 10.777197), (-1.764988, -0.723058, 10.77756), (-1.765211, -0.727132, 10.621777)
(-1.920944, -0.707925, 10.777197), (-1.920578, -0.701658, 10.932803), (-1.764988, -0.723058, 10.77756)
(-1.764988, -0.723058, 10.77756), (-1.60895, -0.737946, 10.777954), (-1.609154, -0.742004, 10.622108)
(-1.764988, -0.723058, 10.77756), (-1.764657, -0.716937, 10.933239), (-1.60895, -0.737946, 10.777954)
(-1.60895, -0.737946, 10.777954), (-1.452806, -0.752363, 10.778358), (-1.45299, -0.756428, 10.62245)
(-1.60895, -0.737946, 10.777954), (-1.608648, -0.731883, 10.933705), (-1.452806, -0.752363, 10.778358)
(-1.452806, -0.752363, 10.778358), (-1.296545, -0.766269, 10.778772), (-1.296707, -0.77035, 10.622807)
(-1.452806, -0.752363, 10.778358), (-1.452526, -0.746267, 10.93418), (-1.296545, -0.766269, 10.778772)
(-1.920578, -0.701658, 10.932803), (-1.920082, -0.69306, 11.088289), (-1.764657, -0.716937, 10.933239)
(-1.920578, -0.701658, 10.932803), (-1.764657, -0.716937, 10.933239), (-1.764988, -0.723058, 10.77756)
(-1.764657, -0.716937, 10.933239), (-1.764201, -0.708506, 11.088809), (-1.608648, -0.731883, 10.933705)
(-1.764657, -0.716937, 10.933239), (-1.608648, -0.731883, 10.933705), (-1.60895, -0.737946, 10.777954)
(-1.608648, -0.731883, 10.933705), (-1.608224, -0.723485, 11.089357), (-1.452526, -0.746267, 10.93418)
(-1.608648, -0.731883, 10.933705), (-1.452526, -0.746267, 10.93418), (-1.452806, -0.752363, 10.778358)
(-1.452526, -0.746267, 10.93418), (-1.452129, -0.737813, 11.089906), (-1.296283, -0.760049, 10.934659)
(-1.452526, -0.746267, 10.93418), (-1.296283, -0.760049, 10.934659), (-1.296545, -0.766269, 10.778772)
(-1.920082, -0.69306, 11.088289), (-1.764201, -0.708506, 11.088809), (-1.764657, -0.716937, 10.933239)
(-1.920082, -0.69306, 11.088289), (-1.919476, -0.682342, 11.243663), (-1.764201, -0.708506, 11.088809)
(-1.764201, -0.708506, 11.088809), (-1.608224, -0.723485, 11.089357), (-1.608648, -0.731883, 10.933705)
(-1.764201, -0.708506, 11.088809), (-1.763635, -0.697885, 11.244273), (-1.608224, -0.723485, 11.089357)
(-1.608224, -0.723485, 11.089357), (-1.452129, -0.737813, 11.089906), (-1.452526, -0.746267, 10.93418)
(-1.608224, -0.723485, 11.089357), (-1.607696, -0.712915, 11.244913), (-1.452129, -0.737813, 11.089906)
(-1.452129, -0.737813, 11.089906), (-1.295919, -0.751595, 11.090462), (-1.296283, -0.760049, 10.934659)
(-1.452129, -0.737813, 11.089906), (-1.451643, -0.727332, 11.245551), (-1.295919, -0.751595, 11.090462)
(-1.919476, -0.682342, 11.243663), (-1.918729, -0.669052, 11.398912), (-1.763635, -0.697885, 11.244273)
(-1.919476, -0.682342, 11.243663), (-1.763635, -0.697885, 11.244273), (-1.764201, -0.708506, 11.088809)
(-1.763635, -0.697885, 11.244273), (-1.762918, -0.684503, 11.399624), (-1.607696, -0.712915, 11.244913)
(-1.763635, -0.697885, 11.244273), (-1.607696, -0.712915, 11.244913), (-1.608224, -0.723485, 11.089357)
(-1.607696, -0.712915, 11.244913), (-1.451643, -0.727332, 11.245551), (-1.452129, -0.737813, 11.089906)
(-1.607696, -0.712915, 11.244913), (-1.607032, -0.699732, 11.400366), (-1.451643, -0.727332, 11.245551)
(-1.451643, -0.727332, 11.245551), (-1.451029, -0.714278, 11.401109), (-1.295466, -0.741047, 11.246187)
(-1.451643, -0.727332, 11.245551), (-1.295466, -0.741047, 11.246187), (-1.295919, -0.751595, 11.090462)
# -0.968548350019997, 0, 10.984413849980005
(-1.296545, -0.766269, 10.778772), (-1.140161, -0.779664, 10.779191), (-1.140314, -0.783922, 10.623173)
(-1.296545, -0.766269, 10.778772), (-1.296283, -0.760049, 10.934659), (-1.140161, -0.779664, 10.779191)
(-1.140161, -0.779664, 10.779191), (-0.98367, -0.792797, 10.77962), (-0.983808, -0.797184, 10.623546)
(-1.140161, -0.779664, 10.779191), (-1.139926, -0.773402, 10.935143), (-0.98367, -0.792797, 10.77962)
(-0.98367, -0.792797, 10.77962), (-0.827055, -0.805531, 10.78005), (-0.827177, -0.810081, 10.623926)
(-0.98367, -0.792797, 10.77962), (-0.983458, -0.786418, 10.935629), (-0.827055, -0.805531, 10.78005)
(-0.827055, -0.805531, 10.78005), (-0.670311, -0.817858, 10.780481), (-0.67041, -0.822507, 10.624306)
(-0.827055, -0.805531, 10.78005), (-0.826862, -0.798961, 10.936112), (-0.670311, -0.817858, 10.780481)
(-0.670311, -0.817858, 10.780481), (-0.513421, -0.829592, 10.780908), (-0.513516, -0.834626, 10.624691)
(-0.670311, -0.817858, 10.780481), (-0.670127, -0.810915, 10.93659), (-0.513421, -0.829592, 10.780908)
(-1.296283, -0.760049, 10.934659), (-1.295919, -0.751595, 11.090462), (-1.139926, -0.773402, 10.935143)
(-1.296283, -0.760049, 10.934659), (-1.139926, -0.773402, 10.935143), (-1.140161, -0.779664, 10.779191)
(-1.139926, -0.773402, 10.935143), (-1.139593, -0.764896, 11.091015), (-0.983458, -0.786418, 10.935629)
(-1.139926, -0.773402, 10.935143), (-0.983458, -0.786418, 10.935629), (-0.98367, -0.792797, 10.77962)
(-0.983458, -0.786418, 10.935629), (-0.983149, -0.777742, 11.091565), (-0.826862, -0.798961, 10.936112)
(-0.983458, -0.786418, 10.935629), (-0.826862, -0.798961, 10.936112), (-0.827055, -0.805531, 10.78005)
(-0.826862, -0.798961, 10.936112), (-0.826567, -0.789932, 11.092104), (-0.670127, -0.810915, 10.93659)
(-0.826862, -0.798961, 10.936112), (-0.670127, -0.810915, 10.93659), (-0.670311, -0.817858, 10.780481)
(-0.670127, -0.810915, 10.93659), (-0.669856, -0.801645, 11.092634), (-0.513263, -0.822467, 10.937065)
(-0.670127, -0.810915, 10.93659), (-0.513263, -0.822467, 10.937065), (-0.513421, -0.829592, 10.780908)
(-1.295919, -0.751595, 11.090462), (-1.139593, -0.764896, 11.091015), (-1.139926, -0.773402, 10.935143)
(-1.295919, -0.751595, 11.090462), (-1.295466, -0.741047, 11.246187), (-1.139593, -0.764896, 11.091015)
(-1.139593, -0.764896, 11.091015), (-0.983149, -0.777742, 11.091565), (-0.983458, -0.786418, 10.935629)
(-1.139593, -0.764896, 11.091015), (-1.139174, -0.754261, 11.246819), (-0.983149, -0.777742, 11.091565)
(-0.983149, -0.777742, 11.091565), (-0.826567, -0.789932, 11.092104), (-0.826862, -0.798961, 10.936112)
(-0.983149, -0.777742, 11.091565), (-0.982757, -0.766904, 11.247436), (-0.826567, -0.789932, 11.092104)
(-0.826567, -0.789932, 11.092104), (-0.669856, -0.801645, 11.092634), (-0.670127, -0.810915, 10.93659)
(-0.826567, -0.789932, 11.092104), (-0.826211, -0.778982, 11.248039), (-0.669856, -0.801645, 11.092634)
(-0.669856, -0.801645, 11.092634), (-0.513017, -0.812909, 11.093158), (-0.513263, -0.822467, 10.937065)
(-0.669856, -0.801645, 11.092634), (-0.66952, -0.790314, 11.248622), (-0.513017, -0.812909, 11.093158)
(-1.295466, -0.741047, 11.246187), (-1.294899, -0.728055, 11.401838), (-1.139174, -0.754261, 11.246819)
(-1.295466, -0.741047, 11.246187), (-1.139174, -0.754261, 11.246819), (-1.139593, -0.764896, 11.091015)
(-1.139174, -0.754261, 11.246819), (-1.138633, -0.741017, 11.402546), (-0.982757, -0.766904, 11.247436)
(-1.139174, -0.754261, 11.246819), (-0.982757, -0.766904, 11.247436), (-0.983149, -0.777742, 11.091565)
(-0.982757, -0.766904, 11.247436), (-0.826211, -0.778982, 11.248039), (-0.826567, -0.789932, 11.092104)
(-0.982757, -0.766904, 11.247436), (-0.982257, -0.753586, 11.40324), (-0.826211, -0.778982, 11.248039)
(-0.826211, -0.778982, 11.248039), (-0.825746, -0.765456, 11.40391), (-0.66952, -0.790314, 11.248622)
(-0.826211, -0.778982, 11.248039), (-0.66952, -0.790314, 11.248622), (-0.669856, -0.801645, 11.092634)
(-0.66952, -0.790314, 11.248622), (-0.669097, -0.77664, 11.404553), (-0.512707, -0.801247, 11.249193)
(-0.66952, -0.790314, 11.248622), (-0.512707, -0.801247, 11.249193), (-0.513017, -0.812909, 11.093158)
# -0.3007781166866636, 0, 10.984413849980005
(-0.513421, -0.829592, 10.780908), (-0.35642, -0.841203, 10.781341), (-0.3565, -0.846516, 10.625081)
(-0.513421, -0.829592, 10.780908), (-0.513263, -0.822467, 10.937065), (-0.35642, -0.841203, 10.781341)
(-0.35642, -0.841203, 10.781341), (-0.199289, -0.852447, 10.781773), (-0.199353, -0.858072, 10.625471)
(-0.35642, -0.841203, 10.781341), (-0.356283, -0.833788, 10.937542), (-0.199289, -0.852447, 10.781773)
(-0.199289, -0.852447, 10.781773), (-0.042021, -0.863258, 10.782199), (-0.042057, -0.869014, 10.625853)
(-0.199289, -0.852447, 10.781773), (-0.199168, -0.84467, 10.938014), (-0.042021, -0.863258, 10.782199)
(-0.042021, -0.863258, 10.782199), (0.115415, -0.873092, 10.782608), (0.115381, -0.879393, 10.626225)
(-0.042021, -0.863258, 10.782199), (-0.041901, -0.854838, 10.938474), (0.115415, -0.873092, 10.782608)
(-0.513263, -0.822467, 10.937065), (-0.513017, -0.812909, 11.093158), (-0.356283, -0.833788, 10.937542)
(-0.513263, -0.822467, 10.937065), (-0.356283, -0.833788, 10.937542), (-0.35642, -0.841203, 10.781341)
(-0.356283, -0.833788, 10.937542), (-0.356052, -0.823792, 11.093674), (-0.199168, -0.84467, 10.938014)
(-0.356283, -0.833788, 10.937542), (-0.199168, -0.84467, 10.938014), (-0.199289, -0.852447, 10.781773)
(-0.199168, -0.84467, 10.938014), (-0.198938, -0.833986, 11.094179), (-0.041901, -0.854838, 10.938474)
(-0.199168, -0.84467, 10.938014), (-0.041901, -0.854838, 10.938474), (-0.042021, -0.863258, 10.782199)
(-0.041901, -0.854838, 10.938474), (-0.041706, -0.843928, 11.094681), (0.115509, -0.864392, 10.938925)
(-0.041901, -0.854838, 10.938474), (0.115509, -0.864392, 10.938925), (0.115415, -0.873092, 10.782608)
(-0.513017, -0.812909, 11.093158), (-0.356052, -0.823792, 11.093674), (-0.356283, -0.833788, 10.937542)
(-0.513017, -0.812909, 11.093158), (-0.512707, -0.801247, 11.249193), (-0.356052, -0.823792, 11.093674)
(-0.356052, -0.823792, 11.093674), (-0.198938, -0.833986, 11.094179), (-0.199168, -0.84467, 10.938014)
(-0.356052, -0.823792, 11.093674), (-0.355755, -0.811584, 11.249748), (-0.198938, -0.833986, 11.094179)
(-0.198938, -0.833986, 11.094179), (-0.041706, -0.843928, 11.094681), (-0.041901, -0.854838, 10.938474)
(-0.198938, -0.833986, 11.094179), (-0.198673, -0.821474, 11.250295), (-0.041706, -0.843928, 11.094681)
(-0.041706, -0.843928, 11.094681), (0.115704, -0.852717, 11.09516), (0.115509, -0.864392, 10.938925)
(-0.041706, -0.843928, 11.094681), (-0.041434, -0.830525, 11.250821), (0.115704, -0.852717, 11.09516)
(-0.512707, -0.801247, 11.249193), (-0.51228, -0.786785, 11.405163), (-0.355755, -0.811584, 11.249748)
(-0.512707, -0.801247, 11.249193), (-0.355755, -0.811584, 11.249748), (-0.356052, -0.823792, 11.093674)
(-0.355755, -0.811584, 11.249748), (-0.198673, -0.821474, 11.250295), (-0.198938, -0.833986, 11.094179)
(-0.355755, -0.811584, 11.249748), (-0.355363, -0.796814, 11.405763), (-0.198673, -0.821474, 11.250295)
(-0.198673, -0.821474, 11.250295), (-0.198305, -0.806193, 11.406344), (-0.041434, -0.830525, 11.250821)
(-0.198673, -0.821474, 11.250295), (-0.041434, -0.830525, 11.250821), (-0.041706, -0.843928, 11.094681)
(-0.041434, -0.830525, 11.250821), (-0.041106, -0.814944, 11.406907), (0.115941, -0.838991, 11.251336)
(-0.041434, -0.830525, 11.250821), (0.115941, -0.838991, 11.251336), (0.115704, -0.852717, 11.09516)
