# -19.66611488335333, 0, -1.0354503500199972
(-19.91432, -0.39392, -1.232506), (-19.908407, -0.389117, -1.0747), (-19.758757, -0.378602, -1.22924)
(-19.91432, -0.39392, -1.232506), (-19.758757, -0.378602, -1.22924), (-19.763897, -0.38558, -1.387923)
(-19.758757, -0.378602, -1.22924), (-19.753057, -0.370433, -1.07088), (-19.607355, -0.342488, -1.226054)
(-19.758757, -0.378602, -1.22924), (-19.607355, -0.342488, -1.226054), (-19.612108, -0.352037, -1.385122)
(-19.607355, -0.342488, -1.226054), (-19.460075, -0.284611, -1.222621), (-19.464211, -0.296592, -1.381967)
(-19.607355, -0.342488, -1.226054), (-19.602083, -0.331489, -1.067271), (-19.460075, -0.284611, -1.222621)
(-19.460075, -0.284611, -1.222621), (-19.455475, -0.270809, -1.063496), (-19.316525, -0.206232, -1.21881)
(-19.460075, -0.284611, -1.222621), (-19.316525, -0.206232, -1.21881), (-19.319817, -0.220849, -1.37838)
(-19.908407, -0.389117, -1.0747), (-19.753057, -0.370433, -1.07088), (-19.758757, -0.378602, -1.22924)
(-19.908407, -0.389117, -1.0747), (-19.902451, -0.383448, -0.917501), (-19.753057, -0.370433, -1.07088)
(-19.753057, -0.370433, -1.07088), (-19.602083, -0.331489, -1.067271), (-19.607355, -0.342488, -1.226054)
(-19.753057, -0.370433, -1.07088), (-19.747429, -0.360498, -0.913053), (-19.602083, -0.331489, -1.067271)
(-19.602083, -0.331489, -1.067271), (-19.455475, -0.270809, -1.063496), (-19.460075, -0.284611, -1.222621)
(-19.602083, -0.331489, -1.067271), (-19.597017, -0.317653, -0.908917), (-19.455475, -0.270809, -1.063496)
(-19.455475, -0.270809, -1.063496), (-19.312817, -0.189862, -1.059472), (-19.316525, -0.206232, -1.21881)
(-19.455475, -0.270809, -1.063496), (-19.451168, -0.25356, -0.90475), (-19.312817, -0.189862, -1.059472)
(-19.902451, -0.383448, -0.917501), (-19.896255, -0.37825, -0.761092), (-19.747429, -0.360498, -0.913053)
(-19.902451, -0.383448, -0.917501), (-19.747429, -0.360498, -0.913053), (-19.753057, -0.370433, -1.07088)
(-19.747429, -0.360498, -0.913053), (-19.741655, -0.3498, -0.755878), (-19.597017, -0.317653, -0.908917)
(-19.747429, -0.360498, -0.913053), (-19.597017, -0.317653, -0.908917), (-19.602083, -0.331489, -1.067271)
(-19.597017, -0.317653, -0.908917), (-19.591875, -0.302419, -0.751143), (-19.451168, -0.25356, -0.90475)
(-19.597017, -0.317653, -0.908917), (-19.451168, -0.25356, -0.90475), (-19.455475, -0.270809, -1.063496)
(-19.451168, -0.25356, -0.90475), (-19.446863, -0.234586, -0.746541), (-19.309422, -0.169788, -0.900471)
(-19.451168, -0.25356, -0.90475), (-19.309422, -0.169788, -0.900471), (-19.312817, -0.189862, -1.059472)
(-19.896255, -0.37825, -0.761092), (-19.741655, -0.3498, -0.755878), (-19.747429, -0.360498, -0.913053)
(-19.896255, -0.37825, -0.761092), (-19.890303, -0.373432, -0.605472), (-19.741655, -0.3498, -0.755878)
(-19.741655, -0.3498, -0.755878), (-19.591875, -0.302419, -0.751143), (-19.597017, -0.317653, -0.908917)
(-19.741655, -0.3498, -0.755878), (-19.736176, -0.339131, -0.599532), (-19.591875, -0.302419, -0.751143)
(-19.591875, -0.302419, -0.751143), (-19.446863, -0.234586, -0.746541), (-19.451168, -0.25356, -0.90475)
(-19.591875, -0.302419, -0.751143), (-19.58708, -0.286501, -0.594159), (-19.446863, -0.234586, -0.746541)
(-19.446863, -0.234586, -0.746541), (-19.306089, -0.148513, -0.742056), (-19.309422, -0.169788, -0.900471)
(-19.446863, -0.234586, -0.746541), (-19.442909, -0.214735, -0.5891), (-19.306089, -0.148513, -0.742056)
# -18.99834465002, 0, -1.0354503500199972
(-18.899826, 0.086857, -1.365939), (-18.760365, 0.196221, -1.361572), (-18.75983, 0.179917, -1.520359)
(-18.899826, 0.086857, -1.365939), (-18.899445, 0.105537, -1.20668), (-18.760365, 0.196221, -1.361572)
(-18.760365, 0.196221, -1.361572), (-18.61891, 0.297452, -1.357041), (-18.617609, 0.281319, -1.515321)
(-18.760365, 0.196221, -1.361572), (-18.761116, 0.21555, -1.202709), (-18.61891, 0.297452, -1.357041)
(-19.316525, -0.206232, -1.21881), (-19.312817, -0.189862, -1.059472), (-19.175905, -0.111637, -1.214798)
(-19.316525, -0.206232, -1.21881), (-19.175905, -0.111637, -1.214798), (-19.17828, -0.128156, -1.374424)
(-19.175905, -0.111637, -1.214798), (-19.173357, -0.092504, -1.055349), (-19.03723, -0.005851, -1.210721)
(-19.175905, -0.111637, -1.214798), (-19.03723, -0.005851, -1.210721), (-19.038673, -0.023553, -1.370245)
(-19.03723, -0.005851, -1.210721), (-18.899445, 0.105537, -1.20668), (-18.899826, 0.086857, -1.365939)
(-19.03723, -0.005851, -1.210721), (-19.035946, 0.015087, -1.051361), (-18.899445, 0.105537, -1.20668)
(-18.899445, 0.105537, -1.20668), (-18.899273, 0.12686, -1.047565), (-18.761116, 0.21555, -1.202709)
(-18.899445, 0.105537, -1.20668), (-18.761116, 0.21555, -1.202709), (-18.760365, 0.196221, -1.361572)
(-18.761116, 0.21555, -1.202709), (-18.761806, 0.236056, -1.043957), (-18.620407, 0.315997, -1.198658)
(-18.761116, 0.21555, -1.202709), (-18.620407, 0.315997, -1.198658), (-18.61891, 0.297452, -1.357041)
(-19.312817, -0.189862, -1.059472), (-19.173357, -0.092504, -1.055349), (-19.175905, -0.111637, -1.214798)
(-19.312817, -0.189862, -1.059472), (-19.309422, -0.169788, -0.900471), (-19.173357, -0.092504, -1.055349)
(-19.173357, -0.092504, -1.055349), (-19.035946, 0.015087, -1.051361), (-19.03723, -0.005851, -1.210721)
(-19.173357, -0.092504, -1.055349), (-19.170883, -0.071137, -0.896305), (-19.035946, 0.015087, -1.051361)
(-19.035946, 0.015087, -1.051361), (-18.899273, 0.12686, -1.047565), (-18.899445, 0.105537, -1.20668)
(-19.035946, 0.015087, -1.051361), (-19.034458, 0.036766, -0.892404), (-18.899273, 0.12686, -1.047565)
(-18.899273, 0.12686, -1.047565), (-18.761806, 0.236056, -1.043957), (-18.761116, 0.21555, -1.202709)
(-18.899273, 0.12686, -1.047565), (-18.898905, 0.148562, -0.888811), (-18.761806, 0.236056, -1.043957)
(-18.761806, 0.236056, -1.043957), (-18.62192, 0.335722, -1.040333), (-18.620407, 0.315997, -1.198658)
(-18.761806, 0.236056, -1.043957), (-18.762548, 0.257462, -0.885499), (-18.62192, 0.335722, -1.040333)
(-19.309422, -0.169788, -0.900471), (-19.306089, -0.148513, -0.742056), (-19.170883, -0.071137, -0.896305)
(-19.309422, -0.169788, -0.900471), (-19.170883, -0.071137, -0.896305), (-19.173357, -0.092504, -1.055349)
(-19.170883, -0.071137, -0.896305), (-19.168661, -0.04829, -0.737816), (-19.034458, 0.036766, -0.892404)
(-19.170883, -0.071137, -0.896305), (-19.034458, 0.036766, -0.892404), (-19.035946, 0.015087, -1.051361)
(-19.034458, 0.036766, -0.892404), (-19.033316, 0.060187, -0.733962), (-18.898905, 0.148562, -0.888811)
(-19.034458, 0.036766, -0.892404), (-18.898905, 0.148562, -0.888811), (-18.899273, 0.12686, -1.047565)
(-18.898905, 0.148562, -0.888811), (-18.898605, 0.17092, -0.730542), (-18.762548, 0.257462, -0.885499)
(-18.898905, 0.148562, -0.888811), (-18.762548, 0.257462, -0.885499), (-18.761806, 0.236056, -1.043957)
(-18.762548, 0.257462, -0.885499), (-18.762991, 0.277711, -0.72743), (-18.623329, 0.355404, -0.882192)
(-18.762548, 0.257462, -0.885499), (-18.623329, 0.355404, -0.882192), (-18.62192, 0.335722, -1.040333)
(-19.306089, -0.148513, -0.742056), (-19.168661, -0.04829, -0.737816), (-19.170883, -0.071137, -0.896305)
(-19.306089, -0.148513, -0.742056), (-19.303082, -0.125848, -0.584319), (-19.168661, -0.04829, -0.737816)
(-19.168661, -0.04829, -0.737816), (-19.033316, 0.060187, -0.733962), (-19.034458, 0.036766, -0.892404)
(-19.168661, -0.04829, -0.737816), (-19.166607, -0.024595, -0.579953), (-19.033316, 0.060187, -0.733962)
(-19.033316, 0.060187, -0.733962), (-18.898605, 0.17092, -0.730542), (-18.898905, 0.148562, -0.888811)
(-19.033316, 0.060187, -0.733962), (-19.032213, 0.083558, -0.576078), (-18.898605, 0.17092, -0.730542)
(-18.898605, 0.17092, -0.730542), (-18.762991, 0.277711, -0.72743), (-18.762548, 0.257462, -0.885499)
(-18.898605, 0.17092, -0.730542), (-18.898413, 0.192807, -0.572702), (-18.762991, 0.277711, -0.72743)
(-18.762991, 0.277711, -0.72743), (-18.624435, 0.373775, -0.724317), (-18.623329, 0.355404, -0.882192)
(-18.762991, 0.277711, -0.72743), (-18.763426, 0.297275, -0.569712), (-18.624435, 0.373775, -0.724317)
# -18.330574416686666, 0, -1.0354503500199972
(-18.61891, 0.297452, -1.357041), (-18.474195, 0.384587, -1.352114), (-18.472326, 0.369137, -1.509876)
(-18.61891, 0.297452, -1.357041), (-18.620407, 0.315997, -1.198658), (-18.474195, 0.384587, -1.352114)
(-18.474195, 0.384587, -1.352114), (-18.326094, 0.457669, -1.346645), (-18.323948, 0.44347, -1.503953)
(-18.474195, 0.384587, -1.352114), (-18.476213, 0.402043, -1.194218), (-18.326094, 0.457669, -1.346645)
(-18.326094, 0.457669, -1.346645), (-18.175518, 0.521334, -1.34075), (-18.173216, 0.508534, -1.497645)
(-18.326094, 0.457669, -1.346645), (-18.328459, 0.473885, -1.189216), (-18.175518, 0.521334, -1.34075)
(-18.175518, 0.521334, -1.34075), (-18.023333, 0.579474, -1.33458), (-18.021013, 0.568541, -1.491126)
(-18.175518, 0.521334, -1.34075), (-18.17795, 0.535657, -1.183717), (-18.023333, 0.579474, -1.33458)
(-18.023333, 0.579474, -1.33458), (-17.870104, 0.634278, -1.328234), (-17.867882, 0.625532, -1.484494)
(-18.023333, 0.579474, -1.33458), (-18.025719, 0.591636, -1.177894), (-17.870104, 0.634278, -1.328234)
(-18.620407, 0.315997, -1.198658), (-18.62192, 0.335722, -1.040333), (-18.476213, 0.402043, -1.194218)
(-18.620407, 0.315997, -1.198658), (-18.476213, 0.402043, -1.194218), (-18.474195, 0.384587, -1.352114)
(-18.476213, 0.402043, -1.194218), (-18.328459, 0.473885, -1.189216), (-18.326094, 0.457669, -1.346645)
(-18.476213, 0.402043, -1.194218), (-18.478228, 0.420333, -1.03631), (-18.328459, 0.473885, -1.189216)
(-18.328459, 0.473885, -1.189216), (-18.330734, 0.490553, -1.031711), (-18.17795, 0.535657, -1.183717)
(-18.328459, 0.473885, -1.189216), (-18.17795, 0.535657, -1.183717), (-18.175518, 0.521334, -1.34075)
(-18.17795, 0.535657, -1.183717), (-18.180334, 0.550508, -1.026592), (-18.025719, 0.591636, -1.177894)
(-18.17795, 0.535657, -1.183717), (-18.025719, 0.591636, -1.177894), (-18.023333, 0.579474, -1.33458)
(-18.025719, 0.591636, -1.177894), (-18.027924, 0.603902, -1.021076), (-17.872345, 0.644055, -1.171837)
(-18.025719, 0.591636, -1.177894), (-17.872345, 0.644055, -1.171837), (-17.870104, 0.634278, -1.328234)
(-18.62192, 0.335722, -1.040333), (-18.478228, 0.420333, -1.03631), (-18.476213, 0.402043, -1.194218)
(-18.62192, 0.335722, -1.040333), (-18.623329, 0.355404, -0.882192), (-18.478228, 0.420333, -1.03631)
(-18.478228, 0.420333, -1.03631), (-18.330734, 0.490553, -1.031711), (-18.328459, 0.473885, -1.189216)
(-18.478228, 0.420333, -1.03631), (-18.480103, 0.438365, -0.878494), (-18.330734, 0.490553, -1.031711)
(-18.330734, 0.490553, -1.031711), (-18.180334, 0.550508, -1.026592), (-18.17795, 0.535657, -1.183717)
(-18.330734, 0.490553, -1.031711), (-18.332804, 0.506715, -0.87422), (-18.180334, 0.550508, -1.026592)
(-18.180334, 0.550508, -1.026592), (-18.027924, 0.603902, -1.021076), (-18.025719, 0.591636, -1.177894)
(-18.180334, 0.550508, -1.026592), (-18.18235, 0.564342, -0.869407), (-18.027924, 0.603902, -1.021076)
(-18.027924, 0.603902, -1.021076), (-17.874447, 0.654038, -1.015315), (-17.872345, 0.644055, -1.171837)
(-18.027924, 0.603902, -1.021076), (-18.029896, 0.615592, -0.864198), (-17.874447, 0.654038, -1.015315)
(-18.623329, 0.355404, -0.882192), (-18.624435, 0.373775, -0.724317), (-18.480103, 0.438365, -0.878494)
(-18.623329, 0.355404, -0.882192), (-18.480103, 0.438365, -0.878494), (-18.478228, 0.420333, -1.03631)
(-18.480103, 0.438365, -0.878494), (-18.48155, 0.454629, -0.720828), (-18.332804, 0.506715, -0.87422)
(-18.480103, 0.438365, -0.878494), (-18.332804, 0.506715, -0.87422), (-18.330734, 0.490553, -1.031711)
(-18.332804, 0.506715, -0.87422), (-18.334291, 0.520602, -0.716778), (-18.18235, 0.564342, -0.869407)
(-18.332804, 0.506715, -0.87422), (-18.18235, 0.564342, -0.869407), (-18.180334, 0.550508, -1.026592)
(-18.18235, 0.564342, -0.869407), (-18.183901, 0.576332, -0.712229), (-18.029896, 0.615592, -0.864198)
(-18.18235, 0.564342, -0.869407), (-18.029896, 0.615592, -0.864198), (-18.027924, 0.603902, -1.021076)
(-18.029896, 0.615592, -0.864198), (-18.031389, 0.625484, -0.707279), (-17.876305, 0.663484, -0.858709)
(-18.029896, 0.615592, -0.864198), (-17.876305, 0.663484, -0.858709), (-17.874447, 0.654038, -1.015315)
(-18.624435, 0.373775, -0.724317), (-18.48155, 0.454629, -0.720828), (-18.480103, 0.438365, -0.878494)
(-18.624435, 0.373775, -0.724317), (-18.625301, 0.390661, -0.566717), (-18.48155, 0.454629, -0.720828)
(-18.48155, 0.454629, -0.720828), (-18.334291, 0.520602, -0.716778), (-18.332804, 0.506715, -0.87422)
(-18.48155, 0.454629, -0.720828), (-18.482656, 0.469044, -0.563357), (-18.334291, 0.520602, -0.716778)
(-18.334291, 0.520602, -0.716778), (-18.183901, 0.576332, -0.712229), (-18.18235, 0.564342, -0.869407)
(-18.334291, 0.520602, -0.716778), (-18.335554, 0.533023, -0.559484), (-18.183901, 0.576332, -0.712229)
(-18.183901, 0.576332, -0.712229), (-18.031389, 0.625484, -0.707279), (-18.029896, 0.615592, -0.864198)
(-18.183901, 0.576332, -0.712229), (-18.185081, 0.586405, -0.555136), (-18.031389, 0.625484, -0.707279)
(-18.031389, 0.625484, -0.707279), (-17.87771, 0.671341, -0.702033), (-17.876305, 0.663484, -0.858709)
(-18.031389, 0.625484, -0.707279), (-18.032536, 0.633626, -0.550411), (-17.87771, 0.671341, -0.702033)
# -17.662804183353337, 0, -1.0354503500199972
(-17.870104, 0.634278, -1.328234), (-17.716177, 0.686934, -1.321738), (-17.714113, 0.680478, -1.477764)
(-17.870104, 0.634278, -1.328234), (-17.872345, 0.644055, -1.171837), (-17.716177, 0.686934, -1.321738)
(-17.716177, 0.686934, -1.321738), (-17.56184, 0.738175, -1.315119), (-17.559935, 0.734, -1.470926)
(-17.716177, 0.686934, -1.321738), (-17.718266, 0.694335, -1.165601), (-17.56184, 0.738175, -1.315119)
(-17.56184, 0.738175, -1.315119), (-17.407228, 0.788394, -1.308345), (-17.405514, 0.786445, -1.463966)
(-17.56184, 0.738175, -1.315119), (-17.563726, 0.743212, -1.159193), (-17.407228, 0.788394, -1.308345)
(-17.407228, 0.788394, -1.308345), (-17.252508, 0.837895, -1.301456), (-17.250975, 0.838036, -1.4569)
(-17.407228, 0.788394, -1.308345), (-17.408934, 0.791211, -1.152624), (-17.252508, 0.837895, -1.301456)
(-17.872345, 0.644055, -1.171837), (-17.718266, 0.694335, -1.165601), (-17.716177, 0.686934, -1.321738)
(-17.872345, 0.644055, -1.171837), (-17.874447, 0.654038, -1.015315), (-17.718266, 0.694335, -1.165601)
(-17.718266, 0.694335, -1.165601), (-17.720217, 0.701985, -1.009336), (-17.563726, 0.743212, -1.159193)
(-17.718266, 0.694335, -1.165601), (-17.563726, 0.743212, -1.159193), (-17.56184, 0.738175, -1.315119)
(-17.563726, 0.743212, -1.159193), (-17.565517, 0.748613, -1.003158), (-17.408934, 0.791211, -1.152624)
(-17.563726, 0.743212, -1.159193), (-17.408934, 0.791211, -1.152624), (-17.407228, 0.788394, -1.308345)
(-17.408934, 0.791211, -1.152624), (-17.41054, 0.79446, -0.996775), (-17.254036, 0.838665, -1.145918)
(-17.408934, 0.791211, -1.152624), (-17.254036, 0.838665, -1.145918), (-17.252508, 0.837895, -1.301456)
(-17.874447, 0.654038, -1.015315), (-17.720217, 0.701985, -1.009336), (-17.718266, 0.694335, -1.165601)
(-17.874447, 0.654038, -1.015315), (-17.876305, 0.663484, -0.858709), (-17.720217, 0.701985, -1.009336)
(-17.720217, 0.701985, -1.009336), (-17.565517, 0.748613, -1.003158), (-17.563726, 0.743212, -1.159193)
(-17.720217, 0.701985, -1.009336), (-17.721924, 0.709176, -0.852968), (-17.565517, 0.748613, -1.003158)
(-17.565517, 0.748613, -1.003158), (-17.41054, 0.79446, -0.996775), (-17.408934, 0.791211, -1.152624)
(-17.565517, 0.748613, -1.003158), (-17.567059, 0.753651, -0.846992), (-17.41054, 0.79446, -0.996775)
(-17.41054, 0.79446, -0.996775), (-17.255489, 0.840011, -0.990256), (-17.254036, 0.838665, -1.145918)
(-17.41054, 0.79446, -0.996775), (-17.411964, 0.797644, -0.840814), (-17.255489, 0.840011, -0.990256)
(-17.876305, 0.663484, -0.858709), (-17.87771, 0.671341, -0.702033), (-17.721924, 0.709176, -0.852968)
(-17.876305, 0.663484, -0.858709), (-17.721924, 0.709176, -0.852968), (-17.720217, 0.701985, -1.009336)
(-17.721924, 0.709176, -0.852968), (-17.723217, 0.715039, -0.696503), (-17.567059, 0.753651, -0.846992)
(-17.721924, 0.709176, -0.852968), (-17.567059, 0.753651, -0.846992), (-17.565517, 0.748613, -1.003158)
(-17.567059, 0.753651, -0.846992), (-17.568281, 0.757807, -0.690728), (-17.411964, 0.797644, -0.840814)
(-17.567059, 0.753651, -0.846992), (-17.411964, 0.797644, -0.840814), (-17.41054, 0.79446, -0.996775)
(-17.411964, 0.797644, -0.840814), (-17.413128, 0.800268, -0.684731), (-17.256802, 0.841532, -0.834467)
(-17.411964, 0.797644, -0.840814), (-17.256802, 0.841532, -0.834467), (-17.255489, 0.840011, -0.990256)
(-17.87771, 0.671341, -0.702033), (-17.723217, 0.715039, -0.696503), (-17.721924, 0.709176, -0.852968)
(-17.87771, 0.671341, -0.702033), (-17.878771, 0.677553, -0.545375), (-17.723217, 0.715039, -0.696503)
# -16.99503395002, 0, -1.0354503500199972
(-16.753086, 1.692726, -1.366095), (-16.729855, 1.68325, -1.3616), (-16.728451, 1.704403, -1.463898)
(-16.753086, 1.692726, -1.366095), (-16.728451, 1.704403, -1.463898), (-16.790968, 1.704402, -1.479495)
(-16.729855, 1.68325, -1.3616), (-16.580641, 1.683251, -1.325455), (-16.705244, 1.694927, -1.459253)
(-16.729855, 1.68325, -1.3616), (-16.705244, 1.694927, -1.459253), (-16.728451, 1.704403, -1.463898)
(-16.761995, 0.921299, -1.354731), (-16.839104, 1.681228, -1.282717), (-16.737959, 0.932874, -1.4534)
(-17.252508, 0.837895, -1.301456), (-17.097757, 0.886951, -1.294409), (-17.096401, 0.889038, -1.449685)
(-17.252508, 0.837895, -1.301456), (-17.254036, 0.838665, -1.145918), (-17.097757, 0.886951, -1.294409)
(-17.097757, 0.886951, -1.294409), (-16.943048, 0.9357, -1.2872), (-16.941874, 0.939674, -1.442292)
(-17.097757, 0.886951, -1.294409), (-17.099113, 0.885803, -1.139058), (-16.943048, 0.9357, -1.2872)
(-16.943048, 0.9357, -1.2872), (-16.788427, 0.984233, -1.279823), (-16.787432, 0.990008, -1.434718)
(-16.943048, 0.9357, -1.2872), (-16.944239, 0.932822, -1.132018), (-16.788427, 0.984233, -1.279823)
(-16.839104, 1.681228, -1.282717), (-16.776381, 1.681228, -1.267971), (-16.815708, 1.692726, -1.381266)
(-16.839104, 1.681228, -1.282717), (-16.815708, 1.692726, -1.381266), (-16.737959, 0.932874, -1.4534)
(-16.788427, 0.984233, -1.279823), (-16.633938, 1.032625, -1.272268), (-16.633114, 1.040039, -1.42697)
(-16.788427, 0.984233, -1.279823), (-16.789457, 0.979762, -1.124815), (-16.633938, 1.032625, -1.272268)
(-16.776381, 1.681228, -1.267971), (-16.753117, 1.671751, -1.263626), (-16.753086, 1.692726, -1.366095)
(-16.776381, 1.681228, -1.267971), (-16.753086, 1.692726, -1.366095), (-16.815708, 1.692726, -1.381266)
(-16.753117, 1.671751, -1.263626), (-16.603666, 1.671751, -1.228491), (-16.729855, 1.68325, -1.3616)
(-16.753117, 1.671751, -1.263626), (-16.729855, 1.68325, -1.3616), (-16.753086, 1.692726, -1.366095)
(-16.784584, 0.90991, -1.255684), (-16.861061, 1.669918, -1.183821), (-16.761995, 0.921299, -1.354731)
(-16.861061, 1.669918, -1.183821), (-16.798241, 1.669918, -1.169497), (-16.839104, 1.681228, -1.282717)
(-16.861061, 1.669918, -1.183821), (-16.839104, 1.681228, -1.282717), (-16.761995, 0.921299, -1.354731)
(-16.798241, 1.669918, -1.169497), (-16.77495, 1.66044, -1.1653), (-16.776381, 1.681228, -1.267971)
(-16.798241, 1.669918, -1.169497), (-16.776381, 1.681228, -1.267971), (-16.839104, 1.681228, -1.282717)
(-16.77495, 1.66044, -1.1653), (-16.625263, 1.660442, -1.13117), (-16.753117, 1.671751, -1.263626)
(-16.77495, 1.66044, -1.1653), (-16.753117, 1.671751, -1.263626), (-16.776381, 1.681228, -1.267971)
(-16.807156, 0.898524, -1.156629), (-16.882999, 1.658609, -1.084922), (-16.784584, 0.90991, -1.255684)
(-17.254036, 0.838665, -1.145918), (-17.099113, 0.885803, -1.139058), (-17.097757, 0.886951, -1.294409)
(-17.254036, 0.838665, -1.145918), (-17.255489, 0.840011, -0.990256), (-17.099113, 0.885803, -1.139058)
(-17.099113, 0.885803, -1.139058), (-17.100422, 0.885431, -0.983568), (-16.944239, 0.932822, -1.132018)
(-17.099113, 0.885803, -1.139058), (-16.944239, 0.932822, -1.132018), (-16.943048, 0.9357, -1.2872)
(-16.944239, 0.932822, -1.132018), (-16.945408, 0.930893, -0.976696), (-16.789457, 0.979762, -1.124815)
(-16.944239, 0.932822, -1.132018), (-16.789457, 0.979762, -1.124815), (-16.788427, 0.984233, -1.279823)
(-16.789457, 0.979762, -1.124815), (-16.790506, 0.976561, -0.969617), (-16.634821, 1.026722, -1.117435)
(-16.789457, 0.979762, -1.124815), (-16.634821, 1.026722, -1.117435), (-16.633938, 1.032625, -1.272268)
(-16.882999, 1.658609, -1.084922), (-16.820086, 1.65861, -1.07102), (-16.861061, 1.669918, -1.183821)
(-16.882999, 1.658609, -1.084922), (-16.861061, 1.669918, -1.183821), (-16.784584, 0.90991, -1.255684)
(-16.820086, 1.65861, -1.07102), (-16.79677, 1.649131, -1.066972), (-16.798241, 1.669918, -1.169497)
(-16.820086, 1.65861, -1.07102), (-16.798241, 1.669918, -1.169497), (-16.861061, 1.669918, -1.183821)
(-16.79677, 1.649131, -1.066972), (-16.646858, 1.649133, -1.033849), (-16.77495, 1.66044, -1.1653)
(-16.79677, 1.649131, -1.066972), (-16.77495, 1.66044, -1.1653), (-16.798241, 1.669918, -1.169497)
(-16.829714, 0.88714, -1.057576), (-16.904928, 1.647303, -0.98603), (-16.807156, 0.898524, -1.156629)
(-17.255489, 0.840011, -0.990256), (-17.100422, 0.885431, -0.983568), (-17.099113, 0.885803, -1.139058)
(-17.255489, 0.840011, -0.990256), (-17.256802, 0.841532, -0.834467), (-17.100422, 0.885431, -0.983568)
(-16.904928, 1.647303, -0.98603), (-16.841921, 1.647304, -0.972551), (-16.882999, 1.658609, -1.084922)
(-16.904928, 1.647303, -0.98603), (-16.882999, 1.658609, -1.084922), (-16.807156, 0.898524, -1.156629)
(-17.100422, 0.885431, -0.983568), (-16.945408, 0.930893, -0.976696), (-16.944239, 0.932822, -1.132018)
(-17.100422, 0.885431, -0.983568), (-17.101627, 0.88549, -0.827926), (-16.945408, 0.930893, -0.976696)
(-16.945408, 0.930893, -0.976696), (-16.790506, 0.976561, -0.969617), (-16.789457, 0.979762, -1.124815)
(-16.945408, 0.930893, -0.976696), (-16.946514, 0.929714, -0.821177), (-16.790506, 0.976561, -0.969617)
(-16.841921, 1.647304, -0.972551), (-16.818581, 1.637824, -0.968651), (-16.820086, 1.65861, -1.07102)
(-16.841921, 1.647304, -0.972551), (-16.820086, 1.65861, -1.07102), (-16.882999, 1.658609, -1.084922)
(-16.790506, 0.976561, -0.969617), (-16.635744, 1.022287, -0.962405), (-16.634821, 1.026722, -1.117435)
(-16.790506, 0.976561, -0.969617), (-16.791523, 0.974272, -0.814239), (-16.635744, 1.022287, -0.962405)
(-16.818581, 1.637824, -0.968651), (-16.668449, 1.637825, -0.936536), (-16.79677, 1.649131, -1.066972)
(-16.818581, 1.637824, -0.968651), (-16.79677, 1.649131, -1.066972), (-16.820086, 1.65861, -1.07102)
(-16.851582, 0.875851, -0.958351), (-16.926172, 1.636092, -0.88698), (-16.829714, 0.88714, -1.057576)
(-16.668449, 1.637825, -0.936536), (-16.644993, 1.647305, -0.930425), (-16.646858, 1.649133, -1.033849)
(-16.668449, 1.637825, -0.936536), (-16.646858, 1.649133, -1.033849), (-16.79677, 1.649131, -1.066972)
(-16.926172, 1.636092, -0.88698), (-16.863075, 1.636093, -0.873925), (-16.904928, 1.647303, -0.98603)
(-16.926172, 1.636092, -0.88698), (-16.904928, 1.647303, -0.98603), (-16.829714, 0.88714, -1.057576)
(-16.863075, 1.636093, -0.873925), (-16.83971, 1.626611, -0.870173), (-16.841921, 1.647304, -0.972551)
(-16.863075, 1.636093, -0.873925), (-16.841921, 1.647304, -0.972551), (-16.904928, 1.647303, -0.98603)
(-16.83971, 1.626611, -0.870173), (-16.689365, 1.626612, -0.839067), (-16.818581, 1.637824, -0.968651)
(-16.83971, 1.626611, -0.870173), (-16.818581, 1.637824, -0.968651), (-16.841921, 1.647304, -0.972551)
(-16.871365, 0.864849, -0.858629), (-16.945333, 1.625171, -0.787475), (-16.851582, 0.875851, -0.958351)
(-16.689365, 1.626612, -0.839067), (-16.665867, 1.636093, -0.833123), (-16.668449, 1.637825, -0.936536)
(-16.689365, 1.626612, -0.839067), (-16.668449, 1.637825, -0.936536), (-16.818581, 1.637824, -0.968651)
(-17.256802, 0.841532, -0.834467), (-17.257895, 0.842808, -0.678531), (-17.101627, 0.88549, -0.827926)
(-17.256802, 0.841532, -0.834467), (-17.101627, 0.88549, -0.827926), (-17.100422, 0.885431, -0.983568)
(-16.665867, 1.636093, -0.833123), (-16.644993, 1.647305, -0.930425), (-16.668449, 1.637825, -0.936536)
(-16.665867, 1.636093, -0.833123), (-16.684673, 1.625174, -0.735369), (-16.635643, 1.625175, -0.725568)
(-17.101627, 0.88549, -0.827926), (-17.102663, 0.885637, -0.672108), (-16.946514, 0.929714, -0.821177)
(-17.101627, 0.88549, -0.827926), (-16.946514, 0.929714, -0.821177), (-16.945408, 0.930893, -0.976696)
(-16.946514, 0.929714, -0.821177), (-16.94751, 0.928907, -0.665483), (-16.791523, 0.974272, -0.814239)
(-16.946514, 0.929714, -0.821177), (-16.791523, 0.974272, -0.814239), (-16.790506, 0.976561, -0.969617)
(-16.791523, 0.974272, -0.814239), (-16.792479, 0.972682, -0.658652), (-16.636681, 1.019073, -0.807159)
(-16.791523, 0.974272, -0.814239), (-16.636681, 1.019073, -0.807159), (-16.635744, 1.022287, -0.962405)
(-16.945333, 1.625171, -0.787475), (-16.882153, 1.625172, -0.774844), (-16.926172, 1.636092, -0.88698)
(-16.945333, 1.625171, -0.787475), (-16.926172, 1.636092, -0.88698), (-16.851582, 0.875851, -0.958351)
(-16.882153, 1.625172, -0.774844), (-16.858763, 1.61569, -0.77124), (-16.863075, 1.636093, -0.873925)
(-16.882153, 1.625172, -0.774844), (-16.863075, 1.636093, -0.873925), (-16.926172, 1.636092, -0.88698)
(-16.858763, 1.61569, -0.77124), (-16.708214, 1.615692, -0.741146), (-16.83971, 1.626611, -0.870173)
(-16.858763, 1.61569, -0.77124), (-16.83971, 1.626611, -0.870173), (-16.863075, 1.636093, -0.873925)
(-16.89113, 0.853849, -0.7589), (-16.964487, 1.614252, -0.687963), (-16.871365, 0.864849, -0.858629)
(-16.708214, 1.615692, -0.741146), (-16.684673, 1.625174, -0.735369), (-16.689365, 1.626612, -0.839067)
(-16.708214, 1.615692, -0.741146), (-16.689365, 1.626612, -0.839067), (-16.83971, 1.626611, -0.870173)
(-16.684673, 1.625174, -0.735369), (-16.665867, 1.636093, -0.833123), (-16.689365, 1.626612, -0.839067)
(-16.684673, 1.625174, -0.735369), (-16.70348, 1.614255, -0.637611), (-16.654387, 1.614256, -0.62814)
# -16.32726371668667, 0, -1.0354503500199972
(-16.263302, 1.694933, -1.349005), (-16.240633, 1.704409, -1.342203), (-16.216825, 1.716086, -1.436679)
(-16.263302, 1.694933, -1.349005), (-16.287169, 1.683253, -1.254363), (-16.240633, 1.704409, -1.342203)
(-16.240633, 1.704409, -1.342203), (-16.183804, 1.704409, -1.328028), (-16.160097, 1.716086, -1.422116)
(-16.240633, 1.704409, -1.342203), (-16.264454, 1.692729, -1.247725), (-16.183804, 1.704409, -1.328028)
(-16.183804, 1.704409, -1.328028), (-16.230074, 0.905851, -1.436045), (-16.205458, 0.917608, -1.5311)
(-16.183804, 1.704409, -1.328028), (-16.207531, 1.69273, -1.233936), (-16.230074, 0.905851, -1.436045)
(-16.580641, 1.683251, -1.325455), (-16.557365, 1.692728, -1.318683), (-16.556282, 1.694929, -1.422094)
(-16.580641, 1.683251, -1.325455), (-16.556282, 1.694929, -1.422094), (-16.705244, 1.694927, -1.459253)
(-16.557365, 1.692728, -1.318683), (-16.533054, 1.704405, -1.415152), (-16.556282, 1.694929, -1.422094)
(-16.557365, 1.692728, -1.318683), (-16.580341, 1.681229, -1.221883), (-16.53167, 1.681229, -1.210441)
(-16.508772, 1.692728, -1.30691), (-16.557365, 1.692728, -1.318683), (-16.53167, 1.681229, -1.210441)
(-16.460176, 1.692728, -1.295138), (-16.436028, 1.704406, -1.390948), (-16.508772, 1.692728, -1.30691)
(-16.460176, 1.692728, -1.295138), (-16.436382, 1.683252, -1.290509), (-16.412264, 1.694931, -1.386164)
(-16.460176, 1.692728, -1.295138), (-16.508772, 1.692728, -1.30691), (-16.53167, 1.681229, -1.210441)
(-16.460176, 1.692728, -1.295138), (-16.482998, 1.68123, -1.198997), (-16.436382, 1.683252, -1.290509)
(-16.436382, 1.683252, -1.290509), (-16.287169, 1.683253, -1.254363), (-16.263302, 1.694933, -1.349005)
(-16.436382, 1.683252, -1.290509), (-16.459171, 1.671752, -1.194521), (-16.287169, 1.683253, -1.254363)
(-16.633938, 1.032625, -1.272268), (-16.479654, 1.081061, -1.264509), (-16.478985, 1.089962, -1.419014)
(-16.633938, 1.032625, -1.272268), (-16.634821, 1.026722, -1.117435), (-16.479654, 1.081061, -1.264509)
(-16.479654, 1.081061, -1.264509), (-16.3256, 1.129489, -1.256568), (-16.325104, 1.139876, -1.410848)
(-16.479654, 1.081061, -1.264509), (-16.480373, 1.073767, -1.109877), (-16.3256, 1.129489, -1.256568)
(-16.3256, 1.129489, -1.256568), (-16.171808, 1.177872, -1.248465), (-16.171476, 1.189628, -1.402513)
(-16.3256, 1.129489, -1.256568), (-16.326181, 1.121023, -1.102125), (-16.171808, 1.177872, -1.248465)
(-16.287169, 1.683253, -1.254363), (-16.264454, 1.692729, -1.247725), (-16.240633, 1.704409, -1.342203)
(-16.287169, 1.683253, -1.254363), (-16.309719, 1.671753, -1.159387), (-16.264454, 1.692729, -1.247725)
(-16.171808, 1.177872, -1.248465), (-16.018303, 1.226108, -1.240239), (-16.018097, 1.238994, -1.394068)
(-16.171808, 1.177872, -1.248465), (-16.172255, 1.168318, -1.094226), (-16.018303, 1.226108, -1.240239)
(-16.264454, 1.692729, -1.247725), (-16.207531, 1.69273, -1.233936), (-16.183804, 1.704409, -1.328028)
(-16.264454, 1.692729, -1.247725), (-16.286955, 1.681231, -1.15291), (-16.207531, 1.69273, -1.233936)
(-16.018303, 1.226108, -1.240239), (-15.865083, 1.273999, -1.231978), (-15.864975, 1.287834, -1.385596)
(-16.018303, 1.226108, -1.240239), (-16.018623, 1.215605, -1.086206), (-15.865083, 1.273999, -1.231978)
(-16.207531, 1.69273, -1.233936), (-16.254698, 0.894092, -1.340976), (-16.230074, 0.905851, -1.436045)
(-16.207531, 1.69273, -1.233936), (-16.229939, 1.681231, -1.139506), (-16.254698, 0.894092, -1.340976)
(-16.603666, 1.671751, -1.228491), (-16.580341, 1.681229, -1.221883), (-16.580641, 1.683251, -1.325455)
(-16.603666, 1.671751, -1.228491), (-16.580641, 1.683251, -1.325455), (-16.729855, 1.68325, -1.3616)
(-16.580341, 1.681229, -1.221883), (-16.557365, 1.692728, -1.318683), (-16.580641, 1.683251, -1.325455)
(-16.580341, 1.681229, -1.221883), (-16.601896, 1.669921, -1.124728), (-16.553148, 1.669922, -1.113613)
(-16.53167, 1.681229, -1.210441), (-16.580341, 1.681229, -1.221883), (-16.553148, 1.669922, -1.113613)
(-16.482998, 1.68123, -1.198997), (-16.460176, 1.692728, -1.295138), (-16.53167, 1.681229, -1.210441)
(-16.482998, 1.68123, -1.198997), (-16.459171, 1.671752, -1.194521), (-16.436382, 1.683252, -1.290509)
(-16.482998, 1.68123, -1.198997), (-16.53167, 1.681229, -1.210441), (-16.553148, 1.669922, -1.113613)
(-16.482998, 1.68123, -1.198997), (-16.504398, 1.669922, -1.102497), (-16.459171, 1.671752, -1.194521)
(-16.459171, 1.671752, -1.194521), (-16.309719, 1.671753, -1.159387), (-16.287169, 1.683253, -1.254363)
(-16.459171, 1.671752, -1.194521), (-16.480547, 1.660444, -1.098172), (-16.309719, 1.671753, -1.159387)
(-16.309719, 1.671753, -1.159387), (-16.286955, 1.681231, -1.15291), (-16.264454, 1.692729, -1.247725)
(-16.309719, 1.671753, -1.159387), (-16.33086, 1.660446, -1.064042), (-16.286955, 1.681231, -1.15291)
(-16.286955, 1.681231, -1.15291), (-16.229939, 1.681231, -1.139506), (-16.207531, 1.69273, -1.233936)
(-16.286955, 1.681231, -1.15291), (-16.308056, 1.669925, -1.057728), (-16.229939, 1.681231, -1.139506)
(-16.229939, 1.681231, -1.139506), (-16.277992, 0.882513, -1.245546), (-16.254698, 0.894092, -1.340976)
(-16.229939, 1.681231, -1.139506), (-16.25095, 1.669925, -1.044707), (-16.277992, 0.882513, -1.245546)
(-16.625263, 1.660442, -1.13117), (-16.601896, 1.669921, -1.124728), (-16.603666, 1.671751, -1.228491)
(-16.625263, 1.660442, -1.13117), (-16.603666, 1.671751, -1.228491), (-16.753117, 1.671751, -1.263626)
(-16.601896, 1.669921, -1.124728), (-16.580341, 1.681229, -1.221883), (-16.603666, 1.671751, -1.228491)
(-16.601896, 1.669921, -1.124728), (-16.623446, 1.658613, -1.027572), (-16.574623, 1.658613, -1.016785)
(-16.634821, 1.026722, -1.117435), (-16.480373, 1.073767, -1.109877), (-16.479654, 1.081061, -1.264509)
(-16.634821, 1.026722, -1.117435), (-16.635744, 1.022287, -0.962405), (-16.480373, 1.073767, -1.109877)
(-16.553148, 1.669922, -1.113613), (-16.601896, 1.669921, -1.124728), (-16.574623, 1.658613, -1.016785)
(-16.480373, 1.073767, -1.109877), (-16.481178, 1.068237, -0.955017), (-16.326181, 1.121023, -1.102125)
(-16.480373, 1.073767, -1.109877), (-16.326181, 1.121023, -1.102125), (-16.3256, 1.129489, -1.256568)
(-16.504398, 1.669922, -1.102497), (-16.482998, 1.68123, -1.198997), (-16.553148, 1.669922, -1.113613)
(-16.504398, 1.669922, -1.102497), (-16.480547, 1.660444, -1.098172), (-16.459171, 1.671752, -1.194521)
(-16.504398, 1.669922, -1.102497), (-16.553148, 1.669922, -1.113613), (-16.574623, 1.658613, -1.016785)
(-16.504398, 1.669922, -1.102497), (-16.525801, 1.658614, -1.005997), (-16.480547, 1.660444, -1.098172)
(-16.326181, 1.121023, -1.102125), (-16.326859, 1.114489, -0.947445), (-16.172255, 1.168318, -1.094226)
(-16.326181, 1.121023, -1.102125), (-16.172255, 1.168318, -1.094226), (-16.171808, 1.177872, -1.248465)
(-16.480547, 1.660444, -1.098172), (-16.33086, 1.660446, -1.064042), (-16.309719, 1.671753, -1.159387)
(-16.480547, 1.660444, -1.098172), (-16.501921, 1.649135, -1.001823), (-16.33086, 1.660446, -1.064042)
(-16.172255, 1.168318, -1.094226), (-16.172844, 1.161072, -0.939695), (-16.018623, 1.215605, -1.086206)
(-16.172255, 1.168318, -1.094226), (-16.018623, 1.215605, -1.086206), (-16.018303, 1.226108, -1.240239)
(-16.018623, 1.215605, -1.086206), (-15.865283, 1.26256, -1.078163), (-15.865083, 1.273999, -1.231978)
(-16.018623, 1.215605, -1.086206), (-16.019085, 1.207475, -0.931884), (-15.865283, 1.26256, -1.078163)
(-16.33086, 1.660446, -1.064042), (-16.308056, 1.669925, -1.057728), (-16.286955, 1.681231, -1.15291)
(-16.33086, 1.660446, -1.064042), (-16.352009, 1.649137, -0.9687), (-16.308056, 1.669925, -1.057728)
(-16.308056, 1.669925, -1.057728), (-16.25095, 1.669925, -1.044707), (-16.229939, 1.681231, -1.139506)
(-16.308056, 1.669925, -1.057728), (-16.329159, 1.658617, -0.962548), (-16.25095, 1.669925, -1.044707)
(-16.25095, 1.669925, -1.044707), (-16.299868, 0.871124, -1.14972), (-16.277992, 0.882513, -1.245546)
(-16.25095, 1.669925, -1.044707), (-16.271969, 1.658617, -0.949911), (-16.299868, 0.871124, -1.14972)
(-16.646858, 1.649133, -1.033849), (-16.623446, 1.658613, -1.027572), (-16.625263, 1.660442, -1.13117)
(-16.646858, 1.649133, -1.033849), (-16.625263, 1.660442, -1.13117), (-16.77495, 1.66044, -1.1653)
(-16.623446, 1.658613, -1.027572), (-16.601896, 1.669921, -1.124728), (-16.625263, 1.660442, -1.13117)
(-16.623446, 1.658613, -1.027572), (-16.644993, 1.647305, -0.930425), (-16.596098, 1.647306, -0.919966)
(-16.574623, 1.658613, -1.016785), (-16.623446, 1.658613, -1.027572), (-16.596098, 1.647306, -0.919966)
(-16.525801, 1.658614, -1.005997), (-16.504398, 1.669922, -1.102497), (-16.574623, 1.658613, -1.016785)
(-16.525801, 1.658614, -1.005997), (-16.501921, 1.649135, -1.001823), (-16.480547, 1.660444, -1.098172)
(-16.525801, 1.658614, -1.005997), (-16.574623, 1.658613, -1.016785), (-16.596098, 1.647306, -0.919966)
(-16.525801, 1.658614, -1.005997), (-16.547207, 1.647306, -0.909506), (-16.501921, 1.649135, -1.001823)
(-16.501921, 1.649135, -1.001823), (-16.352009, 1.649137, -0.9687), (-16.33086, 1.660446, -1.064042)
(-16.501921, 1.649135, -1.001823), (-16.523302, 1.637826, -0.905486), (-16.352009, 1.649137, -0.9687)
(-16.352009, 1.649137, -0.9687), (-16.329159, 1.658617, -0.962548), (-16.308056, 1.669925, -1.057728)
(-16.352009, 1.649137, -0.9687), (-16.373171, 1.637827, -0.87337), (-16.329159, 1.658617, -0.962548)
(-16.329159, 1.658617, -0.962548), (-16.271969, 1.658617, -0.949911), (-16.25095, 1.669925, -1.044707)
(-16.329159, 1.658617, -0.962548), (-16.350277, 1.647308, -0.867379), (-16.271969, 1.658617, -0.949911)
(-16.635744, 1.022287, -0.962405), (-16.481178, 1.068237, -0.955017), (-16.480373, 1.073767, -1.109877)
(-16.635744, 1.022287, -0.962405), (-16.636681, 1.019073, -0.807159), (-16.481178, 1.068237, -0.955017)
(-16.481178, 1.068237, -0.955017), (-16.326859, 1.114489, -0.947445), (-16.326181, 1.121023, -1.102125)
(-16.481178, 1.068237, -0.955017), (-16.482037, 1.064251, -0.799898), (-16.326859, 1.114489, -0.947445)
(-16.271969, 1.658617, -0.949911), (-16.321745, 0.859734, -1.05389), (-16.299868, 0.871124, -1.14972)
(-16.271969, 1.658617, -0.949911), (-16.293003, 1.647308, -0.855127), (-16.321745, 0.859734, -1.05389)
(-16.326859, 1.114489, -0.947445), (-16.172844, 1.161072, -0.939695), (-16.172255, 1.168318, -1.094226)
(-16.326859, 1.114489, -0.947445), (-16.327648, 1.109872, -0.792448), (-16.172844, 1.161072, -0.939695)
(-16.172844, 1.161072, -0.939695), (-16.019085, 1.207475, -0.931884), (-16.018623, 1.215605, -1.086206)
(-16.172844, 1.161072, -0.939695), (-16.173523, 1.155697, -0.784871), (-16.019085, 1.207475, -0.931884)
(-16.019085, 1.207475, -0.931884), (-15.865621, 1.253484, -0.924073), (-15.865283, 1.26256, -1.078163)
(-16.019085, 1.207475, -0.931884), (-16.019663, 1.201358, -0.777249), (-15.865621, 1.253484, -0.924073)
(-16.644993, 1.647305, -0.930425), (-16.623446, 1.658613, -1.027572), (-16.646858, 1.649133, -1.033849)
(-16.644993, 1.647305, -0.930425), (-16.665867, 1.636093, -0.833123), (-16.616905, 1.636093, -0.822993)
(-16.596098, 1.647306, -0.919966), (-16.644993, 1.647305, -0.930425), (-16.616905, 1.636093, -0.822993)
(-16.547207, 1.647306, -0.909506), (-16.525801, 1.658614, -1.005997), (-16.596098, 1.647306, -0.919966)
(-16.547207, 1.647306, -0.909506), (-16.523302, 1.637826, -0.905486), (-16.501921, 1.649135, -1.001823)
(-16.547207, 1.647306, -0.909506), (-16.596098, 1.647306, -0.919966), (-16.616905, 1.636093, -0.822993)
(-16.547207, 1.647306, -0.909506), (-16.567944, 1.636094, -0.812862), (-16.523302, 1.637826, -0.905486)
(-16.523302, 1.637826, -0.905486), (-16.373171, 1.637827, -0.87337), (-16.352009, 1.649137, -0.9687)
(-16.523302, 1.637826, -0.905486), (-16.544014, 1.626612, -0.808994), (-16.373171, 1.637827, -0.87337)
(-16.373171, 1.637827, -0.87337), (-16.350277, 1.647308, -0.867379), (-16.329159, 1.658617, -0.962548)
(-16.373171, 1.637827, -0.87337), (-16.393673, 1.626613, -0.777888), (-16.350277, 1.647308, -0.867379)
(-16.350277, 1.647308, -0.867379), (-16.293003, 1.647308, -0.855127), (-16.271969, 1.658617, -0.949911)
(-16.350277, 1.647308, -0.867379), (-16.370735, 1.636094, -0.77206), (-16.293003, 1.647308, -0.855127)
(-16.293003, 1.647308, -0.855127), (-16.343632, 0.848344, -0.958068), (-16.321745, 0.859734, -1.05389)
(-16.293003, 1.647308, -0.855127), (-16.313381, 1.636094, -0.760193), (-16.343632, 0.848344, -0.958068)
(-16.616905, 1.636093, -0.822993), (-16.665867, 1.636093, -0.833123), (-16.635643, 1.625175, -0.725568)
(-16.567944, 1.636094, -0.812862), (-16.547207, 1.647306, -0.909506), (-16.616905, 1.636093, -0.822993)
(-16.567944, 1.636094, -0.812862), (-16.544014, 1.626612, -0.808994), (-16.523302, 1.637826, -0.905486)
(-16.567944, 1.636094, -0.812862), (-16.616905, 1.636093, -0.822993), (-16.635643, 1.625175, -0.725568)
(-16.567944, 1.636094, -0.812862), (-16.586613, 1.625176, -0.715766), (-16.544014, 1.626612, -0.808994)
(-16.544014, 1.626612, -0.808994), (-16.393673, 1.626613, -0.777888), (-16.373171, 1.637827, -0.87337)
(-16.544014, 1.626612, -0.808994), (-16.562664, 1.615694, -0.71205), (-16.393673, 1.626613, -0.777888)
(-16.636681, 1.019073, -0.807159), (-16.637604, 1.016876, -0.651666), (-16.482037, 1.064251, -0.799898)
(-16.636681, 1.019073, -0.807159), (-16.482037, 1.064251, -0.799898), (-16.481178, 1.068237, -0.955017)
(-16.482037, 1.064251, -0.799898), (-16.482929, 1.061583, -0.644491), (-16.327648, 1.109872, -0.792448)
(-16.482037, 1.064251, -0.799898), (-16.327648, 1.109872, -0.792448), (-16.326859, 1.114489, -0.947445)
(-16.327648, 1.109872, -0.792448), (-16.328485, 1.106669, -0.637165), (-16.173523, 1.155697, -0.784871)
(-16.327648, 1.109872, -0.792448), (-16.173523, 1.155697, -0.784871), (-16.172844, 1.161072, -0.939695)
(-16.173523, 1.155697, -0.784871), (-16.17429, 1.151909, -0.629735), (-16.019663, 1.201358, -0.777249)
(-16.173523, 1.155697, -0.784871), (-16.019663, 1.201358, -0.777249), (-16.019085, 1.207475, -0.931884)
(-16.393673, 1.626613, -0.777888), (-16.370735, 1.636094, -0.77206), (-16.350277, 1.647308, -0.867379)
(-16.393673, 1.626613, -0.777888), (-16.412113, 1.615695, -0.681955), (-16.370735, 1.636094, -0.77206)
(-16.019663, 1.201358, -0.777249), (-16.020346, 1.196898, -0.622282), (-15.866074, 1.24642, -0.769668)
(-16.019663, 1.201358, -0.777249), (-15.866074, 1.24642, -0.769668), (-15.865621, 1.253484, -0.924073)
(-16.370735, 1.636094, -0.77206), (-16.313381, 1.636094, -0.760193), (-16.293003, 1.647308, -0.855127)
(-16.370735, 1.636094, -0.77206), (-16.389137, 1.625178, -0.676291), (-16.313381, 1.636094, -0.760193)
(-16.313381, 1.636094, -0.760193), (-16.364851, 0.837048, -0.862077), (-16.343632, 0.848344, -0.958068)
(-16.313381, 1.636094, -0.760193), (-16.331703, 1.625179, -0.664809), (-16.364851, 0.837048, -0.862077)
(-16.635643, 1.625175, -0.725568), (-16.684673, 1.625174, -0.735369), (-16.654387, 1.614256, -0.62814)
(-16.586613, 1.625176, -0.715766), (-16.567944, 1.636094, -0.812862), (-16.635643, 1.625175, -0.725568)
(-16.586613, 1.625176, -0.715766), (-16.562664, 1.615694, -0.71205), (-16.544014, 1.626612, -0.808994)
(-16.586613, 1.625176, -0.715766), (-16.635643, 1.625175, -0.725568), (-16.654387, 1.614256, -0.62814)
(-16.586613, 1.625176, -0.715766), (-16.605289, 1.614257, -0.618669), (-16.562664, 1.615694, -0.71205)
(-16.562664, 1.615694, -0.71205), (-16.412113, 1.615695, -0.681955), (-16.393673, 1.626613, -0.777888)
(-16.562664, 1.615694, -0.71205), (-16.581316, 1.604774, -0.615105), (-16.412113, 1.615695, -0.681955)
# -15.659493483353337, 0, -1.0354503500199972
(-15.559134, 1.381459, -1.369285), (-15.559103, 1.365751, -1.216078), (-15.406114, 1.424502, -1.361867)
(-15.559134, 1.381459, -1.369285), (-15.406114, 1.424502, -1.361867), (-15.406136, 1.443378, -1.514939)
(-15.406114, 1.424502, -1.361867), (-15.406026, 1.407566, -1.208918), (-15.25279, 1.463738, -1.355251)
(-15.406114, 1.424502, -1.361867), (-15.25279, 1.463738, -1.355251), (-15.252805, 1.483764, -1.508122)
(-15.865083, 1.273999, -1.231978), (-15.712059, 1.320834, -1.223853), (-15.712033, 1.335606, -1.377267)
(-15.865083, 1.273999, -1.231978), (-15.865283, 1.26256, -1.078163), (-15.712059, 1.320834, -1.223853)
(-15.712059, 1.320834, -1.223853), (-15.559103, 1.365751, -1.216078), (-15.559134, 1.381459, -1.369285)
(-15.712059, 1.320834, -1.223853), (-15.71217, 1.308484, -1.070265), (-15.559103, 1.365751, -1.216078)
(-15.559103, 1.365751, -1.216078), (-15.406026, 1.407566, -1.208918), (-15.406114, 1.424502, -1.361867)
(-15.559103, 1.365751, -1.216078), (-15.559113, 1.352201, -1.062759), (-15.406026, 1.407566, -1.208918)
(-15.406026, 1.407566, -1.208918), (-15.252607, 1.445028, -1.202634), (-15.25279, 1.463738, -1.355251)
(-15.406026, 1.407566, -1.208918), (-15.405916, 1.392377, -1.055924), (-15.252607, 1.445028, -1.202634)
(-15.865283, 1.26256, -1.078163), (-15.865621, 1.253484, -0.924073), (-15.71217, 1.308484, -1.070265)
(-15.865283, 1.26256, -1.078163), (-15.71217, 1.308484, -1.070265), (-15.712059, 1.320834, -1.223853)
(-15.71217, 1.308484, -1.070265), (-15.712368, 1.298262, -0.916443), (-15.559113, 1.352201, -1.062759)
(-15.71217, 1.308484, -1.070265), (-15.559113, 1.352201, -1.062759), (-15.559103, 1.365751, -1.216078)
(-15.559113, 1.352201, -1.062759), (-15.559162, 1.340355, -0.909278), (-15.405916, 1.392377, -1.055924)
(-15.559113, 1.352201, -1.062759), (-15.405916, 1.392377, -1.055924), (-15.406026, 1.407566, -1.208918)
(-15.405916, 1.392377, -1.055924), (-15.252365, 1.427883, -1.049971), (-15.252607, 1.445028, -1.202634)
(-15.405916, 1.392377, -1.055924), (-15.405787, 1.378561, -0.90281), (-15.252365, 1.427883, -1.049971)
(-15.865621, 1.253484, -0.924073), (-15.712368, 1.298262, -0.916443), (-15.71217, 1.308484, -1.070265)
(-15.865621, 1.253484, -0.924073), (-15.866074, 1.24642, -0.769668), (-15.712368, 1.298262, -0.916443)
(-15.712368, 1.298262, -0.916443), (-15.559162, 1.340355, -0.909278), (-15.559113, 1.352201, -1.062759)
(-15.712368, 1.298262, -0.916443), (-15.71267, 1.289809, -0.762337), (-15.559162, 1.340355, -0.909278)
(-15.559162, 1.340355, -0.909278), (-15.405787, 1.378561, -0.90281), (-15.405916, 1.392377, -1.055924)
(-15.559162, 1.340355, -0.909278), (-15.559262, 1.330043, -0.755534), (-15.405787, 1.378561, -0.90281)
(-15.405787, 1.378561, -0.90281), (-15.252045, 1.411816, -0.897237), (-15.252365, 1.427883, -1.049971)
(-15.405787, 1.378561, -0.90281), (-15.405656, 1.365978, -0.749478), (-15.252045, 1.411816, -0.897237)
(-15.866074, 1.24642, -0.769668), (-15.866632, 1.240914, -0.614936), (-15.71267, 1.289809, -0.762337)
(-15.866074, 1.24642, -0.769668), (-15.71267, 1.289809, -0.762337), (-15.712368, 1.298262, -0.916443)
(-15.71267, 1.289809, -0.762337), (-15.713039, 1.28274, -0.607925), (-15.559262, 1.330043, -0.755534)
(-15.71267, 1.289809, -0.762337), (-15.559262, 1.330043, -0.755534), (-15.559162, 1.340355, -0.909278)
(-15.559262, 1.330043, -0.755534), (-15.559398, 1.320858, -0.601515), (-15.405656, 1.365978, -0.749478)
(-15.559262, 1.330043, -0.755534), (-15.405656, 1.365978, -0.749478), (-15.405787, 1.378561, -0.90281)
(-15.405656, 1.365978, -0.749478), (-15.405525, 1.354272, -0.595898), (-15.25168, 1.396758, -0.744319)
(-15.405656, 1.365978, -0.749478), (-15.25168, 1.396758, -0.744319), (-15.252045, 1.411816, -0.897237)
# -14.991723250020002, 0, -1.0354503500199972
(-15.25279, 1.463738, -1.355251), (-15.252607, 1.445028, -1.202634), (-15.098997, 1.498344, -1.349589)
(-15.25279, 1.463738, -1.355251), (-15.098997, 1.498344, -1.349589), (-15.099054, 1.520069, -1.502174)
(-15.098997, 1.498344, -1.349589), (-15.098729, 1.477754, -1.197252), (-14.944662, 1.528119, -1.344851)
(-15.098997, 1.498344, -1.349589), (-14.944662, 1.528119, -1.344851), (-14.944763, 1.551708, -1.497195)
(-14.944662, 1.528119, -1.344851), (-14.944262, 1.50527, -1.192848), (-14.789946, 1.553968, -1.340764)
(-14.944662, 1.528119, -1.344851), (-14.789946, 1.553968, -1.340764), (-14.790102, 1.579463, -1.492855)
(-14.789946, 1.553968, -1.340764), (-14.789439, 1.529052, -1.189059), (-14.634781, 1.575679, -1.337406)
(-14.789946, 1.553968, -1.340764), (-14.634781, 1.575679, -1.337406), (-14.635023, 1.603206, -1.489217)
(-15.252607, 1.445028, -1.202634), (-15.098729, 1.477754, -1.197252), (-15.098997, 1.498344, -1.349589)
(-15.252607, 1.445028, -1.202634), (-15.252365, 1.427883, -1.049971), (-15.098729, 1.477754, -1.197252)
(-15.098729, 1.477754, -1.197252), (-14.944262, 1.50527, -1.192848), (-14.944662, 1.528119, -1.344851)
(-15.098729, 1.477754, -1.197252), (-15.098305, 1.458173, -1.044986), (-14.944262, 1.50527, -1.192848)
(-14.944262, 1.50527, -1.192848), (-14.789439, 1.529052, -1.189059), (-14.789946, 1.553968, -1.340764)
(-14.944262, 1.50527, -1.192848), (-14.943732, 1.48367, -1.040858), (-14.789439, 1.529052, -1.189059)
(-14.789439, 1.529052, -1.189059), (-14.634131, 1.548544, -1.186043), (-14.634781, 1.575679, -1.337406)
(-14.789439, 1.529052, -1.189059), (-14.788772, 1.505292, -1.037395), (-14.634131, 1.548544, -1.186043)
(-15.252365, 1.427883, -1.049971), (-15.252045, 1.411816, -0.897237), (-15.098305, 1.458173, -1.044986)
(-15.252365, 1.427883, -1.049971), (-15.098305, 1.458173, -1.044986), (-15.098729, 1.477754, -1.197252)
(-15.098305, 1.458173, -1.044986), (-15.097819, 1.439906, -0.892592), (-14.943732, 1.48367, -1.040858)
(-15.098305, 1.458173, -1.044986), (-14.943732, 1.48367, -1.040858), (-14.944262, 1.50527, -1.192848)
(-14.943732, 1.48367, -1.040858), (-14.943036, 1.462888, -0.888848), (-14.788772, 1.505292, -1.037395)
(-14.943732, 1.48367, -1.040858), (-14.788772, 1.505292, -1.037395), (-14.789439, 1.529052, -1.189059)
(-14.788772, 1.505292, -1.037395), (-14.633373, 1.522885, -1.034644), (-14.634131, 1.548544, -1.186043)
(-14.788772, 1.505292, -1.037395), (-14.787939, 1.48246, -0.8857), (-14.633373, 1.522885, -1.034644)
(-15.252045, 1.411816, -0.897237), (-15.097819, 1.439906, -0.892592), (-15.098305, 1.458173, -1.044986)
(-15.252045, 1.411816, -0.897237), (-15.25168, 1.396758, -0.744319), (-15.097819, 1.439906, -0.892592)
(-15.097819, 1.439906, -0.892592), (-14.943036, 1.462888, -0.888848), (-14.943732, 1.48367, -1.040858)
(-15.097819, 1.439906, -0.892592), (-15.09721, 1.422247, -0.740085), (-14.943036, 1.462888, -0.888848)
(-14.943036, 1.462888, -0.888848), (-14.787939, 1.48246, -0.8857), (-14.788772, 1.505292, -1.037395)
(-14.943036, 1.462888, -0.888848), (-14.942287, 1.443289, -0.736635), (-14.787939, 1.48246, -0.8857)
(-14.787939, 1.48246, -0.8857), (-14.632404, 1.498039, -0.88326), (-14.633373, 1.522885, -1.034644)
(-14.787939, 1.48246, -0.8857), (-14.787018, 1.460752, -0.733827), (-14.632404, 1.498039, -0.88326)
(-15.25168, 1.396758, -0.744319), (-15.25126, 1.382334, -0.591188), (-15.09721, 1.422247, -0.740085)
(-15.25168, 1.396758, -0.744319), (-15.09721, 1.422247, -0.740085), (-15.097819, 1.439906, -0.892592)
(-15.09721, 1.422247, -0.740085), (-15.096559, 1.405506, -0.587325), (-14.942287, 1.443289, -0.736635)
(-15.09721, 1.422247, -0.740085), (-14.942287, 1.443289, -0.736635), (-14.943036, 1.462888, -0.888848)
(-14.942287, 1.443289, -0.736635), (-14.941455, 1.424503, -0.584203), (-14.787018, 1.460752, -0.733827)
(-14.942287, 1.443289, -0.736635), (-14.787018, 1.460752, -0.733827), (-14.787939, 1.48246, -0.8857)
(-14.787018, 1.460752, -0.733827), (-14.785985, 1.439794, -0.581748), (-14.631308, 1.474198, -0.731731)
(-14.787018, 1.460752, -0.733827), (-14.631308, 1.474198, -0.731731), (-14.632404, 1.498039, -0.88326)
# -14.32395301668667, 0, -1.0354503500199972
(-14.634781, 1.575679, -1.337406), (-14.634131, 1.548544, -1.186043), (-14.479155, 1.593253, -1.334796)
(-14.634781, 1.575679, -1.337406), (-14.479155, 1.593253, -1.334796), (-14.47953, 1.622984, -1.486271)
(-14.479155, 1.593253, -1.334796), (-14.478417, 1.564195, -1.183682), (-14.323137, 1.606989, -1.332826)
(-14.479155, 1.593253, -1.334796), (-14.323137, 1.606989, -1.332826), (-14.323591, 1.638629, -1.484072)
(-14.323137, 1.606989, -1.332826), (-14.322294, 1.575965, -1.181984), (-14.16678, 1.61704, -1.33145)
(-14.323137, 1.606989, -1.332826), (-14.16678, 1.61704, -1.33145), (-14.167361, 1.650762, -1.482398)
(-14.16678, 1.61704, -1.33145), (-14.165756, 1.583791, -1.180965), (-14.010008, 1.62303, -1.33081)
(-14.16678, 1.61704, -1.33145), (-14.010008, 1.62303, -1.33081), (-14.010774, 1.65905, -1.481393)
(-14.010008, 1.62303, -1.33081), (-14.008733, 1.587316, -1.180755), (-13.85276, 1.624625, -1.331042)
(-14.010008, 1.62303, -1.33081), (-13.85276, 1.624625, -1.331042), (-13.85379, 1.663283, -1.481159)
(-14.634131, 1.548544, -1.186043), (-14.478417, 1.564195, -1.183682), (-14.479155, 1.593253, -1.334796)
(-14.634131, 1.548544, -1.186043), (-14.633373, 1.522885, -1.034644), (-14.478417, 1.564195, -1.183682)
(-14.478417, 1.564195, -1.183682), (-14.322294, 1.575965, -1.181984), (-14.323137, 1.606989, -1.332826)
(-14.478417, 1.564195, -1.183682), (-14.477493, 1.536323, -1.032629), (-14.322294, 1.575965, -1.181984)
(-14.322294, 1.575965, -1.181984), (-14.165756, 1.583791, -1.180965), (-14.16678, 1.61704, -1.33145)
(-14.322294, 1.575965, -1.181984), (-14.321218, 1.546011, -1.031254), (-14.165756, 1.583791, -1.180965)
(-14.165756, 1.583791, -1.180965), (-14.008733, 1.587316, -1.180755), (-14.010008, 1.62303, -1.33081)
(-14.165756, 1.583791, -1.180965), (-14.164475, 1.55161, -1.030606), (-14.008733, 1.587316, -1.180755)
(-14.008733, 1.587316, -1.180755), (-13.85124, 1.586486, -1.181388), (-13.85276, 1.624625, -1.331042)
(-14.008733, 1.587316, -1.180755), (-14.007248, 1.552985, -1.030745), (-13.85124, 1.586486, -1.181388)
(-14.633373, 1.522885, -1.034644), (-14.632404, 1.498039, -0.88326), (-14.477493, 1.536323, -1.032629)
(-14.633373, 1.522885, -1.034644), (-14.477493, 1.536323, -1.032629), (-14.478417, 1.564195, -1.183682)
(-14.477493, 1.536323, -1.032629), (-14.4764, 1.509555, -0.881542), (-14.321218, 1.546011, -1.031254)
(-14.477493, 1.536323, -1.032629), (-14.321218, 1.546011, -1.031254), (-14.322294, 1.575965, -1.181984)
(-14.321218, 1.546011, -1.031254), (-14.319872, 1.516767, -0.880586), (-14.164475, 1.55161, -1.030606)
(-14.321218, 1.546011, -1.031254), (-14.164475, 1.55161, -1.030606), (-14.165756, 1.583791, -1.180965)
(-14.007248, 1.552985, -1.030745), (-14.00552, 1.519684, -0.880763), (-13.849458, 1.549659, -1.031817)
(-14.007248, 1.552985, -1.030745), (-13.849458, 1.549659, -1.031817), (-13.85124, 1.586486, -1.181388)
(-14.164475, 1.55161, -1.030606), (-14.007248, 1.552985, -1.030745), (-14.008733, 1.587316, -1.180755)
(-14.164475, 1.55161, -1.030606), (-14.162964, 1.520404, -0.880266), (-14.007248, 1.552985, -1.030745)
(-14.632404, 1.498039, -0.88326), (-14.4764, 1.509555, -0.881542), (-14.477493, 1.536323, -1.032629)
(-14.632404, 1.498039, -0.88326), (-14.631308, 1.474198, -0.731731), (-14.4764, 1.509555, -0.881542)
(-14.4764, 1.509555, -0.881542), (-14.319872, 1.516767, -0.880586), (-14.321218, 1.546011, -1.031254)
(-14.4764, 1.509555, -0.881542), (-14.475099, 1.483468, -0.730379), (-14.319872, 1.516767, -0.880586)
(-14.00552, 1.519684, -0.880763), (-13.847475, 1.514202, -0.8822), (-13.849458, 1.549659, -1.031817)
(-14.00552, 1.519684, -0.880763), (-14.003675, 1.487701, -0.730602), (-13.847475, 1.514202, -0.8822)
(-14.319872, 1.516767, -0.880586), (-14.162964, 1.520404, -0.880266), (-14.164475, 1.55161, -1.030606)
(-14.319872, 1.516767, -0.880586), (-14.318429, 1.488813, -0.729728), (-14.162964, 1.520404, -0.880266)
(-14.162964, 1.520404, -0.880266), (-14.00552, 1.519684, -0.880763), (-14.007248, 1.552985, -1.030745)
(-14.162964, 1.520404, -0.880266), (-14.161338, 1.490472, -0.729751), (-14.00552, 1.519684, -0.880763)
(-14.631308, 1.474198, -0.731731), (-14.630069, 1.451047, -0.580008), (-14.475099, 1.483468, -0.730379)
(-14.631308, 1.474198, -0.731731), (-14.475099, 1.483468, -0.730379), (-14.4764, 1.509555, -0.881542)
(-14.003675, 1.487701, -0.730602), (-14.001756, 1.456906, -0.580147), (-13.845352, 1.480029, -0.73241)
(-14.003675, 1.487701, -0.730602), (-13.845352, 1.480029, -0.73241), (-13.847475, 1.514202, -0.8822)
(-14.475099, 1.483468, -0.730379), (-14.473722, 1.458495, -0.578954), (-14.318429, 1.488813, -0.729728)
(-14.475099, 1.483468, -0.730379), (-14.318429, 1.488813, -0.729728), (-14.319872, 1.516767, -0.880586)
(-14.161338, 1.490472, -0.729751), (-14.159621, 1.461649, -0.578971), (-14.003675, 1.487701, -0.730602)
(-14.161338, 1.490472, -0.729751), (-14.003675, 1.487701, -0.730602), (-14.00552, 1.519684, -0.880763)
(-14.318429, 1.488813, -0.729728), (-14.316892, 1.461923, -0.578619), (-14.161338, 1.490472, -0.729751)
(-14.318429, 1.488813, -0.729728), (-14.161338, 1.490472, -0.729751), (-14.162964, 1.520404, -0.880266)
# -13.656182783353334, 0, -1.0354503500199972
(-13.378072, 1.601821, -1.337637), (-13.375167, 1.553412, -1.189998), (-13.218335, 1.583673, -1.342627)
(-13.378072, 1.601821, -1.337637), (-13.218335, 1.583673, -1.342627), (-13.22112, 1.636995, -1.48983)
(-13.536907, 1.61444, -1.334243), (-13.534612, 1.570187, -1.185735), (-13.378072, 1.601821, -1.337637)
(-13.536907, 1.61444, -1.334243), (-13.378072, 1.601821, -1.337637), (-13.38018, 1.650407, -1.485911)
(-13.69506, 1.621783, -1.332171), (-13.693227, 1.580938, -1.182989), (-13.536907, 1.61444, -1.334243)
(-13.69506, 1.621783, -1.332171), (-13.536907, 1.61444, -1.334243), (-13.538519, 1.658954, -1.483343)
(-13.85276, 1.624625, -1.331042), (-13.85124, 1.586486, -1.181388), (-13.69506, 1.621783, -1.332171)
(-13.85276, 1.624625, -1.331042), (-13.69506, 1.621783, -1.332171), (-13.69632, 1.663039, -1.481873)
(-13.375167, 1.553412, -1.189998), (-13.214869, 1.531119, -1.195786), (-13.218335, 1.583673, -1.342627)
(-13.375167, 1.553412, -1.189998), (-13.372101, 1.5074, -1.042097), (-13.214869, 1.531119, -1.195786)
(-13.534612, 1.570187, -1.185735), (-13.375167, 1.553412, -1.189998), (-13.378072, 1.601821, -1.337637)
(-13.534612, 1.570187, -1.185735), (-13.532037, 1.527623, -1.037213), (-13.375167, 1.553412, -1.189998)
(-13.693227, 1.580938, -1.182989), (-13.534612, 1.570187, -1.185735), (-13.536907, 1.61444, -1.334243)
(-13.693227, 1.580938, -1.182989), (-13.691097, 1.54147, -1.033886), (-13.534612, 1.570187, -1.185735)
(-13.85124, 1.586486, -1.181388), (-13.693227, 1.580938, -1.182989), (-13.69506, 1.621783, -1.332171)
(-13.85124, 1.586486, -1.181388), (-13.849458, 1.549659, -1.031817), (-13.693227, 1.580938, -1.182989)
(-13.372101, 1.5074, -1.042097), (-13.36893, 1.464117, -0.893814), (-13.211187, 1.481117, -1.048643)
(-13.372101, 1.5074, -1.042097), (-13.211187, 1.481117, -1.048643), (-13.214869, 1.531119, -1.195786)
(-13.532037, 1.527623, -1.037213), (-13.372101, 1.5074, -1.042097), (-13.375167, 1.553412, -1.189998)
(-13.532037, 1.527623, -1.037213), (-13.529278, 1.486991, -0.888511), (-13.372101, 1.5074, -1.042097)
(-13.691097, 1.54147, -1.033886), (-13.688722, 1.503329, -0.884757), (-13.532037, 1.527623, -1.037213)
(-13.691097, 1.54147, -1.033886), (-13.532037, 1.527623, -1.037213), (-13.534612, 1.570187, -1.185735)
(-13.849458, 1.549659, -1.031817), (-13.847475, 1.514202, -0.8822), (-13.691097, 1.54147, -1.033886)
(-13.849458, 1.549659, -1.031817), (-13.691097, 1.54147, -1.033886), (-13.693227, 1.580938, -1.182989)
(-13.36893, 1.464117, -0.893814), (-13.207621, 1.435102, -0.900723), (-13.211187, 1.481117, -1.048643)
(-13.36893, 1.464117, -0.893814), (-13.365974, 1.424394, -0.744765), (-13.207621, 1.435102, -0.900723)
(-13.529278, 1.486991, -0.888511), (-13.36893, 1.464117, -0.893814), (-13.372101, 1.5074, -1.042097)
(-13.529278, 1.486991, -0.888511), (-13.526603, 1.449007, -0.73929), (-13.36893, 1.464117, -0.893814)
(-13.688722, 1.503329, -0.884757), (-13.529278, 1.486991, -0.888511), (-13.532037, 1.527623, -1.037213)
(-13.688722, 1.503329, -0.884757), (-13.686346, 1.467272, -0.735257), (-13.529278, 1.486991, -0.888511)
(-13.847475, 1.514202, -0.8822), (-13.688722, 1.503329, -0.884757), (-13.691097, 1.54147, -1.033886)
(-13.847475, 1.514202, -0.8822), (-13.845352, 1.480029, -0.73241), (-13.688722, 1.503329, -0.884757)
(-13.365974, 1.424394, -0.744765), (-13.363464, 1.388378, -0.594737), (-13.204509, 1.394192, -0.751616)
(-13.365974, 1.424394, -0.744765), (-13.204509, 1.394192, -0.751616), (-13.207621, 1.435102, -0.900723)
(-13.526603, 1.449007, -0.73929), (-13.524174, 1.413719, -0.589374), (-13.365974, 1.424394, -0.744765)
(-13.526603, 1.449007, -0.73929), (-13.365974, 1.424394, -0.744765), (-13.36893, 1.464117, -0.893814)
(-13.686346, 1.467272, -0.735257), (-13.684093, 1.433342, -0.585234), (-13.526603, 1.449007, -0.73929)
(-13.686346, 1.467272, -0.735257), (-13.526603, 1.449007, -0.73929), (-13.529278, 1.486991, -0.888511)
(-13.845352, 1.480029, -0.73241), (-13.843271, 1.447612, -0.582198), (-13.686346, 1.467272, -0.735257)
(-13.845352, 1.480029, -0.73241), (-13.686346, 1.467272, -0.735257), (-13.688722, 1.503329, -0.884757)
# -12.988412550020001, 0, -1.0354503500199972
(-12.733137, 1.497876, -1.367018), (-12.728997, 1.44373, -1.220379), (-12.569877, 1.462653, -1.376877)
(-12.733137, 1.497876, -1.367018), (-12.569877, 1.462653, -1.376877), (-12.573402, 1.516122, -1.523696)
(-12.895989, 1.531967, -1.35729), (-12.891587, 1.474416, -1.211497), (-12.733137, 1.497876, -1.367018)
(-12.895989, 1.531967, -1.35729), (-12.733137, 1.497876, -1.367018), (-12.737146, 1.556697, -1.512656)
(-13.057685, 1.560486, -1.349147), (-13.053648, 1.504223, -1.203064), (-12.895989, 1.531967, -1.35729)
(-13.057685, 1.560486, -1.349147), (-12.895989, 1.531967, -1.35729), (-12.899829, 1.591492, -1.502939)
(-13.218335, 1.583673, -1.342627), (-13.214869, 1.531119, -1.195786), (-13.057685, 1.560486, -1.349147)
(-13.218335, 1.583673, -1.342627), (-13.057685, 1.560486, -1.349147), (-13.061031, 1.617667, -1.495466)
(-12.728997, 1.44373, -1.220379), (-12.566792, 1.416482, -1.228185), (-12.569877, 1.462653, -1.376877)
(-12.728997, 1.44373, -1.220379), (-12.725548, 1.397001, -1.07181), (-12.566792, 1.416482, -1.228185)
(-12.891587, 1.474416, -1.211497), (-12.728997, 1.44373, -1.220379), (-12.733137, 1.497876, -1.367018)
(-12.891587, 1.474416, -1.211497), (-12.887411, 1.422063, -1.064513), (-12.728997, 1.44373, -1.220379)
(-13.053648, 1.504223, -1.203064), (-12.891587, 1.474416, -1.211497), (-12.895989, 1.531967, -1.35729)
(-13.053648, 1.504223, -1.203064), (-13.049506, 1.451287, -1.056404), (-12.891587, 1.474416, -1.211497)
(-13.214869, 1.531119, -1.195786), (-13.053648, 1.504223, -1.203064), (-13.057685, 1.560486, -1.349147)
(-13.214869, 1.531119, -1.195786), (-13.211187, 1.481117, -1.048643), (-13.053648, 1.504223, -1.203064)
(-12.725548, 1.397001, -1.07181), (-12.723221, 1.358696, -0.920928), (-12.564783, 1.379241, -1.076979)
(-12.725548, 1.397001, -1.07181), (-12.564783, 1.379241, -1.076979), (-12.566792, 1.416482, -1.228185)
(-12.887411, 1.422063, -1.064513), (-12.725548, 1.397001, -1.07181), (-12.728997, 1.44373, -1.220379)
(-12.887411, 1.422063, -1.064513), (-12.884029, 1.377225, -0.915616), (-12.725548, 1.397001, -1.07181)
(-13.049506, 1.451287, -1.056404), (-13.045771, 1.404357, -0.908395), (-12.887411, 1.422063, -1.064513)
(-13.049506, 1.451287, -1.056404), (-12.887411, 1.422063, -1.064513), (-12.891587, 1.474416, -1.211497)
(-13.211187, 1.481117, -1.048643), (-13.207621, 1.435102, -0.900723), (-13.049506, 1.451287, -1.056404)
(-13.211187, 1.481117, -1.048643), (-13.049506, 1.451287, -1.056404), (-13.053648, 1.504223, -1.203064)
(-12.723221, 1.358696, -0.920928), (-12.563672, 1.347811, -0.924049), (-12.564783, 1.379241, -1.076979)
(-12.723221, 1.358696, -0.920928), (-12.721842, 1.326234, -0.768383), (-12.563672, 1.347811, -0.924049)
(-12.884029, 1.377225, -0.915616), (-12.723221, 1.358696, -0.920928), (-12.725548, 1.397001, -1.07181)
(-12.884029, 1.377225, -0.915616), (-12.881671, 1.339491, -0.764799), (-12.723221, 1.358696, -0.920928)
(-13.045771, 1.404357, -0.908395), (-12.884029, 1.377225, -0.915616), (-12.887411, 1.422063, -1.064513)
(-13.045771, 1.404357, -0.908395), (-13.042792, 1.36347, -0.758821), (-12.884029, 1.377225, -0.915616)
(-13.207621, 1.435102, -0.900723), (-13.045771, 1.404357, -0.908395), (-13.049506, 1.451287, -1.056404)
(-13.207621, 1.435102, -0.900723), (-13.204509, 1.394192, -0.751616), (-13.045771, 1.404357, -0.908395)
(-12.721842, 1.326234, -0.768383), (-12.720844, 1.295779, -0.615223), (-12.562747, 1.317463, -0.770685)
(-12.721842, 1.326234, -0.768383), (-12.562747, 1.317463, -0.770685), (-12.563672, 1.347811, -0.924049)
(-12.881671, 1.339491, -0.764799), (-12.880224, 1.307132, -0.612486), (-12.721842, 1.326234, -0.768383)
(-12.881671, 1.339491, -0.764799), (-12.721842, 1.326234, -0.768383), (-12.723221, 1.358696, -0.920928)
(-13.042792, 1.36347, -0.758821), (-13.040744, 1.328643, -0.607614), (-12.881671, 1.339491, -0.764799)
(-13.042792, 1.36347, -0.758821), (-12.881671, 1.339491, -0.764799), (-12.884029, 1.377225, -0.915616)
(-13.204509, 1.394192, -0.751616), (-13.202115, 1.358349, -0.601155), (-13.042792, 1.36347, -0.758821)
(-13.204509, 1.394192, -0.751616), (-13.042792, 1.36347, -0.758821), (-13.045771, 1.404357, -0.908395)
# -12.320642316686666, 0, -1.0354503500199972
(-12.086889, 1.370635, -1.237959), (-11.92672, 1.35061, -1.240711), (-11.926614, 1.376952, -1.394623)
(-12.086889, 1.370635, -1.237959), (-12.086557, 1.342833, -1.084228), (-11.92672, 1.35061, -1.240711)
(-12.246626, 1.386044, -1.235517), (-12.086889, 1.370635, -1.237959), (-12.08693, 1.397525, -1.391762)
(-12.246626, 1.386044, -1.235517), (-12.246155, 1.357626, -1.081877), (-12.086889, 1.370635, -1.237959)
(-12.406138, 1.398542, -1.232951), (-12.246626, 1.386044, -1.235517), (-12.24697, 1.414573, -1.388894)
(-12.406138, 1.398542, -1.232951), (-12.405399, 1.368662, -1.0797), (-12.246626, 1.386044, -1.235517)
(-12.566792, 1.416482, -1.228185), (-12.406138, 1.398542, -1.232951), (-12.407575, 1.433719, -1.384562)
(-12.566792, 1.416482, -1.228185), (-12.564783, 1.379241, -1.076979), (-12.406138, 1.398542, -1.232951)
(-12.086557, 1.342833, -1.084228), (-12.085938, 1.313635, -0.93064), (-11.926517, 1.323193, -1.086928)
(-12.086557, 1.342833, -1.084228), (-11.926517, 1.323193, -1.086928), (-11.92672, 1.35061, -1.240711)
(-12.246155, 1.357626, -1.081877), (-12.086557, 1.342833, -1.084228), (-12.086889, 1.370635, -1.237959)
(-12.246155, 1.357626, -1.081877), (-12.245421, 1.327972, -0.928335), (-12.086557, 1.342833, -1.084228)
(-12.405399, 1.368662, -1.0797), (-12.404615, 1.338848, -0.9262), (-12.246155, 1.357626, -1.081877)
(-12.405399, 1.368662, -1.0797), (-12.246155, 1.357626, -1.081877), (-12.246626, 1.386044, -1.235517)
(-12.564783, 1.379241, -1.076979), (-12.563672, 1.347811, -0.924049), (-12.405399, 1.368662, -1.0797)
(-12.564783, 1.379241, -1.076979), (-12.405399, 1.368662, -1.0797), (-12.406138, 1.398542, -1.232951)
(-12.085938, 1.313635, -0.93064), (-11.926068, 1.294747, -0.933272), (-11.926517, 1.323193, -1.086928)
(-12.085938, 1.313635, -0.93064), (-12.085147, 1.283383, -0.777188), (-11.926068, 1.294747, -0.933272)
(-12.245421, 1.327972, -0.928335), (-12.085938, 1.313635, -0.93064), (-12.086557, 1.342833, -1.084228)
(-12.245421, 1.327972, -0.928335), (-12.244528, 1.29731, -0.774922), (-12.085938, 1.313635, -0.93064)
(-12.404615, 1.338848, -0.9262), (-12.245421, 1.327972, -0.928335), (-12.246155, 1.357626, -1.081877)
(-12.404615, 1.338848, -0.9262), (-12.403689, 1.308239, -0.772799), (-12.245421, 1.327972, -0.928335)
(-12.563672, 1.347811, -0.924049), (-12.404615, 1.338848, -0.9262), (-12.405399, 1.368662, -1.0797)
(-12.563672, 1.347811, -0.924049), (-12.562747, 1.317463, -0.770685), (-12.404615, 1.338848, -0.9262)
(-12.085147, 1.283383, -0.777188), (-12.084255, 1.252142, -0.62389), (-11.925429, 1.265175, -0.779766)
(-12.085147, 1.283383, -0.777188), (-11.925429, 1.265175, -0.779766), (-11.926068, 1.294747, -0.933272)
(-12.244528, 1.29731, -0.774922), (-12.243542, 1.265721, -0.621656), (-12.085147, 1.283383, -0.777188)
(-12.244528, 1.29731, -0.774922), (-12.085147, 1.283383, -0.777188), (-12.085938, 1.313635, -0.93064)
(-12.403689, 1.308239, -0.772799), (-12.402673, 1.276758, -0.619541), (-12.244528, 1.29731, -0.774922)
(-12.403689, 1.308239, -0.772799), (-12.244528, 1.29731, -0.774922), (-12.245421, 1.327972, -0.928335)
(-12.562747, 1.317463, -0.770685), (-12.561752, 1.28651, -0.617419), (-12.403689, 1.308239, -0.772799)
(-12.562747, 1.317463, -0.770685), (-12.403689, 1.308239, -0.772799), (-12.404615, 1.338848, -0.9262)
# -11.652872083353333, 0, -1.0354503500199972
(-11.443915, 1.26094, -1.251711), (-11.282577, 1.22251, -1.256325), (-11.282265, 1.249799, -1.41018)
(-11.443915, 1.26094, -1.251711), (-11.444099, 1.234424, -1.097845), (-11.282577, 1.22251, -1.256325)
(-11.605145, 1.295549, -1.247552), (-11.443915, 1.26094, -1.251711), (-11.443616, 1.287814, -1.405618)
(-11.605145, 1.295549, -1.247552), (-11.605225, 1.26882, -1.093697), (-11.443915, 1.26094, -1.251711)
(-11.766115, 1.325534, -1.243894), (-11.605145, 1.295549, -1.247552), (-11.604876, 1.321971, -1.401505)
(-11.766115, 1.325534, -1.243894), (-11.766061, 1.298536, -1.090064), (-11.605145, 1.295549, -1.247552)
(-11.92672, 1.35061, -1.240711), (-11.766115, 1.325534, -1.243894), (-11.765907, 1.351747, -1.39785)
(-11.92672, 1.35061, -1.240711), (-11.926517, 1.323193, -1.086928), (-11.766115, 1.325534, -1.243894)
(-11.444099, 1.234424, -1.097845), (-11.444148, 1.208079, -0.944042), (-11.282805, 1.19596, -1.10249)
(-11.444099, 1.234424, -1.097845), (-11.282805, 1.19596, -1.10249), (-11.282577, 1.22251, -1.256325)
(-11.605225, 1.26882, -1.093697), (-11.444099, 1.234424, -1.097845), (-11.443915, 1.26094, -1.251711)
(-11.605225, 1.26882, -1.093697), (-11.60512, 1.241742, -0.939937), (-11.444099, 1.234424, -1.097845)
(-11.766061, 1.298536, -1.090064), (-11.76577, 1.270601, -0.93637), (-11.605225, 1.26882, -1.093697)
(-11.766061, 1.298536, -1.090064), (-11.605225, 1.26882, -1.093697), (-11.605145, 1.295549, -1.247552)
(-11.926517, 1.323193, -1.086928), (-11.926068, 1.294747, -0.933272), (-11.766061, 1.298536, -1.090064)
(-11.926517, 1.323193, -1.086928), (-11.766061, 1.298536, -1.090064), (-11.766115, 1.325534, -1.243894)
(-11.444148, 1.208079, -0.944042), (-11.282949, 1.170165, -0.948674), (-11.282805, 1.19596, -1.10249)
(-11.444148, 1.208079, -0.944042), (-11.444069, 1.181954, -0.790303), (-11.282949, 1.170165, -0.948674)
(-11.60512, 1.241742, -0.939937), (-11.444148, 1.208079, -0.944042), (-11.444099, 1.234424, -1.097845)
(-11.60512, 1.241742, -0.939937), (-11.604881, 1.214523, -0.786257), (-11.444148, 1.208079, -0.944042)
(-11.76577, 1.270601, -0.93637), (-11.60512, 1.241742, -0.939937), (-11.605225, 1.26882, -1.093697)
(-11.76577, 1.270601, -0.93637), (-11.765336, 1.242199, -0.782773), (-11.60512, 1.241742, -0.939937)
(-11.926068, 1.294747, -0.933272), (-11.76577, 1.270601, -0.93637), (-11.766061, 1.298536, -1.090064)
(-11.926068, 1.294747, -0.933272), (-11.925429, 1.265175, -0.779766), (-11.76577, 1.270601, -0.93637)
(-11.444069, 1.181954, -0.790303), (-11.443855, 1.155852, -0.636677), (-11.282969, 1.144904, -0.794923)
(-11.444069, 1.181954, -0.790303), (-11.282969, 1.144904, -0.794923), (-11.282949, 1.170165, -0.948674)
(-11.604881, 1.214523, -0.786257), (-11.604524, 1.187024, -0.632695), (-11.444069, 1.181954, -0.790303)
(-11.604881, 1.214523, -0.786257), (-11.444069, 1.181954, -0.790303), (-11.444148, 1.208079, -0.944042)
(-11.765336, 1.242199, -0.782773), (-11.764795, 1.213267, -0.629303), (-11.604881, 1.214523, -0.786257)
(-11.765336, 1.242199, -0.782773), (-11.604881, 1.214523, -0.786257), (-11.60512, 1.241742, -0.939937)
(-11.925429, 1.265175, -0.779766), (-11.924702, 1.234973, -0.626387), (-11.765336, 1.242199, -0.782773)
(-11.925429, 1.265175, -0.779766), (-11.765336, 1.242199, -0.782773), (-11.76577, 1.270601, -0.93637)
# -10.985101850019998, 0, -1.0354503500199972
(-10.799113, 1.090238, -1.272434), (-10.638422, 1.041693, -1.278443), (-10.638433, 1.07013, -1.432026)
(-10.799113, 1.090238, -1.272434), (-10.799197, 1.063439, -1.118773), (-10.638422, 1.041693, -1.278443)
(-10.960074, 1.136781, -1.266713), (-10.799113, 1.090238, -1.272434), (-10.798997, 1.118678, -1.42606)
(-10.960074, 1.136781, -1.266713), (-10.960256, 1.110021, -1.112993), (-10.799113, 1.090238, -1.272434)
(-11.12126, 1.180964, -1.26134), (-10.960074, 1.136781, -1.266713), (-10.959867, 1.164936, -1.420421)
(-11.12126, 1.180964, -1.26134), (-11.12149, 1.15433, -1.107553), (-10.960074, 1.136781, -1.266713)
(-11.282577, 1.22251, -1.256325), (-11.12126, 1.180964, -1.26134), (-11.120986, 1.208686, -1.415129)
(-11.282577, 1.22251, -1.256325), (-11.282805, 1.19596, -1.10249), (-11.12126, 1.180964, -1.26134)
(-10.799197, 1.063439, -1.118773), (-10.799238, 1.038444, -0.965099), (-10.638385, 1.015029, -1.124843)
(-10.799197, 1.063439, -1.118773), (-10.638385, 1.015029, -1.124843), (-10.638422, 1.041693, -1.278443)
(-10.960256, 1.110021, -1.112993), (-10.799197, 1.063439, -1.118773), (-10.799113, 1.090238, -1.272434)
(-10.960256, 1.110021, -1.112993), (-10.960384, 1.084733, -0.959269), (-10.799197, 1.063439, -1.118773)
(-11.12149, 1.15433, -1.107553), (-11.121654, 1.128741, -0.953792), (-10.960256, 1.110021, -1.112993)
(-11.12149, 1.15433, -1.107553), (-10.960256, 1.110021, -1.112993), (-10.960074, 1.136781, -1.266713)
(-11.282805, 1.19596, -1.10249), (-11.282949, 1.170165, -0.948674), (-11.12149, 1.15433, -1.107553)
(-11.282805, 1.19596, -1.10249), (-11.12149, 1.15433, -1.107553), (-11.12126, 1.180964, -1.26134)
(-10.799238, 1.038444, -0.965099), (-10.63829, 0.990398, -0.97122), (-10.638385, 1.015029, -1.124843)
(-10.799238, 1.038444, -0.965099), (-10.799181, 1.015414, -0.81141), (-10.63829, 0.990398, -0.97122)
(-10.960384, 1.084733, -0.959269), (-10.799238, 1.038444, -0.965099), (-10.799197, 1.063439, -1.118773)
(-10.960384, 1.084733, -0.959269), (-10.960423, 1.061065, -0.805531), (-10.799238, 1.038444, -0.965099)
(-11.121654, 1.128741, -0.953792), (-10.960384, 1.084733, -0.959269), (-10.960256, 1.110021, -1.112993)
(-11.121654, 1.128741, -0.953792), (-11.121716, 1.10437, -0.800027), (-10.960384, 1.084733, -0.959269)
(-11.282949, 1.170165, -0.948674), (-11.121654, 1.128741, -0.953792), (-11.12149, 1.15433, -1.107553)
(-11.282949, 1.170165, -0.948674), (-11.282969, 1.144904, -0.794923), (-11.121654, 1.128741, -0.953792)
(-10.799181, 1.015414, -0.81141), (-10.79897, 0.994434, -0.657741), (-10.63809, 0.968093, -0.817592)
(-10.799181, 1.015414, -0.81141), (-10.63809, 0.968093, -0.817592), (-10.63829, 0.990398, -0.97122)
(-10.960423, 1.061065, -0.805531), (-10.96032, 1.038983, -0.65182), (-10.799181, 1.015414, -0.81141)
(-10.960423, 1.061065, -0.805531), (-10.799181, 1.015414, -0.81141), (-10.799238, 1.038444, -0.965099)
(-11.121716, 1.10437, -0.800027), (-11.12165, 1.081139, -0.646303), (-10.960423, 1.061065, -0.805531)
(-11.121716, 1.10437, -0.800027), (-10.960423, 1.061065, -0.805531), (-10.960384, 1.084733, -0.959269)
(-11.282969, 1.144904, -0.794923), (-11.282866, 1.120323, -0.641231), (-11.121716, 1.10437, -0.800027)
(-11.282969, 1.144904, -0.794923), (-11.121716, 1.10437, -0.800027), (-11.121654, 1.128741, -0.953792)
# -10.317331616686666, 0, -1.0354503500199972
(-9.998938, 0.83746, -1.303855), (-9.840023, 0.788371, -1.309994), (-9.840605, 0.812699, -1.463714)
(-9.998938, 0.83746, -1.303855), (-9.998372, 0.814171, -1.150218), (-9.840023, 0.788371, -1.309994)
(-10.158254, 0.888531, -1.297492), (-9.998938, 0.83746, -1.303855), (-9.99943, 0.863184, -1.457484)
(-10.158254, 0.888531, -1.297492), (-10.157796, 0.86373, -1.143926), (-9.998938, 0.83746, -1.303855)
(-10.317951, 0.940163, -1.291057), (-10.158254, 0.888531, -1.297492), (-10.158628, 0.915311, -1.451062)
(-10.317951, 0.940163, -1.291057), (-10.317636, 0.914502, -1.13751), (-10.158254, 0.888531, -1.297492)
(-10.478027, 0.991506, -1.284676), (-10.317951, 0.940163, -1.291057), (-10.318223, 0.967884, -1.4446)
(-10.478027, 0.991506, -1.284676), (-10.477849, 0.965207, -1.131114), (-10.317951, 0.940163, -1.291057)
(-10.638422, 1.041693, -1.278443), (-10.478027, 0.991506, -1.284676), (-10.478176, 1.01973, -1.43823)
(-10.638422, 1.041693, -1.278443), (-10.638385, 1.015029, -1.124843), (-10.478027, 0.991506, -1.284676)
(-9.998372, 0.814171, -1.150218), (-9.997634, 0.793012, -0.996608), (-9.83936, 0.766846, -1.156244)
(-9.998372, 0.814171, -1.150218), (-9.83936, 0.766846, -1.156244), (-9.840023, 0.788371, -1.309994)
(-10.157796, 0.86373, -1.143926), (-10.157222, 0.841462, -0.990357), (-9.998372, 0.814171, -1.150218)
(-10.157796, 0.86373, -1.143926), (-9.998372, 0.814171, -1.150218), (-9.998938, 0.83746, -1.303855)
(-10.317636, 0.914502, -1.13751), (-10.157796, 0.86373, -1.143926), (-10.158254, 0.888531, -1.297492)
(-10.317636, 0.914502, -1.13751), (-10.317228, 0.891257, -0.983956), (-10.157796, 0.86373, -1.143926)
(-10.477849, 0.965207, -1.131114), (-10.477611, 0.941238, -0.977545), (-10.317636, 0.914502, -1.13751)
(-10.477849, 0.965207, -1.131114), (-10.317636, 0.914502, -1.13751), (-10.317951, 0.940163, -1.291057)
(-10.638385, 1.015029, -1.124843), (-10.63829, 0.990398, -0.97122), (-10.477849, 0.965207, -1.131114)
(-10.638385, 1.015029, -1.124843), (-10.477849, 0.965207, -1.131114), (-10.478027, 0.991506, -1.284676)
(-9.997634, 0.793012, -0.996608), (-9.838493, 0.74726, -1.002547), (-9.83936, 0.766846, -1.156244)
(-9.997634, 0.793012, -0.996608), (-9.996698, 0.775337, -0.842971), (-9.838493, 0.74726, -1.002547)
(-10.157222, 0.841462, -0.990357), (-9.997634, 0.793012, -0.996608), (-9.998372, 0.814171, -1.150218)
(-10.157222, 0.841462, -0.990357), (-10.15646, 0.822106, -0.83678), (-9.997634, 0.793012, -0.996608)
(-10.317228, 0.891257, -0.983956), (-10.157222, 0.841462, -0.990357), (-10.157796, 0.86373, -1.143926)
(-10.317228, 0.891257, -0.983956), (-10.316659, 0.870687, -0.830388), (-10.157222, 0.841462, -0.990357)
(-10.477611, 0.941238, -0.977545), (-10.317228, 0.891257, -0.983956), (-10.317636, 0.914502, -1.13751)
(-10.477611, 0.941238, -0.977545), (-10.47723, 0.919712, -0.823954), (-10.317228, 0.891257, -0.983956)
(-10.63829, 0.990398, -0.97122), (-10.477611, 0.941238, -0.977545), (-10.477849, 0.965207, -1.131114)
(-10.63829, 0.990398, -0.97122), (-10.63809, 0.968093, -0.817592), (-10.477611, 0.941238, -0.977545)
(-9.996698, 0.775337, -0.842971), (-9.995472, 0.760587, -0.689361), (-9.837399, 0.731209, -0.848826)
(-9.996698, 0.775337, -0.842971), (-9.837399, 0.731209, -0.848826), (-9.838493, 0.74726, -1.002547)
(-10.15646, 0.822106, -0.83678), (-10.155457, 0.806167, -0.683188), (-9.996698, 0.775337, -0.842971)
(-10.15646, 0.822106, -0.83678), (-9.996698, 0.775337, -0.842971), (-9.997634, 0.793012, -0.996608)
(-10.316659, 0.870687, -0.830388), (-10.315871, 0.853201, -0.676807), (-10.15646, 0.822106, -0.83678)
(-10.316659, 0.870687, -0.830388), (-10.15646, 0.822106, -0.83678), (-10.157222, 0.841462, -0.990357)
(-10.47723, 0.919712, -0.823954), (-10.476656, 0.900951, -0.670353), (-10.316659, 0.870687, -0.830388)
(-10.47723, 0.919712, -0.823954), (-10.316659, 0.870687, -0.830388), (-10.317228, 0.891257, -0.983956)
(-10.63809, 0.968093, -0.817592), (-10.637721, 0.94819, -0.663954), (-10.47723, 0.919712, -0.823954)
(-10.63809, 0.968093, -0.817592), (-10.47723, 0.919712, -0.823954), (-10.477611, 0.941238, -0.977545)
