# 10.383545616646671, 0, 0.30009011664666957
(10.324608, 1.650645, -0.033228), (10.485215, 1.687527, -0.022406), (10.472195, 1.716217, -0.174998)
(10.324608, 1.650645, -0.033228), (10.337186, 1.625564, 0.119654), (10.485215, 1.687527, -0.022406)
(10.485215, 1.687527, -0.022406), (10.645255, 1.723012, -0.011158), (10.632177, 1.753247, -0.163737)
(10.485215, 1.687527, -0.022406), (10.498137, 1.660012, 0.130325), (10.645255, 1.723012, -0.011158)
(10.645255, 1.723012, -0.011158), (10.804715, 1.756936, 0.00043), (10.791748, 1.788338, -0.152195)
(10.645255, 1.723012, -0.011158), (10.658246, 1.693408, 0.141541), (10.804715, 1.756936, 0.00043)
(10.175452, 1.590321, 0.109577), (10.187053, 1.570314, 0.263125), (10.337186, 1.625564, 0.119654)
(10.175452, 1.590321, 0.109577), (10.337186, 1.625564, 0.119654), (10.324608, 1.650645, -0.033228)
(10.337186, 1.625564, 0.119654), (10.498137, 1.660012, 0.130325), (10.485215, 1.687527, -0.022406)
(10.337186, 1.625564, 0.119654), (10.349407, 1.602239, 0.272918), (10.498137, 1.660012, 0.130325)
(10.498137, 1.660012, 0.130325), (10.51078, 1.633698, 0.283358), (10.658246, 1.693408, 0.141541)
(10.498137, 1.660012, 0.130325), (10.658246, 1.693408, 0.141541), (10.645255, 1.723012, -0.011158)
(10.658246, 1.693408, 0.141541), (10.671135, 1.664492, 0.294389), (10.817641, 1.725575, 0.153121)
(10.658246, 1.693408, 0.141541), (10.817641, 1.725575, 0.153121), (10.804715, 1.756936, 0.00043)
(10.187053, 1.570314, 0.263125), (10.349407, 1.602239, 0.272918), (10.337186, 1.625564, 0.119654)
(10.187053, 1.570314, 0.263125), (10.198013, 1.552566, 0.417338), (10.349407, 1.602239, 0.272918)
(10.349407, 1.602239, 0.272918), (10.51078, 1.633698, 0.283358), (10.498137, 1.660012, 0.130325)
(10.349407, 1.602239, 0.272918), (10.361109, 1.580651, 0.426719), (10.51078, 1.633698, 0.283358)
(10.51078, 1.633698, 0.283358), (10.671135, 1.664492, 0.294389), (10.658246, 1.693408, 0.141541)
(10.51078, 1.633698, 0.283358), (10.522978, 1.608578, 0.436828), (10.671135, 1.664492, 0.294389)
(10.671135, 1.664492, 0.294389), (10.830469, 1.694347, 0.305912), (10.817641, 1.725575, 0.153121)
(10.671135, 1.664492, 0.294389), (10.683552, 1.636163, 0.447622), (10.830469, 1.694347, 0.305912)
(10.198013, 1.552566, 0.417338), (10.20813, 1.536791, 0.57239), (10.361109, 1.580651, 0.426719)
(10.198013, 1.552566, 0.417338), (10.361109, 1.580651, 0.426719), (10.349407, 1.602239, 0.272918)
(10.361109, 1.580651, 0.426719), (10.371988, 1.560699, 0.581285), (10.522978, 1.608578, 0.436828)
(10.361109, 1.580651, 0.426719), (10.522978, 1.608578, 0.436828), (10.51078, 1.633698, 0.283358)
(10.522978, 1.608578, 0.436828), (10.534363, 1.584602, 0.590973), (10.683552, 1.636163, 0.447622)
(10.522978, 1.608578, 0.436828), (10.683552, 1.636163, 0.447622), (10.671135, 1.664492, 0.294389)
(10.683552, 1.636163, 0.447622), (10.695371, 1.608348, 0.601305), (10.843004, 1.663136, 0.458909)
(10.683552, 1.636163, 0.447622), (10.843004, 1.663136, 0.458909), (10.830469, 1.694347, 0.305912)
(10.20813, 1.536791, 0.57239), (10.371988, 1.560699, 0.581285), (10.361109, 1.580651, 0.426719)
(10.20813, 1.536791, 0.57239), (10.217539, 1.522302, 0.728177), (10.371988, 1.560699, 0.581285)
(10.371988, 1.560699, 0.581285), (10.534363, 1.584602, 0.590973), (10.522978, 1.608578, 0.436828)
(10.371988, 1.560699, 0.581285), (10.382196, 1.541861, 0.736504), (10.534363, 1.584602, 0.590973)
(10.534363, 1.584602, 0.590973), (10.695371, 1.608348, 0.601305), (10.683552, 1.636163, 0.447622)
(10.534363, 1.584602, 0.590973), (10.545298, 1.561374, 0.745569), (10.695371, 1.608348, 0.601305)
(10.695371, 1.608348, 0.601305), (10.855005, 1.631818, 0.612218), (10.843004, 1.663136, 0.458909)
(10.695371, 1.608348, 0.601305), (10.706692, 1.580899, 0.755383), (10.855005, 1.631818, 0.612218)
# 11.051315849980007, 0, 0.30009011664666957
(10.804715, 1.756936, 0.00043), (10.963675, 1.789111, 0.012221), (10.950964, 1.821456, -0.140502)
(10.804715, 1.756936, 0.00043), (10.817641, 1.725575, 0.153121), (10.963675, 1.789111, 0.012221)
(10.963675, 1.789111, 0.012221), (11.122196, 1.819057, 0.024063), (11.109859, 1.852161, -0.128788)
(10.963675, 1.789111, 0.012221), (10.976419, 1.756339, 0.164935), (11.122196, 1.819057, 0.024063)
(11.122196, 1.819057, 0.024063), (11.280376, 1.846621, 0.035796), (11.268525, 1.879862, -0.117247)
(11.122196, 1.819057, 0.024063), (11.134629, 1.785318, 0.176863), (11.280376, 1.846621, 0.035796)
(11.280376, 1.846621, 0.035796), (11.438298, 1.871285, 0.047225), (11.427027, 1.904377, -0.106062)
(11.280376, 1.846621, 0.035796), (11.292344, 1.812057, 0.188732), (11.438298, 1.871285, 0.047225)
(10.817641, 1.725575, 0.153121), (10.830469, 1.694347, 0.305912), (10.976419, 1.756339, 0.164935)
(10.817641, 1.725575, 0.153121), (10.976419, 1.756339, 0.164935), (10.963675, 1.789111, 0.012221)
(10.976419, 1.756339, 0.164935), (11.134629, 1.785318, 0.176863), (11.122196, 1.819057, 0.024063)
(10.976419, 1.756339, 0.164935), (10.989108, 1.72314, 0.317678), (11.134629, 1.785318, 0.176863)
(11.134629, 1.785318, 0.176863), (11.147036, 1.750582, 0.32962), (11.292344, 1.812057, 0.188732)
(11.134629, 1.785318, 0.176863), (11.292344, 1.812057, 0.188732), (11.280376, 1.846621, 0.035796)
(11.292344, 1.812057, 0.188732), (11.449707, 1.836575, 0.200385), (11.438298, 1.871285, 0.047225)
(11.292344, 1.812057, 0.188732), (11.304341, 1.776353, 0.34159), (11.449707, 1.836575, 0.200385)
(10.830469, 1.694347, 0.305912), (10.989108, 1.72314, 0.317678), (10.976419, 1.756339, 0.164935)
(10.830469, 1.694347, 0.305912), (10.843004, 1.663136, 0.458909), (10.989108, 1.72314, 0.317678)
(10.989108, 1.72314, 0.317678), (11.147036, 1.750582, 0.32962), (11.134629, 1.785318, 0.176863)
(10.989108, 1.72314, 0.317678), (11.001587, 1.689405, 0.470506), (11.147036, 1.750582, 0.32962)
(11.147036, 1.750582, 0.32962), (11.304341, 1.776353, 0.34159), (11.292344, 1.812057, 0.188732)
(11.147036, 1.750582, 0.32962), (11.159268, 1.714741, 0.482363), (11.304341, 1.776353, 0.34159)
(11.304341, 1.776353, 0.34159), (11.461143, 1.800044, 0.353394), (11.449707, 1.836575, 0.200385)
(11.304341, 1.776353, 0.34159), (11.316151, 1.738761, 0.494324), (11.461143, 1.800044, 0.353394)
(10.843004, 1.663136, 0.458909), (10.855005, 1.631818, 0.612218), (11.001587, 1.689405, 0.470506)
(10.843004, 1.663136, 0.458909), (11.001587, 1.689405, 0.470506), (10.989108, 1.72314, 0.317678)
(11.001587, 1.689405, 0.470506), (11.013602, 1.654941, 0.623502), (11.159268, 1.714741, 0.482363)
(11.001587, 1.689405, 0.470506), (11.159268, 1.714741, 0.482363), (11.147036, 1.750582, 0.32962)
(11.159268, 1.714741, 0.482363), (11.171065, 1.677469, 0.635127), (11.316151, 1.738761, 0.494324)
(11.159268, 1.714741, 0.482363), (11.316151, 1.738761, 0.494324), (11.304341, 1.776353, 0.34159)
(11.316151, 1.738761, 0.494324), (11.327648, 1.699314, 0.646934), (11.472475, 1.761441, 0.506216)
(11.316151, 1.738761, 0.494324), (11.472475, 1.761441, 0.506216), (11.461143, 1.800044, 0.353394)
(10.855005, 1.631818, 0.612218), (11.013602, 1.654941, 0.623502), (11.001587, 1.689405, 0.470506)
(10.855005, 1.631818, 0.612218), (10.866602, 1.600404, 0.765778), (11.013602, 1.654941, 0.623502)
(11.013602, 1.654941, 0.623502), (11.171065, 1.677469, 0.635127), (11.159268, 1.714741, 0.482363)
(11.013602, 1.654941, 0.623502), (11.025247, 1.6199, 0.776629), (11.171065, 1.677469, 0.635127)
# 11.71908608331334, 0, 0.30009011664666957
(11.438298, 1.871285, 0.047225), (11.596083, 1.893294, 0.058218), (11.585466, 1.925775, -0.095384)
(11.438298, 1.871285, 0.047225), (11.449707, 1.836575, 0.200385), (11.596083, 1.893294, 0.058218)
(11.596083, 1.893294, 0.058218), (11.753868, 1.911293, 0.068414), (11.743989, 1.942616, -0.085592)
(11.596083, 1.893294, 0.058218), (11.60686, 1.858707, 0.211656), (11.753868, 1.911293, 0.068414)
(11.753868, 1.911293, 0.068414), (11.911791, 1.924427, 0.077488), (11.902756, 1.953465, -0.077117)
(11.753868, 1.911293, 0.068414), (11.763931, 1.877611, 0.222265), (11.911791, 1.924427, 0.077488)
(11.911791, 1.924427, 0.077488), (12.069977, 1.931599, 0.085058), (12.061823, 1.957798, -0.070241)
(11.911791, 1.924427, 0.077488), (11.921063, 1.892187, 0.231846), (12.069977, 1.931599, 0.085058)
(11.449707, 1.836575, 0.200385), (11.461143, 1.800044, 0.353394), (11.60686, 1.858707, 0.211656)
(11.449707, 1.836575, 0.200385), (11.60686, 1.858707, 0.211656), (11.596083, 1.893294, 0.058218)
(11.60686, 1.858707, 0.211656), (11.763931, 1.877611, 0.222265), (11.753868, 1.911293, 0.068414)
(11.60686, 1.858707, 0.211656), (11.617685, 1.821973, 0.364909), (11.763931, 1.877611, 0.222265)
(11.763931, 1.877611, 0.222265), (11.774064, 1.841338, 0.375885), (11.921063, 1.892187, 0.231846)
(11.763931, 1.877611, 0.222265), (11.921063, 1.892187, 0.231846), (11.911791, 1.924427, 0.077488)
(11.921063, 1.892187, 0.231846), (11.930429, 1.857252, 0.386002), (12.078402, 1.901797, 0.240101)
(11.921063, 1.892187, 0.231846), (12.078402, 1.901797, 0.240101), (12.069977, 1.931599, 0.085058)
(11.461143, 1.800044, 0.353394), (11.617685, 1.821973, 0.364909), (11.60686, 1.858707, 0.211656)
(11.461143, 1.800044, 0.353394), (11.472475, 1.761441, 0.506216), (11.617685, 1.821973, 0.364909)
(11.617685, 1.821973, 0.364909), (11.774064, 1.841338, 0.375885), (11.763931, 1.877611, 0.222265)
(11.617685, 1.821973, 0.364909), (11.628441, 1.782804, 0.517911), (11.774064, 1.841338, 0.375885)
(11.774064, 1.841338, 0.375885), (11.930429, 1.857252, 0.386002), (11.921063, 1.892187, 0.231846)
(11.774064, 1.841338, 0.375885), (11.784148, 1.802159, 0.529179), (11.930429, 1.857252, 0.386002)
(11.930429, 1.857252, 0.386002), (12.086949, 1.868572, 0.394852), (12.078402, 1.901797, 0.240101)
(11.930429, 1.857252, 0.386002), (11.939768, 1.818536, 0.539678), (12.086949, 1.868572, 0.394852)
(11.472475, 1.761441, 0.506216), (11.483546, 1.720405, 0.658785), (11.628441, 1.782804, 0.517911)
(11.472475, 1.761441, 0.506216), (11.628441, 1.782804, 0.517911), (11.617685, 1.821973, 0.364909)
(11.628441, 1.782804, 0.517911), (11.638966, 1.740606, 0.670534), (11.784148, 1.802159, 0.529179)
(11.628441, 1.782804, 0.517911), (11.784148, 1.802159, 0.529179), (11.774064, 1.841338, 0.375885)
(11.784148, 1.802159, 0.529179), (11.794025, 1.75917, 0.681924), (11.939768, 1.818536, 0.539678)
(11.784148, 1.802159, 0.529179), (11.939768, 1.818536, 0.539678), (11.930429, 1.857252, 0.386002)
(11.939768, 1.818536, 0.539678), (11.948954, 1.775972, 0.692785), (12.095484, 1.831528, 0.549149)
(11.939768, 1.818536, 0.539678), (12.095484, 1.831528, 0.549149), (12.086949, 1.868572, 0.394852)
# 12.386856316646675, 0, 0.30009011664666957
(12.665416, 2.247535, -0.023926), (12.616843, 2.247534, 0.008802), (12.671797, 2.235414, 0.091154)
(12.665416, 2.247535, -0.023926), (12.610208, 2.259461, -0.106289), (12.616843, 2.247534, 0.008802)
(12.616843, 2.247534, 0.008802), (12.623055, 1.449064, -0.10914), (12.676959, 1.437244, -0.028852)
(12.616843, 2.247534, 0.008802), (12.561735, 2.25946, -0.073412), (12.623055, 1.449064, -0.10914)
(12.720464, 2.235415, 0.058566), (12.671797, 2.235414, 0.091154), (12.726749, 2.223295, 0.1735)
(12.720464, 2.235415, 0.058566), (12.665416, 2.247535, -0.023926), (12.671797, 2.235414, 0.091154)
(12.069977, 1.931599, 0.085058), (12.22847, 1.932214, 0.090862), (12.221155, 1.955574, -0.065105)
(12.069977, 1.931599, 0.085058), (12.078402, 1.901797, 0.240101), (12.22847, 1.932214, 0.090862)
(12.22847, 1.932214, 0.090862), (12.387219, 1.925685, 0.094676), (12.380652, 1.946792, -0.061809)
(12.22847, 1.932214, 0.090862), (12.236055, 1.905401, 0.246671), (12.387219, 1.925685, 0.094676)
(12.671797, 2.235414, 0.091154), (12.676959, 1.437244, -0.028852), (12.730869, 1.425432, 0.05143)
(12.671797, 2.235414, 0.091154), (12.616843, 2.247534, 0.008802), (12.676959, 1.437244, -0.028852)
(12.387219, 1.925685, 0.094676), (12.546036, 1.913031, 0.096635), (12.540129, 1.932122, -0.060285)
(12.387219, 1.925685, 0.094676), (12.39402, 1.902121, 0.251256), (12.546036, 1.913031, 0.096635)
(12.546036, 1.913031, 0.096635), (12.704737, 1.895192, 0.096884), (12.699383, 1.913067, -0.060278)
(12.546036, 1.913031, 0.096635), (12.552174, 1.891831, 0.253747), (12.704737, 1.895192, 0.096884)
(12.704737, 1.895192, 0.096884), (12.863173, 1.873139, 0.095598), (12.858286, 1.890701, -0.061593)
(12.704737, 1.895192, 0.096884), (12.710305, 1.875827, 0.254368), (12.863173, 1.873139, 0.095598)
(12.078402, 1.901797, 0.240101), (12.086949, 1.868572, 0.394852), (12.236055, 1.905401, 0.246671)
(12.078402, 1.901797, 0.240101), (12.236055, 1.905401, 0.246671), (12.22847, 1.932214, 0.090862)
(12.236055, 1.905401, 0.246671), (12.39402, 1.902121, 0.251256), (12.387219, 1.925685, 0.094676)
(12.236055, 1.905401, 0.246671), (12.243771, 1.874946, 0.40221), (12.39402, 1.902121, 0.251256)
(12.39402, 1.902121, 0.251256), (12.40095, 1.874912, 0.407626), (12.552174, 1.891831, 0.253747)
(12.39402, 1.902121, 0.251256), (12.552174, 1.891831, 0.253747), (12.546036, 1.913031, 0.096635)
(12.552174, 1.891831, 0.253747), (12.558407, 1.868094, 0.410929), (12.710305, 1.875827, 0.254368)
(12.552174, 1.891831, 0.253747), (12.710305, 1.875827, 0.254368), (12.704737, 1.895192, 0.096884)
(12.710305, 1.875827, 0.254368), (12.715961, 1.854513, 0.412059), (12.868259, 1.855025, 0.253289)
(12.710305, 1.875827, 0.254368), (12.868259, 1.855025, 0.253289), (12.863173, 1.873139, 0.095598)
(12.086949, 1.868572, 0.394852), (12.243771, 1.874946, 0.40221), (12.236055, 1.905401, 0.246671)
(12.086949, 1.868572, 0.394852), (12.095484, 1.831528, 0.549149), (12.243771, 1.874946, 0.40221)
(12.243771, 1.874946, 0.40221), (12.40095, 1.874912, 0.407626), (12.39402, 1.902121, 0.251256)
(12.243771, 1.874946, 0.40221), (12.251488, 1.8405, 0.55731), (12.40095, 1.874912, 0.407626)
(12.40095, 1.874912, 0.407626), (12.558407, 1.868094, 0.410929), (12.552174, 1.891831, 0.253747)
(12.40095, 1.874912, 0.407626), (12.407873, 1.843734, 0.563624), (12.558407, 1.868094, 0.410929)
(12.558407, 1.868094, 0.410929), (12.715961, 1.854513, 0.412059), (12.710305, 1.875827, 0.254368)
(12.558407, 1.868094, 0.410929), (12.56462, 1.840271, 0.567759), (12.715961, 1.854513, 0.412059)
(12.715961, 1.854513, 0.412059), (12.87343, 1.835721, 0.411342), (12.868259, 1.855025, 0.253289)
(12.715961, 1.854513, 0.412059), (12.721572, 1.830288, 0.569693), (12.87343, 1.835721, 0.411342)
(12.095484, 1.831528, 0.549149), (12.10391, 1.79014, 0.702782), (12.251488, 1.8405, 0.55731)
(12.095484, 1.831528, 0.549149), (12.251488, 1.8405, 0.55731), (12.243771, 1.874946, 0.40221)
(12.251488, 1.8405, 0.55731), (12.259103, 1.801432, 0.71172), (12.407873, 1.843734, 0.563624)
(12.251488, 1.8405, 0.55731), (12.407873, 1.843734, 0.563624), (12.40095, 1.874912, 0.407626)
(12.407873, 1.843734, 0.563624), (12.414683, 1.807703, 0.718925), (12.56462, 1.840271, 0.567759)
(12.407873, 1.843734, 0.563624), (12.56462, 1.840271, 0.567759), (12.558407, 1.868094, 0.410929)
(12.56462, 1.840271, 0.567759), (12.570678, 1.808074, 0.724057), (12.721572, 1.830288, 0.569693)
(12.56462, 1.840271, 0.567759), (12.721572, 1.830288, 0.569693), (12.715961, 1.854513, 0.412059)
# 13.054626549980007, 0, 0.30009011664666957
(13.026422, 2.223299, -0.025908), (13.0817, 2.210837, 0.05738), (13.101228, 2.201373, 0.043007)
(13.026422, 2.223299, -0.025908), (12.97089, 2.235419, -0.10912), (12.929344, 2.235418, -0.081301)
(13.358348, 2.197678, -0.005559), (13.304564, 2.197677, 0.029921), (13.413333, 2.184514, 0.078218)
(13.358348, 2.197678, -0.005559), (13.413333, 2.184514, 0.078218), (13.308771, 1.426264, 0.025798)
(12.984795, 2.223298, 0.001792), (13.026422, 2.223299, -0.025908), (12.929344, 2.235418, -0.081301)
(13.308771, 1.426264, 0.025798), (13.413333, 2.184514, 0.078218), (13.362628, 1.413395, 0.107574)
(12.943169, 2.223298, 0.02949), (12.998312, 2.210837, 0.112574), (12.984795, 2.223298, 0.001792)
(12.943169, 2.223298, 0.02949), (12.922355, 2.21383, 0.041924), (12.977451, 2.201373, 0.124932)
(12.943169, 2.223298, 0.02949), (12.984795, 2.223298, 0.001792), (12.929344, 2.235418, -0.081301)
(12.943169, 2.223298, 0.02949), (12.887798, 2.235418, -0.053482), (12.922355, 2.21383, 0.041924)
(13.304564, 2.197677, 0.029921), (13.284149, 2.188217, 0.041907), (13.359494, 2.184514, 0.113614)
(13.304564, 2.197677, 0.029921), (13.359494, 2.184514, 0.113614), (13.413333, 2.184514, 0.078218)
(13.284149, 2.188217, 0.041907), (13.155994, 2.188216, 0.126447), (13.339046, 2.175057, 0.125546)
(13.284149, 2.188217, 0.041907), (13.339046, 2.175057, 0.125546), (13.359494, 2.184514, 0.113614)
(12.922355, 2.21383, 0.041924), (12.794539, 2.213829, 0.126976), (12.849428, 2.201373, 0.209669)
(12.922355, 2.21383, 0.041924), (12.867037, 2.225946, -0.040963), (12.794539, 2.213829, 0.126976)
(13.101228, 2.201373, 0.043007), (13.0817, 2.210837, 0.05738), (13.155994, 2.188216, 0.126447)
(13.101228, 2.201373, 0.043007), (13.155994, 2.188216, 0.126447), (13.284149, 2.188217, 0.041907)
(12.739469, 2.225944, 0.044457), (12.720464, 2.235415, 0.058566), (12.775511, 2.223296, 0.141054)
(12.739469, 2.225944, 0.044457), (12.684396, 2.23806, -0.038065), (12.720464, 2.235415, 0.058566)
(13.0817, 2.210837, 0.05738), (13.13646, 2.197676, 0.140812), (13.155994, 2.188216, 0.126447)
(13.0817, 2.210837, 0.05738), (13.026422, 2.223299, -0.025908), (12.984795, 2.223298, 0.001792)
(13.335979, 1.788112, 0.083847), (13.492653, 1.754825, 0.077669), (13.489289, 1.776151, -0.078333)
(13.335979, 1.788112, 0.083847), (13.339912, 1.769643, 0.241049), (13.492653, 1.754825, 0.077669)
(13.040007, 2.210837, 0.084977), (13.0817, 2.210837, 0.05738), (12.984795, 2.223298, 0.001792)
(13.178834, 1.819102, 0.088958), (13.335979, 1.788112, 0.083847), (13.332256, 1.807931, -0.072611)
(13.178834, 1.819102, 0.088958), (13.183125, 1.801298, 0.246477), (13.335979, 1.788112, 0.083847)
(13.02122, 1.847523, 0.0929), (13.178834, 1.819102, 0.088958), (13.174753, 1.837732, -0.06786)
(13.02122, 1.847523, 0.0929), (13.025899, 1.829993, 0.250619), (13.178834, 1.819102, 0.088958)
(12.863173, 1.873139, 0.095598), (13.02122, 1.847523, 0.0929), (13.016763, 1.865432, -0.064154)
(12.863173, 1.873139, 0.095598), (12.868259, 1.855025, 0.253289), (13.02122, 1.847523, 0.0929)
(13.362628, 1.413395, 0.107574), (13.468317, 2.171348, 0.161993), (13.415998, 1.399666, 0.189248)
(12.998312, 2.210837, 0.112574), (13.052986, 2.197675, 0.195876), (13.040007, 2.210837, 0.084977)
(12.998312, 2.210837, 0.112574), (12.977451, 2.201373, 0.124932), (13.032092, 2.188215, 0.208179)
(12.998312, 2.210837, 0.112574), (13.040007, 2.210837, 0.084977), (12.984795, 2.223298, 0.001792)
(12.998312, 2.210837, 0.112574), (12.943169, 2.223298, 0.02949), (12.977451, 2.201373, 0.124932)
(13.359494, 2.184514, 0.113614), (13.339046, 2.175057, 0.125546), (13.414423, 2.171348, 0.197306)
(13.359494, 2.184514, 0.113614), (13.414423, 2.171348, 0.197306), (13.468317, 2.171348, 0.161993)
(12.977451, 2.201373, 0.124932), (12.849428, 2.201373, 0.209669), (12.903937, 2.188214, 0.292718)
(12.977451, 2.201373, 0.124932), (12.922355, 2.21383, 0.041924), (12.849428, 2.201373, 0.209669)
(13.339046, 2.175057, 0.125546), (13.21076, 2.175056, 0.209886), (13.393941, 2.161895, 0.209184)
(13.339046, 2.175057, 0.125546), (13.393941, 2.161895, 0.209184), (13.414423, 2.171348, 0.197306)
(13.155994, 2.188216, 0.126447), (13.13646, 2.197676, 0.140812), (13.21076, 2.175056, 0.209886)
(13.155994, 2.188216, 0.126447), (13.21076, 2.175056, 0.209886), (13.339046, 2.175057, 0.125546)
(12.794539, 2.213829, 0.126976), (12.775511, 2.223296, 0.141054), (12.83038, 2.210836, 0.223724)
(12.794539, 2.213829, 0.126976), (12.739469, 2.225944, 0.044457), (12.775511, 2.223296, 0.141054)
(13.13646, 2.197676, 0.140812), (13.191219, 2.184513, 0.224244), (13.21076, 2.175056, 0.209886)
(13.13646, 2.197676, 0.140812), (13.0817, 2.210837, 0.05738), (13.040007, 2.210837, 0.084977)
(12.775511, 2.223296, 0.141054), (12.726749, 2.223295, 0.1735), (12.78154, 2.210836, 0.256051)
(12.775511, 2.223296, 0.141054), (12.720464, 2.235415, 0.058566), (12.726749, 2.223295, 0.1735)
(13.094724, 2.197675, 0.168344), (13.13646, 2.197676, 0.140812), (13.040007, 2.210837, 0.084977)
(12.726749, 2.223295, 0.1735), (12.730869, 1.425432, 0.05143), (12.784609, 1.41328, 0.13196)
(12.726749, 2.223295, 0.1735), (12.671797, 2.235414, 0.091154), (12.730869, 1.425432, 0.05143)
(13.052986, 2.197675, 0.195876), (13.10766, 2.184512, 0.27918), (13.094724, 2.197675, 0.168344)
(13.052986, 2.197675, 0.195876), (13.032092, 2.188215, 0.208179), (13.086731, 2.175056, 0.291428)
(13.052986, 2.197675, 0.195876), (13.094724, 2.197675, 0.168344), (13.040007, 2.210837, 0.084977)
(13.052986, 2.197675, 0.195876), (12.998312, 2.210837, 0.112574), (13.032092, 2.188215, 0.208179)
(13.032092, 2.188215, 0.208179), (12.903937, 2.188214, 0.292718), (12.958447, 2.175055, 0.375768)
(13.032092, 2.188215, 0.208179), (12.977451, 2.201373, 0.124932), (12.903937, 2.188214, 0.292718)
(12.849428, 2.201373, 0.209669), (12.83038, 2.210836, 0.223724), (12.884883, 2.197674, 0.306767)
(12.849428, 2.201373, 0.209669), (12.794539, 2.213829, 0.126976), (12.83038, 2.210836, 0.223724)
(13.21076, 2.175056, 0.209886), (13.191219, 2.184513, 0.224244), (13.265526, 2.161895, 0.293324)
(13.21076, 2.175056, 0.209886), (13.265526, 2.161895, 0.293324), (13.393941, 2.161895, 0.209184)
(12.83038, 2.210836, 0.223724), (12.78154, 2.210836, 0.256051), (12.835993, 2.197674, 0.339019)
(12.83038, 2.210836, 0.223724), (12.775511, 2.223296, 0.141054), (12.78154, 2.210836, 0.256051)
(13.191219, 2.184513, 0.224244), (13.245977, 2.171348, 0.307676), (13.265526, 2.161895, 0.293324)
(13.191219, 2.184513, 0.224244), (13.13646, 2.197676, 0.140812), (13.094724, 2.197675, 0.168344)
(13.339912, 1.769643, 0.241049), (13.343984, 1.752244, 0.39895), (13.496261, 1.73541, 0.23447)
(13.339912, 1.769643, 0.241049), (13.496261, 1.73541, 0.23447), (13.492653, 1.754825, 0.077669)
(13.183125, 1.801298, 0.246477), (13.187551, 1.784084, 0.404666), (13.339912, 1.769643, 0.241049)
(13.183125, 1.801298, 0.246477), (13.339912, 1.769643, 0.241049), (13.335979, 1.788112, 0.083847)
(13.025899, 1.829993, 0.250619), (13.030667, 1.812041, 0.408831), (13.183125, 1.801298, 0.246477)
(13.025899, 1.829993, 0.250619), (13.183125, 1.801298, 0.246477), (13.178834, 1.819102, 0.088958)
(13.14944, 2.184513, 0.251712), (13.191219, 2.184513, 0.224244), (13.094724, 2.197675, 0.168344)
(12.868259, 1.855025, 0.253289), (13.025899, 1.829993, 0.250619), (13.02122, 1.847523, 0.0929)
(12.868259, 1.855025, 0.253289), (12.87343, 1.835721, 0.411342), (13.025899, 1.829993, 0.250619)
(12.78154, 2.210836, 0.256051), (12.784609, 1.41328, 0.13196), (12.837982, 1.400416, 0.212999)
(12.78154, 2.210836, 0.256051), (12.726749, 2.223295, 0.1735), (12.784609, 1.41328, 0.13196)
(13.10766, 2.184512, 0.27918), (13.162333, 2.171348, 0.362482), (13.14944, 2.184513, 0.251712)
(13.10766, 2.184512, 0.27918), (13.086731, 2.175056, 0.291428), (13.141371, 2.161895, 0.374675)
(13.10766, 2.184512, 0.27918), (13.14944, 2.184513, 0.251712), (13.094724, 2.197675, 0.168344)
(13.10766, 2.184512, 0.27918), (13.052986, 2.197675, 0.195876), (13.086731, 2.175056, 0.291428)
(13.086731, 2.175056, 0.291428), (12.958447, 2.175055, 0.375768), (13.012955, 2.161895, 0.458816)
(13.086731, 2.175056, 0.291428), (13.032092, 2.188215, 0.208179), (12.958447, 2.175055, 0.375768)
(12.903937, 2.188214, 0.292718), (12.884883, 2.197674, 0.306767), (12.939385, 2.184511, 0.38981)
(12.903937, 2.188214, 0.292718), (12.849428, 2.201373, 0.209669), (12.884883, 2.197674, 0.306767)
(13.265526, 2.161895, 0.293324), (13.245977, 2.171348, 0.307676), (13.319966, 2.147897, 0.376631)
(13.265526, 2.161895, 0.293324), (13.319966, 2.147897, 0.376631), (13.448382, 2.147897, 0.292489)
(12.884883, 2.197674, 0.306767), (12.835993, 2.197674, 0.339019), (12.890445, 2.184511, 0.421986)
(12.884883, 2.197674, 0.306767), (12.83038, 2.210836, 0.223724), (12.835993, 2.197674, 0.339019)
(13.245977, 2.171348, 0.307676), (13.300432, 2.157346, 0.391003), (13.319966, 2.147897, 0.376631)
(13.245977, 2.171348, 0.307676), (13.191219, 2.184513, 0.224244), (13.14944, 2.184513, 0.251712)
(13.204155, 2.171348, 0.335079), (13.245977, 2.171348, 0.307676), (13.14944, 2.184513, 0.251712)
(12.835993, 2.197674, 0.339019), (12.837982, 1.400416, 0.212999), (12.891359, 1.387559, 0.294037)
(12.835993, 2.197674, 0.339019), (12.78154, 2.210836, 0.256051), (12.837982, 1.400416, 0.212999)
(13.162333, 2.171348, 0.362482), (13.216788, 2.157346, 0.445808), (13.204155, 2.171348, 0.335079)
(13.162333, 2.171348, 0.362482), (13.141371, 2.161895, 0.374675), (13.195812, 2.147897, 0.457981)
(13.162333, 2.171348, 0.362482), (13.204155, 2.171348, 0.335079), (13.14944, 2.184513, 0.251712)
(13.162333, 2.171348, 0.362482), (13.10766, 2.184512, 0.27918), (13.141371, 2.161895, 0.374675)
(13.141371, 2.161895, 0.374675), (13.012955, 2.161895, 0.458816), (13.067396, 2.147897, 0.542123)
(13.141371, 2.161895, 0.374675), (13.086731, 2.175056, 0.291428), (13.012955, 2.161895, 0.458816)
(12.958447, 2.175055, 0.375768), (12.939385, 2.184511, 0.38981), (12.993887, 2.171348, 0.472852)
(12.958447, 2.175055, 0.375768), (12.903937, 2.188214, 0.292718), (12.939385, 2.184511, 0.38981)
(13.319966, 2.147897, 0.376631), (13.300432, 2.157346, 0.391003), (13.374381, 2.133825, 0.459928)
(13.319966, 2.147897, 0.376631), (13.374381, 2.133825, 0.459928), (13.502785, 2.133824, 0.375768)
(12.939385, 2.184511, 0.38981), (12.890445, 2.184511, 0.421986), (12.944897, 2.171348, 0.504951)
(12.939385, 2.184511, 0.38981), (12.884883, 2.197674, 0.306767), (12.890445, 2.184511, 0.421986)
(13.300432, 2.157346, 0.391003), (13.354861, 2.14327, 0.474322), (13.374381, 2.133825, 0.459928)
(13.300432, 2.157346, 0.391003), (13.245977, 2.171348, 0.307676), (13.204155, 2.171348, 0.335079)
(13.343984, 1.752244, 0.39895), (13.500019, 1.717612, 0.392012), (13.496261, 1.73541, 0.23447)
(13.343984, 1.752244, 0.39895), (13.348045, 1.735233, 0.557376), (13.500019, 1.717612, 0.392012)
(13.187551, 1.784084, 0.404666), (13.343984, 1.752244, 0.39895), (13.339912, 1.769643, 0.241049)
(13.187551, 1.784084, 0.404666), (13.191909, 1.766191, 0.563201), (13.343984, 1.752244, 0.39895)
(13.030667, 1.812041, 0.408831), (13.187551, 1.784084, 0.404666), (13.183125, 1.801298, 0.246477)
(13.030667, 1.812041, 0.408831), (13.035384, 1.792912, 0.567345), (13.187551, 1.784084, 0.404666)
(12.87343, 1.835721, 0.411342), (13.030667, 1.812041, 0.408831), (13.025899, 1.829993, 0.250619)
(12.87343, 1.835721, 0.411342), (12.878551, 1.814438, 0.569548), (13.030667, 1.812041, 0.408831)
(13.25861, 2.157346, 0.418406), (13.300432, 2.157346, 0.391003), (13.204155, 2.171348, 0.335079)
(12.890445, 2.184511, 0.421986), (12.891359, 1.387559, 0.294037), (12.944739, 1.374707, 0.375073)
(12.890445, 2.184511, 0.421986), (12.835993, 2.197674, 0.339019), (12.891359, 1.387559, 0.294037)
(13.216788, 2.157346, 0.445808), (13.271225, 2.14327, 0.52914), (13.25861, 2.157346, 0.418406)
(13.216788, 2.157346, 0.445808), (13.195812, 2.147897, 0.457981), (13.250237, 2.133825, 0.541294)
(13.216788, 2.157346, 0.445808), (13.25861, 2.157346, 0.418406), (13.204155, 2.171348, 0.335079)
(13.216788, 2.157346, 0.445808), (13.162333, 2.171348, 0.362482), (13.195812, 2.147897, 0.457981)
(13.195812, 2.147897, 0.457981), (13.067396, 2.147897, 0.542123), (13.121833, 2.133825, 0.625454)
(13.195812, 2.147897, 0.457981), (13.141371, 2.161895, 0.374675), (13.067396, 2.147897, 0.542123)
(13.012955, 2.161895, 0.458816), (12.993887, 2.171348, 0.472852), (13.048343, 2.157346, 0.556179)
(13.012955, 2.161895, 0.458816), (12.958447, 2.175055, 0.375768), (12.993887, 2.171348, 0.472852)
(13.374381, 2.133825, 0.459928), (13.354861, 2.14327, 0.474322), (13.428795, 2.119751, 0.543223)
(13.374381, 2.133825, 0.459928), (13.428795, 2.119751, 0.543223), (13.557187, 2.119751, 0.459046)
(12.993887, 2.171348, 0.472852), (12.944897, 2.171348, 0.504951), (12.999352, 2.157346, 0.588279)
(12.993887, 2.171348, 0.472852), (12.939385, 2.184511, 0.38981), (12.944897, 2.171348, 0.504951)
(13.354861, 2.14327, 0.474322), (13.40929, 2.129193, 0.557641), (13.428795, 2.119751, 0.543223)
(13.354861, 2.14327, 0.474322), (13.300432, 2.157346, 0.391003), (13.25861, 2.157346, 0.418406)
(13.313044, 2.14327, 0.501731), (13.354861, 2.14327, 0.474322), (13.25861, 2.157346, 0.418406)
(12.944897, 2.171348, 0.504951), (12.944739, 1.374707, 0.375073), (12.998055, 1.360992, 0.456664)
(12.944897, 2.171348, 0.504951), (12.890445, 2.184511, 0.421986), (12.944739, 1.374707, 0.375073)
(13.271225, 2.14327, 0.52914), (13.325662, 2.129193, 0.612471), (13.313044, 2.14327, 0.501731)
(13.271225, 2.14327, 0.52914), (13.250237, 2.133825, 0.541294), (13.304663, 2.119751, 0.624607)
(13.271225, 2.14327, 0.52914), (13.313044, 2.14327, 0.501731), (13.25861, 2.157346, 0.418406)
(13.271225, 2.14327, 0.52914), (13.216788, 2.157346, 0.445808), (13.250237, 2.133825, 0.541294)
(13.250237, 2.133825, 0.541294), (13.121833, 2.133825, 0.625454), (13.17627, 2.119751, 0.708785)
(13.250237, 2.133825, 0.541294), (13.195812, 2.147897, 0.457981), (13.121833, 2.133825, 0.625454)
(13.067396, 2.147897, 0.542123), (13.048343, 2.157346, 0.556179), (13.102795, 2.143271, 0.639533)
(13.067396, 2.147897, 0.542123), (13.012955, 2.161895, 0.458816), (13.048343, 2.157346, 0.556179)
(13.048343, 2.157346, 0.556179), (12.999352, 2.157346, 0.588279), (13.053808, 2.143271, 0.67164)
(13.048343, 2.157346, 0.556179), (12.993887, 2.171348, 0.472852), (12.999352, 2.157346, 0.588279)
(13.348045, 1.735233, 0.557376), (13.351916, 1.717602, 0.716029), (13.503805, 1.700941, 0.550165)
(13.348045, 1.735233, 0.557376), (13.503805, 1.700941, 0.550165), (13.500019, 1.717612, 0.392012)
(13.191909, 1.766191, 0.563201), (13.196066, 1.746901, 0.721861), (13.348045, 1.735233, 0.557376)
(13.191909, 1.766191, 0.563201), (13.348045, 1.735233, 0.557376), (13.343984, 1.752244, 0.39895)
(13.035384, 1.792912, 0.567345), (13.039866, 1.771101, 0.725727), (13.191909, 1.766191, 0.563201)
(13.035384, 1.792912, 0.567345), (13.191909, 1.766191, 0.563201), (13.187551, 1.784084, 0.404666)
(12.878551, 1.814438, 0.569548), (12.883464, 1.789846, 0.72751), (13.035384, 1.792912, 0.567345)
(12.878551, 1.814438, 0.569548), (13.035384, 1.792912, 0.567345), (13.030667, 1.812041, 0.408831)
(12.721572, 1.830288, 0.569693), (12.726995, 1.802098, 0.726926), (12.878551, 1.814438, 0.569548)
(12.721572, 1.830288, 0.569693), (12.878551, 1.814438, 0.569548), (12.87343, 1.835721, 0.411342)
(13.367476, 2.129193, 0.585055), (13.40929, 2.129193, 0.557641), (13.313044, 2.14327, 0.501731)
(12.999352, 2.157346, 0.588279), (12.998055, 1.360992, 0.456664), (13.051367, 1.347205, 0.538306)
(12.999352, 2.157346, 0.588279), (12.944897, 2.171348, 0.504951), (12.998055, 1.360992, 0.456664)
(13.325662, 2.129193, 0.612471), (13.380279, 2.114644, 0.695618), (13.367476, 2.129193, 0.585055)
(13.325662, 2.129193, 0.612471), (13.304663, 2.119751, 0.624607), (13.359283, 2.105204, 0.707764)
(13.325662, 2.129193, 0.612471), (13.367476, 2.129193, 0.585055), (13.313044, 2.14327, 0.501731)
(13.325662, 2.129193, 0.612471), (13.271225, 2.14327, 0.52914), (13.304663, 2.119751, 0.624607)
(13.304663, 2.119751, 0.624607), (13.17627, 2.119751, 0.708785), (13.231003, 2.105205, 0.792111)
(13.304663, 2.119751, 0.624607), (13.250237, 2.133825, 0.541294), (13.17627, 2.119751, 0.708785)
(13.121833, 2.133825, 0.625454), (13.102795, 2.143271, 0.639533), (13.157247, 2.129193, 0.722887)
(13.121833, 2.133825, 0.625454), (13.067396, 2.147897, 0.542123), (13.102795, 2.143271, 0.639533)
# 13.722396783313343, 0, 0.30009011664666957
(13.959974, 1.643105, 0.053656), (14.114925, 1.602189, 0.044113), (14.113008, 1.63142, -0.109568)
(13.959974, 1.643105, 0.053656), (13.96256, 1.619097, 0.208769), (14.114925, 1.602189, 0.044113)
(13.804636, 1.682186, 0.062486), (13.959974, 1.643105, 0.053656), (13.957682, 1.670152, -0.100654)
(13.804636, 1.682186, 0.062486), (13.807569, 1.659967, 0.218223), (13.959974, 1.643105, 0.053656)
(13.648865, 1.71948, 0.070518), (13.804636, 1.682186, 0.062486), (13.801976, 1.707142, -0.092433)
(13.648865, 1.71948, 0.070518), (13.652149, 1.698777, 0.226828), (13.804636, 1.682186, 0.062486)
(13.492653, 1.754825, 0.077669), (13.648865, 1.71948, 0.070518), (13.645855, 1.74249, -0.084968)
(13.492653, 1.754825, 0.077669), (13.496261, 1.73541, 0.23447), (13.648865, 1.71948, 0.070518)
(13.413333, 2.184514, 0.078218), (13.359494, 2.184514, 0.113614), (13.468317, 2.171348, 0.161993)
(13.413333, 2.184514, 0.078218), (13.468317, 2.171348, 0.161993), (13.362628, 1.413395, 0.107574)
(13.468317, 2.171348, 0.161993), (13.414423, 2.171348, 0.197306), (13.522771, 2.157346, 0.245319)
(13.468317, 2.171348, 0.161993), (13.522771, 2.157346, 0.245319), (13.415998, 1.399666, 0.189248)
(13.415998, 1.399666, 0.189248), (13.522771, 2.157346, 0.245319), (13.469328, 1.385864, 0.270916)
(13.414423, 2.171348, 0.197306), (13.393941, 2.161895, 0.209184), (13.468877, 2.157346, 0.280632)
(13.414423, 2.171348, 0.197306), (13.468877, 2.157346, 0.280632), (13.522771, 2.157346, 0.245319)
(13.96256, 1.619097, 0.208769), (13.965379, 1.59787, 0.364633), (14.117163, 1.57628, 0.198581)
(13.96256, 1.619097, 0.208769), (14.117163, 1.57628, 0.198581), (14.114925, 1.602189, 0.044113)
(13.393941, 2.161895, 0.209184), (13.265526, 2.161895, 0.293324), (13.448382, 2.147897, 0.292489)
(13.393941, 2.161895, 0.209184), (13.448382, 2.147897, 0.292489), (13.468877, 2.157346, 0.280632)
(13.807569, 1.659967, 0.218223), (13.96256, 1.619097, 0.208769), (13.959974, 1.643105, 0.053656)
(13.807569, 1.659967, 0.218223), (13.810729, 1.640185, 0.374735), (13.96256, 1.619097, 0.208769)
(13.652149, 1.698777, 0.226828), (13.655605, 1.68018, 0.383899), (13.807569, 1.659967, 0.218223)
(13.652149, 1.698777, 0.226828), (13.807569, 1.659967, 0.218223), (13.804636, 1.682186, 0.062486)
(13.496261, 1.73541, 0.23447), (13.652149, 1.698777, 0.226828), (13.648865, 1.71948, 0.070518)
(13.496261, 1.73541, 0.23447), (13.500019, 1.717612, 0.392012), (13.652149, 1.698777, 0.226828)
(13.522771, 2.157346, 0.245319), (13.468877, 2.157346, 0.280632), (13.577181, 2.14327, 0.328608)
(13.522771, 2.157346, 0.245319), (13.577181, 2.14327, 0.328608), (13.469328, 1.385864, 0.270916)
(13.469328, 1.385864, 0.270916), (13.577181, 2.14327, 0.328608), (13.522657, 1.372067, 0.352584)
(13.468877, 2.157346, 0.280632), (13.448382, 2.147897, 0.292489), (13.523292, 2.14327, 0.363928)
(13.468877, 2.157346, 0.280632), (13.523292, 2.14327, 0.363928), (13.577181, 2.14327, 0.328608)
(13.448382, 2.147897, 0.292489), (13.319966, 2.147897, 0.376631), (13.502785, 2.133824, 0.375768)
(13.448382, 2.147897, 0.292489), (13.502785, 2.133824, 0.375768), (13.523292, 2.14327, 0.363928)
(13.577181, 2.14327, 0.328608), (13.523292, 2.14327, 0.363928), (13.63159, 2.129193, 0.411897)
(13.577181, 2.14327, 0.328608), (13.63159, 2.129193, 0.411897), (13.522657, 1.372067, 0.352584)
(13.522657, 1.372067, 0.352584), (13.63159, 2.129193, 0.411897), (13.575947, 1.357776, 0.433982)
(13.523292, 2.14327, 0.363928), (13.502785, 2.133824, 0.375768), (13.577705, 2.129193, 0.447225)
(13.523292, 2.14327, 0.363928), (13.577705, 2.129193, 0.447225), (13.63159, 2.129193, 0.411897)
(13.965379, 1.59787, 0.364633), (14.119658, 1.553414, 0.353777), (14.117163, 1.57628, 0.198581)
(13.965379, 1.59787, 0.364633), (13.968328, 1.579361, 0.521176), (14.119658, 1.553414, 0.353777)
(13.810729, 1.640185, 0.374735), (13.965379, 1.59787, 0.364633), (13.96256, 1.619097, 0.208769)
(13.810729, 1.640185, 0.374735), (13.813935, 1.62262, 0.531883), (13.965379, 1.59787, 0.364633)
(13.502785, 2.133824, 0.375768), (13.374381, 2.133825, 0.459928), (13.557187, 2.119751, 0.459046)
(13.502785, 2.133824, 0.375768), (13.557187, 2.119751, 0.459046), (13.577705, 2.129193, 0.447225)
(13.655605, 1.68018, 0.383899), (13.810729, 1.640185, 0.374735), (13.807569, 1.659967, 0.218223)
(13.655605, 1.68018, 0.383899), (13.659114, 1.663286, 0.541616), (13.810729, 1.640185, 0.374735)
(13.500019, 1.717612, 0.392012), (13.655605, 1.68018, 0.383899), (13.652149, 1.698777, 0.226828)
(13.500019, 1.717612, 0.392012), (13.503805, 1.700941, 0.550165), (13.655605, 1.68018, 0.383899)
(13.63159, 2.129193, 0.411897), (13.577705, 2.129193, 0.447225), (13.68594, 2.114642, 0.494637)
(13.63159, 2.129193, 0.411897), (13.68594, 2.114642, 0.494637), (13.575947, 1.357776, 0.433982)
(13.575947, 1.357776, 0.433982), (13.68594, 2.114642, 0.494637), (13.62921, 1.343185, 0.515214)
(13.577705, 2.129193, 0.447225), (13.557187, 2.119751, 0.459046), (13.632102, 2.114642, 0.530037)
(13.577705, 2.129193, 0.447225), (13.632102, 2.114642, 0.530037), (13.68594, 2.114642, 0.494637)
(13.557187, 2.119751, 0.459046), (13.428795, 2.119751, 0.543223), (13.611588, 2.105203, 0.541867)
(13.557187, 2.119751, 0.459046), (13.611588, 2.105203, 0.541867), (13.632102, 2.114642, 0.530037)
(13.68594, 2.114642, 0.494637), (13.632102, 2.114642, 0.530037), (13.740253, 2.099803, 0.577043)
(13.68594, 2.114642, 0.494637), (13.740253, 2.099803, 0.577043), (13.62921, 1.343185, 0.515214)
(13.62921, 1.343185, 0.515214), (13.740253, 2.099803, 0.577043), (13.682469, 1.328598, 0.596449)
(13.968328, 1.579361, 0.521176), (13.971263, 1.563264, 0.678242), (14.122334, 1.533694, 0.509658)
(13.968328, 1.579361, 0.521176), (14.122334, 1.533694, 0.509658), (14.119658, 1.553414, 0.353777)
(13.632102, 2.114642, 0.530037), (13.611588, 2.105203, 0.541867), (13.686488, 2.099803, 0.612553)
(13.632102, 2.114642, 0.530037), (13.686488, 2.099803, 0.612553), (13.740253, 2.099803, 0.577043)
(13.813935, 1.62262, 0.531883), (13.817083, 1.606783, 0.689512), (13.968328, 1.579361, 0.521176)
(13.813935, 1.62262, 0.531883), (13.968328, 1.579361, 0.521176), (13.965379, 1.59787, 0.364633)
(13.659114, 1.663286, 0.541616), (13.662476, 1.647279, 0.699707), (13.813935, 1.62262, 0.531883)
(13.659114, 1.663286, 0.541616), (13.813935, 1.62262, 0.531883), (13.810729, 1.640185, 0.374735)
(13.611588, 2.105203, 0.541867), (13.483307, 2.105204, 0.626215), (13.665987, 2.090367, 0.624408)
(13.611588, 2.105203, 0.541867), (13.665987, 2.090367, 0.624408), (13.686488, 2.099803, 0.612553)
(13.428795, 2.119751, 0.543223), (13.40929, 2.129193, 0.557641), (13.483307, 2.105204, 0.626215)
(13.428795, 2.119751, 0.543223), (13.483307, 2.105204, 0.626215), (13.611588, 2.105203, 0.541867)
(13.503805, 1.700941, 0.550165), (13.507431, 1.684438, 0.708638), (13.659114, 1.663286, 0.541616)
(13.503805, 1.700941, 0.550165), (13.659114, 1.663286, 0.541616), (13.655605, 1.68018, 0.383899)
(13.40929, 2.129193, 0.557641), (13.463835, 2.114643, 0.640677), (13.483307, 2.105204, 0.626215)
(13.40929, 2.129193, 0.557641), (13.354861, 2.14327, 0.474322), (13.313044, 2.14327, 0.501731)
(13.740253, 2.099803, 0.577043), (13.686488, 2.099803, 0.612553), (13.794565, 2.084964, 0.659448)
(13.740253, 2.099803, 0.577043), (13.794565, 2.084964, 0.659448), (13.682469, 1.328598, 0.596449)
(13.682469, 1.328598, 0.596449), (13.794565, 2.084964, 0.659448), (13.735908, 1.313722, 0.677351)
(13.686488, 2.099803, 0.612553), (13.665987, 2.090367, 0.624408), (13.740873, 2.084965, 0.695067)
(13.686488, 2.099803, 0.612553), (13.740873, 2.084965, 0.695067), (13.794565, 2.084964, 0.659448)
(13.665987, 2.090367, 0.624408), (13.53788, 2.090368, 0.709019), (13.720385, 2.075532, 0.706947)
(13.665987, 2.090367, 0.624408), (13.720385, 2.075532, 0.706947), (13.740873, 2.084965, 0.695067)
(13.483307, 2.105204, 0.626215), (13.463835, 2.114643, 0.640677), (13.53788, 2.090368, 0.709019)
(13.483307, 2.105204, 0.626215), (13.53788, 2.090368, 0.709019), (13.665987, 2.090367, 0.624408)
# 14.390167016646675, 0, 0.30009011664666957
(14.577805, 1.472662, 0.012547), (14.7316, 1.428386, 0.001482), (14.731377, 1.46719, -0.149698)
(14.577805, 1.472662, 0.012547), (14.578878, 1.440062, 0.164996), (14.7316, 1.428386, 0.001482)
(14.4238, 1.516674, 0.023435), (14.577805, 1.472662, 0.012547), (14.577131, 1.509052, -0.139228)
(14.4238, 1.516674, 0.023435), (14.425282, 1.486429, 0.176558), (14.577805, 1.472662, 0.012547)
(14.269522, 1.559984, 0.034003), (14.4238, 1.516674, 0.023435), (14.422682, 1.550499, -0.128982)
(14.269522, 1.559984, 0.034003), (14.271391, 1.531866, 0.187788), (14.4238, 1.516674, 0.023435)
(14.114925, 1.602189, 0.044113), (14.269522, 1.559984, 0.034003), (14.267987, 1.591358, -0.119058)
(14.114925, 1.602189, 0.044113), (14.117163, 1.57628, 0.198581), (14.269522, 1.559984, 0.034003)
(14.578878, 1.440062, 0.164996), (14.580294, 1.411015, 0.318051), (14.732235, 1.393086, 0.153238)
(14.578878, 1.440062, 0.164996), (14.732235, 1.393086, 0.153238), (14.7316, 1.428386, 0.001482)
(14.425282, 1.486429, 0.176558), (14.427081, 1.459365, 0.330302), (14.578878, 1.440062, 0.164996)
(14.425282, 1.486429, 0.176558), (14.578878, 1.440062, 0.164996), (14.577805, 1.472662, 0.012547)
(14.271391, 1.531866, 0.187788), (14.273549, 1.507096, 0.34228), (14.425282, 1.486429, 0.176558)
(14.271391, 1.531866, 0.187788), (14.425282, 1.486429, 0.176558), (14.4238, 1.516674, 0.023435)
(14.117163, 1.57628, 0.198581), (14.271391, 1.531866, 0.187788), (14.269522, 1.559984, 0.034003)
(14.117163, 1.57628, 0.198581), (14.119658, 1.553414, 0.353777), (14.271391, 1.531866, 0.187788)
(14.580294, 1.411015, 0.318051), (14.733249, 1.361575, 0.305574), (14.732235, 1.393086, 0.153238)
(14.580294, 1.411015, 0.318051), (14.582022, 1.386226, 0.471756), (14.733249, 1.361575, 0.305574)
(14.427081, 1.459365, 0.330302), (14.580294, 1.411015, 0.318051), (14.578878, 1.440062, 0.164996)
(14.427081, 1.459365, 0.330302), (14.429138, 1.43665, 0.484763), (14.580294, 1.411015, 0.318051)
(14.273549, 1.507096, 0.34228), (14.427081, 1.459365, 0.330302), (14.425282, 1.486429, 0.176558)
(14.273549, 1.507096, 0.34228), (14.27593, 1.485911, 0.497453), (14.427081, 1.459365, 0.330302)
(14.119658, 1.553414, 0.353777), (14.273549, 1.507096, 0.34228), (14.271391, 1.531866, 0.187788)
(14.119658, 1.553414, 0.353777), (14.122334, 1.533694, 0.509658), (14.273549, 1.507096, 0.34228)
(14.582022, 1.386226, 0.471756), (14.584006, 1.366266, 0.626105), (14.73463, 1.334513, 0.45853)
(14.582022, 1.386226, 0.471756), (14.73463, 1.334513, 0.45853), (14.733249, 1.361575, 0.305574)
(14.429138, 1.43665, 0.484763), (14.431377, 1.418108, 0.639835), (14.582022, 1.386226, 0.471756)
(14.429138, 1.43665, 0.484763), (14.582022, 1.386226, 0.471756), (14.580294, 1.411015, 0.318051)
(14.27593, 1.485911, 0.497453), (14.278398, 1.468545, 0.653227), (14.429138, 1.43665, 0.484763)
(14.27593, 1.485911, 0.497453), (14.429138, 1.43665, 0.484763), (14.427081, 1.459365, 0.330302)
(14.122334, 1.533694, 0.509658), (14.125044, 1.517048, 0.666096), (14.27593, 1.485911, 0.497453)
(14.122334, 1.533694, 0.509658), (14.27593, 1.485911, 0.497453), (14.273549, 1.507096, 0.34228)
(14.584006, 1.366266, 0.626105), (14.736352, 1.312959, 0.61217), (14.73463, 1.334513, 0.45853)
(14.584006, 1.366266, 0.626105), (14.586196, 1.350115, 0.780887), (14.736352, 1.312959, 0.61217)
# 15.05793724998001, 0, 0.30009011664666957
(15.192742, 1.3018, -0.030869), (15.346643, 1.263659, -0.040839), (15.34841, 1.310732, -0.190246)
(15.192742, 1.3018, -0.030869), (15.191922, 1.259128, 0.11916), (15.346643, 1.263659, -0.040839)
(15.038958, 1.342058, -0.020434), (15.192742, 1.3018, -0.030869), (15.194016, 1.34745, -0.180559)
(15.038958, 1.342058, -0.020434), (15.038662, 1.301823, 0.130123), (15.192742, 1.3018, -0.030869)
(14.885297, 1.384748, -0.009551), (15.038958, 1.342058, -0.020434), (15.03972, 1.385758, -0.170529)
(14.885297, 1.384748, -0.009551), (14.885449, 1.34656, 0.14152), (15.038958, 1.342058, -0.020434)
(14.7316, 1.428386, 0.001482), (14.885297, 1.384748, -0.009551), (14.88553, 1.425812, -0.160196)
(14.7316, 1.428386, 0.001482), (14.732235, 1.393086, 0.153238), (14.885297, 1.384748, -0.009551)
(15.345288, 1.218807, 0.108747), (15.498884, 1.181918, 0.09911), (15.500763, 1.228297, -0.050174)
(15.345288, 1.218807, 0.108747), (15.344379, 1.176936, 0.258579), (15.498884, 1.181918, 0.09911)
(15.191922, 1.259128, 0.11916), (15.191527, 1.219671, 0.269515), (15.345288, 1.218807, 0.108747)
(15.191922, 1.259128, 0.11916), (15.345288, 1.218807, 0.108747), (15.346643, 1.263659, -0.040839)
(15.038662, 1.301823, 0.130123), (15.191922, 1.259128, 0.11916), (15.192742, 1.3018, -0.030869)
(15.038662, 1.301823, 0.130123), (15.038728, 1.264429, 0.281001), (15.191922, 1.259128, 0.11916)
(14.885449, 1.34656, 0.14152), (14.886023, 1.31232, 0.293136), (15.038662, 1.301823, 0.130123)
(14.885449, 1.34656, 0.14152), (15.038662, 1.301823, 0.130123), (15.038958, 1.342058, -0.020434)
(14.732235, 1.393086, 0.153238), (14.885449, 1.34656, 0.14152), (14.885297, 1.384748, -0.009551)
(14.732235, 1.393086, 0.153238), (14.733249, 1.361575, 0.305574), (14.885449, 1.34656, 0.14152)
(15.344379, 1.176936, 0.258579), (15.497469, 1.138198, 0.248558), (15.498884, 1.181918, 0.09911)
(15.344379, 1.176936, 0.258579), (15.343991, 1.139206, 0.408767), (15.497469, 1.138198, 0.248558)
(15.191527, 1.219671, 0.269515), (15.344379, 1.176936, 0.258579), (15.345288, 1.218807, 0.108747)
(15.191527, 1.219671, 0.269515), (15.191642, 1.184857, 0.420348), (15.344379, 1.176936, 0.258579)
(15.038728, 1.264429, 0.281001), (15.191527, 1.219671, 0.269515), (15.191922, 1.259128, 0.11916)
(15.038728, 1.264429, 0.281001), (15.039338, 1.23286, 0.432589), (15.191527, 1.219671, 0.269515)
(14.886023, 1.31232, 0.293136), (15.038728, 1.264429, 0.281001), (15.038662, 1.301823, 0.130123)
(14.886023, 1.31232, 0.293136), (14.887024, 1.282879, 0.445365), (15.038728, 1.264429, 0.281001)
(14.733249, 1.361575, 0.305574), (14.886023, 1.31232, 0.293136), (14.885449, 1.34656, 0.14152)
(14.733249, 1.361575, 0.305574), (14.73463, 1.334513, 0.45853), (14.886023, 1.31232, 0.293136)
(15.343991, 1.139206, 0.408767), (15.344286, 1.10814, 0.559595), (15.496598, 1.098283, 0.398272)
(15.343991, 1.139206, 0.408767), (15.496598, 1.098283, 0.398272), (15.497469, 1.138198, 0.248558)
(15.191642, 1.184857, 0.420348), (15.192348, 1.15643, 0.571829), (15.343991, 1.139206, 0.408767)
(15.191642, 1.184857, 0.420348), (15.343991, 1.139206, 0.408767), (15.344379, 1.176936, 0.258579)
(15.039338, 1.23286, 0.432589), (15.040444, 1.207292, 0.584822), (15.191642, 1.184857, 0.420348)
(15.039338, 1.23286, 0.432589), (15.191642, 1.184857, 0.420348), (15.191527, 1.219671, 0.269515)
(14.887024, 1.282879, 0.445365), (14.888473, 1.259756, 0.598342), (15.039338, 1.23286, 0.432589)
(14.887024, 1.282879, 0.445365), (15.039338, 1.23286, 0.432589), (15.038728, 1.264429, 0.281001)
(14.73463, 1.334513, 0.45853), (14.736352, 1.312959, 0.61217), (14.887024, 1.282879, 0.445365)
(14.73463, 1.334513, 0.45853), (14.887024, 1.282879, 0.445365), (14.886023, 1.31232, 0.293136)
(15.344286, 1.10814, 0.559595), (15.496477, 1.065017, 0.548581), (15.496598, 1.098283, 0.398272)
(15.344286, 1.10814, 0.559595), (15.345098, 1.082371, 0.710745), (15.496477, 1.065017, 0.548581)
(15.192348, 1.15643, 0.571829), (15.344286, 1.10814, 0.559595), (15.343991, 1.139206, 0.408767)
(15.192348, 1.15643, 0.571829), (15.193509, 1.133173, 0.723674), (15.344286, 1.10814, 0.559595)
(15.040444, 1.207292, 0.584822), (15.192348, 1.15643, 0.571829), (15.191642, 1.184857, 0.420348)
(15.040444, 1.207292, 0.584822), (15.041912, 1.186184, 0.737378), (15.192348, 1.15643, 0.571829)
(14.888473, 1.259756, 0.598342), (15.040444, 1.207292, 0.584822), (15.039338, 1.23286, 0.432589)
(14.888473, 1.259756, 0.598342), (14.890207, 1.240469, 0.751622), (15.040444, 1.207292, 0.584822)
(14.736352, 1.312959, 0.61217), (14.888473, 1.259756, 0.598342), (14.887024, 1.282879, 0.445365)
(14.736352, 1.312959, 0.61217), (14.738333, 1.295606, 0.76623), (14.888473, 1.259756, 0.598342)
# 15.725707483313343, 0, 0.30009011664666957
(15.960188, 1.087554, 0.074959), (16.113209, 1.056888, 0.068139), (16.116655, 1.099842, -0.08175)
(15.960188, 1.087554, 0.074959), (15.957586, 1.044238, 0.224424), (16.113209, 1.056888, 0.068139)
(15.806566, 1.117598, 0.082331), (15.804321, 1.073353, 0.231631), (15.960188, 1.087554, 0.074959)
(15.806566, 1.117598, 0.082331), (15.960188, 1.087554, 0.074959), (15.963247, 1.13224, -0.074605)
(15.652712, 1.148619, 0.09035), (15.65082, 1.103788, 0.239567), (15.806566, 1.117598, 0.082331)
(15.652712, 1.148619, 0.09035), (15.806566, 1.117598, 0.082331), (15.809251, 1.163495, -0.067016)
(15.498884, 1.181918, 0.09911), (15.497469, 1.138198, 0.248558), (15.652712, 1.148619, 0.09035)
(15.498884, 1.181918, 0.09911), (15.652712, 1.148619, 0.09035), (15.655003, 1.195067, -0.058905)
(15.957586, 1.044238, 0.224424), (16.110254, 1.015157, 0.217904), (16.113209, 1.056888, 0.068139)
(15.957586, 1.044238, 0.224424), (15.955547, 1.003123, 0.373851), (16.110254, 1.015157, 0.217904)
(15.804321, 1.073353, 0.231631), (15.957586, 1.044238, 0.224424), (15.960188, 1.087554, 0.074959)
(15.804321, 1.073353, 0.231631), (15.802627, 1.031816, 0.380979), (15.957586, 1.044238, 0.224424)
(15.65082, 1.103788, 0.239567), (15.804321, 1.073353, 0.231631), (15.806566, 1.117598, 0.082331)
(15.65082, 1.103788, 0.239567), (15.649538, 1.062896, 0.38905), (15.804321, 1.073353, 0.231631)
(15.497469, 1.138198, 0.248558), (15.65082, 1.103788, 0.239567), (15.652712, 1.148619, 0.09035)
(15.497469, 1.138198, 0.248558), (15.496598, 1.098283, 0.398272), (15.65082, 1.103788, 0.239567)
(15.955547, 1.003123, 0.373851), (15.954198, 0.9657, 0.523375), (16.107906, 0.975426, 0.367607)
(15.955547, 1.003123, 0.373851), (16.107906, 0.975426, 0.367607), (16.110254, 1.015157, 0.217904)
(15.802627, 1.031816, 0.380979), (15.80161, 0.994684, 0.530533), (15.955547, 1.003123, 0.373851)
(15.802627, 1.031816, 0.380979), (15.955547, 1.003123, 0.373851), (15.957586, 1.044238, 0.224424)
(15.649538, 1.062896, 0.38905), (15.648924, 1.026996, 0.538842), (15.802627, 1.031816, 0.380979)
(15.649538, 1.062896, 0.38905), (15.802627, 1.031816, 0.380979), (15.804321, 1.073353, 0.231631)
(15.496598, 1.098283, 0.398272), (15.496477, 1.065017, 0.548581), (15.649538, 1.062896, 0.38905)
(15.496598, 1.098283, 0.398272), (15.649538, 1.062896, 0.38905), (15.65082, 1.103788, 0.239567)
(15.954198, 0.9657, 0.523375), (16.106291, 0.938924, 0.517352), (16.107906, 0.975426, 0.367607)
(15.954198, 0.9657, 0.523375), (15.95364, 0.932677, 0.672924), (16.106291, 0.938924, 0.517352)
(15.80161, 0.994684, 0.530533), (15.954198, 0.9657, 0.523375), (15.955547, 1.003123, 0.373851)
(15.80161, 0.994684, 0.530533), (15.801288, 0.962033, 0.680151), (15.954198, 0.9657, 0.523375)
(15.648924, 1.026996, 0.538842), (15.80161, 0.994684, 0.530533), (15.802627, 1.031816, 0.380979)
(15.648924, 1.026996, 0.538842), (15.648952, 0.996098, 0.688814), (15.80161, 0.994684, 0.530533)
(15.496477, 1.065017, 0.548581), (15.648924, 1.026996, 0.538842), (15.649538, 1.062896, 0.38905)
(15.496477, 1.065017, 0.548581), (15.496856, 1.035995, 0.699002), (15.648924, 1.026996, 0.538842)
# 16.39347771664668, 0, 0.30009011664666957
(16.712288, 0.902905, 0.045514), (16.706585, 0.867141, 0.197183), (16.857088, 0.851601, 0.041022)
(16.712288, 0.902905, 0.045514), (16.857088, 0.851601, 0.041022), (16.865135, 0.888758, -0.111338)
(16.565037, 0.94784, 0.050507), (16.712288, 0.902905, 0.045514), (16.718723, 0.939633, -0.106203)
(16.565037, 0.94784, 0.050507), (16.560324, 0.911078, 0.201621), (16.712288, 0.902905, 0.045514)
(16.415894, 0.987877, 0.055946), (16.411947, 0.949725, 0.20656), (16.565037, 0.94784, 0.050507)
(16.415894, 0.987877, 0.055946), (16.565037, 0.94784, 0.050507), (16.570501, 0.985902, -0.100718)
(16.265217, 1.024019, 0.061812), (16.415894, 0.987877, 0.055946), (16.420464, 1.027198, -0.094791)
(16.265217, 1.024019, 0.061812), (16.26186, 0.984169, 0.211959), (16.415894, 0.987877, 0.055946)
(16.113209, 1.056888, 0.068139), (16.110254, 1.015157, 0.217904), (16.265217, 1.024019, 0.061812)
(16.113209, 1.056888, 0.068139), (16.265217, 1.024019, 0.061812), (16.269165, 1.065162, -0.088483)
(16.706585, 0.867141, 0.197183), (16.850424, 0.817133, 0.193252), (16.857088, 0.851601, 0.041022)
(16.706585, 0.867141, 0.197183), (16.702015, 0.833473, 0.348829), (16.850424, 0.817133, 0.193252)
(16.560324, 0.911078, 0.201621), (16.706585, 0.867141, 0.197183), (16.712288, 0.902905, 0.045514)
(16.560324, 0.911078, 0.201621), (16.55658, 0.876347, 0.352679), (16.706585, 0.867141, 0.197183)
(16.411947, 0.949725, 0.20656), (16.560324, 0.911078, 0.201621), (16.565037, 0.94784, 0.050507)
(16.411947, 0.949725, 0.20656), (16.408808, 0.913516, 0.357113), (16.560324, 0.911078, 0.201621)
(16.26186, 0.984169, 0.211959), (16.411947, 0.949725, 0.20656), (16.415894, 0.987877, 0.055946)
(16.26186, 0.984169, 0.211959), (16.259146, 0.946177, 0.362068), (16.411947, 0.949725, 0.20656)
(16.110254, 1.015157, 0.217904), (16.26186, 0.984169, 0.211959), (16.265217, 1.024019, 0.061812)
(16.110254, 1.015157, 0.217904), (16.107906, 0.975426, 0.367607), (16.26186, 0.984169, 0.211959)
(16.702015, 0.833473, 0.348829), (16.698584, 0.80206, 0.500652), (16.844624, 0.783469, 0.345663)
(16.702015, 0.833473, 0.348829), (16.844624, 0.783469, 0.345663), (16.850424, 0.817133, 0.193252)
(16.55658, 0.876347, 0.352679), (16.553904, 0.844264, 0.503804), (16.702015, 0.833473, 0.348829)
(16.55658, 0.876347, 0.352679), (16.702015, 0.833473, 0.348829), (16.706585, 0.867141, 0.197183)
(16.408808, 0.913516, 0.357113), (16.406633, 0.880128, 0.507669), (16.55658, 0.876347, 0.352679)
(16.408808, 0.913516, 0.357113), (16.55658, 0.876347, 0.352679), (16.560324, 0.911078, 0.201621)
(16.259146, 0.946177, 0.362068), (16.257282, 0.911129, 0.51216), (16.408808, 0.913516, 0.357113)
(16.259146, 0.946177, 0.362068), (16.408808, 0.913516, 0.357113), (16.411947, 0.949725, 0.20656)
(16.107906, 0.975426, 0.367607), (16.106291, 0.938924, 0.517352), (16.259146, 0.946177, 0.362068)
(16.107906, 0.975426, 0.367607), (16.259146, 0.946177, 0.362068), (16.26186, 0.984169, 0.211959)
(16.698584, 0.80206, 0.500652), (16.840481, 0.752935, 0.498162), (16.844624, 0.783469, 0.345663)
(16.698584, 0.80206, 0.500652), (16.697186, 0.775736, 0.652283), (16.840481, 0.752935, 0.498162)
(16.553904, 0.844264, 0.503804), (16.698584, 0.80206, 0.500652), (16.702015, 0.833473, 0.348829)
(16.553904, 0.844264, 0.503804), (16.552816, 0.816649, 0.654843), (16.698584, 0.80206, 0.500652)
(16.406633, 0.880128, 0.507669), (16.553904, 0.844264, 0.503804), (16.55658, 0.876347, 0.352679)
(16.406633, 0.880128, 0.507669), (16.405762, 0.851009, 0.658159), (16.553904, 0.844264, 0.503804)
(16.257282, 0.911129, 0.51216), (16.406633, 0.880128, 0.507669), (16.408808, 0.913516, 0.357113)
(16.257282, 0.911129, 0.51216), (16.256525, 0.880286, 0.662191), (16.406633, 0.880128, 0.507669)
(16.106291, 0.938924, 0.517352), (16.257282, 0.911129, 0.51216), (16.259146, 0.946177, 0.362068)
(16.106291, 0.938924, 0.517352), (16.105608, 0.906462, 0.667024), (16.257282, 0.911129, 0.51216)
# 17.061247949980007, 0, 0.30009011664666957
(17.277004, 0.664363, 0.029073), (17.265589, 0.627844, 0.183827), (17.410692, 0.587998, 0.025306)
(17.277004, 0.664363, 0.029073), (17.410692, 0.587998, 0.025306), (17.425068, 0.627108, -0.130138)
(17.139954, 0.733316, 0.032894), (17.277004, 0.664363, 0.029073), (17.289751, 0.702189, -0.125388)
(17.139954, 0.733316, 0.032894), (17.130011, 0.697338, 0.186739), (17.277004, 0.664363, 0.029073)
(16.999746, 0.795231, 0.036851), (16.991436, 0.759953, 0.189894), (17.139954, 0.733316, 0.032894)
(16.999746, 0.795231, 0.036851), (17.139954, 0.733316, 0.032894), (17.151163, 0.77081, -0.120786)
(16.857088, 0.851601, 0.041022), (16.850424, 0.817133, 0.193252), (16.999746, 0.795231, 0.036851)
(16.857088, 0.851601, 0.041022), (16.999746, 0.795231, 0.036851), (17.009352, 0.83251, -0.116152)
(17.265589, 0.627844, 0.183827), (17.398083, 0.551202, 0.181097), (17.410692, 0.587998, 0.025306)
(17.265589, 0.627844, 0.183827), (17.255997, 0.593589, 0.338861), (17.398083, 0.551202, 0.181097)
(17.130011, 0.697338, 0.186739), (17.265589, 0.627844, 0.183827), (17.277004, 0.664363, 0.029073)
(17.130011, 0.697338, 0.186739), (17.121758, 0.663779, 0.340747), (17.265589, 0.627844, 0.183827)
(16.991436, 0.759953, 0.189894), (17.130011, 0.697338, 0.186739), (17.139954, 0.733316, 0.032894)
(16.991436, 0.759953, 0.189894), (16.984531, 0.726734, 0.343039), (17.130011, 0.697338, 0.186739)
(16.850424, 0.817133, 0.193252), (16.991436, 0.759953, 0.189894), (16.999746, 0.795231, 0.036851)
(16.850424, 0.817133, 0.193252), (16.844624, 0.783469, 0.345663), (16.991436, 0.759953, 0.189894)
(17.387375, 0.51612, 0.33735), (17.379505, 0.484859, 0.493935), (17.516342, 0.432548, 0.336089)
(17.387375, 0.51612, 0.33735), (17.516342, 0.432548, 0.336089), (17.527857, 0.467869, 0.178543)
(17.255997, 0.593589, 0.338861), (17.248842, 0.562309, 0.494264), (17.387375, 0.51612, 0.33735)
(17.255997, 0.593589, 0.338861), (17.387375, 0.51612, 0.33735), (17.398083, 0.551202, 0.181097)
(17.121758, 0.663779, 0.340747), (17.115564, 0.633047, 0.495023), (17.255997, 0.593589, 0.338861)
(17.121758, 0.663779, 0.340747), (17.255997, 0.593589, 0.338861), (17.265589, 0.627844, 0.183827)
(16.984531, 0.726734, 0.343039), (16.979416, 0.696313, 0.496375), (17.121758, 0.663779, 0.340747)
(16.984531, 0.726734, 0.343039), (17.121758, 0.663779, 0.340747), (17.130011, 0.697338, 0.186739)
(16.844624, 0.783469, 0.345663), (16.840481, 0.752935, 0.498162), (16.984531, 0.726734, 0.343039)
(16.844624, 0.783469, 0.345663), (16.984531, 0.726734, 0.343039), (16.991436, 0.759953, 0.189894)
(17.379505, 0.484859, 0.493935), (17.507889, 0.401212, 0.494012), (17.516342, 0.432548, 0.336089)
(17.379505, 0.484859, 0.493935), (17.37459, 0.458925, 0.650526), (17.507889, 0.401212, 0.494012)
(17.248842, 0.562309, 0.494264), (17.379505, 0.484859, 0.493935), (17.387375, 0.51612, 0.33735)
(17.248842, 0.562309, 0.494264), (17.244482, 0.53657, 0.649581), (17.379505, 0.484859, 0.493935)
(17.115564, 0.633047, 0.495023), (17.248842, 0.562309, 0.494264), (17.255997, 0.593589, 0.338861)
(17.115564, 0.633047, 0.495023), (17.112057, 0.607525, 0.649266), (17.248842, 0.562309, 0.494264)
(16.979416, 0.696313, 0.496375), (17.115564, 0.633047, 0.495023), (17.121758, 0.663779, 0.340747)
(16.979416, 0.696313, 0.496375), (16.976763, 0.671086, 0.649605), (17.115564, 0.633047, 0.495023)
(16.840481, 0.752935, 0.498162), (16.979416, 0.696313, 0.496375), (16.984531, 0.726734, 0.343039)
(16.840481, 0.752935, 0.498162), (16.838491, 0.727221, 0.650576), (16.979416, 0.696313, 0.496375)
# 17.729018183313343, 0, 0.30009011664666957
(18.047388, 0.116509, 0.008265), (18.034174, 0.08143, 0.171177), (18.176525, 0.011238, 0.006284)
(18.047388, 0.116509, 0.008265), (18.176525, 0.011238, 0.006284), (18.189976, 0.045399, -0.156947)
(17.920797, 0.22054, 0.010841), (17.906101, 0.183681, 0.172141), (18.047388, 0.116509, 0.008265)
(17.920797, 0.22054, 0.010841), (18.047388, 0.116509, 0.008265), (18.061979, 0.152942, -0.153797)
(17.795401, 0.321576, 0.013922), (17.780876, 0.283664, 0.173882), (17.920797, 0.22054, 0.010841)
(17.795401, 0.321576, 0.013922), (17.920797, 0.22054, 0.010841), (17.936523, 0.258919, -0.149827)
(17.669588, 0.416858, 0.017614), (17.795401, 0.321576, 0.013922), (17.811708, 0.360667, -0.145182)
(17.669588, 0.416858, 0.017614), (17.655216, 0.378708, 0.176069), (17.795401, 0.321576, 0.013922)
(17.54154, 0.505608, 0.021476), (17.527857, 0.467869, 0.178543), (17.669588, 0.416858, 0.017614)
(17.54154, 0.505608, 0.021476), (17.669588, 0.416858, 0.017614), (17.685678, 0.456622, -0.140202)
(17.410692, 0.587998, 0.025306), (17.398083, 0.551202, 0.181097), (17.54154, 0.505608, 0.021476)
(17.410692, 0.587998, 0.025306), (17.54154, 0.505608, 0.021476), (17.55698, 0.545238, -0.135084)
(18.034174, 0.08143, 0.171177), (18.16465, -0.021616, 0.170558), (18.176525, 0.011238, 0.006284)
(18.034174, 0.08143, 0.171177), (18.023428, 0.048998, 0.334939), (18.16465, -0.021616, 0.170558)
(17.906101, 0.183681, 0.172141), (18.034174, 0.08143, 0.171177), (18.047388, 0.116509, 0.008265)
(17.906101, 0.183681, 0.172141), (17.894772, 0.149475, 0.334477), (18.034174, 0.08143, 0.171177)
(17.780876, 0.283664, 0.173882), (17.906101, 0.183681, 0.172141), (17.920797, 0.22054, 0.010841)
(17.780876, 0.283664, 0.173882), (17.768686, 0.248413, 0.334472), (17.906101, 0.183681, 0.172141)
(17.655216, 0.378708, 0.176069), (17.780876, 0.283664, 0.173882), (17.795401, 0.321576, 0.013922)
(17.655216, 0.378708, 0.176069), (17.643154, 0.34319, 0.335074), (17.780876, 0.283664, 0.173882)
(17.527857, 0.467869, 0.178543), (17.655216, 0.378708, 0.176069), (17.669588, 0.416858, 0.017614)
(17.527857, 0.467869, 0.178543), (17.516342, 0.432548, 0.336089), (17.655216, 0.378708, 0.176069)
(17.398083, 0.551202, 0.181097), (17.527857, 0.467869, 0.178543), (17.54154, 0.505608, 0.021476)
(17.398083, 0.551202, 0.181097), (17.387375, 0.51612, 0.33735), (17.527857, 0.467869, 0.178543)
(17.768686, 0.248413, 0.334472), (17.760651, 0.217835, 0.49561), (17.894772, 0.149475, 0.334477)
(17.768686, 0.248413, 0.334472), (17.894772, 0.149475, 0.334477), (17.906101, 0.183681, 0.172141)
(17.894772, 0.149475, 0.334477), (17.887356, 0.120321, 0.497192), (18.023428, 0.048998, 0.334939)
(17.894772, 0.149475, 0.334477), (18.023428, 0.048998, 0.334939), (18.034174, 0.08143, 0.171177)
(18.023428, 0.048998, 0.334939), (18.01774, 0.022489, 0.499175), (18.154905, -0.052029, 0.335703)
(18.023428, 0.048998, 0.334939), (18.154905, -0.052029, 0.335703), (18.16465, -0.021616, 0.170558)
(17.643154, 0.34319, 0.335074), (17.634457, 0.311854, 0.494521), (17.768686, 0.248413, 0.334472)
(17.643154, 0.34319, 0.335074), (17.768686, 0.248413, 0.334472), (17.780876, 0.283664, 0.173882)
(17.516342, 0.432548, 0.336089), (17.507889, 0.401212, 0.494012), (17.643154, 0.34319, 0.335074)
(17.516342, 0.432548, 0.336089), (17.643154, 0.34319, 0.335074), (17.655216, 0.378708, 0.176069)
(17.507889, 0.401212, 0.494012), (17.634457, 0.311854, 0.494521), (17.643154, 0.34319, 0.335074)
(17.507889, 0.401212, 0.494012), (17.50271, 0.375374, 0.651975), (17.634457, 0.311854, 0.494521)
(17.634457, 0.311854, 0.494521), (17.760651, 0.217835, 0.49561), (17.768686, 0.248413, 0.334472)
(17.634457, 0.311854, 0.494521), (17.629345, 0.286309, 0.653996), (17.760651, 0.217835, 0.49561)
(17.760651, 0.217835, 0.49561), (17.887356, 0.120321, 0.497192), (17.894772, 0.149475, 0.334477)
(17.760651, 0.217835, 0.49561), (17.755527, 0.192685, 0.656657), (17.887356, 0.120321, 0.497192)
(17.887356, 0.120321, 0.497192), (18.01774, 0.022489, 0.499175), (18.023428, 0.048998, 0.334939)
(17.887356, 0.120321, 0.497192), (17.883533, 0.096946, 0.659841), (18.01774, 0.022489, 0.499175)
(18.01774, 0.022489, 0.499175), (18.150848, -0.075618, 0.50132), (18.154905, -0.052029, 0.335703)
(18.01774, 0.022489, 0.499175), (18.014351, 0.000629, 0.663276), (18.150848, -0.075618, 0.50132)
# 18.39678841664667, 0, 0.30009011664666957
(18.310457, -0.092269, 0.005161), (18.300219, -0.122392, 0.1705), (18.453241, -0.186926, 0.005217)
(18.310457, -0.092269, 0.005161), (18.453241, -0.186926, 0.005217), (18.461861, -0.159946, -0.159992)
(18.453241, -0.186926, 0.005217), (18.601269, -0.274295, 0.005284), (18.610119, -0.247518, -0.159803)
(18.453241, -0.186926, 0.005217), (18.44219, -0.217679, 0.17092), (18.601269, -0.274295, 0.005284)
(18.601269, -0.274295, 0.005284), (18.595253, -0.297902, 0.171633), (18.755554, -0.352145, 0.005707)
(18.601269, -0.274295, 0.005284), (18.755554, -0.352145, 0.005707), (18.761904, -0.329107, -0.159663)
(18.176525, 0.011238, 0.006284), (18.310457, -0.092269, 0.005161), (18.323475, -0.059547, -0.158793)
(18.176525, 0.011238, 0.006284), (18.16465, -0.021616, 0.170558), (18.310457, -0.092269, 0.005161)
(18.300219, -0.122392, 0.1705), (18.44219, -0.217679, 0.17092), (18.453241, -0.186926, 0.005217)
(18.300219, -0.122392, 0.1705), (18.292082, -0.150157, 0.336756), (18.44219, -0.217679, 0.17092)
(18.16465, -0.021616, 0.170558), (18.300219, -0.122392, 0.1705), (18.310457, -0.092269, 0.005161)
(18.16465, -0.021616, 0.170558), (18.154905, -0.052029, 0.335703), (18.300219, -0.122392, 0.1705)
(18.44219, -0.217679, 0.17092), (18.595253, -0.297902, 0.171633), (18.601269, -0.274295, 0.005284)
(18.44219, -0.217679, 0.17092), (18.438528, -0.238997, 0.337999), (18.595253, -0.297902, 0.171633)
(18.595253, -0.297902, 0.171633), (18.751307, -0.372902, 0.172141), (18.755554, -0.352145, 0.005707)
(18.595253, -0.297902, 0.171633), (18.591679, -0.318365, 0.338853), (18.751307, -0.372902, 0.172141)
(18.154905, -0.052029, 0.335703), (18.150848, -0.075618, 0.50132), (18.292082, -0.150157, 0.336756)
(18.154905, -0.052029, 0.335703), (18.292082, -0.150157, 0.336756), (18.300219, -0.122392, 0.1705)
(18.292082, -0.150157, 0.336756), (18.292318, -0.166968, 0.503295), (18.438528, -0.238997, 0.337999)
(18.292082, -0.150157, 0.336756), (18.438528, -0.238997, 0.337999), (18.44219, -0.217679, 0.17092)
(18.438528, -0.238997, 0.337999), (18.439768, -0.252182, 0.504948), (18.591679, -0.318365, 0.338853)
(18.438528, -0.238997, 0.337999), (18.591679, -0.318365, 0.338853), (18.595253, -0.297902, 0.171633)
(18.591679, -0.318365, 0.338853), (18.593975, -0.328636, 0.50605), (18.749353, -0.390703, 0.339431)
(18.591679, -0.318365, 0.338853), (18.749353, -0.390703, 0.339431), (18.751307, -0.372902, 0.172141)
(18.150848, -0.075618, 0.50132), (18.292318, -0.166968, 0.503295), (18.292082, -0.150157, 0.336756)
(18.150848, -0.075618, 0.50132), (18.149372, -0.094349, 0.666739), (18.292318, -0.166968, 0.503295)
(18.292318, -0.166968, 0.503295), (18.439768, -0.252182, 0.504948), (18.438528, -0.238997, 0.337999)
(18.292318, -0.166968, 0.503295), (18.290527, -0.185085, 0.669915), (18.439768, -0.252182, 0.504948)
(18.439768, -0.252182, 0.504948), (18.593975, -0.328636, 0.50605), (18.591679, -0.318365, 0.338853)
(18.439768, -0.252182, 0.504948), (18.44105, -0.265162, 0.67195), (18.593975, -0.328636, 0.50605)
(18.593975, -0.328636, 0.50605), (18.75396, -0.396172, 0.506581), (18.749353, -0.390703, 0.339431)
(18.593975, -0.328636, 0.50605), (18.59691, -0.338027, 0.673185), (18.75396, -0.396172, 0.506581)
# 19.064558649980007, 0, 0.30009011664666957
(18.755554, -0.352145, 0.005707), (18.916759, -0.417348, 0.006435), (18.92271, -0.394157, -0.158624)
(18.755554, -0.352145, 0.005707), (18.751307, -0.372902, 0.172141), (18.916759, -0.417348, 0.006435)
(18.916759, -0.417348, 0.006435), (18.914373, -0.434967, 0.17262), (19.086777, -0.46277, 0.007499)
(18.916759, -0.417348, 0.006435), (19.086777, -0.46277, 0.007499), (19.088411, -0.448232, -0.157462)
(19.086777, -0.46277, 0.007499), (19.083717, -0.482982, 0.172986), (19.25984, -0.4987, 0.008186)
(19.086777, -0.46277, 0.007499), (19.25984, -0.4987, 0.008186), (19.260761, -0.486089, -0.156017)
(19.25984, -0.4987, 0.008186), (19.260536, -0.509464, 0.172915), (19.437271, -0.52187, 0.008868)
(19.25984, -0.4987, 0.008186), (19.437271, -0.52187, 0.008868), (19.438223, -0.509691, -0.154438)
(18.751307, -0.372902, 0.172141), (18.914373, -0.434967, 0.17262), (18.916759, -0.417348, 0.006435)
(18.751307, -0.372902, 0.172141), (18.749353, -0.390703, 0.339431), (18.914373, -0.434967, 0.17262)
(18.914373, -0.434967, 0.17262), (19.083717, -0.482982, 0.172986), (19.086777, -0.46277, 0.007499)
(18.914373, -0.434967, 0.17262), (18.914644, -0.448866, 0.339538), (19.083717, -0.482982, 0.172986)
(19.260536, -0.509464, 0.172915), (19.438835, -0.529565, 0.17269), (19.437271, -0.52187, 0.008868)
(19.260536, -0.509464, 0.172915), (19.264336, -0.514262, 0.338029), (19.438835, -0.529565, 0.17269)
(19.083717, -0.482982, 0.172986), (19.260536, -0.509464, 0.172915), (19.25984, -0.4987, 0.008186)
(19.083717, -0.482982, 0.172986), (19.087749, -0.487879, 0.339095), (19.260536, -0.509464, 0.172915)
(19.264336, -0.514262, 0.338029), (19.272221, -0.50787, 0.502665), (19.442991, -0.53216, 0.336765)
(19.264336, -0.514262, 0.338029), (19.442991, -0.53216, 0.336765), (19.438835, -0.529565, 0.17269)
(19.087749, -0.487879, 0.339095), (19.094666, -0.485736, 0.504832), (19.264336, -0.514262, 0.338029)
(19.087749, -0.487879, 0.339095), (19.264336, -0.514262, 0.338029), (19.260536, -0.509464, 0.172915)
(18.749353, -0.390703, 0.339431), (18.75396, -0.396172, 0.506581), (18.914644, -0.448866, 0.339538)
(18.749353, -0.390703, 0.339431), (18.914644, -0.448866, 0.339538), (18.914373, -0.434967, 0.17262)
(18.914644, -0.448866, 0.339538), (18.922554, -0.445797, 0.505951), (19.087749, -0.487879, 0.339095)
(18.914644, -0.448866, 0.339538), (19.087749, -0.487879, 0.339095), (19.083717, -0.482982, 0.172986)
(19.272221, -0.50787, 0.502665), (19.451078, -0.523211, 0.500328), (19.442991, -0.53216, 0.336765)
(19.272221, -0.50787, 0.502665), (19.280243, -0.503118, 0.667121), (19.451078, -0.523211, 0.500328)
(19.094666, -0.485736, 0.504832), (19.272221, -0.50787, 0.502665), (19.264336, -0.514262, 0.338029)
(19.094666, -0.485736, 0.504832), (19.102861, -0.481702, 0.670203), (19.272221, -0.50787, 0.502665)
(18.922554, -0.445797, 0.505951), (19.094666, -0.485736, 0.504832), (19.087749, -0.487879, 0.339095)
(18.922554, -0.445797, 0.505951), (18.928001, -0.449771, 0.672657), (19.094666, -0.485736, 0.504832)
(18.75396, -0.396172, 0.506581), (18.922554, -0.445797, 0.505951), (18.914644, -0.448866, 0.339538)
(18.75396, -0.396172, 0.506581), (18.759224, -0.400509, 0.673503), (18.922554, -0.445797, 0.505951)
# 19.732328883313336, 0, 0.30009011664666957
(19.437271, -0.52187, 0.008868), (19.61973, -0.529474, 0.009678), (19.620996, -0.518076, -0.15252)
(19.437271, -0.52187, 0.008868), (19.438835, -0.529565, 0.17269), (19.61973, -0.529474, 0.009678)
(19.61973, -0.529474, 0.009678), (19.621439, -0.534599, 0.172323), (19.806437, -0.523999, 0.010664)
(19.61973, -0.529474, 0.009678), (19.806437, -0.523999, 0.010664), (19.806574, -0.518036, -0.150409)
(19.621439, -0.534599, 0.172323), (19.807621, -0.526883, 0.171884), (19.806437, -0.523999, 0.010664)
(19.621439, -0.534599, 0.172323), (19.625698, -0.533876, 0.335084), (19.807621, -0.526883, 0.171884)
(19.438835, -0.529565, 0.17269), (19.621439, -0.534599, 0.172323), (19.61973, -0.529474, 0.009678)
(19.438835, -0.529565, 0.17269), (19.442991, -0.53216, 0.336765), (19.621439, -0.534599, 0.172323)
(19.625698, -0.533876, 0.335084), (19.63382, -0.521148, 0.497179), (19.811905, -0.521731, 0.333045)
(19.625698, -0.533876, 0.335084), (19.811905, -0.521731, 0.333045), (19.807621, -0.526883, 0.171884)
(19.442991, -0.53216, 0.336765), (19.451078, -0.523211, 0.500328), (19.625698, -0.533876, 0.335084)
(19.442991, -0.53216, 0.336765), (19.625698, -0.533876, 0.335084), (19.621439, -0.534599, 0.172323)
(19.63382, -0.521148, 0.497179), (19.818157, -0.51068, 0.493751), (19.811905, -0.521731, 0.333045)
(19.63382, -0.521148, 0.497179), (19.642187, -0.509203, 0.65899), (19.818157, -0.51068, 0.493751)
(19.451078, -0.523211, 0.500328), (19.63382, -0.521148, 0.497179), (19.625698, -0.533876, 0.335084)
(19.451078, -0.523211, 0.500328), (19.460112, -0.512795, 0.663401), (19.63382, -0.521148, 0.497179)
