# -9.64956138335333, 0, 6.977792449980003
(-9.841063, 0.285211, 6.737187), (-9.684093, 0.296496, 6.737425), (-9.682448, 0.314, 6.585005)
(-9.841063, 0.285211, 6.737187), (-9.842715, 0.270972, 6.889508), (-9.684093, 0.296496, 6.737425)
(-9.684093, 0.296496, 6.737425), (-9.527039, 0.30558, 6.737524), (-9.525308, 0.323788, 6.585079)
(-9.684093, 0.296496, 6.737425), (-9.68583, 0.281578, 6.889718), (-9.527039, 0.30558, 6.737524)
(-9.36992, 0.312273, 6.737485), (-9.21276, 0.316436, 6.737297), (-9.210884, 0.335943, 6.584683)
(-9.36992, 0.312273, 6.737485), (-9.371794, 0.296, 6.889847), (-9.21276, 0.316436, 6.737297)
(-9.527039, 0.30558, 6.737524), (-9.36992, 0.312273, 6.737485), (-9.368113, 0.331159, 6.58498)
(-9.527039, 0.30558, 6.737524), (-9.528849, 0.289974, 6.889832), (-9.36992, 0.312273, 6.737485)
(-9.842715, 0.270972, 6.889508), (-9.844487, 0.259644, 7.041793), (-9.68583, 0.281578, 6.889718)
(-9.842715, 0.270972, 6.889508), (-9.68583, 0.281578, 6.889718), (-9.684093, 0.296496, 6.737425)
(-9.68583, 0.281578, 6.889718), (-9.528849, 0.289974, 6.889832), (-9.527039, 0.30558, 6.737524)
(-9.68583, 0.281578, 6.889718), (-9.687675, 0.269664, 7.04196), (-9.528849, 0.289974, 6.889832)
(-9.528849, 0.289974, 6.889832), (-9.530756, 0.277413, 7.042075), (-9.371794, 0.296, 6.889847)
(-9.528849, 0.289974, 6.889832), (-9.371794, 0.296, 6.889847), (-9.36992, 0.312273, 6.737485)
(-9.371794, 0.296, 6.889847), (-9.214689, 0.299547, 6.88975), (-9.21276, 0.316436, 6.737297)
(-9.371794, 0.296, 6.889847), (-9.373752, 0.282809, 7.04213), (-9.214689, 0.299547, 6.88975)
(-9.844487, 0.259644, 7.041793), (-9.687675, 0.269664, 7.04196), (-9.68583, 0.281578, 6.889718)
(-9.844487, 0.259644, 7.041793), (-9.846394, 0.251682, 7.19412), (-9.687675, 0.269664, 7.04196)
(-9.687675, 0.269664, 7.04196), (-9.530756, 0.277413, 7.042075), (-9.528849, 0.289974, 6.889832)
(-9.687675, 0.269664, 7.04196), (-9.689642, 0.261112, 7.194231), (-9.530756, 0.277413, 7.042075)
(-9.530756, 0.277413, 7.042075), (-9.373752, 0.282809, 7.04213), (-9.371794, 0.296, 6.889847)
(-9.530756, 0.277413, 7.042075), (-9.532772, 0.268322, 7.194337), (-9.373752, 0.282809, 7.04213)
(-9.373752, 0.282809, 7.04213), (-9.216682, 0.285712, 7.04212), (-9.214689, 0.299547, 6.88975)
(-9.373752, 0.282809, 7.04213), (-9.375802, 0.273092, 7.194424), (-9.216682, 0.285712, 7.04212)
(-9.846394, 0.251682, 7.19412), (-9.84844, 0.246977, 7.346553), (-9.689642, 0.261112, 7.194231)
(-9.846394, 0.251682, 7.19412), (-9.689642, 0.261112, 7.194231), (-9.687675, 0.269664, 7.04196)
(-9.689642, 0.261112, 7.194231), (-9.691736, 0.255907, 7.346601), (-9.532772, 0.268322, 7.194337)
(-9.689642, 0.261112, 7.194231), (-9.532772, 0.268322, 7.194337), (-9.530756, 0.277413, 7.042075)
(-9.532772, 0.268322, 7.194337), (-9.534901, 0.262568, 7.346685), (-9.375802, 0.273092, 7.194424)
(-9.532772, 0.268322, 7.194337), (-9.375802, 0.273092, 7.194424), (-9.373752, 0.282809, 7.04213)
(-9.375802, 0.273092, 7.194424), (-9.377948, 0.266792, 7.346802), (-9.218756, 0.275355, 7.19449)
(-9.375802, 0.273092, 7.194424), (-9.218756, 0.275355, 7.19449), (-9.216682, 0.285712, 7.04212)
# -8.981791150019998, 0, 6.977792449980003
(-8.741302, 0.313184, 6.735978), (-8.584255, 0.306924, 6.735305), (-8.582211, 0.328409, 6.581997)
(-8.741302, 0.313184, 6.735978), (-8.743325, 0.294644, 6.888914), (-8.584255, 0.306924, 6.735305)
(-8.898422, 0.316892, 6.736543), (-8.741302, 0.313184, 6.735978), (-8.739283, 0.334324, 6.58289)
(-8.898422, 0.316892, 6.736543), (-8.900425, 0.298827, 6.889288), (-8.741302, 0.313184, 6.735978)
(-9.055584, 0.317985, 6.736985), (-8.898422, 0.316892, 6.736543), (-8.89644, 0.337568, 6.583639)
(-9.055584, 0.317985, 6.736985), (-9.057556, 0.300486, 6.889567), (-8.898422, 0.316892, 6.736543)
(-9.21276, 0.316436, 6.737297), (-9.055584, 0.317985, 6.736985), (-9.053649, 0.338103, 6.584243)
(-9.21276, 0.316436, 6.737297), (-9.214689, 0.299547, 6.88975), (-9.055584, 0.317985, 6.736985)
(-8.743325, 0.294644, 6.888914), (-8.58629, 0.288054, 6.888442), (-8.584255, 0.306924, 6.735305)
(-8.743325, 0.294644, 6.888914), (-8.745362, 0.279194, 7.041749), (-8.58629, 0.288054, 6.888442)
(-8.900425, 0.298827, 6.889288), (-8.902457, 0.283836, 7.041938), (-8.743325, 0.294644, 6.888914)
(-8.900425, 0.298827, 6.889288), (-8.743325, 0.294644, 6.888914), (-8.741302, 0.313184, 6.735978)
(-9.057556, 0.300486, 6.889567), (-8.900425, 0.298827, 6.889288), (-8.898422, 0.316892, 6.736543)
(-9.057556, 0.300486, 6.889567), (-9.059577, 0.286059, 7.042058), (-8.900425, 0.298827, 6.889288)
(-9.214689, 0.299547, 6.88975), (-9.216682, 0.285712, 7.04212), (-9.057556, 0.300486, 6.889567)
(-9.214689, 0.299547, 6.88975), (-9.057556, 0.300486, 6.889567), (-9.055584, 0.317985, 6.736985)
(-8.745362, 0.279194, 7.041749), (-8.588321, 0.272233, 7.041491), (-8.58629, 0.288054, 6.888442)
(-8.745362, 0.279194, 7.041749), (-8.747426, 0.267277, 7.194571), (-8.588321, 0.272233, 7.041491)
(-8.902457, 0.283836, 7.041938), (-8.745362, 0.279194, 7.041749), (-8.743325, 0.294644, 6.888914)
(-8.902457, 0.283836, 7.041938), (-8.904538, 0.272408, 7.194576), (-8.745362, 0.279194, 7.041749)
(-9.059577, 0.286059, 7.042058), (-8.902457, 0.283836, 7.041938), (-8.900425, 0.298827, 6.889288)
(-9.059577, 0.286059, 7.042058), (-9.061657, 0.275104, 7.194542), (-8.902457, 0.283836, 7.041938)
(-9.216682, 0.285712, 7.04212), (-9.059577, 0.286059, 7.042058), (-9.057556, 0.300486, 6.889567)
(-9.216682, 0.285712, 7.04212), (-9.218756, 0.275355, 7.19449), (-9.059577, 0.286059, 7.042058)
(-9.218756, 0.275355, 7.19449), (-9.220903, 0.268461, 7.346938), (-9.061657, 0.275104, 7.194542)
(-9.218756, 0.275355, 7.19449), (-9.061657, 0.275104, 7.194542), (-9.059577, 0.286059, 7.042058)
(-9.061657, 0.275104, 7.194542), (-9.063793, 0.267662, 7.347106), (-8.904538, 0.272408, 7.194576)
(-9.061657, 0.275104, 7.194542), (-8.904538, 0.272408, 7.194576), (-8.902457, 0.283836, 7.041938)
(-8.747426, 0.267277, 7.194571), (-8.749504, 0.258822, 7.347461), (-8.590358, 0.259949, 7.194524)
(-8.747426, 0.267277, 7.194571), (-8.590358, 0.259949, 7.194524), (-8.588321, 0.272233, 7.041491)
(-8.904538, 0.272408, 7.194576), (-8.906651, 0.264424, 7.347286), (-8.747426, 0.267277, 7.194571)
(-8.904538, 0.272408, 7.194576), (-8.747426, 0.267277, 7.194571), (-8.745362, 0.279194, 7.041749)
# -8.314020916686664, 0, 6.977792449980003
(-8.113846, 0.274217, 6.732643), (-7.957374, 0.259343, 6.731595), (-7.955358, 0.28099, 6.577332)
(-8.113846, 0.274217, 6.732643), (-8.115834, 0.254887, 6.886513), (-7.957374, 0.259343, 6.731595)
(-8.270501, 0.287261, 6.733618), (-8.113846, 0.274217, 6.732643), (-8.1118, 0.296065, 6.578632)
(-8.270501, 0.287261, 6.733618), (-8.272516, 0.267955, 6.887236), (-8.113846, 0.274217, 6.732643)
(-8.427312, 0.29823, 6.734512), (-8.270501, 0.287261, 6.733618), (-8.268443, 0.309133, 6.579849)
(-8.427312, 0.29823, 6.734512), (-8.429344, 0.279095, 6.887882), (-8.270501, 0.287261, 6.733618)
(-8.584255, 0.306924, 6.735305), (-8.427312, 0.29823, 6.734512), (-8.425254, 0.319963, 6.58098)
(-8.584255, 0.306924, 6.735305), (-8.58629, 0.288054, 6.888442), (-8.427312, 0.29823, 6.734512)
(-8.115834, 0.254887, 6.886513), (-7.959321, 0.240189, 6.88572), (-7.957374, 0.259343, 6.731595)
(-8.115834, 0.254887, 6.886513), (-8.11777, 0.238586, 7.040294), (-7.959321, 0.240189, 6.88572)
(-8.272516, 0.267955, 6.887236), (-8.274495, 0.25168, 7.040763), (-8.115834, 0.254887, 6.886513)
(-8.272516, 0.267955, 6.887236), (-8.115834, 0.254887, 6.886513), (-8.113846, 0.274217, 6.732643)
(-8.429344, 0.279095, 6.887882), (-8.272516, 0.267955, 6.887236), (-8.270501, 0.287261, 6.733618)
(-8.429344, 0.279095, 6.887882), (-8.431356, 0.263012, 7.041161), (-8.272516, 0.267955, 6.887236)
(-8.58629, 0.288054, 6.888442), (-8.588321, 0.272233, 7.041491), (-8.429344, 0.279095, 6.887882)
(-8.58629, 0.288054, 6.888442), (-8.429344, 0.279095, 6.887882), (-8.427312, 0.29823, 6.734512)
(-8.11777, 0.238586, 7.040294), (-7.961202, 0.223933, 7.039764), (-7.959321, 0.240189, 6.88572)
(-8.11777, 0.238586, 7.040294), (-8.119665, 0.225794, 7.194058), (-7.961202, 0.223933, 7.039764)
(-8.274495, 0.25168, 7.040763), (-8.11777, 0.238586, 7.040294), (-8.115834, 0.254887, 6.886513)
(-8.274495, 0.25168, 7.040763), (-8.276449, 0.238987, 7.194271), (-8.11777, 0.238586, 7.040294)
(-8.431356, 0.263012, 7.041161), (-8.274495, 0.25168, 7.040763), (-8.272516, 0.267955, 6.887236)
(-8.431356, 0.263012, 7.041161), (-8.433353, 0.250412, 7.194424), (-8.274495, 0.25168, 7.040763)
(-8.588321, 0.272233, 7.041491), (-8.431356, 0.263012, 7.041161), (-8.429344, 0.279095, 6.887882)
(-8.588321, 0.272233, 7.041491), (-8.590358, 0.259949, 7.194524), (-8.431356, 0.263012, 7.041161)
(-8.119665, 0.225794, 7.194058), (-8.121499, 0.216239, 7.347876), (-7.963025, 0.211106, 7.193789)
(-8.119665, 0.225794, 7.194058), (-7.963025, 0.211106, 7.193789), (-7.961202, 0.223933, 7.039764)
(-8.276449, 0.238987, 7.194271), (-8.278358, 0.22954, 7.347836), (-8.119665, 0.225794, 7.194058)
(-8.276449, 0.238987, 7.194271), (-8.119665, 0.225794, 7.194058), (-8.11777, 0.238586, 7.040294)
(-8.433353, 0.250412, 7.194424), (-8.435328, 0.241215, 7.347749), (-8.276449, 0.238987, 7.194271)
(-8.433353, 0.250412, 7.194424), (-8.276449, 0.238987, 7.194271), (-8.274495, 0.25168, 7.040763)
(-8.590358, 0.259949, 7.194524), (-8.592388, 0.251063, 7.347622), (-8.433353, 0.250412, 7.194424)
(-8.590358, 0.259949, 7.194524), (-8.433353, 0.250412, 7.194424), (-8.431356, 0.263012, 7.041161)
# -7.64625068335333, 0, 6.977792449980003
(-7.33345, 0.186171, 6.727191), (-7.17797, 0.165864, 6.726127), (-7.176287, 0.184557, 6.570777)
(-7.33345, 0.186171, 6.727191), (-7.33513, 0.168949, 6.882257), (-7.17797, 0.165864, 6.726127)
(-7.489126, 0.205992, 6.728287), (-7.33345, 0.186171, 6.727191), (-7.331678, 0.205684, 6.572022)
(-7.489126, 0.205992, 6.728287), (-7.490884, 0.188003, 6.88314), (-7.33345, 0.186171, 6.727191)
(-7.645005, 0.22495, 6.729399), (-7.489126, 0.205992, 6.728287), (-7.487271, 0.226215, 6.573325)
(-7.645005, 0.22495, 6.729399), (-7.646835, 0.206436, 6.884022), (-7.489126, 0.205992, 6.728287)
(-7.801088, 0.242823, 6.73051), (-7.645005, 0.22495, 6.729399), (-7.643082, 0.245803, 6.574659)
(-7.801088, 0.242823, 6.73051), (-7.802984, 0.223935, 6.884887), (-7.645005, 0.22495, 6.729399)
(-7.957374, 0.259343, 6.731595), (-7.801088, 0.242823, 6.73051), (-7.799111, 0.264133, 6.576004)
(-7.957374, 0.259343, 6.731595), (-7.959321, 0.240189, 6.88572), (-7.801088, 0.242823, 6.73051)
(-7.33513, 0.168949, 6.882257), (-7.336712, 0.154305, 7.037268), (-7.17956, 0.14932, 6.88139)
(-7.33513, 0.168949, 6.882257), (-7.17956, 0.14932, 6.88139), (-7.17797, 0.165864, 6.726127)
(-7.490884, 0.188003, 6.88314), (-7.33513, 0.168949, 6.882257), (-7.33345, 0.186171, 6.727191)
(-7.490884, 0.188003, 6.88314), (-7.49255, 0.172802, 7.037929), (-7.33513, 0.168949, 6.882257)
(-7.646835, 0.206436, 6.884022), (-7.64858, 0.190737, 7.038572), (-7.490884, 0.188003, 6.88314)
(-7.646835, 0.206436, 6.884022), (-7.490884, 0.188003, 6.88314), (-7.489126, 0.205992, 6.728287)
(-7.802984, 0.223935, 6.884887), (-7.646835, 0.206436, 6.884022), (-7.645005, 0.22495, 6.729399)
(-7.802984, 0.223935, 6.884887), (-7.804803, 0.207922, 7.039186), (-7.646835, 0.206436, 6.884022)
(-7.959321, 0.240189, 6.88572), (-7.961202, 0.223933, 7.039764), (-7.802984, 0.223935, 6.884887)
(-7.959321, 0.240189, 6.88572), (-7.802984, 0.223935, 6.884887), (-7.801088, 0.242823, 6.73051)
(-7.336712, 0.154305, 7.037268), (-7.18105, 0.135285, 7.036604), (-7.17956, 0.14932, 6.88139)
(-7.336712, 0.154305, 7.037268), (-7.338199, 0.142704, 7.192273), (-7.18105, 0.135285, 7.036604)
(-7.49255, 0.172802, 7.037929), (-7.336712, 0.154305, 7.037268), (-7.33513, 0.168949, 6.882257)
(-7.49255, 0.172802, 7.037929), (-7.494129, 0.16078, 7.192707), (-7.336712, 0.154305, 7.037268)
(-7.64858, 0.190737, 7.038572), (-7.49255, 0.172802, 7.037929), (-7.490884, 0.188003, 6.88314)
(-7.64858, 0.190737, 7.038572), (-7.650249, 0.178417, 7.19311), (-7.49255, 0.172802, 7.037929)
(-7.804803, 0.207922, 7.039186), (-7.64858, 0.190737, 7.038572), (-7.646835, 0.206436, 6.884022)
(-7.804803, 0.207922, 7.039186), (-7.806549, 0.195213, 7.193472), (-7.64858, 0.190737, 7.038572)
(-7.961202, 0.223933, 7.039764), (-7.804803, 0.207922, 7.039186), (-7.802984, 0.223935, 6.884887)
(-7.961202, 0.223933, 7.039764), (-7.963025, 0.211106, 7.193789), (-7.804803, 0.207922, 7.039186)
(-7.338199, 0.142704, 7.192273), (-7.339579, 0.133719, 7.34731), (-7.182445, 0.124056, 7.191815)
(-7.338199, 0.142704, 7.192273), (-7.182445, 0.124056, 7.191815), (-7.18105, 0.135285, 7.036604)
(-7.494129, 0.16078, 7.192707), (-7.495605, 0.151582, 7.347524), (-7.338199, 0.142704, 7.192273)
(-7.494129, 0.16078, 7.192707), (-7.338199, 0.142704, 7.192273), (-7.336712, 0.154305, 7.037268)
(-7.650249, 0.178417, 7.19311), (-7.651818, 0.168988, 7.34769), (-7.494129, 0.16078, 7.192707)
(-7.650249, 0.178417, 7.19311), (-7.494129, 0.16078, 7.192707), (-7.49255, 0.172802, 7.037929)
(-7.806549, 0.195213, 7.193472), (-7.80821, 0.185659, 7.347804), (-7.650249, 0.178417, 7.19311)
(-7.806549, 0.195213, 7.193472), (-7.650249, 0.178417, 7.19311), (-7.64858, 0.190737, 7.038572)
(-7.963025, 0.211106, 7.193789), (-7.964775, 0.201465, 7.347865), (-7.806549, 0.195213, 7.193472)
(-7.963025, 0.211106, 7.193789), (-7.806549, 0.195213, 7.193472), (-7.804803, 0.207922, 7.039186)
# -6.9784804500199975, 0, 6.977792449980003
(-6.712501, 0.104351, 6.723336), (-6.557582, 0.084303, 6.722577), (-6.556291, 0.100033, 6.56673)
(-6.712501, 0.104351, 6.723336), (-6.713812, 0.089755, 6.879044), (-6.557582, 0.084303, 6.722577)
(-6.867518, 0.124694, 6.724186), (-6.712501, 0.104351, 6.723336), (-6.711115, 0.120703, 6.567575)
(-6.867518, 0.124694, 6.724186), (-6.868918, 0.109467, 6.879769), (-6.712501, 0.104351, 6.723336)
(-7.022667, 0.145294, 6.725121), (-6.867518, 0.124694, 6.724186), (-6.866033, 0.141758, 6.568536)
(-7.022667, 0.145294, 6.725121), (-7.02416, 0.129407, 6.880556), (-6.867518, 0.124694, 6.724186)
(-7.17797, 0.165864, 6.726127), (-7.022667, 0.145294, 6.725121), (-7.021081, 0.163184, 6.569609)
(-7.17797, 0.165864, 6.726127), (-7.17956, 0.14932, 6.88139), (-7.022667, 0.145294, 6.725121)
(-6.713812, 0.089755, 6.879044), (-6.71504, 0.077161, 7.03473), (-6.558813, 0.070147, 6.878386)
(-6.713812, 0.089755, 6.879044), (-6.558813, 0.070147, 6.878386), (-6.557582, 0.084303, 6.722577)
(-6.868918, 0.109467, 6.879769), (-6.713812, 0.089755, 6.879044), (-6.712501, 0.104351, 6.723336)
(-6.868918, 0.109467, 6.879769), (-6.870231, 0.096507, 7.035323), (-6.713812, 0.089755, 6.879044)
(-7.02416, 0.129407, 6.880556), (-7.02556, 0.115899, 7.035952), (-6.868918, 0.109467, 6.879769)
(-7.02416, 0.129407, 6.880556), (-6.868918, 0.109467, 6.879769), (-6.867518, 0.124694, 6.724186)
(-7.17956, 0.14932, 6.88139), (-7.02416, 0.129407, 6.880556), (-7.022667, 0.145294, 6.725121)
(-7.17956, 0.14932, 6.88139), (-7.18105, 0.135285, 7.036604), (-7.02416, 0.129407, 6.880556)
(-6.71504, 0.077161, 7.03473), (-6.559971, 0.057875, 7.034181), (-6.558813, 0.070147, 6.878386)
(-6.71504, 0.077161, 7.03473), (-6.716182, 0.066891, 7.190421), (-6.559971, 0.057875, 7.034181)
(-6.870231, 0.096507, 7.035323), (-6.71504, 0.077161, 7.03473), (-6.713812, 0.089755, 6.879044)
(-6.870231, 0.096507, 7.035323), (-6.87145, 0.086079, 7.190879), (-6.71504, 0.077161, 7.03473)
(-7.02556, 0.115899, 7.035952), (-6.870231, 0.096507, 7.035323), (-6.868918, 0.109467, 6.879769)
(-7.02556, 0.115899, 7.035952), (-7.026867, 0.105184, 7.191348), (-6.870231, 0.096507, 7.035323)
(-7.18105, 0.135285, 7.036604), (-7.02556, 0.115899, 7.035952), (-7.02416, 0.129407, 6.880556)
(-7.18105, 0.135285, 7.036604), (-7.182445, 0.124056, 7.191815), (-7.02556, 0.115899, 7.035952)
(-6.716182, 0.066891, 7.190421), (-6.717232, 0.058657, 7.346134), (-6.561049, 0.04769, 7.189983)
(-6.716182, 0.066891, 7.190421), (-6.561049, 0.04769, 7.189983), (-6.559971, 0.057875, 7.034181)
(-6.87145, 0.086079, 7.190879), (-6.872569, 0.077806, 7.346457), (-6.716182, 0.066891, 7.190421)
(-6.87145, 0.086079, 7.190879), (-6.716182, 0.066891, 7.190421), (-6.71504, 0.077161, 7.03473)
(-7.026867, 0.105184, 7.191348), (-7.028067, 0.096704, 7.346767), (-6.87145, 0.086079, 7.190879)
(-7.026867, 0.105184, 7.191348), (-6.87145, 0.086079, 7.190879), (-6.870231, 0.096507, 7.035323)
(-7.182445, 0.124056, 7.191815), (-7.183733, 0.115358, 7.347054), (-7.026867, 0.105184, 7.191348)
(-7.182445, 0.124056, 7.191815), (-7.026867, 0.105184, 7.191348), (-7.02556, 0.115899, 7.035952)
# -6.3107102166866635, 0, 6.977792449980003
(-6.093135, 0.027583, 6.720872), (-5.938334, 0.010065, 6.720479), (-5.937246, 0.025794, 6.564489)
(-6.093135, 0.027583, 6.720872), (-6.094225, 0.013547, 6.876853), (-5.938334, 0.010065, 6.720479)
(-6.247928, 0.045861, 6.72135), (-6.093135, 0.027583, 6.720872), (-6.092032, 0.042887, 6.564894)
(-6.247928, 0.045861, 6.72135), (-6.249044, 0.031963, 6.877289), (-6.093135, 0.027583, 6.720872)
(-6.402735, 0.064775, 6.721916), (-6.247928, 0.045861, 6.72135), (-6.246782, 0.06101, 6.565394)
(-6.402735, 0.064775, 6.721916), (-6.403898, 0.05085, 6.8778), (-6.247928, 0.045861, 6.72135)
(-6.557582, 0.084303, 6.722577), (-6.402735, 0.064775, 6.721916), (-6.401525, 0.080114, 6.566005)
(-6.557582, 0.084303, 6.722577), (-6.558813, 0.070147, 6.878386), (-6.402735, 0.064775, 6.721916)
(-6.094225, 0.013547, 6.876853), (-6.095275, 0.000949, 7.032844), (-5.939422, -0.004532, 6.876481)
(-6.094225, 0.013547, 6.876853), (-5.939422, -0.004532, 6.876481), (-5.938334, 0.010065, 6.720479)
(-6.249044, 0.031963, 6.877289), (-6.094225, 0.013547, 6.876853), (-6.093135, 0.027583, 6.720872)
(-6.249044, 0.031963, 6.877289), (-6.25011, 0.01971, 7.033234), (-6.094225, 0.013547, 6.876853)
(-6.403898, 0.05085, 6.8778), (-6.405, 0.038668, 7.033679), (-6.249044, 0.031963, 6.877289)
(-6.403898, 0.05085, 6.8778), (-6.249044, 0.031963, 6.877289), (-6.247928, 0.045861, 6.72135)
(-6.558813, 0.070147, 6.878386), (-6.403898, 0.05085, 6.8778), (-6.402735, 0.064775, 6.721916)
(-6.558813, 0.070147, 6.878386), (-6.559971, 0.057875, 7.034181), (-6.403898, 0.05085, 6.8778)
(-6.095275, 0.000949, 7.032844), (-5.940479, -0.017716, 7.032505), (-5.939422, -0.004532, 6.876481)
(-6.095275, 0.000949, 7.032844), (-6.096266, -0.009929, 7.188861), (-5.940479, -0.017716, 7.032505)
(-6.25011, 0.01971, 7.033234), (-6.095275, 0.000949, 7.032844), (-6.094225, 0.013547, 6.876853)
(-6.25011, 0.01971, 7.033234), (-6.251111, 0.009284, 7.189199), (-6.095275, 0.000949, 7.032844)
(-6.405, 0.038668, 7.033679), (-6.25011, 0.01971, 7.033234), (-6.249044, 0.031963, 6.877289)
(-6.405, 0.038668, 7.033679), (-6.406033, 0.028528, 7.189576), (-6.25011, 0.01971, 7.033234)
(-6.559971, 0.057875, 7.034181), (-6.405, 0.038668, 7.033679), (-6.403898, 0.05085, 6.8778)
(-6.559971, 0.057875, 7.034181), (-6.561049, 0.04769, 7.189983), (-6.405, 0.038668, 7.033679)
(-6.096266, -0.009929, 7.188861), (-6.097188, -0.019282, 7.344895), (-5.941479, -0.029293, 7.188554)
(-6.096266, -0.009929, 7.188861), (-5.941479, -0.029293, 7.188554), (-5.940479, -0.017716, 7.032505)
(-6.251111, 0.009284, 7.189199), (-6.25204, 0.000492, 7.345183), (-6.096266, -0.009929, 7.188861)
(-6.251111, 0.009284, 7.189199), (-6.096266, -0.009929, 7.188861), (-6.095275, 0.000949, 7.032844)
(-6.406033, 0.028528, 7.189576), (-6.406985, 0.020079, 7.34549), (-6.251111, 0.009284, 7.189199)
(-6.406033, 0.028528, 7.189576), (-6.251111, 0.009284, 7.189199), (-6.25011, 0.01971, 7.033234)
(-6.561049, 0.04769, 7.189983), (-6.562043, 0.039442, 7.345808), (-6.406033, 0.028528, 7.189576)
(-6.561049, 0.04769, 7.189983), (-6.406033, 0.028528, 7.189576), (-6.405, 0.038668, 7.033679)
# -5.642939983353331, 0, 6.977792449980003
(-5.318716, -0.054242, 6.719487), (-5.163673, -0.069437, 6.719318), (-5.162228, -0.046851, 6.563392)
(-5.318716, -0.054242, 6.719487), (-5.320057, -0.073744, 6.875484), (-5.163673, -0.069437, 6.719318)
(-5.473701, -0.038818, 6.719676), (-5.318716, -0.054242, 6.719487), (-5.317396, -0.033541, 6.563541)
(-5.473701, -0.038818, 6.719676), (-5.474943, -0.05674, 6.875681), (-5.318716, -0.054242, 6.719487)
(-5.62863, -0.023062, 6.719893), (-5.473701, -0.038818, 6.719676), (-5.472483, -0.019773, 6.563714)
(-5.62863, -0.023062, 6.719893), (-5.629796, -0.039643, 6.875904), (-5.473701, -0.038818, 6.719676)
(-5.783504, -0.00679, 6.720157), (-5.62863, -0.023062, 6.719893), (-5.627484, -0.00544, 6.563915)
(-5.783504, -0.00679, 6.720157), (-5.784617, -0.02225, 6.876169), (-5.62863, -0.023062, 6.719893)
(-5.938334, 0.010065, 6.720479), (-5.783504, -0.00679, 6.720157), (-5.782402, 0.009739, 6.56417)
(-5.938334, 0.010065, 6.720479), (-5.939422, -0.004532, 6.876481), (-5.783504, -0.00679, 6.720157)
(-5.320057, -0.073744, 6.875484), (-5.165131, -0.090679, 6.875304), (-5.163673, -0.069437, 6.719318)
(-5.320057, -0.073744, 6.875484), (-5.321362, -0.091639, 7.03153), (-5.165131, -0.090679, 6.875304)
(-5.474943, -0.05674, 6.875681), (-5.476159, -0.073211, 7.031731), (-5.320057, -0.073744, 6.875484)
(-5.474943, -0.05674, 6.875681), (-5.320057, -0.073744, 6.875484), (-5.318716, -0.054242, 6.719487)
(-5.629796, -0.039643, 6.875904), (-5.474943, -0.05674, 6.875681), (-5.473701, -0.038818, 6.719676)
(-5.629796, -0.039643, 6.875904), (-5.630937, -0.054791, 7.031952), (-5.474943, -0.05674, 6.875681)
(-5.784617, -0.02225, 6.876169), (-5.785706, -0.036319, 7.032207), (-5.629796, -0.039643, 6.875904)
(-5.784617, -0.02225, 6.876169), (-5.629796, -0.039643, 6.875904), (-5.62863, -0.023062, 6.719893)
(-5.939422, -0.004532, 6.876481), (-5.784617, -0.02225, 6.876169), (-5.783504, -0.00679, 6.720157)
(-5.939422, -0.004532, 6.876481), (-5.940479, -0.017716, 7.032505), (-5.784617, -0.02225, 6.876169)
(-5.321362, -0.091639, 7.03153), (-5.166541, -0.110132, 7.031345), (-5.165131, -0.090679, 6.875304)
(-5.321362, -0.091639, 7.03153), (-5.32259, -0.10766, 7.187619), (-5.166541, -0.110132, 7.031345)
(-5.476159, -0.073211, 7.031731), (-5.321362, -0.091639, 7.03153), (-5.320057, -0.073744, 6.875484)
(-5.476159, -0.073211, 7.031731), (-5.477305, -0.087918, 7.187819), (-5.321362, -0.091639, 7.03153)
(-5.630937, -0.054791, 7.031952), (-5.476159, -0.073211, 7.031731), (-5.474943, -0.05674, 6.875681)
(-5.630937, -0.054791, 7.031952), (-5.632015, -0.068261, 7.188039), (-5.476159, -0.073211, 7.031731)
(-5.785706, -0.036319, 7.032207), (-5.630937, -0.054791, 7.031952), (-5.629796, -0.039643, 6.875904)
(-5.785706, -0.036319, 7.032207), (-5.786734, -0.04871, 7.188282), (-5.630937, -0.054791, 7.031952)
(-5.940479, -0.017716, 7.032505), (-5.785706, -0.036319, 7.032207), (-5.784617, -0.02225, 6.876169)
(-5.940479, -0.017716, 7.032505), (-5.941479, -0.029293, 7.188554), (-5.785706, -0.036319, 7.032207)
(-5.32259, -0.10766, 7.187619), (-5.323722, -0.12185, 7.343746), (-5.167851, -0.127447, 7.187436)
(-5.32259, -0.10766, 7.187619), (-5.167851, -0.127447, 7.187436), (-5.166541, -0.110132, 7.031345)
(-5.477305, -0.087918, 7.187819), (-5.478373, -0.100952, 7.343939), (-5.32259, -0.10766, 7.187619)
(-5.477305, -0.087918, 7.187819), (-5.32259, -0.10766, 7.187619), (-5.321362, -0.091639, 7.03153)
(-5.632015, -0.068261, 7.188039), (-5.633023, -0.080168, 7.344151), (-5.477305, -0.087918, 7.187819)
(-5.632015, -0.068261, 7.188039), (-5.477305, -0.087918, 7.187819), (-5.476159, -0.073211, 7.031731)
(-5.786734, -0.04871, 7.188282), (-5.787698, -0.059633, 7.344379), (-5.632015, -0.068261, 7.188039)
(-5.786734, -0.04871, 7.188282), (-5.632015, -0.068261, 7.188039), (-5.630937, -0.054791, 7.031952)
(-5.941479, -0.029293, 7.188554), (-5.942415, -0.039338, 7.344627), (-5.786734, -0.04871, 7.188282)
(-5.941479, -0.029293, 7.188554), (-5.786734, -0.04871, 7.188282), (-5.785706, -0.036319, 7.032207)
# -4.975169750019997, 0, 6.977792449980003
(-4.698208, -0.114857, 6.718844), (-4.542953, -0.130168, 6.718683), (-4.540893, -0.099199, 6.562811)
(-4.698208, -0.114857, 6.718844), (-4.700074, -0.141612, 6.874806), (-4.542953, -0.130168, 6.718683)
(-4.853415, -0.099665, 6.719003), (-4.698208, -0.114857, 6.718844), (-4.69631, -0.086031, 6.562963)
(-4.853415, -0.099665, 6.719003), (-4.85514, -0.124546, 6.874971), (-4.698208, -0.114857, 6.718844)
(-5.008571, -0.084534, 6.71916), (-4.853415, -0.099665, 6.719003), (-4.851676, -0.072966, 6.563107)
(-5.008571, -0.084534, 6.71916), (-5.010159, -0.107604, 6.875134), (-4.853415, -0.099665, 6.719003)
(-5.163673, -0.069437, 6.719318), (-5.008571, -0.084534, 6.71916), (-5.006985, -0.059944, 6.563249)
(-5.163673, -0.069437, 6.719318), (-5.165131, -0.090679, 6.875304), (-5.008571, -0.084534, 6.71916)
(-4.700074, -0.141612, 6.874806), (-4.54496, -0.158768, 6.87464), (-4.542953, -0.130168, 6.718683)
(-4.700074, -0.141612, 6.874806), (-4.701833, -0.165834, 7.030835), (-4.54496, -0.158768, 6.87464)
(-4.85514, -0.124546, 6.874971), (-4.856781, -0.147204, 7.031003), (-4.700074, -0.141612, 6.874806)
(-4.85514, -0.124546, 6.874971), (-4.700074, -0.141612, 6.874806), (-4.698208, -0.114857, 6.718844)
(-5.010159, -0.107604, 6.875134), (-4.85514, -0.124546, 6.874971), (-4.853415, -0.099665, 6.719003)
(-5.010159, -0.107604, 6.875134), (-5.011682, -0.128638, 7.031173), (-4.85514, -0.124546, 6.874971)
(-5.165131, -0.090679, 6.875304), (-5.166541, -0.110132, 7.031345), (-5.010159, -0.107604, 6.875134)
(-5.165131, -0.090679, 6.875304), (-5.010159, -0.107604, 6.875134), (-5.008571, -0.084534, 6.71916)
(-4.701833, -0.165834, 7.030835), (-4.546837, -0.184531, 7.030666), (-4.54496, -0.158768, 6.87464)
(-4.701833, -0.165834, 7.030835), (-4.703437, -0.18729, 7.186919), (-4.546837, -0.184531, 7.030666)
(-4.856781, -0.147204, 7.031003), (-4.701833, -0.165834, 7.030835), (-4.700074, -0.141612, 6.874806)
(-4.856781, -0.147204, 7.031003), (-4.858286, -0.167322, 7.187088), (-4.701833, -0.165834, 7.030835)
(-5.011682, -0.128638, 7.031173), (-4.856781, -0.147204, 7.031003), (-4.85514, -0.124546, 6.874971)
(-5.011682, -0.128638, 7.031173), (-5.013087, -0.147355, 7.187259), (-4.856781, -0.147204, 7.031003)
(-5.166541, -0.110132, 7.031345), (-5.011682, -0.128638, 7.031173), (-5.010159, -0.107604, 6.875134)
(-5.166541, -0.110132, 7.031345), (-5.167851, -0.127447, 7.187436), (-5.011682, -0.128638, 7.031173)
(-4.703437, -0.18729, 7.186919), (-4.70488, -0.206188, 7.343047), (-4.548529, -0.207174, 7.186754)
(-4.703437, -0.18729, 7.186919), (-4.548529, -0.207174, 7.186754), (-4.546837, -0.184531, 7.030666)
(-4.858286, -0.167322, 7.187088), (-4.859652, -0.18511, 7.343214), (-4.703437, -0.18729, 7.186919)
(-4.858286, -0.167322, 7.187088), (-4.703437, -0.18729, 7.186919), (-4.701833, -0.165834, 7.030835)
(-5.013087, -0.147355, 7.187259), (-5.014372, -0.163946, 7.343385), (-4.858286, -0.167322, 7.187088)
(-5.013087, -0.147355, 7.187259), (-4.858286, -0.167322, 7.187088), (-4.856781, -0.147204, 7.031003)
(-5.167851, -0.127447, 7.187436), (-5.169059, -0.142851, 7.343561), (-5.013087, -0.147355, 7.187259)
(-5.167851, -0.127447, 7.187436), (-5.013087, -0.147355, 7.187259), (-5.011682, -0.128638, 7.031173)
# -4.307399516686664, 0, 6.977792449980003
(-4.076888, -0.176471, 6.71818), (-3.921424, -0.191863, 6.718013), (-3.918769, -0.152904, 6.562149)
(-4.076888, -0.176471, 6.71818), (-4.079279, -0.210122, 6.874138), (-3.921424, -0.191863, 6.718013)
(-4.232295, -0.161014, 6.718349), (-4.076888, -0.176471, 6.71818), (-4.074371, -0.139441, 6.562318)
(-4.232295, -0.161014, 6.718349), (-4.234564, -0.193037, 6.874307), (-4.076888, -0.176471, 6.71818)
(-4.38765, -0.145581, 6.718517), (-4.232295, -0.161014, 6.718349), (-4.229923, -0.12594, 6.562486)
(-4.38765, -0.145581, 6.718517), (-4.389793, -0.175947, 6.874473), (-4.232295, -0.161014, 6.718349)
(-4.542953, -0.130168, 6.718683), (-4.38765, -0.145581, 6.718517), (-4.38543, -0.112533, 6.562651)
(-4.542953, -0.130168, 6.718683), (-4.54496, -0.158768, 6.87464), (-4.38765, -0.145581, 6.718517)
(-4.079279, -0.210122, 6.874138), (-3.923934, -0.227096, 6.873975), (-3.921424, -0.191863, 6.718013)
(-4.079279, -0.210122, 6.874138), (-4.081474, -0.240044, 7.030173), (-3.923934, -0.227096, 6.873975)
(-4.234564, -0.193037, 6.874307), (-4.236659, -0.221667, 7.030336), (-4.079279, -0.210122, 6.874138)
(-4.234564, -0.193037, 6.874307), (-4.079279, -0.210122, 6.874138), (-4.076888, -0.176471, 6.71818)
(-4.389793, -0.175947, 6.874473), (-4.234564, -0.193037, 6.874307), (-4.232295, -0.161014, 6.718349)
(-4.389793, -0.175947, 6.874473), (-4.39178, -0.20315, 7.030499), (-4.234564, -0.193037, 6.874307)
(-4.54496, -0.158768, 6.87464), (-4.546837, -0.184531, 7.030666), (-4.389793, -0.175947, 6.874473)
(-4.54496, -0.158768, 6.87464), (-4.389793, -0.175947, 6.874473), (-4.38765, -0.145581, 6.718517)
(-4.081474, -0.240044, 7.030173), (-3.926223, -0.258282, 7.030014), (-3.923934, -0.227096, 6.873975)
(-4.081474, -0.240044, 7.030173), (-4.083429, -0.26617, 7.186269), (-3.926223, -0.258282, 7.030014)
(-4.236659, -0.221667, 7.030336), (-4.081474, -0.240044, 7.030173), (-4.079279, -0.210122, 6.874138)
(-4.236659, -0.221667, 7.030336), (-4.238533, -0.246714, 7.186427), (-4.081474, -0.240044, 7.030173)
(-4.39178, -0.20315, 7.030499), (-4.236659, -0.221667, 7.030336), (-4.234564, -0.193037, 6.874307)
(-4.39178, -0.20315, 7.030499), (-4.393564, -0.227014, 7.18659), (-4.236659, -0.221667, 7.030336)
(-4.546837, -0.184531, 7.030666), (-4.39178, -0.20315, 7.030499), (-4.389793, -0.175947, 6.874473)
(-4.546837, -0.184531, 7.030666), (-4.548529, -0.207174, 7.186754), (-4.39178, -0.20315, 7.030499)
(-4.083429, -0.26617, 7.186269), (-4.085159, -0.288956, 7.34241), (-3.928245, -0.285288, 7.186118)
(-4.083429, -0.26617, 7.186269), (-3.928245, -0.285288, 7.186118), (-3.926223, -0.258282, 7.030014)
(-4.238533, -0.246714, 7.186427), (-4.240199, -0.268647, 7.342563), (-4.083429, -0.26617, 7.186269)
(-4.238533, -0.246714, 7.186427), (-4.083429, -0.26617, 7.186269), (-4.081474, -0.240044, 7.030173)
(-4.393564, -0.227014, 7.18659), (-4.395157, -0.247976, 7.342722), (-4.238533, -0.246714, 7.186427)
(-4.393564, -0.227014, 7.18659), (-4.238533, -0.246714, 7.186427), (-4.236659, -0.221667, 7.030336)
(-4.548529, -0.207174, 7.186754), (-4.55005, -0.227154, 7.342883), (-4.393564, -0.227014, 7.18659)
(-4.548529, -0.207174, 7.186754), (-4.393564, -0.227014, 7.18659), (-4.39178, -0.20315, 7.030499)
# -3.6396292833533312, 0, 6.977792449980003
(-3.454725, -0.237737, 6.717554), (-3.299071, -0.252988, 6.717422), (-3.295957, -0.207327, 6.561533)
(-3.454725, -0.237737, 6.717554), (-3.457524, -0.277019, 6.873534), (-3.299071, -0.252988, 6.717422)
(-3.610339, -0.222485, 6.717698), (-3.454725, -0.237737, 6.717554), (-3.451711, -0.193591, 6.561673)
(-3.610339, -0.222485, 6.717698), (-3.613047, -0.260471, 6.873672), (-3.454725, -0.237737, 6.717554)
(-3.765906, -0.207174, 6.717854), (-3.610339, -0.222485, 6.717698), (-3.607435, -0.179946, 6.561825)
(-3.765906, -0.207174, 6.717854), (-3.768523, -0.243897, 6.873819), (-3.610339, -0.222485, 6.717698)
(-3.921424, -0.191863, 6.718013), (-3.765906, -0.207174, 6.717854), (-3.763123, -0.166399, 6.561985)
(-3.921424, -0.191863, 6.718013), (-3.923934, -0.227096, 6.873975), (-3.765906, -0.207174, 6.717854)
(-3.457524, -0.277019, 6.873534), (-3.301954, -0.29345, 6.873407), (-3.299071, -0.252988, 6.717422)
(-3.457524, -0.277019, 6.873534), (-3.460049, -0.311372, 7.029591), (-3.301954, -0.29345, 6.873407)
(-3.613047, -0.260471, 6.873672), (-3.6155, -0.293876, 7.029722), (-3.457524, -0.277019, 6.873534)
(-3.613047, -0.260471, 6.873672), (-3.457524, -0.277019, 6.873534), (-3.454725, -0.237737, 6.717554)
(-3.768523, -0.243897, 6.873819), (-3.613047, -0.260471, 6.873672), (-3.610339, -0.222485, 6.717698)
(-3.768523, -0.243897, 6.873819), (-3.770896, -0.276219, 7.029864), (-3.613047, -0.260471, 6.873672)
(-3.923934, -0.227096, 6.873975), (-3.926223, -0.258282, 7.030014), (-3.768523, -0.243897, 6.873819)
(-3.923934, -0.227096, 6.873975), (-3.768523, -0.243897, 6.873819), (-3.765906, -0.207174, 6.717854)
(-3.460049, -0.311372, 7.029591), (-3.304545, -0.328703, 7.029468), (-3.301954, -0.29345, 6.873407)
(-3.460049, -0.311372, 7.029591), (-3.462272, -0.340958, 7.185709), (-3.304545, -0.328703, 7.029468)
(-3.6155, -0.293876, 7.029722), (-3.460049, -0.311372, 7.029591), (-3.457524, -0.277019, 6.873534)
(-3.6155, -0.293876, 7.029722), (-3.617661, -0.322664, 7.185836), (-3.460049, -0.311372, 7.029591)
(-3.770896, -0.276219, 7.029864), (-3.6155, -0.293876, 7.029722), (-3.613047, -0.260471, 6.873672)
(-3.770896, -0.276219, 7.029864), (-3.772993, -0.304188, 7.185972), (-3.6155, -0.293876, 7.029722)
(-3.926223, -0.258282, 7.030014), (-3.770896, -0.276219, 7.029864), (-3.768523, -0.243897, 6.873819)
(-3.926223, -0.258282, 7.030014), (-3.928245, -0.285288, 7.186118), (-3.770896, -0.276219, 7.029864)
(-3.306813, -0.358817, 7.185592), (-3.308816, -0.385, 7.341756), (-3.151298, -0.376342, 7.185485)
(-3.306813, -0.358817, 7.185592), (-3.151298, -0.376342, 7.185485), (-3.148979, -0.345614, 7.029359)
(-3.462272, -0.340958, 7.185709), (-3.464227, -0.366583, 7.341871), (-3.306813, -0.358817, 7.185592)
(-3.462272, -0.340958, 7.185709), (-3.306813, -0.358817, 7.185592), (-3.304545, -0.328703, 7.029468)
(-3.617661, -0.322664, 7.185836), (-3.619568, -0.347716, 7.341992), (-3.462272, -0.340958, 7.185709)
(-3.617661, -0.322664, 7.185836), (-3.462272, -0.340958, 7.185709), (-3.460049, -0.311372, 7.029591)
(-3.772993, -0.304188, 7.185972), (-3.774843, -0.328525, 7.342124), (-3.617661, -0.322664, 7.185836)
(-3.772993, -0.304188, 7.185972), (-3.617661, -0.322664, 7.185836), (-3.6155, -0.293876, 7.029722)
(-3.928245, -0.285288, 7.186118), (-3.930038, -0.308903, 7.342265), (-3.772993, -0.304188, 7.185972)
(-3.928245, -0.285288, 7.186118), (-3.772993, -0.304188, 7.185972), (-3.770896, -0.276219, 7.029864)
# -2.9718590500199973, 0, 6.977792449980003
(-2.676033, -0.311028, 6.717024), (-2.520135, -0.323474, 6.716962), (-2.516647, -0.27188, 6.561011)
(-2.676033, -0.311028, 6.717024), (-2.679156, -0.355092, 6.873034), (-2.520135, -0.323474, 6.716962)
(-2.831868, -0.29745, 6.717101), (-2.676033, -0.311028, 6.717024), (-2.672612, -0.260616, 6.561083)
(-2.831868, -0.29745, 6.717101), (-2.834933, -0.3406, 6.873107), (-2.676033, -0.311028, 6.717024)
(-2.987647, -0.283033, 6.717195), (-2.831868, -0.29745, 6.717101), (-2.82852, -0.248231, 6.561173)
(-2.987647, -0.283033, 6.717195), (-2.990656, -0.325329, 6.873195), (-2.831868, -0.29745, 6.717101)
(-3.143381, -0.26817, 6.7173), (-2.987647, -0.283033, 6.717195), (-2.984369, -0.234892, 6.561282)
(-3.143381, -0.26817, 6.7173), (-3.146333, -0.309644, 6.873294), (-2.987647, -0.283033, 6.717195)
(-3.299071, -0.252988, 6.717422), (-3.143381, -0.26817, 6.7173), (-3.14018, -0.221223, 6.561399)
(-3.299071, -0.252988, 6.717422), (-3.301954, -0.29345, 6.873407), (-3.143381, -0.26817, 6.7173)
(-2.679156, -0.355092, 6.873034), (-2.681947, -0.393054, 7.029103), (-2.523315, -0.368506, 6.872972)
(-2.679156, -0.355092, 6.873034), (-2.523315, -0.368506, 6.872972), (-2.520135, -0.323474, 6.716962)
(-2.834933, -0.3406, 6.873107), (-2.679156, -0.355092, 6.873034), (-2.676033, -0.311028, 6.717024)
(-2.834933, -0.3406, 6.873107), (-2.837678, -0.377895, 7.029178), (-2.679156, -0.355092, 6.873034)
(-2.990656, -0.325329, 6.873195), (-2.993357, -0.362051, 7.029262), (-2.834933, -0.3406, 6.873107)
(-2.990656, -0.325329, 6.873195), (-2.834933, -0.3406, 6.873107), (-2.831868, -0.29745, 6.717101)
(-3.146333, -0.309644, 6.873294), (-2.990656, -0.325329, 6.873195), (-2.987647, -0.283033, 6.717195)
(-3.146333, -0.309644, 6.873294), (-3.148979, -0.345614, 7.029359), (-2.990656, -0.325329, 6.873195)
(-3.301954, -0.29345, 6.873407), (-3.304545, -0.328703, 7.029468), (-3.146333, -0.309644, 6.873294)
(-3.301954, -0.29345, 6.873407), (-3.146333, -0.309644, 6.873294), (-3.143381, -0.26817, 6.7173)
(-2.681947, -0.393054, 7.029103), (-2.526146, -0.407082, 7.029041), (-2.523315, -0.368506, 6.872972)
(-2.681947, -0.393054, 7.029103), (-2.684381, -0.425125, 7.185228), (-2.526146, -0.407082, 7.029041)
(-2.837678, -0.377895, 7.029178), (-2.681947, -0.393054, 7.029103), (-2.679156, -0.355092, 6.873034)
(-2.837678, -0.377895, 7.029178), (-2.840087, -0.40971, 7.185303), (-2.681947, -0.393054, 7.029103)
(-2.993357, -0.362051, 7.029262), (-2.837678, -0.377895, 7.029178), (-2.834933, -0.3406, 6.873107)
(-2.993357, -0.362051, 7.029262), (-2.995724, -0.393371, 7.185387), (-2.837678, -0.377895, 7.029178)
(-3.148979, -0.345614, 7.029359), (-2.993357, -0.362051, 7.029262), (-2.990656, -0.325329, 6.873195)
(-3.148979, -0.345614, 7.029359), (-3.151298, -0.376342, 7.185485), (-2.993357, -0.362051, 7.029262)
(-3.304545, -0.328703, 7.029468), (-3.148979, -0.345614, 7.029359), (-3.146333, -0.309644, 6.873294)
(-3.304545, -0.328703, 7.029468), (-3.306813, -0.358817, 7.185592), (-3.148979, -0.345614, 7.029359)
(-2.684381, -0.425125, 7.185228), (-2.686534, -0.452898, 7.341392), (-2.528622, -0.439724, 7.185161)
(-2.684381, -0.425125, 7.185228), (-2.528622, -0.439724, 7.185161), (-2.526146, -0.407082, 7.029041)
(-2.840087, -0.40971, 7.185303), (-2.842205, -0.437091, 7.34147), (-2.684381, -0.425125, 7.185228)
(-2.840087, -0.40971, 7.185303), (-2.684381, -0.425125, 7.185228), (-2.681947, -0.393054, 7.029103)
(-2.995724, -0.393371, 7.185387), (-2.99781, -0.420428, 7.341555), (-2.840087, -0.40971, 7.185303)
(-2.995724, -0.393371, 7.185387), (-2.840087, -0.40971, 7.185303), (-2.837678, -0.377895, 7.029178)
(-3.151298, -0.376342, 7.185485), (-3.153341, -0.402942, 7.341652), (-2.995724, -0.393371, 7.185387)
(-3.151298, -0.376342, 7.185485), (-2.995724, -0.393371, 7.185387), (-2.993357, -0.362051, 7.029262)
# -2.304088816686664, 0, 6.977792449980003
(-2.052027, -0.35165, 6.716861), (-1.895848, -0.357609, 6.716846), (-1.892055, -0.299115, 6.560918)
(-2.052027, -0.35165, 6.716861), (-2.055385, -0.400334, 6.872855), (-1.895848, -0.357609, 6.716846)
(-2.208137, -0.344023, 6.716883), (-2.052027, -0.35165, 6.716861), (-2.048312, -0.295085, 6.560922)
(-2.208137, -0.344023, 6.716883), (-2.211424, -0.391159, 6.872887), (-2.052027, -0.35165, 6.716861)
(-2.364175, -0.334639, 6.716915), (-2.208137, -0.344023, 6.716883), (-2.204506, -0.289408, 6.560932)
(-2.364175, -0.334639, 6.716915), (-2.367398, -0.38047, 6.872925), (-2.208137, -0.344023, 6.716883)
(-2.520135, -0.323474, 6.716962), (-2.364175, -0.334639, 6.716915), (-2.360615, -0.281591, 6.560962)
(-2.520135, -0.323474, 6.716962), (-2.523315, -0.368506, 6.872972), (-2.364175, -0.334639, 6.716915)
(-2.055385, -0.400334, 6.872855), (-2.058372, -0.441775, 7.0289), (-1.89928, -0.407932, 6.872827)
(-2.055385, -0.400334, 6.872855), (-1.89928, -0.407932, 6.872827), (-1.895848, -0.357609, 6.716846)
(-2.211424, -0.391159, 6.872887), (-2.055385, -0.400334, 6.872855), (-2.052027, -0.35165, 6.716861)
(-2.211424, -0.391159, 6.872887), (-2.21435, -0.431411, 7.028943), (-2.055385, -0.400334, 6.872855)
(-2.367398, -0.38047, 6.872925), (-2.370277, -0.419847, 7.028988), (-2.211424, -0.391159, 6.872887)
(-2.367398, -0.38047, 6.872925), (-2.211424, -0.391159, 6.872887), (-2.208137, -0.344023, 6.716883)
(-2.523315, -0.368506, 6.872972), (-2.367398, -0.38047, 6.872925), (-2.364175, -0.334639, 6.716915)
(-2.523315, -0.368506, 6.872972), (-2.526146, -0.407082, 7.029041), (-2.367398, -0.38047, 6.872925)
(-2.058372, -0.441775, 7.0289), (-1.902325, -0.45057, 7.028863), (-1.89928, -0.407932, 6.872827)
(-2.058372, -0.441775, 7.0289), (-2.060971, -0.476399, 7.184999), (-1.902325, -0.45057, 7.028863)
(-2.21435, -0.431411, 7.028943), (-2.058372, -0.441775, 7.0289), (-2.055385, -0.400334, 6.872855)
(-2.21435, -0.431411, 7.028943), (-2.216914, -0.465409, 7.185049), (-2.058372, -0.441775, 7.0289)
(-2.370277, -0.419847, 7.028988), (-2.21435, -0.431411, 7.028943), (-2.211424, -0.391159, 6.872887)
(-2.370277, -0.419847, 7.028988), (-2.372791, -0.453039, 7.185102), (-2.21435, -0.431411, 7.028943)
(-2.526146, -0.407082, 7.029041), (-2.370277, -0.419847, 7.028988), (-2.367398, -0.38047, 6.872925)
(-2.526146, -0.407082, 7.029041), (-2.528622, -0.439724, 7.185161), (-2.370277, -0.419847, 7.028988)
(-2.060971, -0.476399, 7.184999), (-2.063275, -0.506343, 7.341141), (-1.904982, -0.486277, 7.184953)
(-2.060971, -0.476399, 7.184999), (-1.904982, -0.486277, 7.184953), (-1.902325, -0.45057, 7.028863)
(-2.216914, -0.465409, 7.185049), (-2.219173, -0.494602, 7.341197), (-2.060971, -0.476399, 7.184999)
(-2.216914, -0.465409, 7.185049), (-2.060971, -0.476399, 7.184999), (-2.058372, -0.441775, 7.0289)
(-2.372791, -0.453039, 7.185102), (-2.375014, -0.481707, 7.341256), (-2.216914, -0.465409, 7.185049)
(-2.372791, -0.453039, 7.185102), (-2.216914, -0.465409, 7.185049), (-2.21435, -0.431411, 7.028943)
(-2.528622, -0.439724, 7.185161), (-2.530807, -0.467851, 7.341322), (-2.372791, -0.453039, 7.185102)
(-2.528622, -0.439724, 7.185161), (-2.372791, -0.453039, 7.185102), (-2.370277, -0.419847, 7.028988)
# -1.6363185833533305, 0, 6.977792449980003
(-1.427035, -0.367543, 6.716798), (-1.270716, -0.369079, 6.716775), (-1.266725, -0.304628, 6.560881)
(-1.427035, -0.367543, 6.716798), (-1.430657, -0.42257, 6.872749), (-1.270716, -0.369079, 6.716775)
(-1.583334, -0.365213, 6.716818), (-1.427035, -0.367543, 6.716798), (-1.42305, -0.303767, 6.560903)
(-1.583334, -0.365213, 6.716818), (-1.5869, -0.418739, 6.872777), (-1.427035, -0.367543, 6.716798)
(-1.739609, -0.361942, 6.716834), (-1.583334, -0.365213, 6.716818), (-1.579398, -0.302937, 6.560914)
(-1.739609, -0.361942, 6.716834), (-1.743106, -0.413826, 6.872803), (-1.583334, -0.365213, 6.716818)
(-1.895848, -0.357609, 6.716846), (-1.739609, -0.361942, 6.716834), (-1.735736, -0.30141, 6.560919)
(-1.895848, -0.357609, 6.716846), (-1.89928, -0.407932, 6.872827), (-1.739609, -0.361942, 6.716834)
(-1.430657, -0.42257, 6.872749), (-1.433886, -0.469351, 7.028757), (-1.274371, -0.42522, 6.87272)
(-1.430657, -0.42257, 6.872749), (-1.274371, -0.42522, 6.87272), (-1.270716, -0.369079, 6.716775)
(-1.5869, -0.418739, 6.872777), (-1.430657, -0.42257, 6.872749), (-1.427035, -0.367543, 6.716798)
(-1.5869, -0.418739, 6.872777), (-1.590073, -0.464175, 7.028792), (-1.430657, -0.42257, 6.872749)
(-1.743106, -0.413826, 6.872803), (-1.746223, -0.457982, 7.028827), (-1.5869, -0.418739, 6.872777)
(-1.743106, -0.413826, 6.872803), (-1.5869, -0.418739, 6.872777), (-1.583334, -0.365213, 6.716818)
(-1.89928, -0.407932, 6.872827), (-1.743106, -0.413826, 6.872803), (-1.739609, -0.361942, 6.716834)
(-1.89928, -0.407932, 6.872827), (-1.902325, -0.45057, 7.028863), (-1.743106, -0.413826, 6.872803)
(-1.433886, -0.469351, 7.028757), (-1.277638, -0.473042, 7.028727), (-1.274371, -0.42522, 6.87272)
(-1.433886, -0.469351, 7.028757), (-1.436694, -0.508329, 7.184825), (-1.277638, -0.473042, 7.028727)
(-1.590073, -0.464175, 7.028792), (-1.433886, -0.469351, 7.028757), (-1.430657, -0.42257, 6.872749)
(-1.590073, -0.464175, 7.028792), (-1.59285, -0.502342, 7.184864), (-1.433886, -0.469351, 7.028757)
(-1.746223, -0.457982, 7.028827), (-1.590073, -0.464175, 7.028792), (-1.5869, -0.418739, 6.872777)
(-1.746223, -0.457982, 7.028827), (-1.748943, -0.494944, 7.184908), (-1.590073, -0.464175, 7.028792)
(-1.902325, -0.45057, 7.028863), (-1.746223, -0.457982, 7.028827), (-1.743106, -0.413826, 6.872803)
(-1.902325, -0.45057, 7.028863), (-1.904982, -0.486277, 7.184953), (-1.746223, -0.457982, 7.028827)
(-1.436694, -0.508329, 7.184825), (-1.439177, -0.54196, 7.340941), (-1.280495, -0.513238, 7.184789)
(-1.436694, -0.508329, 7.184825), (-1.280495, -0.513238, 7.184789), (-1.277638, -0.473042, 7.028727)
(-1.59285, -0.502342, 7.184864), (-1.595287, -0.53493, 7.340985), (-1.436694, -0.508329, 7.184825)
(-1.59285, -0.502342, 7.184864), (-1.436694, -0.508329, 7.184825), (-1.433886, -0.469351, 7.028757)
(-1.748943, -0.494944, 7.184908), (-1.751339, -0.526635, 7.341034), (-1.59285, -0.502342, 7.184864)
(-1.748943, -0.494944, 7.184908), (-1.59285, -0.502342, 7.184864), (-1.590073, -0.464175, 7.028792)
(-1.904982, -0.486277, 7.184953), (-1.907327, -0.516969, 7.341086), (-1.748943, -0.494944, 7.184908)
(-1.904982, -0.486277, 7.184953), (-1.748943, -0.494944, 7.184908), (-1.746223, -0.457982, 7.028827)
# -0.968548350019997, 0, 6.977792449980003
(-0.957947, -0.368487, 6.716738), (-0.801428, -0.36501, 6.71674), (-0.797528, -0.300254, 6.560843)
(-0.957947, -0.368487, 6.716738), (-0.961612, -0.425843, 6.872684), (-0.801428, -0.36501, 6.71674)
(-0.801428, -0.36501, 6.71674), (-0.644796, -0.359132, 6.716764), (-0.640918, -0.294067, 6.56087)
(-0.801428, -0.36501, 6.71674), (-0.805109, -0.423382, 6.872683), (-0.644796, -0.359132, 6.716764)
(-1.114369, -0.369725, 6.716752), (-0.957947, -0.368487, 6.716738), (-0.95402, -0.303937, 6.560839)
(-1.114369, -0.369725, 6.716752), (-1.118022, -0.426265, 6.872699), (-0.957947, -0.368487, 6.716738)
(-0.644796, -0.359132, 6.716764), (-0.488058, -0.35095, 6.716811), (-0.484199, -0.285397, 6.560925)
(-0.644796, -0.359132, 6.716764), (-0.648497, -0.418639, 6.872701), (-0.488058, -0.35095, 6.716811)
(-1.270716, -0.369079, 6.716775), (-1.114369, -0.369725, 6.716752), (-1.1104, -0.305041, 6.560856)
(-1.270716, -0.369079, 6.716775), (-1.274371, -0.42522, 6.87272), (-1.114369, -0.369725, 6.716752)
(-0.805109, -0.423382, 6.872683), (-0.808473, -0.474657, 7.02868), (-0.648497, -0.418639, 6.872701)
(-0.805109, -0.423382, 6.872683), (-0.648497, -0.418639, 6.872701), (-0.644796, -0.359132, 6.716764)
(-0.961612, -0.425843, 6.872684), (-0.805109, -0.423382, 6.872683), (-0.801428, -0.36501, 6.71674)
(-0.961612, -0.425843, 6.872684), (-0.964937, -0.475736, 7.028684), (-0.805109, -0.423382, 6.872683)
(-1.118022, -0.426265, 6.872699), (-1.121321, -0.47515, 7.028699), (-0.961612, -0.425843, 6.872684)
(-1.118022, -0.426265, 6.872699), (-0.961612, -0.425843, 6.872684), (-0.957947, -0.368487, 6.716738)
(-0.648497, -0.418639, 6.872701), (-0.491772, -0.411541, 6.872739), (-0.488058, -0.35095, 6.716811)
(-0.648497, -0.418639, 6.872701), (-0.651896, -0.471319, 7.02869), (-0.491772, -0.411541, 6.872739)
(-1.274371, -0.42522, 6.87272), (-1.118022, -0.426265, 6.872699), (-1.114369, -0.369725, 6.716752)
(-1.274371, -0.42522, 6.87272), (-1.277638, -0.473042, 7.028727), (-1.118022, -0.426265, 6.872699)
(-0.808473, -0.474657, 7.02868), (-0.651896, -0.471319, 7.02869), (-0.648497, -0.418639, 6.872701)
(-0.808473, -0.474657, 7.02868), (-0.811433, -0.518412, 7.184735), (-0.651896, -0.471319, 7.02869)
(-0.964937, -0.475736, 7.028684), (-0.808473, -0.474657, 7.02868), (-0.805109, -0.423382, 6.872683)
(-0.964937, -0.475736, 7.028684), (-0.967874, -0.518381, 7.184741), (-0.808473, -0.474657, 7.02868)
(-0.651896, -0.471319, 7.02869), (-0.495217, -0.466024, 7.02872), (-0.491772, -0.411541, 6.872739)
(-0.651896, -0.471319, 7.02869), (-0.654907, -0.516854, 7.184741), (-0.495217, -0.466024, 7.02872)
(-1.121321, -0.47515, 7.028699), (-0.964937, -0.475736, 7.028684), (-0.961612, -0.425843, 6.872684)
(-1.121321, -0.47515, 7.028699), (-1.124213, -0.516426, 7.184762), (-0.964937, -0.475736, 7.028684)
(-1.277638, -0.473042, 7.028727), (-1.121321, -0.47515, 7.028699), (-1.118022, -0.426265, 6.872699)
(-1.277638, -0.473042, 7.028727), (-1.280495, -0.513238, 7.184789), (-1.121321, -0.47515, 7.028699)
(-0.811433, -0.518412, 7.184735), (-0.814069, -0.55695, 7.340837), (-0.654907, -0.516854, 7.184741)
(-0.811433, -0.518412, 7.184735), (-0.654907, -0.516854, 7.184741), (-0.651896, -0.471319, 7.02869)
(-0.967874, -0.518381, 7.184741), (-0.970466, -0.555397, 7.340848), (-0.811433, -0.518412, 7.184735)
(-0.967874, -0.518381, 7.184741), (-0.811433, -0.518412, 7.184735), (-0.808473, -0.474657, 7.02868)
(-0.654907, -0.516854, 7.184741), (-0.657577, -0.556957, 7.34084), (-0.498283, -0.513588, 7.184761)
(-0.654907, -0.516854, 7.184741), (-0.498283, -0.513588, 7.184761), (-0.495217, -0.466024, 7.02872)
(-1.124213, -0.516426, 7.184762), (-1.126773, -0.552263, 7.340871), (-0.967874, -0.518381, 7.184741)
(-1.124213, -0.516426, 7.184762), (-0.967874, -0.518381, 7.184741), (-0.964937, -0.475736, 7.028684)
(-1.280495, -0.513238, 7.184789), (-1.283013, -0.547843, 7.340902), (-1.124213, -0.516426, 7.184762)
(-1.280495, -0.513238, 7.184789), (-1.124213, -0.516426, 7.184762), (-1.121321, -0.47515, 7.028699)
# -0.3007781166866636, 0, 6.977792449980003
(-0.488058, -0.35095, 6.716811), (-0.331246, -0.341252, 6.716871), (-0.327411, -0.275315, 6.561002)
(-0.488058, -0.35095, 6.716811), (-0.491772, -0.411541, 6.872739), (-0.331246, -0.341252, 6.716871)
(-0.331246, -0.341252, 6.716871), (-0.174386, -0.330501, 6.716951), (-0.17059, -0.264342, 6.561103)
(-0.331246, -0.341252, 6.716871), (-0.334973, -0.403061, 6.872791), (-0.174386, -0.330501, 6.716951)
(-0.174386, -0.330501, 6.716951), (-0.017496, -0.319185, 6.717047), (-0.013765, -0.253213, 6.561227)
(-0.174386, -0.330501, 6.716951), (-0.178109, -0.393348, 6.872856), (-0.017496, -0.319185, 6.717047)
(-0.017496, -0.319185, 6.717047), (0.139408, -0.307699, 6.717155), (0.143049, -0.242231, 6.561374)
(-0.017496, -0.319185, 6.717047), (-0.021189, -0.38269, 6.872933), (0.139408, -0.307699, 6.717155)
(-0.491772, -0.411541, 6.872739), (-0.495217, -0.466024, 7.02872), (-0.334973, -0.403061, 6.872791)
(-0.491772, -0.411541, 6.872739), (-0.334973, -0.403061, 6.872791), (-0.331246, -0.341252, 6.716871)
(-0.334973, -0.403061, 6.872791), (-0.178109, -0.393348, 6.872856), (-0.174386, -0.330501, 6.716951)
(-0.334973, -0.403061, 6.872791), (-0.338444, -0.459093, 7.028763), (-0.178109, -0.393348, 6.872856)
(-0.178109, -0.393348, 6.872856), (-0.181596, -0.450936, 7.028818), (-0.021189, -0.38269, 6.872933)
(-0.178109, -0.393348, 6.872856), (-0.021189, -0.38269, 6.872933), (-0.017496, -0.319185, 6.717047)
(-0.021189, -0.38269, 6.872933), (0.135778, -0.371356, 6.873025), (0.139408, -0.307699, 6.717155)
(-0.021189, -0.38269, 6.872933), (-0.024664, -0.441484, 7.028883), (0.135778, -0.371356, 6.873025)
(-0.495217, -0.466024, 7.02872), (-0.338444, -0.459093, 7.028763), (-0.334973, -0.403061, 6.872791)
(-0.495217, -0.466024, 7.02872), (-0.498283, -0.513588, 7.184761), (-0.338444, -0.459093, 7.028763)
(-0.338444, -0.459093, 7.028763), (-0.181596, -0.450936, 7.028818), (-0.178109, -0.393348, 6.872856)
(-0.338444, -0.459093, 7.028763), (-0.34155, -0.508605, 7.184794), (-0.181596, -0.450936, 7.028818)
(-0.181596, -0.450936, 7.028818), (-0.024664, -0.441484, 7.028883), (-0.021189, -0.38269, 6.872933)
(-0.181596, -0.450936, 7.028818), (-0.184701, -0.501946, 7.184841), (-0.024664, -0.441484, 7.028883)
(-0.024664, -0.441484, 7.028883), (0.132331, -0.431218, 7.028954), (0.135778, -0.371356, 6.873025)
(-0.024664, -0.441484, 7.028883), (-0.027777, -0.494298, 7.184894), (0.132331, -0.431218, 7.028954)
(-0.498283, -0.513588, 7.184761), (-0.500998, -0.555623, 7.340853), (-0.34155, -0.508605, 7.184794)
(-0.498283, -0.513588, 7.184761), (-0.34155, -0.508605, 7.184794), (-0.338444, -0.459093, 7.028763)
(-0.34155, -0.508605, 7.184794), (-0.34429, -0.552469, 7.340877), (-0.184701, -0.501946, 7.184841)
(-0.34155, -0.508605, 7.184794), (-0.184701, -0.501946, 7.184841), (-0.181596, -0.450936, 7.028818)
(-0.184701, -0.501946, 7.184841), (-0.187461, -0.547776, 7.340914), (-0.027777, -0.494298, 7.184894)
(-0.184701, -0.501946, 7.184841), (-0.027777, -0.494298, 7.184894), (-0.024664, -0.441484, 7.028883)
(-0.027777, -0.494298, 7.184894), (-0.030535, -0.541935, 7.340955), (0.129228, -0.48568, 7.184949)
(-0.027777, -0.494298, 7.184894), (0.129228, -0.48568, 7.184949), (0.132331, -0.431218, 7.028954)
