# -9.64956138335333, 0, -1.7032205833533307
(-9.36788, 0.74545, -1.942553), (-9.210255, 0.703244, -1.947508), (-9.2108, 0.727377, -2.101521)
(-9.36788, 0.74545, -1.942553), (-9.367298, 0.72093, -1.788562), (-9.210255, 0.703244, -1.947508)
(-9.52578, 0.792466, -1.937076), (-9.36788, 0.74545, -1.942553), (-9.368514, 0.7717, -2.096464)
(-9.52578, 0.792466, -1.937076), (-9.525137, 0.765957, -1.783192), (-9.36788, 0.74545, -1.942553)
(-9.683959, 0.843157, -1.931176), (-9.52578, 0.792466, -1.937076), (-9.526499, 0.820675, -2.090904)
(-9.683959, 0.843157, -1.931176), (-9.683281, 0.814989, -1.777366), (-9.52578, 0.792466, -1.937076)
(-9.842431, 0.89646, -1.924953), (-9.683959, 0.843157, -1.931176), (-9.684737, 0.872894, -2.084965)
(-9.842431, 0.89646, -1.924953), (-9.841741, 0.866844, -1.771198), (-9.683959, 0.843157, -1.931176)
(-9.367298, 0.72093, -1.788562), (-9.209755, 0.681157, -1.793366), (-9.210255, 0.703244, -1.947508)
(-9.367298, 0.72093, -1.788562), (-9.366759, 0.698705, -1.634458), (-9.209755, 0.681157, -1.793366)
(-9.525137, 0.765957, -1.783192), (-9.524553, 0.741411, -1.629246), (-9.367298, 0.72093, -1.788562)
(-9.525137, 0.765957, -1.783192), (-9.367298, 0.72093, -1.788562), (-9.36788, 0.74545, -1.942553)
(-9.683281, 0.814989, -1.777366), (-9.525137, 0.765957, -1.783192), (-9.52578, 0.792466, -1.937076)
(-9.683281, 0.814989, -1.777366), (-9.682682, 0.788548, -1.623538), (-9.525137, 0.765957, -1.783192)
(-9.841741, 0.866844, -1.771198), (-9.841133, 0.838643, -1.617469), (-9.683281, 0.814989, -1.777366)
(-9.841741, 0.866844, -1.771198), (-9.683281, 0.814989, -1.777366), (-9.683959, 0.843157, -1.931176)
(-9.366759, 0.698705, -1.634458), (-9.209271, 0.661154, -1.639107), (-9.209755, 0.681157, -1.793366)
(-9.366759, 0.698705, -1.634458), (-9.366227, 0.679439, -1.480208), (-9.209271, 0.661154, -1.639107)
(-9.524553, 0.741411, -1.629246), (-9.366759, 0.698705, -1.634458), (-9.367298, 0.72093, -1.788562)
(-9.524553, 0.741411, -1.629246), (-9.524006, 0.719841, -1.475175), (-9.366759, 0.698705, -1.634458)
(-9.682682, 0.788548, -1.623538), (-9.524553, 0.741411, -1.629246), (-9.525137, 0.765957, -1.783192)
(-9.682682, 0.788548, -1.623538), (-9.682123, 0.764435, -1.469657), (-9.524553, 0.741411, -1.629246)
(-9.841133, 0.838643, -1.617469), (-9.682682, 0.788548, -1.623538), (-9.683281, 0.814989, -1.777366)
(-9.841133, 0.838643, -1.617469), (-9.840605, 0.812699, -1.463714), (-9.682682, 0.788548, -1.623538)
(-9.366227, 0.679439, -1.480208), (-9.36558, 0.661476, -1.325988), (-9.208772, 0.644099, -1.484683)
(-9.366227, 0.679439, -1.480208), (-9.208772, 0.644099, -1.484683), (-9.209271, 0.661154, -1.639107)
(-9.524006, 0.719841, -1.475175), (-9.523352, 0.699477, -1.321155), (-9.366227, 0.679439, -1.480208)
(-9.524006, 0.719841, -1.475175), (-9.366227, 0.679439, -1.480208), (-9.366759, 0.698705, -1.634458)
(-9.682123, 0.764435, -1.469657), (-9.681493, 0.741985, -1.315801), (-9.524006, 0.719841, -1.475175)
(-9.682123, 0.764435, -1.469657), (-9.524006, 0.719841, -1.475175), (-9.524553, 0.741411, -1.629246)
(-9.840605, 0.812699, -1.463714), (-9.840023, 0.788371, -1.309994), (-9.682123, 0.764435, -1.469657)
(-9.840605, 0.812699, -1.463714), (-9.682123, 0.764435, -1.469657), (-9.682682, 0.788548, -1.623538)
# -8.981791150019998, 0, -1.7032205833533307
(-8.738731, 0.608722, -1.959138), (-8.581957, 0.588567, -1.961969), (-8.582068, 0.602405, -2.116614)
(-8.738731, 0.608722, -1.959138), (-8.738523, 0.594091, -1.804501), (-8.581957, 0.588567, -1.961969)
(-8.895693, 0.634447, -1.955815), (-8.738731, 0.608722, -1.959138), (-8.738947, 0.625004, -2.113629)
(-8.895693, 0.634447, -1.955815), (-8.89538, 0.617261, -1.801353), (-8.738731, 0.608722, -1.959138)
(-9.05286, 0.666001, -1.951943), (-8.895693, 0.634447, -1.955815), (-8.896022, 0.653488, -2.110128)
(-9.05286, 0.666001, -1.951943), (-9.052451, 0.646373, -1.797643), (-8.895693, 0.634447, -1.955815)
(-9.210255, 0.703244, -1.947508), (-9.05286, 0.666001, -1.951943), (-9.053299, 0.687604, -2.106102)
(-9.210255, 0.703244, -1.947508), (-9.209755, 0.681157, -1.793366), (-9.05286, 0.666001, -1.951943)
(-8.738523, 0.594091, -1.804501), (-8.581868, 0.576866, -1.807121), (-8.581957, 0.588567, -1.961969)
(-8.738523, 0.594091, -1.804501), (-8.738319, 0.581975, -1.649652), (-8.581868, 0.576866, -1.807121)
(-8.89538, 0.617261, -1.801353), (-8.895069, 0.602448, -1.64671), (-8.738523, 0.594091, -1.804501)
(-8.89538, 0.617261, -1.801353), (-8.738523, 0.594091, -1.804501), (-8.738731, 0.608722, -1.959138)
(-9.052451, 0.646373, -1.797643), (-8.89538, 0.617261, -1.801353), (-8.895693, 0.634447, -1.955815)
(-9.052451, 0.646373, -1.797643), (-9.05205, 0.629049, -1.643185), (-8.89538, 0.617261, -1.801353)
(-9.209755, 0.681157, -1.793366), (-9.209271, 0.661154, -1.639107), (-9.052451, 0.646373, -1.797643)
(-9.209755, 0.681157, -1.793366), (-9.052451, 0.646373, -1.797643), (-9.05286, 0.666001, -1.951943)
(-8.738319, 0.581975, -1.649652), (-8.581773, 0.567054, -1.652099), (-8.581868, 0.576866, -1.807121)
(-8.738319, 0.581975, -1.649652), (-8.738081, 0.572537, -1.494604), (-8.581773, 0.567054, -1.652099)
(-8.895069, 0.602448, -1.64671), (-8.738319, 0.581975, -1.649652), (-8.738523, 0.594091, -1.804501)
(-8.895069, 0.602448, -1.64671), (-8.89473, 0.590798, -1.491843), (-8.738319, 0.581975, -1.649652)
(-9.05205, 0.629049, -1.643185), (-8.895069, 0.602448, -1.64671), (-8.89538, 0.617261, -1.801353)
(-9.05205, 0.629049, -1.643185), (-9.051615, 0.614431, -1.488564), (-8.895069, 0.602448, -1.64671)
(-9.209271, 0.661154, -1.639107), (-9.05205, 0.629049, -1.643185), (-9.052451, 0.646373, -1.797643)
(-9.209271, 0.661154, -1.639107), (-9.208772, 0.644099, -1.484683), (-9.05205, 0.629049, -1.643185)
(-8.738081, 0.572537, -1.494604), (-8.737734, 0.564024, -1.339537), (-8.581649, 0.559455, -1.4969)
(-8.738081, 0.572537, -1.494604), (-8.581649, 0.559455, -1.4969), (-8.581773, 0.567054, -1.652099)
(-8.89473, 0.590798, -1.491843), (-8.894268, 0.580022, -1.336984), (-8.738081, 0.572537, -1.494604)
(-8.89473, 0.590798, -1.491843), (-8.738081, 0.572537, -1.494604), (-8.738319, 0.581975, -1.649652)
(-9.051615, 0.614431, -1.488564), (-9.051064, 0.601292, -1.33392), (-8.89473, 0.590798, -1.491843)
(-9.051615, 0.614431, -1.488564), (-8.89473, 0.590798, -1.491843), (-8.895069, 0.602448, -1.64671)
(-9.208772, 0.644099, -1.484683), (-9.208154, 0.628386, -1.330267), (-9.051615, 0.614431, -1.488564)
(-9.208772, 0.644099, -1.484683), (-9.051615, 0.614431, -1.488564), (-9.05205, 0.629049, -1.643185)
# -8.314020916686664, 0, -1.7032205833533307
(-8.112693, 0.559045, -1.968065), (-7.956599, 0.556751, -1.969646), (-7.956327, 0.562804, -2.12479)
(-8.112693, 0.559045, -1.968065), (-8.112914, 0.552851, -1.812851), (-7.956599, 0.556751, -1.969646)
(-8.26895, 0.564612, -1.966321), (-8.112693, 0.559045, -1.968065), (-8.112507, 0.566412, -2.123128)
(-8.26895, 0.564612, -1.966321), (-8.269069, 0.55687, -1.811209), (-8.112693, 0.559045, -1.968065)
(-8.425368, 0.574154, -1.964325), (-8.26895, 0.564612, -1.966321), (-8.26886, 0.573834, -2.121266)
(-8.425368, 0.574154, -1.964325), (-8.425385, 0.564612, -1.809332), (-8.26895, 0.564612, -1.966321)
(-8.581957, 0.588567, -1.961969), (-8.425368, 0.574154, -1.964325), (-8.425374, 0.585476, -2.119136)
(-8.581957, 0.588567, -1.961969), (-8.581868, 0.576866, -1.807121), (-8.425368, 0.574154, -1.964325)
(-8.112914, 0.552851, -1.812851), (-7.956929, 0.551771, -1.814351), (-7.956599, 0.556751, -1.969646)
(-8.112914, 0.552851, -1.812851), (-8.113173, 0.548076, -1.657467), (-7.956929, 0.551771, -1.814351)
(-8.269069, 0.55687, -1.811209), (-8.269206, 0.550785, -1.655916), (-8.112914, 0.552851, -1.812851)
(-8.269069, 0.55687, -1.811209), (-8.112914, 0.552851, -1.812851), (-8.112693, 0.559045, -1.968065)
(-8.425385, 0.564612, -1.809332), (-8.269069, 0.55687, -1.811209), (-8.26895, 0.564612, -1.966321)
(-8.425385, 0.564612, -1.809332), (-8.425406, 0.556944, -1.654151), (-8.269069, 0.55687, -1.811209)
(-8.581868, 0.576866, -1.807121), (-8.581773, 0.567054, -1.652099), (-8.425385, 0.564612, -1.809332)
(-8.581868, 0.576866, -1.807121), (-8.425385, 0.564612, -1.809332), (-8.425368, 0.574154, -1.964325)
(-8.113173, 0.548076, -1.657467), (-7.957302, 0.547767, -1.65891), (-7.956929, 0.551771, -1.814351)
(-8.113173, 0.548076, -1.657467), (-8.113459, 0.54442, -1.501949), (-7.957302, 0.547767, -1.65891)
(-8.269206, 0.550785, -1.655916), (-8.113173, 0.548076, -1.657467), (-8.112914, 0.552851, -1.812851)
(-8.269206, 0.550785, -1.655916), (-8.269351, 0.546347, -1.500464), (-8.113173, 0.548076, -1.657467)
(-8.425406, 0.556944, -1.654151), (-8.269206, 0.550785, -1.655916), (-8.269069, 0.55687, -1.811209)
(-8.425406, 0.556944, -1.654151), (-8.42541, 0.550984, -1.498819), (-8.269206, 0.550785, -1.655916)
(-8.581773, 0.567054, -1.652099), (-8.425406, 0.556944, -1.654151), (-8.425385, 0.564612, -1.809332)
(-8.581773, 0.567054, -1.652099), (-8.581649, 0.559455, -1.4969), (-8.425406, 0.556944, -1.654151)
(-8.113459, 0.54442, -1.501949), (-8.113709, 0.541014, -1.346382), (-7.957726, 0.544554, -1.503345)
(-8.113459, 0.54442, -1.501949), (-7.957726, 0.544554, -1.503345), (-7.957302, 0.547767, -1.65891)
(-8.269351, 0.546347, -1.500464), (-8.269438, 0.542226, -1.344975), (-8.113459, 0.54442, -1.501949)
(-8.269351, 0.546347, -1.500464), (-8.113459, 0.54442, -1.501949), (-8.113173, 0.548076, -1.657467)
(-8.42541, 0.550984, -1.498819), (-8.425341, 0.545791, -1.343436), (-8.269351, 0.546347, -1.500464)
(-8.42541, 0.550984, -1.498819), (-8.269351, 0.546347, -1.500464), (-8.269206, 0.550785, -1.655916)
(-8.581649, 0.559455, -1.4969), (-8.58143, 0.552688, -1.341665), (-8.42541, 0.550984, -1.498819)
(-8.581649, 0.559455, -1.4969), (-8.42541, 0.550984, -1.498819), (-8.425406, 0.556944, -1.654151)
# -7.64625068335333, 0, -1.7032205833533307
(-7.333736, 0.565103, -1.975732), (-7.178397, 0.570393, -1.977248), (-7.177624, 0.573341, -2.13275)
(-7.333736, 0.565103, -1.975732), (-7.334533, 0.562274, -1.820163), (-7.178397, 0.570393, -1.977248)
(-7.489228, 0.561124, -1.974194), (-7.333736, 0.565103, -1.975732), (-7.333079, 0.568507, -2.131126)
(-7.489228, 0.561124, -1.974194), (-7.489883, 0.557831, -1.818729), (-7.333736, 0.565103, -1.975732)
(-7.644864, 0.558246, -1.972672), (-7.489228, 0.561124, -1.974194), (-7.488671, 0.564897, -2.129515)
(-7.644864, 0.558246, -1.972672), (-7.645403, 0.554569, -1.81727), (-7.489228, 0.561124, -1.974194)
(-7.800655, 0.55665, -1.971165), (-7.644864, 0.558246, -1.972672), (-7.644409, 0.562538, -2.127935)
(-7.800655, 0.55665, -1.971165), (-7.801088, 0.552462, -1.815813), (-7.644864, 0.558246, -1.972672)
(-7.956599, 0.556751, -1.969646), (-7.800655, 0.55665, -1.971165), (-7.800289, 0.561639, -2.126377)
(-7.956599, 0.556751, -1.969646), (-7.956929, 0.551771, -1.814351), (-7.800655, 0.55665, -1.971165)
(-7.334533, 0.562274, -1.820163), (-7.335451, 0.559831, -1.664417), (-7.179328, 0.568028, -1.821542)
(-7.334533, 0.562274, -1.820163), (-7.179328, 0.568028, -1.821542), (-7.178397, 0.570393, -1.977248)
(-7.489883, 0.557831, -1.818729), (-7.334533, 0.562274, -1.820163), (-7.333736, 0.565103, -1.975732)
(-7.489883, 0.557831, -1.818729), (-7.490652, 0.555043, -1.663104), (-7.334533, 0.562274, -1.820163)
(-7.645403, 0.554569, -1.81727), (-7.64603, 0.551481, -1.661724), (-7.489883, 0.557831, -1.818729)
(-7.645403, 0.554569, -1.81727), (-7.489883, 0.557831, -1.818729), (-7.489228, 0.561124, -1.974194)
(-7.801088, 0.552462, -1.815813), (-7.645403, 0.554569, -1.81727), (-7.644864, 0.558246, -1.972672)
(-7.801088, 0.552462, -1.815813), (-7.801589, 0.549045, -1.660319), (-7.645403, 0.554569, -1.81727)
(-7.956929, 0.551771, -1.814351), (-7.957302, 0.547767, -1.65891), (-7.801088, 0.552462, -1.815813)
(-7.956929, 0.551771, -1.814351), (-7.801088, 0.552462, -1.815813), (-7.800655, 0.55665, -1.971165)
(-7.335451, 0.559831, -1.664417), (-7.180411, 0.566137, -1.665615), (-7.179328, 0.568028, -1.821542)
(-7.335451, 0.559831, -1.664417), (-7.336509, 0.557808, -1.508468), (-7.180411, 0.566137, -1.665615)
(-7.490652, 0.555043, -1.663104), (-7.335451, 0.559831, -1.664417), (-7.334533, 0.562274, -1.820163)
(-7.490652, 0.555043, -1.663104), (-7.49154, 0.552623, -1.507313), (-7.335451, 0.559831, -1.664417)
(-7.64603, 0.551481, -1.661724), (-7.490652, 0.555043, -1.663104), (-7.489883, 0.557831, -1.818729)
(-7.64603, 0.551481, -1.661724), (-7.646763, 0.548846, -1.506034), (-7.490652, 0.555043, -1.663104)
(-7.801589, 0.549045, -1.660319), (-7.64603, 0.551481, -1.661724), (-7.645403, 0.554569, -1.81727)
(-7.801589, 0.549045, -1.660319), (-7.802157, 0.546133, -1.504704), (-7.64603, 0.551481, -1.661724)
(-7.957302, 0.547767, -1.65891), (-7.801589, 0.549045, -1.660319), (-7.801088, 0.552462, -1.815813)
(-7.957302, 0.547767, -1.65891), (-7.957726, 0.544554, -1.503345), (-7.801589, 0.549045, -1.660319)
(-7.336509, 0.557808, -1.508468), (-7.337635, 0.555604, -1.352407), (-7.18164, 0.564703, -1.509452)
(-7.336509, 0.557808, -1.508468), (-7.18164, 0.564703, -1.509452), (-7.180411, 0.566137, -1.665615)
(-7.49154, 0.552623, -1.507313), (-7.492486, 0.550057, -1.351429), (-7.336509, 0.557808, -1.508468)
(-7.49154, 0.552623, -1.507313), (-7.336509, 0.557808, -1.508468), (-7.335451, 0.559831, -1.664417)
(-7.646763, 0.548846, -1.506034), (-7.647527, 0.546071, -1.350273), (-7.49154, 0.552623, -1.507313)
(-7.646763, 0.548846, -1.506034), (-7.49154, 0.552623, -1.507313), (-7.490652, 0.555043, -1.663104)
(-7.802157, 0.546133, -1.504704), (-7.802747, 0.543246, -1.349021), (-7.646763, 0.548846, -1.506034)
(-7.802157, 0.546133, -1.504704), (-7.646763, 0.548846, -1.506034), (-7.64603, 0.551481, -1.661724)
(-7.957726, 0.544554, -1.503345), (-7.958143, 0.54148, -1.347721), (-7.802157, 0.546133, -1.504704)
(-7.957726, 0.544554, -1.503345), (-7.802157, 0.546133, -1.504704), (-7.801589, 0.549045, -1.660319)
# -6.9784804500199975, 0, -1.7032205833533307
(-6.713142, 0.598914, -1.981176), (-6.558246, 0.615178, -1.982156), (-6.556931, 0.614554, -2.138515)
(-6.713142, 0.598914, -1.981176), (-6.714544, 0.599241, -1.824742), (-6.558246, 0.615178, -1.982156)
(-6.868114, 0.586534, -1.980024), (-6.713142, 0.598914, -1.981176), (-6.711979, 0.599526, -2.137261)
(-6.868114, 0.586534, -1.980024), (-6.869345, 0.585678, -1.82389), (-6.713142, 0.598914, -1.981176)
(-7.023196, 0.577334, -1.978696), (-6.868114, 0.586534, -1.980024), (-6.867085, 0.588109, -2.135873)
(-7.023196, 0.577334, -1.978696), (-7.024269, 0.575594, -1.822804), (-6.868114, 0.586534, -1.980024)
(-7.178397, 0.570393, -1.977248), (-7.023196, 0.577334, -1.978696), (-7.022304, 0.579732, -2.134344)
(-7.178397, 0.570393, -1.977248), (-7.179328, 0.568028, -1.821542), (-7.023196, 0.577334, -1.978696)
(-6.714544, 0.599241, -1.824742), (-6.71616, 0.600302, -1.667942), (-6.559814, 0.616728, -1.825403)
(-6.714544, 0.599241, -1.824742), (-6.559814, 0.616728, -1.825403), (-6.558246, 0.615178, -1.982156)
(-6.869345, 0.585678, -1.82389), (-6.714544, 0.599241, -1.824742), (-6.713142, 0.598914, -1.981176)
(-6.869345, 0.585678, -1.82389), (-6.870778, 0.585598, -1.667425), (-6.714544, 0.599241, -1.824742)
(-7.024269, 0.575594, -1.822804), (-7.025519, 0.57444, -1.666644), (-6.869345, 0.585678, -1.82389)
(-7.024269, 0.575594, -1.822804), (-6.869345, 0.585678, -1.82389), (-6.868114, 0.586534, -1.980024)
(-7.179328, 0.568028, -1.821542), (-7.024269, 0.575594, -1.822804), (-7.023196, 0.577334, -1.978696)
(-7.179328, 0.568028, -1.821542), (-7.180411, 0.566137, -1.665615), (-7.024269, 0.575594, -1.822804)
(-6.71616, 0.600302, -1.667942), (-6.561624, 0.619167, -1.668219), (-6.559814, 0.616728, -1.825403)
(-6.71616, 0.600302, -1.667942), (-6.717983, 0.602271, -1.510746), (-6.561624, 0.619167, -1.668219)
(-6.870778, 0.585598, -1.667425), (-6.71616, 0.600302, -1.667942), (-6.714544, 0.599241, -1.824742)
(-6.870778, 0.585598, -1.667425), (-6.872403, 0.586337, -1.510611), (-6.71616, 0.600302, -1.667942)
(-7.025519, 0.57444, -1.666644), (-6.870778, 0.585598, -1.667425), (-6.869345, 0.585678, -1.82389)
(-7.025519, 0.57444, -1.666644), (-7.026951, 0.574048, -1.510172), (-6.870778, 0.585598, -1.667425)
(-7.180411, 0.566137, -1.665615), (-7.025519, 0.57444, -1.666644), (-7.024269, 0.575594, -1.822804)
(-7.180411, 0.566137, -1.665615), (-7.18164, 0.564703, -1.509452), (-7.025519, 0.57444, -1.666644)
(-6.717983, 0.602271, -1.510746), (-6.719956, 0.604287, -1.353269), (-6.563656, 0.622456, -1.510603)
(-6.717983, 0.602271, -1.510746), (-6.563656, 0.622456, -1.510603), (-6.561624, 0.619167, -1.668219)
(-6.872403, 0.586337, -1.510611), (-6.874155, 0.587033, -1.353569), (-6.717983, 0.602271, -1.510746)
(-6.872403, 0.586337, -1.510611), (-6.717983, 0.602271, -1.510746), (-6.71616, 0.600302, -1.667942)
(-7.026951, 0.574048, -1.510172), (-7.02848, 0.573482, -1.35353), (-6.872403, 0.586337, -1.510611)
(-7.026951, 0.574048, -1.510172), (-6.872403, 0.586337, -1.510611), (-6.870778, 0.585598, -1.667425)
(-7.18164, 0.564703, -1.509452), (-7.182965, 0.563185, -1.353135), (-7.026951, 0.574048, -1.510172)
(-7.18164, 0.564703, -1.509452), (-7.026951, 0.574048, -1.510172), (-7.025519, 0.57444, -1.666644)
# -6.3107102166866635, 0, -1.7032205833533307
(-6.093744, 0.69604, -1.984171), (-5.938826, 0.73519, -1.984668), (-5.936947, 0.73122, -2.142011)
(-6.093744, 0.69604, -1.984171), (-6.095793, 0.700439, -1.826471), (-5.938826, 0.73519, -1.984668)
(-6.248589, 0.663202, -1.983608), (-6.093744, 0.69604, -1.984171), (-6.091996, 0.692398, -2.141315)
(-6.248589, 0.663202, -1.983608), (-6.250483, 0.666834, -1.826215), (-6.093744, 0.69604, -1.984171)
(-6.403406, 0.636368, -1.982955), (-6.248589, 0.663202, -1.983608), (-6.246977, 0.660251, -2.140517)
(-6.403406, 0.636368, -1.982955), (-6.40514, 0.639051, -1.825879), (-6.248589, 0.663202, -1.983608)
(-6.558246, 0.615178, -1.982156), (-6.403406, 0.636368, -1.982955), (-6.401945, 0.634569, -2.139588)
(-6.558246, 0.615178, -1.982156), (-6.559814, 0.616728, -1.825403), (-6.403406, 0.636368, -1.982955)
(-6.095793, 0.700439, -1.826471), (-6.098129, 0.705463, -1.66819), (-5.941001, 0.739495, -1.826732)
(-6.095793, 0.700439, -1.826471), (-5.941001, 0.739495, -1.826732), (-5.938826, 0.73519, -1.984668)
(-6.250483, 0.666834, -1.826215), (-6.095793, 0.700439, -1.826471), (-6.093744, 0.69604, -1.984171)
(-6.250483, 0.666834, -1.826215), (-6.25266, 0.671456, -1.668272), (-6.095793, 0.700439, -1.826471)
(-6.40514, 0.639051, -1.825879), (-6.407136, 0.64267, -1.668315), (-6.250483, 0.666834, -1.826215)
(-6.40514, 0.639051, -1.825879), (-6.250483, 0.666834, -1.826215), (-6.248589, 0.663202, -1.983608)
(-6.559814, 0.616728, -1.825403), (-6.40514, 0.639051, -1.825879), (-6.403406, 0.636368, -1.982955)
(-6.559814, 0.616728, -1.825403), (-6.561624, 0.619167, -1.668219), (-6.40514, 0.639051, -1.825879)
(-6.407136, 0.64267, -1.668315), (-6.25266, 0.671456, -1.668272), (-6.250483, 0.666834, -1.826215)
(-6.407136, 0.64267, -1.668315), (-6.409381, 0.647375, -1.510243), (-6.25266, 0.671456, -1.668272)
(-6.25266, 0.671456, -1.668272), (-6.098129, 0.705463, -1.66819), (-6.095793, 0.700439, -1.826471)
(-6.25266, 0.671456, -1.668272), (-6.255096, 0.676962, -1.509783), (-6.098129, 0.705463, -1.66819)
(-6.561624, 0.619167, -1.668219), (-6.407136, 0.64267, -1.668315), (-6.40514, 0.639051, -1.825879)
(-6.561624, 0.619167, -1.668219), (-6.563656, 0.622456, -1.510603), (-6.407136, 0.64267, -1.668315)
(-6.098129, 0.705463, -1.66819), (-5.943474, 0.744364, -1.668148), (-5.941001, 0.739495, -1.826732)
(-6.098129, 0.705463, -1.66819), (-6.100737, 0.711235, -1.509309), (-5.943474, 0.744364, -1.668148)
(-6.563656, 0.622456, -1.510603), (-6.565862, 0.625922, -1.352643), (-6.409381, 0.647375, -1.510243)
(-6.563656, 0.622456, -1.510603), (-6.409381, 0.647375, -1.510243), (-6.407136, 0.64267, -1.668315)
(-6.409381, 0.647375, -1.510243), (-6.411814, 0.652053, -1.351797), (-6.255096, 0.676962, -1.509783)
(-6.409381, 0.647375, -1.510243), (-6.255096, 0.676962, -1.509783), (-6.25266, 0.671456, -1.668272)
(-6.255096, 0.676962, -1.509783), (-6.257747, 0.682561, -1.350852), (-6.100737, 0.711235, -1.509309)
(-6.255096, 0.676962, -1.509783), (-6.100737, 0.711235, -1.509309), (-6.098129, 0.705463, -1.66819)
(-6.100737, 0.711235, -1.509309), (-6.103584, 0.717141, -1.349922), (-5.94623, 0.749794, -1.508908)
(-6.100737, 0.711235, -1.509309), (-5.94623, 0.749794, -1.508908), (-5.943474, 0.744364, -1.668148)
# -5.642939983353331, 0, -1.7032205833533307
(-5.316891, 0.935013, -1.986517), (-5.160495, 0.987164, -1.986931), (-5.158234, 0.990569, -2.144359)
(-5.316891, 0.935013, -1.986517), (-5.319355, 0.932878, -1.828243), (-5.160495, 0.987164, -1.986931)
(-5.472861, 0.881703, -1.986065), (-5.316891, 0.935013, -1.986517), (-5.314668, 0.935962, -2.144048)
(-5.472861, 0.881703, -1.986065), (-5.475288, 0.881991, -1.827775), (-5.316891, 0.935013, -1.986517)
(-5.628463, 0.829347, -1.985617), (-5.472861, 0.881703, -1.986065), (-5.470696, 0.880584, -2.143636)
(-5.628463, 0.829347, -1.985617), (-5.630829, 0.831568, -1.827386), (-5.472861, 0.881703, -1.986065)
(-5.783756, 0.779988, -1.985145), (-5.628463, 0.829347, -1.985617), (-5.626377, 0.826657, -2.143176)
(-5.783756, 0.779988, -1.985145), (-5.786038, 0.783556, -1.827032), (-5.628463, 0.829347, -1.985617)
(-5.938826, 0.73519, -1.984668), (-5.783756, 0.779988, -1.985145), (-5.781769, 0.776369, -2.142624)
(-5.938826, 0.73519, -1.984668), (-5.941001, 0.739495, -1.826732), (-5.783756, 0.779988, -1.985145)
(-5.319355, 0.932878, -1.828243), (-5.162973, 0.982378, -1.828756), (-5.160495, 0.987164, -1.986931)
(-5.319355, 0.932878, -1.828243), (-5.322072, 0.930115, -1.669109), (-5.162973, 0.982378, -1.828756)
(-5.475288, 0.881991, -1.827775), (-5.477993, 0.881988, -1.668679), (-5.319355, 0.932878, -1.828243)
(-5.475288, 0.881991, -1.827775), (-5.319355, 0.932878, -1.828243), (-5.316891, 0.935013, -1.986517)
(-5.630829, 0.831568, -1.827386), (-5.475288, 0.881991, -1.827775), (-5.472861, 0.881703, -1.986065)
(-5.630829, 0.831568, -1.827386), (-5.633487, 0.833854, -1.668384), (-5.475288, 0.881991, -1.827775)
(-5.786038, 0.783556, -1.827032), (-5.788618, 0.787468, -1.66821), (-5.630829, 0.831568, -1.827386)
(-5.786038, 0.783556, -1.827032), (-5.630829, 0.831568, -1.827386), (-5.628463, 0.829347, -1.985617)
(-5.941001, 0.739495, -1.826732), (-5.786038, 0.783556, -1.827032), (-5.783756, 0.779988, -1.985145)
(-5.941001, 0.739495, -1.826732), (-5.943474, 0.744364, -1.668148), (-5.786038, 0.783556, -1.827032)
(-5.322072, 0.930115, -1.669109), (-5.165682, 0.976573, -1.669674), (-5.162973, 0.982378, -1.828756)
(-5.322072, 0.930115, -1.669109), (-5.325051, 0.926951, -1.509014), (-5.165682, 0.976573, -1.669674)
(-5.477993, 0.881988, -1.668679), (-5.322072, 0.930115, -1.669109), (-5.319355, 0.932878, -1.828243)
(-5.477993, 0.881988, -1.668679), (-5.480974, 0.88193, -1.50869), (-5.322072, 0.930115, -1.669109)
(-5.633487, 0.833854, -1.668384), (-5.477993, 0.881988, -1.668679), (-5.475288, 0.881991, -1.827775)
(-5.633487, 0.833854, -1.668384), (-5.636428, 0.836378, -1.508566), (-5.477993, 0.881988, -1.668679)
(-5.788618, 0.787468, -1.66821), (-5.633487, 0.833854, -1.668384), (-5.630829, 0.831568, -1.827386)
(-5.788618, 0.787468, -1.66821), (-5.791488, 0.791896, -1.508642), (-5.633487, 0.833854, -1.668384)
(-5.943474, 0.744364, -1.668148), (-5.788618, 0.787468, -1.66821), (-5.786038, 0.783556, -1.827032)
(-5.943474, 0.744364, -1.668148), (-5.94623, 0.749794, -1.508908), (-5.788618, 0.787468, -1.66821)
(-5.325051, 0.926951, -1.509014), (-5.328342, 0.924267, -1.348088), (-5.168608, 0.96967, -1.509492)
(-5.325051, 0.926951, -1.509014), (-5.168608, 0.96967, -1.509492), (-5.165682, 0.976573, -1.669674)
(-5.94623, 0.749794, -1.508908), (-5.949247, 0.755412, -1.349093), (-5.791488, 0.791896, -1.508642)
(-5.94623, 0.749794, -1.508908), (-5.791488, 0.791896, -1.508642), (-5.788618, 0.787468, -1.66821)
(-5.480974, 0.88193, -1.50869), (-5.484262, 0.882226, -1.347937), (-5.325051, 0.926951, -1.509014)
(-5.480974, 0.88193, -1.50869), (-5.325051, 0.926951, -1.509014), (-5.322072, 0.930115, -1.669109)
(-5.791488, 0.791896, -1.508642), (-5.794637, 0.796446, -1.34845), (-5.636428, 0.836378, -1.508566)
(-5.791488, 0.791896, -1.508642), (-5.636428, 0.836378, -1.508566), (-5.633487, 0.833854, -1.668384)
(-5.636428, 0.836378, -1.508566), (-5.639667, 0.839136, -1.348052), (-5.480974, 0.88193, -1.50869)
(-5.636428, 0.836378, -1.508566), (-5.480974, 0.88193, -1.50869), (-5.477993, 0.881988, -1.668679)
# -4.975169750019997, 0, -1.7032205833533307
(-4.688573, 1.11768, -1.987727), (-4.530369, 1.146309, -1.987706), (-4.52823, 1.161245, -2.144343)
(-4.688573, 1.11768, -1.987727), (-4.690896, 1.102983, -1.830022), (-4.530369, 1.146309, -1.987706)
(-4.846345, 1.080545, -1.98759), (-4.688573, 1.11768, -1.987727), (-4.686359, 1.129832, -2.14462)
(-4.846345, 1.080545, -1.98759), (-4.84874, 1.069026, -1.829652), (-4.688573, 1.11768, -1.987727)
(-5.003645, 1.036173, -1.987285), (-4.846345, 1.080545, -1.98759), (-4.84408, 1.089496, -2.14468)
(-5.003645, 1.036173, -1.987285), (-5.006113, 1.028514, -1.829256), (-4.846345, 1.080545, -1.98759)
(-5.160495, 0.987164, -1.986931), (-5.003645, 1.036173, -1.987285), (-5.001373, 1.042415, -2.144579)
(-5.160495, 0.987164, -1.986931), (-5.162973, 0.982378, -1.828756), (-5.003645, 1.036173, -1.987285)
(-4.690896, 1.102983, -1.830022), (-4.532596, 1.128852, -1.830297), (-4.530369, 1.146309, -1.987706)
(-4.690896, 1.102983, -1.830022), (-4.693355, 1.086352, -1.671353), (-4.532596, 1.128852, -1.830297)
(-4.84874, 1.069026, -1.829652), (-4.851315, 1.05615, -1.670798), (-4.690896, 1.102983, -1.830022)
(-4.84874, 1.069026, -1.829652), (-4.690896, 1.102983, -1.830022), (-4.688573, 1.11768, -1.987727)
(-5.006113, 1.028514, -1.829256), (-4.84874, 1.069026, -1.829652), (-4.846345, 1.080545, -1.98759)
(-5.006113, 1.028514, -1.829256), (-5.008767, 1.019237, -1.670255), (-4.84874, 1.069026, -1.829652)
(-5.162973, 0.982378, -1.828756), (-5.165682, 0.976573, -1.669674), (-5.006113, 1.028514, -1.829256)
(-5.162973, 0.982378, -1.828756), (-5.006113, 1.028514, -1.829256), (-5.003645, 1.036173, -1.987285)
(-4.693355, 1.086352, -1.671353), (-4.534927, 1.109136, -1.671925), (-4.532596, 1.128852, -1.830297)
(-4.693355, 1.086352, -1.671353), (-4.695974, 1.068098, -1.511537), (-4.534927, 1.109136, -1.671925)
(-4.851315, 1.05615, -1.670798), (-4.693355, 1.086352, -1.671353), (-4.690896, 1.102983, -1.830022)
(-4.851315, 1.05615, -1.670798), (-4.85406, 1.041486, -1.510766), (-4.693355, 1.086352, -1.671353)
(-5.008767, 1.019237, -1.670255), (-4.851315, 1.05615, -1.670798), (-4.84874, 1.069026, -1.829652)
(-5.008767, 1.019237, -1.670255), (-5.011621, 1.008531, -1.510119), (-4.851315, 1.05615, -1.670798)
(-5.165682, 0.976573, -1.669674), (-5.008767, 1.019237, -1.670255), (-5.006113, 1.028514, -1.829256)
(-5.165682, 0.976573, -1.669674), (-5.168608, 0.96967, -1.509492), (-5.008767, 1.019237, -1.670255)
(-4.695974, 1.068098, -1.511537), (-4.698864, 1.051179, -1.350771), (-4.537367, 1.086648, -1.512271)
(-4.695974, 1.068098, -1.511537), (-4.537367, 1.086648, -1.512271), (-4.534927, 1.109136, -1.671925)
(-4.85406, 1.041486, -1.510766), (-4.857111, 1.028292, -1.34985), (-4.695974, 1.068098, -1.511537)
(-4.85406, 1.041486, -1.510766), (-4.695974, 1.068098, -1.511537), (-4.693355, 1.086352, -1.671353)
(-5.011621, 1.008531, -1.510119), (-5.014788, 0.99885, -1.349095), (-4.85406, 1.041486, -1.510766)
(-5.011621, 1.008531, -1.510119), (-4.85406, 1.041486, -1.510766), (-4.851315, 1.05615, -1.670798)
(-5.168608, 0.96967, -1.509492), (-5.171857, 0.963637, -1.348481), (-5.011621, 1.008531, -1.510119)
(-5.168608, 0.96967, -1.509492), (-5.011621, 1.008531, -1.510119), (-5.008767, 1.019237, -1.670255)
# -4.307399516686664, 0, -1.7032205833533307
(-4.530369, 1.146309, -1.987706), (-4.371794, 1.165634, -1.987516), (-4.369776, 1.183624, -2.14392)
(-4.530369, 1.146309, -1.987706), (-4.532596, 1.128852, -1.830297), (-4.371794, 1.165634, -1.987516)
(-4.371794, 1.165634, -1.987516), (-4.212903, 1.174336, -1.987083), (-4.211036, 1.194594, -2.143227)
(-4.371794, 1.165634, -1.987516), (-4.373884, 1.145433, -1.830406), (-4.212903, 1.174336, -1.987083)
(-4.212903, 1.174336, -1.987083), (-4.053811, 1.173715, -1.986493), (-4.052139, 1.196595, -2.142412)
(-4.212903, 1.174336, -1.987083), (-4.214815, 1.151244, -1.830232), (-4.053811, 1.173715, -1.986493)
(-4.053811, 1.173715, -1.986493), (-3.894604, 1.163314, -1.985678), (-3.893161, 1.188075, -2.141365)
(-4.053811, 1.173715, -1.986493), (-4.055518, 1.148464, -1.829949), (-3.894604, 1.163314, -1.985678)
(-4.373884, 1.145433, -1.830406), (-4.214815, 1.151244, -1.830232), (-4.212903, 1.174336, -1.987083)
(-4.373884, 1.145433, -1.830406), (-4.376045, 1.122408, -1.672317), (-4.214815, 1.151244, -1.830232)
(-4.532596, 1.128852, -1.830297), (-4.534927, 1.109136, -1.671925), (-4.373884, 1.145433, -1.830406)
(-4.532596, 1.128852, -1.830297), (-4.373884, 1.145433, -1.830406), (-4.371794, 1.165634, -1.987516)
(-4.214815, 1.151244, -1.830232), (-4.216794, 1.12603, -1.67253), (-4.055518, 1.148464, -1.829949)
(-4.214815, 1.151244, -1.830232), (-4.055518, 1.148464, -1.829949), (-4.053811, 1.173715, -1.986493)
(-4.055518, 1.148464, -1.829949), (-3.896073, 1.136551, -1.829449), (-3.894604, 1.163314, -1.985678)
(-4.055518, 1.148464, -1.829949), (-4.057277, 1.120764, -1.672573), (-3.896073, 1.136551, -1.829449)
(-4.057277, 1.120764, -1.672573), (-3.897589, 1.10735, -1.672446), (-3.896073, 1.136551, -1.829449)
(-4.057277, 1.120764, -1.672573), (-4.059133, 1.091378, -1.514139), (-3.897589, 1.10735, -1.672446)
(-4.216794, 1.12603, -1.67253), (-4.057277, 1.120764, -1.672573), (-4.055518, 1.148464, -1.829949)
(-4.216794, 1.12603, -1.67253), (-4.218871, 1.098509, -1.513664), (-4.057277, 1.120764, -1.672573)
(-4.376045, 1.122408, -1.672317), (-4.216794, 1.12603, -1.67253), (-4.214815, 1.151244, -1.830232)
(-4.376045, 1.122408, -1.672317), (-4.378313, 1.096985, -1.513011), (-4.216794, 1.12603, -1.67253)
(-4.534927, 1.109136, -1.671925), (-4.376045, 1.122408, -1.672317), (-4.373884, 1.145433, -1.830406)
(-4.534927, 1.109136, -1.671925), (-4.537367, 1.086648, -1.512271), (-4.376045, 1.122408, -1.672317)
(-4.059133, 1.091378, -1.514139), (-4.061124, 1.063448, -1.354788), (-3.899208, 1.075975, -1.514326)
(-4.059133, 1.091378, -1.514139), (-3.899208, 1.075975, -1.514326), (-3.897589, 1.10735, -1.672446)
(-4.218871, 1.098509, -1.513664), (-4.221122, 1.072732, -1.353898), (-4.059133, 1.091378, -1.514139)
(-4.218871, 1.098509, -1.513664), (-4.059133, 1.091378, -1.514139), (-4.057277, 1.120764, -1.672573)
(-4.378313, 1.096985, -1.513011), (-4.380796, 1.07353, -1.352808), (-4.218871, 1.098509, -1.513664)
(-4.378313, 1.096985, -1.513011), (-4.218871, 1.098509, -1.513664), (-4.216794, 1.12603, -1.67253)
(-4.537367, 1.086648, -1.512271), (-4.540069, 1.066353, -1.351762), (-4.378313, 1.096985, -1.513011)
(-4.537367, 1.086648, -1.512271), (-4.378313, 1.096985, -1.513011), (-4.376045, 1.122408, -1.672317)
# -3.6396292833533312, 0, -1.7032205833533307
(-3.894604, 1.163314, -1.985678), (-3.735394, 1.144096, -1.984628), (-3.734212, 1.170589, -2.140147)
(-3.894604, 1.163314, -1.985678), (-3.896073, 1.136551, -1.829449), (-3.735394, 1.144096, -1.984628)
(-3.735394, 1.144096, -1.984628), (-3.576283, 1.117576, -1.98336), (-3.575396, 1.144679, -2.138725)
(-3.735394, 1.144096, -1.984628), (-3.736592, 1.11609, -1.828668), (-3.576283, 1.117576, -1.98336)
(-3.576283, 1.117576, -1.98336), (-3.417414, 1.084552, -1.981786), (-3.41683, 1.112018, -2.137085)
(-3.576283, 1.117576, -1.98336), (-3.577211, 1.088218, -1.827539), (-3.417414, 1.084552, -1.981786)
(-3.417414, 1.084552, -1.981786), (-3.258899, 1.047897, -1.979939), (-3.258643, 1.074735, -2.135217)
(-3.417414, 1.084552, -1.981786), (-3.418038, 1.055554, -1.826144), (-3.258899, 1.047897, -1.979939)
(-3.896073, 1.136551, -1.829449), (-3.897589, 1.10735, -1.672446), (-3.736592, 1.11609, -1.828668)
(-3.896073, 1.136551, -1.829449), (-3.736592, 1.11609, -1.828668), (-3.735394, 1.144096, -1.984628)
(-3.736592, 1.11609, -1.828668), (-3.577211, 1.088218, -1.827539), (-3.576283, 1.117576, -1.98336)
(-3.736592, 1.11609, -1.828668), (-3.737847, 1.085547, -1.671972), (-3.577211, 1.088218, -1.827539)
(-3.577211, 1.088218, -1.827539), (-3.578187, 1.05738, -1.671169), (-3.418038, 1.055554, -1.826144)
(-3.577211, 1.088218, -1.827539), (-3.418038, 1.055554, -1.826144), (-3.417414, 1.084552, -1.981786)
(-3.418038, 1.055554, -1.826144), (-3.259194, 1.019981, -1.824411), (-3.258899, 1.047897, -1.979939)
(-3.418038, 1.055554, -1.826144), (-3.41873, 1.025148, -1.670008), (-3.259194, 1.019981, -1.824411)
(-3.897589, 1.10735, -1.672446), (-3.737847, 1.085547, -1.671972), (-3.736592, 1.11609, -1.828668)
(-3.897589, 1.10735, -1.672446), (-3.899208, 1.075975, -1.514326), (-3.737847, 1.085547, -1.671972)
(-3.737847, 1.085547, -1.671972), (-3.578187, 1.05738, -1.671169), (-3.577211, 1.088218, -1.827539)
(-3.737847, 1.085547, -1.671972), (-3.739218, 1.053791, -1.514304), (-3.578187, 1.05738, -1.671169)
(-3.578187, 1.05738, -1.671169), (-3.41873, 1.025148, -1.670008), (-3.418038, 1.055554, -1.826144)
(-3.578187, 1.05738, -1.671169), (-3.579283, 1.026037, -1.513965), (-3.41873, 1.025148, -1.670008)
(-3.41873, 1.025148, -1.670008), (-3.259568, 0.991062, -1.668477), (-3.259194, 1.019981, -1.824411)
(-3.41873, 1.025148, -1.670008), (-3.419535, 0.994913, -1.513191), (-3.259568, 0.991062, -1.668477)
(-3.899208, 1.075975, -1.514326), (-3.900928, 1.046698, -1.355457), (-3.739218, 1.053791, -1.514304)
(-3.899208, 1.075975, -1.514326), (-3.739218, 1.053791, -1.514304), (-3.737847, 1.085547, -1.671972)
(-3.739218, 1.053791, -1.514304), (-3.740656, 1.023819, -1.355904), (-3.579283, 1.026037, -1.513965)
(-3.739218, 1.053791, -1.514304), (-3.579283, 1.026037, -1.513965), (-3.578187, 1.05738, -1.671169)
(-3.579283, 1.026037, -1.513965), (-3.58042, 0.99625, -1.356097), (-3.419535, 0.994913, -1.513191)
(-3.579283, 1.026037, -1.513965), (-3.419535, 0.994913, -1.513191), (-3.41873, 1.025148, -1.670008)
(-3.419535, 0.994913, -1.513191), (-3.420372, 0.966204, -1.355754), (-3.260107, 0.96308, -1.511869)
(-3.419535, 0.994913, -1.513191), (-3.260107, 0.96308, -1.511869), (-3.259568, 0.991062, -1.668477)
# -2.9718590500199973, 0, -1.7032205833533307
(-3.258899, 1.047897, -1.979939), (-3.100826, 1.01039, -1.977813), (-3.100888, 1.035807, -2.133171)
(-3.258899, 1.047897, -1.979939), (-3.259194, 1.019981, -1.824411), (-3.100826, 1.01039, -1.977813)
(-3.100826, 1.01039, -1.977813), (-2.943285, 0.974797, -1.975367), (-2.943685, 0.997774, -2.130895)
(-3.100826, 1.01039, -1.977813), (-3.100786, 0.984235, -1.822289), (-2.943285, 0.974797, -1.975367)
(-2.943285, 0.974797, -1.975367), (-2.786251, 0.943506, -1.972627), (-2.786968, 0.963042, -2.128435)
(-2.943285, 0.974797, -1.975367), (-2.942923, 0.951508, -1.819718), (-2.786251, 0.943506, -1.972627)
(-2.786251, 0.943506, -1.972627), (-2.629739, 0.918894, -1.969562), (-2.630785, 0.934218, -2.125751)
(-2.786251, 0.943506, -1.972627), (-2.78554, 0.923869, -1.816762), (-2.629739, 0.918894, -1.969562)
(-3.259194, 1.019981, -1.824411), (-3.259568, 0.991062, -1.668477), (-3.100786, 0.984235, -1.822289)
(-3.259194, 1.019981, -1.824411), (-3.100786, 0.984235, -1.822289), (-3.100826, 1.01039, -1.977813)
(-3.100786, 0.984235, -1.822289), (-2.942923, 0.951508, -1.819718), (-2.943285, 0.974797, -1.975367)
(-3.100786, 0.984235, -1.822289), (-3.100851, 0.957706, -1.666433), (-2.942923, 0.951508, -1.819718)
(-2.942923, 0.951508, -1.819718), (-2.942626, 0.928079, -1.663873), (-2.78554, 0.923869, -1.816762)
(-2.942923, 0.951508, -1.819718), (-2.78554, 0.923869, -1.816762), (-2.786251, 0.943506, -1.972627)
(-2.78554, 0.923869, -1.816762), (-2.628667, 0.903593, -1.813359), (-2.629739, 0.918894, -1.969562)
(-2.78554, 0.923869, -1.816762), (-2.784894, 0.904698, -1.660759), (-2.628667, 0.903593, -1.813359)
(-3.259568, 0.991062, -1.668477), (-3.100851, 0.957706, -1.666433), (-3.100786, 0.984235, -1.822289)
(-3.259568, 0.991062, -1.668477), (-3.260107, 0.96308, -1.511869), (-3.100851, 0.957706, -1.666433)
(-3.100851, 0.957706, -1.666433), (-2.942626, 0.928079, -1.663873), (-2.942923, 0.951508, -1.819718)
(-3.100851, 0.957706, -1.666433), (-3.101054, 0.932769, -1.510062), (-2.942626, 0.928079, -1.663873)
(-2.942626, 0.928079, -1.663873), (-2.784894, 0.904698, -1.660759), (-2.78554, 0.923869, -1.816762)
(-2.942626, 0.928079, -1.663873), (-2.942451, 0.906646, -1.507646), (-2.784894, 0.904698, -1.660759)
(-2.784894, 0.904698, -1.660759), (-2.627631, 0.889166, -1.657076), (-2.628667, 0.903593, -1.813359)
(-2.784894, 0.904698, -1.660759), (-2.784322, 0.887533, -1.504508), (-2.627631, 0.889166, -1.657076)
(-3.260107, 0.96308, -1.511869), (-3.260622, 0.936382, -1.354837), (-3.101054, 0.932769, -1.510062)
(-3.260107, 0.96308, -1.511869), (-3.101054, 0.932769, -1.510062), (-3.100851, 0.957706, -1.666433)
(-3.101054, 0.932769, -1.510062), (-3.101235, 0.909102, -1.35332), (-2.942451, 0.906646, -1.507646)
(-3.101054, 0.932769, -1.510062), (-2.942451, 0.906646, -1.507646), (-2.942626, 0.928079, -1.663873)
(-2.942451, 0.906646, -1.507646), (-2.942249, 0.886416, -1.35114), (-2.784322, 0.887533, -1.504508)
(-2.942451, 0.906646, -1.507646), (-2.784322, 0.887533, -1.504508), (-2.784894, 0.904698, -1.660759)
(-2.784322, 0.887533, -1.504508), (-2.783721, 0.871916, -1.348039), (-2.626663, 0.877715, -1.500582)
(-2.784322, 0.887533, -1.504508), (-2.626663, 0.877715, -1.500582), (-2.627631, 0.889166, -1.657076)
# -2.304088816686664, 0, -1.7032205833533307
(-2.629739, 0.918894, -1.969562), (-2.473693, 0.90246, -1.966181), (-2.475047, 0.912512, -2.122877)
(-2.629739, 0.918894, -1.969562), (-2.628667, 0.903593, -1.813359), (-2.473693, 0.90246, -1.966181)
(-2.473693, 0.90246, -1.966181), (-2.318031, 0.894646, -1.96253), (-2.319691, 0.899105, -2.119832)
(-2.473693, 0.90246, -1.966181), (-2.472269, 0.892339, -1.809499), (-2.318031, 0.894646, -1.96253)
(-2.318031, 0.894646, -1.96253), (-2.162665, 0.895906, -1.958676), (-2.164612, 0.89417, -2.11667)
(-2.318031, 0.894646, -1.96253), (-2.316271, 0.890906, -1.805234), (-2.162665, 0.895906, -1.958676)
(-2.162665, 0.895906, -1.958676), (-2.007467, 0.904658, -1.954756), (-2.009676, 0.896959, -2.113496)
(-2.162665, 0.895906, -1.958676), (-2.160553, 0.897881, -1.800702), (-2.007467, 0.904658, -1.954756)
(-2.007467, 0.904658, -1.954756), (-1.852329, 0.918831, -1.950945), (-1.854772, 0.905365, -2.110443)
(-2.007467, 0.904658, -1.954756), (-2.005031, 0.912222, -1.796039), (-1.852329, 0.918831, -1.950945)
(-2.628667, 0.903593, -1.813359), (-2.627631, 0.889166, -1.657076), (-2.472269, 0.892339, -1.809499)
(-2.628667, 0.903593, -1.813359), (-2.472269, 0.892339, -1.809499), (-2.473693, 0.90246, -1.966181)
(-2.472269, 0.892339, -1.809499), (-2.316271, 0.890906, -1.805234), (-2.318031, 0.894646, -1.96253)
(-2.472269, 0.892339, -1.809499), (-2.470841, 0.883587, -1.652777), (-2.316271, 0.890906, -1.805234)
(-2.316271, 0.890906, -1.805234), (-2.31443, 0.887887, -1.647958), (-2.160553, 0.897881, -1.800702)
(-2.316271, 0.890906, -1.805234), (-2.160553, 0.897881, -1.800702), (-2.162665, 0.895906, -1.958676)
(-2.160553, 0.897881, -1.800702), (-2.005031, 0.912222, -1.796039), (-2.007467, 0.904658, -1.954756)
(-2.160553, 0.897881, -1.800702), (-2.158302, 0.900613, -1.642779), (-2.005031, 0.912222, -1.796039)
(-2.005031, 0.912222, -1.796039), (-2.00239, 0.920075, -1.637414), (-1.849611, 0.931698, -1.791463)
(-2.005031, 0.912222, -1.796039), (-1.849611, 0.931698, -1.791463), (-1.852329, 0.918831, -1.950945)
(-2.627631, 0.889166, -1.657076), (-2.470841, 0.883587, -1.652777), (-2.472269, 0.892339, -1.809499)
(-2.627631, 0.889166, -1.657076), (-2.626663, 0.877715, -1.500582), (-2.470841, 0.883587, -1.652777)
(-2.470841, 0.883587, -1.652777), (-2.31443, 0.887887, -1.647958), (-2.316271, 0.890906, -1.805234)
(-2.470841, 0.883587, -1.652777), (-2.469406, 0.877116, -1.495976), (-2.31443, 0.887887, -1.647958)
(-2.31443, 0.887887, -1.647958), (-2.158302, 0.900613, -1.642779), (-2.160553, 0.897881, -1.800702)
(-2.31443, 0.887887, -1.647958), (-2.312519, 0.886716, -1.4907), (-2.158302, 0.900613, -1.642779)
(-2.158302, 0.900613, -1.642779), (-2.00239, 0.920075, -1.637414), (-2.005031, 0.912222, -1.796039)
(-2.158302, 0.900613, -1.642779), (-2.155915, 0.904163, -1.484978), (-2.00239, 0.920075, -1.637414)
(-2.00239, 0.920075, -1.637414), (-1.846623, 0.944147, -1.632127), (-1.849611, 0.931698, -1.791463)
(-2.00239, 0.920075, -1.637414), (-1.999554, 0.928077, -1.479026), (-1.846623, 0.944147, -1.632127)
(-2.626663, 0.877715, -1.500582), (-2.625617, 0.866941, -1.344023), (-2.469406, 0.877116, -1.495976)
(-2.626663, 0.877715, -1.500582), (-2.469406, 0.877116, -1.495976), (-2.470841, 0.883587, -1.652777)
(-2.469406, 0.877116, -1.495976), (-2.467884, 0.871593, -1.339163), (-2.312519, 0.886716, -1.4907)
(-2.469406, 0.877116, -1.495976), (-2.312519, 0.886716, -1.4907), (-2.31443, 0.887887, -1.647958)
(-2.312519, 0.886716, -1.4907), (-2.310489, 0.885887, -1.333525), (-2.155915, 0.904163, -1.484978)
(-2.312519, 0.886716, -1.4907), (-2.155915, 0.904163, -1.484978), (-2.158302, 0.900613, -1.642779)
(-2.155915, 0.904163, -1.484978), (-2.153384, 0.907894, -1.327329), (-1.999554, 0.928077, -1.479026)
(-2.155915, 0.904163, -1.484978), (-1.999554, 0.928077, -1.479026), (-2.00239, 0.920075, -1.637414)
(-1.999554, 0.928077, -1.479026), (-1.996548, 0.935443, -1.320859), (-1.843388, 0.955391, -1.47314)
(-1.999554, 0.928077, -1.479026), (-1.843388, 0.955391, -1.47314), (-1.846623, 0.944147, -1.632127)
# -1.6363185833533305, 0, -1.7032205833533307
(-1.852329, 0.918831, -1.950945), (-1.697157, 0.935919, -1.947456), (-1.699778, 0.917444, -2.107686)
(-1.852329, 0.918831, -1.950945), (-1.849611, 0.931698, -1.791463), (-1.697157, 0.935919, -1.947456)
(-1.697157, 0.935919, -1.947456), (-1.541911, 0.95308, -1.944484), (-1.544665, 0.930432, -2.105375)
(-1.697157, 0.935919, -1.947456), (-1.694208, 0.953325, -1.787255), (-1.541911, 0.95308, -1.944484)
(-1.541911, 0.95308, -1.944484), (-1.38655, 0.967622, -1.942246), (-1.389362, 0.941753, -2.10371)
(-1.541911, 0.95308, -1.944484), (-1.538807, 0.974136, -1.783618), (-1.38655, 0.967622, -1.942246)
(-1.38655, 0.967622, -1.942246), (-1.231077, 0.977224, -1.940924), (-1.233883, 0.949337, -2.102813)
(-1.38655, 0.967622, -1.942246), (-1.383379, 0.991526, -1.780799), (-1.231077, 0.977224, -1.940924)
(-1.849611, 0.931698, -1.791463), (-1.694208, 0.953325, -1.787255), (-1.697157, 0.935919, -1.947456)
(-1.849611, 0.931698, -1.791463), (-1.846623, 0.944147, -1.632127), (-1.694208, 0.953325, -1.787255)
(-1.694208, 0.953325, -1.787255), (-1.690947, 0.9695, -1.62722), (-1.538807, 0.974136, -1.783618)
(-1.694208, 0.953325, -1.787255), (-1.538807, 0.974136, -1.783618), (-1.541911, 0.95308, -1.944484)
(-1.538807, 0.974136, -1.783618), (-1.383379, 0.991526, -1.780799), (-1.38655, 0.967622, -1.942246)
(-1.538807, 0.974136, -1.783618), (-1.535349, 0.993023, -1.622992), (-1.383379, 0.991526, -1.780799)
(-1.383379, 0.991526, -1.780799), (-1.379832, 1.012293, -1.619665), (-1.227919, 1.002927, -1.779036)
(-1.383379, 0.991526, -1.780799), (-1.227919, 1.002927, -1.779036), (-1.231077, 0.977224, -1.940924)
(-1.846623, 0.944147, -1.632127), (-1.690947, 0.9695, -1.62722), (-1.694208, 0.953325, -1.787255)
(-1.846623, 0.944147, -1.632127), (-1.843388, 0.955391, -1.47314), (-1.690947, 0.9695, -1.62722)
(-1.690947, 0.9695, -1.62722), (-1.535349, 0.993023, -1.622992), (-1.538807, 0.974136, -1.783618)
(-1.690947, 0.9695, -1.62722), (-1.687396, 0.983245, -1.467647), (-1.535349, 0.993023, -1.622992)
(-1.535349, 0.993023, -1.622992), (-1.379832, 1.012293, -1.619665), (-1.383379, 0.991526, -1.780799)
(-1.535349, 0.993023, -1.622992), (-1.531581, 1.00827, -1.462933), (-1.379832, 1.012293, -1.619665)
(-1.379832, 1.012293, -1.619665), (-1.224372, 1.024474, -1.617546), (-1.227919, 1.002927, -1.779036)
(-1.379832, 1.012293, -1.619665), (-1.375953, 1.02724, -1.459377), (-1.224372, 1.024474, -1.617546)
(-1.843388, 0.955391, -1.47314), (-1.839966, 0.965474, -1.314461), (-1.687396, 0.983245, -1.467647)
(-1.843388, 0.955391, -1.47314), (-1.687396, 0.983245, -1.467647), (-1.690947, 0.9695, -1.62722)
(-1.687396, 0.983245, -1.467647), (-1.683643, 0.995146, -1.308465), (-1.531581, 1.00827, -1.462933)
(-1.687396, 0.983245, -1.467647), (-1.531581, 1.00827, -1.462933), (-1.535349, 0.993023, -1.622992)
(-1.531581, 1.00827, -1.462933), (-1.527605, 1.020901, -1.303362), (-1.375953, 1.02724, -1.459377)
(-1.531581, 1.00827, -1.462933), (-1.375953, 1.02724, -1.459377), (-1.379832, 1.012293, -1.619665)
(-1.375953, 1.02724, -1.459377), (-1.371872, 1.03987, -1.299491), (-1.220507, 1.038958, -1.457031)
(-1.375953, 1.02724, -1.459377), (-1.220507, 1.038958, -1.457031), (-1.224372, 1.024474, -1.617546)
# -0.968548350019997, 0, -1.7032205833533307
(-0.764345, 0.960823, -1.943531), (-0.608889, 0.937876, -1.946665), (-0.610991, 0.911183, -2.108777)
(-0.764345, 0.960823, -1.943531), (-0.761712, 0.98581, -1.781301), (-0.608889, 0.937876, -1.946665)
(-0.919923, 0.97505, -1.941498), (-0.764345, 0.960823, -1.943531), (-0.766699, 0.932327, -2.105838)
(-0.919923, 0.97505, -1.941498), (-0.917025, 1.000424, -1.779303), (-0.764345, 0.960823, -1.943531)
(-1.231077, 0.977224, -1.940924), (-1.07553, 0.980362, -1.940625), (-1.078245, 0.951329, -2.102806)
(-1.231077, 0.977224, -1.940924), (-1.227919, 1.002927, -1.779036), (-1.07553, 0.980362, -1.940625)
(-1.07553, 0.980362, -1.940625), (-0.919923, 0.97505, -1.941498), (-0.922493, 0.946119, -2.103793)
(-1.07553, 0.980362, -1.940625), (-1.072441, 1.005899, -1.778561), (-0.919923, 0.97505, -1.941498)
(-0.761712, 0.98581, -1.781301), (-0.758766, 1.005947, -1.619481), (-0.60656, 0.961615, -1.784574)
(-0.761712, 0.98581, -1.781301), (-0.60656, 0.961615, -1.784574), (-0.608889, 0.937876, -1.946665)
(-0.917025, 1.000424, -1.779303), (-0.761712, 0.98581, -1.781301), (-0.764345, 0.960823, -1.943531)
(-0.917025, 1.000424, -1.779303), (-0.913781, 1.02132, -1.617487), (-0.761712, 0.98581, -1.781301)
(-1.227919, 1.002927, -1.779036), (-1.072441, 1.005899, -1.778561), (-1.07553, 0.980362, -1.940625)
(-1.227919, 1.002927, -1.779036), (-1.224372, 1.024474, -1.617546), (-1.072441, 1.005899, -1.778561)
(-1.072441, 1.005899, -1.778561), (-1.068999, 1.027828, -1.616785), (-0.917025, 1.000424, -1.779303)
(-1.072441, 1.005899, -1.778561), (-0.917025, 1.000424, -1.779303), (-0.919923, 0.97505, -1.941498)
(-0.758766, 1.005947, -1.619481), (-0.603964, 0.979333, -1.623031), (-0.60656, 0.961615, -1.784574)
(-0.758766, 1.005947, -1.619481), (-0.755619, 1.014407, -1.459235), (-0.603964, 0.979333, -1.623031)
(-1.224372, 1.024474, -1.617546), (-1.068999, 1.027828, -1.616785), (-1.072441, 1.005899, -1.778561)
(-1.224372, 1.024474, -1.617546), (-1.220507, 1.038958, -1.457031), (-1.068999, 1.027828, -1.616785)
(-0.913781, 1.02132, -1.617487), (-0.758766, 1.005947, -1.619481), (-0.761712, 0.98581, -1.781301)
(-0.913781, 1.02132, -1.617487), (-0.910281, 1.034403, -1.456699), (-0.758766, 1.005947, -1.619481)
(-1.068999, 1.027828, -1.616785), (-0.913781, 1.02132, -1.617487), (-0.917025, 1.000424, -1.779303)
(-1.068999, 1.027828, -1.616785), (-1.06526, 1.041986, -1.456047), (-0.913781, 1.02132, -1.617487)
(-0.755619, 1.014407, -1.459235), (-0.75229, 1.022458, -1.299103), (-0.60122, 0.986771, -1.462871)
(-0.755619, 1.014407, -1.459235), (-0.60122, 0.986771, -1.462871), (-0.603964, 0.979333, -1.623031)
(-1.220507, 1.038958, -1.457031), (-1.216448, 1.050718, -1.296973), (-1.06526, 1.041986, -1.456047)
(-1.220507, 1.038958, -1.457031), (-1.06526, 1.041986, -1.456047), (-1.068999, 1.027828, -1.616785)
(-0.910281, 1.034403, -1.456699), (-0.906601, 1.04394, -1.296481), (-0.755619, 1.014407, -1.459235)
(-0.910281, 1.034403, -1.456699), (-0.755619, 1.014407, -1.459235), (-0.758766, 1.005947, -1.619481)
(-1.06526, 1.041986, -1.456047), (-1.061326, 1.053435, -1.295752), (-0.910281, 1.034403, -1.456699)
(-1.06526, 1.041986, -1.456047), (-0.910281, 1.034403, -1.456699), (-0.913781, 1.02132, -1.617487)
# -0.3007781166866636, 0, -1.7032205833533307
(0.010521, 0.777712, -1.967105), (0.164723, 0.729266, -1.973063), (0.164007, 0.713667, -2.132898)
(0.010521, 0.777712, -1.967105), (0.011506, 0.792767, -1.806751), (0.164723, 0.729266, -1.973063)
(-0.143906, 0.824715, -1.96126), (0.010521, 0.777712, -1.967105), (0.009578, 0.760131, -2.127501)
(-0.143906, 0.824715, -1.96126), (-0.142609, 0.841898, -1.800368), (0.010521, 0.777712, -1.967105)
(-0.298621, 0.86808, -1.955767), (-0.143906, 0.824715, -1.96126), (-0.14514, 0.804353, -2.122206)
(-0.298621, 0.86808, -1.955767), (-0.296986, 0.887075, -1.794443), (-0.143906, 0.824715, -1.96126)
(-0.453628, 0.905983, -1.950857), (-0.298621, 0.86808, -1.955767), (-0.300138, 0.845791, -2.117158)
(-0.453628, 0.905983, -1.950857), (-0.451639, 0.926761, -1.789187), (-0.298621, 0.86808, -1.955767)
(-0.608889, 0.937876, -1.946665), (-0.453628, 0.905983, -1.950857), (-0.455448, 0.880946, -2.112675)
(-0.608889, 0.937876, -1.946665), (-0.60656, 0.961615, -1.784574), (-0.453628, 0.905983, -1.950857)
(0.011506, 0.792767, -1.806751), (0.165383, 0.741188, -1.813335), (0.164723, 0.729266, -1.973063)
(0.011506, 0.792767, -1.806751), (0.012516, 0.802677, -1.646819), (0.165383, 0.741188, -1.813335)
(-0.142609, 0.841898, -1.800368), (-0.141209, 0.854443, -1.639857), (0.011506, 0.792767, -1.806751)
(-0.142609, 0.841898, -1.800368), (0.011506, 0.792767, -1.806751), (0.010521, 0.777712, -1.967105)
(-0.296986, 0.887075, -1.794443), (-0.142609, 0.841898, -1.800368), (-0.143906, 0.824715, -1.96126)
(-0.296986, 0.887075, -1.794443), (-0.29519, 0.901127, -1.633541), (-0.142609, 0.841898, -1.800368)
(-0.451639, 0.926761, -1.789187), (-0.449429, 0.943788, -1.627789), (-0.296986, 0.887075, -1.794443)
(-0.451639, 0.926761, -1.789187), (-0.296986, 0.887075, -1.794443), (-0.298621, 0.86808, -1.955767)
(-0.60656, 0.961615, -1.784574), (-0.451639, 0.926761, -1.789187), (-0.453628, 0.905983, -1.950857)
(-0.60656, 0.961615, -1.784574), (-0.603964, 0.979333, -1.623031), (-0.451639, 0.926761, -1.789187)
(0.012516, 0.802677, -1.646819), (0.166064, 0.749536, -1.653917), (0.165383, 0.741188, -1.813335)
(0.012516, 0.802677, -1.646819), (0.013574, 0.806329, -1.487676), (0.166064, 0.749536, -1.653917)
(-0.141209, 0.854443, -1.639857), (0.012516, 0.802677, -1.646819), (0.011506, 0.792767, -1.806751)
(-0.141209, 0.854443, -1.639857), (-0.139777, 0.857633, -1.48057), (0.012516, 0.802677, -1.646819)
(-0.29519, 0.901127, -1.633541), (-0.141209, 0.854443, -1.639857), (-0.142609, 0.841898, -1.800368)
(-0.29519, 0.901127, -1.633541), (-0.293294, 0.907951, -1.473575), (-0.141209, 0.854443, -1.639857)
(-0.449429, 0.943788, -1.627789), (-0.29519, 0.901127, -1.633541), (-0.296986, 0.887075, -1.794443)
(-0.449429, 0.943788, -1.627789), (-0.447103, 0.951121, -1.46766), (-0.29519, 0.901127, -1.633541)
(-0.603964, 0.979333, -1.623031), (-0.449429, 0.943788, -1.627789), (-0.451639, 0.926761, -1.789187)
(-0.603964, 0.979333, -1.623031), (-0.60122, 0.986771, -1.462871), (-0.449429, 0.943788, -1.627789)
(0.013574, 0.806329, -1.487676), (0.014704, 0.806189, -1.329126), (0.166785, 0.752366, -1.495165)
(0.013574, 0.806329, -1.487676), (0.166785, 0.752366, -1.495165), (0.166064, 0.749536, -1.653917)
(-0.139777, 0.857633, -1.48057), (-0.138219, 0.859274, -1.321555), (0.013574, 0.806329, -1.487676)
(-0.139777, 0.857633, -1.48057), (0.013574, 0.806329, -1.487676), (0.012516, 0.802677, -1.646819)
(-0.293294, 0.907951, -1.473575), (-0.291281, 0.910747, -1.314233), (-0.139777, 0.857633, -1.48057)
(-0.293294, 0.907951, -1.473575), (-0.139777, 0.857633, -1.48057), (-0.141209, 0.854443, -1.639857)
(-0.447103, 0.951121, -1.46766), (-0.444604, 0.956667, -1.307817), (-0.293294, 0.907951, -1.473575)
(-0.447103, 0.951121, -1.46766), (-0.293294, 0.907951, -1.473575), (-0.29519, 0.901127, -1.633541)
(-0.60122, 0.986771, -1.462871), (-0.59832, 0.992101, -1.303089), (-0.447103, 0.951121, -1.46766)
(-0.60122, 0.986771, -1.462871), (-0.447103, 0.951121, -1.46766), (-0.449429, 0.943788, -1.627789)
