# 0.3669921166466698, 0, -10.384233616686664
(0.476903, 1.649428, -10.681252), (0.587358, 0.849878, -10.676545), (0.65322, 0.859787, -10.613023)
(0.476903, 1.649428, -10.681252), (0.406665, 1.638515, -10.743424), (0.587358, 0.849878, -10.676545)
(0.603251, 1.650271, -10.676026), (0.586252, 1.659763, -10.65957), (0.65499, 1.669609, -10.593177)
(0.603251, 1.650271, -10.676026), (0.533116, 1.639941, -10.74125), (0.586252, 1.659763, -10.65957)
(0.586252, 1.659763, -10.65957), (0.545852, 1.659762, -10.617164), (0.613756, 1.669608, -10.551578)
(0.586252, 1.659763, -10.65957), (0.516423, 1.649429, -10.724481), (0.545852, 1.659762, -10.617164)
(0.093373, 1.087421, -10.64093), (0.093569, 1.101853, -10.480251), (0.246034, 1.104157, -10.639736)
(0.093373, 1.087421, -10.64093), (0.246034, 1.104157, -10.639736), (0.245254, 1.091785, -10.800447)
(0.246034, 1.104157, -10.639736), (0.398927, 1.119964, -10.638536), (0.397916, 1.10911, -10.799276)
(0.246034, 1.104157, -10.639736), (0.246424, 1.117374, -10.478996), (0.398927, 1.119964, -10.638536)
(0.398927, 1.119964, -10.638536), (0.39952, 1.131923, -10.477757), (0.552087, 1.134781, -10.63732)
(0.398927, 1.119964, -10.638536), (0.552087, 1.134781, -10.63732), (0.55084, 1.125526, -10.798068)
(0.552087, 1.134781, -10.63732), (0.705553, 1.148551, -10.636097), (0.704059, 1.14106, -10.796814)
(0.552087, 1.134781, -10.63732), (0.552891, 1.145424, -10.476533), (0.705553, 1.148551, -10.636097)
(0.545852, 1.659762, -10.617164), (0.65322, 0.859787, -10.613023), (0.718093, 0.869229, -10.548211)
(0.545852, 1.659762, -10.617164), (0.476903, 1.649428, -10.681252), (0.65322, 0.859787, -10.613023)
(0.672278, 1.660112, -10.609326), (0.65499, 1.669609, -10.593177), (0.722628, 1.67896, -10.525317)
(0.672278, 1.660112, -10.609326), (0.603251, 1.650271, -10.676026), (0.65499, 1.669609, -10.593177)
(0.65499, 1.669609, -10.593177), (0.613756, 1.669608, -10.551578), (0.680611, 1.678959, -10.484513)
(0.65499, 1.669609, -10.593177), (0.586252, 1.659763, -10.65957), (0.613756, 1.669608, -10.551578)
(0.613756, 1.669608, -10.551578), (0.718093, 0.869229, -10.548211), (0.782039, 0.878203, -10.482072)
(0.613756, 1.669608, -10.551578), (0.545852, 1.659762, -10.617164), (0.718093, 0.869229, -10.548211)
(0.680611, 1.678959, -10.484513), (0.782039, 0.878203, -10.482072), (0.845119, 0.886718, -10.414588)
(0.680611, 1.678959, -10.484513), (0.613756, 1.669608, -10.551578), (0.782039, 0.878203, -10.482072)
(0.093569, 1.101853, -10.480251), (0.246424, 1.117374, -10.478996), (0.246034, 1.104157, -10.639736)
(0.093569, 1.101853, -10.480251), (0.093472, 1.11617, -10.319619), (0.246424, 1.117374, -10.478996)
(0.246424, 1.117374, -10.478996), (0.39952, 1.131923, -10.477757), (0.398927, 1.119964, -10.638536)
(0.246424, 1.117374, -10.478996), (0.246502, 1.130668, -10.318306), (0.39952, 1.131923, -10.477757)
(0.39952, 1.131923, -10.477757), (0.552891, 1.145424, -10.476533), (0.552087, 1.134781, -10.63732)
(0.39952, 1.131923, -10.477757), (0.39978, 1.144156, -10.317032), (0.552891, 1.145424, -10.476533)
(0.552891, 1.145424, -10.476533), (0.70657, 1.157778, -10.475325), (0.705553, 1.148551, -10.636097)
(0.552891, 1.145424, -10.476533), (0.553336, 1.156552, -10.315794), (0.70657, 1.157778, -10.475325)
(0.093472, 1.11617, -10.319619), (0.093131, 1.129828, -10.159096), (0.246502, 1.130668, -10.318306)
(0.093472, 1.11617, -10.319619), (0.246502, 1.130668, -10.318306), (0.246424, 1.117374, -10.478996)
(0.246502, 1.130668, -10.318306), (0.24632, 1.143417, -10.157733), (0.39978, 1.144156, -10.317032)
(0.246502, 1.130668, -10.318306), (0.39978, 1.144156, -10.317032), (0.39952, 1.131923, -10.477757)
(0.39978, 1.144156, -10.317032), (0.399762, 1.156, -10.156431), (0.553336, 1.156552, -10.315794)
(0.39978, 1.144156, -10.317032), (0.553336, 1.156552, -10.315794), (0.552891, 1.145424, -10.476533)
(0.553336, 1.156552, -10.315794), (0.553486, 1.167601, -10.155173), (0.707204, 1.16783, -10.314592)
(0.553336, 1.156552, -10.315794), (0.707204, 1.16783, -10.314592), (0.70657, 1.157778, -10.475325)
(0.093131, 1.129828, -10.159096), (0.24632, 1.143417, -10.157733), (0.246502, 1.130668, -10.318306)
(0.093131, 1.129828, -10.159096), (0.092569, 1.142815, -9.998686), (0.24632, 1.143417, -10.157733)
(0.24632, 1.143417, -10.157733), (0.399762, 1.156, -10.156431), (0.39978, 1.144156, -10.317032)
(0.24632, 1.143417, -10.157733), (0.245901, 1.155631, -9.997284), (0.399762, 1.156, -10.156431)
(0.399762, 1.156, -10.156431), (0.553486, 1.167601, -10.155173), (0.553336, 1.156552, -10.315794)
(0.399762, 1.156, -10.156431), (0.399489, 1.167555, -9.995945), (0.553486, 1.167601, -10.155173)
(0.553486, 1.167601, -10.155173), (0.70752, 1.17806, -10.153969), (0.707204, 1.16783, -10.314592)
(0.553486, 1.167601, -10.155173), (0.553363, 1.178446, -9.994676), (0.70752, 1.17806, -10.153969)
# 1.0347623499800032, 0, -10.384233616686664
(1.21037, 1.686692, -10.706407), (1.096557, 1.686691, -10.60337), (1.27986, 1.694607, -10.628837)
(1.21037, 1.686692, -10.706407), (1.27986, 1.694607, -10.628837), (1.297156, 1.70412, -10.644967)
(0.902962, 1.678964, -10.700456), (0.938829, 1.678965, -10.735291), (0.831963, 1.669614, -10.771707)
(1.345603, 1.70412, -10.687448), (1.297156, 1.70412, -10.644967), (1.41447, 1.711583, -10.607993)
(1.345603, 1.70412, -10.687448), (1.41447, 1.711583, -10.607993), (1.405643, 0.948597, -10.528001)
(1.273087, 0.933709, -10.681085), (1.275146, 1.696202, -10.766086), (1.339988, 0.941365, -10.605002)
(1.027359, 1.678316, -10.678046), (1.009131, 1.687822, -10.662086), (1.096557, 1.686691, -10.60337)
(1.027359, 1.678316, -10.678046), (1.096557, 1.686691, -10.60337), (1.21037, 1.686692, -10.706407)
(0.867093, 1.678963, -10.665622), (0.936149, 1.687821, -10.59372), (0.902962, 1.678964, -10.700456)
(0.867093, 1.678963, -10.665622), (0.850319, 1.669461, -10.648133), (0.919029, 1.678315, -10.576571)
(0.867093, 1.678963, -10.665622), (0.902962, 1.678964, -10.700456), (0.831963, 1.669614, -10.771707)
(0.867093, 1.678963, -10.665622), (0.796763, 1.669613, -10.736197), (0.850319, 1.669461, -10.648133)
(1.009131, 1.687822, -10.662086), (1.078089, 1.6962, -10.587686), (1.096557, 1.686691, -10.60337)
(1.009131, 1.687822, -10.662086), (0.938829, 1.678965, -10.735291), (0.902962, 1.678964, -10.700456)
(0.850319, 1.669461, -10.648133), (0.740186, 1.669459, -10.541171), (0.806984, 1.678313, -10.471612)
(0.850319, 1.669461, -10.648133), (0.780359, 1.660115, -10.71836), (0.740186, 1.669459, -10.541171)
(1.297156, 1.70412, -10.644967), (1.27986, 1.694607, -10.628837), (1.36541, 1.711583, -10.566224)
(1.297156, 1.70412, -10.644967), (1.36541, 1.711583, -10.566224), (1.41447, 1.711583, -10.607993)
(0.705553, 1.148551, -10.636097), (0.70657, 1.157778, -10.475325), (0.859355, 1.161299, -10.63486)
(0.705553, 1.148551, -10.636097), (0.859355, 1.161299, -10.63486), (0.857617, 1.155638, -10.795527)
(0.859355, 1.161299, -10.63486), (1.013508, 1.173162, -10.633598), (1.01152, 1.169546, -10.794186)
(0.859355, 1.161299, -10.63486), (0.860586, 1.169055, -10.474125), (1.013508, 1.173162, -10.633598)
(1.013508, 1.173162, -10.633598), (1.014956, 1.179298, -10.472933), (1.168023, 1.184335, -10.632306)
(1.013508, 1.173162, -10.633598), (1.168023, 1.184335, -10.632306), (1.165791, 1.182886, -10.792784)
(1.168023, 1.184335, -10.632306), (1.322917, 1.194908, -10.630978), (1.320446, 1.195789, -10.791312)
(1.168023, 1.184335, -10.632306), (1.16969, 1.188655, -10.471739), (1.322917, 1.194908, -10.630978)
(1.322917, 1.194908, -10.630978), (1.324792, 1.197318, -10.470535), (1.478194, 1.205059, -10.629595)
(1.322917, 1.194908, -10.630978), (1.478194, 1.205059, -10.629595), (1.475497, 1.208385, -10.789771)
(1.27986, 1.694607, -10.628837), (1.164424, 1.694607, -10.527616), (1.347857, 1.702068, -10.550372)
(1.27986, 1.694607, -10.628837), (1.347857, 1.702068, -10.550372), (1.36541, 1.711583, -10.566224)
(0.97264, 1.687821, -10.627902), (1.009131, 1.687822, -10.662086), (0.902962, 1.678964, -10.700456)
(1.339988, 0.941365, -10.605002), (1.345603, 1.70412, -10.687448), (1.405643, 0.948597, -10.528001)
(1.096557, 1.686691, -10.60337), (1.078089, 1.6962, -10.587686), (1.164424, 1.694607, -10.527616)
(1.096557, 1.686691, -10.60337), (1.164424, 1.694607, -10.527616), (1.27986, 1.694607, -10.628837)
(0.936149, 1.687821, -10.59372), (1.003955, 1.6962, -10.520572), (0.97264, 1.687821, -10.627902)
(0.936149, 1.687821, -10.59372), (0.919029, 1.678315, -10.576571), (0.986519, 1.68669, -10.503751)
(0.936149, 1.687821, -10.59372), (0.97264, 1.687821, -10.627902), (0.902962, 1.678964, -10.700456)
(0.936149, 1.687821, -10.59372), (0.867093, 1.678963, -10.665622), (0.919029, 1.678315, -10.576571)
(1.078089, 1.6962, -10.587686), (1.145737, 1.704119, -10.512198), (1.164424, 1.694607, -10.527616)
(1.078089, 1.6962, -10.587686), (1.009131, 1.687822, -10.662086), (0.97264, 1.687821, -10.627902)
(0.919029, 1.678315, -10.576571), (0.806984, 1.678313, -10.471612), (0.872704, 1.686689, -10.400712)
(0.919029, 1.678315, -10.576571), (0.850319, 1.669461, -10.648133), (0.806984, 1.678313, -10.471612)
(1.36541, 1.711583, -10.566224), (1.347857, 1.702068, -10.550372), (1.432277, 1.718641, -10.486779)
(1.36541, 1.711583, -10.566224), (1.432277, 1.718641, -10.486779), (1.481887, 1.718641, -10.527896)
(1.041022, 1.6962, -10.55413), (1.078089, 1.6962, -10.587686), (0.97264, 1.687821, -10.627902)
(1.347857, 1.702068, -10.550372), (1.230957, 1.702067, -10.450845), (1.414493, 1.709123, -10.471192)
(1.347857, 1.702068, -10.550372), (1.414493, 1.709123, -10.471192), (1.432277, 1.718641, -10.486779)
(0.740186, 1.669459, -10.541171), (0.722628, 1.67896, -10.525317), (0.789176, 1.687819, -10.456046)
(0.740186, 1.669459, -10.541171), (0.672278, 1.660112, -10.609326), (0.722628, 1.67896, -10.525317)
(1.164424, 1.694607, -10.527616), (1.145737, 1.704119, -10.512198), (1.230957, 1.702067, -10.450845)
(1.164424, 1.694607, -10.527616), (1.230957, 1.702067, -10.450845), (1.347857, 1.702068, -10.550372)
(0.722628, 1.67896, -10.525317), (0.680611, 1.678959, -10.484513), (0.746429, 1.687818, -10.416007)
(0.722628, 1.67896, -10.525317), (0.65499, 1.669609, -10.593177), (0.680611, 1.678959, -10.484513)
(1.003955, 1.6962, -10.520572), (1.070549, 1.704119, -10.446267), (1.041022, 1.6962, -10.55413)
(1.003955, 1.6962, -10.520572), (0.986519, 1.68669, -10.503751), (1.05282, 1.694606, -10.429757)
(1.003955, 1.6962, -10.520572), (1.041022, 1.6962, -10.55413), (0.97264, 1.687821, -10.627902)
(1.003955, 1.6962, -10.520572), (0.936149, 1.687821, -10.59372), (0.986519, 1.68669, -10.503751)
(1.145737, 1.704119, -10.512198), (1.212073, 1.711583, -10.435676), (1.230957, 1.702067, -10.450845)
(1.145737, 1.704119, -10.512198), (1.078089, 1.6962, -10.587686), (1.041022, 1.6962, -10.55413)
(0.986519, 1.68669, -10.503751), (0.872704, 1.686689, -10.400712), (0.937385, 1.694606, -10.328538)
(0.986519, 1.68669, -10.503751), (0.919029, 1.678315, -10.576571), (0.872704, 1.686689, -10.400712)
(1.108142, 1.704119, -10.479234), (1.145737, 1.704119, -10.512198), (1.041022, 1.6962, -10.55413)
(0.70657, 1.157778, -10.475325), (0.860586, 1.169055, -10.474125), (0.859355, 1.161299, -10.63486)
(0.70657, 1.157778, -10.475325), (0.707204, 1.16783, -10.314592), (0.860586, 1.169055, -10.474125)
(0.860586, 1.169055, -10.474125), (1.014956, 1.179298, -10.472933), (1.013508, 1.173162, -10.633598)
(0.860586, 1.169055, -10.474125), (0.861407, 1.177976, -10.313417), (1.014956, 1.179298, -10.472933)
(1.014956, 1.179298, -10.472933), (1.16969, 1.188655, -10.471739), (1.168023, 1.184335, -10.632306)
(1.014956, 1.179298, -10.472933), (1.015965, 1.186964, -10.312282), (1.16969, 1.188655, -10.471739)
(1.16969, 1.188655, -10.471739), (1.324792, 1.197318, -10.470535), (1.322917, 1.194908, -10.630978)
(1.16969, 1.188655, -10.471739), (1.170883, 1.194957, -10.311171), (1.324792, 1.197318, -10.470535)
(0.806984, 1.678313, -10.471612), (0.789176, 1.687819, -10.456046), (0.854663, 1.696199, -10.385415)
(0.806984, 1.678313, -10.471612), (0.740186, 1.669459, -10.541171), (0.789176, 1.687819, -10.456046)
(1.324792, 1.197318, -10.470535), (1.480274, 1.205356, -10.469307), (1.478194, 1.205059, -10.629595)
(1.324792, 1.197318, -10.470535), (1.326171, 1.202071, -10.310078), (1.480274, 1.205356, -10.469307)
(0.789176, 1.687819, -10.456046), (0.746429, 1.687818, -10.416007), (0.811243, 1.696198, -10.346107)
(0.789176, 1.687819, -10.456046), (0.722628, 1.67896, -10.525317), (0.746429, 1.687818, -10.416007)
(1.230957, 1.702067, -10.450845), (1.212073, 1.711583, -10.435676), (1.296288, 1.709122, -10.373221)
(1.230957, 1.702067, -10.450845), (1.296288, 1.709122, -10.373221), (1.414493, 1.709123, -10.471192)
(1.070549, 1.704119, -10.446267), (1.135932, 1.711583, -10.370847), (1.108142, 1.704119, -10.479234)
(1.070549, 1.704119, -10.446267), (1.05282, 1.694606, -10.429757), (1.117938, 1.702067, -10.354623)
(1.070549, 1.704119, -10.446267), (1.108142, 1.704119, -10.479234), (1.041022, 1.6962, -10.55413)
(1.070549, 1.704119, -10.446267), (1.003955, 1.6962, -10.520572), (1.05282, 1.694606, -10.429757)
(1.212073, 1.711583, -10.435676), (1.277225, 1.71864, -10.35827), (1.296288, 1.709122, -10.373221)
(1.212073, 1.711583, -10.435676), (1.145737, 1.704119, -10.512198), (1.108142, 1.704119, -10.479234)
(1.05282, 1.694606, -10.429757), (0.937385, 1.694606, -10.328538), (1.00104, 1.702067, -10.255099)
(1.05282, 1.694606, -10.429757), (0.986519, 1.68669, -10.503751), (0.937385, 1.694606, -10.328538)
(0.746429, 1.687818, -10.416007), (0.845119, 0.886718, -10.414588), (0.907392, 0.894787, -10.345771)
(0.746429, 1.687818, -10.416007), (0.680611, 1.678959, -10.484513), (0.845119, 0.886718, -10.414588)
(1.174003, 1.711583, -10.40326), (1.212073, 1.711583, -10.435676), (1.108142, 1.704119, -10.479234)
(0.872704, 1.686689, -10.400712), (0.854663, 1.696199, -10.385415), (0.91913, 1.704119, -10.313498)
(0.872704, 1.686689, -10.400712), (0.806984, 1.678313, -10.471612), (0.854663, 1.696199, -10.385415)
(0.854663, 1.696199, -10.385415), (0.811243, 1.696198, -10.346107), (0.875092, 1.704119, -10.274884)
(0.854663, 1.696199, -10.385415), (0.789176, 1.687819, -10.456046), (0.811243, 1.696198, -10.346107)
(1.296288, 1.709122, -10.373221), (1.277225, 1.71864, -10.35827), (1.360539, 1.71582, -10.294888)
(1.296288, 1.709122, -10.373221), (1.360539, 1.71582, -10.294888), (1.479906, 1.715821, -10.39144)
(1.135932, 1.711583, -10.370847), (1.200233, 1.71864, -10.294457), (1.174003, 1.711583, -10.40326)
(1.135932, 1.711583, -10.370847), (1.117938, 1.702067, -10.354623), (1.182004, 1.709122, -10.278504)
(1.135932, 1.711583, -10.370847), (1.174003, 1.711583, -10.40326), (1.108142, 1.704119, -10.479234)
(1.135932, 1.711583, -10.370847), (1.070549, 1.704119, -10.446267), (1.117938, 1.702067, -10.354623)
(1.277225, 1.71864, -10.35827), (1.341321, 1.725341, -10.280143), (1.360539, 1.71582, -10.294888)
(1.277225, 1.71864, -10.35827), (1.212073, 1.711583, -10.435676), (1.174003, 1.711583, -10.40326)
(1.117938, 1.702067, -10.354623), (1.00104, 1.702067, -10.255099), (1.063799, 1.709121, -10.180533)
(1.117938, 1.702067, -10.354623), (1.05282, 1.694606, -10.429757), (1.00104, 1.702067, -10.255099)
(0.811243, 1.696198, -10.346107), (0.907392, 0.894787, -10.345771), (0.968903, 0.902431, -10.275662)
(0.811243, 1.696198, -10.346107), (0.746429, 1.687818, -10.416007), (0.907392, 0.894787, -10.345771)
(0.937385, 1.694606, -10.328538), (0.91913, 1.704119, -10.313498), (0.982594, 1.711582, -10.240296)
(0.937385, 1.694606, -10.328538), (0.872704, 1.686689, -10.400712), (0.91913, 1.704119, -10.313498)
(1.238729, 1.71864, -10.326364), (1.277225, 1.71864, -10.35827), (1.174003, 1.711583, -10.40326)
(0.707204, 1.16783, -10.314592), (0.70752, 1.17806, -10.153969), (0.861407, 1.177976, -10.313417)
(0.707204, 1.16783, -10.314592), (0.861407, 1.177976, -10.313417), (0.860586, 1.169055, -10.474125)
(0.91913, 1.704119, -10.313498), (0.875092, 1.704119, -10.274884), (0.937998, 1.711582, -10.202329)
(0.91913, 1.704119, -10.313498), (0.854663, 1.696199, -10.385415), (0.875092, 1.704119, -10.274884)
(0.861407, 1.177976, -10.313417), (0.861888, 1.187345, -10.152816), (1.015965, 1.186964, -10.312282)
(0.861407, 1.177976, -10.313417), (1.015965, 1.186964, -10.312282), (1.014956, 1.179298, -10.472933)
(1.015965, 1.186964, -10.312282), (1.016609, 1.195402, -10.151728), (1.170883, 1.194957, -10.311171)
(1.015965, 1.186964, -10.312282), (1.170883, 1.194957, -10.311171), (1.16969, 1.188655, -10.471739)
(1.170883, 1.194957, -10.311171), (1.171689, 1.202403, -10.150677), (1.326171, 1.202071, -10.310078)
(1.170883, 1.194957, -10.311171), (1.326171, 1.202071, -10.310078), (1.324792, 1.197318, -10.470535)
(1.326171, 1.202071, -10.310078), (1.327134, 1.208387, -10.149674), (1.48183, 1.208419, -10.308981)
(1.326171, 1.202071, -10.310078), (1.48183, 1.208419, -10.308981), (1.480274, 1.205356, -10.469307)
(1.360539, 1.71582, -10.294888), (1.341321, 1.725341, -10.280143), (1.423808, 1.722195, -10.215943)
(1.360539, 1.71582, -10.294888), (1.423808, 1.722195, -10.215943), (1.544189, 1.722196, -10.311225)
(1.200233, 1.71864, -10.294457), (1.263572, 1.72534, -10.217252), (1.238729, 1.71864, -10.326364)
(1.200233, 1.71864, -10.294457), (1.182004, 1.709122, -10.278504), (1.245132, 1.71582, -10.201541)
(1.200233, 1.71864, -10.294457), (1.238729, 1.71864, -10.326364), (1.174003, 1.711583, -10.40326)
(1.200233, 1.71864, -10.294457), (1.135932, 1.711583, -10.370847), (1.182004, 1.709122, -10.278504)
(1.341321, 1.725341, -10.280143), (1.404452, 1.731717, -10.201379), (1.423808, 1.722195, -10.215943)
(1.341321, 1.725341, -10.280143), (1.277225, 1.71864, -10.35827), (1.238729, 1.71864, -10.326364)
(1.182004, 1.709122, -10.278504), (1.063799, 1.709121, -10.180533), (1.125766, 1.715819, -10.104989)
(1.182004, 1.709122, -10.278504), (1.117938, 1.702067, -10.354623), (1.063799, 1.709121, -10.180533)
(0.875092, 1.704119, -10.274884), (0.968903, 0.902431, -10.275662), (1.029696, 0.909652, -10.204225)
(0.875092, 1.704119, -10.274884), (0.811243, 1.696198, -10.346107), (0.968903, 0.902431, -10.275662)
(1.00104, 1.702067, -10.255099), (0.982594, 1.711582, -10.240296), (1.04518, 1.718639, -10.165948)
(1.00104, 1.702067, -10.255099), (0.937385, 1.694606, -10.328538), (0.982594, 1.711582, -10.240296)
(1.302446, 1.72534, -10.248696), (1.341321, 1.725341, -10.280143), (1.238729, 1.71864, -10.326364)
(0.982594, 1.711582, -10.240296), (0.937998, 1.711582, -10.202329), (1.000084, 1.718639, -10.128577)
(0.982594, 1.711582, -10.240296), (0.91913, 1.704119, -10.313498), (0.937998, 1.711582, -10.202329)
(1.263572, 1.72534, -10.217252), (1.326041, 1.731717, -10.139319), (1.302446, 1.72534, -10.248696)
(1.263572, 1.72534, -10.217252), (1.245132, 1.71582, -10.201541), (1.307419, 1.722195, -10.123826)
(1.263572, 1.72534, -10.217252), (1.302446, 1.72534, -10.248696), (1.238729, 1.71864, -10.326364)
(1.263572, 1.72534, -10.217252), (1.200233, 1.71864, -10.294457), (1.245132, 1.71582, -10.201541)
(0.937998, 1.711582, -10.202329), (1.029696, 0.909652, -10.204225), (1.089891, 0.916498, -10.131562)
(0.937998, 1.711582, -10.202329), (0.875092, 1.704119, -10.274884), (1.029696, 0.909652, -10.204225)
(1.245132, 1.71582, -10.201541), (1.125766, 1.715819, -10.104989), (1.187037, 1.722194, -10.028543)
(1.245132, 1.71582, -10.201541), (1.182004, 1.709122, -10.278504), (1.125766, 1.715819, -10.104989)
(1.063799, 1.709121, -10.180533), (1.04518, 1.718639, -10.165948), (1.106995, 1.72534, -10.090608)
(1.063799, 1.709121, -10.180533), (1.00104, 1.702067, -10.255099), (1.04518, 1.718639, -10.165948)
(1.365247, 1.731717, -10.17035), (1.404452, 1.731717, -10.201379), (1.302446, 1.72534, -10.248696)
(1.04518, 1.718639, -10.165948), (1.000084, 1.718639, -10.128577), (1.061458, 1.72534, -10.053773)
(1.04518, 1.718639, -10.165948), (0.982594, 1.711582, -10.240296), (1.000084, 1.718639, -10.128577)
(0.70752, 1.17806, -10.153969), (0.861888, 1.187345, -10.152816), (0.861407, 1.177976, -10.313417)
(0.70752, 1.17806, -10.153969), (0.707551, 1.188143, -9.993485), (0.861888, 1.187345, -10.152816)
(0.861888, 1.187345, -10.152816), (1.016609, 1.195402, -10.151728), (1.015965, 1.186964, -10.312282)
(0.861888, 1.187345, -10.152816), (0.862067, 1.196787, -9.992351), (1.016609, 1.195402, -10.151728)
(1.016609, 1.195402, -10.151728), (1.171689, 1.202403, -10.150677), (1.170883, 1.194957, -10.311171)
(1.016609, 1.195402, -10.151728), (1.01693, 1.204255, -9.99128), (1.171689, 1.202403, -10.150677)
(1.171689, 1.202403, -10.150677), (1.327134, 1.208387, -10.149674), (1.326171, 1.202071, -10.310078)
(1.171689, 1.202403, -10.150677), (1.172152, 1.210528, -9.990281), (1.327134, 1.208387, -10.149674)
(1.327134, 1.208387, -10.149674), (1.482944, 1.21349, -10.148691), (1.48183, 1.208419, -10.308981)
(1.327134, 1.208387, -10.149674), (1.327737, 1.215677, -9.989352), (1.482944, 1.21349, -10.148691)
(1.326041, 1.731717, -10.139319), (1.387731, 1.737805, -10.060752), (1.365247, 1.731717, -10.17035)
(1.326041, 1.731717, -10.139319), (1.307419, 1.722195, -10.123826), (1.36895, 1.728281, -10.045449)
(1.326041, 1.731717, -10.139319), (1.365247, 1.731717, -10.17035), (1.302446, 1.72534, -10.248696)
(1.326041, 1.731717, -10.139319), (1.263572, 1.72534, -10.217252), (1.307419, 1.722195, -10.123826)
(1.000084, 1.718639, -10.128577), (1.089891, 0.916498, -10.131562), (1.149581, 0.923016, -10.057803)
(1.000084, 1.718639, -10.128577), (0.937998, 1.711582, -10.202329), (1.089891, 0.916498, -10.131562)
(1.307419, 1.722195, -10.123826), (1.187037, 1.722194, -10.028543), (1.247693, 1.728281, -9.951285)
(1.307419, 1.722195, -10.123826), (1.245132, 1.71582, -10.201541), (1.187037, 1.722194, -10.028543)
(1.125766, 1.715819, -10.104989), (1.106995, 1.72534, -10.090608), (1.168132, 1.731716, -10.014335)
(1.125766, 1.715819, -10.104989), (1.063799, 1.709121, -10.180533), (1.106995, 1.72534, -10.090608)
(1.106995, 1.72534, -10.090608), (1.061458, 1.72534, -10.053773), (1.122208, 1.731716, -9.977988)
(1.106995, 1.72534, -10.090608), (1.04518, 1.718639, -10.165948), (1.061458, 1.72534, -10.053773)
(1.061458, 1.72534, -10.053773), (1.149581, 0.923016, -10.057803), (1.208855, 0.929238, -9.982993)
(1.061458, 1.72534, -10.053773), (1.000084, 1.718639, -10.128577), (1.149581, 0.923016, -10.057803)
# 1.7025325833133367, 0, -10.384233616686664
(1.478194, 1.205059, -10.629595), (1.63385, 1.215046, -10.628146), (1.630941, 1.221009, -10.788136)
(1.478194, 1.205059, -10.629595), (1.480274, 1.205356, -10.469307), (1.63385, 1.215046, -10.628146)
(1.63385, 1.215046, -10.628146), (1.636126, 1.213041, -10.468039), (1.789878, 1.225139, -10.626612)
(1.63385, 1.215046, -10.628146), (1.789878, 1.225139, -10.626612), (1.78679, 1.233701, -10.786402)
(1.789878, 1.225139, -10.626612), (1.946277, 1.23538, -10.624979), (1.943042, 1.246584, -10.784557)
(1.789878, 1.225139, -10.626612), (1.792337, 1.220618, -10.466711), (1.946277, 1.23538, -10.624979)
(1.946277, 1.23538, -10.624979), (1.948889, 1.228376, -10.465305), (2.103047, 1.245763, -10.62324)
(1.946277, 1.23538, -10.624979), (2.103047, 1.245763, -10.62324), (2.09971, 1.259451, -10.7826)
(1.41447, 1.711583, -10.607993), (1.36541, 1.711583, -10.566224), (1.481887, 1.718641, -10.527896)
(1.41447, 1.711583, -10.607993), (1.481887, 1.718641, -10.527896), (1.470183, 0.955454, -10.450219)
(1.405643, 0.948597, -10.528001), (1.41447, 1.711583, -10.607993), (1.470183, 0.955454, -10.450219)
(1.481887, 1.718641, -10.527896), (1.432277, 1.718641, -10.486779), (1.547992, 1.725341, -10.447312)
(1.481887, 1.718641, -10.527896), (1.547992, 1.725341, -10.447312), (1.533734, 0.961981, -10.371797)
(1.432277, 1.718641, -10.486779), (1.414493, 1.709123, -10.471192), (1.497897, 1.725341, -10.406791)
(1.432277, 1.718641, -10.486779), (1.497897, 1.725341, -10.406791), (1.547992, 1.725341, -10.447312)
(1.414493, 1.709123, -10.471192), (1.296288, 1.709122, -10.373221), (1.479906, 1.715821, -10.39144)
(1.414493, 1.709123, -10.471192), (1.479906, 1.715821, -10.39144), (1.497897, 1.725341, -10.406791)
(1.480274, 1.205356, -10.469307), (1.636126, 1.213041, -10.468039), (1.63385, 1.215046, -10.628146)
(1.480274, 1.205356, -10.469307), (1.48183, 1.208419, -10.308981), (1.636126, 1.213041, -10.468039)
(1.636126, 1.213041, -10.468039), (1.792337, 1.220618, -10.466711), (1.789878, 1.225139, -10.626612)
(1.636126, 1.213041, -10.468039), (1.637852, 1.214238, -10.307879), (1.792337, 1.220618, -10.466711)
(1.792337, 1.220618, -10.466711), (1.948889, 1.228376, -10.465305), (1.946277, 1.23538, -10.624979)
(1.792337, 1.220618, -10.466711), (1.79422, 1.219804, -10.30674), (1.948889, 1.228376, -10.465305)
(1.948889, 1.228376, -10.465305), (2.105784, 1.236186, -10.463805), (2.103047, 1.245763, -10.62324)
(1.948889, 1.228376, -10.465305), (1.950922, 1.225254, -10.30555), (2.105784, 1.236186, -10.463805)
(1.470183, 0.955454, -10.450219), (1.481887, 1.718641, -10.527896), (1.533734, 0.961981, -10.371797)
(1.547992, 1.725341, -10.447312), (1.497897, 1.725341, -10.406791), (1.612882, 1.731718, -10.366349)
(1.547992, 1.725341, -10.447312), (1.612882, 1.731718, -10.366349), (1.596387, 0.96821, -10.292808)
(1.497897, 1.725341, -10.406791), (1.479906, 1.715821, -10.39144), (1.56236, 1.731718, -10.326362)
(1.497897, 1.725341, -10.406791), (1.56236, 1.731718, -10.326362), (1.612882, 1.731718, -10.366349)
(1.479906, 1.715821, -10.39144), (1.360539, 1.71582, -10.294888), (1.544189, 1.722196, -10.311225)
(1.479906, 1.715821, -10.39144), (1.544189, 1.722196, -10.311225), (1.56236, 1.731718, -10.326362)
(1.533734, 0.961981, -10.371797), (1.547992, 1.725341, -10.447312), (1.596387, 0.96821, -10.292808)
(1.612882, 1.731718, -10.366349), (1.56236, 1.731718, -10.326362), (1.676656, 1.737806, -10.285123)
(1.612882, 1.731718, -10.366349), (1.676656, 1.737806, -10.285123), (1.658229, 0.974174, -10.213349)
(1.56236, 1.731718, -10.326362), (1.544189, 1.722196, -10.311225), (1.625766, 1.737805, -10.245603)
(1.56236, 1.731718, -10.326362), (1.625766, 1.737805, -10.245603), (1.676656, 1.737806, -10.285123)
(1.544189, 1.722196, -10.311225), (1.423808, 1.722195, -10.215943), (1.607442, 1.728282, -10.230659)
(1.544189, 1.722196, -10.311225), (1.607442, 1.728282, -10.230659), (1.625766, 1.737805, -10.245603)
(1.48183, 1.208419, -10.308981), (1.482944, 1.21349, -10.148691), (1.637852, 1.214238, -10.307879)
(1.48183, 1.208419, -10.308981), (1.637852, 1.214238, -10.307879), (1.636126, 1.213041, -10.468039)
(1.637852, 1.214238, -10.307879), (1.639108, 1.217913, -10.147726), (1.79422, 1.219804, -10.30674)
(1.637852, 1.214238, -10.307879), (1.79422, 1.219804, -10.30674), (1.792337, 1.220618, -10.466711)
(1.79422, 1.219804, -10.30674), (1.795617, 1.221807, -10.146756), (1.950922, 1.225254, -10.30555)
(1.79422, 1.219804, -10.30674), (1.950922, 1.225254, -10.30555), (1.948889, 1.228376, -10.465305)
(1.950922, 1.225254, -10.30555), (1.952449, 1.225397, -10.145761), (2.107944, 1.230698, -10.304293)
(1.950922, 1.225254, -10.30555), (2.107944, 1.230698, -10.304293), (2.105784, 1.236186, -10.463805)
(1.596387, 0.96821, -10.292808), (1.612882, 1.731718, -10.366349), (1.658229, 0.974174, -10.213349)
(1.676656, 1.737806, -10.285123), (1.625766, 1.737805, -10.245603), (1.739433, 1.743641, -10.203721)
(1.676656, 1.737806, -10.285123), (1.739433, 1.743641, -10.203721), (1.71937, 0.979907, -10.133491)
(1.625766, 1.737805, -10.245603), (1.607442, 1.728282, -10.230659), (1.688231, 1.743641, -10.164603)
(1.625766, 1.737805, -10.245603), (1.688231, 1.743641, -10.164603), (1.739433, 1.743641, -10.203721)
(1.607442, 1.728282, -10.230659), (1.486185, 1.728281, -10.136491), (1.669776, 1.734116, -10.149819)
(1.607442, 1.728282, -10.230659), (1.669776, 1.734116, -10.149819), (1.688231, 1.743641, -10.164603)
(1.423808, 1.722195, -10.215943), (1.404452, 1.731717, -10.201379), (1.486185, 1.728281, -10.136491)
(1.423808, 1.722195, -10.215943), (1.486185, 1.728281, -10.136491), (1.607442, 1.728282, -10.230659)
(1.658229, 0.974174, -10.213349), (1.676656, 1.737806, -10.285123), (1.71937, 0.979907, -10.133491)
(1.739433, 1.743641, -10.203721), (1.688231, 1.743641, -10.164603), (1.801331, 1.749261, -10.122216)
(1.739433, 1.743641, -10.203721), (1.801331, 1.749261, -10.122216), (1.779902, 0.985444, -10.053308)
(1.404452, 1.731717, -10.201379), (1.46671, 1.737805, -10.122087), (1.486185, 1.728281, -10.136491)
(1.404452, 1.731717, -10.201379), (1.341321, 1.725341, -10.280143), (1.302446, 1.72534, -10.248696)
(1.688231, 1.743641, -10.164603), (1.669776, 1.734116, -10.149819), (1.749867, 1.749261, -10.083444)
(1.688231, 1.743641, -10.164603), (1.749867, 1.749261, -10.083444), (1.801331, 1.749261, -10.122216)
(1.669776, 1.734116, -10.149819), (1.547775, 1.734116, -10.056619), (1.731303, 1.739735, -10.068795)
(1.669776, 1.734116, -10.149819), (1.731303, 1.739735, -10.068795), (1.749867, 1.749261, -10.083444)
(1.482944, 1.21349, -10.148691), (1.639108, 1.217913, -10.147726), (1.637852, 1.214238, -10.307879)
(1.482944, 1.21349, -10.148691), (1.483679, 1.219853, -9.988466), (1.639108, 1.217913, -10.147726)
(1.639108, 1.217913, -10.147726), (1.795617, 1.221807, -10.146756), (1.79422, 1.219804, -10.30674)
(1.639108, 1.217913, -10.147726), (1.639972, 1.223172, -9.987619), (1.795617, 1.221807, -10.146756)
(1.795617, 1.221807, -10.146756), (1.952449, 1.225397, -10.145761), (1.950922, 1.225254, -10.30555)
(1.795617, 1.221807, -10.146756), (1.796601, 1.225807, -9.986798), (1.952449, 1.225397, -10.145761)
(1.952449, 1.225397, -10.145761), (2.109585, 1.228868, -10.144725), (2.107944, 1.230698, -10.304293)
(1.952449, 1.225397, -10.145761), (1.953543, 1.228037, -9.985978), (2.109585, 1.228868, -10.144725)
(1.486185, 1.728281, -10.136491), (1.46671, 1.737805, -10.122087), (1.547775, 1.734116, -10.056619)
(1.486185, 1.728281, -10.136491), (1.547775, 1.734116, -10.056619), (1.669776, 1.734116, -10.149819)
(1.71937, 0.979907, -10.133491), (1.739433, 1.743641, -10.203721), (1.779902, 0.985444, -10.053308)
(1.801331, 1.749261, -10.122216), (1.749867, 1.749261, -10.083444), (1.862467, 1.7547, -10.040668)
(1.801331, 1.749261, -10.122216), (1.862467, 1.7547, -10.040668), (1.839927, 0.990816, -9.972863)
(1.46671, 1.737805, -10.122087), (1.528203, 1.743641, -10.04235), (1.547775, 1.734116, -10.056619)
(1.46671, 1.737805, -10.122087), (1.404452, 1.731717, -10.201379), (1.365247, 1.731717, -10.17035)
(1.42722, 1.737805, -10.091416), (1.46671, 1.737805, -10.122087), (1.365247, 1.731717, -10.17035)
(1.749867, 1.749261, -10.083444), (1.731303, 1.739735, -10.068795), (1.810791, 1.7547, -10.002179)
(1.749867, 1.749261, -10.083444), (1.810791, 1.7547, -10.002179), (1.862467, 1.7547, -10.040668)
(1.731303, 1.739735, -10.068795), (1.608684, 1.739735, -9.976413), (1.792136, 1.745174, -9.987649)
(1.731303, 1.739735, -10.068795), (1.792136, 1.745174, -9.987649), (1.810791, 1.7547, -10.002179)
(1.387731, 1.737805, -10.060752), (1.448738, 1.743641, -9.981645), (1.42722, 1.737805, -10.091416)
(1.387731, 1.737805, -10.060752), (1.36895, 1.728281, -10.045449), (1.429825, 1.734116, -9.966508)
(1.387731, 1.737805, -10.060752), (1.42722, 1.737805, -10.091416), (1.365247, 1.731717, -10.17035)
(1.387731, 1.737805, -10.060752), (1.326041, 1.731717, -10.139319), (1.36895, 1.728281, -10.045449)
(1.547775, 1.734116, -10.056619), (1.528203, 1.743641, -10.04235), (1.608684, 1.739735, -9.976413)
(1.547775, 1.734116, -10.056619), (1.608684, 1.739735, -9.976413), (1.731303, 1.739735, -10.068795)
(1.779902, 0.985444, -10.053308), (1.801331, 1.749261, -10.122216), (1.839927, 0.990816, -9.972863)
# 2.37030281664667, 0, -10.384233616686664
(2.103047, 1.245763, -10.62324), (2.260173, 1.25645, -10.621378), (2.256782, 1.272553, -10.780521)
(2.103047, 1.245763, -10.62324), (2.105784, 1.236186, -10.463805), (2.260173, 1.25645, -10.621378)
(2.260173, 1.25645, -10.621378), (2.262997, 1.24433, -10.462193), (2.41764, 1.267568, -10.619374)
(2.260173, 1.25645, -10.621378), (2.41764, 1.267568, -10.619374), (2.414255, 1.285828, -10.778309)
(2.41764, 1.267568, -10.619374), (2.575438, 1.278938, -10.61722), (2.572115, 1.299209, -10.775949)
(2.41764, 1.267568, -10.619374), (2.42051, 1.252904, -10.460449), (2.575438, 1.278938, -10.61722)
(2.575438, 1.278938, -10.61722), (2.578294, 1.262083, -10.458547), (2.733555, 1.290447, -10.61491)
(2.575438, 1.278938, -10.61722), (2.733555, 1.290447, -10.61491), (2.730345, 1.312609, -10.773424)
(2.105784, 1.236186, -10.463805), (2.262997, 1.24433, -10.462193), (2.260173, 1.25645, -10.621378)
(2.105784, 1.236186, -10.463805), (2.107944, 1.230698, -10.304293), (2.262997, 1.24433, -10.462193)
(2.262997, 1.24433, -10.462193), (2.42051, 1.252904, -10.460449), (2.41764, 1.267568, -10.619374)
(2.262997, 1.24433, -10.462193), (2.265257, 1.236432, -10.302936), (2.42051, 1.252904, -10.460449)
(2.42051, 1.252904, -10.460449), (2.578294, 1.262083, -10.458547), (2.575438, 1.278938, -10.61722)
(2.42051, 1.252904, -10.460449), (2.422833, 1.242615, -10.301456), (2.578294, 1.262083, -10.458547)
(2.578294, 1.262083, -10.458547), (2.73635, 1.271458, -10.456488), (2.733555, 1.290447, -10.61491)
(2.578294, 1.262083, -10.458547), (2.580654, 1.249249, -10.299843), (2.73635, 1.271458, -10.456488)
(2.107944, 1.230698, -10.304293), (2.109585, 1.228868, -10.144725), (2.265257, 1.236432, -10.302936)
(2.107944, 1.230698, -10.304293), (2.265257, 1.236432, -10.302936), (2.262997, 1.24433, -10.462193)
(2.265257, 1.236432, -10.302936), (2.26699, 1.232543, -10.143609), (2.422833, 1.242615, -10.301456)
(2.265257, 1.236432, -10.302936), (2.422833, 1.242615, -10.301456), (2.42051, 1.252904, -10.460449)
(2.422833, 1.242615, -10.301456), (2.424646, 1.236418, -10.142401), (2.580654, 1.249249, -10.299843)
(2.422833, 1.242615, -10.301456), (2.580654, 1.249249, -10.299843), (2.578294, 1.262083, -10.458547)
(2.580654, 1.249249, -10.299843), (2.58252, 1.240668, -10.141068), (2.7387, 1.256239, -10.298079)
(2.580654, 1.249249, -10.299843), (2.7387, 1.256239, -10.298079), (2.73635, 1.271458, -10.456488)
(2.109585, 1.228868, -10.144725), (2.26699, 1.232543, -10.143609), (2.265257, 1.236432, -10.302936)
(2.109585, 1.228868, -10.144725), (2.11078, 1.229904, -9.985136), (2.26699, 1.232543, -10.143609)
(2.26699, 1.232543, -10.143609), (2.424646, 1.236418, -10.142401), (2.422833, 1.242615, -10.301456)
(2.26699, 1.232543, -10.143609), (2.268281, 1.231686, -9.984248), (2.424646, 1.236418, -10.142401)
(2.424646, 1.236418, -10.142401), (2.58252, 1.240668, -10.141068), (2.580654, 1.249249, -10.299843)
(2.424646, 1.236418, -10.142401), (2.426013, 1.233607, -9.983286), (2.58252, 1.240668, -10.141068)
(2.58252, 1.240668, -10.141068), (2.740586, 1.245329, -10.139599), (2.7387, 1.256239, -10.298079)
(2.58252, 1.240668, -10.141068), (2.58394, 1.235876, -9.98222), (2.740586, 1.245329, -10.139599)
# 3.038073049980004, 0, -10.384233616686664
(2.733555, 1.290447, -10.61491), (2.891971, 1.302077, -10.61243), (2.88893, 1.326029, -10.770741)
(2.733555, 1.290447, -10.61491), (2.73635, 1.271458, -10.456488), (2.891971, 1.302077, -10.61243)
(2.891971, 1.302077, -10.61243), (2.894652, 1.281111, -10.454262), (3.050668, 1.313709, -10.60977)
(2.891971, 1.302077, -10.61243), (3.050668, 1.313709, -10.60977), (3.047853, 1.339219, -10.76789)
(3.050668, 1.313709, -10.60977), (3.209624, 1.325056, -10.606927), (3.20709, 1.351985, -10.76486)
(3.050668, 1.313709, -10.60977), (3.053183, 1.290875, -10.451852), (3.209624, 1.325056, -10.606927)
(3.209624, 1.325056, -10.606927), (3.211919, 1.300611, -10.449253), (3.368815, 1.335813, -10.60389)
(3.209624, 1.325056, -10.606927), (3.368815, 1.335813, -10.60389), (3.366604, 1.363983, -10.761637)
(3.368815, 1.335813, -10.60389), (3.528219, 1.345711, -10.60068), (3.526372, 1.37495, -10.758267)
(3.368815, 1.335813, -10.60389), (3.370847, 1.309846, -10.446467), (3.528219, 1.345711, -10.60068)
(2.73635, 1.271458, -10.456488), (2.894652, 1.281111, -10.454262), (2.891971, 1.302077, -10.61243)
(2.73635, 1.271458, -10.456488), (2.7387, 1.256239, -10.298079), (2.894652, 1.281111, -10.454262)
(2.894652, 1.281111, -10.454262), (3.053183, 1.290875, -10.451852), (3.050668, 1.313709, -10.60977)
(2.894652, 1.281111, -10.454262), (2.896942, 1.263702, -10.296137), (3.053183, 1.290875, -10.451852)
(3.053183, 1.290875, -10.451852), (3.211919, 1.300611, -10.449253), (3.209624, 1.325056, -10.606927)
(3.053183, 1.290875, -10.451852), (3.055361, 1.271473, -10.294016), (3.211919, 1.300611, -10.449253)
(3.211919, 1.300611, -10.449253), (3.370847, 1.309846, -10.446467), (3.368815, 1.335813, -10.60389)
(3.211919, 1.300611, -10.449253), (3.213944, 1.279258, -10.291711), (3.370847, 1.309846, -10.446467)
(3.370847, 1.309846, -10.446467), (3.529942, 1.318403, -10.443496), (3.528219, 1.345711, -10.60068)
(3.370847, 1.309846, -10.446467), (3.372672, 1.286732, -10.289222), (3.529942, 1.318403, -10.443496)
(2.7387, 1.256239, -10.298079), (2.740586, 1.245329, -10.139599), (2.896942, 1.263702, -10.296137)
(2.7387, 1.256239, -10.298079), (2.896942, 1.263702, -10.296137), (2.894652, 1.281111, -10.454262)
(2.896942, 1.263702, -10.296137), (2.898809, 1.250551, -10.13796), (3.055361, 1.271473, -10.294016)
(2.896942, 1.263702, -10.296137), (3.055361, 1.271473, -10.294016), (3.053183, 1.290875, -10.451852)
(3.055361, 1.271473, -10.294016), (3.057177, 1.256019, -10.136161), (3.213944, 1.279258, -10.291711)
(3.055361, 1.271473, -10.294016), (3.213944, 1.279258, -10.291711), (3.211919, 1.300611, -10.449253)
(3.213944, 1.279258, -10.291711), (3.215667, 1.26162, -10.134184), (3.372672, 1.286732, -10.289222)
(3.213944, 1.279258, -10.291711), (3.372672, 1.286732, -10.289222), (3.370847, 1.309846, -10.446467)
(2.740586, 1.245329, -10.139599), (2.898809, 1.250551, -10.13796), (2.896942, 1.263702, -10.296137)
(2.740586, 1.245329, -10.139599), (2.742042, 1.238382, -9.981039), (2.898809, 1.250551, -10.13796)
(2.898809, 1.250551, -10.13796), (3.057177, 1.256019, -10.136161), (3.055361, 1.271473, -10.294016)
(2.898809, 1.250551, -10.13796), (2.900283, 1.241271, -9.979716), (3.057177, 1.256019, -10.136161)
(3.057177, 1.256019, -10.136161), (3.215667, 1.26162, -10.134184), (3.213944, 1.279258, -10.291711)
(3.057177, 1.256019, -10.136161), (3.058636, 1.244518, -9.978239), (3.215667, 1.26162, -10.134184)
(3.215667, 1.26162, -10.134184), (3.374259, 1.26713, -10.132025), (3.372672, 1.286732, -10.289222)
(3.215667, 1.26162, -10.134184), (3.21707, 1.248078, -9.976586), (3.374259, 1.26713, -10.132025)
# 3.705843283313337, 0, -10.384233616686664
(3.528219, 1.345711, -10.60068), (3.529942, 1.318403, -10.443496), (3.687803, 1.354403, -10.597307)
(3.528219, 1.345711, -10.60068), (3.687803, 1.354403, -10.597307), (3.686343, 1.384522, -10.75474)
(3.687803, 1.354403, -10.597307), (3.847526, 1.361518, -10.593768), (3.846469, 1.392356, -10.751081)
(3.687803, 1.354403, -10.597307), (3.689181, 1.325961, -10.440345), (3.847526, 1.361518, -10.593768)
(3.847526, 1.361518, -10.593768), (3.848532, 1.332183, -10.437025), (4.007338, 1.366688, -10.590116)
(3.847526, 1.361518, -10.593768), (4.007338, 1.366688, -10.590116), (4.006679, 1.398109, -10.747328)
(4.007338, 1.366688, -10.590116), (4.167172, 1.369584, -10.586411), (4.16689, 1.401452, -10.743578)
(4.007338, 1.366688, -10.590116), (4.007957, 1.336659, -10.43356), (4.167172, 1.369584, -10.586411)
(3.529942, 1.318403, -10.443496), (3.689181, 1.325961, -10.440345), (3.687803, 1.354403, -10.597307)
(3.529942, 1.318403, -10.443496), (3.531523, 1.293728, -10.286543), (3.689181, 1.325961, -10.440345)
(3.689181, 1.325961, -10.440345), (3.848532, 1.332183, -10.437025), (3.847526, 1.361518, -10.593768)
(3.689181, 1.325961, -10.440345), (3.690477, 1.299919, -10.283682), (3.848532, 1.332183, -10.437025)
(3.848532, 1.332183, -10.437025), (4.007957, 1.336659, -10.43356), (4.007338, 1.366688, -10.590116)
(3.848532, 1.332183, -10.437025), (3.849509, 1.30496, -10.280648), (4.007957, 1.336659, -10.43356)
(4.007957, 1.336659, -10.43356), (4.16741, 1.339087, -10.429998), (4.167172, 1.369584, -10.586411)
(4.007957, 1.336659, -10.43356), (4.008586, 1.308491, -10.277457), (4.16741, 1.339087, -10.429998)
(3.372672, 1.286732, -10.289222), (3.374259, 1.26713, -10.132025), (3.531523, 1.293728, -10.286543)
(3.372672, 1.286732, -10.289222), (3.531523, 1.293728, -10.286543), (3.529942, 1.318403, -10.443496)
(3.531523, 1.293728, -10.286543), (3.532926, 1.272438, -10.129669), (3.690477, 1.299919, -10.283682)
(3.531523, 1.293728, -10.286543), (3.690477, 1.299919, -10.283682), (3.689181, 1.325961, -10.440345)
(3.690477, 1.299919, -10.283682), (3.691664, 1.276965, -10.127148), (3.849509, 1.30496, -10.280648)
(3.690477, 1.299919, -10.283682), (3.849509, 1.30496, -10.280648), (3.848532, 1.332183, -10.437025)
(3.849509, 1.30496, -10.280648), (3.850439, 1.280614, -10.124454), (4.008586, 1.308491, -10.277457)
(3.849509, 1.30496, -10.280648), (4.008586, 1.308491, -10.277457), (4.007957, 1.336659, -10.43356)
(4.008586, 1.308491, -10.277457), (4.00923, 1.282933, -10.121607), (4.167674, 1.310265, -10.274147)
(4.008586, 1.308491, -10.277457), (4.167674, 1.310265, -10.274147), (4.16741, 1.339087, -10.429998)
(3.374259, 1.26713, -10.132025), (3.532926, 1.272438, -10.129669), (3.531523, 1.293728, -10.286543)
(3.374259, 1.26713, -10.132025), (3.375578, 1.251539, -9.974772), (3.532926, 1.272438, -10.129669)
(3.532926, 1.272438, -10.129669), (3.691664, 1.276965, -10.127148), (3.690477, 1.299919, -10.283682)
(3.532926, 1.272438, -10.129669), (3.534135, 1.254741, -9.972785), (3.691664, 1.276965, -10.127148)
(3.691664, 1.276965, -10.127148), (3.850439, 1.280614, -10.124454), (3.849509, 1.30496, -10.280648)
(3.691664, 1.276965, -10.127148), (3.692717, 1.257494, -9.97063), (3.850439, 1.280614, -10.124454)
(3.850439, 1.280614, -10.124454), (4.00923, 1.282933, -10.121607), (4.008586, 1.308491, -10.277457)
(3.850439, 1.280614, -10.124454), (3.851297, 1.259619, -9.968304), (4.00923, 1.282933, -10.121607)
(4.00923, 1.282933, -10.121607), (4.168, 1.2838, -10.118629), (4.167674, 1.310265, -10.274147)
(4.00923, 1.282933, -10.121607), (4.009862, 1.260613, -9.965836), (4.168, 1.2838, -10.118629)
# 4.373613516646671, 0, -10.384233616686664
(4.167172, 1.369584, -10.586411), (4.16741, 1.339087, -10.429998), (4.326949, 1.369937, -10.582731)
(4.167172, 1.369584, -10.586411), (4.326949, 1.369937, -10.582731), (4.327009, 1.402179, -10.739883)
(4.326949, 1.369937, -10.582731), (4.486584, 1.367636, -10.579144), (4.486943, 1.400175, -10.736333)
(4.326949, 1.369937, -10.582731), (4.326827, 1.339178, -10.426406), (4.486584, 1.367636, -10.579144)
(4.486584, 1.367636, -10.579144), (4.486133, 1.336737, -10.422873), (4.645992, 1.362696, -10.575712)
(4.486584, 1.367636, -10.579144), (4.645992, 1.362696, -10.575712), (4.64663, 1.395517, -10.732939)
(4.645992, 1.362696, -10.575712), (4.805073, 1.355229, -10.572559), (4.805956, 1.388268, -10.729848)
(4.645992, 1.362696, -10.575712), (4.645247, 1.33176, -10.419454), (4.805073, 1.355229, -10.572559)
(4.16741, 1.339087, -10.429998), (4.326827, 1.339178, -10.426406), (4.326949, 1.369937, -10.582731)
(4.16741, 1.339087, -10.429998), (4.167674, 1.310265, -10.274147), (4.326827, 1.339178, -10.426406)
(4.326827, 1.339178, -10.426406), (4.486133, 1.336737, -10.422873), (4.486584, 1.367636, -10.579144)
(4.326827, 1.339178, -10.426406), (4.326725, 1.309993, -10.270769), (4.486133, 1.336737, -10.422873)
(4.486133, 1.336737, -10.422873), (4.645247, 1.33176, -10.419454), (4.645992, 1.362696, -10.575712)
(4.486133, 1.336737, -10.422873), (4.485681, 1.307486, -10.267382), (4.645247, 1.33176, -10.419454)
(4.645247, 1.33176, -10.419454), (4.804066, 1.324331, -10.416287), (4.805073, 1.355229, -10.572559)
(4.645247, 1.33176, -10.419454), (4.644472, 1.302659, -10.264062), (4.804066, 1.324331, -10.416287)
(4.167674, 1.310265, -10.274147), (4.168, 1.2838, -10.118629), (4.326725, 1.309993, -10.270769)
(4.167674, 1.310265, -10.274147), (4.326725, 1.309993, -10.270769), (4.326827, 1.339178, -10.426406)
(4.326725, 1.309993, -10.270769), (4.326711, 1.282942, -10.115556), (4.485681, 1.307486, -10.267382)
(4.326725, 1.309993, -10.270769), (4.485681, 1.307486, -10.267382), (4.486133, 1.336737, -10.422873)
(4.485681, 1.307486, -10.267382), (4.485321, 1.280218, -10.112431), (4.644472, 1.302659, -10.264062)
(4.485681, 1.307486, -10.267382), (4.644472, 1.302659, -10.264062), (4.645247, 1.33176, -10.419454)
(4.644472, 1.302659, -10.264062), (4.643767, 1.275529, -10.10933), (4.803004, 1.29554, -10.260935)
(4.644472, 1.302659, -10.264062), (4.803004, 1.29554, -10.260935), (4.804066, 1.324331, -10.416287)
(4.168, 1.2838, -10.118629), (4.326711, 1.282942, -10.115556), (4.326725, 1.309993, -10.270769)
(4.168, 1.2838, -10.118629), (4.168375, 1.260365, -9.963238), (4.326711, 1.282942, -10.115556)
(4.326711, 1.282942, -10.115556), (4.485321, 1.280218, -10.112431), (4.485681, 1.307486, -10.267382)
(4.326711, 1.282942, -10.115556), (4.3268, 1.258733, -9.960532), (4.485321, 1.280218, -10.112431)
(4.485321, 1.280218, -10.112431), (4.643767, 1.275529, -10.10933), (4.644472, 1.302659, -10.264062)
(4.485321, 1.280218, -10.112431), (4.485098, 1.255617, -9.957762), (4.643767, 1.275529, -10.10933)
(4.643767, 1.275529, -10.10933), (4.801976, 1.268878, -10.106371), (4.803004, 1.29554, -10.260935)
(4.643767, 1.275529, -10.10933), (4.643219, 1.250872, -9.954976), (4.801976, 1.268878, -10.106371)
# 5.041383749980003, 0, -10.384233616686664
(4.805073, 1.355229, -10.572559), (4.804066, 1.324331, -10.416287), (4.963741, 1.345506, -10.569788)
(4.805073, 1.355229, -10.572559), (4.963741, 1.345506, -10.569788), (4.964881, 1.378658, -10.727068)
(4.963741, 1.345506, -10.569788), (5.121971, 1.333867, -10.567369), (5.123351, 1.366982, -10.724651)
(4.963741, 1.345506, -10.569788), (4.962497, 1.314732, -10.413485), (5.121971, 1.333867, -10.567369)
(5.121971, 1.333867, -10.567369), (5.120461, 1.303421, -10.411124), (5.279696, 1.320728, -10.565387)
(5.121971, 1.333867, -10.567369), (5.279696, 1.320728, -10.565387), (5.281314, 1.353635, -10.722658)
(5.279696, 1.320728, -10.565387), (5.436833, 1.306695, -10.563988), (5.438657, 1.339273, -10.721307)
(5.279696, 1.320728, -10.565387), (5.277939, 1.290779, -10.409166), (5.436833, 1.306695, -10.563988)
(4.804066, 1.324331, -10.416287), (4.962497, 1.314732, -10.413485), (4.963741, 1.345506, -10.569788)
(4.804066, 1.324331, -10.416287), (4.803004, 1.29554, -10.260935), (4.962497, 1.314732, -10.413485)
(4.962497, 1.314732, -10.413485), (5.120461, 1.303421, -10.411124), (5.121971, 1.333867, -10.567369)
(4.962497, 1.314732, -10.413485), (4.961171, 1.286382, -10.258167), (5.120461, 1.303421, -10.411124)
(5.120461, 1.303421, -10.411124), (5.277939, 1.290779, -10.409166), (5.279696, 1.320728, -10.565387)
(5.120461, 1.303421, -10.411124), (5.118887, 1.275667, -10.255817), (5.277939, 1.290779, -10.409166)
(5.277939, 1.290779, -10.409166), (5.43484, 1.277442, -10.407777), (5.436833, 1.306695, -10.563988)
(5.277939, 1.290779, -10.409166), (5.276108, 1.263849, -10.253906), (5.43484, 1.277442, -10.407777)
(4.803004, 1.29554, -10.260935), (4.801976, 1.268878, -10.106371), (4.961171, 1.286382, -10.258167)
(4.803004, 1.29554, -10.260935), (4.961171, 1.286382, -10.258167), (4.962497, 1.314732, -10.413485)
(4.961171, 1.286382, -10.258167), (4.959858, 1.260435, -10.103663), (5.118887, 1.275667, -10.255817)
(4.961171, 1.286382, -10.258167), (5.118887, 1.275667, -10.255817), (5.120461, 1.303421, -10.411124)
(5.118887, 1.275667, -10.255817), (5.117312, 1.250621, -10.101343), (5.276108, 1.263849, -10.253906)
(5.118887, 1.275667, -10.255817), (5.276108, 1.263849, -10.253906), (5.277939, 1.290779, -10.409166)
(5.276108, 1.263849, -10.253906), (5.274265, 1.23995, -10.099491), (5.432752, 1.251571, -10.252552)
(5.276108, 1.263849, -10.253906), (5.432752, 1.251571, -10.252552), (5.43484, 1.277442, -10.407777)
(4.801976, 1.268878, -10.106371), (4.959858, 1.260435, -10.103663), (4.961171, 1.286382, -10.258167)
(4.801976, 1.268878, -10.106371), (4.801104, 1.244579, -9.952257), (4.959858, 1.260435, -10.103663)
(4.959858, 1.260435, -10.103663), (5.117312, 1.250621, -10.101343), (5.118887, 1.275667, -10.255817)
(4.959858, 1.260435, -10.103663), (4.958675, 1.236897, -9.949717), (5.117312, 1.250621, -10.101343)
(5.117312, 1.250621, -10.101343), (5.274265, 1.23995, -10.099491), (5.276108, 1.263849, -10.253906)
(5.117312, 1.250621, -10.101343), (5.115846, 1.228146, -9.947487), (5.274265, 1.23995, -10.099491)
(5.274265, 1.23995, -10.099491), (5.430623, 1.229194, -10.09822), (5.432752, 1.251571, -10.252552)
(5.274265, 1.23995, -10.099491), (5.272527, 1.218789, -9.94567), (5.430623, 1.229194, -10.09822)
# 5.709153983313337, 0, -10.384233616686664
(5.904203, 1.266769, -10.564234), (6.058577, 1.256725, -10.566007), (6.061296, 1.285176, -10.723383)
(5.904203, 1.266769, -10.564234), (5.901506, 1.241099, -10.408016), (6.058577, 1.256725, -10.566007)
(5.436833, 1.306695, -10.563988), (5.43484, 1.277442, -10.407777), (5.593299, 1.292605, -10.563321)
(5.436833, 1.306695, -10.563988), (5.593299, 1.292605, -10.563321), (5.595362, 1.324462, -10.720612)
(5.749092, 1.279077, -10.563393), (5.746636, 1.251938, -10.407175), (5.904203, 1.266769, -10.564234)
(5.749092, 1.279077, -10.563393), (5.904203, 1.266769, -10.564234), (5.906711, 1.296541, -10.72155)
(5.593299, 1.292605, -10.563321), (5.749092, 1.279077, -10.563393), (5.751358, 1.310103, -10.720731)
(5.593299, 1.292605, -10.563321), (5.591095, 1.264157, -10.407065), (5.749092, 1.279077, -10.563393)
(5.901506, 1.241099, -10.408016), (6.055636, 1.232784, -10.409767), (6.058577, 1.256725, -10.566007)
(5.901506, 1.241099, -10.408016), (5.898666, 1.219804, -10.252804), (6.055636, 1.232784, -10.409767)
(5.43484, 1.277442, -10.407777), (5.591095, 1.264157, -10.407065), (5.593299, 1.292605, -10.563321)
(5.43484, 1.277442, -10.407777), (5.432752, 1.251571, -10.252552), (5.591095, 1.264157, -10.407065)
(5.746636, 1.251938, -10.407175), (5.901506, 1.241099, -10.408016), (5.904203, 1.266769, -10.564234)
(5.746636, 1.251938, -10.407175), (5.744048, 1.228895, -10.251974), (5.901506, 1.241099, -10.408016)
(5.591095, 1.264157, -10.407065), (5.746636, 1.251938, -10.407175), (5.749092, 1.279077, -10.563393)
(5.591095, 1.264157, -10.407065), (5.588737, 1.239694, -10.251902), (5.746636, 1.251938, -10.407175)
(5.898666, 1.219804, -10.252804), (5.895731, 1.203168, -10.098501), (6.052533, 1.213562, -10.254543)
(5.898666, 1.219804, -10.252804), (6.052533, 1.213562, -10.254543), (6.055636, 1.232784, -10.409767)
(5.432752, 1.251571, -10.252552), (5.430623, 1.229194, -10.09822), (5.588737, 1.239694, -10.251902)
(5.432752, 1.251571, -10.252552), (5.588737, 1.239694, -10.251902), (5.591095, 1.264157, -10.407065)
(5.744048, 1.228895, -10.251974), (5.741393, 1.210057, -10.097661), (5.898666, 1.219804, -10.252804)
(5.744048, 1.228895, -10.251974), (5.898666, 1.219804, -10.252804), (5.901506, 1.241099, -10.408016)
(5.588737, 1.239694, -10.251902), (5.586349, 1.218965, -10.097584), (5.744048, 1.228895, -10.251974)
(5.588737, 1.239694, -10.251902), (5.744048, 1.228895, -10.251974), (5.746636, 1.251938, -10.407175)
(5.895731, 1.203168, -10.098501), (6.049299, 1.199572, -10.10027), (6.052533, 1.213562, -10.254543)
(5.895731, 1.203168, -10.098501), (5.892864, 1.190243, -9.944774), (6.049299, 1.199572, -10.10027)
(5.430623, 1.229194, -10.09822), (5.586349, 1.218965, -10.097584), (5.588737, 1.239694, -10.251902)
(5.430623, 1.229194, -10.09822), (5.428629, 1.209574, -9.944419), (5.586349, 1.218965, -10.097584)
(5.741393, 1.210057, -10.097661), (5.895731, 1.203168, -10.098501), (5.898666, 1.219804, -10.252804)
(5.741393, 1.210057, -10.097661), (5.738821, 1.194638, -9.943923), (5.895731, 1.203168, -10.098501)
(5.586349, 1.218965, -10.097584), (5.741393, 1.210057, -10.097661), (5.744048, 1.228895, -10.251974)
(5.586349, 1.218965, -10.097584), (5.584073, 1.201248, -9.943809), (5.741393, 1.210057, -10.097661)
# 6.376924216646669, 0, -10.384233616686664
(6.669124, 1.252534, -10.583081), (6.665016, 1.239247, -10.426825), (6.820303, 1.262415, -10.589856)
(6.669124, 1.252534, -10.583081), (6.820303, 1.262415, -10.589856), (6.824553, 1.276923, -10.747022)
(6.517413, 1.247507, -10.577345), (6.669124, 1.252534, -10.583081), (6.673001, 1.270836, -10.740358)
(6.517413, 1.247507, -10.577345), (6.513624, 1.231108, -10.421101), (6.669124, 1.252534, -10.583081)
(6.365111, 1.246882, -10.57262), (6.361625, 1.227632, -10.416374), (6.517413, 1.247507, -10.577345)
(6.365111, 1.246882, -10.57262), (6.517413, 1.247507, -10.577345), (6.520988, 1.268654, -10.734604)
(6.21218, 1.250077, -10.568844), (6.365111, 1.246882, -10.57262), (6.368375, 1.270865, -10.729938)
(6.21218, 1.250077, -10.568844), (6.209011, 1.227939, -10.412521), (6.365111, 1.246882, -10.57262)
(6.058577, 1.256725, -10.566007), (6.055636, 1.232784, -10.409767), (6.21218, 1.250077, -10.568844)
(6.058577, 1.256725, -10.566007), (6.21218, 1.250077, -10.568844), (6.215167, 1.276457, -10.726184)
(6.665016, 1.239247, -10.426825), (6.815874, 1.252235, -10.433529), (6.820303, 1.262415, -10.589856)
(6.665016, 1.239247, -10.426825), (6.660734, 1.231243, -10.271468), (6.815874, 1.252235, -10.433529)
(6.513624, 1.231108, -10.421101), (6.665016, 1.239247, -10.426825), (6.669124, 1.252534, -10.583081)
(6.513624, 1.231108, -10.421101), (6.509664, 1.219852, -10.265781), (6.665016, 1.239247, -10.426825)
(6.361625, 1.227632, -10.416374), (6.513624, 1.231108, -10.421101), (6.517413, 1.247507, -10.577345)
(6.361625, 1.227632, -10.416374), (6.357959, 1.213513, -10.261105), (6.513624, 1.231108, -10.421101)
(6.209011, 1.227939, -10.412521), (6.361625, 1.227632, -10.416374), (6.365111, 1.246882, -10.57262)
(6.209011, 1.227939, -10.412521), (6.20561, 1.211352, -10.25733), (6.361625, 1.227632, -10.416374)
(6.055636, 1.232784, -10.409767), (6.209011, 1.227939, -10.412521), (6.21218, 1.250077, -10.568844)
(6.055636, 1.232784, -10.409767), (6.052533, 1.213562, -10.254543), (6.209011, 1.227939, -10.412521)
(6.660734, 1.231243, -10.271468), (6.656313, 1.229262, -10.116961), (6.811232, 1.248095, -10.278186)
(6.660734, 1.231243, -10.271468), (6.811232, 1.248095, -10.278186), (6.815874, 1.252235, -10.433529)
(6.509664, 1.219852, -10.265781), (6.505573, 1.214252, -10.111305), (6.660734, 1.231243, -10.271468)
(6.509664, 1.219852, -10.265781), (6.660734, 1.231243, -10.271468), (6.665016, 1.239247, -10.426825)
(6.357959, 1.213513, -10.261105), (6.354172, 1.204812, -10.106688), (6.509664, 1.219852, -10.265781)
(6.357959, 1.213513, -10.261105), (6.509664, 1.219852, -10.265781), (6.513624, 1.231108, -10.421101)
(6.20561, 1.211352, -10.25733), (6.202118, 1.199737, -10.10296), (6.357959, 1.213513, -10.261105)
(6.20561, 1.211352, -10.25733), (6.357959, 1.213513, -10.261105), (6.361625, 1.227632, -10.416374)
(6.052533, 1.213562, -10.254543), (6.049299, 1.199572, -10.10027), (6.20561, 1.211352, -10.25733)
(6.052533, 1.213562, -10.254543), (6.20561, 1.211352, -10.25733), (6.209011, 1.227939, -10.412521)
(6.656313, 1.229262, -10.116961), (6.80651, 1.249224, -10.123526), (6.811232, 1.248095, -10.278186)
(6.656313, 1.229262, -10.116961), (6.651976, 1.230649, -9.962765), (6.80651, 1.249224, -10.123526)
(6.505573, 1.214252, -10.111305), (6.656313, 1.229262, -10.116961), (6.660734, 1.231243, -10.271468)
(6.505573, 1.214252, -10.111305), (6.501534, 1.212645, -9.957265), (6.656313, 1.229262, -10.116961)
(6.354172, 1.204812, -10.106688), (6.505573, 1.214252, -10.111305), (6.509664, 1.219852, -10.265781)
(6.354172, 1.204812, -10.106688), (6.350446, 1.199982, -9.95273), (6.505573, 1.214252, -10.111305)
(6.202118, 1.199737, -10.10296), (6.354172, 1.204812, -10.106688), (6.357959, 1.213513, -10.261105)
(6.202118, 1.199737, -10.10296), (6.198685, 1.192008, -9.949098), (6.354172, 1.204812, -10.106688)
(6.049299, 1.199572, -10.10027), (6.202118, 1.199737, -10.10296), (6.20561, 1.211352, -10.25733)
(6.049299, 1.199572, -10.10027), (6.046154, 1.189111, -9.946479), (6.202118, 1.199737, -10.10296)
# 7.044694449980003, 0, -10.384233616686664
(7.27204, 1.313553, -10.614552), (7.266407, 1.315639, -10.458351), (7.422345, 1.33682, -10.623975)
(7.27204, 1.313553, -10.614552), (7.422345, 1.33682, -10.623975), (7.428238, 1.334913, -10.780796)
(7.121662, 1.293289, -10.605678), (7.27204, 1.313553, -10.614552), (7.277484, 1.316219, -10.771514)
(7.121662, 1.293289, -10.605678), (7.116444, 1.291279, -10.449453), (7.27204, 1.313553, -10.614552)
(6.971109, 1.276244, -10.59744), (6.966288, 1.270235, -10.441187), (7.121662, 1.293289, -10.605678)
(6.971109, 1.276244, -10.59744), (7.121662, 1.293289, -10.605678), (7.126689, 1.29994, -10.762697)
(6.820303, 1.262415, -10.589856), (6.971109, 1.276244, -10.59744), (6.975723, 1.287108, -10.754583)
(6.820303, 1.262415, -10.589856), (6.815874, 1.252235, -10.433529), (6.971109, 1.276244, -10.59744)
(7.266407, 1.315639, -10.458351), (7.416286, 1.342842, -10.467767), (7.422345, 1.33682, -10.623975)
(7.266407, 1.315639, -10.458351), (7.260654, 1.322673, -10.302814), (7.416286, 1.342842, -10.467767)
(7.116444, 1.291279, -10.449453), (7.266407, 1.315639, -10.458351), (7.27204, 1.313553, -10.614552)
(7.116444, 1.291279, -10.449453), (7.111091, 1.294252, -10.293945), (7.266407, 1.315639, -10.458351)
(6.966288, 1.270235, -10.441187), (7.116444, 1.291279, -10.449453), (7.121662, 1.293289, -10.605678)
(6.966288, 1.270235, -10.441187), (6.96131, 1.269422, -10.285734), (7.116444, 1.291279, -10.449453)
(6.815874, 1.252235, -10.433529), (6.966288, 1.270235, -10.441187), (6.971109, 1.276244, -10.59744)
(6.815874, 1.252235, -10.433529), (6.811232, 1.248095, -10.278186), (6.966288, 1.270235, -10.441187)
(7.260654, 1.322673, -10.302814), (7.254875, 1.335159, -10.147857), (7.410117, 1.354307, -10.312239)
(7.260654, 1.322673, -10.302814), (7.410117, 1.354307, -10.312239), (7.416286, 1.342842, -10.467767)
(7.111091, 1.294252, -10.293945), (7.10568, 1.302614, -10.139065), (7.260654, 1.322673, -10.302814)
(7.111091, 1.294252, -10.293945), (7.260654, 1.322673, -10.302814), (7.266407, 1.315639, -10.458351)
(6.96131, 1.269422, -10.285734), (6.956258, 1.273975, -10.130941), (7.111091, 1.294252, -10.293945)
(6.96131, 1.269422, -10.285734), (7.111091, 1.294252, -10.293945), (7.116444, 1.291279, -10.449453)
(6.811232, 1.248095, -10.278186), (6.80651, 1.249224, -10.123526), (6.96131, 1.269422, -10.285734)
(6.811232, 1.248095, -10.278186), (6.96131, 1.269422, -10.285734), (6.966288, 1.270235, -10.441187)
(7.254875, 1.335159, -10.147857), (7.403965, 1.370322, -10.157122), (7.410117, 1.354307, -10.312239)
(7.254875, 1.335159, -10.147857), (7.249187, 1.350558, -9.993055), (7.403965, 1.370322, -10.157122)
(7.10568, 1.302614, -10.139065), (7.254875, 1.335159, -10.147857), (7.260654, 1.322673, -10.302814)
(7.10568, 1.302614, -10.139065), (7.100348, 1.314587, -9.984444), (7.254875, 1.335159, -10.147857)
(6.956258, 1.273975, -10.130941), (7.10568, 1.302614, -10.139065), (7.111091, 1.294252, -10.293945)
(6.956258, 1.273975, -10.130941), (6.951271, 1.282277, -9.976465), (7.10568, 1.302614, -10.139065)
(6.80651, 1.249224, -10.123526), (6.956258, 1.273975, -10.130941), (6.96131, 1.269422, -10.285734)
(6.80651, 1.249224, -10.123526), (6.801858, 1.253848, -9.969175), (6.956258, 1.273975, -10.130941)
# 7.712464683313336, 0, -10.384233616686664
(8.024761, 1.442449, -10.663404), (8.175985, 1.470155, -10.673155), (8.184134, 1.446634, -10.829376)
(8.024761, 1.442449, -10.663404), (8.016891, 1.465542, -10.507442), (8.175985, 1.470155, -10.673155)
(7.873837, 1.41469, -10.653484), (7.866425, 1.433888, -10.49748), (8.024761, 1.442449, -10.663404)
(7.873837, 1.41469, -10.653484), (8.024761, 1.442449, -10.663404), (8.032475, 1.422968, -10.819726)
(7.723175, 1.38772, -10.643536), (7.873837, 1.41469, -10.653484), (7.881102, 1.39968, -10.809942)
(7.723175, 1.38772, -10.643536), (7.716218, 1.402749, -10.487485), (7.873837, 1.41469, -10.653484)
(7.572701, 1.361712, -10.633674), (7.566195, 1.372453, -10.477567), (7.723175, 1.38772, -10.643536)
(7.572701, 1.361712, -10.633674), (7.723175, 1.38772, -10.643536), (7.729978, 1.376873, -10.800104)
(7.422345, 1.33682, -10.623975), (7.572701, 1.361712, -10.633674), (7.579042, 1.355353, -10.790377)
(7.422345, 1.33682, -10.623975), (7.416286, 1.342842, -10.467767), (7.572701, 1.361712, -10.633674)
(8.016891, 1.465542, -10.507442), (8.167704, 1.497463, -10.517235), (8.175985, 1.470155, -10.673155)
(8.016891, 1.465542, -10.507442), (8.009027, 1.493042, -10.351758), (8.167704, 1.497463, -10.517235)
(7.866425, 1.433888, -10.49748), (8.016891, 1.465542, -10.507442), (8.024761, 1.442449, -10.663404)
(7.866425, 1.433888, -10.49748), (7.858968, 1.457259, -10.341829), (8.016891, 1.465542, -10.507442)
(7.716218, 1.402749, -10.487485), (7.866425, 1.433888, -10.49748), (7.873837, 1.41469, -10.653484)
(7.716218, 1.402749, -10.487485), (7.709194, 1.422065, -10.331855), (7.866425, 1.433888, -10.49748)
(7.566195, 1.372453, -10.477567), (7.716218, 1.402749, -10.487485), (7.723175, 1.38772, -10.643536)
(7.566195, 1.372453, -10.477567), (7.559607, 1.387745, -10.321968), (7.716218, 1.402749, -10.487485)
(7.416286, 1.342842, -10.467767), (7.566195, 1.372453, -10.477567), (7.572701, 1.361712, -10.633674)
(7.416286, 1.342842, -10.467767), (7.410117, 1.354307, -10.312239), (7.566195, 1.372453, -10.477567)
(8.009027, 1.493042, -10.351758), (8.001297, 1.524091, -10.196169), (8.159409, 1.528532, -10.361507)
(8.009027, 1.493042, -10.351758), (8.159409, 1.528532, -10.361507), (8.167704, 1.497463, -10.517235)
(7.858968, 1.457259, -10.341829), (7.851646, 1.484873, -10.186371), (8.009027, 1.493042, -10.351758)
(7.858968, 1.457259, -10.341829), (8.009027, 1.493042, -10.351758), (8.016891, 1.465542, -10.507442)
(7.709194, 1.422065, -10.331855), (7.702249, 1.445724, -10.176511), (7.858968, 1.457259, -10.341829)
(7.709194, 1.422065, -10.331855), (7.858968, 1.457259, -10.341829), (7.866425, 1.433888, -10.49748)
(7.559607, 1.387745, -10.321968), (7.553062, 1.407486, -10.166723), (7.709194, 1.422065, -10.331855)
(7.559607, 1.387745, -10.321968), (7.709194, 1.422065, -10.331855), (7.716218, 1.402749, -10.487485)
(7.410117, 1.354307, -10.312239), (7.403965, 1.370322, -10.157122), (7.559607, 1.387745, -10.321968)
(7.410117, 1.354307, -10.312239), (7.559607, 1.387745, -10.321968), (7.566195, 1.372453, -10.477567)
(8.001297, 1.524091, -10.196169), (8.151279, 1.563016, -10.205797), (8.159409, 1.528532, -10.361507)
(8.001297, 1.524091, -10.196169), (7.993691, 1.55754, -10.040578), (8.151279, 1.563016, -10.205797)
(7.851646, 1.484873, -10.186371), (8.001297, 1.524091, -10.196169), (8.009027, 1.493042, -10.351758)
(7.851646, 1.484873, -10.186371), (7.844437, 1.514885, -10.030933), (8.001297, 1.524091, -10.196169)
(7.702249, 1.445724, -10.176511), (7.851646, 1.484873, -10.186371), (7.858968, 1.457259, -10.341829)
(7.702249, 1.445724, -10.176511), (7.695445, 1.472263, -10.02123), (7.851646, 1.484873, -10.186371)
(7.553062, 1.407486, -10.166723), (7.702249, 1.445724, -10.176511), (7.709194, 1.422065, -10.331855)
(7.553062, 1.407486, -10.166723), (7.546636, 1.430307, -10.0116), (7.702249, 1.445724, -10.176511)
(7.403965, 1.370322, -10.157122), (7.553062, 1.407486, -10.166723), (7.559607, 1.387745, -10.321968)
(7.403965, 1.370322, -10.157122), (7.397905, 1.389323, -10.002153), (7.553062, 1.407486, -10.166723)
# 8.380234916646671, 0, -10.384233616686664
(8.631644, 1.551316, -10.700978), (8.784274, 1.577678, -10.709743), (8.793942, 1.538652, -10.865618)
(8.631644, 1.551316, -10.700978), (8.62215, 1.589668, -10.545135), (8.784274, 1.577678, -10.709743)
(8.479387, 1.524417, -10.691972), (8.470279, 1.559325, -10.536112), (8.631644, 1.551316, -10.700978)
(8.479387, 1.524417, -10.691972), (8.631644, 1.551316, -10.700978), (8.640992, 1.515983, -10.856911)
(8.327517, 1.497413, -10.682688), (8.479387, 1.524417, -10.691972), (8.488377, 1.492988, -10.847979)
(8.327517, 1.497413, -10.682688), (8.31881, 1.528609, -10.526801), (8.479387, 1.524417, -10.691972)
(8.175985, 1.470155, -10.673155), (8.167704, 1.497463, -10.517235), (8.327517, 1.497413, -10.682688)
(8.175985, 1.470155, -10.673155), (8.327517, 1.497413, -10.682688), (8.336091, 1.469759, -10.838797)
(8.62215, 1.589668, -10.545135), (8.774496, 1.619723, -10.55386), (8.784274, 1.577678, -10.709743)
(8.62215, 1.589668, -10.545135), (8.61274, 1.63145, -10.389221), (8.774496, 1.619723, -10.55386)
(8.470279, 1.559325, -10.536112), (8.62215, 1.589668, -10.545135), (8.631644, 1.551316, -10.700978)
(8.470279, 1.559325, -10.536112), (8.461185, 1.597579, -10.380293), (8.62215, 1.589668, -10.545135)
(8.31881, 1.528609, -10.526801), (8.470279, 1.559325, -10.536112), (8.479387, 1.524417, -10.691972)
(8.31881, 1.528609, -10.526801), (8.310099, 1.563308, -10.371038), (8.470279, 1.559325, -10.536112)
(8.167704, 1.497463, -10.517235), (8.31881, 1.528609, -10.526801), (8.327517, 1.497413, -10.682688)
(8.167704, 1.497463, -10.517235), (8.159409, 1.528532, -10.361507), (8.31881, 1.528609, -10.526801)
(8.61274, 1.63145, -10.389221), (8.603548, 1.675785, -10.233111), (8.764759, 1.664637, -10.397859)
(8.61274, 1.63145, -10.389221), (8.764759, 1.664637, -10.397859), (8.774496, 1.619723, -10.55386)
(8.461185, 1.597579, -10.380293), (8.452361, 1.638921, -10.224303), (8.61274, 1.63145, -10.389221)
(8.461185, 1.597579, -10.380293), (8.61274, 1.63145, -10.389221), (8.62215, 1.589668, -10.545135)
(8.310099, 1.563308, -10.371038), (8.301594, 1.601267, -10.215208), (8.461185, 1.597579, -10.380293)
(8.310099, 1.563308, -10.371038), (8.461185, 1.597579, -10.380293), (8.470279, 1.559325, -10.536112)
(8.159409, 1.528532, -10.361507), (8.151279, 1.563016, -10.205797), (8.310099, 1.563308, -10.371038)
(8.159409, 1.528532, -10.361507), (8.310099, 1.563308, -10.371038), (8.31881, 1.528609, -10.526801)
(8.603548, 1.675785, -10.233111), (8.755284, 1.711929, -10.241581), (8.764759, 1.664637, -10.397859)
(8.603548, 1.675785, -10.233111), (8.594563, 1.721752, -10.076784), (8.755284, 1.711929, -10.241581)
(8.452361, 1.638921, -10.224303), (8.603548, 1.675785, -10.233111), (8.61274, 1.63145, -10.389221)
(8.452361, 1.638921, -10.224303), (8.443698, 1.682012, -10.068172), (8.603548, 1.675785, -10.233111)
(8.301594, 1.601267, -10.215208), (8.452361, 1.638921, -10.224303), (8.461185, 1.597579, -10.380293)
(8.301594, 1.601267, -10.215208), (8.293304, 1.641334, -10.059237), (8.452361, 1.638921, -10.224303)
(8.151279, 1.563016, -10.205797), (8.301594, 1.601267, -10.215208), (8.310099, 1.563308, -10.371038)
(8.151279, 1.563016, -10.205797), (8.143334, 1.599842, -10.050013), (8.301594, 1.601267, -10.215208)
(8.594563, 1.721752, -10.076784), (8.746028, 1.760584, -10.085022), (8.755284, 1.711929, -10.241581)
(8.594563, 1.721752, -10.076784), (8.58606, 1.768665, -9.919989), (8.746028, 1.760584, -10.085022)
(8.443698, 1.682012, -10.068172), (8.435458, 1.726327, -9.911656), (8.594563, 1.721752, -10.076784)
(8.443698, 1.682012, -10.068172), (8.594563, 1.721752, -10.076784), (8.603548, 1.675785, -10.233111)
(8.293304, 1.641334, -10.059237), (8.443698, 1.682012, -10.068172), (8.452361, 1.638921, -10.224303)
(8.293304, 1.641334, -10.059237), (8.285402, 1.682868, -9.902947), (8.443698, 1.682012, -10.068172)
# 9.048005149980003, 0, -10.384233616686664
(8.784274, 1.577678, -10.709743), (8.774496, 1.619723, -10.55386), (8.937252, 1.603645, -10.718349)
(8.784274, 1.577678, -10.709743), (8.937252, 1.603645, -10.718349), (8.947218, 1.560991, -10.874166)
(9.233807, 1.70778, -10.579489), (9.387873, 1.737894, -10.588236), (9.39852, 1.683092, -10.74423)
(9.233807, 1.70778, -10.579489), (9.223393, 1.761822, -10.423155), (9.387873, 1.737894, -10.588236)
(9.080265, 1.678303, -10.570946), (9.233807, 1.70778, -10.579489), (9.244356, 1.656158, -10.735451)
(9.080265, 1.678303, -10.570946), (9.069997, 1.729355, -10.414742), (9.233807, 1.70778, -10.579489)
(8.927176, 1.649081, -10.562445), (9.080265, 1.678303, -10.570946), (9.090597, 1.629654, -10.726881)
(8.927176, 1.649081, -10.562445), (8.917141, 1.697112, -10.406353), (9.080265, 1.678303, -10.570946)
(8.774496, 1.619723, -10.55386), (8.927176, 1.649081, -10.562445), (8.937252, 1.603645, -10.718349)
(8.774496, 1.619723, -10.55386), (8.764759, 1.664637, -10.397859), (8.927176, 1.649081, -10.562445)
(9.377291, 1.794571, -10.431805), (9.367017, 1.852545, -10.274839), (9.531642, 1.827832, -10.440898)
(9.377291, 1.794571, -10.431805), (9.531642, 1.827832, -10.440898), (9.542323, 1.768433, -10.597409)
(9.223393, 1.761822, -10.423155), (9.213272, 1.81736, -10.266359), (9.377291, 1.794571, -10.431805)
(9.223393, 1.761822, -10.423155), (9.377291, 1.794571, -10.431805), (9.387873, 1.737894, -10.588236)
(9.069997, 1.729355, -10.414742), (9.060083, 1.782383, -10.258104), (9.223393, 1.761822, -10.423155)
(9.069997, 1.729355, -10.414742), (9.223393, 1.761822, -10.423155), (9.233807, 1.70778, -10.579489)
(8.917141, 1.697112, -10.406353), (8.907405, 1.747317, -10.24991), (9.069997, 1.729355, -10.414742)
(8.917141, 1.697112, -10.406353), (9.069997, 1.729355, -10.414742), (9.080265, 1.678303, -10.570946)
(8.764759, 1.664637, -10.397859), (8.755284, 1.711929, -10.241581), (8.917141, 1.697112, -10.406353)
(8.764759, 1.664637, -10.397859), (8.917141, 1.697112, -10.406353), (8.927176, 1.649081, -10.562445)
(9.367017, 1.852545, -10.274839), (9.521309, 1.888306, -10.283784), (9.531642, 1.827832, -10.440898)
(9.367017, 1.852545, -10.274839), (9.35715, 1.910703, -10.117227), (9.521309, 1.888306, -10.283784)
(9.213272, 1.81736, -10.266359), (9.367017, 1.852545, -10.274839), (9.377291, 1.794571, -10.431805)
(9.213272, 1.81736, -10.266359), (9.203397, 1.873345, -10.109042), (9.367017, 1.852545, -10.274839)
(9.060083, 1.782383, -10.258104), (9.213272, 1.81736, -10.266359), (9.223393, 1.761822, -10.423155)
(9.060083, 1.782383, -10.258104), (9.050361, 1.836102, -10.101061), (9.213272, 1.81736, -10.266359)
(8.907405, 1.747317, -10.24991), (9.060083, 1.782383, -10.258104), (9.069997, 1.729355, -10.414742)
(8.907405, 1.747317, -10.24991), (8.897923, 1.798597, -10.093099), (9.060083, 1.782383, -10.258104)
(8.755284, 1.711929, -10.241581), (8.907405, 1.747317, -10.24991), (8.917141, 1.697112, -10.406353)
(8.755284, 1.711929, -10.241581), (8.746028, 1.760584, -10.085022), (8.907405, 1.747317, -10.24991)
(9.35715, 1.910703, -10.117227), (9.347764, 1.968153, -9.958857), (9.511427, 1.948632, -10.125934)
(9.35715, 1.910703, -10.117227), (9.511427, 1.948632, -10.125934), (9.521309, 1.888306, -10.283784)
(9.203397, 1.873345, -10.109042), (9.194087, 1.929021, -9.951014), (9.35715, 1.910703, -10.117227)
(9.203397, 1.873345, -10.109042), (9.35715, 1.910703, -10.117227), (9.367017, 1.852545, -10.274839)
(9.050361, 1.836102, -10.101061), (9.041153, 1.889848, -9.943388), (9.203397, 1.873345, -10.109042)
(9.050361, 1.836102, -10.101061), (9.203397, 1.873345, -10.109042), (9.213272, 1.81736, -10.266359)
(8.897923, 1.798597, -10.093099), (9.050361, 1.836102, -10.101061), (9.060083, 1.782383, -10.258104)
(8.897923, 1.798597, -10.093099), (8.888922, 1.850222, -9.935738), (9.050361, 1.836102, -10.101061)
(8.746028, 1.760584, -10.085022), (8.737219, 1.809934, -9.927984), (8.897923, 1.798597, -10.093099)
(8.746028, 1.760584, -10.085022), (8.897923, 1.798597, -10.093099), (8.907405, 1.747317, -10.24991)
# 9.71577538331334, 0, -10.384233616686664
(10.008908, 1.869284, -10.629574), (10.165655, 1.907165, -10.642509), (10.176016, 1.837484, -10.797896)
(10.008908, 1.869284, -10.629574), (9.998485, 1.937057, -10.473166), (10.165655, 1.907165, -10.642509)
(9.852748, 1.833612, -10.617846), (10.008908, 1.869284, -10.629574), (10.019492, 1.802663, -10.785238)
(9.852748, 1.833612, -10.617846), (9.842173, 1.898649, -10.461339), (10.008908, 1.869284, -10.629574)
(9.697259, 1.80016, -10.607203), (9.852748, 1.833612, -10.617846), (9.863487, 1.770028, -10.773697)
(9.697259, 1.80016, -10.607203), (9.686575, 1.862309, -10.450655), (9.852748, 1.833612, -10.617846)
(9.542323, 1.768433, -10.597409), (9.697259, 1.80016, -10.607203), (9.708027, 1.739401, -10.763147)
(9.542323, 1.768433, -10.597409), (9.531642, 1.827832, -10.440898), (9.697259, 1.80016, -10.607203)
(9.387873, 1.737894, -10.588236), (9.542323, 1.768433, -10.597409), (9.553061, 1.710608, -10.753397)
(9.387873, 1.737894, -10.588236), (9.377291, 1.794571, -10.431805), (9.542323, 1.768433, -10.597409)
(9.998485, 1.937057, -10.473166), (9.988249, 2.004493, -10.315832), (10.155397, 1.977596, -10.486249)
(9.998485, 1.937057, -10.473166), (10.155397, 1.977596, -10.486249), (10.165655, 1.907165, -10.642509)
(9.842173, 1.898649, -10.461339), (9.831881, 1.963845, -10.304033), (9.998485, 1.937057, -10.473166)
(9.842173, 1.898649, -10.461339), (9.998485, 1.937057, -10.473166), (10.008908, 1.869284, -10.629574)
(9.686575, 1.862309, -10.450655), (9.676291, 1.925275, -10.293434), (9.842173, 1.898649, -10.461339)
(9.686575, 1.862309, -10.450655), (9.842173, 1.898649, -10.461339), (9.852748, 1.833612, -10.617846)
(9.531642, 1.827832, -10.440898), (9.521309, 1.888306, -10.283784), (9.686575, 1.862309, -10.450655)
(9.531642, 1.827832, -10.440898), (9.686575, 1.862309, -10.450655), (9.697259, 1.80016, -10.607203)
(9.988249, 2.004493, -10.315832), (10.145322, 2.047462, -10.328969), (10.155397, 1.977596, -10.486249)
(9.988249, 2.004493, -10.315832), (9.978586, 2.070941, -10.157538), (10.145322, 2.047462, -10.328969)
(9.831881, 1.963845, -10.304033), (9.988249, 2.004493, -10.315832), (9.998485, 1.937057, -10.473166)
(9.831881, 1.963845, -10.304033), (9.822022, 2.028265, -10.145835), (9.988249, 2.004493, -10.315832)
(9.676291, 1.925275, -10.293434), (9.831881, 1.963845, -10.304033), (9.842173, 1.898649, -10.461339)
(9.676291, 1.925275, -10.293434), (9.666345, 1.987657, -10.135382), (9.831881, 1.963845, -10.304033)
(9.521309, 1.888306, -10.283784), (9.676291, 1.925275, -10.293434), (9.686575, 1.862309, -10.450655)
(9.521309, 1.888306, -10.283784), (9.511427, 1.948632, -10.125934), (9.676291, 1.925275, -10.293434)
(9.978586, 2.070941, -10.157538), (9.969555, 2.135221, -9.998117), (10.135773, 2.115973, -10.170612)
(9.978586, 2.070941, -10.157538), (10.135773, 2.115973, -10.170612), (10.145322, 2.047462, -10.328969)
(9.822022, 2.028265, -10.145835), (9.978586, 2.070941, -10.157538), (9.988249, 2.004493, -10.315832)
(9.822022, 2.028265, -10.145835), (9.812832, 2.090925, -9.986608), (9.978586, 2.070941, -10.157538)
(9.666345, 1.987657, -10.135382), (9.657012, 2.048621, -9.976395), (9.822022, 2.028265, -10.145835)
(9.666345, 1.987657, -10.135382), (9.822022, 2.028265, -10.145835), (9.831881, 1.963845, -10.304033)
(9.511427, 1.948632, -10.125934), (9.666345, 1.987657, -10.135382), (9.676291, 1.925275, -10.293434)
(9.511427, 1.948632, -10.125934), (9.502062, 2.007854, -9.967234), (9.666345, 1.987657, -10.135382)
