# -9.64956138335333, 0, 2.9711710499800033
(-9.323956, 0.649733, 2.677382), (-9.166682, 0.631444, 2.6727), (-9.16548, 0.633717, 2.516643)
(-9.323956, 0.649733, 2.677382), (-9.3254, 0.645177, 2.833781), (-9.166682, 0.631444, 2.6727)
(-9.481968, 0.663832, 2.682219), (-9.323956, 0.649733, 2.677382), (-9.322657, 0.653775, 2.521288)
(-9.481968, 0.663832, 2.682219), (-9.483459, 0.657418, 2.83858), (-9.323956, 0.649733, 2.677382)
(-9.640678, 0.67376, 2.687138), (-9.481968, 0.663832, 2.682219), (-9.480659, 0.66945, 2.52614)
(-9.640678, 0.67376, 2.687138), (-9.642097, 0.665914, 2.843397), (-9.481968, 0.663832, 2.682219)
(-9.799952, 0.680108, 2.692042), (-9.640678, 0.67376, 2.687138), (-9.639398, 0.681026, 2.53111)
(-9.799952, 0.680108, 2.692042), (-9.801275, 0.670693, 2.848173), (-9.640678, 0.67376, 2.687138)
(-9.959724, 0.683051, 2.696874), (-9.799952, 0.680108, 2.692042), (-9.798793, 0.688791, 2.536122)
(-9.959724, 0.683051, 2.696874), (-9.960872, 0.672311, 2.85283), (-9.799952, 0.680108, 2.692042)
(-9.3254, 0.645177, 2.833781), (-9.326824, 0.641133, 2.990416), (-9.168025, 0.628804, 2.829096)
(-9.3254, 0.645177, 2.833781), (-9.168025, 0.628804, 2.829096), (-9.166682, 0.631444, 2.6727)
(-9.483459, 0.657418, 2.83858), (-9.484917, 0.651571, 2.99515), (-9.3254, 0.645177, 2.833781)
(-9.483459, 0.657418, 2.83858), (-9.3254, 0.645177, 2.833781), (-9.323956, 0.649733, 2.677382)
(-9.642097, 0.665914, 2.843397), (-9.643536, 0.658339, 2.999864), (-9.483459, 0.657418, 2.83858)
(-9.642097, 0.665914, 2.843397), (-9.483459, 0.657418, 2.83858), (-9.481968, 0.663832, 2.682219)
(-9.801275, 0.670693, 2.848173), (-9.802621, 0.661591, 3.004493), (-9.642097, 0.665914, 2.843397)
(-9.801275, 0.670693, 2.848173), (-9.642097, 0.665914, 2.843397), (-9.640678, 0.67376, 2.687138)
(-9.960872, 0.672311, 2.85283), (-9.962104, 0.66153, 3.008965), (-9.801275, 0.670693, 2.848173)
(-9.960872, 0.672311, 2.85283), (-9.801275, 0.670693, 2.848173), (-9.799952, 0.680108, 2.692042)
(-9.326824, 0.641133, 2.990416), (-9.16933, 0.626814, 2.985739), (-9.168025, 0.628804, 2.829096)
(-9.326824, 0.641133, 2.990416), (-9.328277, 0.63744, 3.147324), (-9.16933, 0.626814, 2.985739)
(-9.484917, 0.651571, 2.99515), (-9.326824, 0.641133, 2.990416), (-9.3254, 0.645177, 2.833781)
(-9.484917, 0.651571, 2.99515), (-9.48642, 0.645943, 3.151973), (-9.326824, 0.641133, 2.990416)
(-9.643536, 0.658339, 2.999864), (-9.484917, 0.651571, 2.99515), (-9.483459, 0.657418, 2.83858)
(-9.643536, 0.658339, 2.999864), (-9.645032, 0.650885, 3.156558), (-9.484917, 0.651571, 2.99515)
(-9.802621, 0.661591, 3.004493), (-9.643536, 0.658339, 2.999864), (-9.642097, 0.665914, 2.843397)
(-9.802621, 0.661591, 3.004493), (-9.804045, 0.652491, 3.161016), (-9.643536, 0.658339, 2.999864)
(-9.962104, 0.66153, 3.008965), (-9.802621, 0.661591, 3.004493), (-9.801275, 0.670693, 2.848173)
(-9.962104, 0.66153, 3.008965), (-9.963395, 0.650941, 3.165282), (-9.802621, 0.661591, 3.004493)
(-9.328277, 0.63744, 3.147324), (-9.170681, 0.625131, 3.142695), (-9.16933, 0.626814, 2.985739)
(-9.328277, 0.63744, 3.147324), (-9.329806, 0.633782, 3.30451), (-9.170681, 0.625131, 3.142695)
(-9.48642, 0.645943, 3.151973), (-9.487987, 0.640391, 3.309034), (-9.328277, 0.63744, 3.147324)
(-9.48642, 0.645943, 3.151973), (-9.328277, 0.63744, 3.147324), (-9.326824, 0.641133, 2.990416)
(-9.645032, 0.650885, 3.156558), (-9.48642, 0.645943, 3.151973), (-9.484917, 0.651571, 2.99515)
(-9.645032, 0.650885, 3.156558), (-9.646589, 0.643508, 3.313461), (-9.48642, 0.645943, 3.151973)
(-9.804045, 0.652491, 3.161016), (-9.805519, 0.643565, 3.317725), (-9.645032, 0.650885, 3.156558)
(-9.804045, 0.652491, 3.161016), (-9.645032, 0.650885, 3.156558), (-9.643536, 0.658339, 2.999864)
(-9.963395, 0.650941, 3.165282), (-9.804045, 0.652491, 3.161016), (-9.802621, 0.661591, 3.004493)
(-9.963395, 0.650941, 3.165282), (-9.964728, 0.6407, 3.321775), (-9.804045, 0.652491, 3.161016)
(-9.329806, 0.633782, 3.30451), (-9.172089, 0.623668, 3.299952), (-9.170681, 0.625131, 3.142695)
(-9.329806, 0.633782, 3.30451), (-9.331449, 0.629822, 3.461969), (-9.172089, 0.623668, 3.299952)
# -8.981791150019998, 0, 2.9711710499800033
(-8.699158, 0.553832, 2.659998), (-8.544807, 0.52075, 2.656479), (-8.544592, 0.514956, 2.501002)
(-8.699158, 0.553832, 2.659998), (-8.699834, 0.557684, 2.816138), (-8.544807, 0.52075, 2.656479)
(-8.854239, 0.583522, 2.663918), (-8.699158, 0.553832, 2.659998), (-8.698591, 0.550278, 2.504298)
(-8.854239, 0.583522, 2.663918), (-8.855218, 0.584988, 2.820203), (-8.699158, 0.553832, 2.659998)
(-9.01011, 0.609332, 2.668196), (-8.854239, 0.583522, 2.663918), (-8.853406, 0.582009, 2.508063)
(-9.01011, 0.609332, 2.668196), (-9.011272, 0.608804, 2.824535), (-8.854239, 0.583522, 2.663918)
(-9.166682, 0.631444, 2.6727), (-9.01011, 0.609332, 2.668196), (-9.00905, 0.609814, 2.512212)
(-9.166682, 0.631444, 2.6727), (-9.168025, 0.628804, 2.829096), (-9.01011, 0.609332, 2.668196)
(-8.699834, 0.557684, 2.816138), (-8.70047, 0.562399, 2.972573), (-8.545118, 0.527123, 2.812414)
(-8.699834, 0.557684, 2.816138), (-8.545118, 0.527123, 2.812414), (-8.544807, 0.52075, 2.656479)
(-8.855218, 0.584988, 2.820203), (-8.856129, 0.587358, 2.976748), (-8.699834, 0.557684, 2.816138)
(-8.855218, 0.584988, 2.820203), (-8.699834, 0.557684, 2.816138), (-8.699158, 0.553832, 2.659998)
(-9.011272, 0.608804, 2.824535), (-9.012416, 0.608899, 2.981155), (-8.855218, 0.584988, 2.820203)
(-9.011272, 0.608804, 2.824535), (-8.855218, 0.584988, 2.820203), (-8.854239, 0.583522, 2.663918)
(-9.168025, 0.628804, 2.829096), (-9.16933, 0.626814, 2.985739), (-9.011272, 0.608804, 2.824535)
(-9.168025, 0.628804, 2.829096), (-9.011272, 0.608804, 2.824535), (-9.01011, 0.609332, 2.668196)
(-8.70047, 0.562399, 2.972573), (-8.54541, 0.534353, 2.968674), (-8.545118, 0.527123, 2.812414)
(-8.70047, 0.562399, 2.972573), (-8.70112, 0.567777, 3.129367), (-8.54541, 0.534353, 2.968674)
(-8.856129, 0.587358, 2.976748), (-8.70047, 0.562399, 2.972573), (-8.699834, 0.557684, 2.816138)
(-8.856129, 0.587358, 2.976748), (-8.857068, 0.590287, 3.133642), (-8.70047, 0.562399, 2.972573)
(-9.012416, 0.608899, 2.981155), (-8.856129, 0.587358, 2.976748), (-8.855218, 0.584988, 2.820203)
(-9.012416, 0.608899, 2.981155), (-9.013595, 0.609438, 3.13811), (-8.856129, 0.587358, 2.976748)
(-9.16933, 0.626814, 2.985739), (-9.012416, 0.608899, 2.981155), (-9.011272, 0.608804, 2.824535)
(-9.16933, 0.626814, 2.985739), (-9.170681, 0.625131, 3.142695), (-9.012416, 0.608899, 2.981155)
(-8.70112, 0.567777, 3.129367), (-8.545774, 0.5421, 3.125373), (-8.54541, 0.534353, 2.968674)
(-8.70112, 0.567777, 3.129367), (-8.701893, 0.573268, 3.286599), (-8.545774, 0.5421, 3.125373)
(-8.857068, 0.590287, 3.133642), (-8.858095, 0.59339, 3.29092), (-8.70112, 0.567777, 3.129367)
(-8.857068, 0.590287, 3.133642), (-8.70112, 0.567777, 3.129367), (-8.70047, 0.562399, 2.972573)
(-9.013595, 0.609438, 3.13811), (-8.857068, 0.590287, 3.133642), (-8.856129, 0.587358, 2.976748)
(-9.013595, 0.609438, 3.13811), (-9.014848, 0.610156, 3.295406), (-8.857068, 0.590287, 3.133642)
(-9.170681, 0.625131, 3.142695), (-9.172089, 0.623668, 3.299952), (-9.013595, 0.609438, 3.13811)
(-9.170681, 0.625131, 3.142695), (-9.013595, 0.609438, 3.13811), (-9.012416, 0.608899, 2.981155)
(-8.701893, 0.573268, 3.286599), (-8.54623, 0.550128, 3.282501), (-8.545774, 0.5421, 3.125373)
(-8.701893, 0.573268, 3.286599), (-8.702846, 0.578408, 3.444296), (-8.54623, 0.550128, 3.282501)
(-8.858095, 0.59339, 3.29092), (-8.701893, 0.573268, 3.286599), (-8.70112, 0.567777, 3.129367)
(-8.858095, 0.59339, 3.29092), (-8.859302, 0.596059, 3.448629), (-8.701893, 0.573268, 3.286599)
(-9.014848, 0.610156, 3.295406), (-8.858095, 0.59339, 3.29092), (-8.857068, 0.590287, 3.133642)
(-9.014848, 0.610156, 3.295406), (-9.01622, 0.610694, 3.453053), (-8.858095, 0.59339, 3.29092)
(-9.172089, 0.623668, 3.299952), (-9.014848, 0.610156, 3.295406), (-9.013595, 0.609438, 3.13811)
(-9.172089, 0.623668, 3.299952), (-9.173618, 0.621936, 3.457525), (-9.014848, 0.610156, 3.295406)
# -8.314020916686664, 0, 2.9711710499800033
(-8.0853, 0.407423, 2.648597), (-7.932997, 0.367451, 2.647027), (-7.93423, 0.353397, 2.492489)
(-8.0853, 0.407423, 2.648597), (-8.084453, 0.421072, 2.803851), (-7.932997, 0.367451, 2.647027)
(-8.237954, 0.446882, 2.650714), (-8.0853, 0.407423, 2.648597), (-8.086183, 0.395225, 2.493819)
(-8.237954, 0.446882, 2.650714), (-8.237514, 0.458152, 2.806237), (-8.0853, 0.407423, 2.648597)
(-8.391104, 0.484896, 2.653378), (-8.237954, 0.446882, 2.650714), (-8.238469, 0.436752, 2.495707)
(-8.391104, 0.484896, 2.653378), (-8.39103, 0.493754, 2.809089), (-8.237954, 0.446882, 2.650714)
(-8.544807, 0.52075, 2.656479), (-8.391104, 0.484896, 2.653378), (-8.391236, 0.476933, 2.498116)
(-8.544807, 0.52075, 2.656479), (-8.545118, 0.527123, 2.812414), (-8.391104, 0.484896, 2.653378)
(-8.084453, 0.421072, 2.803851), (-8.083613, 0.435668, 2.959454), (-7.931773, 0.38325, 2.80203)
(-8.084453, 0.421072, 2.803851), (-7.931773, 0.38325, 2.80203), (-7.932997, 0.367451, 2.647027)
(-8.237514, 0.458152, 2.806237), (-8.237056, 0.470374, 2.962076), (-8.084453, 0.421072, 2.803851)
(-8.237514, 0.458152, 2.806237), (-8.084453, 0.421072, 2.803851), (-8.0853, 0.407423, 2.648597)
(-8.39103, 0.493754, 2.809089), (-8.390963, 0.503474, 2.965162), (-8.237514, 0.458152, 2.806237)
(-8.39103, 0.493754, 2.809089), (-8.237514, 0.458152, 2.806237), (-8.237954, 0.446882, 2.650714)
(-8.545118, 0.527123, 2.812414), (-8.54541, 0.534353, 2.968674), (-8.39103, 0.493754, 2.809089)
(-8.545118, 0.527123, 2.812414), (-8.39103, 0.493754, 2.809089), (-8.391104, 0.484896, 2.653378)
(-8.083613, 0.435668, 2.959454), (-7.930566, 0.400003, 2.957365), (-7.931773, 0.38325, 2.80203)
(-8.083613, 0.435668, 2.959454), (-8.082841, 0.450934, 3.1155), (-7.930566, 0.400003, 2.957365)
(-8.237056, 0.470374, 2.962076), (-8.083613, 0.435668, 2.959454), (-8.084453, 0.421072, 2.803851)
(-8.237056, 0.470374, 2.962076), (-8.236664, 0.483249, 3.118364), (-8.083613, 0.435668, 2.959454)
(-8.390963, 0.503474, 2.965162), (-8.237056, 0.470374, 2.962076), (-8.237514, 0.458152, 2.806237)
(-8.390963, 0.503474, 2.965162), (-8.390962, 0.513802, 3.121679), (-8.237056, 0.470374, 2.962076)
(-8.54541, 0.534353, 2.968674), (-8.390963, 0.503474, 2.965162), (-8.39103, 0.493754, 2.809089)
(-8.54541, 0.534353, 2.968674), (-8.545774, 0.5421, 3.125373), (-8.390963, 0.503474, 2.965162)
(-8.082841, 0.450934, 3.1155), (-7.929444, 0.417431, 3.113179), (-7.930566, 0.400003, 2.957365)
(-8.082841, 0.450934, 3.1155), (-8.08224, 0.466283, 3.27211), (-7.929444, 0.417431, 3.113179)
(-8.236664, 0.483249, 3.118364), (-8.23642, 0.496261, 3.275172), (-8.082841, 0.450934, 3.1155)
(-8.236664, 0.483249, 3.118364), (-8.082841, 0.450934, 3.1155), (-8.083613, 0.435668, 2.959454)
(-8.390962, 0.513802, 3.121679), (-8.236664, 0.483249, 3.118364), (-8.237056, 0.470374, 2.962076)
(-8.390962, 0.513802, 3.121679), (-8.391086, 0.524315, 3.278679), (-8.236664, 0.483249, 3.118364)
(-8.545774, 0.5421, 3.125373), (-8.54623, 0.550128, 3.282501), (-8.390962, 0.513802, 3.121679)
(-8.545774, 0.5421, 3.125373), (-8.390962, 0.513802, 3.121679), (-8.390963, 0.503474, 2.965162)
(-8.08224, 0.466283, 3.27211), (-7.928478, 0.434982, 3.269526), (-7.929444, 0.417431, 3.113179)
(-8.08224, 0.466283, 3.27211), (-8.081892, 0.481136, 3.429356), (-7.928478, 0.434982, 3.269526)
(-8.23642, 0.496261, 3.275172), (-8.08224, 0.466283, 3.27211), (-8.082841, 0.450934, 3.1155)
(-8.23642, 0.496261, 3.275172), (-8.23643, 0.508757, 3.432605), (-8.08224, 0.466283, 3.27211)
(-8.391086, 0.524315, 3.278679), (-8.23642, 0.496261, 3.275172), (-8.236664, 0.483249, 3.118364)
(-8.391086, 0.524315, 3.278679), (-8.3914, 0.534539, 3.436201), (-8.23642, 0.496261, 3.275172)
(-8.54623, 0.550128, 3.282501), (-8.391086, 0.524315, 3.278679), (-8.390962, 0.513802, 3.121679)
(-8.54623, 0.550128, 3.282501), (-8.546875, 0.557847, 3.440128), (-8.391086, 0.524315, 3.278679)
# -7.64625068335333, 0, 2.9711710499800033
(-7.476712, 0.252448, 2.645206), (-7.324374, 0.218756, 2.645566), (-7.326416, 0.201605, 2.491779)
(-7.476712, 0.252448, 2.645206), (-7.47467, 0.272625, 2.799531), (-7.324374, 0.218756, 2.645566)
(-7.628839, 0.288997, 2.645308), (-7.476712, 0.252448, 2.645206), (-7.478691, 0.235, 2.491269)
(-7.628839, 0.288997, 2.645308), (-7.626996, 0.30828, 2.799857), (-7.476712, 0.252448, 2.645206)
(-7.324374, 0.218756, 2.645566), (-7.171748, 0.188175, 2.646324), (-7.173769, 0.171801, 2.492615)
(-7.324374, 0.218756, 2.645566), (-7.322243, 0.239057, 2.799697), (-7.171748, 0.188175, 2.646324)
(-7.780885, 0.327731, 2.645935), (-7.628839, 0.288997, 2.645308), (-7.630642, 0.272182, 2.491204)
(-7.780885, 0.327731, 2.645935), (-7.779321, 0.345377, 2.800672), (-7.628839, 0.288997, 2.645308)
(-7.932997, 0.367451, 2.647027), (-7.780885, 0.327731, 2.645935), (-7.782432, 0.312058, 2.491615)
(-7.932997, 0.367451, 2.647027), (-7.931773, 0.38325, 2.80203), (-7.780885, 0.327731, 2.645935)
(-7.47467, 0.272625, 2.799531), (-7.472672, 0.293911, 2.954166), (-7.322243, 0.239057, 2.799697)
(-7.47467, 0.272625, 2.799531), (-7.322243, 0.239057, 2.799697), (-7.324374, 0.218756, 2.645566)
(-7.322243, 0.239057, 2.799697), (-7.320148, 0.260776, 2.954137), (-7.169631, 0.208022, 2.800325)
(-7.322243, 0.239057, 2.799697), (-7.169631, 0.208022, 2.800325), (-7.171748, 0.188175, 2.646324)
(-7.626996, 0.30828, 2.799857), (-7.625186, 0.328492, 2.954698), (-7.47467, 0.272625, 2.799531)
(-7.626996, 0.30828, 2.799857), (-7.47467, 0.272625, 2.799531), (-7.476712, 0.252448, 2.645206)
(-7.779321, 0.345377, 2.800672), (-7.777785, 0.364052, 2.955763), (-7.626996, 0.30828, 2.799857)
(-7.779321, 0.345377, 2.800672), (-7.626996, 0.30828, 2.799857), (-7.628839, 0.288997, 2.645308)
(-7.931773, 0.38325, 2.80203), (-7.930566, 0.400003, 2.957365), (-7.779321, 0.345377, 2.800672)
(-7.931773, 0.38325, 2.80203), (-7.779321, 0.345377, 2.800672), (-7.780885, 0.327731, 2.645935)
(-7.320148, 0.260776, 2.954137), (-7.167537, 0.229737, 2.954636), (-7.169631, 0.208022, 2.800325)
(-7.320148, 0.260776, 2.954137), (-7.318133, 0.283631, 3.10904), (-7.167537, 0.229737, 2.954636)
(-7.472672, 0.293911, 2.954166), (-7.320148, 0.260776, 2.954137), (-7.322243, 0.239057, 2.799697)
(-7.472672, 0.293911, 2.954166), (-7.470755, 0.315965, 3.109211), (-7.320148, 0.260776, 2.954137)
(-7.625186, 0.328492, 2.954698), (-7.472672, 0.293911, 2.954166), (-7.47467, 0.272625, 2.799531)
(-7.625186, 0.328492, 2.954698), (-7.623463, 0.349415, 3.109978), (-7.472672, 0.293911, 2.954166)
(-7.777785, 0.364052, 2.955763), (-7.625186, 0.328492, 2.954698), (-7.626996, 0.30828, 2.799857)
(-7.777785, 0.364052, 2.955763), (-7.776337, 0.383414, 3.111314), (-7.625186, 0.328492, 2.954698)
(-7.930566, 0.400003, 2.957365), (-7.777785, 0.364052, 2.955763), (-7.779321, 0.345377, 2.800672)
(-7.930566, 0.400003, 2.957365), (-7.929444, 0.417431, 3.113179), (-7.777785, 0.364052, 2.955763)
(-7.318133, 0.283631, 3.10904), (-7.316267, 0.306791, 3.26447), (-7.165504, 0.252848, 3.109363)
(-7.318133, 0.283631, 3.10904), (-7.165504, 0.252848, 3.109363), (-7.167537, 0.229737, 2.954636)
(-7.470755, 0.315965, 3.109211), (-7.318133, 0.283631, 3.10904), (-7.320148, 0.260776, 2.954137)
(-7.470755, 0.315965, 3.109211), (-7.469009, 0.33826, 3.264848), (-7.318133, 0.283631, 3.10904)
(-7.623463, 0.349415, 3.109978), (-7.621913, 0.370467, 3.265831), (-7.470755, 0.315965, 3.109211)
(-7.623463, 0.349415, 3.109978), (-7.470755, 0.315965, 3.109211), (-7.472672, 0.293911, 2.954166)
(-7.776337, 0.383414, 3.111314), (-7.623463, 0.349415, 3.109978), (-7.625186, 0.328492, 2.954698)
(-7.776337, 0.383414, 3.111314), (-7.775059, 0.402874, 3.267428), (-7.623463, 0.349415, 3.109978)
(-7.929444, 0.417431, 3.113179), (-7.928478, 0.434982, 3.269526), (-7.776337, 0.383414, 3.111314)
(-7.929444, 0.417431, 3.113179), (-7.776337, 0.383414, 3.111314), (-7.777785, 0.364052, 2.955763)
(-7.316267, 0.306791, 3.26447), (-7.163601, 0.276542, 3.264625), (-7.165504, 0.252848, 3.109363)
(-7.316267, 0.306791, 3.26447), (-7.314634, 0.329611, 3.420589), (-7.163601, 0.276542, 3.264625)
(-7.469009, 0.33826, 3.264848), (-7.316267, 0.306791, 3.26447), (-7.318133, 0.283631, 3.10904)
(-7.469009, 0.33826, 3.264848), (-7.467518, 0.360103, 3.421183), (-7.316267, 0.306791, 3.26447)
(-7.621913, 0.370467, 3.265831), (-7.469009, 0.33826, 3.264848), (-7.470755, 0.315965, 3.109211)
(-7.621913, 0.370467, 3.265831), (-7.620645, 0.390981, 3.422422), (-7.469009, 0.33826, 3.264848)
(-7.775059, 0.402874, 3.267428), (-7.621913, 0.370467, 3.265831), (-7.623463, 0.349415, 3.109978)
(-7.775059, 0.402874, 3.267428), (-7.77403, 0.421836, 3.424192), (-7.621913, 0.370467, 3.265831)
(-7.928478, 0.434982, 3.269526), (-7.775059, 0.402874, 3.267428), (-7.776337, 0.383414, 3.111314)
(-7.928478, 0.434982, 3.269526), (-7.927768, 0.452037, 3.426529), (-7.775059, 0.402874, 3.267428)
# -6.9784804500199975, 0, 2.9711710499800033
(-7.171748, 0.188175, 2.646324), (-7.018781, 0.160925, 2.647418), (-7.020673, 0.146236, 2.493751)
(-7.171748, 0.188175, 2.646324), (-7.169631, 0.208022, 2.800325), (-7.018781, 0.160925, 2.647418)
(-7.018781, 0.160925, 2.647418), (-6.86541, 0.137811, 2.648822), (-6.8671, 0.125255, 2.495138)
(-7.018781, 0.160925, 2.647418), (-7.016763, 0.18004, 2.801377), (-6.86541, 0.137811, 2.648822)
(-6.86541, 0.137811, 2.648822), (-6.71165, 0.119063, 2.650462), (-6.713064, 0.109344, 2.496727)
(-6.86541, 0.137811, 2.648822), (-6.863605, 0.155248, 2.80275), (-6.71165, 0.119063, 2.650462)
(-6.71165, 0.119063, 2.650462), (-6.557555, 0.104586, 2.652261), (-6.558664, 0.097824, 2.498442)
(-6.71165, 0.119063, 2.650462), (-6.710127, 0.134533, 2.804427), (-6.557555, 0.104586, 2.652261)
(-7.169631, 0.208022, 2.800325), (-7.167537, 0.229737, 2.954636), (-7.016763, 0.18004, 2.801377)
(-7.169631, 0.208022, 2.800325), (-7.016763, 0.18004, 2.801377), (-7.018781, 0.160925, 2.647418)
(-7.016763, 0.18004, 2.801377), (-7.014767, 0.201171, 2.955587), (-6.863605, 0.155248, 2.80275)
(-7.016763, 0.18004, 2.801377), (-6.863605, 0.155248, 2.80275), (-6.86541, 0.137811, 2.648822)
(-6.863605, 0.155248, 2.80275), (-6.861798, 0.175466, 2.956932), (-6.710127, 0.134533, 2.804427)
(-6.863605, 0.155248, 2.80275), (-6.710127, 0.134533, 2.804427), (-6.71165, 0.119063, 2.650462)
(-6.710127, 0.134533, 2.804427), (-6.708593, 0.153354, 2.958627), (-6.556365, 0.117705, 2.806297)
(-6.710127, 0.134533, 2.804427), (-6.556365, 0.117705, 2.806297), (-6.557555, 0.104586, 2.652261)
(-7.167537, 0.229737, 2.954636), (-7.014767, 0.201171, 2.955587), (-7.016763, 0.18004, 2.801377)
(-7.167537, 0.229737, 2.954636), (-7.165504, 0.252848, 3.109363), (-7.014767, 0.201171, 2.955587)
(-7.014767, 0.201171, 2.955587), (-6.861798, 0.175466, 2.956932), (-6.863605, 0.155248, 2.80275)
(-7.014767, 0.201171, 2.955587), (-7.012812, 0.224096, 3.110178), (-6.861798, 0.175466, 2.956932)
(-6.861798, 0.175466, 2.956932), (-6.708593, 0.153354, 2.958627), (-6.710127, 0.134533, 2.804427)
(-6.861798, 0.175466, 2.956932), (-6.860013, 0.197922, 3.111459), (-6.708593, 0.153354, 2.958627)
(-6.708593, 0.153354, 2.958627), (-6.555148, 0.1352, 2.960577), (-6.556365, 0.117705, 2.806297)
(-6.708593, 0.153354, 2.958627), (-6.707054, 0.175203, 3.113167), (-6.555148, 0.1352, 2.960577)
(-7.165504, 0.252848, 3.109363), (-7.012812, 0.224096, 3.110178), (-7.014767, 0.201171, 2.955587)
(-7.165504, 0.252848, 3.109363), (-7.163601, 0.276542, 3.264625), (-7.012812, 0.224096, 3.110178)
(-7.012812, 0.224096, 3.110178), (-7.010958, 0.247948, 3.265282), (-6.860013, 0.197922, 3.111459)
(-7.012812, 0.224096, 3.110178), (-6.860013, 0.197922, 3.111459), (-6.861798, 0.175466, 2.956932)
(-6.860013, 0.197922, 3.111459), (-6.707054, 0.175203, 3.113167), (-6.708593, 0.153354, 2.958627)
(-6.860013, 0.197922, 3.111459), (-6.858294, 0.221758, 3.26648), (-6.707054, 0.175203, 3.113167)
(-6.707054, 0.175203, 3.113167), (-6.705548, 0.198716, 3.26813), (-6.553915, 0.156288, 3.115167)
(-6.707054, 0.175203, 3.113167), (-6.553915, 0.156288, 3.115167), (-6.555148, 0.1352, 2.960577)
(-7.163601, 0.276542, 3.264625), (-7.010958, 0.247948, 3.265282), (-7.012812, 0.224096, 3.110178)
(-7.163601, 0.276542, 3.264625), (-7.161891, 0.300048, 3.42052), (-7.010958, 0.247948, 3.265282)
(-7.010958, 0.247948, 3.265282), (-6.858294, 0.221758, 3.26648), (-6.860013, 0.197922, 3.111459)
(-7.010958, 0.247948, 3.265282), (-7.00927, 0.27195, 3.421057), (-6.858294, 0.221758, 3.26648)
(-6.858294, 0.221758, 3.26648), (-6.705548, 0.198716, 3.26813), (-6.707054, 0.175203, 3.113167)
(-6.858294, 0.221758, 3.26648), (-6.856689, 0.245983, 3.4221), (-6.705548, 0.198716, 3.26813)
(-6.705548, 0.198716, 3.26813), (-6.55268, 0.179593, 3.270159), (-6.553915, 0.156288, 3.115167)
(-6.705548, 0.198716, 3.26813), (-6.704103, 0.222938, 3.423634), (-6.55268, 0.179593, 3.270159)
# -6.3107102166866635, 0, 2.9711710499800033
(-6.557555, 0.104586, 2.652261), (-6.403163, 0.094779, 2.654183), (-6.403952, 0.091257, 2.500266)
(-6.557555, 0.104586, 2.652261), (-6.556365, 0.117705, 2.806297), (-6.403163, 0.094779, 2.654183)
(-6.403163, 0.094779, 2.654183), (-6.248507, 0.091038, 2.656231), (-6.248993, 0.090455, 2.502203)
(-6.403163, 0.094779, 2.654183), (-6.402314, 0.106085, 2.80835), (-6.248507, 0.091038, 2.656231)
(-6.248507, 0.091038, 2.656231), (-6.093663, 0.093485, 2.658411), (-6.093886, 0.095898, 2.504295)
(-6.248507, 0.091038, 2.656231), (-6.248015, 0.099974, 2.810533), (-6.093663, 0.093485, 2.658411)
(-6.093663, 0.093485, 2.658411), (-5.938714, 0.102023, 2.660769), (-5.938739, 0.106552, 2.506582)
(-6.093663, 0.093485, 2.658411), (-6.093502, 0.100194, 2.812855), (-5.938714, 0.102023, 2.660769)
(-6.556365, 0.117705, 2.806297), (-6.555148, 0.1352, 2.960577), (-6.402314, 0.106085, 2.80835)
(-6.556365, 0.117705, 2.806297), (-6.402314, 0.106085, 2.80835), (-6.403163, 0.094779, 2.654183)
(-6.402314, 0.106085, 2.80835), (-6.401455, 0.122083, 2.962745), (-6.248015, 0.099974, 2.810533)
(-6.402314, 0.106085, 2.80835), (-6.248015, 0.099974, 2.810533), (-6.248507, 0.091038, 2.656231)
(-6.248015, 0.099974, 2.810533), (-6.247519, 0.114809, 2.965091), (-6.093502, 0.100194, 2.812855)
(-6.248015, 0.099974, 2.810533), (-6.093502, 0.100194, 2.812855), (-6.093663, 0.093485, 2.658411)
(-6.093502, 0.100194, 2.812855), (-6.093359, 0.113867, 2.967587), (-5.938829, 0.107027, 2.815343)
(-6.093502, 0.100194, 2.812855), (-5.938829, 0.107027, 2.815343), (-5.938714, 0.102023, 2.660769)
(-6.555148, 0.1352, 2.960577), (-6.401455, 0.122083, 2.962745), (-6.402314, 0.106085, 2.80835)
(-6.555148, 0.1352, 2.960577), (-6.553915, 0.156288, 3.115167), (-6.401455, 0.122083, 2.962745)
(-6.401455, 0.122083, 2.962745), (-6.247519, 0.114809, 2.965091), (-6.248015, 0.099974, 2.810533)
(-6.401455, 0.122083, 2.962745), (-6.400568, 0.142329, 3.117437), (-6.247519, 0.114809, 2.965091)
(-6.247519, 0.114809, 2.965091), (-6.093359, 0.113867, 2.967587), (-6.093502, 0.100194, 2.812855)
(-6.247519, 0.114809, 2.965091), (-6.246996, 0.134388, 3.119935), (-6.093359, 0.113867, 2.967587)
(-6.093359, 0.113867, 2.967587), (-5.939, 0.120163, 2.97026), (-5.938829, 0.107027, 2.815343)
(-6.093359, 0.113867, 2.967587), (-6.093187, 0.133462, 3.122632), (-5.939, 0.120163, 2.97026)
(-6.553915, 0.156288, 3.115167), (-6.400568, 0.142329, 3.117437), (-6.401455, 0.122083, 2.962745)
(-6.553915, 0.156288, 3.115167), (-6.55268, 0.179593, 3.270159), (-6.400568, 0.142329, 3.117437)
(-6.400568, 0.142329, 3.117437), (-6.399651, 0.16529, 3.272495), (-6.246996, 0.134388, 3.119935)
(-6.400568, 0.142329, 3.117437), (-6.246996, 0.134388, 3.119935), (-6.247519, 0.114809, 2.965091)
(-6.246996, 0.134388, 3.119935), (-6.093187, 0.133462, 3.122632), (-6.093359, 0.113867, 2.967587)
(-6.246996, 0.134388, 3.119935), (-6.246414, 0.157228, 3.275118), (-6.093187, 0.133462, 3.122632)
(-6.093187, 0.133462, 3.122632), (-6.092946, 0.156094, 3.27796), (-5.939162, 0.139484, 3.125491)
(-6.093187, 0.133462, 3.122632), (-5.939162, 0.139484, 3.125491), (-5.939, 0.120163, 2.97026)
(-6.55268, 0.179593, 3.270159), (-6.399651, 0.16529, 3.272495), (-6.400568, 0.142329, 3.117437)
(-6.55268, 0.179593, 3.270159), (-6.551458, 0.203735, 3.425619), (-6.399651, 0.16529, 3.272495)
(-6.399651, 0.16529, 3.272495), (-6.246414, 0.157228, 3.275118), (-6.246996, 0.134388, 3.119935)
(-6.399651, 0.16529, 3.272495), (-6.398689, 0.189544, 3.428002), (-6.246414, 0.157228, 3.275118)
(-6.246414, 0.157228, 3.275118), (-6.092946, 0.156094, 3.27796), (-6.093187, 0.133462, 3.122632)
(-6.246414, 0.157228, 3.275118), (-6.245747, 0.181202, 3.430667), (-6.092946, 0.156094, 3.27796)
(-6.092946, 0.156094, 3.27796), (-5.939231, 0.162073, 3.280982), (-5.939162, 0.139484, 3.125491)
(-6.092946, 0.156094, 3.27796), (-6.092583, 0.179583, 3.43358), (-5.939231, 0.162073, 3.280982)
# -5.642939983353331, 0, 2.9711710499800033
(-5.938714, 0.102023, 2.660769), (-5.783751, 0.116196, 2.663382), (-5.783663, 0.122573, 2.509187)
(-5.938714, 0.102023, 2.660769), (-5.938829, 0.107027, 2.815343), (-5.783751, 0.116196, 2.663382)
(-5.783751, 0.116196, 2.663382), (-5.628895, 0.136081, 2.666412), (-5.628792, 0.143658, 2.512276)
(-5.783751, 0.116196, 2.663382), (-5.784071, 0.120434, 2.818069), (-5.628895, 0.136081, 2.666412)
(-5.628895, 0.136081, 2.666412), (-5.474258, 0.160811, 2.670018), (-5.474269, 0.169573, 2.516067)
(-5.628895, 0.136081, 2.666412), (-5.629314, 0.139179, 2.821105), (-5.474258, 0.160811, 2.670018)
(-5.474258, 0.160811, 2.670018), (-5.319938, 0.189659, 2.674364), (-5.320162, 0.199514, 2.520706)
(-5.474258, 0.160811, 2.670018), (-5.474658, 0.162998, 2.824609), (-5.319938, 0.189659, 2.674364)
(-5.319938, 0.189659, 2.674364), (-5.16601, 0.222334, 2.679616), (-5.166545, 0.233527, 2.526383)
(-5.319938, 0.189659, 2.674364), (-5.320182, 0.19056, 2.828697), (-5.16601, 0.222334, 2.679616)
(-5.938829, 0.107027, 2.815343), (-5.939, 0.120163, 2.97026), (-5.784071, 0.120434, 2.818069)
(-5.938829, 0.107027, 2.815343), (-5.784071, 0.120434, 2.818069), (-5.783751, 0.116196, 2.663382)
(-5.784071, 0.120434, 2.818069), (-5.784498, 0.133112, 2.97313), (-5.629314, 0.139179, 2.821105)
(-5.784071, 0.120434, 2.818069), (-5.629314, 0.139179, 2.821105), (-5.628895, 0.136081, 2.666412)
(-5.629314, 0.139179, 2.821105), (-5.629903, 0.15168, 2.976244), (-5.474658, 0.162998, 2.824609)
(-5.629314, 0.139179, 2.821105), (-5.474658, 0.162998, 2.824609), (-5.474258, 0.160811, 2.670018)
(-5.474658, 0.162998, 2.824609), (-5.475286, 0.174767, 2.979686), (-5.320182, 0.19056, 2.828697)
(-5.474658, 0.162998, 2.824609), (-5.320182, 0.19056, 2.828697), (-5.319938, 0.189659, 2.674364)
(-5.320182, 0.19056, 2.828697), (-5.320722, 0.201192, 2.983561), (-5.166001, 0.221996, 2.83358)
(-5.320182, 0.19056, 2.828697), (-5.166001, 0.221996, 2.83358), (-5.16601, 0.222334, 2.679616)
(-5.939, 0.120163, 2.97026), (-5.784498, 0.133112, 2.97313), (-5.784071, 0.120434, 2.818069)
(-5.939, 0.120163, 2.97026), (-5.939162, 0.139484, 3.125491), (-5.784498, 0.133112, 2.97313)
(-5.784498, 0.133112, 2.97313), (-5.629903, 0.15168, 2.976244), (-5.629314, 0.139179, 2.821105)
(-5.784498, 0.133112, 2.97313), (-5.784935, 0.152316, 3.128523), (-5.629903, 0.15168, 2.976244)
(-5.629903, 0.15168, 2.976244), (-5.475286, 0.174767, 2.979686), (-5.474658, 0.162998, 2.824609)
(-5.629903, 0.15168, 2.976244), (-5.630534, 0.170744, 3.13173), (-5.475286, 0.174767, 2.979686)
(-5.475286, 0.174767, 2.979686), (-5.320722, 0.201192, 2.983561), (-5.320182, 0.19056, 2.828697)
(-5.475286, 0.174767, 2.979686), (-5.475989, 0.193088, 3.135131), (-5.320722, 0.201192, 2.983561)
(-5.320722, 0.201192, 2.983561), (-5.166308, 0.230726, 2.988042), (-5.166001, 0.221996, 2.83358)
(-5.320722, 0.201192, 2.983561), (-5.321367, 0.217741, 3.138775), (-5.166308, 0.230726, 2.988042)
(-5.939162, 0.139484, 3.125491), (-5.784935, 0.152316, 3.128523), (-5.784498, 0.133112, 2.97313)
(-5.939162, 0.139484, 3.125491), (-5.939231, 0.162073, 3.280982), (-5.784935, 0.152316, 3.128523)
(-5.784935, 0.152316, 3.128523), (-5.785273, 0.174589, 3.284147), (-5.630534, 0.170744, 3.13173)
(-5.784935, 0.152316, 3.128523), (-5.630534, 0.170744, 3.13173), (-5.629903, 0.15168, 2.976244)
(-5.630534, 0.170744, 3.13173), (-5.475989, 0.193088, 3.135131), (-5.475286, 0.174767, 2.979686)
(-5.630534, 0.170744, 3.13173), (-5.631052, 0.192376, 3.287418), (-5.475989, 0.193088, 3.135131)
(-5.475989, 0.193088, 3.135131), (-5.476587, 0.213143, 3.290745), (-5.321367, 0.217741, 3.138775)
(-5.475989, 0.193088, 3.135131), (-5.321367, 0.217741, 3.138775), (-5.320722, 0.201192, 2.983561)
(-5.321367, 0.217741, 3.138775), (-5.166746, 0.244464, 3.142812), (-5.166308, 0.230726, 2.988042)
(-5.321367, 0.217741, 3.138775), (-5.321912, 0.235075, 3.294129), (-5.166746, 0.244464, 3.142812)
(-5.939231, 0.162073, 3.280982), (-5.785273, 0.174589, 3.284147), (-5.784935, 0.152316, 3.128523)
(-5.939231, 0.162073, 3.280982), (-5.939152, 0.184914, 3.43669), (-5.785273, 0.174589, 3.284147)
(-5.785273, 0.174589, 3.284147), (-5.631052, 0.192376, 3.287418), (-5.630534, 0.170744, 3.13173)
(-5.785273, 0.174589, 3.284147), (-5.78541, 0.19653, 3.439928), (-5.631052, 0.192376, 3.287418)
(-5.631052, 0.192376, 3.287418), (-5.476587, 0.213143, 3.290745), (-5.475989, 0.193088, 3.135131)
(-5.631052, 0.192376, 3.287418), (-5.631354, 0.212686, 3.443198), (-5.476587, 0.213143, 3.290745)
(-5.476587, 0.213143, 3.290745), (-5.321912, 0.235075, 3.294129), (-5.321367, 0.217741, 3.138775)
(-5.476587, 0.213143, 3.290745), (-5.476964, 0.231125, 3.446417), (-5.321912, 0.235075, 3.294129)
(-5.321912, 0.235075, 3.294129), (-5.167103, 0.257796, 3.297682), (-5.166746, 0.244464, 3.142812)
(-5.321912, 0.235075, 3.294129), (-5.322244, 0.249732, 3.449536), (-5.167103, 0.257796, 3.297682)
# -4.975169750019997, 0, 2.9711710499800033
(-5.16601, 0.222334, 2.679616), (-5.012526, 0.258817, 2.68591), (-5.013412, 0.271457, 2.533187)
(-5.16601, 0.222334, 2.679616), (-5.166001, 0.221996, 2.83358), (-5.012526, 0.258817, 2.68591)
(-5.012526, 0.258817, 2.68591), (-4.859407, 0.298308, 2.693178), (-4.860653, 0.312798, 2.541053)
(-5.012526, 0.258817, 2.68591), (-5.012158, 0.256619, 2.839346), (-4.859407, 0.298308, 2.693178)
(-4.859407, 0.298308, 2.693178), (-4.706493, 0.339831, 2.70123), (-4.708058, 0.356495, 2.549758)
(-4.859407, 0.298308, 2.693178), (-4.858645, 0.293898, 2.845986), (-4.706493, 0.339831, 2.70123)
(-4.706493, 0.339831, 2.70123), (-4.553578, 0.382257, 2.709812), (-4.555405, 0.401731, 2.559061)
(-4.706493, 0.339831, 2.70123), (-4.705347, 0.3329, 2.853341), (-4.553578, 0.382257, 2.709812)
(-5.166001, 0.221996, 2.83358), (-5.166308, 0.230726, 2.988042), (-5.012158, 0.256619, 2.839346)
(-5.166001, 0.221996, 2.83358), (-5.012158, 0.256619, 2.839346), (-5.012526, 0.258817, 2.68591)
(-5.012158, 0.256619, 2.839346), (-5.012127, 0.263076, 2.993266), (-4.858645, 0.293898, 2.845986)
(-5.012158, 0.256619, 2.839346), (-4.858645, 0.293898, 2.845986), (-4.859407, 0.298308, 2.693178)
(-4.858645, 0.293898, 2.845986), (-4.858208, 0.297619, 2.99925), (-4.705347, 0.3329, 2.853341)
(-4.858645, 0.293898, 2.845986), (-4.705347, 0.3329, 2.853341), (-4.706493, 0.339831, 2.70123)
(-4.705347, 0.3329, 2.853341), (-4.704503, 0.333629, 3.005885), (-4.552087, 0.37262, 2.861176)
(-4.705347, 0.3329, 2.853341), (-4.552087, 0.37262, 2.861176), (-4.553578, 0.382257, 2.709812)
(-5.166308, 0.230726, 2.988042), (-5.012127, 0.263076, 2.993266), (-5.012158, 0.256619, 2.839346)
(-5.166308, 0.230726, 2.988042), (-5.166746, 0.244464, 3.142812), (-5.012127, 0.263076, 2.993266)
(-5.012127, 0.263076, 2.993266), (-4.858208, 0.297619, 2.99925), (-4.858645, 0.293898, 2.845986)
(-5.012127, 0.263076, 2.993266), (-5.012231, 0.273411, 3.147421), (-4.858208, 0.297619, 2.99925)
(-4.858208, 0.297619, 2.99925), (-4.704503, 0.333629, 3.005885), (-4.705347, 0.3329, 2.853341)
(-4.858208, 0.297619, 2.99925), (-4.857904, 0.304366, 3.152699), (-4.704503, 0.333629, 3.005885)
(-4.704503, 0.333629, 3.005885), (-4.550856, 0.369801, 3.012922), (-4.552087, 0.37262, 2.861176)
(-4.704503, 0.333629, 3.005885), (-4.703761, 0.336664, 3.158561), (-4.550856, 0.369801, 3.012922)
(-5.166746, 0.244464, 3.142812), (-5.167103, 0.257796, 3.297682), (-5.012231, 0.273411, 3.147421)
(-5.166746, 0.244464, 3.142812), (-5.012231, 0.273411, 3.147421), (-5.012127, 0.263076, 2.993266)
(-5.012231, 0.273411, 3.147421), (-4.857904, 0.304366, 3.152699), (-4.858208, 0.297619, 2.99925)
(-5.012231, 0.273411, 3.147421), (-5.012271, 0.281919, 3.301606), (-4.857904, 0.304366, 3.152699)
(-4.857904, 0.304366, 3.152699), (-4.857533, 0.307991, 3.306078), (-4.703761, 0.336664, 3.158561)
(-4.857904, 0.304366, 3.152699), (-4.703761, 0.336664, 3.158561), (-4.704503, 0.333629, 3.005885)
(-4.703761, 0.336664, 3.158561), (-4.549693, 0.368937, 3.164783), (-4.550856, 0.369801, 3.012922)
(-4.703761, 0.336664, 3.158561), (-4.702943, 0.33568, 3.3111), (-4.549693, 0.368937, 3.164783)
(-5.167103, 0.257796, 3.297682), (-5.012271, 0.281919, 3.301606), (-5.012231, 0.273411, 3.147421)
(-5.167103, 0.257796, 3.297682), (-5.167262, 0.267911, 3.452625), (-5.012271, 0.281919, 3.301606)
(-5.012271, 0.281919, 3.301606), (-4.857533, 0.307991, 3.306078), (-4.857904, 0.304366, 3.152699)
(-5.012271, 0.281919, 3.301606), (-5.012149, 0.286666, 3.45587), (-4.857533, 0.307991, 3.306078)
# -4.307399516686664, 0, 2.9711710499800033
(-4.553578, 0.382257, 2.709812), (-4.400445, 0.42508, 2.718686), (-4.402448, 0.447603, 2.568656)
(-4.553578, 0.382257, 2.709812), (-4.552087, 0.37262, 2.861176), (-4.400445, 0.42508, 2.718686)
(-4.400445, 0.42508, 2.718686), (-4.246829, 0.466917, 2.727474), (-4.248907, 0.492867, 2.578151)
(-4.400445, 0.42508, 2.718686), (-4.398647, 0.411618, 2.869192), (-4.246829, 0.466917, 2.727474)
(-4.246829, 0.466917, 2.727474), (-4.092556, 0.506054, 2.735809), (-4.094628, 0.535467, 2.587163)
(-4.246829, 0.466917, 2.727474), (-4.244792, 0.44917, 2.8771), (-4.092556, 0.506054, 2.735809)
(-4.092556, 0.506054, 2.735809), (-3.937496, 0.541523, 2.743418), (-3.939441, 0.574511, 2.59538)
(-4.092556, 0.506054, 2.735809), (-4.090364, 0.483803, 2.884579), (-3.937496, 0.541523, 2.743418)
(-4.552087, 0.37262, 2.861176), (-4.550856, 0.369801, 3.012922), (-4.398647, 0.411618, 2.869192)
(-4.552087, 0.37262, 2.861176), (-4.398647, 0.411618, 2.869192), (-4.400445, 0.42508, 2.718686)
(-4.398647, 0.411618, 2.869192), (-4.397062, 0.404694, 3.020074), (-4.244792, 0.44917, 2.8771)
(-4.398647, 0.411618, 2.869192), (-4.244792, 0.44917, 2.8771), (-4.246829, 0.466917, 2.727474)
(-4.244792, 0.44917, 2.8771), (-4.242905, 0.437412, 3.027074), (-4.090364, 0.483803, 2.884579)
(-4.244792, 0.44917, 2.8771), (-4.090364, 0.483803, 2.884579), (-4.092556, 0.506054, 2.735809)
(-4.090364, 0.483803, 2.884579), (-4.088223, 0.467311, 3.03366), (-3.935151, 0.515089, 2.891317)
(-4.090364, 0.483803, 2.884579), (-3.935151, 0.515089, 2.891317), (-3.937496, 0.541523, 2.743418)
(-4.550856, 0.369801, 3.012922), (-4.397062, 0.404694, 3.020074), (-4.398647, 0.411618, 2.869192)
(-4.550856, 0.369801, 3.012922), (-4.549693, 0.368937, 3.164783), (-4.397062, 0.404694, 3.020074)
(-4.397062, 0.404694, 3.020074), (-4.242905, 0.437412, 3.027074), (-4.244792, 0.44917, 2.8771)
(-4.397062, 0.404694, 3.020074), (-4.395514, 0.399634, 3.171077), (-4.242905, 0.437412, 3.027074)
(-4.242905, 0.437412, 3.027074), (-4.088223, 0.467311, 3.03366), (-4.090364, 0.483803, 2.884579)
(-4.242905, 0.437412, 3.027074), (-4.240992, 0.42763, 3.177174), (-4.088223, 0.467311, 3.03366)
(-4.088223, 0.467311, 3.03366), (-3.932833, 0.49396, 3.039562), (-3.935151, 0.515089, 2.891317)
(-4.088223, 0.467311, 3.03366), (-4.085989, 0.453064, 3.18289), (-3.932833, 0.49396, 3.039562)
(-4.549693, 0.368937, 3.164783), (-4.548439, 0.363811, 3.316493), (-4.395514, 0.399634, 3.171077)
(-4.549693, 0.368937, 3.164783), (-4.395514, 0.399634, 3.171077), (-4.397062, 0.404694, 3.020074)
(-4.395514, 0.399634, 3.171077), (-4.240992, 0.42763, 3.177174), (-4.242905, 0.437412, 3.027074)
(-4.395514, 0.399634, 3.171077), (-4.393854, 0.390548, 3.321959), (-4.240992, 0.42763, 3.177174)
(-4.240992, 0.42763, 3.177174), (-4.238966, 0.414864, 3.327238), (-4.085989, 0.453064, 3.18289)
(-4.240992, 0.42763, 3.177174), (-4.085989, 0.453064, 3.18289), (-4.088223, 0.467311, 3.03366)
(-4.085989, 0.453064, 3.18289), (-3.930347, 0.475453, 3.187992), (-3.932833, 0.49396, 3.039562)
(-4.085989, 0.453064, 3.18289), (-4.083602, 0.436526, 3.33215), (-3.930347, 0.475453, 3.187992)
# -3.6396292833533312, 0, 2.9711710499800033
(-3.937496, 0.541523, 2.743418), (-3.78137, 0.572893, 2.749866), (-3.783101, 0.609057, 2.60237)
(-3.937496, 0.541523, 2.743418), (-3.935151, 0.515089, 2.891317), (-3.78137, 0.572893, 2.749866)
(-3.78137, 0.572893, 2.749866), (-3.624101, 0.599304, 2.754871), (-3.625412, 0.638212, 2.607699)
(-3.78137, 0.572893, 2.749866), (-3.779063, 0.54237, 2.897058), (-3.624101, 0.599304, 2.754871)
(-3.624101, 0.599304, 2.754871), (-3.465787, 0.620645, 2.758363), (-3.466686, 0.661982, 2.611534)
(-3.624101, 0.599304, 2.754871), (-3.622008, 0.565361, 2.901556), (-3.465787, 0.620645, 2.758363)
(-3.465787, 0.620645, 2.758363), (-3.306571, 0.637119, 2.760308), (-3.306912, 0.680419, 2.613625)
(-3.465787, 0.620645, 2.758363), (-3.463983, 0.583957, 2.904655), (-3.306571, 0.637119, 2.760308)
(-3.306571, 0.637119, 2.760308), (-3.146405, 0.649429, 2.76041), (-3.146225, 0.694139, 2.613885)
(-3.306571, 0.637119, 2.760308), (-3.305005, 0.598455, 2.906189), (-3.146405, 0.649429, 2.76041)
(-3.935151, 0.515089, 2.891317), (-3.932833, 0.49396, 3.039562), (-3.779063, 0.54237, 2.897058)
(-3.935151, 0.515089, 2.891317), (-3.779063, 0.54237, 2.897058), (-3.78137, 0.572893, 2.749866)
(-3.779063, 0.54237, 2.897058), (-3.77663, 0.516982, 3.044547), (-3.622008, 0.565361, 2.901556)
(-3.779063, 0.54237, 2.897058), (-3.622008, 0.565361, 2.901556), (-3.624101, 0.599304, 2.754871)
(-3.622008, 0.565361, 2.901556), (-3.619607, 0.536336, 3.048464), (-3.463983, 0.583957, 2.904655)
(-3.622008, 0.565361, 2.901556), (-3.463983, 0.583957, 2.904655), (-3.465787, 0.620645, 2.758363)
(-3.463983, 0.583957, 2.904655), (-3.461647, 0.552068, 3.051073), (-3.305005, 0.598455, 2.906189)
(-3.463983, 0.583957, 2.904655), (-3.305005, 0.598455, 2.906189), (-3.306571, 0.637119, 2.760308)
(-3.932833, 0.49396, 3.039562), (-3.77663, 0.516982, 3.044547), (-3.779063, 0.54237, 2.897058)
(-3.932833, 0.49396, 3.039562), (-3.930347, 0.475453, 3.187992), (-3.77663, 0.516982, 3.044547)
(-3.77663, 0.516982, 3.044547), (-3.619607, 0.536336, 3.048464), (-3.622008, 0.565361, 2.901556)
(-3.77663, 0.516982, 3.044547), (-3.77395, 0.494572, 3.192268), (-3.619607, 0.536336, 3.048464)
(-3.619607, 0.536336, 3.048464), (-3.461647, 0.552068, 3.051073), (-3.463983, 0.583957, 2.904655)
(-3.619607, 0.536336, 3.048464), (-3.616706, 0.510534, 3.195527), (-3.461647, 0.552068, 3.051073)
(-3.461647, 0.552068, 3.051073), (-3.302874, 0.564439, 3.0523), (-3.305005, 0.598455, 2.906189)
(-3.461647, 0.552068, 3.051073), (-3.45871, 0.523946, 3.1977), (-3.302874, 0.564439, 3.0523)
(-3.930347, 0.475453, 3.187992), (-3.927644, 0.45555, 3.336525), (-3.77395, 0.494572, 3.192268)
(-3.930347, 0.475453, 3.187992), (-3.77395, 0.494572, 3.192268), (-3.77663, 0.516982, 3.044547)
(-3.77395, 0.494572, 3.192268), (-3.616706, 0.510534, 3.195527), (-3.619607, 0.536336, 3.048464)
(-3.77395, 0.494572, 3.192268), (-3.770939, 0.47167, 3.340153), (-3.616706, 0.510534, 3.195527)
(-3.616706, 0.510534, 3.195527), (-3.613463, 0.485553, 3.34291), (-3.45871, 0.523946, 3.1977)
(-3.616706, 0.510534, 3.195527), (-3.45871, 0.523946, 3.1977), (-3.461647, 0.552068, 3.051073)
(-3.45871, 0.523946, 3.1977), (-3.300015, 0.534763, 3.198664), (-3.302874, 0.564439, 3.0523)
(-3.45871, 0.523946, 3.1977), (-3.45528, 0.49771, 3.344721), (-3.300015, 0.534763, 3.198664)
# -2.9718590500199973, 0, 2.9711710499800033
(-2.663774, 0.670625, 2.751806), (-2.503193, 0.674985, 2.746613), (-2.500712, 0.717492, 2.599558)
(-2.663774, 0.670625, 2.751806), (-2.664366, 0.63015, 2.897909), (-2.503193, 0.674985, 2.746613)
(-2.824624, 0.665373, 2.755857), (-2.663774, 0.670625, 2.751806), (-2.66183, 0.715164, 2.605024)
(-2.824624, 0.665373, 2.755857), (-2.82469, 0.62416, 2.90183), (-2.663774, 0.670625, 2.751806)
(-2.9856, 0.658565, 2.758799), (-2.824624, 0.665373, 2.755857), (-2.823282, 0.710743, 2.609271)
(-2.9856, 0.658565, 2.758799), (-2.985063, 0.617691, 2.904623), (-2.824624, 0.665373, 2.755857)
(-3.146405, 0.649429, 2.76041), (-2.9856, 0.658565, 2.758799), (-2.984824, 0.703957, 2.612249)
(-3.146405, 0.649429, 2.76041), (-3.145341, 0.609315, 2.906211), (-2.9856, 0.658565, 2.758799)
(-2.664366, 0.63015, 2.897909), (-2.663916, 0.593463, 3.044178), (-2.504427, 0.635761, 2.893137)
(-2.664366, 0.63015, 2.897909), (-2.504427, 0.635761, 2.893137), (-2.503193, 0.674985, 2.746613)
(-2.82469, 0.62416, 2.90183), (-2.823698, 0.587343, 3.047872), (-2.664366, 0.63015, 2.897909)
(-2.82469, 0.62416, 2.90183), (-2.664366, 0.63015, 2.897909), (-2.663774, 0.670625, 2.751806)
(-2.985063, 0.617691, 2.904623), (-2.983624, 0.581251, 3.050582), (-2.82469, 0.62416, 2.90183)
(-2.985063, 0.617691, 2.904623), (-2.82469, 0.62416, 2.90183), (-2.824624, 0.665373, 2.755857)
(-3.305005, 0.598455, 2.906189), (-3.302874, 0.564439, 3.0523), (-3.145341, 0.609315, 2.906211)
(-3.305005, 0.598455, 2.906189), (-3.145341, 0.609315, 2.906211), (-3.146405, 0.649429, 2.76041)
(-3.145341, 0.609315, 2.906211), (-3.143477, 0.573865, 3.052137), (-2.985063, 0.617691, 2.904623)
(-3.145341, 0.609315, 2.906211), (-2.985063, 0.617691, 2.904623), (-2.9856, 0.658565, 2.758799)
(-2.663916, 0.593463, 3.044178), (-2.504553, 0.60027, 3.039789), (-2.504427, 0.635761, 2.893137)
(-2.663916, 0.593463, 3.044178), (-2.662399, 0.561785, 3.190908), (-2.504553, 0.60027, 3.039789)
(-2.823698, 0.587343, 3.047872), (-2.663916, 0.593463, 3.044178), (-2.664366, 0.63015, 2.897909)
(-2.823698, 0.587343, 3.047872), (-2.821674, 0.555861, 3.194324), (-2.663916, 0.593463, 3.044178)
(-2.983624, 0.581251, 3.050582), (-2.823698, 0.587343, 3.047872), (-2.82469, 0.62416, 2.90183)
(-2.983624, 0.581251, 3.050582), (-2.9812, 0.550123, 3.196869), (-2.823698, 0.587343, 3.047872)
(-3.143477, 0.573865, 3.052137), (-2.983624, 0.581251, 3.050582), (-2.985063, 0.617691, 2.904623)
(-3.143477, 0.573865, 3.052137), (-3.140783, 0.543223, 3.198383), (-2.983624, 0.581251, 3.050582)
(-3.302874, 0.564439, 3.0523), (-3.143477, 0.573865, 3.052137), (-3.145341, 0.609315, 2.906211)
(-3.302874, 0.564439, 3.0523), (-3.300015, 0.534763, 3.198664), (-3.143477, 0.573865, 3.052137)
(-2.662399, 0.561785, 3.190908), (-2.659964, 0.535982, 3.338527), (-2.503614, 0.56919, 3.186937)
(-2.662399, 0.561785, 3.190908), (-2.503614, 0.56919, 3.186937), (-2.504553, 0.60027, 3.039789)
(-2.821674, 0.555861, 3.194324), (-2.662399, 0.561785, 3.190908), (-2.663916, 0.593463, 3.044178)
(-2.821674, 0.555861, 3.194324), (-2.818779, 0.530047, 3.34157), (-2.662399, 0.561785, 3.190908)
(-2.9812, 0.550123, 3.196869), (-2.977986, 0.523966, 3.343848), (-2.821674, 0.555861, 3.194324)
(-2.9812, 0.550123, 3.196869), (-2.821674, 0.555861, 3.194324), (-2.823698, 0.587343, 3.047872)
(-3.140783, 0.543223, 3.198383), (-2.9812, 0.550123, 3.196869), (-2.983624, 0.581251, 3.050582)
(-3.140783, 0.543223, 3.198383), (-3.137347, 0.51681, 3.345208), (-2.9812, 0.550123, 3.196869)
(-3.300015, 0.534763, 3.198664), (-3.296537, 0.50814, 3.345511), (-3.140783, 0.543223, 3.198383)
(-3.300015, 0.534763, 3.198664), (-3.140783, 0.543223, 3.198383), (-3.143477, 0.573865, 3.052137)
# -2.304088816686664, 0, 2.9711710499800033
(-2.025611, 0.676021, 2.727617), (-1.868049, 0.668788, 2.720993), (-1.86409, 0.694403, 2.571539)
(-2.025611, 0.676021, 2.727617), (-2.028421, 0.646693, 2.876153), (-1.868049, 0.668788, 2.720993)
(-2.183983, 0.678615, 2.734221), (-2.025611, 0.676021, 2.727617), (-2.021877, 0.706582, 2.578884)
(-2.183983, 0.678615, 2.734221), (-2.186365, 0.645152, 2.881983), (-2.025611, 0.676021, 2.727617)
(-2.343201, 0.677917, 2.740627), (-2.183983, 0.678615, 2.734221), (-2.18058, 0.713944, 2.586144)
(-2.343201, 0.677917, 2.740627), (-2.345048, 0.641012, 2.887727), (-2.183983, 0.678615, 2.734221)
(-2.503193, 0.674985, 2.746613), (-2.343201, 0.677917, 2.740627), (-2.340212, 0.717263, 2.593076)
(-2.503193, 0.674985, 2.746613), (-2.504427, 0.635761, 2.893137), (-2.343201, 0.677917, 2.740627)
(-2.028421, 0.646693, 2.876153), (-2.030313, 0.62027, 3.024877), (-1.871214, 0.644297, 2.8704)
(-2.028421, 0.646693, 2.876153), (-1.871214, 0.644297, 2.8704), (-1.868049, 0.668788, 2.720993)
(-2.186365, 0.645152, 2.881983), (-2.187706, 0.614879, 3.029903), (-2.028421, 0.646693, 2.876153)
(-2.186365, 0.645152, 2.881983), (-2.028421, 0.646693, 2.876153), (-2.025611, 0.676021, 2.727617)
(-2.345048, 0.641012, 2.887727), (-2.345801, 0.607578, 3.034944), (-2.186365, 0.645152, 2.881983)
(-2.345048, 0.641012, 2.887727), (-2.186365, 0.645152, 2.881983), (-2.183983, 0.678615, 2.734221)
(-2.504427, 0.635761, 2.893137), (-2.504553, 0.60027, 3.039789), (-2.345048, 0.641012, 2.887727)
(-2.504427, 0.635761, 2.893137), (-2.345048, 0.641012, 2.887727), (-2.343201, 0.677917, 2.740627)
(-2.030313, 0.62027, 3.024877), (-1.873563, 0.622323, 3.020046), (-1.871214, 0.644297, 2.8704)
(-2.030313, 0.62027, 3.024877), (-2.031276, 0.596752, 3.174237), (-1.873563, 0.622323, 3.020046)
(-2.187706, 0.614879, 3.029903), (-2.030313, 0.62027, 3.024877), (-2.028421, 0.646693, 2.876153)
(-2.187706, 0.614879, 3.029903), (-2.188039, 0.588131, 3.178442), (-2.030313, 0.62027, 3.024877)
(-2.345801, 0.607578, 3.034944), (-2.187706, 0.614879, 3.029903), (-2.186365, 0.645152, 2.881983)
(-2.345801, 0.607578, 3.034944), (-2.345476, 0.578549, 3.18275), (-2.187706, 0.614879, 3.029903)
(-2.504553, 0.60027, 3.039789), (-2.345801, 0.607578, 3.034944), (-2.345048, 0.641012, 2.887727)
(-2.504553, 0.60027, 3.039789), (-2.503614, 0.56919, 3.186937), (-2.345801, 0.607578, 3.034944)
(-2.031276, 0.596752, 3.174237), (-2.031413, 0.576525, 3.324663), (-1.875087, 0.602841, 3.170336)
(-2.031276, 0.596752, 3.174237), (-1.875087, 0.602841, 3.170336), (-1.873563, 0.622323, 3.020046)
(-2.188039, 0.588131, 3.178442), (-2.031276, 0.596752, 3.174237), (-2.030313, 0.62027, 3.024877)
(-2.188039, 0.588131, 3.178442), (-2.187505, 0.565618, 3.328043), (-2.031276, 0.596752, 3.174237)
(-2.345476, 0.578549, 3.18275), (-2.344263, 0.554343, 3.331562), (-2.188039, 0.588131, 3.178442)
(-2.345476, 0.578549, 3.18275), (-2.188039, 0.588131, 3.178442), (-2.187706, 0.614879, 3.029903)
(-2.503614, 0.56919, 3.186937), (-2.345476, 0.578549, 3.18275), (-2.345801, 0.607578, 3.034944)
(-2.503614, 0.56919, 3.186937), (-2.501747, 0.544005, 3.335092), (-2.345476, 0.578549, 3.18275)
# -1.6363185833533305, 0, 2.9711710499800033
(-1.399024, 0.620483, 2.703358), (-1.24329, 0.598545, 2.69882), (-1.239543, 0.604239, 2.546018)
(-1.399024, 0.620483, 2.703358), (-1.402521, 0.611493, 2.855673), (-1.24329, 0.598545, 2.69882)
(-1.554925, 0.640219, 2.708707), (-1.399024, 0.620483, 2.703358), (-1.395059, 0.630958, 2.551423)
(-1.554925, 0.640219, 2.708707), (-1.55844, 0.626127, 2.859999), (-1.399024, 0.620483, 2.703358)
(-1.711205, 0.656599, 2.714634), (-1.554925, 0.640219, 2.708707), (-1.550856, 0.65567, 2.557609)
(-1.711205, 0.656599, 2.714634), (-1.714594, 0.637248, 2.864997), (-1.554925, 0.640219, 2.708707)
(-1.868049, 0.668788, 2.720993), (-1.711205, 0.656599, 2.714634), (-1.707139, 0.67708, 2.564372)
(-1.868049, 0.668788, 2.720993), (-1.871214, 0.644297, 2.8704), (-1.711205, 0.656599, 2.714634)
(-1.402521, 0.611493, 2.855673), (-1.40561, 0.604122, 3.00826), (-1.246685, 0.594602, 2.852045)
(-1.402521, 0.611493, 2.855673), (-1.246685, 0.594602, 2.852045), (-1.24329, 0.598545, 2.69882)
(-1.55844, 0.626127, 2.859999), (-1.561392, 0.613884, 3.01162), (-1.402521, 0.611493, 2.855673)
(-1.55844, 0.626127, 2.859999), (-1.402521, 0.611493, 2.855673), (-1.399024, 0.620483, 2.703358)
(-1.714594, 0.637248, 2.864997), (-1.717305, 0.620135, 3.015611), (-1.55844, 0.626127, 2.859999)
(-1.714594, 0.637248, 2.864997), (-1.55844, 0.626127, 2.859999), (-1.554925, 0.640219, 2.708707)
(-1.871214, 0.644297, 2.8704), (-1.873563, 0.622323, 3.020046), (-1.714594, 0.637248, 2.864997)
(-1.871214, 0.644297, 2.8704), (-1.714594, 0.637248, 2.864997), (-1.711205, 0.656599, 2.714634)
(-1.40561, 0.604122, 3.00826), (-1.249779, 0.591896, 3.00561), (-1.246685, 0.594602, 2.852045)
(-1.40561, 0.604122, 3.00826), (-1.408217, 0.598059, 3.161492), (-1.249779, 0.591896, 3.00561)
(-1.561392, 0.613884, 3.01162), (-1.40561, 0.604122, 3.00826), (-1.402521, 0.611493, 2.855673)
(-1.561392, 0.613884, 3.01162), (-1.563731, 0.603326, 3.163924), (-1.40561, 0.604122, 3.00826)
(-1.717305, 0.620135, 3.015611), (-1.561392, 0.613884, 3.01162), (-1.55844, 0.626127, 2.859999)
(-1.717305, 0.620135, 3.015611), (-1.71928, 0.605039, 3.166939), (-1.561392, 0.613884, 3.01162)
(-1.873563, 0.622323, 3.020046), (-1.717305, 0.620135, 3.015611), (-1.714594, 0.637248, 2.864997)
(-1.873563, 0.622323, 3.020046), (-1.875087, 0.602841, 3.170336), (-1.717305, 0.620135, 3.015611)
(-1.408217, 0.598059, 3.161492), (-1.410303, 0.59219, 3.31564), (-1.252535, 0.590081, 3.159751)
(-1.408217, 0.598059, 3.161492), (-1.252535, 0.590081, 3.159751), (-1.249779, 0.591896, 3.00561)
(-1.563731, 0.603326, 3.163924), (-1.408217, 0.598059, 3.161492), (-1.40561, 0.604122, 3.00826)
(-1.563731, 0.603326, 3.163924), (-1.565459, 0.593583, 3.317197), (-1.408217, 0.598059, 3.161492)
(-1.71928, 0.605039, 3.166939), (-1.720576, 0.591552, 3.319232), (-1.563731, 0.603326, 3.163924)
(-1.71928, 0.605039, 3.166939), (-1.563731, 0.603326, 3.163924), (-1.561392, 0.613884, 3.01162)
(-1.875087, 0.602841, 3.170336), (-1.71928, 0.605039, 3.166939), (-1.717305, 0.620135, 3.015611)
(-1.875087, 0.602841, 3.170336), (-1.875833, 0.585683, 3.321723), (-1.71928, 0.605039, 3.166939)
# -0.968548350019997, 0, 2.9711710499800033
(-0.775518, 0.533428, 2.690345), (-0.619062, 0.515737, 2.689159), (-0.616938, 0.505257, 2.533207)
(-0.775518, 0.533428, 2.690345), (-0.778066, 0.542426, 2.846086), (-0.619062, 0.515737, 2.689159)
(-0.931652, 0.553951, 2.692354), (-0.775518, 0.533428, 2.690345), (-0.772909, 0.526537, 2.535136)
(-0.931652, 0.553951, 2.692354), (-0.934569, 0.558924, 2.847249), (-0.775518, 0.533428, 2.690345)
(-1.087546, 0.575979, 2.695159), (-0.931652, 0.553951, 2.692354), (-0.928602, 0.550875, 2.537906)
(-1.087546, 0.575979, 2.695159), (-1.090748, 0.576687, 2.849228), (-0.931652, 0.553951, 2.692354)
(-1.24329, 0.598545, 2.69882), (-1.087546, 0.575979, 2.695159), (-1.084104, 0.577178, 2.541542)
(-1.24329, 0.598545, 2.69882), (-1.246685, 0.594602, 2.852045), (-1.087546, 0.575979, 2.695159)
(-0.778066, 0.542426, 2.846086), (-0.780651, 0.551602, 3.002134), (-0.621233, 0.528033, 2.845577)
(-0.778066, 0.542426, 2.846086), (-0.621233, 0.528033, 2.845577), (-0.619062, 0.515737, 2.689159)
(-0.934569, 0.558924, 2.847249), (-0.937394, 0.564592, 3.00255), (-0.778066, 0.542426, 2.846086)
(-0.934569, 0.558924, 2.847249), (-0.778066, 0.542426, 2.846086), (-0.775518, 0.533428, 2.690345)
(-1.090748, 0.576687, 2.849228), (-1.093761, 0.578347, 3.003667), (-0.934569, 0.558924, 2.847249)
(-1.090748, 0.576687, 2.849228), (-0.934569, 0.558924, 2.847249), (-0.931652, 0.553951, 2.692354)
(-1.246685, 0.594602, 2.852045), (-1.249779, 0.591896, 3.00561), (-1.090748, 0.576687, 2.849228)
(-1.246685, 0.594602, 2.852045), (-1.090748, 0.576687, 2.849228), (-1.087546, 0.575979, 2.695159)
(-0.780651, 0.551602, 3.002134), (-0.623527, 0.540197, 3.002312), (-0.621233, 0.528033, 2.845577)
(-0.780651, 0.551602, 3.002134), (-0.783263, 0.560228, 3.158632), (-0.623527, 0.540197, 3.002312)
(-0.937394, 0.564592, 3.00255), (-0.780651, 0.551602, 3.002134), (-0.778066, 0.542426, 2.846086)
(-0.937394, 0.564592, 3.00255), (-0.94011, 0.570214, 3.158394), (-0.780651, 0.551602, 3.002134)
(-1.093761, 0.578347, 3.003667), (-0.937394, 0.564592, 3.00255), (-0.934569, 0.558924, 2.847249)
(-1.093761, 0.578347, 3.003667), (-1.09651, 0.580414, 3.158767), (-0.937394, 0.564592, 3.00255)
(-1.249779, 0.591896, 3.00561), (-1.093761, 0.578347, 3.003667), (-1.090748, 0.576687, 2.849228)
(-1.249779, 0.591896, 3.00561), (-1.252535, 0.590081, 3.159751), (-1.093761, 0.578347, 3.003667)
(-0.94011, 0.570214, 3.158394), (-0.783263, 0.560228, 3.158632), (-0.780651, 0.551602, 3.002134)
(-0.94011, 0.570214, 3.158394), (-0.942664, 0.574487, 3.314865), (-0.783263, 0.560228, 3.158632)
(-0.783263, 0.560228, 3.158632), (-0.785842, 0.566921, 3.31565), (-0.625971, 0.551242, 3.159404)
(-0.783263, 0.560228, 3.158632), (-0.625971, 0.551242, 3.159404), (-0.623527, 0.540197, 3.002312)
(-1.09651, 0.580414, 3.158767), (-1.098998, 0.581734, 3.314545), (-0.94011, 0.570214, 3.158394)
(-1.09651, 0.580414, 3.158767), (-0.94011, 0.570214, 3.158394), (-0.937394, 0.564592, 3.00255)
(-1.252535, 0.590081, 3.159751), (-1.09651, 0.580414, 3.158767), (-1.093761, 0.578347, 3.003667)
(-1.252535, 0.590081, 3.159751), (-1.254854, 0.587871, 3.314778), (-1.09651, 0.580414, 3.158767)
# -0.3007781166866636, 0, 2.9711710499800033
(-0.462281, 0.501659, 2.688672), (-0.305202, 0.491524, 2.688706), (-0.30406, 0.474996, 2.531471)
(-0.462281, 0.501659, 2.688672), (-0.46405, 0.51683, 2.845722), (-0.305202, 0.491524, 2.688706)
(-0.305202, 0.491524, 2.688706), (-0.147845, 0.485896, 2.689177), (-0.147184, 0.46675, 2.531393)
(-0.305202, 0.491524, 2.688706), (-0.306563, 0.50923, 2.846314), (-0.147845, 0.485896, 2.689177)
(-0.619062, 0.515737, 2.689159), (-0.462281, 0.501659, 2.688672), (-0.460648, 0.488057, 2.532053)
(-0.619062, 0.515737, 2.689159), (-0.621233, 0.528033, 2.845577), (-0.462281, 0.501659, 2.688672)
(-0.147845, 0.485896, 2.689177), (0.009753, 0.485849, 2.690072), (0.009951, 0.464033, 2.531761)
(-0.147845, 0.485896, 2.689177), (-0.148803, 0.506269, 2.847345), (0.009753, 0.485849, 2.690072)
(0.009753, 0.485849, 2.690072), (0.167538, 0.491381, 2.691279), (0.167289, 0.467031, 2.532482)
(0.009753, 0.485849, 2.690072), (0.009197, 0.50845, 2.848717), (0.167538, 0.491381, 2.691279)
(-0.621233, 0.528033, 2.845577), (-0.623527, 0.540197, 3.002312), (-0.46405, 0.51683, 2.845722)
(-0.621233, 0.528033, 2.845577), (-0.46405, 0.51683, 2.845722), (-0.462281, 0.501659, 2.688672)
(-0.46405, 0.51683, 2.845722), (-0.466034, 0.531376, 3.003036), (-0.306563, 0.50923, 2.846314)
(-0.46405, 0.51683, 2.845722), (-0.306563, 0.50923, 2.846314), (-0.305202, 0.491524, 2.688706)
(-0.306563, 0.50923, 2.846314), (-0.30822, 0.525999, 3.004171), (-0.148803, 0.506269, 2.847345)
(-0.306563, 0.50923, 2.846314), (-0.148803, 0.506269, 2.847345), (-0.147845, 0.485896, 2.689177)
(-0.148803, 0.506269, 2.847345), (-0.150123, 0.525083, 3.005691), (0.009197, 0.50845, 2.848717)
(-0.148803, 0.506269, 2.847345), (0.009197, 0.50845, 2.848717), (0.009753, 0.485849, 2.690072)
(0.009197, 0.50845, 2.848717), (0.008215, 0.529299, 3.007533), (0.167385, 0.516108, 2.850374)
(0.009197, 0.50845, 2.848717), (0.167385, 0.516108, 2.850374), (0.167538, 0.491381, 2.691279)
(-0.623527, 0.540197, 3.002312), (-0.466034, 0.531376, 3.003036), (-0.46405, 0.51683, 2.845722)
(-0.623527, 0.540197, 3.002312), (-0.625971, 0.551242, 3.159404), (-0.466034, 0.531376, 3.003036)
(-0.466034, 0.531376, 3.003036), (-0.30822, 0.525999, 3.004171), (-0.306563, 0.50923, 2.846314)
(-0.466034, 0.531376, 3.003036), (-0.468274, 0.544311, 3.160657), (-0.30822, 0.525999, 3.004171)
(-0.30822, 0.525999, 3.004171), (-0.150123, 0.525083, 3.005691), (-0.148803, 0.506269, 2.847345)
(-0.30822, 0.525999, 3.004171), (-0.310239, 0.540617, 3.16225), (-0.150123, 0.525083, 3.005691)
(-0.150123, 0.525083, 3.005691), (0.008215, 0.529299, 3.007533), (0.009197, 0.50845, 2.848717)
(-0.150123, 0.525083, 3.005691), (-0.151893, 0.541263, 3.164193), (0.008215, 0.529299, 3.007533)
(0.008215, 0.529299, 3.007533), (0.166758, 0.53891, 3.009628), (0.167385, 0.516108, 2.850374)
(0.008215, 0.529299, 3.007533), (0.006716, 0.547093, 3.166454), (0.166758, 0.53891, 3.009628)
(-0.625971, 0.551242, 3.159404), (-0.468274, 0.544311, 3.160657), (-0.466034, 0.531376, 3.003036)
(-0.625971, 0.551242, 3.159404), (-0.628511, 0.559713, 3.316908), (-0.468274, 0.544311, 3.160657)
(-0.468274, 0.544311, 3.160657), (-0.470752, 0.554179, 3.318545), (-0.310239, 0.540617, 3.16225)
(-0.468274, 0.544311, 3.160657), (-0.310239, 0.540617, 3.16225), (-0.30822, 0.525999, 3.004171)
(-0.310239, 0.540617, 3.16225), (-0.151893, 0.541263, 3.164193), (-0.150123, 0.525083, 3.005691)
(-0.310239, 0.540617, 3.16225), (-0.312611, 0.551667, 3.320512), (-0.151893, 0.541263, 3.164193)
(-0.151893, 0.541263, 3.164193), (-0.154124, 0.553501, 3.322801), (0.006716, 0.547093, 3.166454)
(-0.151893, 0.541263, 3.164193), (0.006716, 0.547093, 3.166454), (0.008215, 0.529299, 3.007533)
(0.006716, 0.547093, 3.166454), (0.165523, 0.558464, 3.168968), (0.166758, 0.53891, 3.009628)
(0.006716, 0.547093, 3.166454), (0.004656, 0.560663, 3.325419), (0.165523, 0.558464, 3.168968)
